{
    "expt_args": {
        "save_dir": "expt_logs_30.04.24-sp1",
        "exp_name": "52",
        "num_nodes": 6,
        "obs_noise_mean": 0.0,
        "obs_noise_var": 1.0,
        "max_edge_strength": 1.0,
        "graph_sparsity_method": "adj_dense_prop",
        "adj_dense_prop": 0.96,
        "num_parents": null,
        "new_noise_mean": 1.0,
        "mix_samples": 16384,
        "stage2_samples": 16384,
        "gmm_tol": 0.001,
        "intv_targets": [
            0,
            1,
            2,
            3,
            4,
            5
        ]
    },
    "intv_args_dict": {
        "0": {
            "intv_type": "do",
            "inode": 0,
            "new_mui": 1.0,
            "true_params": {
                "Si": [
                    [
                        0.0,
                        0.0,
                        0.0,
                        0.0,
                        0.0,
                        0.0
                    ],
                    [
                        0.0,
                        1.0,
                        -0.7969069193905844,
                        -0.519868053203571,
                        -0.8058098061737179,
                        -0.9107449080914671
                    ],
                    [
                        0.0,
                        -0.7969069193905844,
                        1.6350606381725914,
                        -0.16508625944857003,
                        -0.4962461439558883,
                        -1.2286687680032458
                    ],
                    [
                        0.0,
                        -0.519868053203571,
                        -0.16508625944857003,
                        1.605935527767918,
                        2.0297879593008634,
                        3.0907284593710376
                    ],
                    [
                        0.0,
                        -0.8058098061737179,
                        -0.4962461439558883,
                        2.0297879593008634,
                        3.8502866159431073,
                        4.940683063186613
                    ],
                    [
                        0.0,
                        -0.9107449080914671,
                        -1.2286687680032458,
                        3.0907284593710376,
                        4.940683063186613,
                        8.178301883047942
                    ]
                ],
                "mui": [
                    1.0,
                    0.877783940828956,
                    0.22577696098731614,
                    -0.0718201390620519,
                    -0.3335737212241316,
                    -1.829518578060314
                ],
                "Ai": [
                    [
                        0.0,
                        0.0,
                        0.0,
                        0.0,
                        0.0,
                        0.0
                    ],
                    [
                        0.877783940828956,
                        0.0,
                        0.0,
                        0.0,
                        0.0,
                        0.0
                    ],
                    [
                        0.9252890571638466,
                        -0.7969069193905844,
                        0.0,
                        0.0,
                        0.0,
                        0.0
                    ],
                    [
                        0.9205989163222659,
                        -0.9815741732874482,
                        -0.5793727082166082,
                        0.0,
                        0.0,
                        0.0
                    ],
                    [
                        0.5513246878436098,
                        -0.7792242433017167,
                        -0.5872359581947592,
                        0.9513143926132055,
                        0.0,
                        0.0
                    ],
                    [
                        -0.9024902597708797,
                        -0.5671486346042829,
                        -0.7598571186910734,
                        0.9433856055974079,
                        0.5692356029968821,
                        0.0
                    ]
                ]
            },
            "est_params": {
                "mui": [
                    0.9999995089720707,
                    0.8751862779900021,
                    0.25393750458326125,
                    -0.05313190956605799,
                    -0.34360199046132434,
                    -1.823034168486821
                ],
                "Si": [
                    [
                        1.0165338029949435e-06,
                        1.4308563930371088e-06,
                        1.5985670892909679e-06,
                        -2.2047943707641183e-06,
                        -3.4457080374724904e-06,
                        -9.026051969210205e-06
                    ],
                    [
                        1.4308563930371088e-06,
                        0.9226723073306694,
                        -0.738342327101907,
                        -0.526744653471851,
                        -0.7696998571666382,
                        -0.9116675850756955
                    ],
                    [
                        1.5985670892909677e-06,
                        -0.738342327101907,
                        1.5635590494896419,
                        -0.12288585579709659,
                        -0.45740973746402297,
                        -1.1413455742763865
                    ],
                    [
                        -2.2047943707641188e-06,
                        -0.5267446534718508,
                        -0.12288585579709659,
                        1.6103792610051528,
                        2.016487376815714,
                        3.0429305024060382
                    ],
                    [
                        -3.4457080374724904e-06,
                        -0.7696998571666382,
                        -0.4574097374640229,
                        2.016487376815714,
                        3.758886632946946,
                        4.805432296732425
                    ],
                    [
                        -9.026051969210205e-06,
                        -0.9116675850756955,
                        -1.1413455742763865,
                        3.0429305024060382,
                        4.805432296732425,
                        7.956059605741721
                    ]
                ]
            },
            "est_tgt": [
                0,
                1,
                3,
                4
            ]
        },
        "1": {
            "intv_type": "do",
            "inode": 1,
            "new_mui": 1.0,
            "true_params": {
                "Si": [
                    [
                        1.0,
                        0.0,
                        0.9252890571638466,
                        0.3845116893900561,
                        0.3737531859976518,
                        -1.0300813235458806
                    ],
                    [
                        0.0,
                        0.0,
                        0.0,
                        0.0,
                        0.0,
                        0.0
                    ],
                    [
                        0.9252890571638466,
                        0.0,
                        1.85615983930716,
                        -0.22358824967240543,
                        -0.7925718211247588,
                        -2.9075706637269327
                    ],
                    [
                        0.3845116893900561,
                        0.0,
                        -0.22358824967240543,
                        1.4835219743038421,
                        1.7545856530758588,
                        2.22118296711069
                    ],
                    [
                        0.3737531859976518,
                        0.0,
                        -0.7925718211247588,
                        1.7545856530758588,
                        3.340648616260778,
                        3.8217997088117777
                    ],
                    [
                        -1.0300813235458806,
                        0.0,
                        -2.9075706637269327,
                        2.22118296711069,
                        3.8217997088117777,
                        8.40991312855144
                    ]
                ],
                "mui": [
                    0.0,
                    1.0,
                    -0.7969069193905844,
                    -0.519868053203571,
                    -0.8058098061737179,
                    -0.9107449080914671
                ],
                "Ai": [
                    [
                        0.0,
                        0.0,
                        0.0,
                        0.0,
                        0.0,
                        0.0
                    ],
                    [
                        0.0,
                        0.0,
                        0.0,
                        0.0,
                        0.0,
                        0.0
                    ],
                    [
                        0.9252890571638466,
                        -0.7969069193905844,
                        0.0,
                        0.0,
                        0.0,
                        0.0
                    ],
                    [
                        0.9205989163222659,
                        -0.9815741732874482,
                        -0.5793727082166082,
                        0.0,
                        0.0,
                        0.0
                    ],
                    [
                        0.5513246878436098,
                        -0.7792242433017167,
                        -0.5872359581947592,
                        0.9513143926132055,
                        0.0,
                        0.0
                    ],
                    [
                        -0.9024902597708797,
                        -0.5671486346042829,
                        -0.7598571186910734,
                        0.9433856055974079,
                        0.5692356029968821,
                        0.0
                    ]
                ]
            },
            "est_params": {
                "mui": [
                    0.01565888625722181,
                    0.9999953167257072,
                    -0.7508366905023185,
                    -0.5449920857249809,
                    -0.8563553690369733,
                    -1.0184483653260255
                ],
                "Si": [
                    [
                        0.9958638309297005,
                        -1.958397826979598e-06,
                        0.928306946381072,
                        0.3265092643232959,
                        0.3129431086520581,
                        -1.144370215743496
                    ],
                    [
                        -1.9583978269795984e-06,
                        1.0100447291009217e-06,
                        7.643167838020648e-07,
                        -2.1923392565534884e-06,
                        -3.374690196722895e-06,
                        -4.247173567384156e-06
                    ],
                    [
                        0.928306946381072,
                        7.643167838020641e-07,
                        1.8737327904757932,
                        -0.2853841514673251,
                        -0.8642987461819276,
                        -3.101499196260963
                    ],
                    [
                        0.3265092643232959,
                        -2.1923392565534884e-06,
                        -0.2853841514673251,
                        1.4991415400994168,
                        1.7537865766349543,
                        2.332464502978195
                    ],
                    [
                        0.3129431086520581,
                        -3.374690196722894e-06,
                        -0.8642987461819276,
                        1.7537865766349543,
                        3.3161941803903336,
                        3.9500183389908434
                    ],
                    [
                        -1.144370215743496,
                        -4.247173567384156e-06,
                        -3.101499196260963,
                        2.3324645029781954,
                        3.9500183389908434,
                        8.906565316796707
                    ]
                ]
            },
            "est_tgt": [
                0,
                1,
                3,
                4
            ]
        },
        "2": {
            "intv_type": "do",
            "inode": 2,
            "new_mui": 1.0,
            "true_params": {
                "Si": [
                    [
                        1.0,
                        0.877783940828956,
                        0.0,
                        0.05898887027808497,
                        -0.0765488779316968,
                        -1.3882493188669747
                    ],
                    [
                        0.877783940828956,
                        1.770504646777212,
                        0.0,
                        -0.9297946902697027,
                        -1.7802032575043945,
                        -3.6868407514655304
                    ],
                    [
                        0.0,
                        0.0,
                        0.0,
                        0.0,
                        0.0,
                        0.0
                    ],
                    [
                        0.05898887027808497,
                        -0.9297946902697027,
                        0.0,
                        1.9669675444816221,
                        2.628245119312098,
                        3.8257944716443903
                    ],
                    [
                        -0.0765488779316968,
                        -1.7802032575043945,
                        0.0,
                        2.628245119312098,
                        4.845261659338652,
                        6.3162685194134465
                    ],
                    [
                        -1.3882493188669747,
                        -3.6868407514655304,
                        0.0,
                        3.8257944716443903,
                        6.3162685194134465,
                        11.548512540470101
                    ]
                ],
                "mui": [
                    0.0,
                    0.0,
                    1.0,
                    -0.5793727082166082,
                    -1.1384015542085097,
                    -1.9544476870610776
                ],
                "Ai": [
                    [
                        0.0,
                        0.0,
                        0.0,
                        0.0,
                        0.0,
                        0.0
                    ],
                    [
                        0.877783940828956,
                        0.0,
                        0.0,
                        0.0,
                        0.0,
                        0.0
                    ],
                    [
                        0.0,
                        0.0,
                        0.0,
                        0.0,
                        0.0,
                        0.0
                    ],
                    [
                        0.9205989163222659,
                        -0.9815741732874482,
                        -0.5793727082166082,
                        0.0,
                        0.0,
                        0.0
                    ],
                    [
                        0.5513246878436098,
                        -0.7792242433017167,
                        -0.5872359581947592,
                        0.9513143926132055,
                        0.0,
                        0.0
                    ],
                    [
                        -0.9024902597708797,
                        -0.5671486346042829,
                        -0.7598571186910734,
                        0.9433856055974079,
                        0.5692356029968821,
                        0.0
                    ]
                ]
            },
            "est_params": {
                "mui": [
                    -0.019150049212853147,
                    0.0041641560449440914,
                    0.9999979406623374,
                    -0.6219638153361627,
                    -1.2144705376666307,
                    -2.0057347568509583
                ],
                "Si": [
                    [
                        1.027420818083826,
                        0.937154682477516,
                        -3.355102542099265e-06,
                        0.0003267672000842827,
                        -0.1597549683607534,
                        -1.552947875964673
                    ],
                    [
                        0.937154682477516,
                        1.838728566178999,
                        -1.8082346330599524e-06,
                        -0.9757643259643081,
                        -1.8271152431185593,
                        -3.8642178160630927
                    ],
                    [
                        -3.3551025420992655e-06,
                        -1.8082346330599526e-06,
                        1.0084094948883697e-06,
                        -5.453131076898894e-07,
                        -1.0678398863914823e-06,
                        3.926495511059082e-06
                    ],
                    [
                        0.0003267672000842857,
                        -0.9757643259643083,
                        -5.453131076898895e-07,
                        1.974666805837876,
                        2.630375558213361,
                        3.9230973109929406
                    ],
                    [
                        -0.15975496836075334,
                        -1.8271152431185593,
                        -1.0678398863914823e-06,
                        2.630375558213361,
                        4.779958024518086,
                        6.41331493998865
                    ],
                    [
                        -1.5529478759646729,
                        -3.8642178160630927,
                        3.926495511059083e-06,
                        3.9230973109929415,
                        6.41331493998865,
                        12.015358923018589
                    ]
                ]
            },
            "est_tgt": [
                0,
                2,
                4
            ]
        },
        "3": {
            "intv_type": "do",
            "inode": 3,
            "new_mui": 1.0,
            "true_params": {
                "Si": [
                    [
                        1.0,
                        0.877783940828956,
                        0.22577696098731614,
                        0.0,
                        -0.2652501892549197,
                        -1.722872305757799
                    ],
                    [
                        0.877783940828956,
                        1.770504646777212,
                        -0.5987235288267526,
                        0.0,
                        -0.544084201331163,
                        -1.6510985126806386
                    ],
                    [
                        0.22577696098731614,
                        -0.5987235288267526,
                        1.6860358742852597,
                        0.0,
                        -0.39908459095107207,
                        -1.3725157955131517
                    ],
                    [
                        0.0,
                        0.0,
                        0.0,
                        0.0,
                        0.0,
                        0.0
                    ],
                    [
                        -0.2652501892549197,
                        -0.544084201331163,
                        -0.39908459095107207,
                        0.0,
                        1.5120814444511836,
                        1.7119401843063318
                    ],
                    [
                        -1.722872305757799,
                        -1.6510985126806386,
                        -1.3725157955131517,
                        0.0,
                        1.7119401843063318,
                        5.508706942684215
                    ]
                ],
                "mui": [
                    0.0,
                    0.0,
                    0.0,
                    1.0,
                    0.9513143926132055,
                    1.4849076275161988
                ],
                "Ai": [
                    [
                        0.0,
                        0.0,
                        0.0,
                        0.0,
                        0.0,
                        0.0
                    ],
                    [
                        0.877783940828956,
                        0.0,
                        0.0,
                        0.0,
                        0.0,
                        0.0
                    ],
                    [
                        0.9252890571638466,
                        -0.7969069193905844,
                        0.0,
                        0.0,
                        0.0,
                        0.0
                    ],
                    [
                        0.0,
                        0.0,
                        0.0,
                        0.0,
                        0.0,
                        0.0
                    ],
                    [
                        0.5513246878436098,
                        -0.7792242433017167,
                        -0.5872359581947592,
                        0.9513143926132055,
                        0.0,
                        0.0
                    ],
                    [
                        -0.9024902597708797,
                        -0.5671486346042829,
                        -0.7598571186910734,
                        0.9433856055974079,
                        0.5692356029968821,
                        0.0
                    ]
                ]
            },
            "est_params": {
                "mui": [
                    -0.035319626334779995,
                    -0.014932857410639008,
                    0.031704999800826576,
                    1.0000002894635305,
                    0.9333208405146762,
                    1.526186940873511
                ],
                "Si": [
                    [
                        1.0020785602528124,
                        0.8882941782986195,
                        0.1864823050380336,
                        -8.221865620049716e-07,
                        -0.2625758941795207,
                        -1.7156020061807082
                    ],
                    [
                        0.8882941782986192,
                        1.7701629020738094,
                        -0.642540959710241,
                        -5.529882293517074e-07,
                        -0.4809252123874614,
                        -1.614539062708843
                    ],
                    [
                        0.1864823050380336,
                        -0.6425409597102409,
                        1.6574982916623033,
                        -2.4131297501603526e-08,
                        -0.36366993110886636,
                        -1.259665674987105
                    ],
                    [
                        -8.221865620049714e-07,
                        -5.529882293517074e-07,
                        -2.413129750160348e-08,
                        1.0056906931334837e-06,
                        -1.8232876216179104e-06,
                        -2.472841948997906e-07
                    ],
                    [
                        -0.2625758941795206,
                        -0.4809252123874615,
                        -0.3636699311088664,
                        -1.8232876216179104e-06,
                        1.3882696709302353,
                        1.6056210287392279
                    ],
                    [
                        -1.7156020061807082,
                        -1.614539062708843,
                        -1.259665674987105,
                        -2.4728419489979044e-07,
                        1.6056210287392279,
                        5.398675883333041
                    ]
                ]
            },
            "est_tgt": [
                0,
                2,
                3,
                4
            ]
        },
        "4": {
            "intv_type": "do",
            "inode": 4,
            "new_mui": 1.0,
            "true_params": {
                "Si": [
                    [
                        1.0,
                        0.877783940828956,
                        0.22577696098731614,
                        -0.0718201390620519,
                        0.0,
                        -1.6396365397153816
                    ],
                    [
                        0.877783940828956,
                        1.770504646777212,
                        -0.5987235288267526,
                        -0.5829106179003425,
                        0.0,
                        -1.891295900531891
                    ],
                    [
                        0.22577696098731614,
                        -0.5987235288267526,
                        1.6860358742852597,
                        -0.18130159218368652,
                        0.0,
                        -1.3163799500743356
                    ],
                    [
                        -0.0718201390620519,
                        -0.5829106179003425,
                        -0.18130159218368652,
                        1.6110936601428105,
                        0.0,
                        2.0530598106961797
                    ],
                    [
                        0.0,
                        0.0,
                        0.0,
                        0.0,
                        0.0,
                        0.0
                    ],
                    [
                        -1.6396365397153816,
                        -1.891295900531891,
                        -1.3163799500743356,
                        2.0530598106961797,
                        0.0,
                        6.4894896430844
                    ]
                ],
                "mui": [
                    0.0,
                    0.0,
                    0.0,
                    0.0,
                    1.0,
                    0.5692356029968821
                ],
                "Ai": [
                    [
                        0.0,
                        0.0,
                        0.0,
                        0.0,
                        0.0,
                        0.0
                    ],
                    [
                        0.877783940828956,
                        0.0,
                        0.0,
                        0.0,
                        0.0,
                        0.0
                    ],
                    [
                        0.9252890571638466,
                        -0.7969069193905844,
                        0.0,
                        0.0,
                        0.0,
                        0.0
                    ],
                    [
                        0.9205989163222659,
                        -0.9815741732874482,
                        -0.5793727082166082,
                        0.0,
                        0.0,
                        0.0
                    ],
                    [
                        0.0,
                        0.0,
                        0.0,
                        0.0,
                        0.0,
                        0.0
                    ],
                    [
                        -0.9024902597708797,
                        -0.5671486346042829,
                        -0.7598571186910734,
                        0.9433856055974079,
                        0.5692356029968821,
                        0.0
                    ]
                ]
            },
            "est_params": {
                "mui": [
                    0.02180487586074042,
                    0.01949022963717463,
                    -0.0012235106745168256,
                    -0.016594395736245673,
                    0.9999993973937223,
                    0.5234595113890309
                ],
                "Si": [
                    [
                        0.967562142000853,
                        0.8654283071444231,
                        0.17880986917994815,
                        -0.042564281264741086,
                        -1.3666322067936255e-06,
                        -1.5295482281127997
                    ],
                    [
                        0.8654283071444232,
                        1.785316261103543,
                        -0.6605493896123356,
                        -0.5840700682396072,
                        -2.3749149583491565e-06,
                        -1.854473361936301
                    ],
                    [
                        0.17880986917994815,
                        -0.6605493896123356,
                        1.6957861564697243,
                        -0.14947953224691019,
                        1.8230639082184006e-06,
                        -1.2078625485625332
                    ],
                    [
                        -0.0425642812647411,
                        -0.5840700682396072,
                        -0.1494795322469102,
                        1.7037369514585547,
                        -9.373334242459599e-07,
                        2.126756690153586
                    ],
                    [
                        -1.3666322067936257e-06,
                        -2.374914958349156e-06,
                        1.8230639082184006e-06,
                        -9.373334242459601e-07,
                        1.006193287824733e-06,
                        5.264165131528286e-07
                    ],
                    [
                        -1.5295482281127997,
                        -1.8544733619363005,
                        -1.2078625485625332,
                        2.126756690153586,
                        5.264165131528286e-07,
                        6.39574166666057
                    ]
                ]
            },
            "est_tgt": [
                2,
                3,
                4
            ]
        },
        "5": {
            "intv_type": "do",
            "inode": 5,
            "new_mui": 1.0,
            "true_params": {
                "Si": [
                    [
                        1.0,
                        0.877783940828956,
                        0.22577696098731614,
                        -0.0718201390620519,
                        -0.3335737212241316,
                        0.0
                    ],
                    [
                        0.877783940828956,
                        1.770504646777212,
                        -0.5987235288267526,
                        -0.5829106179003425,
                        -1.0986154617468156,
                        0.0
                    ],
                    [
                        0.22577696098731614,
                        -0.5987235288267526,
                        1.6860358742852597,
                        -0.18130159218368652,
                        -0.5715594049991028,
                        0.0
                    ],
                    [
                        -0.0718201390620519,
                        -0.5829106179003425,
                        -0.18130159218368652,
                        1.6110936601428105,
                        2.0537452703466266,
                        0.0
                    ],
                    [
                        -0.3335737212241316,
                        -1.0986154617468156,
                        -0.5715594049991028,
                        2.0537452703466266,
                        3.9615580434344224,
                        0.0
                    ],
                    [
                        0.0,
                        0.0,
                        0.0,
                        0.0,
                        0.0,
                        0.0
                    ]
                ],
                "mui": [
                    0.0,
                    0.0,
                    0.0,
                    0.0,
                    0.0,
                    1.0
                ],
                "Ai": [
                    [
                        0.0,
                        0.0,
                        0.0,
                        0.0,
                        0.0,
                        0.0
                    ],
                    [
                        0.877783940828956,
                        0.0,
                        0.0,
                        0.0,
                        0.0,
                        0.0
                    ],
                    [
                        0.9252890571638466,
                        -0.7969069193905844,
                        0.0,
                        0.0,
                        0.0,
                        0.0
                    ],
                    [
                        0.9205989163222659,
                        -0.9815741732874482,
                        -0.5793727082166082,
                        0.0,
                        0.0,
                        0.0
                    ],
                    [
                        0.5513246878436098,
                        -0.7792242433017167,
                        -0.5872359581947592,
                        0.9513143926132055,
                        0.0,
                        0.0
                    ],
                    [
                        0.0,
                        0.0,
                        0.0,
                        0.0,
                        0.0,
                        0.0
                    ]
                ]
            },
            "est_params": {
                "mui": [
                    0.00026386871571533455,
                    -0.03512907132993058,
                    0.05476874681090596,
                    0.0632486266093476,
                    0.035471708859979974,
                    1.0000013957914127
                ],
                "Si": [
                    [
                        1.0031095805120038,
                        0.8475069375133644,
                        0.24998629738433514,
                        -0.04953181174089456,
                        -0.27003636873193904,
                        -1.0691226388911689e-06
                    ],
                    [
                        0.8475069375133644,
                        1.7433646051957372,
                        -0.6113781578933482,
                        -0.5766810073177737,
                        -1.0102176497698878,
                        -2.877915743045665e-06
                    ],
                    [
                        0.24998629738433514,
                        -0.6113781578933482,
                        1.7385738488809865,
                        -0.125541481282637,
                        -0.5509191267189668,
                        3.2672032569719112e-06
                    ],
                    [
                        -0.04953181174089458,
                        -0.5766810073177736,
                        -0.12554148128263706,
                        1.582653883578589,
                        1.9891256864137603,
                        8.47296051189201e-07
                    ],
                    [
                        -0.27003636873193904,
                        -1.0102176497698876,
                        -0.5509191267189668,
                        1.9891256864137603,
                        3.821943120076144,
                        -7.878475491334201e-07
                    ],
                    [
                        -1.0691226388911689e-06,
                        -2.8779157430456644e-06,
                        3.267203256971911e-06,
                        8.472960511892009e-07,
                        -7.878475491334203e-07,
                        1.0054147179366936e-06
                    ]
                ]
            },
            "est_tgt": [
                5
            ]
        },
        "obs": {
            "intv_type": "obs",
            "true_params": {
                "Si": [
                    [
                        1.0,
                        0.877783940828956,
                        0.22577696098731614,
                        -0.0718201390620519,
                        -0.3335737212241316,
                        -1.829518578060314
                    ],
                    [
                        0.877783940828956,
                        1.770504646777212,
                        -0.5987235288267526,
                        -0.5829106179003425,
                        -1.0986154617468156,
                        -2.5166669353610374
                    ],
                    [
                        0.22577696098731614,
                        -0.5987235288267526,
                        1.6860358742852597,
                        -0.18130159218368652,
                        -0.5715594049991028,
                        -1.6417319126275391
                    ],
                    [
                        -0.0718201390620519,
                        -0.5829106179003425,
                        -0.18130159218368652,
                        1.6110936601428105,
                        2.0537452703466266,
                        3.222124738063937
                    ],
                    [
                        -0.3335737212241316,
                        -1.0986154617468156,
                        -0.5715594049991028,
                        2.0537452703466266,
                        3.9615580434344224,
                        5.5509623833188755
                    ],
                    [
                        -1.829518578060314,
                        -2.5166669353610374,
                        -1.6417319126275391,
                        3.222124738063937,
                        5.5509623833188755,
                        11.525440110515774
                    ]
                ],
                "mui": [
                    0.0,
                    0.0,
                    0.0,
                    0.0,
                    0.0,
                    0.0
                ],
                "Ai": [
                    [
                        0.0,
                        0.0,
                        0.0,
                        0.0,
                        0.0,
                        0.0
                    ],
                    [
                        0.877783940828956,
                        0.0,
                        0.0,
                        0.0,
                        0.0,
                        0.0
                    ],
                    [
                        0.9252890571638466,
                        -0.7969069193905844,
                        0.0,
                        0.0,
                        0.0,
                        0.0
                    ],
                    [
                        0.9205989163222659,
                        -0.9815741732874482,
                        -0.5793727082166082,
                        0.0,
                        0.0,
                        0.0
                    ],
                    [
                        0.5513246878436098,
                        -0.7792242433017167,
