{
    "expt_args": {
        "save_dir": "expt_logs_30.04.24-sp1",
        "exp_name": "60",
        "num_nodes": 6,
        "obs_noise_mean": 0.0,
        "obs_noise_var": 1.0,
        "max_edge_strength": 1.0,
        "graph_sparsity_method": "adj_dense_prop",
        "adj_dense_prop": 1.0,
        "num_parents": null,
        "new_noise_mean": 1.0,
        "mix_samples": 16384,
        "stage2_samples": 16384,
        "gmm_tol": 0.001,
        "intv_targets": [
            0,
            1,
            2,
            3,
            4,
            5
        ]
    },
    "intv_args_dict": {
        "0": {
            "intv_type": "do",
            "inode": 0,
            "new_mui": 1.0,
            "true_params": {
                "Si": [
                    [
                        0.0,
                        0.0,
                        0.0,
                        0.0,
                        0.0,
                        0.0
                    ],
                    [
                        0.0,
                        1.0,
                        -0.797776024648488,
                        1.1273405317914063,
                        -0.26255475077689283,
                        0.7200721801414469
                    ],
                    [
                        0.0,
                        -0.797776024648488,
                        1.6364465855039447,
                        -1.4685042124900587,
                        1.0781631385308024,
                        -1.35132803199344
                    ],
                    [
                        0.0,
                        1.1273405317914063,
                        -1.4685042124900587,
                        2.5948158356598032,
                        -1.331366659388141,
                        1.4943752930297454
                    ],
                    [
                        0.0,
                        -0.26255475077689283,
                        1.0781631385308024,
                        -1.331366659388141,
                        2.116223661942756,
                        -0.43420360858873386
                    ],
                    [
                        0.0,
                        0.7200721801414469,
                        -1.35132803199344,
                        1.4943752930297454,
                        -0.43420360858873386,
                        2.4932384732805946
                    ]
                ],
                "mui": [
                    1.0,
                    -0.8748314710530465,
                    -0.15383388810059961,
                    -1.333714140174341,
                    0.8744517785258665,
                    1.011939872794759
                ],
                "Ai": [
                    [
                        0.0,
                        0.0,
                        0.0,
                        0.0,
                        0.0,
                        0.0
                    ],
                    [
                        -0.8748314710530465,
                        0.0,
                        0.0,
                        0.0,
                        0.0,
                        0.0
                    ],
                    [
                        -0.8517534613146878,
                        -0.797776024648488,
                        0.0,
                        0.0,
                        0.0,
                        0.0
                    ],
                    [
                        -0.8322472474472093,
                        0.6732951111303707,
                        -0.5691389646123982,
                        0.0,
                        0.0,
                        0.0
                    ],
                    [
                        0.9344648429705583,
                        0.7947050860879831,
                        0.5608188925088243,
                        -0.5409651769393317,
                        0.0,
                        0.0
                    ],
                    [
                        0.6571816933100372,
                        -0.5064797048295746,
                        -0.9539662596708088,
                        0.5432966823901586,
                        0.5598066526286879,
                        0.0
                    ]
                ]
            },
            "est_params": {
                "mui": [
                    1.0000004460148817,
                    -0.8826444342529421,
                    -0.14683437098058616,
                    -1.3679726016726566,
                    0.8978710778274142,
                    1.0408313678067302
                ],
                "Si": [
                    [
                        1.009444317168545e-06,
                        1.5010533622087315e-06,
                        9.97215512695091e-08,
                        7.872820855077279e-07,
                        -1.2974355319313249e-06,
                        -3.387754111689496e-06
                    ],
                    [
                        1.5010533622087315e-06,
                        0.996679057347443,
                        -0.7684626113180303,
                        1.1117343531481956,
                        -0.21802476406579352,
                        0.7001544293830355
                    ],
                    [
                        9.9721551269509e-08,
                        -0.7684626113180303,
                        1.5667033368845047,
                        -1.4034989460646115,
                        0.9981858803291904,
                        -1.313577081954846
                    ],
                    [
                        7.87282085507728e-07,
                        1.1117343531481956,
                        -1.4034989460646117,
                        2.556857828480758,
                        -1.2475247709613182,
                        1.4700338530528279
                    ],
                    [
                        -1.2974355319313249e-06,
                        -0.21802476406579357,
                        0.9981858803291904,
                        -1.2475247709613182,
                        2.010340740824878,
                        -0.36639424683213473
                    ],
                    [
                        -3.387754111689495e-06,
                        0.7001544293830354,
                        -1.3135770819548458,
                        1.4700338530528276,
                        -0.3663942468321348,
                        2.4576955836672254
                    ]
                ]
            },
            "est_tgt": [
                0,
                1,
                2,
                3,
                5
            ]
        },
        "1": {
            "intv_type": "do",
            "inode": 1,
            "new_mui": 1.0,
            "true_params": {
                "Si": [
                    [
                        1.0,
                        0.0,
                        -0.8517534613146878,
                        -0.3474811643695416,
                        0.6447606196717515,
                        1.641881677412275
                    ],
                    [
                        0.0,
                        0.0,
                        0.0,
                        0.0,
                        0.0,
                        0.0
                    ],
                    [
                        -0.8517534613146878,
                        0.0,
                        1.7254839588615511,
                        -0.2731706801189832,
                        0.3195261636786211,
                        -2.1753501124652974
                    ],
                    [
                        -0.3474811643695416,
                        0.0,
                        -0.2731706801189832,
                        1.444662320631685,
                        -1.259420217886126,
                        0.11208578151665602
                    ],
                    [
                        0.6447606196717515,
                        0.0,
                        0.3195261636786211,
                        -1.259420217886126,
                        2.4630049214667404,
                        0.8134754109657107
                    ],
                    [
                        1.641881677412275,
                        0.0,
                        -2.1753501124652974,
                        0.11208578151665602,
                        0.8134754109657107,
                        4.670509971289085
                    ]
                ],
                "mui": [
                    0.0,
                    1.0,
                    -0.797776024648488,
                    1.1273405317914063,
                    -0.26255475077689283,
                    0.7200721801414469
                ],
                "Ai": [
                    [
                        0.0,
                        0.0,
                        0.0,
                        0.0,
                        0.0,
                        0.0
                    ],
                    [
                        0.0,
                        0.0,
                        0.0,
                        0.0,
                        0.0,
                        0.0
                    ],
                    [
                        -0.8517534613146878,
                        -0.797776024648488,
                        0.0,
                        0.0,
                        0.0,
                        0.0
                    ],
                    [
                        -0.8322472474472093,
                        0.6732951111303707,
                        -0.5691389646123982,
                        0.0,
                        0.0,
                        0.0
                    ],
                    [
                        0.9344648429705583,
                        0.7947050860879831,
                        0.5608188925088243,
                        -0.5409651769393317,
                        0.0,
                        0.0
                    ],
                    [
                        0.6571816933100372,
                        -0.5064797048295746,
                        -0.9539662596708088,
                        0.5432966823901586,
                        0.5598066526286879,
                        0.0
                    ]
                ]
            },
            "est_params": {
                "mui": [
                    0.000489752550406091,
                    0.9999979246253529,
                    -0.7824068901130001,
                    1.1471604975566756,
                    -0.2323330910085842,
                    0.7315301479750226
                ],
                "Si": [
                    [
                        1.0151367549023504,
                        1.5712264041066837e-06,
                        -0.8660832703986263,
                        -0.34148333270708553,
                        0.6486787810320428,
                        1.6834547266210211
                    ],
                    [
                        1.5712264041066837e-06,
                        1.006368190417684e-06,
                        -1.3976134629889785e-07,
                        -2.4432509578088646e-06,
                        2.9958106679272766e-06,
                        3.852908547298494e-06
                    ],
                    [
                        -0.8660832703986263,
                        -1.3976134629889793e-07,
                        1.8027319197220621,
                        -0.35694336481695504,
                        0.3755858634653277,
                        -2.2829334507679726
                    ],
                    [
                        -0.3414833327070856,
                        -2.4432509578088646e-06,
                        -0.35694336481695493,
                        1.5159088686080382,
                        -1.3404758888868187,
                        0.15127375988936892
                    ],
                    [
                        0.6486787810320428,
                        2.995810667927277e-06,
                        0.37558586346532763,
                        -1.3404758888868187,
                        2.5927353024247313,
                        0.8364514812957766
                    ],
                    [
                        1.6834547266210211,
                        3.852908547298494e-06,
                        -2.2829334507679726,
                        0.15127375988936892,
                        0.8364514812957768,
                        4.861044157004197
                    ]
                ]
            },
            "est_tgt": [
                0,
                1,
                2,
                3,
                5
            ]
        },
        "2": {
            "intv_type": "do",
            "inode": 2,
            "new_mui": 1.0,
            "true_params": {
                "Si": [
                    [
                        1.0,
                        -0.8748314710530465,
                        0.0,
                        -1.4212669999702159,
                        1.0080877775717911,
                        0.8924306769885325
                    ],
                    [
                        -0.8748314710530465,
                        1.7653301027448371,
                        0.0,
                        1.9166642114734649,
                        -0.45143103624077124,
                        -0.680423886813683
                    ],
                    [
                        0.0,
                        0.0,
                        0.0,
                        0.0,
                        0.0,
                        0.0
                    ],
                    [
                        -1.4212669999702159,
                        1.9166642114734649,
                        0.0,
                        3.473326191876396,
                        -1.6838897647220579,
                        -0.9603882734500677
                    ],
                    [
                        1.0080877775717911,
                        -0.45143103624077124,
                        0.0,
                        -1.6838897647220579,
                        2.494193770769851,
                        1.3725520337936732
                    ],
                    [
                        0.8924306769885325,
                        -0.680423886813683,
                        0.0,
                        -0.9603882734500677,
                        1.3725520337936732,
                        2.177697989642432
                    ]
                ],
                "mui": [
                    0.0,
                    0.0,
                    1.0,
                    -0.5691389646123982,
                    0.8687032532034383,
                    -0.7768717106602265
                ],
                "Ai": [
                    [
                        0.0,
                        0.0,
                        0.0,
                        0.0,
                        0.0,
                        0.0
                    ],
                    [
                        -0.8748314710530465,
                        0.0,
                        0.0,
                        0.0,
                        0.0,
                        0.0
                    ],
                    [
                        0.0,
                        0.0,
                        0.0,
                        0.0,
                        0.0,
                        0.0
                    ],
                    [
                        -0.8322472474472093,
                        0.6732951111303707,
                        -0.5691389646123982,
                        0.0,
                        0.0,
                        0.0
                    ],
                    [
                        0.9344648429705583,
                        0.7947050860879831,
                        0.5608188925088243,
                        -0.5409651769393317,
                        0.0,
                        0.0
                    ],
                    [
                        0.6571816933100372,
                        -0.5064797048295746,
                        -0.9539662596708088,
                        0.5432966823901586,
                        0.5598066526286879,
                        0.0
                    ]
                ]
            },
            "est_params": {
                "mui": [
                    -0.02434487371893658,
                    0.05480572118094764,
                    1.0000018897970029,
                    -0.5358685167904922,
                    0.8438699193800145,
                    -0.8021818562266314
                ],
                "Si": [
                    [
                        0.9469826254709129,
                        -0.8459656981593247,
                        2.881649372084146e-07,
                        -1.3526735608401808,
                        0.9343314382443532,
                        0.8662180868075657
                    ],
                    [
                        -0.8459656981593247,
                        1.7475484268699992,
                        1.8387676387445299e-06,
                        1.8531473675806875,
                        -0.39560446691849654,
                        -0.6741068464800383
                    ],
                    [
                        2.8816493720841497e-07,
                        1.8387676387445299e-06,
                        1.0197690428614553e-06,
                        2.4288536155119735e-06,
                        4.394143839182015e-06,
                        7.13175022952071e-06
                    ],
                    [
                        -1.3526735608401808,
                        1.8531473675806875,
                        2.4288536155119735e-06,
                        3.2946717974758455,
                        -1.5558341220669214,
                        -0.9413940646614408
                    ],
                    [
                        0.9343314382443532,
                        -0.3956044669184966,
                        4.394143839182015e-06,
                        -1.5558341220669214,
                        2.373517922857069,
                        1.3443870424096913
                    ],
                    [
                        0.8662180868075657,
                        -0.6741068464800383,
                        7.13175022952071e-06,
                        -0.9413940646614408,
                        1.3443870424096913,
                        2.15851042265038
                    ]
                ]
            },
            "est_tgt": [
                0,
                2,
                3,
                5
            ]
        },
        "3": {
            "intv_type": "do",
            "inode": 3,
            "new_mui": 1.0,
            "true_params": {
                "Si": [
                    [
                        1.0,
                        -0.8748314710530465,
                        -0.15383388810059961,
                        0.0,
                        0.15295887269996547,
                        1.3326458119025788
                    ],
                    [
                        -0.8748314710530465,
                        1.7653301027448371,
                        -0.6631972980236307,
                        0.0,
                        0.21348398385979905,
                        -0.7168494966587391
                    ],
                    [
                        -0.15383388810059961,
                        -0.6631972980236307,
                        1.6601114506320926,
                        0.0,
                        0.2602232392780436,
                        -1.2032164540033814
                    ],
                    [
                        0.0,
                        0.0,
                        0.0,
                        0.0,
                        0.0,
                        0.0
                    ],
                    [
                        0.15295887269996547,
                        0.21348398385979905,
                        0.2602232392780436,
                        0.0,
                        1.4585296055872052,
                        0.5606468518467217
                    ],
                    [
                        1.3326458119025788,
                        -0.7168494966587391,
                        -1.2032164540033814,
                        0.0,
                        0.5606468518467217,
                        3.700541890362718
                    ]
                ],
                "mui": [
                    0.0,
                    0.0,
                    0.0,
                    1.0,
                    -0.5409651769393317,
                    0.24046077749906547
                ],
                "Ai": [
                    [
                        0.0,
                        0.0,
                        0.0,
                        0.0,
                        0.0,
                        0.0
                    ],
                    [
                        -0.8748314710530465,
                        0.0,
                        0.0,
                        0.0,
                        0.0,
                        0.0
                    ],
                    [
                        -0.8517534613146878,
                        -0.797776024648488,
                        0.0,
                        0.0,
                        0.0,
                        0.0
                    ],
                    [
                        0.0,
                        0.0,
                        0.0,
                        0.0,
                        0.0,
                        0.0
                    ],
                    [
                        0.9344648429705583,
                        0.7947050860879831,
                        0.5608188925088243,
                        -0.5409651769393317,
                        0.0,
                        0.0
                    ],
                    [
                        0.6571816933100372,
                        -0.5064797048295746,
                        -0.9539662596708088,
                        0.5432966823901586,
                        0.5598066526286879,
                        0.0
                    ]
                ]
            },
            "est_params": {
                "mui": [
                    0.004868049539268391,
                    -0.008114436965021931,
                    -0.02660880087365652,
                    0.9999973799852634,
                    -0.5900327409209447,
                    0.24993627763808754
                ],
                "Si": [
                    [
                        0.9649346054428716,
                        -0.8641095898966806,
                        -0.12213494695749294,
                        2.1729119907860437e-06,
                        0.1524462928094509,
                        1.2731896284148496
                    ],
                    [
                        -0.8641095898966806,
                        1.738901831313121,
                        -0.7133495661553384,
                        -2.067460646126945e-06,
                        0.17904135508534189,
                        -0.696191062385704
                    ],
                    [
                        -0.12213494695749297,
                        -0.7133495661553384,
                        1.6977251094737298,
                        -2.1184248505028606e-06,
                        0.26796362834222964,
                        -1.1804860019406258
                    ],
                    [
                        2.1729119907860437e-06,
                        -2.067460646126945e-06,
                        -2.1184248505028606e-06,
                        1.0095922140671282e-06,
                        -4.048987757471658e-06,
                        2.271838643812864e-06
                    ],
                    [
                        0.1524462928094509,
                        0.17904135508534186,
                        0.26796362834222975,
                        -4.048987757471658e-06,
                        1.4698851610442822,
                        0.5625019190914968
                    ],
                    [
                        1.2731896284148496,
                        -0.696191062385704,
                        -1.1804860019406256,
                        2.271838643812864e-06,
                        0.5625019190914969,
                        3.5917768554689387
                    ]
                ]
            },
            "est_tgt": [
                0,
                2,
                3,
                5
            ]
        },
        "4": {
            "intv_type": "do",
            "inode": 4,
            "new_mui": 1.0,
            "true_params": {
                "Si": [
                    [
                        1.0,
                        -0.8748314710530465,
                        -0.15383388810059961,
                        -1.333714140174341,
                        0.0,
                        0.522415949772991
                    ],
                    [
                        -0.8748314710530465,
                        1.7653301027448371,
                        -0.6631972980236307,
                        2.294115635004374,
                        0.0,
                        0.4100261624641385
                    ],
                    [
                        -0.15383388810059961,
                        -0.6631972980236307,
                        1.6601114506320926,
                        -1.2633337806922915,
                        0.0,
                        -2.0352562063213555
                    ],
                    [
                        -1.333714140174341,
                        2.294115635004374,
                        -1.2633337806922915,
                        4.373609243360785,
                        0.0,
                        1.5429296667784127
                    ],
                    [
                        0.0,
                        0.0,
                        0.0,
                        0.0,
                        0.0,
                        0.0
                    ],
                    [
                        0.522415949772991,
                        0.4100261624641385,
                        -2.0352562063213555,
                        1.5429296667784127,
                        0.0,
                        3.9154865884849936
                    ]
                ],
                "mui": [
                    0.0,
                    0.0,
                    0.0,
                    0.0,
                    1.0,
                    0.5598066526286879
                ],
                "Ai": [
                    [
                        0.0,
                        0.0,
                        0.0,
                        0.0,
                        0.0,
                        0.0
                    ],
                    [
                        -0.8748314710530465,
                        0.0,
                        0.0,
                        0.0,
                        0.0,
                        0.0
                    ],
                    [
                        -0.8517534613146878,
                        -0.797776024648488,
                        0.0,
                        0.0,
                        0.0,
                        0.0
                    ],
                    [
                        -0.8322472474472093,
                        0.6732951111303707,
                        -0.5691389646123982,
                        0.0,
                        0.0,
                        0.0
                    ],
                    [
                        0.0,
                        0.0,
                        0.0,
                        0.0,
                        0.0,
                        0.0
                    ],
                    [
                        0.6571816933100372,
                        -0.5064797048295746,
                        -0.9539662596708088,
                        0.5432966823901586,
                        0.5598066526286879,
                        0.0
                    ]
                ]
            },
            "est_params": {
                "mui": [
                    -0.025624735523624362,
                    0.004994536312718835,
                    0.02263730662523759,
                    -0.017485259974691712,
                    0.999999093979336,
                    0.5015047584115763
                ],
                "Si": [
                    [
                        0.9987131882882062,
                        -0.8775676813439505,
                        -0.1450283798055991,
                        -1.3523725775005664,
                        8.652912932251097e-08,
                        0.5185398307452838
                    ],
                    [
                        -0.8775676813439505,
                        1.746488675913452,
                        -0.6615146773763967,
                        2.3124535910372073,
                        2.03873088433531e-06,
                        0.39706565826058315
                    ],
                    [
                        -0.14502837980559913,
                        -0.6615146773763966,
                        1.6387556103526395,
                        -1.2416834484318546,
                        -3.381384544278883e-06,
                        -1.9860815729739856
                    ],
                    [
                        -1.3523725775005662,
                        2.3124535910372073,
                        -1.2416834484318546,
                        4.407596341435094,
                        9.160535521342077e-08,
                        1.4582135881384382
                    ],
                    [
                        8.652912932251098e-08,
                        2.0387308843353106e-06,
                        -3.381384544278883e-06,
                        9.160535521342114e-08,
                        1.0113391360248518e-06,
                        2.4887398709971238e-06
                    ],
                    [
                        0.5185398307452838,
                        0.39706565826058315,
                        -1.9860815729739856,
                        1.4582135881384382,
                        2.4887398709971234e-06,
                        3.756956380743396
                    ]
                ]
            },
            "est_tgt": [
                0,
                4,
                5
            ]
        },
        "5": {
            "intv_type": "do",
            "inode": 5,
            "new_mui": 1.0,
            "true_params": {
                "Si": [
                    [
                        1.0,
                        -0.8748314710530465,
                        -0.15383388810059961,
                        -1.333714140174341,
                        0.8744517785258665,
                        0.0
                    ],
                    [
                        -0.8748314710530465,
                        1.7653301027448371,
                        -0.6631972980236307,
                        2.294115635004374,
                        -1.0275526865496296,
                        0.0
                    ],
                    [
                        -0.15383388810059961,
                        -0.6631972980236307,
                        1.6601114506320926,
                        -1.2633337806922915,
                        0.943642821483684,
                        0.0
                    ],
                    [
                        -1.333714140174341,
                        2.294115635004374,
                        -1.2633337806922915,
                        4.373609243360785,
                        -2.4976353613086903,
                        0.0
                    ],
                    [
                        0.8744517785258665,
                        -1.0275526865496296,
                        0.943642821483684,
                        -2.4976353613086903,
                        2.8808895749098067,
                        0.0
                    ],
                    [
                        0.0,
                        0.0,
                        0.0,
                        0.0,
                        0.0,
                        0.0
                    ]
                ],
                "mui": [
                    0.0,
                    0.0,
                    0.0,
                    0.0,
                    0.0,
                    1.0
                ],
                "Ai": [
                    [
                        0.0,
                        0.0,
                        0.0,
                        0.0,
                        0.0,
                        0.0
                    ],
                    [
                        -0.8748314710530465,
                        0.0,
                        0.0,
                        0.0,
                        0.0,
                        0.0
                    ],
                    [
                        -0.8517534613146878,
                        -0.797776024648488,
                        0.0,
                        0.0,
                        0.0,
                        0.0
                    ],
                    [
                        -0.8322472474472093,
                        0.6732951111303707,
                        -0.5691389646123982,
                        0.0,
                        0.0,
                        0.0
                    ],
                    [
                        0.9344648429705583,
                        0.7947050860879831,
                        0.5608188925088243,
                        -0.5409651769393317,
                        0.0,
                        0.0
                    ],
                    [
                        0.0,
                        0.0,
                        0.0,
                        0.0,
                        0.0,
                        0.0
                    ]
                ]
            },
            "est_params": {
                "mui": [
                    -0.000970805204993833,
                    -0.03350552543830147,
                    0.020010916271839502,
                    -0.04426833051762322,
                    0.03010245421002647,
                    1.000001149730437
                ],
                "Si": [
                    [
                        1.0209178702868136,
                        -0.9035590159945094,
                        -0.17022570193423017,
                        -1.3704324039261815,
                        0.8939226271501307,
                        2.181221116877299e-06
                    ],
                    [
                        -0.9035590159945094,
                        1.840535501761258,
                        -0.6974498339425325,
                        2.395724296975491,
                        -1.0940132375848695,
                        -1.2352891620677738e-06
                    ],
                    [
                        -0.1702257019342302,
                        -0.6974498339425326,
                        1.767713666689474,
                        -1.317413774774589,
                        1.0093897604648328,
                        -2.4941957598213845e-06
                    ],
                    [
                        -1.3704324039261815,
                        2.395724296975491,
                        -1.317413774774589,
                        4.508718062933327,
                        -2.629803340803273,
                        -5.564319695777655e-07
                    ],
                    [
                        0.8939226271501307,
                        -1.0940132375848695,
                        1.0093897604648325,
                        -2.629803340803273,
                        2.9638498673879234,
                        -2.947491658592525e-06
                    ],
                    [
                        2.1812211168772986e-06,
                        -1.2352891620677736e-06,
                        -2.494195759821385e-06,
                        -5.564319695777662e-07,
                        -2.947491658592525e-06,
                        1.0151490981575497e-06
                    ]
                ]
            },
            "est_tgt": [
                0,
                2,
                4,
                5
            ]
        },
        "obs": {
            "intv_type": "obs",
            "true_params": {
                "Si": [
                    [
                        1.0,
                        -0.8748314710530465,
                        -0.15383388810059961,
                        -1.333714140174341,
                        0.8744517785258665,
                        1.011939872794759
                    ],
                    [
                        -0.8748314710530465,
                        1.7653301027448371,
                        -0.6631972980236307,
                        2.294115635004374,
                        -1.0275526865496296,
                        -0.1652046673928249
                    ],
                    [
                        -0.15383388810059961,
                        -0.6631972980236307,
                        1.6601114506320926,
                        -1.2633337806922915,
                        0.943642821483684,
                        -1.5069986771494839
                    ],
                    [
                        -1.333714140174341,
                        2.294115635004374,
                        -1.2633337806922915,
                        4.373609243360785,
                        -2.4976353613086903,
                        0.1447367756771512
                    ],
                    [
                        0.8744517785258665,
                        -1.0275526865496296,
                        0.943642821483684,
                        -2.4976353613086903,
                        2.8808895749098067,
                        0.4506890129378824
                    ],
                    [
                        1.011939872794759,
                        -0.1652046673928249,
                        -1.5069986771494839,
                        0.1447367756771512,
                        0.4506890129378824,
                        3.5172607794324677
                    ]
                ],
                "mui": [
                    0.0,
                    0.0,
                    0.0,
                    0.0,
                    0.0,
                    0.0
                ],
                "Ai": [
                    [
                        0.0,
                        0.0,
                        0.0,
                        0.0,
                        0.0,
                        0.0
                    ],
                    [
                        -0.8748314710530465,
                        0.0,
                        0.0,
                        0.0,
                        0.0,
                        0.0
                    ],
                    [
                        -0.8517534613146878,
                        -0.797776024648488,
                        0.0,
                        0.0,
                        0.0,
                        0.0
                    ],
                    [
                        -0.8322472474472093,
                        0.6732951111303707,
                        -0.5691389646123982,
                        0.0,
                        0.0,
                        0.0
                    ],
                    [
