{
    "expt_args": {
        "save_dir": "expt_logs_30.04.24-sp1",
        "exp_name": "605",
        "num_nodes": 6,
        "obs_noise_mean": 0.0,
        "obs_noise_var": 1.0,
        "max_edge_strength": 1.0,
        "graph_sparsity_method": "adj_dense_prop",
        "adj_dense_prop": 0.8,
        "num_parents": null,
        "new_noise_mean": 1.0,
        "mix_samples": 32768,
        "stage2_samples": 32768,
        "gmm_tol": 0.001,
        "intv_targets": [
            0,
            1,
            2,
            3,
            4,
            5
        ]
    },
    "intv_args_dict": {
        "0": {
            "intv_type": "do",
            "inode": 0,
            "new_mui": 1.0,
            "true_params": {
                "Si": [
                    [
                        0.0,
                        0.0,
                        0.0,
                        0.0,
                        0.0,
                        0.0
                    ],
                    [
                        0.0,
                        1.0,
                        0.0,
                        0.5557385665221861,
                        -0.32104342440408506,
                        -0.6110191378902313
                    ],
                    [
                        0.0,
                        0.0,
                        1.0,
                        -0.8844556710057581,
                        1.0705606016410902,
                        1.9619619332749685
                    ],
                    [
                        0.0,
                        0.5557385665221861,
                        -0.8844556710057581,
                        2.09110718829438,
                        -1.7029674698885413,
                        -3.174307518327556
                    ],
                    [
                        0.0,
                        -0.32104342440408506,
                        1.0705606016410902,
                        -1.7029674698885413,
                        2.5828921482054783,
                        3.5459475249633856
                    ],
                    [
                        0.0,
                        -0.6110191378902313,
                        1.9619619332749685,
                        -3.174307518327556,
                        3.5459475249633856,
                        6.8087603473665705
                    ]
                ],
                "mui": [
                    1.0,
                    -0.8349844200903789,
                    0.522205312557021,
                    -0.03216619660876402,
                    0.3108192350903299,
                    1.1415863016172416
                ],
                "Ai": [
                    [
                        0.0,
                        0.0,
                        0.0,
                        0.0,
                        0.0,
                        0.0
                    ],
                    [
                        -0.8349844200903789,
                        0.0,
                        0.0,
                        0.0,
                        0.0,
                        0.0
                    ],
                    [
                        0.522205312557021,
                        0.0,
                        0.0,
                        0.0,
                        0.0,
                        0.0
                    ],
                    [
                        0.8937342982010136,
                        0.5557385665221861,
                        -0.8844556710057581,
                        0.0,
                        0.0,
                        0.0
                    ],
                    [
                        0.0,
                        -0.0,
                        0.559621295898368,
                        -0.5776878621420427,
                        0.0,
                        0.0
                    ],
                    [
                        0.589483965494202,
                        0.0,
                        0.6457896340962602,
                        -0.7446373571636327,
                        0.6142329213167209,
                        0.0
                    ]
                ]
            },
            "est_params": {
                "mui": [
                    0.9999993413125441,
                    -0.8571567608044568,
                    0.5185689942446512,
                    -0.038979609512249005,
                    0.29549024075756697,
                    1.1282502452484124
                ],
                "Si": [
                    [
                        1.0106472265334083e-06,
                        6.093328844040657e-07,
                        5.961885485687576e-07,
                        -4.254605428919239e-07,
                        8.413026143261098e-07,
                        1.036182809156738e-06
                    ],
                    [
                        6.093328844040657e-07,
                        1.006613393980269,
                        -0.007552261974822029,
                        0.5850578304294992,
                        -0.32502676110190554,
                        -0.6486724005197505
                    ],
                    [
                        5.961885485687575e-07,
                        -0.00755226197482202,
                        1.0016671896543405,
                        -0.9015979724851207,
                        1.1218276188178296,
                        1.972602911958176
                    ],
                    [
                        -4.254605428919244e-07,
                        0.5850578304294992,
                        -0.9015979724851205,
                        2.1312148085981804,
                        -1.7408458990010494,
                        -3.2285465250420256
                    ],
                    [
                        8.413026143261098e-07,
                        -0.3250267611019054,
                        1.1218276188178296,
                        -1.7408458990010494,
                        2.65400414238117,
                        3.613779393650911
                    ],
                    [
                        1.0361828091567379e-06,
                        -0.6486724005197506,
                        1.972602911958176,
                        -3.228546525042025,
                        3.613779393650911,
                        6.845535774777005
                    ]
                ]
            },
            "est_tgt": [
                0
            ]
        },
        "1": {
            "intv_type": "do",
            "inode": 1,
            "new_mui": 1.0,
            "true_params": {
                "Si": [
                    [
                        1.0,
                        0.0,
                        0.522205312557021,
                        0.431866848080622,
                        0.042752977540455504,
                        0.6313948411018435
                    ],
                    [
                        0.0,
                        0.0,
                        0.0,
                        0.0,
                        0.0,
                        0.0
                    ],
                    [
                        0.522205312557021,
                        0.0,
                        1.2726983884627758,
                        -0.6589325086208013,
                        1.0928864336403472,
                        2.291679673619447
                    ],
                    [
                        0.431866848080622,
                        0.0,
                        -0.6589325086208013,
                        1.9687708084453368,
                        -1.5060876637623832,
                        -2.562062118597799
                    ],
                    [
                        0.042752977540455504,
                        0.0,
                        1.0928864336403472,
                        -1.5060876637623832,
                        2.4816510849409514,
                        3.3767778580194605
                    ],
                    [
                        0.6313948411018435,
                        0.0,
                        2.291679673619447,
                        -2.562062118597799,
                        3.3767778580194605,
                        6.834075405868472
                    ]
                ],
                "mui": [
                    0.0,
                    1.0,
                    0.0,
                    0.5557385665221861,
                    -0.32104342440408506,
                    -0.6110191378902313
                ],
                "Ai": [
                    [
                        0.0,
                        0.0,
                        0.0,
                        0.0,
                        0.0,
                        0.0
                    ],
                    [
                        0.0,
                        0.0,
                        0.0,
                        0.0,
                        0.0,
                        0.0
                    ],
                    [
                        0.522205312557021,
                        0.0,
                        0.0,
                        0.0,
                        0.0,
                        0.0
                    ],
                    [
                        0.8937342982010136,
                        0.5557385665221861,
                        -0.8844556710057581,
                        0.0,
                        0.0,
                        0.0
                    ],
                    [
                        0.0,
                        -0.0,
                        0.559621295898368,
                        -0.5776878621420427,
                        0.0,
                        0.0
                    ],
                    [
                        0.589483965494202,
                        0.0,
                        0.6457896340962602,
                        -0.7446373571636327,
                        0.6142329213167209,
                        0.0
                    ]
                ]
            },
            "est_params": {
                "mui": [
                    0.004704569478209493,
                    0.9999978808683397,
                    -0.01649326599738794,
                    0.5614052517375281,
                    -0.3442473577339822,
                    -0.6484343702968041
                ],
                "Si": [
                    [
                        1.0069228794042824,
                        3.7042574464084965e-07,
                        0.5253612063252754,
                        0.3823858774428025,
                        0.07837928769931497,
                        0.7155947177913642
                    ],
                    [
                        3.7042574464084965e-07,
                        1.0115083248447314e-06,
                        -3.7759911998765315e-07,
                        1.5002283302744447e-06,
                        -1.4411391442488663e-06,
                        -2.770439956788578e-06
                    ],
                    [
                        0.5253612063252755,
                        -3.7759911998765315e-07,
                        1.2804737953739918,
                        -0.69450912813074,
                        1.133909548113472,
                        2.352595112905607
                    ],
                    [
                        0.38238587744280245,
                        1.500228330274445e-06,
                        -0.69450912813074,
                        1.9133500188455264,
                        -1.5033549102998893,
                        -2.56290813505805
                    ],
                    [
                        0.07837928769931497,
                        -1.4411391442488659e-06,
                        1.133909548113472,
                        -1.5033549102998893,
                        2.5342860464686283,
                        3.451575004681794
                    ],
                    [
                        0.7155947177913642,
                        -2.770439956788578e-06,
                        2.352595112905607,
                        -2.5629081350580503,
                        3.451575004681794,
                        6.967194369402533
                    ]
                ]
            },
            "est_tgt": [
                1,
                2,
                3
            ]
        },
        "2": {
            "intv_type": "do",
            "inode": 2,
            "new_mui": 1.0,
            "true_params": {
                "Si": [
                    [
                        1.0,
                        -0.8349844200903789,
                        0.0,
                        0.4297012535116276,
                        -0.24823319850088807,
                        0.11703935702640958
                    ],
                    [
                        -0.8349844200903789,
                        1.6971989817936664,
                        0.0,
                        0.1969447145466709,
                        -0.11377257110664113,
                        -0.7087451775446787
                    ],
                    [
                        0.0,
                        0.0,
                        0.0,
                        0.0,
                        0.0,
                        0.0
                    ],
                    [
                        0.4297012535116276,
                        0.1969447145466709,
                        0.0,
                        1.4934885215895983,
                        -0.862770191170775,
                        -1.3887472017206468
                    ],
                    [
                        -0.24823319850088807,
                        -0.11377257110664113,
                        0.0,
                        -0.862770191170775,
                        1.4984118672573266,
                        1.4164953233344655
                    ],
                    [
                        0.11703935702640958,
                        -0.7087451775446787,
                        0.0,
                        -1.3887472017206468,
                        1.4164953233344655,
                        2.9731639308396742
                    ]
                ],
                "mui": [
                    0.0,
                    0.0,
                    1.0,
                    -0.8844556710057581,
                    1.0705606016410902,
                    1.9619619332749685
                ],
                "Ai": [
                    [
                        0.0,
                        0.0,
                        0.0,
                        0.0,
                        0.0,
                        0.0
                    ],
                    [
                        -0.8349844200903789,
                        0.0,
                        0.0,
                        0.0,
                        0.0,
                        0.0
                    ],
                    [
                        0.0,
                        0.0,
                        0.0,
                        0.0,
                        0.0,
                        0.0
                    ],
                    [
                        0.8937342982010136,
                        0.5557385665221861,
                        -0.8844556710057581,
                        0.0,
                        0.0,
                        0.0
                    ],
                    [
                        0.0,
                        -0.0,
                        0.559621295898368,
                        -0.5776878621420427,
                        0.0,
                        0.0
                    ],
                    [
                        0.589483965494202,
                        0.0,
                        0.6457896340962602,
                        -0.7446373571636327,
                        0.6142329213167209,
                        0.0
                    ]
                ]
            },
            "est_params": {
                "mui": [
                    -0.017415886729612133,
                    0.005752060465972163,
                    0.9999983952703108,
                    -0.9037468542122407,
                    1.0865708802011247,
                    1.9808286298355684
                ],
                "Si": [
                    [
                        1.0162299836592261,
                        -0.8503845946067481,
                        -7.356838964826181e-07,
                        0.4219384642084854,
                        -0.24066217057741968,
                        0.1284219354558855
                    ],
                    [
                        -0.850384594606748,
                        1.6946036243855542,
                        7.520665249363498e-07,
                        0.195389283854956,
                        -0.0950978777529024,
                        -0.7221005295606346
                    ],
                    [
                        -7.356838964826181e-07,
                        7.5206652493635e-07,
                        1.0107995895912866e-06,
                        1.0308645234649035e-06,
                        -9.004970745376859e-07,
                        -3.285971170631082e-06
                    ],
                    [
                        0.4219384642084854,
                        0.19538928385495596,
                        1.0308645234649032e-06,
                        1.5031593750123617,
                        -0.8571540661517402,
                        -1.4184607609563684
                    ],
                    [
                        -0.24066217057741968,
                        -0.09509787775290242,
                        -9.004970745376857e-07,
                        -0.8571540661517401,
                        1.4691309828515493,
                        1.4076591779886216
                    ],
                    [
                        0.1284219354558855,
                        -0.7221005295606346,
                        -3.285971170631082e-06,
                        -1.4184607609563684,
                        1.4076591779886216,
                        3.0146459925679574
                    ]
                ]
            },
            "est_tgt": [
                2,
                3
            ]
        },
        "3": {
            "intv_type": "do",
            "inode": 3,
            "new_mui": 1.0,
            "true_params": {
                "Si": [
                    [
                        1.0,
                        -0.8349844200903789,
                        0.522205312557021,
                        0.0,
                        0.29223721373817235,
                        1.1062204607253803
                    ],
                    [
                        -0.8349844200903789,
                        1.6971989817936664,
                        -0.4360333000735392,
                        0.0,
                        -0.24401352044199595,
                        -0.9236768498908934
                    ],
                    [
                        0.522205312557021,
                        -0.4360333000735392,
                        1.2726983884627758,
                        0.0,
                        0.7122291214393032,
                        1.5672016589570328
                    ],
                    [
                        0.0,
                        0.0,
                        0.0,
                        0.0,
                        0.0,
                        0.0
                    ],
                    [
                        0.29223721373817235,
                        -0.24401352044199595,
                        0.7122291214393032,
                        0.0,
                        1.3985785839164189,
                        1.4912723446363279
                    ],
                    [
                        1.1062204607253803,
                        -0.9236768498908934,
                        1.5672016589570328,
                        0.0,
                        1.4912723446363279,
                        3.580170378516942
                    ]
                ],
                "mui": [
                    0.0,
                    0.0,
                    0.0,
                    1.0,
                    -0.5776878621420427,
                    -1.0994722603363507
                ],
                "Ai": [
                    [
                        0.0,
                        0.0,
                        0.0,
                        0.0,
                        0.0,
                        0.0
                    ],
                    [
                        -0.8349844200903789,
                        0.0,
                        0.0,
                        0.0,
                        0.0,
                        0.0
                    ],
                    [
                        0.522205312557021,
                        0.0,
                        0.0,
                        0.0,
                        0.0,
                        0.0
                    ],
                    [
                        0.0,
                        0.0,
                        0.0,
                        0.0,
                        0.0,
                        0.0
                    ],
                    [
                        0.0,
                        -0.0,
                        0.559621295898368,
                        -0.5776878621420427,
                        0.0,
                        0.0
                    ],
                    [
                        0.589483965494202,
                        0.0,
                        0.6457896340962602,
                        -0.7446373571636327,
                        0.6142329213167209,
                        0.0
                    ]
                ]
            },
            "est_params": {
                "mui": [
                    0.015923499467930414,
                    -0.006303338449824485,
                    0.01891189219691221,
                    0.9999986533210832,
                    -0.5516167868799329,
                    -1.0523100248984882
                ],
                "Si": [
                    [
                        0.9907820280093576,
                        -0.8537862836915404,
                        0.512531311464112,
                        -1.1799696402745042e-06,
                        0.2953309568654422,
                        1.101662558278422
                    ],
                    [
                        -0.8537862836915406,
                        1.7398310238678092,
                        -0.45061032683004193,
                        1.3760915974769667e-06,
                        -0.2381778433667858,
                        -0.9260315022152091
                    ],
                    [
                        0.512531311464112,
                        -0.45061032683004193,
                        1.2906006356930437,
                        6.410075307935162e-09,
                        0.7148682770912724,
                        1.578697084801876
                    ],
                    [
                        -1.1799696402745042e-06,
                        1.3760915974769667e-06,
                        6.410075307935139e-09,
                        1.0049470841830095e-06,
                        -8.174972544332327e-07,
                        -2.440162927362836e-06
                    ],
                    [
                        0.2953309568654422,
                        -0.2381778433667858,
                        0.7148682770912724,
                        -8.174972544332327e-07,
                        1.3787620284438455,
                        1.4866947483662722
                    ],
                    [
                        1.101662558278422,
                        -0.9260315022152091,
                        1.5786970848018762,
                        -2.440162927362836e-06,
                        1.4866947483662725,
                        3.5895583738932144
                    ]
                ]
            },
            "est_tgt": [
                1,
                2,
                3
            ]
        },
        "4": {
            "intv_type": "do",
            "inode": 4,
            "new_mui": 1.0,
            "true_params": {
                "Si": [
                    [
                        1.0,
                        -0.8349844200903789,
                        0.522205312557021,
                        -0.03216619660876402,
                        0.0,
                        0.9506708948462796
                    ],
                    [
                        -0.8349844200903789,
                        1.6971989817936664,
                        -0.4360333000735392,
                        0.582596839544068,
                        0.0,
                        -1.2076190832790088
                    ],
                    [
                        0.522205312557021,
                        -0.4360333000735392,
                        1.2726983884627758,
                        -0.9012530297596083,
                        0.0,
                        1.8008337592644397
                    ],
                    [
                        -0.03216619660876402,
                        0.582596839544068,
                        -0.9012530297596083,
                        2.0921418524986537,
                        0.0,
                        -2.1588683013044276
                    ],
                    [
                        0.0,
                        0.0,
                        0.0,
                        0.0,
                        0.0,
                        0.0
                    ],
                    [
                        0.9506708948462796,
                        -1.2076190832790088,
                        1.8008337592644397,
                        -2.1588683013044276,
                        0.0,
                        4.330939009785151
                    ]
                ],
                "mui": [
                    0.0,
                    0.0,
                    0.0,
                    0.0,
                    1.0,
                    0.6142329213167209
                ],
                "Ai": [
                    [
                        0.0,
                        0.0,
                        0.0,
                        0.0,
                        0.0,
                        0.0
                    ],
                    [
                        -0.8349844200903789,
                        0.0,
                        0.0,
                        0.0,
                        0.0,
                        0.0
                    ],
                    [
                        0.522205312557021,
                        0.0,
                        0.0,
                        0.0,
                        0.0,
                        0.0
                    ],
                    [
                        0.8937342982010136,
                        0.5557385665221861,
                        -0.8844556710057581,
                        0.0,
                        0.0,
                        0.0
                    ],
                    [
                        0.0,
                        0.0,
                        0.0,
                        0.0,
                        0.0,
                        0.0
                    ],
                    [
                        0.589483965494202,
                        0.0,
                        0.6457896340962602,
                        -0.7446373571636327,
                        0.6142329213167209,
                        0.0
                    ]
                ]
            },
            "est_params": {
                "mui": [
                    -0.016406942180917556,
                    0.029532153543463856,
                    -0.004162877627902207,
                    0.013699613903898764,
                    1.000000948970181,
                    0.5830545117622832
                ],
                "Si": [
                    [
                        1.0136093238893367,
                        -0.8819260382062446,
                        0.510073385861095,
                        -0.032533144091515115,
                        1.5998286239137667e-06,
                        0.961001245112241
                    ],
                    [
                        -0.8819260382062446,
                        1.7991140594137944,
                        -0.4618321484130078,
                        0.6330374203118156,
                        -1.3359560255234272e-06,
                        -1.2800728552725835
                    ],
                    [
                        0.510073385861095,
                        -0.4618321484130078,
                        1.2426245652923154,
                        -0.897330428486045,
                        -2.137012144313629e-07,
                        1.7524314747195482
                    ],
                    [
                        -0.0325331440915151,
                        0.6330374203118155,
                        -0.897330428486045,
                        2.11130698761575,
                        9.7315200265849e-07,
                        -2.1496076515786307
                    ],
                    [
                        1.5998286239137667e-06,
                        -1.3359560255234276e-06,
                        -2.137012144313629e-07,
                        9.7315200265849e-07,
                        1.012201041797595e-06,
                        6.949360260934615e-07
                    ],
                    [
                        0.961001245112241,
                        -1.2800728552725835,
                        1.7524314747195477,
                        -2.1496076515786307,
                        6.949360260934615e-07,
                        4.2329993263692405
                    ]
                ]
            },
            "est_tgt": [
                4
            ]
        },
        "5": {
            "intv_type": "do",
            "inode": 5,
            "new_mui": 1.0,
            "true_params": {
                "Si": [
                    [
                        1.0,
                        -0.8349844200903789,
                        0.522205312557021,
                        -0.03216619660876402,
                        0.3108192350903299,
                        0.0
                    ],
                    [
                        -0.8349844200903789,
                        1.6971989817936664,
                        -0.4360333000735392,
                        0.582596839544068,
                        -0.5805726431689193,
                        0.0
                    ],
                    [
                        0.522205312557021,
                        -0.4360333000735392,
                        1.2726983884627758,
                        -0.9012530297596083,
                        1.2328720574501701,
                        0.0
                    ],
                    [
                        -0.03216619660876402,
                        0.582596839544068,
                        -0.9012530297596083,
                        2.0921418524986537,
                        -1.7129653425142424,
                        0.0
                    ],
                    [
                        0.3108192350903299,
                        -0.5805726431689193,
                        1.2328720574501701,
                        -1.7129653425142424,
                        2.679500745107616,
                        0.0
                    ],
                    [
                        0.0,
                        0.0,
                        0.0,
                        0.0,
                        0.0,
                        0.0
                    ]
                ],
                "mui": [
                    0.0,
                    0.0,
                    0.0,
                    0.0,
                    0.0,
                    1.0
                ],
                "Ai": [
                    [
                        0.0,
                        0.0,
                        0.0,
                        0.0,
                        0.0,
                        0.0
                    ],
                    [
                        -0.8349844200903789,
                        0.0,
                        0.0,
                        0.0,
                        0.0,
                        0.0
                    ],
                    [
                        0.522205312557021,
                        0.0,
                        0.0,
                        0.0,
                        0.0,
                        0.0
                    ],
                    [
                        0.8937342982010136,
                        0.5557385665221861,
                        -0.8844556710057581,
                        0.0,
                        0.0,
                        0.0
                    ],
                    [
                        0.0,
                        -0.0,
                        0.559621295898368,
                        -0.5776878621420427,
                        0.0,
                        0.0
                    ],
                    [
                        0.0,
                        0.0,
                        0.0,
                        0.0,
                        0.0,
                        0.0
                    ]
                ]
            },
            "est_params": {
                "mui": [
                    -0.011001601933562945,
                    -0.008030608403919589,
                    -0.02293769809645112,
                    0.020694168643051705,
                    -0.030694227276731618,
                    1.0000004205804118
                ],
                "Si": [
                    [
                        1.0334935716121434,
                        -0.8844110897724677,
                        0.5501280374953443,
                        -0.05537085304239081,
                        0.33154987593769997,
                        4.203231756319882e-07
                    ],
                    [
                        -0.8844110897724677,
                        1.7628753985176826,
                        -0.48328910577049417,
                        0.6229821560324977,
                        -0.6290763307847048,
                        -8.043873031877688e-08
                    ],
                    [
                        0.5501280374953443,
                        -0.48328910577049417,
                        1.301544985566907,
                        -0.9353905266039942,
                        1.2622280025903496,
                        2.6913556086982607e-08
                    ],
                    [
                        -0.05537085304239081,
                        0.6229821560324978,
                        -0.9353905266039942,
                        2.1396776133654485,
                        -1.764029737937436,
                        5.892764879662783e-07
                    ],
                    [
                        0.33154987593769997,
                        -0.6290763307847048,
                        1.2622280025903494,
                        -1.764029737937436,
                        2.7052896906734523,
                        -7.924766320793399e-07
                    ],
                    [
                        4.203231756319882e-07,
                        -8.043873031877684e-08,
                        2.6913556086982574e-08,
                        5.892764879662783e-07,
                        -7.924766320793399e-07,
                        1.003910497670913e-06
                    ]
                ]
            },
            "est_tgt": [
                5
            ]
        },
        "obs": {
            "intv_type": "obs",
            "true_params": {
                "Si": [
                    [
                        1.0,
                        -0.8349844200903789,
                        0.522205312557021,
                        -0.03216619660876402,
                        0.3108192350903299,
                        1.1415863016172416
                    ],
                    [
                        -0.8349844200903789,
                        1.6971989817936664,
                        -0.4360333000735392,
                        0.582596839544068,
                        -0.5805726431689193,
                        -1.5642259139292243
                    ],
                    [
                        0.522205312557021,
                        -0.4360333000735392,
                        1.2726983884627758,
                        -0.9012530297596083,
                        1.2328720574501701,
                        2.558104364721814
                    ],
                    [
                        -0.03216619660876402,
                        0.582596839544068,
                        -0.9012530297596083,
                        2.0921418524986537,
                        -1.7129653425142424,
                        -3.2110280077512483
                    ],
                    [
                        0.3108192350903299,
                        -0.5805726431689193,
                        1.2328720574501701,
                        -1.7129653425142424,
                        2.679500745107616,
                        3.9007745060216554
                    ],
                    [
                        1.1415863016172416,
                        -1.5642259139292243,
                        2.558104364721814,
                        -3.2110280077512483,
                        3.9007745060216554,
                        8.111979631406701
                    ]
                ],
                "mui": [
                    0.0,
                    0.0,
                    0.0,
                    0.0,
                    0.0,
                    0.0
                ],
                "Ai": [
                    [
                        0.0,
                        0.0,
                        0.0,
                        0.0,
                        0.0,
                        0.0
                    ],
                    [
                        -0.8349844200903789,
                        0.0,
                        0.0,
                        0.0,
                        0.0,
                        0.0
                    ],
                    [
                        0.522205312557021,
                        0.0,
                        0.0,
                        0.0,
                        0.0,
                        0.0
                    ],
                    [
                        0.8937342982010136,
                        0.5557385665221861,
                        -0.8844556710057581,
                        0.0,
                        0.0,
                        0.0
                    ],
                    [
                        0.0,
                        -0.0,
                        0.559621295898368,
                        -0.5776878621420427,
                        0.0,
                        0.0
                    ],
                    [
                        0.589483965494202,
                        0.0,
                        0.6457896340962602,
                        -0.7446373571636327,
                        0.6142329213167209,
                        0.0
                    ]
                ]
            },
            "est_params": {
                "mui": [
                    0.010841448208789699,
                    0.0038818110001469404,
