{
    "expt_args": {
        "save_dir": "expt_logs_30.04.24-sp1",
        "exp_name": "476",
        "num_nodes": 6,
        "obs_noise_mean": 0.0,
        "obs_noise_var": 1.0,
        "max_edge_strength": 1.0,
        "graph_sparsity_method": "adj_dense_prop",
        "adj_dense_prop": 0.8,
        "num_parents": null,
        "new_noise_mean": 1.0,
        "mix_samples": 16384,
        "stage2_samples": 16384,
        "gmm_tol": 0.001,
        "intv_targets": [
            0,
            1,
            2,
            3,
            4,
            5
        ]
    },
    "intv_args_dict": {
        "0": {
            "intv_type": "do",
            "inode": 0,
            "new_mui": 1.0,
            "true_params": {
                "Si": [
                    [
                        0.0,
                        0.0,
                        0.0,
                        0.0,
                        0.0,
                        0.0
                    ],
                    [
                        0.0,
                        1.0,
                        0.0,
                        0.9364703053435488,
                        1.2866192349762355,
                        1.2564979329217487
                    ],
                    [
                        0.0,
                        0.0,
                        1.0,
                        0.9480273377836881,
                        1.13893325847753,
                        1.86728344317692
                    ],
                    [
                        0.0,
                        0.9364703053435488,
                        0.9480273377836881,
                        2.7757324659754667,
                        2.8541927985451623,
                        3.803905923875175
                    ],
                    [
                        0.0,
                        1.2866192349762355,
                        1.13893325847753,
                        2.8541927985451623,
                        4.276970543432375,
                        4.834131234717674
                    ],
                    [
                        0.0,
                        1.2564979329217487,
                        1.86728344317692,
                        3.803905923875175,
                        4.834131234717674,
                        7.163182345559737
                    ]
                ],
                "mui": [
                    1.0,
                    0.7257449195314145,
                    -0.6133288817278848,
                    0.7237603399187076,
                    -0.09467387011708826,
                    -0.9056145816268756
                ],
                "Ai": [
                    [
                        0.0,
                        0.0,
                        0.0,
                        0.0,
                        0.0,
                        0.0
                    ],
                    [
                        0.7257449195314145,
                        0.0,
                        0.0,
                        0.0,
                        0.0,
                        0.0
                    ],
                    [
                        -0.6133288817278848,
                        0.0,
                        0.0,
                        0.0,
                        0.0,
                        0.0
                    ],
                    [
                        0.6255743204539277,
                        0.9364703053435488,
                        0.9480273377836881,
                        0.0,
                        0.0,
                        0.0
                    ],
                    [
                        -0.6862003395659653,
                        0.7532317588051278,
                        0.5989632176163309,
                        0.5695722257583298,
                        0.0,
                        0.0
                    ],
                    [
                        -0.7948200081423231,
                        0.0,
                        0.6938532350923128,
                        0.5137365939376553,
                        0.6026638238041886,
                        0.0
                    ]
                ]
            },
            "est_params": {
                "mui": [
                    1.0000005191791632,
                    0.7252889530507358,
                    -0.6055357571969303,
                    0.6951517104397281,
                    -0.08677999285475384,
                    -0.8875604898645579
                ],
                "Si": [
                    [
                        1.0061892969585373e-06,
                        4.16482433100998e-07,
                        -7.573235176319056e-07,
                        2.4138749841058667e-07,
                        3.0122810756132375e-06,
                        1.3277376711127303e-06
                    ],
                    [
                        4.16482433100998e-07,
                        1.0157196386697518,
                        0.001316573205729924,
                        0.9886691078745813,
                        1.3511900008920144,
                        1.325125682396595
                    ],
                    [
                        -7.573235176319056e-07,
                        0.0013165732057299263,
                        1.0416566988592146,
                        0.9796707487317831,
                        1.2098873770936982,
                        1.9760559615679427
                    ],
                    [
                        2.413874984105866e-07,
                        0.9886691078745813,
                        0.9796707487317831,
                        2.8912350425960485,
                        2.990093184920979,
                        3.9857561596250135
                    ],
                    [
                        3.0122810756132375e-06,
                        1.3511900008920144,
                        1.2098873770936982,
                        2.9900931849209793,
                        4.452462581224941,
                        5.05896139117627
                    ],
                    [
                        1.3277376711127303e-06,
                        1.3251256823965947,
                        1.9760559615679432,
                        3.9857561596250135,
                        5.05896139117627,
                        7.4865368945368305
                    ]
                ]
            },
            "est_tgt": [
                0
            ]
        },
        "1": {
            "intv_type": "do",
            "inode": 1,
            "new_mui": 1.0,
            "true_params": {
                "Si": [
                    [
                        1.0,
                        0.0,
                        -0.6133288817278848,
                        0.04412177352359459,
                        -1.0284312432724865,
                        -1.8175115728465587
                    ],
                    [
                        0.0,
                        0.0,
                        0.0,
                        0.0,
                        0.0,
                        0.0
                    ],
                    [
                        -0.6133288817278848,
                        0.0,
                        1.3761723171615778,
                        0.9209661797686108,
                        1.7696998428478623,
                        2.982015783678389
                    ],
                    [
                        0.04412177352359459,
                        0.0,
                        0.9209661797686108,
                        1.9007025640840944,
                        1.6039358803058261,
                        2.547041086974759
                    ],
                    [
                        -1.0284312432724865,
                        0.0,
                        1.7696998428478623,
                        1.6039358803058261,
                        3.679252309760534,
                        5.08668251203739
                    ],
                    [
                        -1.8175115728465587,
                        0.0,
                        2.982015783678389,
                        2.547041086974759,
                        5.08668251203739,
                        8.887743607554281
                    ]
                ],
                "mui": [
                    0.0,
                    1.0,
                    0.0,
                    0.9364703053435488,
                    1.2866192349762355,
                    1.2564979329217487
                ],
                "Ai": [
                    [
                        0.0,
                        0.0,
                        0.0,
                        0.0,
                        0.0,
                        0.0
                    ],
                    [
                        0.0,
                        0.0,
                        0.0,
                        0.0,
                        0.0,
                        0.0
                    ],
                    [
                        -0.6133288817278848,
                        0.0,
                        0.0,
                        0.0,
                        0.0,
                        0.0
                    ],
                    [
                        0.6255743204539277,
                        0.9364703053435488,
                        0.9480273377836881,
                        0.0,
                        0.0,
                        0.0
                    ],
                    [
                        -0.6862003395659653,
                        0.7532317588051278,
                        0.5989632176163309,
                        0.5695722257583298,
                        0.0,
                        0.0
                    ],
                    [
                        -0.7948200081423231,
                        0.0,
                        0.6938532350923128,
                        0.5137365939376553,
                        0.6026638238041886,
                        0.0
                    ]
                ]
            },
            "est_params": {
                "mui": [
                    -0.017833701585989285,
                    1.0000007674923828,
                    -0.030164399598074824,
                    0.8824463984800229,
                    1.2778249340208703,
                    1.2232704071165885
                ],
                "Si": [
                    [
                        1.017575261914797,
                        6.572358033775138e-07,
                        -0.6148359748819109,
                        0.05664149984715974,
                        -1.0319799138332917,
                        -1.8306435534320695
                    ],
                    [
                        6.572358033775138e-07,
                        1.0032641332055578e-06,
                        -2.7869270568237084e-07,
                        1.0980432677238377e-08,
                        -9.238596712546413e-07,
                        -1.106335787660184e-06
                    ],
                    [
                        -0.6148359748819109,
                        -2.786927056823708e-07,
                        1.4258621531535103,
                        0.9707014891299816,
                        1.8047213944449174,
                        3.052034233943287
                    ],
                    [
                        0.056641499847159715,
                        1.0980432677238354e-08,
                        0.9707014891299816,
                        1.9707498132723404,
                        1.6324796522653382,
                        2.6122713557352975
                    ],
                    [
                        -1.0319799138332917,
                        -9.238596712546413e-07,
                        1.8047213944449174,
                        1.6324796522653384,
                        3.666634757972468,
                        5.106779757397874
                    ],
                    [
                        -1.8306435534320695,
                        -1.106335787660184e-06,
                        3.052034233943287,
                        2.6122713557352975,
                        5.106779757397874,
                        8.960716955390033
                    ]
                ]
            },
            "est_tgt": [
                1,
                2,
                4,
                5
            ]
        },
        "2": {
            "intv_type": "do",
            "inode": 2,
            "new_mui": 1.0,
            "true_params": {
                "Si": [
                    [
                        1.0,
                        0.7257449195314145,
                        0.0,
                        1.3052128868490407,
                        0.6038667916676311,
                        0.23964428444581914
                    ],
                    [
                        0.7257449195314145,
                        1.5267056882256593,
                        0.0,
                        1.8837219268811711,
                        1.724872491102754,
                        1.430418554853043
                    ],
                    [
                        0.0,
                        0.0,
                        0.0,
                        0.0,
                        0.0,
                        0.0
                    ],
                    [
                        1.3052128868490407,
                        1.8837219268811711,
                        0.0,
                        3.5805573127870463,
                        2.5626276520221856,
                        2.346456980671001
                    ],
                    [
                        0.6038667916676311,
                        1.724872491102754,
                        0.0,
                        2.5626276520221856,
                        3.3444566782450895,
                        2.8521332434688236
                    ],
                    [
                        0.23964428444581914,
                        1.430418554853043,
                        0.0,
                        2.346456980671001,
                        2.8521332434688236,
                        3.7338642714646313
                    ]
                ],
                "mui": [
                    0.0,
                    0.0,
                    1.0,
                    0.9480273377836881,
                    1.13893325847753,
                    1.86728344317692
                ],
                "Ai": [
                    [
                        0.0,
                        0.0,
                        0.0,
                        0.0,
                        0.0,
                        0.0
                    ],
                    [
                        0.7257449195314145,
                        0.0,
                        0.0,
                        0.0,
                        0.0,
                        0.0
                    ],
                    [
                        0.0,
                        0.0,
                        0.0,
                        0.0,
                        0.0,
                        0.0
                    ],
                    [
                        0.6255743204539277,
                        0.9364703053435488,
                        0.9480273377836881,
                        0.0,
                        0.0,
                        0.0
                    ],
                    [
                        -0.6862003395659653,
                        0.7532317588051278,
                        0.5989632176163309,
                        0.5695722257583298,
                        0.0,
                        0.0
                    ],
                    [
                        -0.7948200081423231,
                        0.0,
                        0.6938532350923128,
                        0.5137365939376553,
                        0.6026638238041886,
                        0.0
                    ]
                ]
            },
            "est_params": {
                "mui": [
                    0.004134745636769832,
                    -0.018406583193061522,
                    1.0000021571635482,
                    0.912520700558199,
                    1.1298374273054292,
                    1.8265061620290353
                ],
                "Si": [
                    [
                        1.0332072681352038,
                        0.7314020846257605,
                        1.5296272255877346e-07,
                        1.3458883807647046,
                        0.5857808820424324,
                        0.1957287904057201
                    ],
                    [
                        0.7314020846257605,
                        1.5776800179781003,
                        4.276158859199885e-07,
                        1.9402857950863857,
                        1.7819160436731871,
                        1.514799253576017
                    ],
                    [
                        1.5296272255877336e-07,
                        4.276158859199885e-07,
                        1.0094723274023293e-06,
                        1.9000301705627234e-06,
                        5.249425416155029e-07,
                        -6.494640207251244e-07
                    ],
                    [
                        1.3458883807647049,
                        1.9402857950863857,
                        1.9000301705627234e-06,
                        3.712175704684821,
                        2.578467257065277,
                        2.4274501444629317
                    ],
                    [
                        0.5857808820424325,
                        1.7819160436731873,
                        5.249425416155029e-07,
                        2.578467257065277,
                        3.3995277690217995,
                        2.944941725487598
                    ],
                    [
                        0.1957287904057201,
                        1.514799253576017,
                        -6.494640207251251e-07,
                        2.4274501444629317,
                        2.944941725487598,
                        3.9007971043162155
                    ]
                ]
            },
            "est_tgt": [
                2,
                3,
                4,
                5
            ]
        },
        "3": {
            "intv_type": "do",
            "inode": 3,
            "new_mui": 1.0,
            "true_params": {
                "Si": [
                    [
                        1.0,
                        0.7257449195314145,
                        -0.6133288817278848,
                        0.0,
                        -0.5069076578401919,
                        -1.5258751442943619
                    ],
                    [
                        0.7257449195314145,
                        1.5267056882256593,
                        -0.4451203199158962,
                        0.0,
                        0.38534610145604,
                        -0.6534506018386445
                    ],
                    [
                        -0.6133288817278848,
                        -0.4451203199158962,
                        1.3761723171615778,
                        0.0,
                        0.909864324538757,
                        1.990689994045467
                    ],
                    [
                        0.0,
                        0.0,
                        0.0,
                        0.0,
                        0.0,
                        0.0
                    ],
                    [
                        -0.5069076578401919,
                        0.38534610145604,
                        0.909864324538757,
                        0.0,
                        2.1830703921070036,
                        2.3498702039491617
                    ],
                    [
                        -1.5258751442943619,
                        -0.6534506018386445,
                        1.990689994045467,
                        0.0,
                        2.3498702039491617,
                        5.010224549602088
                    ]
                ],
                "mui": [
                    0.0,
                    0.0,
                    0.0,
                    1.0,
                    0.5695722257583298,
                    0.8569971694458328
                ],
                "Ai": [
                    [
                        0.0,
                        0.0,
                        0.0,
                        0.0,
                        0.0,
                        0.0
                    ],
                    [
                        0.7257449195314145,
                        0.0,
                        0.0,
                        0.0,
                        0.0,
                        0.0
                    ],
                    [
                        -0.6133288817278848,
                        0.0,
                        0.0,
                        0.0,
                        0.0,
                        0.0
                    ],
                    [
                        0.0,
                        0.0,
                        0.0,
                        0.0,
                        0.0,
                        0.0
                    ],
                    [
                        -0.6862003395659653,
                        0.7532317588051278,
                        0.5989632176163309,
                        0.5695722257583298,
                        0.0,
                        0.0
                    ],
                    [
                        -0.7948200081423231,
                        0.0,
                        0.6938532350923128,
                        0.5137365939376553,
                        0.6026638238041886,
                        0.0
                    ]
                ]
            },
            "est_params": {
                "mui": [
                    0.007335745263014705,
                    0.0065961930861194226,
                    -0.00647389103986313,
                    0.9999993239958251,
                    0.552329852799014,
                    0.8174356055633052
                ],
                "Si": [
                    [
                        0.9871465495278972,
                        0.7115408007217926,
                        -0.6074094565051966,
                        2.305143295759368e-06,
                        -0.5529676091965432,
                        -1.513262358126395
                    ],
                    [
                        0.7115408007217926,
                        1.4713462098828374,
                        -0.453207829565797,
                        -1.6289907122837708e-06,
                        0.2841320635739182,
                        -0.6468222330443124
                    ],
                    [
                        -0.6074094565051965,
                        -0.453207829565797,
                        1.328752152028018,
                        -1.429461367412672e-06,
                        0.8935208558572418,
                        1.9609875678415305
                    ],
                    [
                        2.305143295759368e-06,
                        -1.6289907122837708e-06,
                        -1.429461367412672e-06,
                        1.013474720857755e-06,
                        -4.367081105517734e-06,
                        -6.3555066159941875e-06
                    ],
                    [
                        -0.5529676091965433,
                        0.2841320635739182,
                        0.8935208558572421,
                        -4.367081105517734e-06,
                        2.1346514069038824,
                        2.358668174188029
                    ],
                    [
                        -1.513262358126395,
                        -0.6468222330443124,
                        1.9609875678415305,
                        -6.355506615994188e-06,
                        2.3586681741880295,
                        4.965210466302711
                    ]
                ]
            },
            "est_tgt": [
                1,
                2,
                3,
                4,
                5
            ]
        },
        "4": {
            "intv_type": "do",
            "inode": 4,
            "new_mui": 1.0,
            "true_params": {
                "Si": [
                    [
                        1.0,
                        0.7257449195314145,
                        -0.6133288817278848,
                        0.7237603399187076,
                        0.0,
                        -0.8485580650477701
                    ],
                    [
                        0.7257449195314145,
                        1.5267056882256593,
                        -0.4451203199158962,
                        1.4617356949978806,
                        0.0,
                        -0.134737639644876
                    ],
                    [
                        -0.6133288817278848,
                        -0.4451203199158962,
                        1.3761723171615778,
                        0.5041242178623534,
                        0.0,
                        1.7013347396820142
                    ],
                    [
                        0.7237603399187076,
                        1.4617356949978806,
                        0.5041242178623534,
                        3.29956149561471,
                        0.0,
                        1.4696345044298345
                    ],
                    [
                        0.0,
                        0.0,
                        0.0,
                        0.0,
                        0.0,
                        0.0
                    ],
                    [
                        -0.8485580650477701,
                        -0.134737639644876,
                        1.7013347396820142,
                        1.4696345044298345,
                        0.0,
                        3.609932565912843
                    ]
                ],
                "mui": [
                    0.0,
                    0.0,
                    0.0,
                    0.0,
                    1.0,
                    0.6026638238041886
                ],
                "Ai": [
                    [
                        0.0,
                        0.0,
                        0.0,
                        0.0,
                        0.0,
                        0.0
                    ],
                    [
                        0.7257449195314145,
                        0.0,
                        0.0,
                        0.0,
                        0.0,
                        0.0
                    ],
                    [
                        -0.6133288817278848,
                        0.0,
                        0.0,
                        0.0,
                        0.0,
                        0.0
                    ],
                    [
                        0.6255743204539277,
                        0.9364703053435488,
                        0.9480273377836881,
                        0.0,
                        0.0,
                        0.0
                    ],
                    [
                        0.0,
                        0.0,
                        0.0,
                        0.0,
                        0.0,
                        0.0
                    ],
                    [
                        -0.7948200081423231,
                        0.0,
                        0.6938532350923128,
                        0.5137365939376553,
                        0.6026638238041886,
                        0.0
                    ]
                ]
            },
            "est_params": {
                "mui": [
                    0.020608383790318652,
                    0.003627987962022898,
                    -0.05086008651713269,
                    -0.04717439218317154,
                    1.0000016224126125,
                    0.5190231201921031
                ],
                "Si": [
                    [
                        0.9617068621536426,
                        0.6812617666535367,
                        -0.6039150141542883,
                        0.6623267742208049,
                        -2.3475720982050556e-06,
                        -0.8560081104898498
                    ],
                    [
                        0.6812617666535367,
                        1.4623688008736402,
                        -0.42439861275337504,
                        1.4249630275482776,
                        -1.1615591326343752e-06,
                        -0.1470069569151411
                    ],
                    [
                        -0.6039150141542883,
                        -0.42439861275337504,
                        1.3731427679570412,
                        0.5336451665261154,
                        1.6730237829448043e-06,
                        1.7067614684265207
                    ],
                    [
                        0.6623267742208049,
                        1.4249630275482774,
                        0.5336451665261154,
                        3.3214432539067995,
                        -2.2546939371080828e-07,
                        1.5310854182259572
                    ],
                    [
                        -2.3475720982050556e-06,
                        -1.1615591326343752e-06,
                        1.6730237829448038e-06,
                        -2.2546939371080865e-07,
                        1.01076869952942e-06,
                        4.254089420722348e-06
                    ],
                    [
                        -0.8560081104898498,
                        -0.1470069569151411,
                        1.7067614684265204,
                        1.5310854182259575,
                        4.254089420722348e-06,
                        3.67401871052803
                    ]
                ]
            },
            "est_tgt": [
                1,
                2,
                3,
                4
            ]
        },
        "5": {
            "intv_type": "do",
            "inode": 5,
            "new_mui": 1.0,
            "true_params": {
                "Si": [
                    [
                        1.0,
                        0.7257449195314145,
                        -0.6133288817278848,
                        0.7237603399187076,
                        -0.09467387011708826,
                        0.0
                    ],
                    [
                        0.7257449195314145,
                        1.5267056882256593,
                        -0.4451203199158962,
                        1.4617356949978806,
                        1.2179101547263818,
                        0.0
                    ],
                    [
                        -0.6133288817278848,
                        -0.4451203199158962,
                        1.3761723171615778,
                        0.5041242178623534,
                        1.1969994773652948,
                        0.0
                    ],
                    [
                        0.7237603399187076,
                        1.4617356949978806,
                        0.5041242178623534,
                        3.29956149561471,
                        2.785671606127799,
                        0.0
                    ],
                    [
                        -0.09467387011708826,
                        1.2179101547263818,
                        1.1969994773652948,
                        2.785671606127799,
                        4.285933685115323,
                        0.0
                    ],
                    [
                        0.0,
                        0.0,
                        0.0,
                        0.0,
                        0.0,
                        0.0
                    ]
                ],
                "mui": [
                    0.0,
                    0.0,
                    0.0,
                    0.0,
                    0.0,
                    1.0
                ],
                "Ai": [
                    [
                        0.0,
                        0.0,
                        0.0,
                        0.0,
                        0.0,
                        0.0
                    ],
                    [
                        0.7257449195314145,
                        0.0,
                        0.0,
                        0.0,
                        0.0,
                        0.0
                    ],
                    [
                        -0.6133288817278848,
                        0.0,
                        0.0,
                        0.0,
                        0.0,
                        0.0
                    ],
                    [
                        0.6255743204539277,
                        0.9364703053435488,
                        0.9480273377836881,
                        0.0,
                        0.0,
                        0.0
                    ],
                    [
                        -0.6862003395659653,
                        0.7532317588051278,
                        0.5989632176163309,
                        0.5695722257583298,
                        0.0,
                        0.0
                    ],
                    [
                        0.0,
                        0.0,
                        0.0,
                        0.0,
                        0.0,
                        0.0
                    ]
                ]
            },
            "est_params": {
                "mui": [
                    0.010639296983977356,
                    0.0036990302824524233,
                    -0.00015119448523570093,
                    0.023097706768984403,
                    0.015740684786649622,
                    0.9999994190665827
                ],
                "Si": [
                    [
                        0.9588784160330207,
                        0.7087380667361333,
                        -0.5968892811063937,
                        0.6906490420148431,
                        -0.07063675910456728,
                        -1.0674550201208196e-06
                    ],
                    [
                        0.7087380667361334,
                        1.5328382943600727,
                        -0.44087256303087524,
                        1.4685543709648807,
                        1.3046248106987892,
                        -2.1222847047344385e-06
                    ],
                    [
                        -0.5968892811063938,
                        -0.44087256303087524,
                        1.3708112144959481,
                        0.5205200801454705,
                        1.172454706867949,
                        8.980984404608828e-07
                    ],
                    [
                        0.690649042014843,
                        1.4685543709648807,
                        0.5205200801454705,
                        3.3028803229081403,
                        2.883294777955472,
                        -1.4783891745252593e-06
                    ],
                    [
                        -0.07063675910456726,
                        1.3046248106987892,
                        1.172454706867949,
                        2.883294777955472,
                        4.4407965911247524,
                        -1.8729162820939763e-06
                    ],
                    [
                        -1.0674550201208196e-06,
                        -2.1222847047344385e-06,
                        8.980984404608828e-07,
                        -1.4783891745252593e-06,
                        -1.8729162820939767e-06,
                        1.0024007698942905e-06
                    ]
                ]
            },
            "est_tgt": [
                2,
                5
            ]
        },
        "obs": {
            "intv_type": "obs",
            "true_params": {
                "Si": [
                    [
                        1.0,
                        0.7257449195314145,
                        -0.6133288817278848,
                        0.7237603399187076,
                        -0.09467387011708826,
                        -0.9056145816268756
                    ],
                    [
                        0.7257449195314145,
                        1.5267056882256593,
                        -0.4451203199158962,
                        1.4617356949978806,
                        1.2179101547263818,
                        0.5992527512524762
                    ],
                    [
                        -0.6133288817278848,
                        -0.4451203199158962,
                        1.3761723171615778,
                        0.5041242178623534,
                        1.1969994773652948,
                        2.422723021802598
                    ],
                    [
                        0.7237603399187076,
                        1.4617356949978806,
                        0.5041242178623534,
                        3.29956149561471,
                        2.785671606127799,
                        3.1484580064415693
                    ],
                    [
                        -0.09467387011708826,
                        1.2179101547263818,
                        1.1969994773652948,
                        2.785671606127799,
                        4.285933685115323,
                        4.919869271994758
                    ],
                    [
                        -0.9056145816268756,
                        0.5992527512524762,
                        2.422723021802598,
                        3.1484580064415693,
                        4.919869271994758,
                        7.983320116014958
                    ]
                ],
                "mui": [
                    0.0,
                    0.0,
                    0.0,
                    0.0,
                    0.0,
                    0.0
                ],
                "Ai": [
                    [
                        0.0,
                        0.0,
                        0.0,
                        0.0,
                        0.0,
                        0.0
                    ],
                    [
                        0.7257449195314145,
                        0.0,
                        0.0,
                        0.0,
                        0.0,
                        0.0
                    ],
                    [
                        -0.6133288817278848,
                        0.0,
                        0.0,
                        0.0,
                        0.0,
                        0.0
                    ],
                    [
                        0.6255743204539277,
                        0.9364703053435488,
                        0.9480273377836881,
                        0.0,
                        0.0,
                        0.0
                    ],
                    [
                        -0.6862003395659653,
                        0.7532317588051278,
                        0.5989632176163309,
                        0.5695722257583298,
                        0.0,
                        0.0
                    ],
                    [
                        -0.7948200081423231,
                        0.0,
                        0.6938532350923128,
                        0.5137365939376553,
