{
    "expt_args": {
        "save_dir": "expt_logs_30.04.24-sp1",
        "exp_name": "485",
        "num_nodes": 6,
        "obs_noise_mean": 0.0,
        "obs_noise_var": 1.0,
        "max_edge_strength": 1.0,
        "graph_sparsity_method": "adj_dense_prop",
        "adj_dense_prop": 0.9,
        "num_parents": null,
        "new_noise_mean": 1.0,
        "mix_samples": 32768,
        "stage2_samples": 32768,
        "gmm_tol": 0.001,
        "intv_targets": [
            0,
            1,
            2,
            3,
            4,
            5
        ]
    },
    "intv_args_dict": {
        "0": {
            "intv_type": "do",
            "inode": 0,
            "new_mui": 1.0,
            "true_params": {
                "Si": [
                    [
                        0.0,
                        0.0,
                        0.0,
                        0.0,
                        0.0,
                        0.0
                    ],
                    [
                        0.0,
                        1.0,
                        -0.5593063966547628,
                        0.21207879387445328,
                        0.3343686149433602,
                        -1.6410655505206886
                    ],
                    [
                        0.0,
                        -0.5593063966547628,
                        1.3128236453389348,
                        0.686812050077563,
                        1.3501196675573657,
                        -0.23055351299741345
                    ],
                    [
                        0.0,
                        0.21207879387445328,
                        0.686812050077563,
                        1.693693411416589,
                        2.058237468580031,
                        -2.5783564915438832
                    ],
                    [
                        0.0,
                        0.3343686149433602,
                        1.3501196675573657,
                        2.058237468580031,
                        4.03599299419372,
                        -4.278273004098494
                    ],
                    [
                        0.0,
                        -1.6410655505206886,
                        -0.23055351299741345,
                        -2.5783564915438832,
                        -4.278273004098494,
                        7.688534649228517
                    ]
                ],
                "mui": [
                    1.0,
                    0.5808749552842316,
                    -1.301222293516631,
                    -1.5858060029474137,
                    -1.0124134778227525,
                    1.380900824158855
                ],
                "Ai": [
                    [
                        0.0,
                        0.0,
                        0.0,
                        0.0,
                        0.0,
                        0.0
                    ],
                    [
                        0.5808749552842316,
                        0.0,
                        0.0,
                        0.0,
                        0.0,
                        0.0
                    ],
                    [
                        -0.976335215369611,
                        -0.5593063966547628,
                        0.0,
                        0.0,
                        0.0,
                        0.0
                    ],
                    [
                        -0.9226284923902359,
                        0.6625604281812966,
                        0.8054290760863716,
                        0.0,
                        0.0,
                        0.0
                    ],
                    [
                        0.9854184742565996,
                        0.6976593352185297,
                        0.9336483802043862,
                        0.7492724194460025,
                        0.0,
                        0.0
                    ],
                    [
                        0.9804005637183811,
                        -0.7304556147185277,
                        0.8237440478055255,
                        -0.5664087130903994,
                        -0.9862209824983428,
                        0.0
                    ]
                ]
            },
            "est_params": {
                "mui": [
                    1.0000019237142708,
                    0.5761894623951147,
                    -1.2876586130160412,
                    -1.578069156350454,
                    -0.997910380918842,
                    1.3736920980682727
                ],
                "Si": [
                    [
                        1.0081822111412058e-06,
                        1.3203928620716976e-06,
                        -1.2538435584152877e-07,
                        3.4228965260631812e-06,
                        2.6258807089081083e-06,
                        -3.676673483993865e-06
                    ],
                    [
                        1.3203928620716976e-06,
                        0.9918310677280571,
                        -0.536258073769592,
                        0.1855393169364868,
                        0.3171836192349635,
                        -1.5629444407635085
                    ],
                    [
                        -1.2538435584152877e-07,
                        -0.536258073769592,
                        1.3033883647081674,
                        0.736623777959561,
                        1.3754897573304476,
                        -0.34666410554992466
                    ],
                    [
                        3.4228965260631812e-06,
                        0.18553931693648676,
                        0.736623777959561,
                        1.7229754914259539,
                        2.092844101357265,
                        -2.5794567828700643
                    ],
                    [
                        2.6258807089081083e-06,
                        0.3171836192349636,
                        1.3754897573304474,
                        2.092844101357265,
                        4.05474829939165,
                        -4.291406767420252
                    ],
                    [
                        -3.676673483993865e-06,
                        -1.5629444407635085,
                        -0.3466641055499246,
                        -2.5794567828700643,
                        -4.291406767420252,
                        7.523805573705215
                    ]
                ]
            },
            "est_tgt": [
                0
            ]
        },
        "1": {
            "intv_type": "do",
            "inode": 1,
            "new_mui": 1.0,
            "true_params": {
                "Si": [
                    [
                        1.0,
                        0.0,
                        -0.976335215369611,
                        -1.7089972628559704,
                        -1.2066398320764273,
                        2.334154702436053
                    ],
                    [
                        0.0,
                        0.0,
                        0.0,
                        0.0,
                        0.0,
                        0.0
                    ],
                    [
                        -0.976335215369611,
                        0.0,
                        1.9532304527708246,
                        2.4739832867829312,
                        2.71521913305967,
                        -3.4273294068422984
                    ],
                    [
                        -1.7089972628559704,
                        0.0,
                        2.4739832867829312,
                        4.569387641054545,
                        4.049469146284974,
                        -6.219385286466146
                    ],
                    [
                        -1.2066398320764273,
                        0.0,
                        2.71521913305967,
                        4.049469146284974,
                        5.380170307888007,
                        -6.546036227127471
                    ],
                    [
                        2.334154702436053,
                        0.0,
                        -3.4273294068422984,
                        -6.219385286466146,
                        -6.546036227127471,
                        10.443716683027088
                    ]
                ],
                "mui": [
                    0.0,
                    1.0,
                    -0.5593063966547628,
                    0.21207879387445328,
                    0.3343686149433602,
                    -1.6410655505206886
                ],
                "Ai": [
                    [
                        0.0,
                        0.0,
                        0.0,
                        0.0,
                        0.0,
                        0.0
                    ],
                    [
                        0.0,
                        0.0,
                        0.0,
                        0.0,
                        0.0,
                        0.0
                    ],
                    [
                        -0.976335215369611,
                        -0.5593063966547628,
                        0.0,
                        0.0,
                        0.0,
                        0.0
                    ],
                    [
                        -0.9226284923902359,
                        0.6625604281812966,
                        0.8054290760863716,
                        0.0,
                        0.0,
                        0.0
                    ],
                    [
                        0.9854184742565996,
                        0.6976593352185297,
                        0.9336483802043862,
                        0.7492724194460025,
                        0.0,
                        0.0
                    ],
                    [
                        0.9804005637183811,
                        -0.7304556147185277,
                        0.8237440478055255,
                        -0.5664087130903994,
                        -0.9862209824983428,
                        0.0
                    ]
                ]
            },
            "est_params": {
                "mui": [
                    0.010393343702465398,
                    0.9999990901767982,
                    -0.578512770058976,
                    0.19462203587515722,
                    0.3386399319143922,
                    -1.637415006469974
                ],
                "Si": [
                    [
                        1.0160280567570834,
                        1.206756778950431e-06,
                        -1.007997295976993,
                        -1.7534395521456867,
                        -1.2482919370935095,
                        2.3926764118294086
                    ],
                    [
                        1.2067567789504315e-06,
                        1.0140495721234027e-06,
                        -3.4467411042430856e-07,
                        -1.6023394986253127e-07,
                        6.355096425348032e-07,
                        -1.912125348166754e-06
                    ],
                    [
                        -1.007997295976993,
                        -3.446741104243089e-07,
                        2.0045942813168485,
                        2.5762870017293427,
                        2.8125721442346747,
                        -3.5545374288923868
                    ],
                    [
                        -1.7534395521456867,
                        -1.6023394986253175e-07,
                        2.5762870017293427,
                        4.7130111465520095,
                        4.218488668440487,
                        -6.431863669204237
                    ],
                    [
                        -1.2482919370935095,
                        6.355096425348035e-07,
                        2.8125721442346747,
                        4.218488668440487,
                        5.571376758339177,
                        -6.802558650044118
                    ],
                    [
                        2.3926764118294086,
                        -1.912125348166754e-06,
                        -3.5545374288923868,
                        -6.431863669204237,
                        -6.802558650044118,
                        10.82906082570931
                    ]
                ]
            },
            "est_tgt": [
                1,
                2
            ]
        },
        "2": {
            "intv_type": "do",
            "inode": 2,
            "new_mui": 1.0,
            "true_params": {
                "Si": [
                    [
                        1.0,
                        0.5808749552842316,
                        0.0,
                        -0.537763733297324,
                        0.9877397758672891,
                        -0.11343843690326427
                    ],
                    [
                        0.5808749552842316,
                        1.337415713676458,
                        0.0,
                        0.35018694364873204,
                        1.7678508884104778,
                        -2.3492732598290935
                    ],
                    [
                        0.0,
                        0.0,
                        0.0,
                        0.0,
                        0.0,
                        0.0
                    ],
                    [
                        -0.537763733297324,
                        0.35018694364873204,
                        0.0,
                        1.7281761538416585,
                        1.0092636007496276,
                        -2.7572308576834175
                    ],
                    [
                        0.9877397758672891,
                        1.7678508884104778,
                        0.0,
                        1.0092636007496276,
                        3.962908078464099,
                        -4.802914770320276
                    ],
                    [
                        -0.11343843690326427,
                        -2.3492732598290935,
                        0.0,
                        -2.7572308576834175,
                        -4.802914770320276,
                        8.903279641097637
                    ]
                ],
                "mui": [
                    0.0,
                    0.0,
                    1.0,
                    0.8054290760863716,
                    1.5371341727357803,
                    -1.1484119727334043
                ],
                "Ai": [
                    [
                        0.0,
                        0.0,
                        0.0,
                        0.0,
                        0.0,
                        0.0
                    ],
                    [
                        0.5808749552842316,
                        0.0,
                        0.0,
                        0.0,
                        0.0,
                        0.0
                    ],
                    [
                        0.0,
                        0.0,
                        0.0,
                        0.0,
                        0.0,
                        0.0
                    ],
                    [
                        -0.9226284923902359,
                        0.6625604281812966,
                        0.8054290760863716,
                        0.0,
                        0.0,
                        0.0
                    ],
                    [
                        0.9854184742565996,
                        0.6976593352185297,
                        0.9336483802043862,
                        0.7492724194460025,
                        0.0,
                        0.0
                    ],
                    [
                        0.9804005637183811,
                        -0.7304556147185277,
                        0.8237440478055255,
                        -0.5664087130903994,
                        -0.9862209824983428,
                        0.0
                    ]
                ]
            },
            "est_params": {
                "mui": [
                    0.03828480847616887,
                    0.027001563086357906,
                    1.0000006438455655,
                    0.8002724229921714,
                    1.591881936632047,
                    -1.2008906390341065
                ],
                "Si": [
                    [
                        0.9939027278495443,
                        0.5645144247019542,
                        9.052580089718099e-07,
                        -0.5450764675972474,
                        0.980447860783156,
                        -0.08059027265558237
                    ],
                    [
                        0.5645144247019542,
                        1.339868948155963,
                        1.5894928108865743e-06,
                        0.3517217729432002,
                        1.7847365791924297,
                        -2.3666535978314536
                    ],
                    [
                        9.052580089718094e-07,
                        1.5894928108865747e-06,
                        1.0061749384934576e-06,
                        -1.3472626385017431e-06,
                        1.984082180034863e-06,
                        -1.2821055492082645e-06
                    ],
                    [
                        -0.5450764675972474,
                        0.3517217729432002,
                        -1.3472626385017431e-06,
                        1.7278133201569945,
                        1.005431430726524,
                        -2.7524459706757964
                    ],
                    [
                        0.9804478607831556,
                        1.7847365791924297,
                        1.9840821800348634e-06,
                        1.005431430726524,
                        4.042354728209623,
                        -4.849141243745154
                    ],
                    [
                        -0.08059027265558236,
                        -2.3666535978314536,
                        -1.2821055492082658e-06,
                        -2.7524459706757964,
                        -4.849141243745154,
                        8.929440172437511
                    ]
                ]
            },
            "est_tgt": [
                1,
                2
            ]
        },
        "3": {
            "intv_type": "do",
            "inode": 3,
            "new_mui": 1.0,
            "true_params": {
                "Si": [
                    [
                        1.0,
                        0.5808749552842316,
                        -1.301222293516631,
                        0.0,
                        0.17578722277765077,
                        -0.6891419755329686
                    ],
                    [
                        0.5808749552842316,
                        1.337415713676458,
                        -1.315153838216081,
                        0.0,
                        0.27757421911436564,
                        -1.7645323489274733
                    ],
                    [
                        -1.301222293516631,
                        -1.315153838216081,
                        3.0060031024836165,
                        0.0,
                        0.6067720878974273,
                        1.5627082339339795
                    ],
                    [
                        0.0,
                        0.0,
                        0.0,
                        0.0,
                        0.0,
                        0.0
                    ],
                    [
                        0.17578722277765077,
                        0.27757421911436564,
                        0.6067720878974273,
                        0.0,
                        1.933387999063155,
                        -1.4373366707540347
                    ],
                    [
                        -0.6891419755329686,
                        -1.7645323489274733,
                        1.5627082339339795,
                        0.0,
                        -1.4373366707540347,
                        4.318080570103765
                    ]
                ],
                "mui": [
                    0.0,
                    0.0,
                    0.0,
                    1.0,
                    0.7492724194460025,
                    -1.3053568947553464
                ],
                "Ai": [
                    [
                        0.0,
                        0.0,
                        0.0,
                        0.0,
                        0.0,
                        0.0
                    ],
                    [
                        0.5808749552842316,
                        0.0,
                        0.0,
                        0.0,
                        0.0,
                        0.0
                    ],
                    [
                        -0.976335215369611,
                        -0.5593063966547628,
                        0.0,
                        0.0,
                        0.0,
                        0.0
                    ],
                    [
                        0.0,
                        0.0,
                        0.0,
                        0.0,
                        0.0,
                        0.0
                    ],
                    [
                        0.9854184742565996,
                        0.6976593352185297,
                        0.9336483802043862,
                        0.7492724194460025,
                        0.0,
                        0.0
                    ],
                    [
                        0.9804005637183811,
                        -0.7304556147185277,
                        0.8237440478055255,
                        -0.5664087130903994,
                        -0.9862209824983428,
                        0.0
                    ]
                ]
            },
            "est_params": {
                "mui": [
                    0.031141614242037,
                    0.021233690852258923,
                    -0.04601004377633987,
                    0.9999995674933952,
                    0.7283577540366589,
                    -1.2995816014526147
                ],
                "Si": [
                    [
                        0.9684449272271233,
                        0.5438415315157707,
                        -1.2372896326731686,
                        1.4026246112676323e-06,
                        0.16596488529321796,
                        -0.6452885570540018
                    ],
                    [
                        0.5438415315157707,
                        1.3011894266093307,
                        -1.2629948613460753,
                        2.442910604292691e-06,
                        0.2715169033694547,
                        -1.746839663457431
                    ],
                    [
                        -1.2372896326731686,
                        -1.2629948613460753,
                        2.9483357046799696,
                        -3.365192107603929e-06,
                        0.6728666984797564,
                        1.51325670973581
                    ],
                    [
                        1.4026246112676323e-06,
                        2.442910604292691e-06,
                        -3.365192107603928e-06,
                        1.0108145133413623e-06,
                        -4.595933419103187e-07,
                        -4.208340571017067e-06
                    ],
                    [
                        0.16596488529321798,
                        0.27151690336945467,
                        0.6728666984797564,
                        -4.595933419103189e-07,
                        1.9756171271932625,
                        -1.4454897024403075
                    ],
                    [
                        -0.6452885570540018,
                        -1.746839663457431,
                        1.51325670973581,
                        -4.208340571017067e-06,
                        -1.4454897024403077,
                        4.354794227336998
                    ]
                ]
            },
            "est_tgt": [
                3
            ]
        },
        "4": {
            "intv_type": "do",
            "inode": 4,
            "new_mui": 1.0,
            "true_params": {
                "Si": [
                    [
                        1.0,
                        0.5808749552842316,
                        -1.301222293516631,
                        -1.5858060029474137,
                        0.0,
                        0.38243740936593595
                    ],
                    [
                        0.5808749552842316,
                        1.337415713676458,
                        -1.315153838216081,
                        -0.7090761971770917,
                        0.0,
                        -1.0891558935101824
                    ],
                    [
                        -1.301222293516631,
                        -1.315153838216081,
                        3.0060031024836165,
                        2.7502981743052377,
                        0.0,
                        0.6033267490896458
                    ],
                    [
                        -1.5858060029474137,
                        -0.7090761971770917,
                        2.7502981743052377,
                        4.2084740904006415,
                        0.0,
                        -1.154951052590142
                    ],
                    [
                        0.0,
                        0.0,
                        0.0,
                        0.0,
                        0.0,
                        0.0
                    ],
                    [
                        0.38243740936593595,
                        -1.0891558935101824,
                        0.6033267490896458,
                        -1.154951052590142,
                        0.0,
                        3.3216830472720864
                    ]
                ],
                "mui": [
                    0.0,
                    0.0,
                    0.0,
                    0.0,
                    1.0,
                    -0.9862209824983428
                ],
                "Ai": [
                    [
                        0.0,
                        0.0,
                        0.0,
                        0.0,
                        0.0,
                        0.0
                    ],
                    [
                        0.5808749552842316,
                        0.0,
                        0.0,
                        0.0,
                        0.0,
                        0.0
                    ],
                    [
                        -0.976335215369611,
                        -0.5593063966547628,
                        0.0,
                        0.0,
                        0.0,
                        0.0
                    ],
                    [
                        -0.9226284923902359,
                        0.6625604281812966,
                        0.8054290760863716,
                        0.0,
                        0.0,
                        0.0
                    ],
                    [
                        0.0,
                        0.0,
                        0.0,
                        0.0,
                        0.0,
                        0.0
                    ],
                    [
                        0.9804005637183811,
                        -0.7304556147185277,
                        0.8237440478055255,
                        -0.5664087130903994,
                        -0.9862209824983428,
                        0.0
                    ]
                ]
            },
            "est_params": {
                "mui": [
                    -0.010400520193424172,
                    0.03168692257124558,
                    -0.017026226276847023,
                    0.027013345560359357,
                    1.0000000460473342,
                    -1.0255644445582524
                ],
                "Si": [
                    [
                        1.0093276246566634,
                        0.6133131199346534,
                        -1.3095642849224483,
                        -1.5764491095444286,
                        9.630088511959845e-07,
                        0.3668859728270354
                    ],
                    [
                        0.6133131199346534,
                        1.4060589965473764,
                        -1.3607831743365297,
                        -0.7195234269071508,
                        1.5652382449609323e-06,
                        -1.120730208507553
                    ],
                    [
                        -1.3095642849224483,
                        -1.3607831743365297,
                        2.9663216013179525,
                        2.6931647626906683,
                        -1.603342088298864e-06,
                        0.6044348326311908
                    ],
                    [
                        -1.5764491095444289,
                        -0.7195234269071508,
                        2.6931647626906683,
                        4.141765896710308,
                        -2.2394307933524757e-07,
                        -1.1619516609747536
                    ],
                    [
                        9.630088511959845e-07,
                        1.5652382449609323e-06,
                        -1.6033420882988637e-06,
                        -2.2394307933524768e-07,
                        1.0048162558393058e-06,
                        -9.763620746432092e-07
                    ],
                    [
                        0.36688597282703533,
                        -1.120730208507553,
                        0.6044348326311908,
                        -1.1619516609747536,
                        -9.763620746432094e-07,
                        3.29958309618122
                    ]
                ]
            },
            "est_tgt": [
                4,
                5
            ]
        },
        "5": {
            "intv_type": "do",
            "inode": 5,
            "new_mui": 1.0,
            "true_params": {
                "Si": [
                    [
                        1.0,
                        0.5808749552842316,
                        -1.301222293516631,
                        -1.5858060029474137,
                        -1.0124134778227525,
                        0.0
                    ],
                    [
                        0.5808749552842316,
                        1.337415713676458,
                        -1.315153838216081,
                        -0.7090761971770917,
                        -0.2537170187160846,
                        0.0
                    ],
                    [
                        -1.301222293516631,
                        -1.315153838216081,
                        3.0060031024836165,
                        2.7502981743052377,
                        2.6674946551570367,
                        0.0
                    ],
                    [
                        -1.5858060029474137,
                        -0.7090761971770917,
                        2.7502981743052377,
                        4.2084740904006415,
                        3.66372883917622,
                        0.0
                    ],
                    [
                        -1.0124134778227525,
                        -0.2537170187160846,
                        2.6674946551570367,
                        3.66372883917622,
                        5.06097404427088,
                        0.0
                    ],
                    [
                        0.0,
                        0.0,
                        0.0,
                        0.0,
                        0.0,
                        0.0
                    ]
                ],
                "mui": [
                    0.0,
                    0.0,
                    0.0,
                    0.0,
                    0.0,
                    1.0
                ],
                "Ai": [
                    [
                        0.0,
                        0.0,
                        0.0,
                        0.0,
                        0.0,
                        0.0
                    ],
                    [
                        0.5808749552842316,
                        0.0,
                        0.0,
                        0.0,
                        0.0,
                        0.0
                    ],
                    [
                        -0.976335215369611,
                        -0.5593063966547628,
                        0.0,
                        0.0,
                        0.0,
                        0.0
                    ],
                    [
                        -0.9226284923902359,
                        0.6625604281812966,
                        0.8054290760863716,
                        0.0,
                        0.0,
                        0.0
                    ],
                    [
                        0.9854184742565996,
                        0.6976593352185297,
                        0.9336483802043862,
                        0.7492724194460025,
                        0.0,
                        0.0
                    ],
                    [
                        0.0,
                        0.0,
                        0.0,
                        0.0,
                        0.0,
                        0.0
                    ]
                ]
            },
            "est_params": {
                "mui": [
                    0.011238847575513604,
                    -0.013529459290408979,
                    0.0006160904555226324,
                    -0.02526670650484187,
                    -0.012397908944439977,
                    1.0000004780657212
                ],
                "Si": [
                    [
                        0.9988828341804251,
                        0.5933699898687926,
                        -1.2919834871018383,
                        -1.5520167089823516,
                        -0.9716959874645006,
                        5.976617555561459e-07
                    ],
                    [
                        0.5933699898687926,
                        1.3321633776405284,
                        -1.3219706996052147,
                        -0.7310251271501306,
                        -0.2747805433057276,
                        8.004716551093946e-07
                    ],
                    [
                        -1.2919834871018383,
                        -1.3219706996052147,
                        2.98154723465971,
                        2.696094034427693,
                        2.6085243747365054,
                        -2.8265725977998348e-06
                    ],
                    [
                        -1.5520167089823516,
                        -0.7310251271501306,
                        2.696094034427693,
                        4.0905646658459185,
                        3.5190165360230576,
                        -1.6802137228785168e-06
                    ],
                    [
                        -0.9716959874645006,
                        -0.2747805433057276,
                        2.608524374736505,
                        3.5190165360230576,
                        4.902193401894452,
                        -1.6460522457344677e-06
                    ],
                    [
                        5.976617555561457e-07,
                        8.004716551093947e-07,
                        -2.8265725977998348e-06,
                        -1.6802137228785168e-06,
                        -1.6460522457344679e-06,
                        1.0036558208247503e-06
                    ]
                ]
            },
            "est_tgt": [
                4,
                5
            ]
        },
        "obs": {
            "intv_type": "obs",
            "true_params": {
                "Si": [
                    [
                        1.0,
                        0.5808749552842316,
                        -1.301222293516631,
                        -1.5858060029474137,
                        -1.0124134778227525,
                        1.380900824158855
                    ],
                    [
                        0.5808749552842316,
                        1.337415713676458,
                        -1.315153838216081,
                        -0.7090761971770917,
                        -0.2537170187160846,
                        -0.8389348460354551
                    ],
                    [
                        -1.301222293516631,
                        -1.315153838216081,
                        3.0060031024836165,
                        2.7502981743052377,
                        2.6674946551570367,
                        -2.027412450528405
                    ],
                    [
                        -1.5858060029474137,
                        -0.7090761971770917,
                        2.7502981743052377,
                        4.2084740904006415,
                        3.66372883917622,
                        -4.768197307970025
                    ],
                    [
                        -1.0124134778227525,
                        -0.2537170187160846,
                        2.6674946551570367,
                        3.66372883917622,
                        5.06097404427088,
                        -5.676315610013466
                    ],
                    [
                        1.380900824158855,
                        -0.8389348460354551,
                        -2.027412450528405,
                        -4.768197307970025,
                        -5.676315610013466,
                        9.595421735391122
                    ]
                ],
                "mui": [
                    0.0,
                    0.0,
                    0.0,
                    0.0,
                    0.0,
                    0.0
                ],
                "Ai": [
                    [
                        0.0,
                        0.0,
                        0.0,
                        0.0,
                        0.0,
                        0.0
                    ],
                    [
                        0.5808749552842316,
                        0.0,
                        0.0,
                        0.0,
                        0.0,
                        0.0
                    ],
                    [
                        -0.976335215369611,
                        -0.5593063966547628,
                        0.0,
                        0.0,
                        0.0,
                        0.0
                    ],
                    [
                        -0.9226284923902359,
                        0.6625604281812966,
                        0.8054290760863716,
                        0.0,
                        0.0,
                        0.0
                    ],
                    [
                        0.9854184742565996,
                        0.6976593352185297,
                        0.9336483802043862,
                        0.7492724194460025,
                        0.0,
                        0.0
                    ],
                    [
                        0.9804005637183811,
                        -0.7304556147185277,
