{
    "expt_args": {
        "save_dir": "expt_logs_30.04.24-sp1",
        "exp_name": "469",
        "num_nodes": 6,
        "obs_noise_mean": 0.0,
        "obs_noise_var": 1.0,
        "max_edge_strength": 1.0,
        "graph_sparsity_method": "adj_dense_prop",
        "adj_dense_prop": 0.4,
        "num_parents": null,
        "new_noise_mean": 1.0,
        "mix_samples": 32768,
        "stage2_samples": 32768,
        "gmm_tol": 0.001,
        "intv_targets": [
            0,
            1,
            2,
            3,
            4,
            5
        ]
    },
    "intv_args_dict": {
        "0": {
            "intv_type": "do",
            "inode": 0,
            "new_mui": 1.0,
            "true_params": {
                "Si": [
                    [
                        0.0,
                        0.0,
                        0.0,
                        0.0,
                        0.0,
                        0.0
                    ],
                    [
                        0.0,
                        1.0,
                        0.0,
                        0.0,
                        0.0,
                        0.0
                    ],
                    [
                        0.0,
                        0.0,
                        1.0,
                        -0.9242039191484851,
                        -1.6302917548081497,
                        0.0
                    ],
                    [
                        0.0,
                        0.0,
                        -0.9242039191484851,
                        1.8541528841694195,
                        2.2918424048691435,
                        0.0
                    ],
                    [
                        0.0,
                        0.0,
                        -1.6302917548081497,
                        2.2918424048691435,
                        4.274265210166135,
                        0.0
                    ],
                    [
                        0.0,
                        0.0,
                        0.0,
                        0.0,
                        0.0,
                        1.0
                    ]
                ],
                "mui": [
                    1.0,
                    0.7260958881303272,
                    0.8883152797497185,
                    -0.8209844629841727,
                    -2.0859567611207632,
                    -0.5647352631611773
                ],
                "Ai": [
                    [
                        0.0,
                        0.0,
                        0.0,
                        0.0,
                        0.0,
                        0.0
                    ],
                    [
                        0.7260958881303272,
                        0.0,
                        0.0,
                        0.0,
                        0.0,
                        0.0
                    ],
                    [
                        0.8883152797497185,
                        -0.0,
                        0.0,
                        0.0,
                        0.0,
                        0.0
                    ],
                    [
                        0.0,
                        -0.0,
                        -0.9242039191484851,
                        0.0,
                        0.0,
                        0.0
                    ],
                    [
                        -0.6377436848747022,
                        -0.0,
                        -0.9046804265644036,
                        0.7851203757199903,
                        0.0,
                        0.0
                    ],
                    [
                        -0.5647352631611773,
                        -0.0,
                        0.0,
                        -0.0,
                        -0.0,
                        0.0
                    ]
                ]
            },
            "est_params": {
                "mui": [
                    1.000001046900739,
                    0.7299506612905458,
                    0.891406623744121,
                    -0.8188985326860402,
                    -2.0673146705525034,
                    -0.5968372449842886
                ],
                "Si": [
                    [
                        1.0142121213471293e-06,
                        -2.996115172182111e-08,
                        -2.8145646971354837e-07,
                        -2.4681852850361513e-07,
                        1.5507227409691337e-06,
                        5.450878132696481e-07
                    ],
                    [
                        -2.996115172182147e-08,
                        0.9764049166731223,
                        0.01482180620763022,
                        -0.026577743616233527,
                        -0.025008116345870603,
                        0.01725433268394157
                    ],
                    [
                        -2.814564697135485e-07,
                        0.01482180620763022,
                        1.019345049744967,
                        -0.9079502675188899,
                        -1.622885191121452,
                        0.016531034432944656
                    ],
                    [
                        -2.4681852850361513e-07,
                        -0.026577743616233516,
                        -0.9079502675188899,
                        1.8259097812391458,
                        2.231722631768515,
                        0.0006881851368546909
                    ],
                    [
                        1.550722740969134e-06,
                        -0.025008116345870596,
                        -1.6228851911214521,
                        2.231722631768515,
                        4.174989697867884,
                        -0.0027077181222232576
                    ],
                    [
                        5.45087813269648e-07,
                        0.017254332683941574,
                        0.016531034432944656,
                        0.0006881851368547062,
                        -0.0027077181222232697,
                        0.9873645116652892
                    ]
                ]
            },
            "est_tgt": [
                0
            ]
        },
        "1": {
            "intv_type": "do",
            "inode": 1,
            "new_mui": 1.0,
            "true_params": {
                "Si": [
                    [
                        1.0,
                        0.0,
                        0.8883152797497185,
                        -0.8209844629841727,
                        -2.0859567611207632,
                        -0.5647352631611773
                    ],
                    [
                        0.0,
                        0.0,
                        0.0,
                        0.0,
                        0.0,
                        0.0
                    ],
                    [
                        0.8883152797497185,
                        0.0,
                        1.7891040362368207,
                        -1.6534969620544429,
                        -3.483279018608957,
                        -0.5016629632795521
                    ],
                    [
                        -0.8209844629841727,
                        0.0,
                        -1.6534969620544429,
                        2.52816837263083,
                        4.004380496206077,
                        0.4636388767546046
                    ],
                    [
                        -2.0859567611207632,
                        0.0,
                        -3.483279018608957,
                        4.004380496206077,
                        8.625480819431559,
                        1.1780133404343713
                    ],
                    [
                        -0.5647352631611773,
                        0.0,
                        -0.5016629632795521,
                        0.4636388767546046,
                        1.1780133404343713,
                        1.3189259174577241
                    ]
                ],
                "mui": [
                    0.0,
                    1.0,
                    0.0,
                    0.0,
                    0.0,
                    0.0
                ],
                "Ai": [
                    [
                        0.0,
                        0.0,
                        0.0,
                        0.0,
                        0.0,
                        0.0
                    ],
                    [
                        0.0,
                        0.0,
                        0.0,
                        0.0,
                        0.0,
                        0.0
                    ],
                    [
                        0.8883152797497185,
                        -0.0,
                        0.0,
                        0.0,
                        0.0,
                        0.0
                    ],
                    [
                        0.0,
                        -0.0,
                        -0.9242039191484851,
                        0.0,
                        0.0,
                        0.0
                    ],
                    [
                        -0.6377436848747022,
                        -0.0,
                        -0.9046804265644036,
                        0.7851203757199903,
                        0.0,
                        0.0
                    ],
                    [
                        -0.5647352631611773,
                        -0.0,
                        0.0,
                        -0.0,
                        -0.0,
                        0.0
                    ]
                ]
            },
            "est_params": {
                "mui": [
                    -0.003834137397925689,
                    1.0000001789069826,
                    0.019227992944527594,
                    -0.019055538426543343,
                    -0.04112129889799857,
                    -0.0010721900631566446
                ],
                "Si": [
                    [
                        1.0044051460736594,
                        1.5869866520449756e-07,
                        0.8776254139486283,
                        -0.8054017612168872,
                        -2.0579571572397573,
                        -0.5639612382360354
                    ],
                    [
                        1.5869866520449748e-07,
                        1.0083539911628665e-06,
                        6.229320100669724e-07,
                        2.2514694596827064e-07,
                        -2.753761160063896e-07,
                        -2.5177045286555954e-06
                    ],
                    [
                        0.8776254139486283,
                        6.229320100669722e-07,
                        1.7933964161707077,
                        -1.65325195192844,
                        -3.47484610624811,
                        -0.49522673424822
                    ],
                    [
                        -0.8054017612168873,
                        2.2514694596827058e-07,
                        -1.65325195192844,
                        2.565049363712554,
                        4.024112417222412,
                        0.4612307905278376
                    ],
                    [
                        -2.0579571572397573,
                        -2.7537611600638945e-07,
                        -3.47484610624811,
                        4.024112417222412,
                        8.640226199259951,
                        1.1613423419889064
                    ],
                    [
                        -0.5639612382360354,
                        -2.5177045286555954e-06,
                        -0.49522673424822,
                        0.4612307905278376,
                        1.1613423419889062,
                        1.2903531954354361
                    ]
                ]
            },
            "est_tgt": [
                1
            ]
        },
        "2": {
            "intv_type": "do",
            "inode": 2,
            "new_mui": 1.0,
            "true_params": {
                "Si": [
                    [
                        1.0,
                        0.7260958881303272,
                        0.0,
                        0.0,
                        -0.6377436848747022,
                        -0.5647352631611773
                    ],
                    [
                        0.7260958881303272,
                        1.5272152387597686,
                        0.0,
                        0.0,
                        -0.46306306726860447,
                        -0.4100519524635291
                    ],
                    [
                        0.0,
                        0.0,
                        0.0,
                        0.0,
                        0.0,
                        0.0
                    ],
                    [
                        0.0,
                        0.0,
                        0.0,
                        1.0,
                        0.7851203757199903,
                        0.0
                    ],
                    [
                        -0.6377436848747022,
                        -0.46306306726860447,
                        0.0,
                        0.7851203757199903,
                        2.023131011968262,
                        0.36015634770709387
                    ],
                    [
                        -0.5647352631611773,
                        -0.4100519524635291,
                        0.0,
                        0.0,
                        0.36015634770709387,
                        1.3189259174577241
                    ]
                ],
                "mui": [
                    0.0,
                    0.0,
                    1.0,
                    -0.9242039191484851,
                    -1.6302917548081497,
                    0.0
                ],
                "Ai": [
                    [
                        0.0,
                        0.0,
                        0.0,
                        0.0,
                        0.0,
                        0.0
                    ],
                    [
                        0.7260958881303272,
                        0.0,
                        0.0,
                        0.0,
                        0.0,
                        0.0
                    ],
                    [
                        0.0,
                        0.0,
                        0.0,
                        0.0,
                        0.0,
                        0.0
                    ],
                    [
                        0.0,
                        -0.0,
                        -0.9242039191484851,
                        0.0,
                        0.0,
                        0.0
                    ],
                    [
                        -0.6377436848747022,
                        -0.0,
                        -0.9046804265644036,
                        0.7851203757199903,
                        0.0,
                        0.0
                    ],
                    [
                        -0.5647352631611773,
                        -0.0,
                        0.0,
                        -0.0,
                        -0.0,
                        0.0
                    ]
                ]
            },
            "est_params": {
                "mui": [
                    0.004086471494687207,
                    -0.007054200836733193,
                    1.0000003775362232,
                    -0.9249294325744252,
                    -1.6271949783233504,
                    0.009648431090571707
                ],
                "Si": [
                    [
                        0.954834549473648,
                        0.6796634142513027,
                        6.101062755979497e-07,
                        0.025709756669454548,
                        -0.594838588595361,
                        -0.5291889123537638
                    ],
                    [
                        0.6796634142513027,
                        1.4536942229972327,
                        3.6603794899245875e-07,
                        0.026129945275342705,
                        -0.39628128310000366,
                        -0.40464144717449346
                    ],
                    [
                        6.101062755979496e-07,
                        3.6603794899245875e-07,
                        1.00391240728001e-06,
                        1.2112106719764297e-06,
                        2.216191127535132e-07,
                        -3.1303124197921084e-07
                    ],
                    [
                        0.02570975666945456,
                        0.0261299452753427,
                        1.2112106719764297e-06,
                        1.0315649670059177,
                        0.8121877948251044,
                        -0.028938646443136238
                    ],
                    [
                        -0.594838588595361,
                        -0.39628128310000366,
                        2.2161911275351315e-07,
                        0.8121877948251044,
                        2.0102633412967954,
                        0.29628612248344127
                    ],
                    [
                        -0.5291889123537639,
                        -0.40464144717449346,
                        -3.1303124197921084e-07,
                        -0.028938646443136252,
                        0.29628612248344127,
                        1.325625698286628
                    ]
                ]
            },
            "est_tgt": [
                2
            ]
        },
        "3": {
            "intv_type": "do",
            "inode": 3,
            "new_mui": 1.0,
            "true_params": {
                "Si": [
                    [
                        1.0,
                        0.7260958881303272,
                        0.8883152797497185,
                        0.0,
                        -1.441385131082355,
                        -0.5647352631611773
                    ],
                    [
                        0.7260958881303272,
                        1.5272152387597686,
                        0.6450020719896119,
                        0.0,
                        -1.0465838168910908,
                        -0.4100519524635291
                    ],
                    [
                        0.8883152797497185,
                        0.6450020719896119,
                        1.7891040362368207,
                        0.0,
                        -2.1850848625089103,
                        -0.5016629632795521
                    ],
                    [
                        0.0,
                        0.0,
                        0.0,
                        0.0,
                        0.0,
                        0.0
                    ],
                    [
                        -1.441385131082355,
                        -1.0465838168910908,
                        -2.1850848625089103,
                        0.0,
                        3.896037770314049,
                        0.8140010113184019
                    ],
                    [
                        -0.5647352631611773,
                        -0.4100519524635291,
                        -0.5016629632795521,
                        0.0,
                        0.8140010113184019,
                        1.3189259174577241
                    ]
                ],
                "mui": [
                    0.0,
                    0.0,
                    0.0,
                    1.0,
                    0.7851203757199903,
                    0.0
                ],
                "Ai": [
                    [
                        0.0,
                        0.0,
                        0.0,
                        0.0,
                        0.0,
                        0.0
                    ],
                    [
                        0.7260958881303272,
                        0.0,
                        0.0,
                        0.0,
                        0.0,
                        0.0
                    ],
                    [
                        0.8883152797497185,
                        -0.0,
                        0.0,
                        0.0,
                        0.0,
                        0.0
                    ],
                    [
                        0.0,
                        0.0,
                        0.0,
                        0.0,
                        0.0,
                        0.0
                    ],
                    [
                        -0.6377436848747022,
                        -0.0,
                        -0.9046804265644036,
                        0.7851203757199903,
                        0.0,
                        0.0
                    ],
                    [
                        -0.5647352631611773,
                        -0.0,
                        0.0,
                        -0.0,
                        -0.0,
                        0.0
                    ]
                ]
            },
            "est_params": {
                "mui": [
                    -0.003120921976975093,
                    -0.010126548953966554,
                    0.019410141658070274,
                    1.0000008915807403,
                    0.7850632962372549,
                    0.018300419792501063
                ],
                "Si": [
                    [
                        1.0363867409048388,
                        0.7506213466004322,
                        0.924786858740513,
                        9.047698287340647e-08,
                        -1.506030886235798,
                        -0.5955849607743632
                    ],
                    [
                        0.7506213466004322,
                        1.5141862032241111,
                        0.6581711885098186,
                        2.989129421919484e-07,
                        -1.0910758797332671,
                        -0.41504446255553196
                    ],
                    [
                        0.9247868587405128,
                        0.6581711885098186,
                        1.8311271249634102,
                        5.632122228952791e-08,
                        -2.259104496439243,
                        -0.5269596681595886
                    ],
                    [
                        9.047698287340656e-08,
                        2.989129421919484e-07,
                        5.632122228952803e-08,
                        1.0089910779475467e-06,
                        7.203390380990379e-07,
                        1.0733302715333463e-06
                    ],
                    [
                        -1.506030886235798,
                        -1.0910758797332671,
                        -2.259104496439243,
                        7.203390380990384e-07,
                        4.035433589259448,
                        0.8529345822919264
                    ],
                    [
                        -0.5955849607743632,
                        -0.41504446255553196,
                        -0.5269596681595886,
                        1.0733302715333463e-06,
                        0.8529345822919264,
                        1.3433189779841226
                    ]
                ]
            },
            "est_tgt": [
                3
            ]
        },
        "4": {
            "intv_type": "do",
            "inode": 4,
            "new_mui": 1.0,
            "true_params": {
                "Si": [
                    [
                        1.0,
                        0.7260958881303272,
                        0.8883152797497185,
                        -0.8209844629841727,
                        0.0,
                        -0.5647352631611773
                    ],
                    [
                        0.7260958881303272,
                        1.5272152387597686,
                        0.6450020719896119,
                        -0.5961134427916926,
                        0.0,
                        -0.4100519524635291
                    ],
                    [
                        0.8883152797497185,
                        0.6450020719896119,
                        1.7891040362368207,
                        -1.6534969620544429,
                        0.0,
                        -0.5016629632795521
                    ],
                    [
                        -0.8209844629841727,
                        -0.5961134427916926,
                        -1.6534969620544429,
                        2.52816837263083,
                        0.0,
                        0.4636388767546046
                    ],
                    [
                        0.0,
                        0.0,
                        0.0,
                        0.0,
                        0.0,
                        0.0
                    ],
                    [
                        -0.5647352631611773,
                        -0.4100519524635291,
                        -0.5016629632795521,
                        0.4636388767546046,
                        0.0,
                        1.3189259174577241
                    ]
                ],
                "mui": [
                    0.0,
                    0.0,
                    0.0,
                    0.0,
                    1.0,
                    0.0
                ],
                "Ai": [
                    [
                        0.0,
                        0.0,
                        0.0,
                        0.0,
                        0.0,
                        0.0
                    ],
                    [
                        0.7260958881303272,
                        0.0,
                        0.0,
                        0.0,
                        0.0,
                        0.0
                    ],
                    [
                        0.8883152797497185,
                        -0.0,
                        0.0,
                        0.0,
                        0.0,
                        0.0
                    ],
                    [
                        0.0,
                        -0.0,
                        -0.9242039191484851,
                        0.0,
                        0.0,
                        0.0
                    ],
                    [
                        0.0,
                        0.0,
                        0.0,
                        0.0,
                        0.0,
                        0.0
                    ],
                    [
                        -0.5647352631611773,
                        -0.0,
                        0.0,
                        -0.0,
                        -0.0,
                        0.0
                    ]
                ]
            },
            "est_params": {
                "mui": [
                    -0.0007782708340886291,
                    -0.009145549364257334,
                    7.611088526907228e-05,
                    -0.008296493544833996,
                    1.0000007436918195,
                    -0.0020230844824690396
                ],
                "Si": [
                    [
                        0.9997029392305656,
                        0.7433025688348754,
                        0.8805590345335395,
                        -0.8461020421074148,
                        -8.941533327145152e-07,
                        -0.5533289802270916
                    ],
                    [
                        0.7433025688348754,
                        1.5816442348269073,
                        0.6601304255298136,
                        -0.628495340284599,
                        -4.202959652180354e-07,
                        -0.4168561137183903
                    ],
                    [
                        0.8805590345335395,
                        0.6601304255298136,
                        1.8156652889726457,
                        -1.707911426265928,
                        -1.8319598105454257e-07,
                        -0.4901521728207224
                    ],
                    [
                        -0.8461020421074148,
                        -0.6284953402845991,
                        -1.707911426265928,
                        2.612927111418889,
                        7.328099389472195e-08,
                        0.4504756388712491
                    ],
                    [
                        -8.941533327145152e-07,
                        -4.202959652180354e-07,
                        -1.8319598105454226e-07,
                        7.328099389472195e-08,
                        1.0044336172478587e-06,
                        1.5979128364934509e-06
                    ],
                    [
                        -0.5533289802270916,
                        -0.4168561137183903,
                        -0.4901521728207224,
                        0.4504756388712491,
                        1.5979128364934509e-06,
                        1.3377893308337603
                    ]
                ]
            },
            "est_tgt": [
                4
            ]
        },
        "5": {
            "intv_type": "do",
            "inode": 5,
            "new_mui": 1.0,
            "true_params": {
                "Si": [
                    [
                        1.0,
                        0.7260958881303272,
                        0.8883152797497185,
                        -0.8209844629841727,
                        -2.0859567611207632,
                        0.0
                    ],
                    [
                        0.7260958881303272,
                        1.5272152387597686,
                        0.6450020719896119,
                        -0.5961134427916926,
                        -1.5146046270674414,
                        0.0
                    ],
                    [
                        0.8883152797497185,
                        0.6450020719896119,
                        1.7891040362368207,
                        -1.6534969620544429,
                        -3.483279018608957,
                        0.0
                    ],
                    [
                        -0.8209844629841727,
                        -0.5961134427916926,
                        -1.6534969620544429,
                        2.52816837263083,
                        4.004380496206077,
                        0.0
                    ],
                    [
                        -2.0859567611207632,
                        -1.5146046270674414,
                        -3.483279018608957,
                        4.004380496206077,
                        8.625480819431559,
                        0.0
                    ],
                    [
                        0.0,
                        0.0,
                        0.0,
                        0.0,
                        0.0,
                        0.0
                    ]
                ],
                "mui": [
                    0.0,
                    0.0,
                    0.0,
                    0.0,
                    0.0,
                    1.0
                ],
                "Ai": [
                    [
                        0.0,
                        0.0,
                        0.0,
                        0.0,
                        0.0,
                        0.0
                    ],
                    [
                        0.7260958881303272,
                        0.0,
                        0.0,
                        0.0,
                        0.0,
                        0.0
                    ],
                    [
                        0.8883152797497185,
                        -0.0,
                        0.0,
                        0.0,
                        0.0,
                        0.0
                    ],
                    [
                        0.0,
                        -0.0,
                        -0.9242039191484851,
                        0.0,
                        0.0,
                        0.0
                    ],
                    [
                        -0.6377436848747022,
                        -0.0,
                        -0.9046804265644036,
                        0.7851203757199903,
                        0.0,
                        0.0
                    ],
                    [
                        0.0,
                        0.0,
                        0.0,
                        0.0,
                        0.0,
                        0.0
                    ]
                ]
            },
            "est_params": {
                "mui": [
                    -0.034549285126888575,
                    -0.05205274912580729,
                    -0.04429940286767258,
                    0.057915433639919155,
                    0.09630146873837601,
                    0.9999989594452346
                ],
                "Si": [
                    [
                        1.0510536158633617,
                        0.7596379769983612,
                        0.9389939535430788,
                        -0.8668905068582842,
                        -2.1850339949729696,
                        -5.3379384341957406e-08
                    ],
                    [
                        0.7596379769983613,
                        1.5201029129358727,
                        0.679721106505819,
                        -0.6572695694331571,
                        -1.6162104268385071,
                        -9.723295068416802e-07
                    ],
                    [
                        0.9389939535430788,
                        0.679721106505819,
                        1.824148999321564,
                        -1.6677920848756727,
                        -3.5261198640959575,
                        1.9574921646761714e-06
                    ],
                    [
                        -0.8668905068582841,
                        -0.6572695694331571,
                        -1.6677920848756727,
                        2.52300794361982,
                        4.043317821432468,
                        -2.51477992996388e-06
                    ],
                    [
                        -2.1850339949729696,
                        -1.6162104268385071,
                        -3.5261198640959575,
                        4.043317821432467,
                        8.732132772649399,
                        -3.3214096133062483e-06
                    ],
                    [
                        -5.337938434195745e-08,
                        -9.723295068416802e-07,
                        1.9574921646761714e-06,
                        -2.51477992996388e-06,
                        -3.321409613306248e-06,
                        1.0065331724251776e-06
                    ]
                ]
            },
            "est_tgt": [
                5
            ]
        },
        "obs": {
            "intv_type": "obs",
            "true_params": {
                "Si": [
                    [
                        1.0,
                        0.7260958881303272,
                        0.8883152797497185,
                        -0.8209844629841727,
                        -2.0859567611207632,
                        -0.5647352631611773
                    ],
                    [
                        0.7260958881303272,
                        1.5272152387597686,
                        0.6450020719896119,
                        -0.5961134427916926,
                        -1.5146046270674414,
                        -0.4100519524635291
                    ],
                    [
                        0.8883152797497185,
                        0.6450020719896119,
                        1.7891040362368207,
                        -1.6534969620544429,
                        -3.483279018608957,
                        -0.5016629632795521
                    ],
                    [
                        -0.8209844629841727,
                        -0.5961134427916926,
                        -1.6534969620544429,
                        2.52816837263083,
                        4.004380496206077,
                        0.4636388767546046
                    ],
                    [
                        -2.0859567611207632,
                        -1.5146046270674414,
                        -3.483279018608957,
                        4.004380496206077,
                        8.625480819431559,
                        1.1780133404343713
                    ],
                    [
                        -0.5647352631611773,
                        -0.4100519524635291,
                        -0.5016629632795521,
                        0.4636388767546046,
                        1.1780133404343713,
                        1.3189259174577241
                    ]
                ],
                "mui": [
                    0.0,
                    0.0,
                    0.0,
                    0.0,
                    0.0,
                    0.0
                ],
                "Ai": [
                    [
                        0.0,
                        0.0,
                        0.0,
                        0.0,
                        0.0,
                        0.0
                    ],
                    [
                        0.7260958881303272,
                        0.0,
                        0.0,
                        0.0,
                        0.0,
                        0.0
                    ],
                    [
                        0.8883152797497185,
                        -0.0,
                        0.0,
                        0.0,
                        0.0,
                        0.0
                    ],
                    [
                        0.0,
                        -0.0,
                        -0.9242039191484851,
                        0.0,
                        0.0,
                        0.0
                    ],
                    [
                        -0.6377436848747022,
                        -0.0,
                        -0.9046804265644036,
                        0.7851203757199903,
                        0.0,
                        0.0
                    ],
                    [
                        -0.5647352631611773,
                        -0.0,
                        0.0,
                        -0.0,
                        -0.0,
                        0.0
                    ]
                ]
            },
            "est_params": {
                "mui": [
                    -0.002013659581589282,
                    0.01986291512753393,
                    0.0065136435604340555,
                    -0.02168315050667823,
                    -0.01599353283760459,
                    -0.005079728026272604
                ],
                "Si": [
                    [
                        1.0041126586744156,
                        0.7140283203327095,
                        0.8883419237897606,
                        -0.7980391793895127,
                        -2.090810474377838,
                        -0.5621233689900356
                    ],
                    [
                        0.7140283203327095,
                        1.5085505797987946,
                        0.6574019270232392,
                        -0.5679533956823581,
                        -1.5242776798960742,
