{
    "expt_args": {
        "save_dir": "expt_logs_30.04.24-sp1",
        "exp_name": "285",
        "num_nodes": 6,
        "obs_noise_mean": 0.0,
        "obs_noise_var": 1.0,
        "max_edge_strength": 1.0,
        "graph_sparsity_method": "adj_dense_prop",
        "adj_dense_prop": 0.8,
        "num_parents": null,
        "new_noise_mean": 1.0,
        "mix_samples": 32768,
        "stage2_samples": 32768,
        "gmm_tol": 0.001,
        "intv_targets": [
            0,
            1,
            2,
            3,
            4,
            5
        ]
    },
    "intv_args_dict": {
        "0": {
            "intv_type": "do",
            "inode": 0,
            "new_mui": 1.0,
            "true_params": {
                "Si": [
                    [
                        0.0,
                        0.0,
                        0.0,
                        0.0,
                        0.0,
                        0.0
                    ],
                    [
                        0.0,
                        1.0,
                        0.5889208819170885,
                        0.4595182599574789,
                        0.7517915247748709,
                        0.27121868881611016
                    ],
                    [
                        0.0,
                        0.5889208819170885,
                        1.3468278051580014,
                        -0.2876112697140378,
                        -0.4360384450607764,
                        -0.1697550636351124
                    ],
                    [
                        0.0,
                        0.4595182599574789,
                        -0.2876112697140378,
                        1.5227790688590082,
                        1.476768166204424,
                        0.8987806979656792
                    ],
                    [
                        0.0,
                        0.7517915247748709,
                        -0.4360384450607764,
                        1.476768166204424,
                        2.748001810921978,
                        0.8716239606243238
                    ],
                    [
                        0.0,
                        0.27121868881611016,
                        -0.1697550636351124,
                        0.8987806979656792,
                        0.8716239606243238,
                        1.5304819061119281
                    ]
                ],
                "mui": [
                    1.0,
                    -0.8113437321435064,
                    -0.4778172662718558,
                    -1.2848863048464767,
                    -1.7036227592801512,
                    -1.4099980459407457
                ],
                "Ai": [
                    [
                        0.0,
                        0.0,
                        0.0,
                        0.0,
                        0.0,
                        0.0
                    ],
                    [
                        -0.8113437321435064,
                        0.0,
                        0.0,
                        0.0,
                        0.0,
                        0.0
                    ],
                    [
                        -0.0,
                        0.5889208819170885,
                        0.0,
                        0.0,
                        0.0,
                        0.0
                    ],
                    [
                        -0.9120590448244859,
                        0.7882722520978399,
                        -0.5582311686252022,
                        0.0,
                        0.0,
                        0.0
                    ],
                    [
                        -0.5092673217004612,
                        0.7642471161587723,
                        -0.5211022869658326,
                        0.6407415171102744,
                        0.0,
                        0.0
                    ],
                    [
                        -0.6516273581023886,
                        0.0,
                        -0.0,
                        0.5902239637685065,
                        0.0,
                        0.0
                    ]
                ]
            },
            "est_params": {
                "mui": [
                    0.9999973097035469,
                    -0.8117606929257899,
                    -0.4758688219123955,
                    -1.2850838097550894,
                    -1.7109267075928074,
                    -1.422334693409201
                ],
                "Si": [
                    [
                        1.0135101096381799e-06,
                        -9.611665112628116e-07,
                        -2.724626606265364e-07,
                        -4.600749980319485e-07,
                        -3.1777348882726523e-06,
                        -1.4594785869971433e-06
                    ],
                    [
                        -9.611665112628116e-07,
                        1.0173204772289997,
                        0.6212552638538071,
                        0.4431922764634491,
                        0.7459885100964057,
                        0.24189620322904873
                    ],
                    [
                        -2.7246266062653604e-07,
                        0.6212552638538072,
                        1.3939794926648403,
                        -0.316986799444845,
                        -0.4180089662069005,
                        -0.20843951316330617
                    ],
                    [
                        -4.600749980319485e-07,
                        0.4431922764634491,
                        -0.3169867994448449,
                        1.5479257898959584,
                        1.497680979239696,
                        0.918356665728304
                    ],
                    [
                        -3.1777348882726523e-06,
                        0.7459885100964057,
                        -0.4180089662069005,
                        1.497680979239696,
                        2.7209404777313644,
                        0.8942039902581707
                    ],
                    [
                        -1.4594785869971435e-06,
                        0.24189620322904873,
                        -0.20843951316330617,
                        0.918356665728304,
                        0.8942039902581707,
                        1.53527914660794
                    ]
                ]
            },
            "est_tgt": [
                0
            ]
        },
        "1": {
            "intv_type": "do",
            "inode": 1,
            "new_mui": 1.0,
            "true_params": {
                "Si": [
                    [
                        1.0,
                        0.0,
                        0.0,
                        -0.9120590448244859,
                        -1.09366141777545,
                        -1.1899464627296146
                    ],
                    [
                        0.0,
                        0.0,
                        0.0,
                        0.0,
                        0.0,
                        0.0
                    ],
                    [
                        0.0,
                        0.0,
                        1.0,
                        -0.5582311686252022,
                        -0.878784172848986,
                        -0.3294814130450924
                    ],
                    [
                        -0.9120590448244859,
                        0.0,
                        -0.5582311686252022,
                        2.1434737388708123,
                        2.1287900209467656,
                        1.8594521922023994
                    ],
                    [
                        -1.09366141777545,
                        0.0,
                        -0.878784172848986,
                        2.1287900209467656,
                        3.37890661092926,
                        1.969122584517571
                    ],
                    [
                        -1.1899464627296146,
                        0.0,
                        -0.3294814130450924,
                        1.8594521922023994,
                        1.969122584517571,
                        2.8728949131115202
                    ]
                ],
                "mui": [
                    0.0,
                    1.0,
                    0.5889208819170885,
                    0.4595182599574789,
                    0.7517915247748709,
                    0.27121868881611016
                ],
                "Ai": [
                    [
                        0.0,
                        0.0,
                        0.0,
                        0.0,
                        0.0,
                        0.0
                    ],
                    [
                        0.0,
                        0.0,
                        0.0,
                        0.0,
                        0.0,
                        0.0
                    ],
                    [
                        -0.0,
                        0.5889208819170885,
                        0.0,
                        0.0,
                        0.0,
                        0.0
                    ],
                    [
                        -0.9120590448244859,
                        0.7882722520978399,
                        -0.5582311686252022,
                        0.0,
                        0.0,
                        0.0
                    ],
                    [
                        -0.5092673217004612,
                        0.7642471161587723,
                        -0.5211022869658326,
                        0.6407415171102744,
                        0.0,
                        0.0
                    ],
                    [
                        -0.6516273581023886,
                        0.0,
                        -0.0,
                        0.5902239637685065,
                        0.0,
                        0.0
                    ]
                ]
            },
            "est_params": {
                "mui": [
                    0.024470652827515024,
                    0.999998596893841,
                    0.6017672731298087,
                    0.4351441922999262,
                    0.6989866311605202,
                    0.22995327715606387
                ],
                "Si": [
                    [
                        0.9963835974389436,
                        -8.686067660118741e-07,
                        0.01563119312186552,
                        -0.8902490413496739,
                        -1.0989748981510488,
                        -1.1765066914369073
                    ],
                    [
                        -8.686067660118739e-07,
                        1.0059842896747173e-06,
                        -1.17948189975257e-08,
                        1.9147841517316633e-06,
                        1.2479315879149947e-06,
                        2.712989463899457e-06
                    ],
                    [
                        0.015631193121865523,
                        -1.1794818997525793e-08,
                        0.9973108469038385,
                        -0.5558573444261279,
                        -0.8741788971180489,
                        -0.34770115694781617
                    ],
                    [
                        -0.8902490413496739,
                        1.9147841517316633e-06,
                        -0.5558573444261279,
                        2.071166568058711,
                        2.0664019707769294,
                        1.839933502037543
                    ],
                    [
                        -1.0989748981510488,
                        1.2479315879149947e-06,
                        -0.8741788971180489,
                        2.0664019707769294,
                        3.345522823834097,
                        1.9632603509050741
                    ],
                    [
                        -1.1765066914369073,
                        2.712989463899457e-06,
                        -0.34770115694781617,
                        1.8399335020375427,
                        1.9632603509050741,
                        2.8611944353465173
                    ]
                ]
            },
            "est_tgt": [
                1
            ]
        },
        "2": {
            "intv_type": "do",
            "inode": 2,
            "new_mui": 1.0,
            "true_params": {
                "Si": [
                    [
                        1.0,
                        -0.8113437321435064,
                        0.0,
                        -1.5516187957867142,
                        -2.123521010393828,
                        -1.56742995400934
                    ],
                    [
                        -0.8113437321435064,
                        1.658278651688554,
                        0.0,
                        2.0471684367354457,
                        2.992231336721953,
                        1.736981641921377
                    ],
                    [
                        0.0,
                        0.0,
                        0.0,
                        0.0,
                        0.0,
                        0.0
                    ],
                    [
                        -1.5516187957867142,
                        2.0471684367354457,
                        0.0,
                        4.028894030866013,
                        4.93621099611034,
                        3.3890270611815208
                    ],
                    [
                        -2.123521010393828,
                        2.992231336721953,
                        0.0,
                        4.93621099611034,
                        7.5310793499317406,
                        4.297214405999777
                    ],
                    [
                        -1.56742995400934,
                        1.736981641921377,
                        0.0,
                        3.3890270611815208,
                        4.297214405999777,
                        4.021665225310945
                    ]
                ],
                "mui": [
                    0.0,
                    0.0,
                    1.0,
                    -0.5582311686252022,
                    -0.878784172848986,
                    -0.3294814130450924
                ],
                "Ai": [
                    [
                        0.0,
                        0.0,
                        0.0,
                        0.0,
                        0.0,
                        0.0
                    ],
                    [
                        -0.8113437321435064,
                        0.0,
                        0.0,
                        0.0,
                        0.0,
                        0.0
                    ],
                    [
                        0.0,
                        0.0,
                        0.0,
                        0.0,
                        0.0,
                        0.0
                    ],
                    [
                        -0.9120590448244859,
                        0.7882722520978399,
                        -0.5582311686252022,
                        0.0,
                        0.0,
                        0.0
                    ],
                    [
                        -0.5092673217004612,
                        0.7642471161587723,
                        -0.5211022869658326,
                        0.6407415171102744,
                        0.0,
                        0.0
                    ],
                    [
                        -0.6516273581023886,
                        0.0,
                        -0.0,
                        0.5902239637685065,
                        0.0,
                        0.0
                    ]
                ]
            },
            "est_params": {
                "mui": [
                    0.01577880442053192,
                    -0.02218090903758526,
                    1.0000002481611536,
                    -0.5930539999629353,
                    -0.9280281869405248,
                    -0.35189410340580973
                ],
                "Si": [
                    [
                        1.0331066886502986,
                        -0.8594488541637213,
                        8.497791594236502e-07,
                        -1.5851335858363547,
                        -2.20001991759784,
                        -1.6119148031414883
                    ],
                    [
                        -0.8594488541637211,
                        1.7841632354024377,
                        -8.276742139058496e-07,
                        2.163305689735455,
                        3.197335415279084,
                        1.8274336935862172
                    ],
                    [
                        8.497791594236502e-07,
                        -8.276742139058495e-07,
                        1.002910817510355e-06,
                        -1.406944429221976e-06,
                        -1.9546088311825414e-06,
                        -1.836042669024171e-07
                    ],
                    [
                        -1.5851335858363547,
                        2.1633056897354552,
                        -1.406944429221976e-06,
                        4.089843804821394,
                        5.084218779419581,
                        3.437840015377099
                    ],
                    [
                        -2.20001991759784,
                        3.197335415279084,
                        -1.9546088311825414e-06,
                        5.084218779419581,
                        7.843917482633537,
                        4.412497501374512
                    ],
                    [
                        -1.6119148031414883,
                        1.8274336935862172,
                        -1.8360426690241712e-07,
                        3.4378400153770987,
                        4.412497501374512,
                        4.071028675245449
                    ]
                ]
            },
            "est_tgt": [
                2
            ]
        },
        "3": {
            "intv_type": "do",
            "inode": 3,
            "new_mui": 1.0,
            "true_params": {
                "Si": [
                    [
                        1.0,
                        -0.8113437321435064,
                        -0.4778172662718558,
                        0.0,
                        -0.8803427589986053,
                        -0.6516273581023886
                    ],
                    [
                        -0.8113437321435064,
                        1.658278651688554,
                        0.9765949260167035,
                        0.0,
                        1.1716196774012824,
                        0.528693772689605
                    ],
                    [
                        -0.4778172662718558,
                        0.9765949260167035,
                        1.5751371451055107,
                        0.0,
                        0.16888900672074514,
                        0.3113588028764349
                    ],
                    [
                        0.0,
                        0.0,
                        0.0,
                        0.0,
                        0.0,
                        0.0
                    ],
                    [
                        -0.8803427589986053,
                        1.1716196774012824,
                        0.16888900672074514,
                        0.0,
                        2.2557283110968473,
                        0.5736554262708289
                    ],
                    [
                        -0.6516273581023886,
                        0.528693772689605,
                        0.3113588028764349,
                        0.0,
                        0.5736554262708289,
                        1.4246182138274985
                    ]
                ],
                "mui": [
                    0.0,
                    0.0,
                    0.0,
                    1.0,
                    0.6407415171102744,
                    0.5902239637685065
                ],
                "Ai": [
                    [
                        0.0,
                        0.0,
                        0.0,
                        0.0,
                        0.0,
                        0.0
                    ],
                    [
                        -0.8113437321435064,
                        0.0,
                        0.0,
                        0.0,
                        0.0,
                        0.0
                    ],
                    [
                        -0.0,
                        0.5889208819170885,
                        0.0,
                        0.0,
                        0.0,
                        0.0
                    ],
                    [
                        0.0,
                        0.0,
                        0.0,
                        0.0,
                        0.0,
                        0.0
                    ],
                    [
                        -0.5092673217004612,
                        0.7642471161587723,
                        -0.5211022869658326,
                        0.6407415171102744,
                        0.0,
                        0.0
                    ],
                    [
                        -0.6516273581023886,
                        0.0,
                        -0.0,
                        0.5902239637685065,
                        0.0,
                        0.0
                    ]
                ]
            },
            "est_params": {
                "mui": [
                    0.011304997797285204,
                    -0.003803143949930314,
                    0.0033748045311556892,
                    0.9999998135429641,
                    0.615210318489214,
                    0.5983096318994374
                ],
                "Si": [
                    [
                        0.9909444001319061,
                        -0.7984223920151148,
                        -0.45338352615010336,
                        1.42194921591935e-06,
                        -0.9012527601792201,
                        -0.6479753811965882
                    ],
                    [
                        -0.7984223920151148,
                        1.6528621687304539,
                        0.9570843197606945,
                        -4.5814836174613665e-07,
                        1.1918803435704972,
                        0.523391349107077
                    ],
                    [
                        -0.45338352615010336,
                        0.9570843197606945,
                        1.5581999361772096,
                        -3.2186219036609605e-06,
                        0.15812762820042475,
                        0.306474806993229
                    ],
                    [
                        1.4219492159193499e-06,
                        -4.5814836174613665e-07,
                        -3.2186219036609605e-06,
                        1.0126824708375947e-06,
                        -5.645243871340829e-07,
                        -1.5190825671232526e-06
                    ],
                    [
                        -0.9012527601792201,
                        1.191880343570497,
                        0.15812762820042478,
                        -5.645243871340831e-07,
                        2.2796438052024475,
                        0.5740407629900904
                    ],
                    [
                        -0.6479753811965882,
                        0.523391349107077,
                        0.30647480699322893,
                        -1.5190825671232526e-06,
                        0.5740407629900904,
                        1.393708033299295
                    ]
                ]
            },
            "est_tgt": [
                3
            ]
        },
        "4": {
            "intv_type": "do",
            "inode": 4,
            "new_mui": 1.0,
            "true_params": {
                "Si": [
                    [
                        1.0,
                        -0.8113437321435064,
                        -0.4778172662718558,
                        -1.2848863048464767,
                        0.0,
                        -1.4099980459407457
                    ],
                    [
                        -0.8113437321435064,
                        1.658278651688554,
                        0.9765949260167035,
                        1.5020027099116986,
                        0.0,
                        1.415211765724726
                    ],
                    [
                        -0.4778172662718558,
                        0.9765949260167035,
                        1.5751371451055107,
                        0.32632959193785205,
                        0.0,
                        0.5039663481249532
                    ],
                    [
                        -1.2848863048464767,
                        1.5020027099116986,
                        0.32632959193785205,
                        3.1737118852410413,
                        0.0,
                        2.710467877055237
                    ],
                    [
                        0.0,
                        0.0,
                        0.0,
                        0.0,
                        0.0,
                        0.0
                    ],
                    [
                        -1.4099980459407457,
                        1.415211765724726,
                        0.5039663481249532,
                        2.710467877055237,
                        0.0,
                        3.5185763956686493
                    ]
                ],
                "mui": [
                    0.0,
                    0.0,
                    0.0,
                    0.0,
                    1.0,
                    0.0
                ],
                "Ai": [
                    [
                        0.0,
                        0.0,
                        0.0,
                        0.0,
                        0.0,
                        0.0
                    ],
                    [
                        -0.8113437321435064,
                        0.0,
                        0.0,
                        0.0,
                        0.0,
                        0.0
                    ],
                    [
                        -0.0,
                        0.5889208819170885,
                        0.0,
                        0.0,
                        0.0,
                        0.0
                    ],
                    [
                        -0.9120590448244859,
                        0.7882722520978399,
                        -0.5582311686252022,
                        0.0,
                        0.0,
                        0.0
                    ],
                    [
                        0.0,
                        0.0,
                        0.0,
                        0.0,
                        0.0,
                        0.0
                    ],
                    [
                        -0.6516273581023886,
                        0.0,
                        -0.0,
                        0.5902239637685065,
                        0.0,
                        0.0
                    ]
                ]
            },
            "est_params": {
                "mui": [
                    -0.000902849018164641,
                    -0.011146218001763446,
                    0.0013746925266395035,
                    0.0035552313927419183,
                    0.9999994223523704,
                    0.015139522885229054
                ],
                "Si": [
                    [
                        0.9913968049440284,
                        -0.7832007308157322,
                        -0.4600791126177919,
                        -1.2806404193766456,
                        5.698197074153224e-07,
                        -1.4007522198631723
                    ],
                    [
                        -0.7832007308157322,
                        1.584951113742166,
                        0.9513658308005816,
                        1.431998340083854,
                        2.8987755499589276e-07,
                        1.3619452974054174
                    ],
                    [
                        -0.46007911261779183,
                        0.9513658308005816,
                        1.5529331815797693,
                        0.3062292561509455,
                        1.2624099784000182e-07,
                        0.48471688989519696
                    ],
                    [
                        -1.2806404193766456,
                        1.431998340083854,
                        0.3062292561509455,
                        3.141109641096685,
                        -1.3562753248473884e-06,
                        2.7013499944352746
                    ],
                    [
                        5.698197074153224e-07,
                        2.898775549958927e-07,
                        1.2624099784000182e-07,
                        -1.3562753248473884e-06,
                        1.0048406770119825e-06,
                        2.2470463364899873e-07
                    ],
                    [
                        -1.4007522198631723,
                        1.3619452974054174,
                        0.48471688989519696,
                        2.7013499944352746,
                        2.2470463364899867e-07,
                        3.520906645198438
                    ]
                ]
            },
            "est_tgt": [
                4
            ]
        },
        "5": {
            "intv_type": "do",
            "inode": 5,
            "new_mui": 1.0,
            "true_params": {
                "Si": [
                    [
                        1.0,
                        -0.8113437321435064,
                        -0.4778172662718558,
                        -1.2848863048464767,
                        -1.7036227592801512,
                        0.0
                    ],
                    [
                        -0.8113437321435064,
                        1.658278651688554,
                        0.9765949260167035,
                        1.5020027099116986,
                        2.134015172453847,
                        0.0
                    ],
                    [
                        -0.4778172662718558,
                        0.9765949260167035,
                        1.5751371451055107,
                        0.32632959193785205,
                        0.3779819245369813,
                        0.0
                    ],
                    [
                        -1.2848863048464767,
                        1.5020027099116986,
                        0.32632959193785205,
                        3.1737118852410413,
                        3.6657297182282558,
                        0.0
                    ],
                    [
                        -1.7036227592801512,
                        2.134015172453847,
                        0.3779819245369813,
                        3.6657297182282558,
                        5.650332316859294,
                        0.0
                    ],
                    [
                        0.0,
                        0.0,
                        0.0,
                        0.0,
                        0.0,
                        0.0
                    ]
                ],
                "mui": [
                    0.0,
                    0.0,
                    0.0,
                    0.0,
                    0.0,
                    1.0
                ],
                "Ai": [
                    [
                        0.0,
                        0.0,
                        0.0,
                        0.0,
                        0.0,
                        0.0
                    ],
                    [
                        -0.8113437321435064,
                        0.0,
                        0.0,
                        0.0,
                        0.0,
                        0.0
                    ],
                    [
                        -0.0,
                        0.5889208819170885,
                        0.0,
                        0.0,
                        0.0,
                        0.0
                    ],
                    [
                        -0.9120590448244859,
                        0.7882722520978399,
                        -0.5582311686252022,
                        0.0,
                        0.0,
                        0.0
                    ],
                    [
                        -0.5092673217004612,
                        0.7642471161587723,
                        -0.5211022869658326,
                        0.6407415171102744,
                        0.0,
                        0.0
                    ],
                    [
                        0.0,
                        0.0,
                        0.0,
                        0.0,
                        0.0,
                        0.0
                    ]
                ]
            },
            "est_params": {
                "mui": [
                    -0.005256749807104065,
                    -0.005697944004109276,
                    -0.0009836538533721255,
                    0.015146314497294025,
                    0.013650984681313243,
                    1.0000004413909402
                ],
                "Si": [
                    [
                        1.0292592160048455,
                        -0.8354222978853437,
                        -0.4930459835180381,
                        -1.3410638079094603,
                        -1.766747070078647,
                        8.749368926906882e-08
                    ],
                    [
                        -0.8354222978853437,
                        1.6455065714912487,
                        0.9562651968377505,
                        1.5708705776741791,
                        2.21520231183267,
                        5.887501599555795e-07
                    ],
                    [
                        -0.4930459835180381,
                        0.9562651968377505,
                        1.5751764487000919,
                        0.3433947259027083,
                        0.41819448786212615,
                        1.0939474916469172e-06
                    ],
                    [
                        -1.3410638079094603,
                        1.5708705776741791,
                        0.34339472590270836,
                        3.3036102751729137,
                        3.821377190643559,
                        -8.827743973637567e-07
                    ],
                    [
                        -1.766747070078647,
                        2.2152023118326696,
                        0.41819448786212615,
                        3.821377190643559,
                        5.839511208724493,
                        -9.161561898759431e-07
                    ],
                    [
                        8.749368926906884e-08,
                        5.887501599555796e-07,
                        1.0939474916469172e-06,
                        -8.827743973637565e-07,
                        -9.161561898759431e-07,
                        1.0056497781564405e-06
                    ]
                ]
            },
            "est_tgt": [
                5
            ]
        },
        "obs": {
            "intv_type": "obs",
            "true_params": {
                "Si": [
                    [
                        1.0,
                        -0.8113437321435064,
                        -0.4778172662718558,
                        -1.2848863048464767,
                        -1.7036227592801512,
                        -1.4099980459407457
                    ],
                    [
                        -0.8113437321435064,
                        1.658278651688554,
                        0.9765949260167035,
                        1.5020027099116986,
                        2.134015172453847,
                        1.415211765724726
                    ],
                    [
                        -0.4778172662718558,
                        0.9765949260167035,
                        1.5751371451055107,
                        0.32632959193785205,
                        0.3779819245369813,
                        0.5039663481249532
                    ],
                    [
                        -1.2848863048464767,
                        1.5020027099116986,
                        0.32632959193785205,
                        3.1737118852410413,
                        3.6657297182282558,
                        2.710467877055237
                    ],
                    [
                        -1.7036227592801512,
                        2.134015172453847,
                        0.3779819245369813,
                        3.6657297182282558,
                        5.650332316859294,
                        3.2737287222295186
                    ],
                    [
                        -1.4099980459407457,
                        1.415211765724726,
                        0.5039663481249532,
                        2.710467877055237,
                        3.2737287222295186,
                        3.5185763956686493
                    ]
                ],
                "mui": [
                    0.0,
                    0.0,
                    0.0,
                    0.0,
                    0.0,
                    0.0
                ],
                "Ai": [
                    [
                        0.0,
                        0.0,
                        0.0,
                        0.0,
                        0.0,
                        0.0
                    ],
                    [
                        -0.8113437321435064,
                        0.0,
                        0.0,
                        0.0,
                        0.0,
                        0.0
                    ],
                    [
                        -0.0,
                        0.5889208819170885,
                        0.0,
                        0.0,
                        0.0,
                        0.0
                    ],
                    [
                        -0.9120590448244859,
                        0.7882722520978399,
                        -0.5582311686252022,
                        0.0,
                        0.0,
                        0.0
                    ],
                    [
                        -0.5092673217004612,
                        0.7642471161587723,
                        -0.5211022869658326,
                        0.6407415171102744,
                        0.0,
                        0.0
                    ],
                    [
                        -0.6516273581023886,
                        0.0,
                        -0.0,
                        0.5902239637685065,
                        0.0,
                        0.0
                    ]
                ]
            },
            "est_params": {
                "mui": [
                    -0.006327235689955986,
                    0.013985625922374918,
                    0.02638165488745208,
                    -0.007504196449036258,
