{
    "expt_args": {
        "save_dir": "expt_logs_30.04.24-sp1",
        "exp_name": "481",
        "num_nodes": 6,
        "obs_noise_mean": 0.0,
        "obs_noise_var": 1.0,
        "max_edge_strength": 1.0,
        "graph_sparsity_method": "adj_dense_prop",
        "adj_dense_prop": 0.9,
        "num_parents": null,
        "new_noise_mean": 1.0,
        "mix_samples": 2048,
        "stage2_samples": 2048,
        "gmm_tol": 0.001,
        "intv_targets": [
            0,
            1,
            2,
            3,
            4,
            5
        ]
    },
    "intv_args_dict": {
        "0": {
            "intv_type": "do",
            "inode": 0,
            "new_mui": 1.0,
            "true_params": {
                "Si": [
                    [
                        0.0,
                        0.0,
                        0.0,
                        0.0,
                        0.0,
                        0.0
                    ],
                    [
                        0.0,
                        1.0,
                        0.6052569850239529,
                        -0.6284765271628973,
                        -1.1431230120941924,
                        -0.5326486399553079
                    ],
                    [
                        0.0,
                        0.6052569850239529,
                        1.3663360179202855,
                        -0.3803898079889396,
                        -1.4620514021634463,
                        -0.39676596128392905
                    ],
                    [
                        0.0,
                        -0.6284765271628973,
                        -0.3803898079889396,
                        1.3949827451947359,
                        0.7184259807609487,
                        0.9241948835437752
                    ],
                    [
                        0.0,
                        -1.1431230120941924,
                        -1.4620514021634463,
                        0.7184259807609487,
                        2.899889299177164,
                        -0.19154319355765204
                    ],
                    [
                        0.0,
                        -0.5326486399553079,
                        -0.39676596128392905,
                        0.9241948835437752,
                        -0.19154319355765204,
                        2.3723473991474266
                    ]
                ],
                "mui": [
                    1.0,
                    0.6953560965376412,
                    1.0442891238651681,
                    -1.389368298969596,
                    -0.3840253952833122,
                    -1.085531861624791
                ],
                "Ai": [
                    [
                        0.0,
                        0.0,
                        0.0,
                        0.0,
                        0.0,
                        0.0
                    ],
                    [
                        0.6953560965376412,
                        0.0,
                        0.0,
                        0.0,
                        0.0,
                        0.0
                    ],
                    [
                        0.6234199893567708,
                        0.6052569850239529,
                        0.0,
                        0.0,
                        0.0,
                        0.0
                    ],
                    [
                        -0.9523533142760708,
                        -0.6284765271628973,
                        0.0,
                        0.0,
                        0.0,
                        0.0
                    ],
                    [
                        0.8909904202629884,
                        -0.6769733207143309,
                        -0.7701682143518158,
                        -0.0,
                        0.0,
                        0.0
                    ],
                    [
                        0.6567796564066584,
                        -0.6978297523438353,
                        -0.7349565862017158,
                        0.5894377161066229,
                        -0.8577086440397941,
                        0.0
                    ]
                ]
            },
            "est_params": {
                "mui": [
                    0.9999954148859891,
                    0.6525048717191693,
                    0.9880007425303233,
                    -1.3843621329396225,
                    -0.3361692586560874,
                    -1.1690778423863533
                ],
                "Si": [
                    [
                        1.019329013743871e-06,
                        6.975913437932378e-06,
                        7.552733657184948e-06,
                        1.4155928142873007e-06,
                        -1.1442069019596582e-05,
                        -1.716584456254358e-07
                    ],
                    [
                        6.975913437932378e-06,
                        0.9028485290175827,
                        0.5564781536983306,
                        -0.552373513815715,
                        -0.9758713466761724,
                        -0.5639279181064953
                    ],
                    [
                        7.552733657184948e-06,
                        0.5564781536983306,
                        1.4163413121074626,
                        -0.3540464993019741,
                        -1.2718861458642818,
                        -0.5002385632859332
                    ],
                    [
                        1.4155928142873003e-06,
                        -0.552373513815715,
                        -0.3540464993019741,
                        1.3248729456901087,
                        0.6596087301844519,
                        0.7785934944249528
                    ],
                    [
                        -1.1442069019596582e-05,
                        -0.9758713466761724,
                        -1.271886145864282,
                        0.6596087301844519,
                        2.512269633423963,
                        -0.24062260721740752
                    ],
                    [
                        -1.716584456254358e-07,
                        -0.5639279181064953,
                        -0.5002385632859333,
                        0.7785934944249528,
                        -0.24062260721740752,
                        2.484663218140273
                    ]
                ]
            },
            "est_tgt": [
                0
            ]
        },
        "1": {
            "intv_type": "do",
            "inode": 1,
            "new_mui": 1.0,
            "true_params": {
                "Si": [
                    [
                        1.0,
                        0.0,
                        0.6234199893567708,
                        -0.9523533142760708,
                        0.4108521602688562,
                        -0.7151513825193847
                    ],
                    [
                        0.0,
                        0.0,
                        0.0,
                        0.0,
                        0.0,
                        0.0
                    ],
                    [
                        0.6234199893567708,
                        0.0,
                        1.3886524831295963,
                        -0.5937160930498735,
                        -0.5140347649697992,
                        -0.5202163186661851
                    ],
                    [
                        -0.9523533142760708,
                        0.0,
                        -0.5937160930498735,
                        1.9069768352126166,
                        -0.3912764165095286,
                        1.270514505458073
                    ],
                    [
                        0.4108521602688562,
                        0.0,
                        -0.5140347649697992,
                        -0.3912764165095286,
                        1.7619585759954504,
                        -1.094247601678587
                    ],
                    [
                        -0.7151513825193847,
                        0.0,
                        -0.5202163186661851,
                        1.270514505458073,
                        -1.094247601678587,
                        2.6000743254205743
                    ]
                ],
                "mui": [
                    0.0,
                    1.0,
                    0.6052569850239529,
                    -0.6284765271628973,
                    -1.1431230120941924,
                    -0.5326486399553079
                ],
                "Ai": [
                    [
                        0.0,
                        0.0,
                        0.0,
                        0.0,
                        0.0,
                        0.0
                    ],
                    [
                        0.0,
                        0.0,
                        0.0,
                        0.0,
                        0.0,
                        0.0
                    ],
                    [
                        0.6234199893567708,
                        0.6052569850239529,
                        0.0,
                        0.0,
                        0.0,
                        0.0
                    ],
                    [
                        -0.9523533142760708,
                        -0.6284765271628973,
                        0.0,
                        0.0,
                        0.0,
                        0.0
                    ],
                    [
                        0.8909904202629884,
                        -0.6769733207143309,
                        -0.7701682143518158,
                        -0.0,
                        0.0,
                        0.0
                    ],
                    [
                        0.6567796564066584,
                        -0.6978297523438353,
                        -0.7349565862017158,
                        0.5894377161066229,
                        -0.8577086440397941,
                        0.0
                    ]
                ]
            },
            "est_params": {
                "mui": [
                    0.04361255314760874,
                    0.9999998459683733,
                    0.7182390385091153,
                    -0.7032440342398504,
                    -1.1576988128032712,
                    -0.649055433738743
                ],
                "Si": [
                    [
                        1.1345602294840755,
                        -1.0674817455547754e-07,
                        0.8535843616882935,
                        -1.0708606625630002,
                        0.325012974531149,
                        -0.7671902560876017
                    ],
                    [
                        -1.0674817455547757e-07,
                        1.0002898779068949e-06,
                        4.545122305583272e-08,
                        -2.1456287273645266e-07,
                        -1.030756620119769e-07,
                        -1.240855978906648e-07
                    ],
                    [
                        0.8535843616882935,
                        4.545122305583272e-08,
                        1.5023982774596263,
                        -0.8556900752422455,
                        -0.3524077394553184,
                        -0.7324529744930306
                    ],
                    [
                        -1.0708606625630002,
                        -2.145628727364526e-07,
                        -0.8556900752422454,
                        2.0275059834865923,
                        -0.2618306106162683,
                        1.3617260887511193
                    ],
                    [
                        0.325012974531149,
                        -1.030756620119769e-07,
                        -0.3524077394553184,
                        -0.26183061061626833,
                        1.5308947997144557,
                        -0.9252247952754492
                    ],
                    [
                        -0.7671902560876017,
                        -1.240855978906648e-07,
                        -0.7324529744930306,
                        1.3617260887511191,
                        -0.9252247952754492,
                        2.6295715885787705
                    ]
                ]
            },
            "est_tgt": [
                1,
                2,
                3,
                4
            ]
        },
        "2": {
            "intv_type": "do",
            "inode": 2,
            "new_mui": 1.0,
            "true_params": {
                "Si": [
                    [
                        1.0,
                        0.6953560965376412,
                        0.0,
                        -1.389368298969596,
                        0.42025289451094655,
                        -1.0078611335113445
                    ],
                    [
                        0.6953560965376412,
                        1.4835201009920653,
                        0.0,
                        -1.594582244187538,
                        -0.38474790842855405,
                        -1.188454035830801
                    ],
                    [
                        0.0,
                        0.0,
                        0.0,
                        0.0,
                        0.0,
                        0.0
                    ],
                    [
                        -1.389368298969596,
                        -1.594582244187538,
                        0.0,
                        3.3253270153764043,
                        -0.15842420759924594,
                        2.2961930720678607
                    ],
                    [
                        0.42025289451094655,
                        -0.38474790842855405,
                        0.0,
                        -0.15842420759924594,
                        1.634905372303817,
                        -0.9511515838010731
                    ],
                    [
                        -1.0078611335113445,
                        -1.188454035830801,
                        0.0,
                        2.2961930720678607,
                        -0.9511515838010731,
                        3.336669631880484
                    ]
                ],
                "mui": [
                    0.0,
                    0.0,
                    1.0,
                    0.0,
                    -0.7701682143518158,
                    -0.0743766513874704
                ],
                "Ai": [
                    [
                        0.0,
                        0.0,
                        0.0,
                        0.0,
                        0.0,
                        0.0
                    ],
                    [
                        0.6953560965376412,
                        0.0,
                        0.0,
                        0.0,
                        0.0,
                        0.0
                    ],
                    [
                        0.0,
                        0.0,
                        0.0,
                        0.0,
                        0.0,
                        0.0
                    ],
                    [
                        -0.9523533142760708,
                        -0.6284765271628973,
                        0.0,
                        0.0,
                        0.0,
                        0.0
                    ],
                    [
                        0.8909904202629884,
                        -0.6769733207143309,
                        -0.7701682143518158,
                        -0.0,
                        0.0,
                        0.0
                    ],
                    [
                        0.6567796564066584,
                        -0.6978297523438353,
                        -0.7349565862017158,
                        0.5894377161066229,
                        -0.8577086440397941,
                        0.0
                    ]
                ]
            },
            "est_params": {
                "mui": [
                    0.05495368300538215,
                    0.11539169374801525,
                    0.9999990684495511,
                    -0.1699955302909521,
                    -0.8140854250108397,
                    -0.16902573839562493
                ],
                "Si": [
                    [
                        1.050748395163463,
                        0.719228958123102,
                        3.8095365787538204e-07,
                        -1.442142887759844,
                        0.548859212234408,
                        -1.1859623342688157
                    ],
                    [
                        0.7192289581231021,
                        1.4265776039887108,
                        4.420781837236545e-06,
                        -1.523200200351723,
                        -0.28808217588019097,
                        -1.1787765161435106
                    ],
                    [
                        3.8095365787538193e-07,
                        4.420781837236545e-06,
                        1.0047695261584416e-06,
                        -3.9358586254748865e-06,
                        -2.3420002479030425e-06,
                        -3.3244867979706015e-06
                    ],
                    [
                        -1.442142887759844,
                        -1.523200200351723,
                        -3.9358586254748865e-06,
                        3.2670551980924687,
                        -0.41583120319697625,
                        2.558123266608369
                    ],
                    [
                        0.548859212234408,
                        -0.28808217588019097,
                        -2.3420002479030433e-06,
                        -0.41583120319697625,
                        1.5786314028765405,
                        -1.0685963182299218
                    ],
                    [
                        -1.1859623342688157,
                        -1.1787765161435106,
                        -3.324486797970601e-06,
                        2.5581232666083693,
                        -1.0685963182299218,
                        3.526400184176999
                    ]
                ]
            },
            "est_tgt": [
                1,
                2
            ]
        },
        "3": {
            "intv_type": "do",
            "inode": 3,
            "new_mui": 1.0,
            "true_params": {
                "Si": [
                    [
                        1.0,
                        0.6953560965376412,
                        1.0442891238651681,
                        0.0,
                        -0.3840253952833122,
                        -0.2665857846492089
                    ],
                    [
                        0.6953560965376412,
                        1.4835201009920653,
                        1.3314097938515495,
                        0.0,
                        -1.410157411929721,
                        -0.34757292176388593
                    ],
                    [
                        1.0442891238651681,
                        1.3314097938515495,
                        2.456875792143366,
                        0.0,
                        -1.8630849457458314,
                        -0.4509424971189225
                    ],
                    [
                        0.0,
                        0.0,
                        0.0,
                        0.0,
                        0.0,
                        0.0
                    ],
                    [
                        -0.3840253952833122,
                        -1.410157411929721,
                        -1.8630849457458314,
                        0.0,
                        3.047364803399668,
                        -0.5126348515222217
                    ],
                    [
                        -0.2665857846492089,
                        -0.34757292176388593,
                        -0.4509424971189225,
                        0.0,
                        -0.5126348515222217,
                        1.8385731075135752
                    ]
                ],
                "mui": [
                    0.0,
                    0.0,
                    0.0,
                    1.0,
                    0.0,
                    0.5894377161066229
                ],
                "Ai": [
                    [
                        0.0,
                        0.0,
                        0.0,
                        0.0,
                        0.0,
                        0.0
                    ],
                    [
                        0.6953560965376412,
                        0.0,
                        0.0,
                        0.0,
                        0.0,
                        0.0
                    ],
                    [
                        0.6234199893567708,
                        0.6052569850239529,
                        0.0,
                        0.0,
                        0.0,
                        0.0
                    ],
                    [
                        0.0,
                        0.0,
                        0.0,
                        0.0,
                        0.0,
                        0.0
                    ],
                    [
                        0.8909904202629884,
                        -0.6769733207143309,
                        -0.7701682143518158,
                        -0.0,
                        0.0,
                        0.0
                    ],
                    [
                        0.6567796564066584,
                        -0.6978297523438353,
                        -0.7349565862017158,
                        0.5894377161066229,
                        -0.8577086440397941,
                        0.0
                    ]
                ]
            },
            "est_params": {
                "mui": [
                    0.014152858560282502,
                    0.027379914782702793,
                    0.02827790015383534,
                    0.9999958869012823,
                    -0.08457264769154298,
                    0.6503239060284561
                ],
                "Si": [
                    [
                        1.0322703392514239,
                        0.7627578197273975,
                        1.2127508024616291,
                        5.13232224199075e-07,
                        -0.535342824722065,
                        -0.22514742948091038
                    ],
                    [
                        0.7627578197273975,
                        1.5266222486455476,
                        1.517479928419991,
                        1.77852472645866e-06,
                        -1.4843967978685053,
                        -0.3558627426729858
                    ],
                    [
                        1.2127508024616291,
                        1.517479928419991,
                        2.8483603651604072,
                        2.76320971600646e-06,
                        -2.1347065418645794,
                        -0.39322903156479067
                    ],
                    [
                        5.13232224199075e-07,
                        1.778524726458659e-06,
                        2.76320971600646e-06,
                        1.0200012789808355e-06,
                        -8.284256201747694e-06,
                        7.059785188875204e-06
                    ],
                    [
                        -0.535342824722065,
                        -1.4843967978685053,
                        -2.1347065418645794,
                        -8.284256201747694e-06,
                        3.2749398127388027,
                        -0.6877358677672106
                    ],
                    [
                        -0.22514742948091043,
                        -0.3558627426729857,
                        -0.39322903156479067,
                        7.059785188875204e-06,
                        -0.6877358677672105,
                        1.8807567086619275
                    ]
                ]
            },
            "est_tgt": [
                1,
                3,
                4
            ]
        },
        "4": {
            "intv_type": "do",
            "inode": 4,
            "new_mui": 1.0,
            "true_params": {
                "Si": [
                    [
                        1.0,
                        0.6953560965376412,
                        1.0442891238651681,
                        -1.389368298969596,
                        0.0,
                        -1.4149137626900867
                    ],
                    [
                        0.6953560965376412,
                        1.4835201009920653,
                        1.3314097938515495,
                        -1.594582244187538,
                        0.0,
                        -2.496984039590868
                    ],
                    [
                        1.0442891238651681,
                        1.3314097938515495,
                        2.456875792143366,
                        -1.831292011645938,
                        0.0,
                        -3.1283591405344175
                    ],
                    [
                        -1.389368298969596,
                        -1.594582244187538,
                        -1.831292011645938,
                        3.3253270153764043,
                        0.0,
                        3.5062313850026037
                    ],
                    [
                        0.0,
                        0.0,
                        0.0,
                        0.0,
                        0.0,
                        0.0
                    ],
                    [
                        -1.4149137626900867,
                        -2.496984039590868,
                        -3.1283591405344175,
                        3.5062313850026037,
                        0.0,
                        6.179096353106962
                    ]
                ],
                "mui": [
                    0.0,
                    0.0,
                    0.0,
                    0.0,
                    1.0,
                    -0.8577086440397941
                ],
                "Ai": [
                    [
                        0.0,
                        0.0,
                        0.0,
                        0.0,
                        0.0,
                        0.0
                    ],
                    [
                        0.6953560965376412,
                        0.0,
                        0.0,
                        0.0,
                        0.0,
                        0.0
                    ],
                    [
                        0.6234199893567708,
                        0.6052569850239529,
                        0.0,
                        0.0,
                        0.0,
                        0.0
                    ],
                    [
                        -0.9523533142760708,
                        -0.6284765271628973,
                        0.0,
                        0.0,
                        0.0,
                        0.0
                    ],
                    [
                        0.0,
                        0.0,
                        0.0,
                        0.0,
                        0.0,
                        0.0
                    ],
                    [
                        0.6567796564066584,
                        -0.6978297523438353,
                        -0.7349565862017158,
                        0.5894377161066229,
                        -0.8577086440397941,
                        0.0
                    ]
                ]
            },
            "est_params": {
                "mui": [
                    -0.0066551393767527315,
                    0.07485047606546771,
                    0.15381285017106963,
                    -0.004130332315742622,
                    1.0000101063043652,
                    -0.9627972734187694
                ],
                "Si": [
                    [
                        0.8982028247811755,
                        0.6195121064227611,
                        1.008597801471412,
                        -1.3068585449618406,
                        3.4462233588308715e-06,
                        -1.4179666236392634
                    ],
                    [
                        0.6195121064227611,
                        1.5329005711542867,
                        1.3978139898533217,
                        -1.6993129792283554,
                        -3.883207592882237e-06,
                        -2.810953354952452
                    ],
                    [
                        1.008597801471412,
                        1.3978139898533217,
                        2.617883462437062,
                        -2.0061855055098934,
                        -5.747188397034231e-06,
                        -3.5581520473024812
                    ],
                    [
                        -1.3068585449618408,
                        -1.6993129792283557,
                        -2.0061855055098934,
                        3.4251497935287776,
                        9.899037379540316e-07,
                        3.993539312560576
                    ],
                    [
                        3.4462233588308715e-06,
                        -3.883207592882237e-06,
                        -5.747188397034231e-06,
                        9.899037379540311e-07,
                        1.0270911086863997e-06,
                        1.4729346708591333e-05
                    ],
                    [
                        -1.4179666236392634,
                        -2.810953354952452,
                        -3.5581520473024812,
                        3.993539312560576,
                        1.4729346708591337e-05,
                        7.351867080254358
                    ]
                ]
            },
            "est_tgt": [
                4,
                5
            ]
        },
        "5": {
            "intv_type": "do",
            "inode": 5,
            "new_mui": 1.0,
            "true_params": {
                "Si": [
                    [
                        1.0,
                        0.6953560965376412,
                        1.0442891238651681,
                        -1.389368298969596,
                        -0.3840253952833122,
                        0.0
                    ],
                    [
                        0.6953560965376412,
                        1.4835201009920653,
                        1.3314097938515495,
                        -1.594582244187538,
                        -1.410157411929721,
                        0.0
                    ],
                    [
                        1.0442891238651681,
                        1.3314097938515495,
                        2.456875792143366,
                        -1.831292011645938,
                        -1.8630849457458314,
                        0.0
                    ],
                    [
                        -1.389368298969596,
                        -1.594582244187538,
                        -1.831292011645938,
                        3.3253270153764043,
                        1.2519786909668509,
                        0.0
                    ],
                    [
                        -0.3840253952833122,
                        -1.410157411929721,
                        -1.8630849457458314,
                        1.2519786909668509,
                        3.047364803399668,
                        0.0
                    ],
                    [
                        0.0,
                        0.0,
                        0.0,
                        0.0,
                        0.0,
                        0.0
                    ]
                ],
                "mui": [
                    0.0,
                    0.0,
                    0.0,
                    0.0,
                    0.0,
                    1.0
                ],
                "Ai": [
                    [
                        0.0,
                        0.0,
                        0.0,
                        0.0,
                        0.0,
                        0.0
                    ],
                    [
                        0.6953560965376412,
                        0.0,
                        0.0,
                        0.0,
                        0.0,
                        0.0
                    ],
                    [
                        0.6234199893567708,
                        0.6052569850239529,
                        0.0,
                        0.0,
                        0.0,
                        0.0
                    ],
                    [
                        -0.9523533142760708,
                        -0.6284765271628973,
                        0.0,
                        0.0,
                        0.0,
                        0.0
                    ],
                    [
                        0.8909904202629884,
                        -0.6769733207143309,
                        -0.7701682143518158,
                        -0.0,
                        0.0,
                        0.0
                    ],
                    [
                        0.0,
                        0.0,
                        0.0,
                        0.0,
                        0.0,
                        0.0
                    ]
                ]
            },
            "est_params": {
                "mui": [
                    -0.054923142280262224,
                    -0.11936759629837879,
                    -0.22073040675255462,
                    0.167452715904634,
                    0.10569250189270224,
                    1.000000002799951
                ],
                "Si": [
                    [
                        0.9901121970592163,
                        0.6733005939830815,
                        1.0032682735351488,
                        -1.4480761121969157,
                        -0.27929910984176515,
                        3.607377662806005e-09
                    ],
                    [
                        0.6733005939830815,
                        1.4266296112481553,
                        1.2644034377115476,
                        -1.5238501529601594,
                        -1.3503817778061662,
                        -1.6974875768749657e-09
                    ],
                    [
                        1.0032682735351488,
                        1.2644034377115476,
                        2.3759514974108624,
                        -1.7597040517711247,
                        -1.7414014883495341,
                        -1.0464279967438815e-09
                    ],
                    [
                        -1.4480761121969157,
                        -1.5238501529601591,
                        -1.7597040517711247,
                        3.3907892503159784,
                        0.9978643288413872,
                        -1.9295384421977527e-09
                    ],
                    [
                        -0.2792991098417653,
                        -1.3503817778061662,
                        -1.7414014883495343,
                        0.9978643288413872,
                        3.0318311524944748,
                        4.041796135454526e-09
                    ],
                    [
                        3.607377662806005e-09,
                        -1.6974875768749657e-09,
                        -1.0464279967438815e-09,
                        -1.9295384421977527e-09,
                        4.0417961354545255e-09,
                        1.0000156314444922e-06
                    ]
                ]
            },
            "est_tgt": [
                1,
                4,
                5
            ]
        },
        "obs": {
            "intv_type": "obs",
            "true_params": {
                "Si": [
                    [
                        1.0,
                        0.6953560965376412,
                        1.0442891238651681,
                        -1.389368298969596,
                        -0.3840253952833122,
                        -1.085531861624791
                    ],
                    [
                        0.6953560965376412,
                        1.4835201009920653,
                        1.3314097938515495,
                        -1.594582244187538,
                        -1.410157411929721,
                        -1.2874798379219614
                    ],
                    [
                        1.0442891238651681,
                        1.3314097938515495,
                        2.456875792143366,
                        -1.831292011645938,
                        -1.8630849457458314,
                        -1.530375077987807
                    ],
                    [
                        -1.389368298969596,
                        -1.594582244187538,
                        -1.831292011645938,
                        3.3253270153764043,
                        1.2519786909668509,
                        2.43239843960671
                    ],
                    [
                        -0.3840253952833122,
                        -1.410157411929721,
                        -1.8630849457458314,
                        1.2519786909668509,
                        3.047364803399668,
                        0.22532860869543825
                    ],
                    [
                        -1.085531861624791,
                        -1.2874798379219614,
                        -1.530375077987807,
                        2.43239843960671,
                        0.22532860869543825,
                        3.550726821750011
                    ]
                ],
                "mui": [
                    0.0,
                    0.0,
                    0.0,
                    0.0,
                    0.0,
                    0.0
                ],
                "Ai": [
                    [
                        0.0,
                        0.0,
                        0.0,
                        0.0,
                        0.0,
                        0.0
                    ],
                    [
                        0.6953560965376412,
                        0.0,
                        0.0,
                        0.0,
                        0.0,
                        0.0
                    ],
                    [
                        0.6234199893567708,
                        0.6052569850239529,
                        0.0,
                        0.0,
                        0.0,
                        0.0
                    ],
                    [
                        -0.9523533142760708,
                        -0.6284765271628973,
                        0.0,
                        0.0,
                        0.0,
                        0.0
                    ],
                    [
                        0.8909904202629884,
                        -0.6769733207143309,
                        -0.7701682143518158,
                        -0.0,
                        0.0,
                        0.0
                    ],
                    [
                        0.6567796564066584,
                        -0.6978297523438353,
                        -0.7349565862017158,
