{
    "expt_args": {
        "save_dir": "expt_logs_30.04.24-sp1",
        "exp_name": "89",
        "num_nodes": 6,
        "obs_noise_mean": 0.0,
        "obs_noise_var": 1.0,
        "max_edge_strength": 1.0,
        "graph_sparsity_method": "adj_dense_prop",
        "adj_dense_prop": 0.8,
        "num_parents": null,
        "new_noise_mean": 1.0,
        "mix_samples": 2048,
        "stage2_samples": 2048,
        "gmm_tol": 0.001,
        "intv_targets": [
            0,
            1,
            2,
            3,
            4,
            5
        ]
    },
    "intv_args_dict": {
        "0": {
            "intv_type": "do",
            "inode": 0,
            "new_mui": 1.0,
            "true_params": {
                "Si": [
                    [
                        0.0,
                        0.0,
                        0.0,
                        0.0,
                        0.0,
                        0.0
                    ],
                    [
                        0.0,
                        1.0,
                        0.7527295006602527,
                        0.8147537634148927,
                        -0.5791517795545155,
                        -1.635907091161794
                    ],
                    [
                        0.0,
                        0.7527295006602527,
                        1.5666017011642333,
                        0.6132891934963538,
                        0.21781042554758034,
                        -1.4048481940617221
                    ],
                    [
                        0.0,
                        0.8147537634148927,
                        0.6132891934963538,
                        1.6638236949987308,
                        -1.0430951604663363,
                        -1.622092755617266
                    ],
                    [
                        0.0,
                        -0.5791517795545155,
                        0.21781042554758034,
                        -1.0430951604663363,
                        2.089115104876873,
                        1.505591814182413
                    ],
                    [
                        0.0,
                        -1.635907091161794,
                        -1.4048481940617221,
                        -1.622092755617266,
                        1.505591814182413,
                        4.046304214131391
                    ]
                ],
                "mui": [
                    1.0,
                    0.0,
                    0.8070104205055769,
                    -0.6009774036527558,
                    1.4379573743021246,
                    0.9346740024346478
                ],
                "Ai": [
                    [
                        0.0,
                        0.0,
                        0.0,
                        0.0,
                        0.0,
                        0.0
                    ],
                    [
                        -0.0,
                        0.0,
                        0.0,
                        0.0,
                        0.0,
                        0.0
                    ],
                    [
                        0.8070104205055769,
                        0.7527295006602527,
                        0.0,
                        0.0,
                        0.0,
                        0.0
                    ],
                    [
                        -0.6009774036527558,
                        0.8147537634148927,
                        0.0,
                        0.0,
                        0.0,
                        0.0
                    ],
                    [
                        0.5670744696841433,
                        -0.6058414626225843,
                        0.6537550553781475,
                        -0.5712290684858625,
                        0.0,
                        0.0
                    ],
                    [
                        0.6137029458350399,
                        -0.9629352215462617,
                        -0.504469473103607,
                        0.0,
                        0.5063315444760892,
                        0.0
                    ]
                ]
            },
            "est_params": {
                "mui": [
                    1.000002189962417,
                    0.028098306671272666,
                    0.8341517997056335,
                    -0.6160665215051816,
                    1.3726258341476714,
                    0.9123108966575956
                ],
                "Si": [
                    [
                        1.0261478029158008e-06,
                        3.3084098136924713e-06,
                        2.345630377583629e-06,
                        1.1897684350083153e-05,
                        -3.543311255131176e-06,
                        -1.1925268186672165e-05
                    ],
                    [
                        3.3084098136924713e-06,
                        0.9324738249040849,
                        0.7425117463425606,
                        0.7682980740793359,
                        -0.6015988178807807,
                        -1.5472446129692572
                    ],
                    [
                        2.345630377583629e-06,
                        0.7425117463425606,
                        1.5465026420883514,
                        0.6678207825149641,
                        0.1089086967584693,
                        -1.3849852968057093
                    ],
                    [
                        1.1897684350083153e-05,
                        0.7682980740793359,
                        0.6678207825149641,
                        1.6128826303160528,
                        -1.020494354292029,
                        -1.5025466424458573
                    ],
                    [
                        -3.543311255131175e-06,
                        -0.6015988178807807,
                        0.10890869675846933,
                        -1.020494354292029,
                        2.0362250180441883,
                        1.5461665290348743
                    ],
                    [
                        -1.1925268186672165e-05,
                        -1.5472446129692572,
                        -1.3849852968057093,
                        -1.5025466424458573,
                        1.5461665290348745,
                        3.890977985214793
                    ]
                ]
            },
            "est_tgt": [
                0
            ]
        },
        "1": {
            "intv_type": "do",
            "inode": 1,
            "new_mui": 1.0,
            "true_params": {
                "Si": [
                    [
                        1.0,
                        0.0,
                        0.8070104205055769,
                        -0.6009774036527558,
                        1.4379573743021246,
                        0.9346740024346478
                    ],
                    [
                        0.0,
                        0.0,
                        0.0,
                        0.0,
                        0.0,
                        0.0
                    ],
                    [
                        0.8070104205055769,
                        0.0,
                        1.6512658188045881,
                        -0.4849950272361603,
                        1.8142016406828003,
                        0.5808389935354774
                    ],
                    [
                        -0.6009774036527558,
                        0.0,
                        -0.4849950272361603,
                        1.3611738397012072,
                        -1.4354089578572873,
                        -0.8509492517409887
                    ],
                    [
                        1.4379573743021246,
                        0.0,
                        1.8142016406828003,
                        -1.4354089578572873,
                        3.8214197314255713,
                        1.902174685519593
                    ],
                    [
                        0.9346740024346478,
                        0.0,
                        0.5808389935354774,
                        -0.8509492517409887,
                        1.902174685519593,
                        2.2437276940451536
                    ]
                ],
                "mui": [
                    0.0,
                    1.0,
                    0.7527295006602527,
                    0.8147537634148927,
                    -0.5791517795545155,
                    -1.635907091161794
                ],
                "Ai": [
                    [
                        0.0,
                        0.0,
                        0.0,
                        0.0,
                        0.0,
                        0.0
                    ],
                    [
                        0.0,
                        0.0,
                        0.0,
                        0.0,
                        0.0,
                        0.0
                    ],
                    [
                        0.8070104205055769,
                        0.7527295006602527,
                        0.0,
                        0.0,
                        0.0,
                        0.0
                    ],
                    [
                        -0.6009774036527558,
                        0.8147537634148927,
                        0.0,
                        0.0,
                        0.0,
                        0.0
                    ],
                    [
                        0.5670744696841433,
                        -0.6058414626225843,
                        0.6537550553781475,
                        -0.5712290684858625,
                        0.0,
                        0.0
                    ],
                    [
                        0.6137029458350399,
                        -0.9629352215462617,
                        -0.504469473103607,
                        0.0,
                        0.5063315444760892,
                        0.0
                    ]
                ]
            },
            "est_params": {
                "mui": [
                    -0.028833565646459728,
                    1.0000116611507257,
                    0.7588144352491109,
                    0.9502440689948346,
                    -0.6763488058763331,
                    -1.6769941819824616
                ],
                "Si": [
                    [
                        1.1288760170270493,
                        -2.5600833103580765e-06,
                        0.9469240229092242,
                        -0.6701112912085464,
                        1.529382470978784,
                        0.9906369847561984
                    ],
                    [
                        -2.5600833103580765e-06,
                        1.0394671183232474e-06,
                        -5.704108913794875e-06,
                        -1.0228942156884003e-05,
                        -3.4396419041935598e-06,
                        6.899886247984203e-06
                    ],
                    [
                        0.9469240229092242,
                        -5.704108913794876e-06,
                        1.886697445971886,
                        -0.6591941567740162,
                        1.953675220720554,
                        0.597979166884177
                    ],
                    [
                        -0.6701112912085464,
                        -1.0228942156884005e-05,
                        -0.6591941567740162,
                        1.3272812442716562,
                        -1.4281849517153216,
                        -0.7290137755659629
                    ],
                    [
                        1.5293824709787842,
                        -3.439641904193559e-06,
                        1.953675220720554,
                        -1.4281849517153218,
                        3.7353731581888523,
                        1.942199152668999
                    ],
                    [
                        0.9906369847561984,
                        6.899886247984203e-06,
                        0.597979166884177,
                        -0.7290137755659629,
                        1.942199152668999,
                        2.3893545035311887
                    ]
                ]
            },
            "est_tgt": [
                1
            ]
        },
        "2": {
            "intv_type": "do",
            "inode": 2,
            "new_mui": 1.0,
            "true_params": {
                "Si": [
                    [
                        1.0,
                        0.0,
                        0.0,
                        -0.6009774036527558,
                        0.9103702321537592,
                        1.0746521115265086
                    ],
                    [
                        0.0,
                        1.0,
                        0.0,
                        0.8147537634148927,
                        -1.0712524959434242,
                        -1.505344152341161
                    ],
                    [
                        0.0,
                        0.0,
                        0.0,
                        0.0,
                        0.0,
                        0.0
                    ],
                    [
                        -0.6009774036527558,
                        0.8147537634148927,
                        0.0,
                        2.0249975346999385,
                        -1.9911480096058871,
                        -2.1615577456658
                    ],
                    [
                        0.9103702321537592,
                        -1.0712524959434242,
                        0.0,
                        -1.9911480096058871,
                        3.3026585183399315,
                        3.2624838412547286
                    ],
                    [
                        1.0746521115265086,
                        -1.505344152341161,
                        0.0,
                        -2.1615577456658,
                        3.2624838412547286,
                        4.76096455360046
                    ]
                ],
                "mui": [
                    0.0,
                    0.0,
                    1.0,
                    0.0,
                    0.6537550553781475,
                    -0.17345266620493838
                ],
                "Ai": [
                    [
                        0.0,
                        0.0,
                        0.0,
                        0.0,
                        0.0,
                        0.0
                    ],
                    [
                        -0.0,
                        0.0,
                        0.0,
                        0.0,
                        0.0,
                        0.0
                    ],
                    [
                        0.0,
                        0.0,
                        0.0,
                        0.0,
                        0.0,
                        0.0
                    ],
                    [
                        -0.6009774036527558,
                        0.8147537634148927,
                        0.0,
                        0.0,
                        0.0,
                        0.0
                    ],
                    [
                        0.5670744696841433,
                        -0.6058414626225843,
                        0.6537550553781475,
                        -0.5712290684858625,
                        0.0,
                        0.0
                    ],
                    [
                        0.6137029458350399,
                        -0.9629352215462617,
                        -0.504469473103607,
                        0.0,
                        0.5063315444760892,
                        0.0
                    ]
                ]
            },
            "est_params": {
                "mui": [
                    -0.027411944725748413,
                    -0.11372662651691155,
                    1.0000009003820653,
                    -0.14225403966157174,
                    0.7871066331258952,
                    0.01090437283148653
                ],
                "Si": [
                    [
                        0.9530540048737479,
                        0.03215384097990325,
                        3.694968745606324e-07,
                        -0.6291590286280724,
                        0.8522442349789044,
                        0.9931208332967142
                    ],
                    [
                        0.032153840979903245,
                        1.0945350797699593,
                        -1.1250385545726285e-06,
                        0.9304873094455104,
                        -1.3013721287162368,
                        -1.7173548536419072
                    ],
                    [
                        3.6949687456063243e-07,
                        -1.1250385545726285e-06,
                        1.0053445962828532e-06,
                        -2.2381073603392734e-06,
                        4.159940282345439e-06,
                        2.547625721530578e-06
                    ],
                    [
                        -0.6291590286280724,
                        0.9304873094455104,
                        -2.2381073603392734e-06,
                        2.0740005091577434,
                        -2.209027043876394,
                        -2.412449538280728
                    ],
                    [
                        0.8522442349789044,
                        -1.3013721287162368,
                        4.159940282345439e-06,
                        -2.209027043876394,
                        3.680822989760841,
                        3.673139035828993
                    ],
                    [
                        0.9931208332967142,
                        -1.717354853641907,
                        2.5476257215305776e-06,
                        -2.4124495382807285,
                        3.673139035828993,
                        5.183918666679297
                    ]
                ]
            },
            "est_tgt": [
                2
            ]
        },
        "3": {
            "intv_type": "do",
            "inode": 3,
            "new_mui": 1.0,
            "true_params": {
                "Si": [
                    [
                        1.0,
                        0.0,
                        0.8070104205055769,
                        0.0,
                        1.0946616118325088,
                        0.7608525288113106
                    ],
                    [
                        0.0,
                        1.0,
                        0.7527295006602527,
                        0.0,
                        -0.11374074623367551,
                        -1.4002548038442404
                    ],
                    [
                        0.8070104205055769,
                        0.7527295006602527,
                        2.2178675199688214,
                        0.0,
                        1.451542367937214,
                        -0.6134498462809862
                    ],
                    [
                        0.0,
                        0.0,
                        0.0,
                        0.0,
                        0.0,
                        0.0
                    ],
                    [
                        1.0946616118325088,
                        -0.11374074623367551,
                        1.451542367937214,
                        0.0,
                        2.638616674206024,
                        1.3850780689377546
                    ],
                    [
                        0.7608525288113106,
                        -1.4002548038442404,
                        -0.6134498462809862,
                        0.0,
                        1.3850780689377546,
                        3.826067546632582
                    ]
                ],
                "mui": [
                    0.0,
                    0.0,
                    0.0,
                    1.0,
                    -0.5712290684858625,
                    -0.2892312964960845
                ],
                "Ai": [
                    [
                        0.0,
                        0.0,
                        0.0,
                        0.0,
                        0.0,
                        0.0
                    ],
                    [
                        -0.0,
                        0.0,
                        0.0,
                        0.0,
                        0.0,
                        0.0
                    ],
                    [
                        0.8070104205055769,
                        0.7527295006602527,
                        0.0,
                        0.0,
                        0.0,
                        0.0
                    ],
                    [
                        0.0,
                        0.0,
                        0.0,
                        0.0,
                        0.0,
                        0.0
                    ],
                    [
                        0.5670744696841433,
                        -0.6058414626225843,
                        0.6537550553781475,
                        -0.5712290684858625,
                        0.0,
                        0.0
                    ],
                    [
                        0.6137029458350399,
                        -0.9629352215462617,
                        -0.504469473103607,
                        0.0,
                        0.5063315444760892,
                        0.0
                    ]
                ]
            },
            "est_params": {
                "mui": [
                    0.06008286796625593,
                    -0.05819288641824872,
                    -0.018251276811825003,
                    1.000006589190543,
                    -0.6388897561496911,
                    -0.24461096320276743
                ],
                "Si": [
                    [
                        1.006135736122338,
                        -0.004101736214004147,
                        0.8323457440231936,
                        1.0976885308721176e-06,
                        1.141604081865207,
                        0.8400166756806131
                    ],
                    [
                        -0.0041017362140041555,
                        0.9935471158012057,
                        0.8698315895544448,
                        6.395242261997876e-06,
                        -0.06696380461380042,
                        -1.3841361648946953
                    ],
                    [
                        0.8323457440231936,
                        0.8698315895544448,
                        2.4183813686829927,
                        1.8777939633008743e-05,
                        1.5819121338747546,
                        -0.6223637726164041
                    ],
                    [
                        1.0976885308721174e-06,
                        6.395242261997876e-06,
                        1.8777939633008743e-05,
                        1.0243368199924943e-06,
                        1.5740773671188002e-05,
                        -1.5141620270531933e-05
                    ],
                    [
                        1.141604081865207,
                        -0.06696380461380043,
                        1.5819121338747546,
                        1.5740773671188002e-05,
                        2.845794930856573,
                        1.4261866776941592
                    ],
                    [
                        0.8400166756806131,
                        -1.3841361648946953,
                        -0.6223637726164041,
                        -1.5141620270531933e-05,
                        1.426186677694159,
                        3.7463229769744646
                    ]
                ]
            },
            "est_tgt": [
                3,
                4,
                5
            ]
        },
        "4": {
            "intv_type": "do",
            "inode": 4,
            "new_mui": 1.0,
            "true_params": {
                "Si": [
                    [
                        1.0,
                        0.0,
                        0.8070104205055769,
                        -0.6009774036527558,
                        0.0,
                        0.2065908242134712
                    ],
                    [
                        0.0,
                        1.0,
                        0.7527295006602527,
                        0.8147537634148927,
                        0.0,
                        -1.3426642761338805
                    ],
                    [
                        0.8070104205055769,
                        0.7527295006602527,
                        2.2178675199688214,
                        0.12829416626019355,
                        0.0,
                        -1.3484115353111155
                    ],
                    [
                        -0.6009774036527558,
                        0.8147537634148927,
                        0.12829416626019355,
                        2.0249975346999385,
                        0.0,
                        -1.2180971891371066
                    ],
                    [
                        0.0,
                        0.0,
                        0.0,
                        0.0,
                        0.0,
                        0.0
                    ],
                    [
                        0.2065908242134712,
                        -1.3426642761338805,
                        -1.3484115353111155,
                        -1.2180971891371066,
                        0.0,
                        3.0999165763487495
                    ]
                ],
                "mui": [
                    0.0,
                    0.0,
                    0.0,
                    0.0,
                    1.0,
                    0.5063315444760892
                ],
                "Ai": [
                    [
                        0.0,
                        0.0,
                        0.0,
                        0.0,
                        0.0,
                        0.0
                    ],
                    [
                        -0.0,
                        0.0,
                        0.0,
                        0.0,
                        0.0,
                        0.0
                    ],
                    [
                        0.8070104205055769,
                        0.7527295006602527,
                        0.0,
                        0.0,
                        0.0,
                        0.0
                    ],
                    [
                        -0.6009774036527558,
                        0.8147537634148927,
                        0.0,
                        0.0,
                        0.0,
                        0.0
                    ],
                    [
                        0.0,
                        0.0,
                        0.0,
                        0.0,
                        0.0,
                        0.0
                    ],
                    [
                        0.6137029458350399,
                        -0.9629352215462617,
                        -0.504469473103607,
                        0.0,
                        0.5063315444760892,
                        0.0
                    ]
                ]
            },
            "est_params": {
                "mui": [
                    -0.03427021053853488,
                    -0.038356687490934356,
                    -0.0894090270624588,
                    0.010917745373372437,
                    0.9999990428603366,
                    0.43211529850990893
                ],
                "Si": [
                    [
                        0.9579800055256135,
                        -0.06051336117816601,
                        0.7515324320422866,
                        -0.4327901831859015,
                        -9.899363884543787e-07,
                        0.3441344535752526
                    ],
                    [
                        -0.060513361178166,
                        1.0459002809758005,
                        0.7590215311882114,
                        0.8776915369547238,
                        -5.715996026643013e-07,
                        -1.3946665624186114
                    ],
                    [
                        0.7515324320422865,
                        0.7590215311882114,
                        2.12713859145838,
                        0.2523030198594964,
                        -9.191306475551936e-07,
                        -1.2829059304212203
                    ],
                    [
                        -0.43279018318590146,
                        0.8776915369547237,
                        0.25230301985949644,
                        1.8180090328163006,
                        -3.9718705114912367e-07,
                        -1.2114081318789167
                    ],
                    [
                        -9.899363884543787e-07,
                        -5.715996026643011e-07,
                        -9.191306475551936e-07,
                        -3.9718705114912367e-07,
                        1.0014862373962876e-06,
                        7.205085354155733e-08
                    ],
                    [
                        0.3441344535752526,
                        -1.3946665624186116,
                        -1.2829059304212203,
                        -1.2114081318789165,
                        7.205085354155734e-08,
                        3.1967387189409613
                    ]
                ]
            },
            "est_tgt": [
                3,
                4,
                5
            ]
        },
        "5": {
            "intv_type": "do",
            "inode": 5,
            "new_mui": 1.0,
            "true_params": {
                "Si": [
                    [
                        1.0,
                        0.0,
                        0.8070104205055769,
                        -0.6009774036527558,
                        1.4379573743021246,
                        0.0
                    ],
                    [
                        0.0,
                        1.0,
                        0.7527295006602527,
                        0.8147537634148927,
                        -0.5791517795545155,
                        0.0
                    ],
                    [
                        0.8070104205055769,
                        0.7527295006602527,
                        2.2178675199688214,
                        0.12829416626019355,
                        1.3782570108522332,
                        0.0
                    ],
                    [
                        -0.6009774036527558,
                        0.8147537634148927,
                        0.12829416626019355,
                        2.0249975346999385,
                        -1.907275049837761,
                        0.0
                    ],
                    [
                        1.4379573743021246,
                        -0.5791517795545155,
                        1.3782570108522332,
                        -1.907275049837761,
                        4.1568365151867335,
                        0.0
                    ],
                    [
                        0.0,
                        0.0,
                        0.0,
                        0.0,
                        0.0,
                        0.0
                    ]
                ],
                "mui": [
                    0.0,
                    0.0,
                    0.0,
                    0.0,
                    0.0,
                    1.0
                ],
                "Ai": [
                    [
                        0.0,
                        0.0,
                        0.0,
                        0.0,
                        0.0,
                        0.0
                    ],
                    [
                        -0.0,
                        0.0,
                        0.0,
                        0.0,
                        0.0,
                        0.0
                    ],
                    [
                        0.8070104205055769,
                        0.7527295006602527,
                        0.0,
                        0.0,
                        0.0,
                        0.0
                    ],
                    [
                        -0.6009774036527558,
                        0.8147537634148927,
                        0.0,
                        0.0,
                        0.0,
                        0.0
                    ],
                    [
                        0.5670744696841433,
                        -0.6058414626225843,
                        0.6537550553781475,
                        -0.5712290684858625,
                        0.0,
                        0.0
                    ],
                    [
                        0.0,
                        0.0,
                        0.0,
                        0.0,
                        0.0,
                        0.0
                    ]
                ]
            },
            "est_params": {
                "mui": [
                    -0.11123179384682429,
                    -0.006417869770314421,
                    -0.07235091876515873,
                    -0.04664214665980953,
                    -0.061330696006707215,
                    0.9999991498046025
                ],
                "Si": [
                    [
                        1.1408457604436133,
                        0.0780023266009811,
                        0.954148729293513,
                        -0.6048333504024253,
                        1.5036733205528365,
                        -1.2032288212170664e-06
                    ],
                    [
                        0.07800232660098111,
                        1.114275769448273,
                        0.687095712083452,
                        0.7959467410568969,
                        -0.6798686334887951,
                        1.1286339008927232e-06
                    ],
                    [
                        0.954148729293513,
                        0.687095712083452,
                        2.037678627608944,
                        -0.05557275862691559,
                        1.4122432427183782,
                        7.855400496586476e-07
                    ],
                    [
                        -0.6048333504024254,
                        0.7959467410568969,
                        -0.05557275862691559,
                        1.8538081298935982,
                        -1.8752853747116789,
                        4.0509844955688237e-07
                    ],
                    [
                        1.5036733205528368,
                        -0.6798686334887952,
                        1.4122432427183782,
                        -1.8752853747116789,
                        4.19105039842451,
                        -5.536280930907817e-07
                    ],
                    [
                        -1.2032288212170664e-06,
                        1.1286339008927232e-06,
                        7.855400496586476e-07,
                        4.0509844955688237e-07,
                        -5.536280930907817e-07,
                        1.002020575394102e-06
                    ]
                ]
            },
            "est_tgt": [
                2,
                4,
                5
            ]
        },
        "obs": {
            "intv_type": "obs",
            "true_params": {
                "Si": [
                    [
                        1.0,
                        0.0,
                        0.8070104205055769,
                        -0.6009774036527558,
                        1.4379573743021246,
                        0.9346740024346478
                    ],
                    [
                        0.0,
                        1.0,
                        0.7527295006602527,
                        0.8147537634148927,
                        -0.5791517795545155,
                        -1.635907091161794
                    ],
                    [
                        0.8070104205055769,
                        0.7527295006602527,
                        2.2178675199688214,
                        0.12829416626019355,
                        1.3782570108522332,
                        -0.6505565343213062
                    ],
                    [
                        -0.6009774036527558,
                        0.8147537634148927,
                        0.12829416626019355,
                        2.0249975346999385,
                        -1.907275049837761,
                        -2.1838107108621703
                    ],
                    [
                        1.4379573743021246,
                        -0.5791517795545155,
                        1.3782570108522332,
                        -1.907275049837761,
                        4.1568365151867335,
                        2.849613188551797
                    ],
                    [
                        0.9346740024346478,
                        -1.635907091161794,
                        -0.6505565343213062,
                        -2.1838107108621703,
                        2.849613188551797,
                        4.919919704958596
                    ]
                ],
                "mui": [
                    0.0,
                    0.0,
                    0.0,
                    0.0,
                    0.0,
                    0.0
                ],
                "Ai": [
                    [
                        0.0,
                        0.0,
                        0.0,
                        0.0,
                        0.0,
                        0.0
                    ],
                    [
                        -0.0,
                        0.0,
                        0.0,
                        0.0,
                        0.0,
                        0.0
                    ],
                    [
                        0.8070104205055769,
                        0.7527295006602527,
                        0.0,
                        0.0,
                        0.0,
                        0.0
                    ],
                    [
                        -0.6009774036527558,
                        0.8147537634148927,
                        0.0,
                        0.0,
                        0.0,
                        0.0
                    ],
                    [
                        0.5670744696841433,
                        -0.6058414626225843,
                        0.6537550553781475,
                        -0.5712290684858625,
                        0.0,
                        0.0
                    ],
                    [
                        0.6137029458350399,
                        -0.9629352215462617,
                        -0.504469473103607,
                        0.0,
                        0.5063315444760892,
                        0.0
                    ]
                ]
            },
            "est_params": {
                "mui": [
                    0.06496307364865651,
                    0.028248553477572918,
                    0.09244375867233011,
                    0.018390902702758248,
