{
    "expt_args": {
        "save_dir": "all_expt_logs/expt_logs_sim_compsel_n48_bic-half",
        "exp_name": "63",
        "num_nodes": 8,
        "num_tgt_prior": 9,
        "obs_noise_mean": 0.0,
        "obs_noise_var": 1.0,
        "obs_noise_gamma_shape": 2.0,
        "noise_type": "gaussian",
        "max_edge_strength": 1.0,
        "graph_sparsity_method": "adj_dense_prop",
        "adj_dense_prop": 0.8,
        "num_parents": null,
        "new_noise_mean": 1.0,
        "mix_samples": 262144,
        "stage2_samples": 262144,
        "gmm_tol": 0.001,
        "intv_type": "do",
        "new_noise_var": null,
        "dtype": "simulation",
        "cutoff_drop_ratio": 0.07,
        "intv_targets": [
            0,
            3,
            1,
            6
        ]
    },
    "intv_args_dict": {
        "0": {
            "intv_type": "do",
            "inode": 0,
            "new_mui": 1.0,
            "new_vari": null,
            "noise_type": "gaussian",
            "obs_noise_gamma_shape": 2.0,
            "true_params": {
                "Si": [
                    [
                        1e-09,
                        -8.496758755454186e-10,
                        1.0317221407190414e-10,
                        1.7226693176828259e-09,
                        -2.2897115959144454e-09,
                        2.011347450873782e-09,
                        -3.0766736243827187e-09,
                        -3.428861299071129e-10
                    ],
                    [
                        -8.496758755454186e-10,
                        1.0000000007219492,
                        -0.9707586032710438,
                        -1.403294620667783,
                        2.1829993639503984,
                        -2.000453007481375,
                        1.42765291650714,
                        0.6745148509327961
                    ],
                    [
                        1.0317221407190414e-10,
                        -0.9707586032710438,
                        1.9423722656651932,
                        1.9066362158785677,
                        -3.084488306021146,
                        2.973627448043036,
                        -1.020908771137351,
                        -0.2735078019792947
                    ],
                    [
                        1.7226693176828259e-09,
                        -1.403294620667783,
                        1.9066362158785677,
                        3.265580902291567,
                        -4.139966448418591,
                        2.990025434078532,
                        -3.2484712158371627,
                        -1.5514496929665174
                    ],
                    [
                        -2.2897115959144454e-09,
                        2.1829993639503984,
                        -3.084488306021146,
                        -4.139966448418591,
                        7.0010200119139485,
                        -5.986105072601852,
                        3.666942672303345,
                        1.5188408519485874
                    ],
                    [
                        2.011347450873782e-09,
                        -2.000453007481375,
                        2.973627448043036,
                        2.990025434078532,
                        -5.986105072601852,
                        6.901846843532675,
                        -1.387298891505516,
                        0.7176429946332062
                    ],
                    [
                        -3.0766736243827187e-09,
                        1.42765291650714,
                        -1.020908771137351,
                        -3.2484712158371627,
                        3.666942672303345,
                        -1.387298891505516,
                        5.669619048946944,
                        3.7949067166970156
                    ],
                    [
                        -3.428861299071129e-10,
                        0.6745148509327961,
                        -0.2735078019792947,
                        -1.5514496929665174,
                        1.5188408519485874,
                        0.7176429946332062,
                        3.7949067166970156,
                        4.507224329013332
                    ]
                ],
                "mui": [
                    1.0,
                    -0.8496758755454186,
                    0.10317221407190413,
                    1.7226693176828258,
                    -2.2897115959144454,
                    2.011347450873782,
                    -3.0766736243827184,
                    -0.34288612990711287
                ],
                "Ai": [
                    [
                        0.0,
                        0.0,
                        0.0,
                        0.0,
                        0.0,
                        0.0,
                        0.0,
                        0.0
                    ],
                    [
                        -0.8496758755454186,
                        0.0,
                        0.0,
                        0.0,
                        0.0,
                        0.0,
                        0.0,
                        0.0
                    ],
                    [
                        -0.7216579520311825,
                        -0.9707586031833808,
                        0.0,
                        0.0,
                        0.0,
                        0.0,
                        0.0,
                        0.0
                    ],
                    [
                        0.923176924318577,
                        -0.8748370393516607,
                        0.5443758913075363,
                        0.0,
                        0.0,
                        0.0,
                        0.0,
                        0.0
                    ],
                    [
                        -0.622761374780766,
                        0.763801570608694,
                        -0.6653300382309846,
                        -0.551076675021923,
                        0.0,
                        0.0,
                        0.0,
                        0.0
                    ],
                    [
                        0.8877138559327059,
                        -0.6948854633955697,
                        0.6843481959083471,
                        -0.8373002589360037,
                        -0.8319789841719449,
                        0.0,
                        0.0,
                        0.0
                    ],
                    [
                        -0.7637586233461569,
                        0.8778846890191572,
                        0.7881244808979165,
                        -0.8536399175101635,
                        0.6348145085825712,
                        0.6342868947487279,
                        0.0,
                        0.0
                    ],
                    [
                        0.5620232220526928,
                        0.696967857724357,
                        -0.6459781184919353,
                        0.8654468120414573,
                        0.6517871797278488,
                        0.9102745091766611,
                        0.6745655071675973,
                        0.0
                    ]
                ]
            },
            "est_params": {
                "mui": [
                    0.19926838306706024,
                    0.030640907846227066,
                    -0.17546093224823853,
                    0.2567385720721518,
                    -0.12761790348958976,
                    -0.0734240076808206,
                    -0.4151319437299802,
                    0.03989114140051517
                ],
                "Si": [
                    [
                        0.9608867356893689,
                        -0.6838977810975837,
                        -0.029901742559555296,
                        1.086753195530485,
                        -1.7027704403434525,
                        1.813481804212331,
                        -1.6338814076131833,
                        0.4607741335472994
                    ],
                    [
                        -0.6838977810975837,
                        1.570406012817889,
                        -1.0310049104396224,
                        -2.002188060486393,
                        3.4150639952880537,
                        -3.5690153802764017,
                        1.8849974249525998,
                        -0.10762710275042799
                    ],
                    [
                        -0.029901742559555296,
                        -1.0310049104396224,
                        2.021359768161145,
                        1.5906072199883754,
                        -2.9910660240111313,
                        3.231122016169774,
                        -0.2031083200033459,
                        0.18797940066091007
                    ],
                    [
                        1.086753195530485,
                        -2.002188060486393,
                        1.5906072199883754,
                        4.563783589848031,
                        -5.780973304488779,
                        4.4336589909431146,
                        -4.429003628660736,
                        -0.5833714623815842
                    ],
                    [
                        -1.7027704403434525,
                        3.4150639952880537,
                        -2.9910660240111313,
                        -5.780973304488779,
                        9.848142623300728,
                        -9.285934435922911,
                        5.113154948594086,
                        -0.2271745304147031
                    ],
                    [
                        1.813481804212331,
                        -3.5690153802764017,
                        3.231122016169774,
                        4.4336589909431146,
                        -9.285934435922911,
                        11.319601828904865,
                        -2.9348662765229823,
                        2.5520973475821616
                    ],
                    [
                        -1.6338814076131833,
                        1.8849974249525998,
                        -0.2031083200033459,
                        -4.429003628660736,
                        5.113154948594086,
                        -2.9348662765229823,
                        8.981535055084638,
                        3.415310419646847
                    ],
                    [
                        0.4607741335472994,
                        -0.10762710275042799,
                        0.18797940066091007,
                        -0.5833714623815842,
                        -0.2271745304147031,
                        2.5520973475821616,
                        3.415310419646847,
                        5.0420872948432365
                    ]
                ]
            },
            "est_tgt": [
                0,
                1,
                2,
                3,
                4,
                5,
                6,
                7
            ],
            "oracle_est_tgt": [
                0
            ]
        },
        "3": {
            "intv_type": "do",
            "inode": 3,
            "new_mui": 1.0,
            "new_vari": null,
            "noise_type": "gaussian",
            "obs_noise_gamma_shape": 2.0,
            "true_params": {
                "Si": [
                    [
                        1.0,
                        -0.8496758755454186,
                        0.10317221407190413,
                        0.0,
                        -1.340388716163509,
                        2.6639222314843516,
                        -0.5895707615585688,
                        1.0567276755069448
                    ],
                    [
                        -0.8496758755454186,
                        1.7219490934838735,
                        -1.0584215445068854,
                        0.0,
                        2.548572385155179,
                        -4.795513980126434,
                        -0.09740885380785314,
                        -1.363493224715083
                    ],
                    [
                        0.10317221407190413,
                        -1.0584215445068854,
                        1.9530167714110473,
                        0.0,
                        -2.1720764311236995,
                        3.9707345962054204,
                        1.6709688771864248,
                        1.3845981668921907
                    ],
                    [
                        0.0,
                        0.0,
                        0.0,
                        1e-09,
                        -5.510766750219231e-10,
                        -3.7881604665041113e-10,
                        -1.4437494400664016e-09,
                        -8.124680639791551e-10
                    ],
                    [
                        -1.340388716163509,
                        2.548572385155179,
                        -2.1720764311236995,
                        -5.510766750219231e-10,
                        5.22649360547392,
                        -8.795636965746393,
                        -0.7118837814605391,
                        -2.654037542801918
                    ],
                    [
                        2.6639222314843516,
                        -4.795513980126434,
                        3.9707345962054204,
                        -3.7881604665041113e-10,
                        -8.795636965746393,
                        16.732283795884037,
                        1.9144016402558903,
                        6.379336707876032
                    ],
                    [
                        -0.5895707615585688,
                        -0.09740885380785314,
                        1.6709688771864248,
                        -1.4437494400664016e-09,
                        -0.7118837814605391,
                        1.9144016402558903,
                        3.4440732108458714,
                        2.123234651641337
                    ],
                    [
                        1.0567276755069448,
                        -1.363493224715083,
                        1.3845981668921907,
                        -8.124680639791551e-10,
                        -2.654037542801918,
                        6.379336707876032,
                        2.123234651641337,
                        5.2585152270898465
                    ]
                ],
                "mui": [
                    0.0,
                    0.0,
                    0.0,
                    1.0,
                    -0.551076675021923,
                    -0.37881604665041113,
                    -1.4437494400664015,
                    -0.812468063979155
                ],
                "Ai": [
                    [
                        0.0,
                        0.0,
                        0.0,
                        0.0,
                        0.0,
                        0.0,
                        0.0,
                        0.0
                    ],
                    [
                        -0.8496758755454186,
                        0.0,
                        0.0,
                        0.0,
                        0.0,
                        0.0,
                        0.0,
                        0.0
                    ],
                    [
                        -0.7216579520311825,
                        -0.9707586031833808,
                        0.0,
                        0.0,
                        0.0,
                        0.0,
                        0.0,
                        0.0
                    ],
                    [
                        0.0,
                        0.0,
                        0.0,
                        0.0,
                        0.0,
                        0.0,
                        0.0,
                        0.0
                    ],
                    [
                        -0.622761374780766,
                        0.763801570608694,
                        -0.6653300382309846,
                        -0.551076675021923,
                        0.0,
                        0.0,
                        0.0,
                        0.0
                    ],
                    [
                        0.8877138559327059,
                        -0.6948854633955697,
                        0.6843481959083471,
                        -0.8373002589360037,
                        -0.8319789841719449,
                        0.0,
                        0.0,
                        0.0
                    ],
                    [
                        -0.7637586233461569,
                        0.8778846890191572,
                        0.7881244808979165,
                        -0.8536399175101635,
                        0.6348145085825712,
                        0.6342868947487279,
                        0.0,
                        0.0
                    ],
                    [
                        0.5620232220526928,
                        0.696967857724357,
                        -0.6459781184919353,
                        0.8654468120414573,
                        0.6517871797278488,
                        0.9102745091766611,
                        0.6745655071675973,
                        0.0
                    ]
                ]
            },
            "oracle_est_tgt": [
                2,
                3,
                4
            ]
        },
        "1": {
            "intv_type": "do",
            "inode": 1,
            "new_mui": 1.0,
            "new_vari": null,
            "noise_type": "gaussian",
            "obs_noise_gamma_shape": 2.0,
            "true_params": {
                "Si": [
                    [
                        1.0,
                        0.0,
                        -0.7216579520311825,
                        0.5303237334624307,
                        -0.4348697016878541,
                        0.31161079170666983,
                        -1.8636313847957455,
                        0.23023286638005191
                    ],
                    [
                        0.0,
                        1e-09,
                        -9.707586031833808e-10,
                        -1.4032946192040727e-09,
                        2.182999362004886e-09,
                        -2.0004530057723817e-09,
                        1.427652913892965e-09,
                        6.74514850641454e-10
                    ],
                    [
                        -0.7216579520311825,
                        -9.707586031833808e-10,
                        1.520790200672213,
                        0.16166355326576815,
                        -0.6514957181735348,
                        0.8067940783860343,
                        1.7099019848083223,
                        0.21513391279433802
                    ],
                    [
                        0.5303237334624307,
                        -1.4032946192040727e-09,
                        0.16166355326576815,
                        1.5775883752796416,
                        -1.3071969128789833,
                        0.3480550928949392,
                        -2.233381514166116,
                        -0.48280867957956386
                    ],
                    [
                        -0.4348697016878541,
                        2.182999362004886e-09,
                        -0.6514957181735348,
                        -1.3071969128789833,
                        2.424645454369001,
                        -1.7546275290737645,
                        1.3608140925447054,
                        -0.053745933898605255
                    ],
                    [
                        0.31161079170666983,
                        -2.0004530057723817e-09,
                        0.8067940783860343,
                        0.3480550928949392,
                        -1.7546275290737645,
                        2.9971359006932703,
                        0.8879260233580721,
                        2.1387213001469236
                    ],
                    [
                        -1.8636313847957455,
                        1.427652913892965e-09,
                        1.7099019848083223,
                        -2.233381514166116,
                        1.3608140925447054,
                        0.8879260233580721,
                        7.104548137367852,
                        2.4028644290253407
                    ],
                    [
                        0.23023286638005191,
                        6.74514850641454e-10,
                        0.21513391279433802,
                        -0.48280867957956386,
                        -0.053745933898605255,
                        2.1387213001469236,
                        2.4028644290253407,
                        4.105261218376443
                    ]
                ],
                "mui": [
                    0.0,
                    1.0,
                    -0.9707586031833808,
                    -1.4032946192040725,
                    2.1829993620048858,
                    -2.0004530057723815,
                    1.4276529138929648,
                    0.674514850641454
                ],
                "Ai": [
                    [
                        0.0,
                        0.0,
                        0.0,
                        0.0,
                        0.0,
                        0.0,
                        0.0,
                        0.0
                    ],
                    [
                        0.0,
                        0.0,
                        0.0,
                        0.0,
                        0.0,
                        0.0,
                        0.0,
                        0.0
                    ],
                    [
                        -0.7216579520311825,
                        -0.9707586031833808,
                        0.0,
                        0.0,
                        0.0,
                        0.0,
                        0.0,
                        0.0
                    ],
                    [
                        0.923176924318577,
                        -0.8748370393516607,
                        0.5443758913075363,
                        0.0,
                        0.0,
                        0.0,
                        0.0,
                        0.0
                    ],
                    [
                        -0.622761374780766,
                        0.763801570608694,
                        -0.6653300382309846,
                        -0.551076675021923,
                        0.0,
                        0.0,
                        0.0,
                        0.0
                    ],
                    [
                        0.8877138559327059,
                        -0.6948854633955697,
                        0.6843481959083471,
                        -0.8373002589360037,
                        -0.8319789841719449,
                        0.0,
                        0.0,
                        0.0
                    ],
                    [
                        -0.7637586233461569,
                        0.8778846890191572,
                        0.7881244808979165,
                        -0.8536399175101635,
                        0.6348145085825712,
                        0.6342868947487279,
                        0.0,
                        0.0
                    ],
                    [
                        0.5620232220526928,
                        0.696967857724357,
                        -0.6459781184919353,
                        0.8654468120414573,
                        0.6517871797278488,
                        0.9102745091766611,
                        0.6745655071675973,
                        0.0
                    ]
                ]
            },
            "oracle_est_tgt": [
                1
            ]
        },
        "6": {
            "intv_type": "do",
            "inode": 6,
            "new_mui": 1.0,
            "new_vari": null,
            "noise_type": "gaussian",
            "obs_noise_gamma_shape": 2.0,
            "true_params": {
                "Si": [
                    [
                        1.0,
                        -0.8496758755454186,
                        0.10317221407190413,
                        1.7226693176828258,
                        -2.2897115959144454,
                        2.011347450873782,
                        0.0,
                        1.7325317739137855
                    ],
                    [
                        -0.8496758755454186,
                        1.7219490934838735,
                        -1.0584215445068854,
                        -2.867005179981456,
                        4.128512067009989,
                        -3.709446412119608,
                        0.0,
                        -1.760621013188505
                    ],
                    [
                        0.10317221407190413,
                        -1.0584215445068854,
                        1.9530167714110473,
                        2.0843678233199094,
                        -3.320722920721518,
                        3.1811426176100497,
                        0.0,
                        0.5939111798806808
                    ],
                    [
                        1.7226693176828258,
                        -2.867005179981456,
                        2.0843678233199094,
                        6.23317047740979,
                        -8.084382357098567,
                        6.454911971433475,
                        0.0,
                        3.624436266111317
                    ],
                    [
                        -2.2897115959144454,
                        4.128512067009989,
                        -3.320722920721518,
                        -8.084382357098567,
                        12.243799199136246,
                        -10.591510649675104,
                        0.0,
                        -4.921750280601844
                    ],
                    [
                        2.011347450873782,
                        -3.709446412119608,
                        3.1811426176100497,
                        6.454911971433475,
                        -10.591510649675104,
                        10.947365407623616,
                        0.0,
                        5.138190338509272
                    ],
                    [
                        0.0,
                        0.0,
                        0.0,
                        0.0,
                        0.0,
                        0.0,
                        1e-09,
                        6.745655071675973e-10
                    ],
                    [
                        1.7325317739137855,
                        -1.760621013188505,
                        0.5939111798806808,
                        3.624436266111317,
                        -4.921750280601844,
                        5.138190338509272,
                        6.745655071675973e-10,
                        4.968959973659652
                    ]
                ],
                "mui": [
                    0.0,
                    0.0,
                    0.0,
                    0.0,
                    0.0,
                    0.0,
                    1.0,
                    0.6745655071675973
                ],
                "Ai": [
                    [
                        0.0,
                        0.0,
                        0.0,
                        0.0,
                        0.0,
                        0.0,
                        0.0,
                        0.0
                    ],
                    [
                        -0.8496758755454186,
                        0.0,
                        0.0,
                        0.0,
                        0.0,
                        0.0,
                        0.0,
                        0.0
                    ],
                    [
                        -0.7216579520311825,
                        -0.9707586031833808,
                        0.0,
                        0.0,
                        0.0,
                        0.0,
                        0.0,
                        0.0
                    ],
                    [
                        0.923176924318577,
                        -0.8748370393516607,
                        0.5443758913075363,
                        0.0,
                        0.0,
                        0.0,
                        0.0,
                        0.0
                    ],
                    [
                        -0.622761374780766,
                        0.763801570608694,
                        -0.6653300382309846,
                        -0.551076675021923,
                        0.0,
                        0.0,
                        0.0,
                        0.0
                    ],
                    [
                        0.8877138559327059,
                        -0.6948854633955697,
                        0.6843481959083471,
                        -0.8373002589360037,
                        -0.8319789841719449,
                        0.0,
                        0.0,
                        0.0
                    ],
                    [
                        0.0,
                        0.0,
                        0.0,
                        0.0,
                        0.0,
                        0.0,
                        0.0,
                        0.0
                    ],
                    [
                        0.5620232220526928,
                        0.696967857724357,
                        -0.6459781184919353,
                        0.8654468120414573,
                        0.6517871797278488,
                        0.9102745091766611,
                        0.6745655071675973,
                        0.0
                    ]
                ]
            },
            "oracle_est_tgt": [
                6,
                7
            ]
        },
        "obs": {
            "intv_type": "obs",
            "noise_type": "gaussian",
            "obs_noise_gamma_shape": 2.0,
            "true_params": {
                "Si": [
                    [
                        1.0,
                        -0.8496758755454186,
                        0.10317221407190413,
                        1.7226693176828258,
                        -2.2897115959144454,
                        2.011347450873782,
                        -3.0766736243827184,
                        -0.34288612990711287
                    ],
                    [
                        -0.8496758755454186,
                        1.7219490934838735,
                        -1.0584215445068854,
                        -2.867005179981456,
                        4.128512067009989,
                        -3.709446412119608,
                        4.041828269457847,
                        0.9658569232826603
                    ],
                    [
                        0.10317221407190413,
                        -1.0584215445068854,
                        1.9530167714110473,
                        2.0843678233199094,
                        -3.320722920721518,
                        3.1811426176100497,
                        -1.3383360006241187,
                        -0.3088841231409818
                    ],
                    [
                        1.7226693176828258,
                        -2.867005179981456,
                        2.0843678233199094,
                        6.23317047740979,
                        -8.084382357098567,
                        6.454911971433475,
                        -8.548562463785196,
                        -2.142129107825829
                    ],
                    [
                        -2.2897115959144454,
                        4.128512067009989,
                        -3.320722920721518,
                        -8.084382357098567,
                        12.243799199136246,
                        -10.591510649675104,
                        10.711637939851885,
                        2.30395119889002
                    ],
                    [
                        2.011347450873782,
                        -3.709446412119608,
                        3.1811426176100497,
                        6.454911971433475,
                        -10.591510649675104,
                        10.947365407623616,
                        -7.575558536890037,
                        0.027979851994221372
                    ],
                    [
                        -3.0766736243827184,
                        4.041828269457847,
                        -1.3383360006241187,
                        -8.548562463785196,
                        10.711637939851885,
                        -7.575558536890037,
                        15.135539630453316,
                        4.849855427693948
                    ],
                    [
                        -0.34288612990711287,
                        0.9658569232826603,
                        -0.3088841231409818,
                        -2.142129107825829,
                        2.30395119889002,
                        0.027979851994221372,
                        4.849855427693948,
                        4.6247952269784385
                    ]
                ],
                "mui": [
                    0.0,
                    0.0,
                    0.0,
                    0.0,
                    0.0,
                    0.0,
                    0.0,
                    0.0
                ],
                "Ai": [
                    [
                        0.0,
                        0.0,
                        0.0,
                        0.0,
                        0.0,
                        0.0,
                        0.0,
                        0.0
                    ],
                    [
                        -0.8496758755454186,
                        0.0,
                        0.0,
                        0.0,
                        0.0,
                        0.0,
                        0.0,
                        0.0
                    ],
                    [
                        -0.7216579520311825,
                        -0.9707586031833808,
                        0.0,
                        0.0,
                        0.0,
                        0.0,
                        0.0,
                        0.0
                    ],
                    [
                        0.923176924318577,
                        -0.8748370393516607,
                        0.5443758913075363,
                        0.0,
                        0.0,
                        0.0,
                        0.0,
                        0.0
                    ],
                    [
                        -0.622761374780766,
                        0.763801570608694,
                        -0.6653300382309846,
                        -0.551076675021923,
                        0.0,
                        0.0,
                        0.0,
                        0.0
                    ],
                    [
                        0.8877138559327059,
                        -0.6948854633955697,
                        0.6843481959083471,
                        -0.8373002589360037,
                        -0.8319789841719449,
                        0.0,
                        0.0,
                        0.0
                    ],
                    [
                        -0.7637586233461569,
                        0.8778846890191572,
                        0.7881244808979165,
                        -0.8536399175101635,
                        0.6348145085825712,
                        0.6342868947487279,
                        0.0,
                        0.0
                    ],
                    [
                        0.5620232220526928,
                        0.696967857724357,
                        -0.6459781184919353,
                        0.8654468120414573,
                        0.6517871797278488,
                        0.9102745091766611,
                        0.6745655071675973,
                        0.0
                    ]
                ]
            },
            "est_tgt": [
                0,
                1,
                2,
                3,
                4,
                5,
                6,
                7
            ],
            "oracle_est_tgt": [
                0,
                1,
                2,
                3,
                4,
                5,
                6,
                7
            ]
        }
    },
    "metric_dict": {
        "param_est_rel_err": 83.82468254432861,
        "est_num_comp": 1,
        "weight_precision_error": 0.0,
        "gm_score_dict": {
            "1": 1466367.6570658328,
            "2": 1487794.6924296462,
            "3": 1535423.7925491175,
            "4": 4767626375.622724,
            "5": 4767636842.421948,
            "6": 4767636646.17314,
            "7": 4767595580.086571,
            "8": 299357646.49575293,
            "9": 4347088.732836642
        },
        "est_dag": {
            "amat": [
                [
                    0,
                    0,
                    1,
                    1,
                    1,
                    0,
                    1,
                    0
                ],
                [
                    1,
                    0,
                    1,
                    1,
                    1,
                    0,
                    1,
                    0
                ],
                [
                    0,
                    0,
                    0,
                    1,
                    0,
                    0,
                    1,
                    0
                ],
                [
                    0,
                    0,
                    0,
                    0,
                    1,
                    0,
                    1,
                    0
                ],
                [
                    0,
                    0,
                    0,
                    0,
                    0,
                    0,
                    1,
                    0
                ],
                [
                    1,
                    1,
                    1,
                    1,
                    1,
                    0,
                    0,
                    0
                ],
                [
                    0,
                    0,
                    0,
                    0,
                    0,
                    0,
                    0,
                    0
                ],
                [
                    0,
                    1,
                    1,
                    1,
                    1,
                    0,
                    1,
                    0
                ]
            ],
            "nodes": [
                0,
                1,
                2,
                3,
                4,
                5,
                6,
                7
            ]
        },
        "oracle_est_dag": {
            "amat": [
                [
                    0,
                    1,
                    1,
                    1,
                    0,
                    1,
                    1,
                    1
                ],
                [
                    0,
                    0,
