{
    "expt_args": {
        "save_dir": "expt_logs_29.04.24-8",
        "exp_name": "215",
        "num_nodes": 8,
        "obs_noise_mean": 0.5,
        "obs_noise_var": 1.0,
        "max_edge_strength": 10.0,
        "num_parents": 2,
        "new_noise_mean": 10.0,
        "mix_samples": 131072,
        "stage2_samples": 131072,
        "intv_targets": [
            0,
            1,
            2,
            3,
            4,
            5,
            6,
            7
        ]
    },
    "intv_args_dict": {
        "0": {
            "intv_type": "do",
            "inode": 0,
            "new_mui": 10.0,
            "true_params": {
                "Si": [
                    [
                        3.8113446972152696e-27,
                        5.570931420119194e-14,
                        4.638365907714775e-13,
                        -4.973368730690295e-12,
                        2.6386513403251724e-11,
                        1.8048823549442197e-10,
                        1.4122572851319343e-09,
                        3.7760535246348616e-11
                    ],
                    [
                        5.570931420119194e-14,
                        0.999999999996263,
                        7.867366606938329,
                        -84.76840370058369,
                        449.45445786005155,
                        3074.3427969527243,
                        24056.053793315303,
                        643.3000614429619
                    ],
                    [
                        4.638365907714775e-13,
                        7.867366606938329,
                        62.89545732820008,
                        -676.4380257580291,
                        3587.1912399351336,
                        24536.981126618175,
                        191995.57599460782,
                        5134.351225017899
                    ],
                    [
                        -4.973368730690295e-12,
                        -84.76840370058369,
                        -676.4380257580291,
                        7277.577842349402,
                        -38592.73772524314,
                        -263980.7063104725,
                        -2065582.2255015264,
                        -55236.951720867786
                    ],
                    [
                        2.6386513403251724e-11,
                        449.45445786005155,
                        3587.1912399351336,
                        -38592.73772524314,
                        204657.30353941847,
                        1399889.7907829648,
                        10953782.801956285,
                        292920.1149075284
                    ],
                    [
                        1.8048823549442197e-10,
                        3074.3427969527243,
                        24536.981126618175,
                        -263980.7063104725,
                        1399889.7907829648,
                        9575478.603030777,
                        74925693.10061152,
                        2003622.0124196163
                    ],
                    [
                        1.4122572851319343e-09,
                        24056.053793315303,
                        191995.57599460782,
                        -2065582.2255015264,
                        10953782.801956285,
                        74925693.10061152,
                        586274559.8844776,
                        15677834.48508108
                    ],
                    [
                        3.7760535246348616e-11,
                        643.3000614429619,
                        5134.351225017899,
                        -55236.951720867786,
                        292920.1149075284,
                        2003622.0124196163,
                        15677834.48508108,
                        419251.88758432784
                    ]
                ],
                "mui": [
                    9.999999999987693,
                    -61.38822456163138,
                    -391.4286435976855,
                    4331.594462623476,
                    -22909.70795482162,
                    -156774.56791680783,
                    -1226806.7172229523,
                    -32786.852275745645
                ],
                "Ai": [
                    [
                        0.0,
                        0.0,
                        0.0,
                        0.0,
                        0.0,
                        0.0,
                        0.0,
                        0.0
                    ],
                    [
                        -6.188822456173649,
                        0.0,
                        0.0,
                        0.0,
                        0.0,
                        0.0,
                        0.0,
                        0.0
                    ],
                    [
                        9.103502437962465,
                        7.867366606967455,
                        0.0,
                        0.0,
                        0.0,
                        0.0,
                        0.0,
                        0.0
                    ],
                    [
                        0.0,
                        -9.76158221772527,
                        -9.533917158092708,
                        0.0,
                        0.0,
                        0.0,
                        0.0,
                        0.0
                    ],
                    [
                        -0.0,
                        -5.495016807017442,
                        -0.0,
                        -5.366969941701468,
                        0.0,
                        0.0,
                        0.0,
                        0.0
                    ],
                    [
                        -6.8878002618277785,
                        -0.0,
                        0.0,
                        0.0,
                        6.840165323068158,
                        0.0,
                        0.0,
                        0.0
                    ],
                    [
                        -0.0,
                        7.776592495782195,
                        -0.0,
                        -0.0,
                        -0.0,
                        7.822249758438161,
                        0.0,
                        0.0
                    ],
                    [
                        0.0,
                        0.0,
                        8.004219875964047,
                        -6.846040552161705,
                        0.0,
                        0.0,
                        -0.0,
                        0.0
                    ]
                ]
            },
            "est_params": {
                "mui": [
                    9.999999999987711,
                    -61.3865946027764,
                    -391.42140167387464,
                    4331.5022966290035,
                    -22909.21893572733,
                    -156771.23427413093,
                    -1226780.6311065133,
                    -32786.17118273771
                ],
                "Si": [
                    [
                        1e-06,
                        5.592019190812994e-14,
                        4.653240938015492e-13,
                        -4.990131871249501e-12,
                        2.6475801194086946e-11,
                        1.8109794299055679e-10,
                        1.417027970046729e-09,
                        3.788783165983385e-11
                    ],
                    [
                        5.592019190812994e-14,
                        1.0045447585861011,
                        7.899228911841237,
                        -85.12504803316965,
                        451.3486261883712,
                        3087.2846121034718,
                        24157.313910883,
                        646.0015914109649
                    ],
                    [
                        4.653240938015492e-13,
                        7.899228911841237,
                        63.11611083792744,
                        -678.9237673178167,
                        3600.4029650218363,
                        24627.233255592386,
                        192701.73628886454,
                        5153.191002355447
                    ],
                    [
                        -4.990131871249501e-12,
                        -85.12504803316965,
                        -678.9237673178167,
                        7305.511629509637,
                        -38741.19145111704,
                        -264994.880588364,
                        -2073517.4393184148,
                        -55448.65437541448
                    ],
                    [
                        2.6475801194086946e-11,
                        451.3486261883712,
                        3600.4029650218363,
                        -38741.19145111704,
                        205446.25984319233,
                        1405279.6249935543,
                        10995954.534573909,
                        294045.204727369
                    ],
                    [
                        1.8109794299055679e-10,
                        3087.2846121034718,
                        24627.233255592386,
                        -264994.880588364,
                        1405279.6249935543,
                        9612299.720143305,
                        75213792.90992583,
                        2011308.1394927038
                    ],
                    [
                        1.417027970046729e-09,
                        24157.313910883,
                        192701.73628886454,
                        -2073517.4393184148,
                        10995954.534573909,
                        75213792.90992583,
                        588528741.8767877,
                        15737973.10465116
                    ],
                    [
                        3.788783165983385e-11,
                        646.0015914109649,
                        5153.191002355447,
                        -55448.65437541448,
                        294045.204727369,
                        2011308.1394927038,
                        15737973.10465116,
                        420856.3613735728
                    ]
                ]
            },
            "est_tgt": [
                0,
                2,
                5
            ]
        },
        "1": {
            "intv_type": "do",
            "inode": 1,
            "new_mui": 10.0,
            "true_params": {
                "Si": [
                    [
                        1.0000000000018017,
                        -9.331640782487225e-13,
                        9.10350243797158,
                        -86.79203809210692,
                        465.81025961935273,
                        3179.331384715835,
                        24869.5241560883,
                        667.0482475382266
                    ],
                    [
                        -9.331640782487225e-13,
                        8.739981052293442e-25,
                        -8.551655460634678e-12,
                        8.153065431985641e-11,
                        -4.375725710619281e-10,
                        -2.986641393332864e-09,
                        -2.3362254917539407e-08,
                        -6.266114963284235e-10
                    ],
                    [
                        9.10350243797158,
                        -8.551655460634678e-12,
                        83.87375663800427,
                        -799.6454475246775,
                        4291.673080883419,
                        29293.050279328065,
                        229137.55547139084,
                        6145.749151059123
                    ],
                    [
                        -86.79203809210692,
                        8.153065431985641e-11,
                        -799.6454475246775,
                        7624.753452545449,
                        -40921.822592696444,
                        -279314.2256326142,
                        -2184865.633983058,
                        -58599.9093211623
                    ],
                    [
                        465.81025961935273,
                        -4.375725710619281e-10,
                        4291.673080883419,
                        -40921.822592696444,
                        219627.19181464473,
                        1499077.8934252048,
                        11726161.689725297,
                        314503.9519131138
                    ],
                    [
                        3179.331384715835,
                        -2.986641393332864e-09,
                        29293.050279328065,
                        -279314.2256326142,
                        1499077.8934252048,
                        10232043.023641076,
                        80037596.07000525,
                        2146664.530749933
                    ],
                    [
                        24869.5241560883,
                        -2.3362254917539407e-08,
                        229137.55547139084,
                        -2184865.633983058,
                        11726161.689725297,
                        80037596.07000525,
                        626074067.5245696,
                        16791746.10710643
                    ],
                    [
                        667.0482475382266,
                        -6.266114963284235e-10,
                        6145.749151059123,
                        -58599.9093211623,
                        314503.9519131138,
                        2146664.530749933,
                        16791746.10710643,
                        450370.2830732724
                    ]
                ],
                "mui": [
                    0.5000000000005071,
                    9.999999999999483,
                    83.72541728865633,
                    -895.3470146340401,
                    4750.850346862869,
                    32493.65789756681,
                    254251.77356497204,
                    6800.238619626805
                ],
                "Ai": [
                    [
                        0.0,
                        0.0,
                        0.0,
                        0.0,
                        0.0,
                        0.0,
                        0.0,
                        0.0
                    ],
                    [
                        0.0,
                        0.0,
                        0.0,
                        0.0,
                        0.0,
                        0.0,
                        0.0,
                        0.0
                    ],
                    [
                        9.103502437962465,
                        7.867366606967455,
                        0.0,
                        0.0,
                        0.0,
                        0.0,
                        0.0,
                        0.0
                    ],
                    [
                        0.0,
                        -9.76158221772527,
                        -9.533917158092708,
                        0.0,
                        0.0,
                        0.0,
                        0.0,
                        0.0
                    ],
                    [
                        -0.0,
                        -5.495016807017442,
                        -0.0,
                        -5.366969941701468,
                        0.0,
                        0.0,
                        0.0,
                        0.0
                    ],
                    [
                        -6.8878002618277785,
                        -0.0,
                        0.0,
                        0.0,
                        6.840165323068158,
                        0.0,
                        0.0,
                        0.0
                    ],
                    [
                        -0.0,
                        7.776592495782195,
                        -0.0,
                        -0.0,
                        -0.0,
                        7.822249758438161,
                        0.0,
                        0.0
                    ],
                    [
                        0.0,
                        0.0,
                        8.004219875964047,
                        -6.846040552161705,
                        0.0,
                        0.0,
                        -0.0,
                        0.0
                    ]
                ]
            },
            "est_params": {
                "mui": [
                    0.5061151487816108,
                    10.000000100846309,
                    83.79304566218153,
                    -895.9828848974713,
                    4754.24761175591,
                    32516.848201820063,
                    254433.1804195349,
                    6805.136394129897
                ],
                "Si": [
                    [
                        0.9894598900692054,
                        -1.1295400606776814e-07,
                        9.010456364806023,
                        -85.92359835821006,
                        461.15951987550557,
                        3147.58653156048,
                        24621.21500030623,
                        660.3516873672451
                    ],
                    [
                        -1.1295400606776814e-07,
                        1.0020213344393043e-06,
                        -5.81934091288024e-07,
                        5.763676683450769e-06,
                        -3.099499380472536e-05,
                        -0.00021112860960943353,
                        -0.0016513048349339563,
                        -4.3351371157481484e-05
                    ],
                    [
                        9.010456364806023,
                        -5.819340912880226e-07,
                        83.06007278557381,
                        -792.0562036479173,
                        4251.038714491228,
                        29015.69757438529,
                        226968.10880868474,
                        6087.21437627923
                    ],
                    [
                        -85.92359835821006,
                        5.7636766834507645e-06,
                        -792.0562036479172,
                        7553.997641090984,
                        -40542.982450642085,
                        -276728.42418344505,
                        -2164639.5535476697,
                        -58054.14325569192
                    ],
                    [
                        461.15951987550557,
                        -3.099499380472533e-05,
                        4251.038714491227,
                        -40542.982450642085,
                        217598.8497394052,
                        1485233.2993936287,
                        11617869.59686666,
                        311581.823015688
                    ],
                    [
                        3147.5865315604797,
                        -0.00021112860960943364,
                        29015.69757438529,
                        -276728.42418344505,
                        1485233.2993936287,
                        10137545.772636166,
                        79298440.77053085,
                        2126719.3342686733
                    ],
                    [
                        24621.21500030623,
                        -0.0016513048349339533,
                        226968.10880868474,
                        -2164639.55354767,
                        11617869.59686666,
                        79298440.77053085,
                        620292411.9927716,
                        16635735.211977983
                    ],
                    [
                        660.3516873672451,
                        -4.335137115748145e-05,
                        6087.21437627923,
                        -58054.14325569192,
                        311581.8230156879,
                        2126719.334268673,
                        16635735.211977983,
                        446160.6113330167
                    ]
                ]
            },
            "est_tgt": [
                0,
                1,
                2,
                6
            ]
        },
        "2": {
            "intv_type": "do",
            "inode": 2,
            "new_mui": 10.0,
            "true_params": {
                "Si": [
                    [
                        1.000000000000008,
                        -6.188822456173783,
                        9.942353863129818e-14,
                        60.41269923684388,
                        -290.22545748887035,
                        -1992.0779104487908,
                        -15630.658904068461,
                        -413.58778884098086
                    ],
                    [
                        -6.188822456173783,
                        39.30152339404067,
                        -6.02886686224723e-13,
                        -383.6450518927753,
                        1843.048930199382,
                        12649.38675400172,
                        99252.29441277972,
                        2626.4495828941167
                    ],
                    [
                        9.942353863129818e-14,
                        -6.02886686224723e-13,
                        1.0039496543533745e-26,
                        5.885127955554475e-12,
                        -2.8272432366995977e-11,
                        -1.94072973449931e-10,
                        -1.5227756737680008e-09,
                        -4.0289822938694024e-11
                    ],
                    [
                        60.41269923684388,
                        -383.6450518927753,
                        5.885127955554475e-12,
                        3745.9827164747476,
                        -17996.440633373302,
                        -123514.73976467608,
                        -969146.5945193832,
                        -25645.14958468294
                    ],
                    [
                        -290.22545748887035,
                        1843.048930199382,
                        -2.8272432366995977e-11,
                        -17996.440633373302,
                        86459.77108932831,
                        593398.1430277154,
                        4656041.121436147,
                        123204.36237064408
                    ],
                    [
                        -1992.0779104487908,
                        12649.38675400172,
                        -1.94072973449931e-10,
                        -123514.73976467608,
                        593398.1430277154,
                        4072663.4354643887,
                        31955759.700368658,
                        845586.917218671
                    ],
                    [
                        -15630.658904068461,
                        99252.29441277972,
                        -1.5227756737680008e-09,
                        -969146.5945193832,
                        4656041.121436147,
                        31955759.700368658,
                        250737779.2448363,
                        6634816.887069101
                    ],
                    [
                        -413.58778884098086,
                        2626.4495828941167,
                        -4.0289822938694024e-11,
                        -25645.14958468294,
                        123204.36237064408,
                        845586.917218671,
                        6634816.887069101,
                        175568.73402299196
                    ]
                ],
                "mui": [
                    0.5000000000000887,
                    -2.594411228086886,
                    10.000000000000064,
                    -69.51361307136798,
                    387.83380519575053,
                    2649.903445282629,
                    20708.53090585919,
                    556.4352127735042
                ],
                "Ai": [
                    [
                        0.0,
                        0.0,
                        0.0,
                        0.0,
                        0.0,
                        0.0,
                        0.0,
                        0.0
                    ],
                    [
                        -6.188822456173649,
                        0.0,
                        0.0,
                        0.0,
                        0.0,
                        0.0,
                        0.0,
                        0.0
                    ],
                    [
                        0.0,
                        0.0,
                        0.0,
                        0.0,
                        0.0,
                        0.0,
                        0.0,
                        0.0
                    ],
                    [
                        0.0,
                        -9.76158221772527,
                        -9.533917158092708,
                        0.0,
                        0.0,
                        0.0,
                        0.0,
                        0.0
                    ],
                    [
                        -0.0,
                        -5.495016807017442,
                        -0.0,
                        -5.366969941701468,
                        0.0,
                        0.0,
                        0.0,
                        0.0
                    ],
                    [
                        -6.8878002618277785,
                        -0.0,
                        0.0,
                        0.0,
                        6.840165323068158,
                        0.0,
                        0.0,
                        0.0
                    ],
                    [
                        -0.0,
                        7.776592495782195,
                        -0.0,
                        -0.0,
                        -0.0,
                        7.822249758438161,
                        0.0,
                        0.0
                    ],
                    [
                        0.0,
                        0.0,
                        8.004219875964047,
                        -6.846040552161705,
                        0.0,
                        0.0,
                        -0.0,
                        0.0
                    ]
                ]
            },
            "est_params": {
                "mui": [
                    1.6359052287437763,
                    -9.861103412057119,
                    -62.18892019755931,
                    689.7029472023322,
                    -3646.9357000872697,
                    -24956.436108574384,
                    -195291.66362004742,
                    -2655.359784476413
                ],
                "Si": [
                    [
                        0.10407116539312845,
                        -0.46554433296759673,
                        -2.6978451945791964,
                        30.264749778587966,
                        -159.8603971013932,
                        -1094.19232642308,
                        -8562.661189852528,
                        -102.45777443698142
                    ],
                    [
                        -0.46554433296759673,
                        2.7298832723397726,
                        17.145348412976645,
                        -190.1380866182491,
                        1005.4354556497501,
                        6880.599531362946,
                        53842.976459075,
                        686.1589962135123
                    ],
                    [
                        -2.6978451945791964,
                        17.145348412976645,
                        110.69664902217221,
                        -1222.9662315966252,
                        6469.265492510115,
                        44269.79623288956,
                        346422.6586197119,
                        4472.922829444314
                    ],
                    [
                        30.264749778587966,
                        -190.13808661824913,
                        -1222.9662315966252,
                        13519.1528941192,
                        -71510.41198964042,
                        -489355.51934001216,
                        -3829338.781431441,
                        -49429.32726776183
                    ],
                    [
                        -159.8603971013932,
                        1005.4354556497501,
                        6469.265492510116,
                        -71510.41198964042,
                        378261.6109606786,
                        2588494.37520301,
                        20255663.4674996,
                        261528.48869379677
                    ],
                    [
                        -1094.19232642308,
                        6880.599531362946,
                        44269.79623288956,
                        -489355.51934001216,
                        2588494.37520301,
                        17713412.9670622,
                        138612214.4068487,
                        1789551.3144270368
                    ],
                    [
                        -8562.661189852528,
                        53842.976459075,
                        346422.6586197119,
                        -3829338.781431441,
                        20255663.4674996,
                        138612214.4068487,
                        1084677814.1991298,
                        14003688.018112855
                    ],
                    [
                        -102.45777443698144,
                        686.1589962135123,
                        4472.922829444314,
                        -49429.32726776183,
                        261528.4886937968,
                        1789551.3144270366,
                        14003688.018112859,
                        7207295.575412848
                    ]
                ]
            },
            "est_tgt": [
                1,
                2,
                5,
                7
            ]
        },
        "3": {
            "intv_type": "do",
            "inode": 3,
            "new_mui": 10.0,
            "true_params": {
                "Si": [
                    [
                        0.9999999999999993,
                        -6.1888224561737335,
                        -39.58623269018907,
                        -3.774092736181662e-14,
                        34.0076834123217,
                        225.7303765330153,
                        1717.5914330371252,
                        -316.8569105133488
                    ],
                    [
                        -6.1888224561737335,
                        39.301523394040295,
                        252.8595324353284,
                        2.3492091922565293e-13,
                        -215.96253159164107,
                        -1434.5920467411154,
                        -10916.105359179097,
                        2023.9432953458295
                    ],
                    [
                        -39.58623269018907,
                        252.8595324353284,
                        1629.965275930221,
                        1.504631429681791e-12,
                        -1389.4673805467046,
                        -9231.524530061655,
                        -70244.90498286717,
                        13046.600458731886
                    ],
                    [
                        -3.774092736181662e-14,
                        2.3492091922565293e-13,
                        1.504631429681791e-12,
                        1.4262708314117358e-27,
                        -1.2907702821656182e-12,
                        -8.569370910534353e-12,
                        -6.520487527734189e-11,
                        1.204340079545918e-11
                    ],
                    [
                        34.0076834123217,
                        -215.96253159164107,
                        -1389.4673805467046,
                        -1.2907702821656182e-12,
                        1187.7177407821055,
                        7889.947573379066,
                        60037.68789740848,
                        -11121.602424375624
                    ],
                    [
                        225.7303765330153,
                        -1434.5920467411154,
                        -9231.524530061655,
                        -8.569370910534353e-12,
                        7889.947573379066,
                        52414.76004566665,
                        398845.1063606145,
                        -73891.1521289691
                    ],
                    [
                        1717.5914330371252,
                        -10916.105359179097,
                        -70244.90498286717,
                        -6.520487527734189e-11,
                        60037.68789740848,
                        398845.1063606145,
                        3034976.933864199,
                        -562255.6646490708
                    ],
                    [
                        -316.8569105133488,
                        2023.9432953458295,
                        13046.600458731886,
                        1.204340079545918e-11,
                        -11121.602424375624,
                        -73891.1521289691,
                        -562255.6646490708,
                        104428.85870554333
                    ]
                ],
                "mui": [
                    0.5000000000000574,
                    -2.594411228086786,
                    -15.359433041609648,
                    10.000000000000085,
                    -38.91336611436348,
                    -269.11775763023843,
                    -2124.7819935018642,
                    -190.9006847568085
                ],
                "Ai": [
                    [
                        0.0,
                        0.0,
                        0.0,
                        0.0,
                        0.0,
                        0.0,
                        0.0,
                        0.0
                    ],
                    [
                        -6.188822456173649,
                        0.0,
                        0.0,
                        0.0,
                        0.0,
                        0.0,
                        0.0,
                        0.0
                    ],
                    [
                        9.103502437962465,
                        7.867366606967455,
                        0.0,
                        0.0,
                        0.0,
                        0.0,
                        0.0,
                        0.0
                    ],
                    [
                        0.0,
                        0.0,
                        0.0,
                        0.0,
                        0.0,
                        0.0,
                        0.0,
                        0.0
                    ],
                    [
                        -0.0,
                        -5.495016807017442,
                        -0.0,
                        -5.366969941701468,
                        0.0,
                        0.0,
                        0.0,
                        0.0
                    ],
                    [
                        -6.8878002618277785,
                        -0.0,
                        0.0,
                        0.0,
                        6.840165323068158,
                        0.0,
                        0.0,
                        0.0
                    ],
                    [
                        -0.0,
                        7.776592495782195,
                        -0.0,
                        -0.0,
                        -0.0,
                        7.822249758438161,
                        0.0,
                        0.0
                    ],
                    [
                        0.0,
                        0.0,
                        8.004219875964047,
                        -6.846040552161705,
                        0.0,
                        0.0,
                        -0.0,
                        0.0
                    ]
                ]
            },
            "est_params": {
                "mui": [
                    0.5039009173924544,
                    -2.6237913206794903,
                    -15.553515262233239,
                    134.19546810339187,
                    -472.5814849013191,
                    -1645.386377232441,
                    -386.68004614856414,
                    -1042.7054487753458
                ],
                "Si": [
                    [
                        0.9988692390711759,
                        -6.18650857509257,
                        -39.57918327171682,
                        327.8318328550321,
                        -1144.9824528338975,
                        -3904.937041397359,
                        399.80194935961526,
                        -2561.153965221901
                    ],
                    [
                        -6.18650857509257,
                        39.3074172799762,
                        252.9339097732159,
                        -2092.0442656943815,
                        7304.7397765886135,
                        24910.583463409082,
                        -2532.6027702356732,
                        16346.782336176473
                    ],
                    [
                        -39.57918327171682,
                        252.9339097732159,
                        1630.6612823077016,
                        -13480.252717388461,
                        47065.568229202305,
                        160509.3654900012,
                        -16290.95190078625,
                        105338.68053048986
                    ],
                    [
                        327.8318328550321,
                        -2092.0442656943815,
                        -13480.252717388461,
                        153936.28321710593,
                        -541335.5876458175,
                        -1854521.8567124777,
                        54304.872696305865,
                        -1161754.164615496
                    ],
                    [
                        -1144.9824528338975,
                        7304.7397765886135,
                        47065.568229202305,
                        -541335.5876458175,
                        2977494.7458234592,
                        10210404.695345894,
                        -133206.50285798928,
                        4082733.006014196
                    ],
                    [
                        -3904.937041397359,
                        24910.583463409082,
                        160509.3654900012,
                        -1854521.8567124777,
                        10210404.695345894,
                        72499975.52327831,
                        -401477.1245378678,
                        13980886.287079902
                    ],
                    [
                        399.80194935961526,
                        -2532.6027702356732,
                        -16290.95190078625,
                        54304.872696305865,
                        -133206.50285798928,
                        -401477.1245378678,
                        1799879.3345047804,
                        -502170.4414379609
                    ],
                    [
                        -2561.153965221901,
                        16346.782336176473,
                        105338.68053048986,
                        -1161754.164615496,
                        4082733.006014196,
                        13980886.287079902,
