{
    "expt_args": {
        "save_dir": "expt_logs_29.04.24-8",
        "exp_name": "231",
        "num_nodes": 6,
        "obs_noise_mean": 0.5,
        "obs_noise_var": 1.0,
        "max_edge_strength": 10.0,
        "num_parents": 2,
        "new_noise_mean": 10.0,
        "mix_samples": 131072,
        "stage2_samples": 131072,
        "intv_targets": [
            0,
            1,
            2,
            3,
            4,
            5
        ]
    },
    "intv_args_dict": {
        "0": {
            "intv_type": "do",
            "inode": 0,
            "new_mui": 10.0,
            "true_params": {
                "Si": [
                    [
                        5.3685872546847795e-31,
                        -1.4302149920009514e-30,
                        7.108296183819578e-16,
                        -3.94745680474088e-15,
                        2.7144474787684604e-14,
                        -3.354936016533624e-14
                    ],
                    [
                        -1.4302149920009514e-30,
                        1.0000000000000235,
                        -6.760018768730019,
                        43.883503708949405,
                        -301.76522186063426,
                        380.58683530117025
                    ],
                    [
                        7.108296183819578e-16,
                        -6.760018768730019,
                        46.697853753581036,
                        -301.9566181146007,
                        2076.406807942655,
                        -2617.846875342345
                    ],
                    [
                        -3.94745680474088e-15,
                        43.883503708949405,
                        -301.9566181146007,
                        1954.886988412938,
                        -13442.794123355117,
                        16949.01738888792
                    ],
                    [
                        2.7144474787684604e-14,
                        -301.76522186063426,
                        2076.406807942655,
                        -13442.794123355117,
                        92440.46832426256,
                        -116550.03726683879
                    ],
                    [
                        -3.354936016533624e-14,
                        380.58683530117025,
                        -2617.846875342345,
                        16949.01738888792,
                        -116550.03726683879,
                        146951.1224724162
                    ]
                ],
                "mui": [
                    9.999999999999961,
                    76.72450074513176,
                    -612.1630381141337,
                    3863.3204126779488,
                    -26665.609627322578,
                    33419.56333682564
                ],
                "Ai": [
                    [
                        0.0,
                        0.0,
                        0.0,
                        0.0,
                        0.0,
                        0.0
                    ],
                    [
                        7.622450074513047,
                        0.0,
                        0.0,
                        0.0,
                        0.0,
                        0.0
                    ],
                    [
                        -9.400397305561704,
                        -6.760018768729852,
                        0.0,
                        0.0,
                        0.0,
                        0.0
                    ],
                    [
                        0.0,
                        8.033032598306589,
                        -5.303309404476362,
                        0.0,
                        0.0,
                        0.0
                    ],
                    [
                        -9.99596411552879,
                        -0.0,
                        0.0,
                        -6.876507032392986,
                        0.0,
                        0.0
                    ],
                    [
                        0.0,
                        7.621773471936141,
                        -0.0,
                        8.498980945160337,
                        0.0,
                        0.0
                    ]
                ]
            },
            "est_params": {
                "mui": [
                    9.999999999999996,
                    76.72218171904098,
                    -612.1471658360408,
                    3863.221716905547,
                    -26664.91882263225,
                    33418.6913658665
                ],
                "Si": [
                    [
                        1e-06,
                        -1.4696404624251304e-18,
                        6.938395834029118e-16,
                        -3.697167348311425e-15,
                        2.5428362642740525e-14,
                        -3.142603529832902e-14
                    ],
                    [
                        -1.4696404624251304e-18,
                        0.9891183564391287,
                        -6.686973009310519,
                        43.41138696064262,
                        -298.5153687078518,
                        376.49130999973084
                    ],
                    [
                        6.938395834029118e-16,
                        -6.686973009310519,
                        46.19640116190844,
                        -298.7276206837591,
                        2054.1835914580092,
                        -2589.8370926507214
                    ],
                    [
                        -3.697167348311425e-15,
                        43.41138696064262,
                        -298.7276206837591,
                        1934.097616970183,
                        -13299.728316102122,
                        16768.671358805088
                    ],
                    [
                        2.5428362642740525e-14,
                        -298.5153687078518,
                        2054.1835914580092,
                        -13299.728316102122,
                        91455.95772074796,
                        -115308.94613366564
                    ],
                    [
                        -3.142603529832902e-14,
                        376.49130999973084,
                        -2589.8370926507214,
                        16768.671358805088,
                        -115308.94613366564,
                        145386.6134091979
                    ]
                ]
            },
            "est_tgt": [
                0,
                4
            ]
        },
        "1": {
            "intv_type": "do",
            "inode": 1,
            "new_mui": 10.0,
            "true_params": {
                "Si": [
                    [
                        1.0000000000000036,
                        -7.076209160758423e-15,
                        -9.400397305561697,
                        49.853215436399545,
                        -352.8119506513329,
                        423.70152804893286
                    ],
                    [
                        -7.076209160758423e-15,
                        5.038102573157973e-29,
                        6.707200636906849e-14,
                        -3.5575475326533756e-13,
                        2.5170762823756483e-12,
                        -3.023552869152321e-12
                    ],
                    [
                        -9.400397305561697,
                        6.707200636906849e-14,
                        89.36746950241131,
                        -473.9433414663918,
                        3353.040754687582,
                        -4028.0354282084822
                    ],
                    [
                        49.853215436399545,
                        -3.5575475326533756e-13,
                        -473.9433414663918,
                        2514.4681799876644,
                        -17789.089074959542,
                        21370.417148927154
                    ],
                    [
                        -352.8119506513329,
                        2.5170762823756483e-12,
                        3353.040754687582,
                        -17789.089074959542,
                        125854.49172206498,
                        -151189.12907984108
                    ],
                    [
                        423.70152804893286,
                        -3.023552869152321e-12,
                        -4028.0354282084822,
                        21370.417148927154,
                        -151189.12907984108,
                        181627.76813885954
                    ]
                ],
                "mui": [
                    0.49999999999994404,
                    10.000000000000007,
                    -71.80038634007907,
                    461.6099901054434,
                    -3178.7623252407025,
                    3999.9322447211753
                ],
                "Ai": [
                    [
                        0.0,
                        0.0,
                        0.0,
                        0.0,
                        0.0,
                        0.0
                    ],
                    [
                        0.0,
                        0.0,
                        0.0,
                        0.0,
                        0.0,
                        0.0
                    ],
                    [
                        -9.400397305561704,
                        -6.760018768729852,
                        0.0,
                        0.0,
                        0.0,
                        0.0
                    ],
                    [
                        0.0,
                        8.033032598306589,
                        -5.303309404476362,
                        0.0,
                        0.0,
                        0.0
                    ],
                    [
                        -9.99596411552879,
                        -0.0,
                        0.0,
                        -6.876507032392986,
                        0.0,
                        0.0
                    ],
                    [
                        0.0,
                        7.621773471936141,
                        -0.0,
                        8.498980945160337,
                        0.0,
                        0.0
                    ]
                ]
            },
            "est_params": {
                "mui": [
                    0.5010281565601786,
                    9.999999736761211,
                    -71.81117133375504,
                    461.67680770472026,
                    -3179.224723830129,
                    4000.501002738248
                ],
                "Si": [
                    [
                        0.9989982320834168,
                        -1.1991603125861632e-07,
                        -9.392491062230086,
                        49.81279996754224,
                        -352.52891020092153,
                        423.3586754311763
                    ],
                    [
                        -1.1991603125861632e-07,
                        1.0013819097585178e-06,
                        1.1044348369896453e-06,
                        -5.4112916464977265e-06,
                        3.799505680179765e-05,
                        -4.59074787953714e-05
                    ],
                    [
                        -9.392491062230086,
                        1.1044348369896453e-06,
                        89.32411068166726,
                        -473.7322034329766,
                        3351.562649917457,
                        -4026.246833463816
                    ],
                    [
                        49.81279996754224,
                        -5.4112916464977265e-06,
                        -473.7322034329766,
                        2513.4443919983178,
                        -17781.921033653423,
                        21361.743777984986
                    ],
                    [
                        -352.52891020092153,
                        3.799505680179766e-05,
                        3351.5626499174573,
                        -17781.921033653423,
                        125804.31518201058,
                        -151128.40607303331
                    ],
                    [
                        423.3586754311763,
                        -4.59074787953714e-05,
                        -4026.246833463816,
                        21361.743777984986,
                        -151128.40607303331,
                        181554.29189838291
                    ]
                ]
            },
            "est_tgt": [
                1
            ]
        },
        "2": {
            "intv_type": "do",
            "inode": 2,
            "new_mui": 10.0,
            "true_params": {
                "Si": [
                    [
                        0.9999999999999807,
                        7.622450074512992,
                        -2.259366647913936e-14,
                        61.231389927527474,
                        -431.05404755536836,
                        578.5010040088193
                    ],
                    [
                        7.622450074512992,
                        59.10174513844424,
                        -1.722190947374408e-13,
                        474.7662453139314,
                        -3340.9271620613044,
                        4485.489385569746
                    ],
                    [
                        -2.259366647913936e-14,
                        -1.722190947374408e-13,
                        5.106004871391237e-28,
                        -1.383794628115452e-12,
                        9.74150887392248e-12,
                        -1.307350374516608e-11
                    ],
                    [
                        61.231389927527474,
                        474.7662453139314,
                        -1.383794628115452e-12,
                        3814.812725182441,
                        -26844.65330843883,
                        36040.58143458519
                    ],
                    [
                        -431.05404755536836,
                        -3340.9271620613044,
                        9.74150887392248e-12,
                        -26844.65330843883,
                        188907.24804884812,
                        -253615.98696332672
                    ],
                    [
                        578.5010040088193,
                        4485.489385569746,
                        -1.307350374516608e-11,
                        36040.58143458519,
                        -253615.98696332672,
                        340496.5988726257
                    ]
                ],
                "mui": [
                    0.4999999999999955,
                    4.311225037256523,
                    10.000000000000014,
                    -17.900882781846516,
                    118.59756427764569,
                    -118.78008104395366
                ],
                "Ai": [
                    [
                        0.0,
                        0.0,
                        0.0,
                        0.0,
                        0.0,
                        0.0
                    ],
                    [
                        7.622450074513047,
                        0.0,
                        0.0,
                        0.0,
                        0.0,
                        0.0
                    ],
                    [
                        0.0,
                        0.0,
                        0.0,
                        0.0,
                        0.0,
                        0.0
                    ],
                    [
                        0.0,
                        8.033032598306589,
                        -5.303309404476362,
                        0.0,
                        0.0,
                        0.0
                    ],
                    [
                        -9.99596411552879,
                        -0.0,
                        0.0,
                        -6.876507032392986,
                        0.0,
                        0.0
                    ],
                    [
                        0.0,
                        7.621773471936141,
                        -0.0,
                        8.498980945160337,
                        0.0,
                        0.0
                    ]
                ]
            },
            "est_params": {
                "mui": [
                    0.49751396904939305,
                    4.29747282338041,
                    10.000000000213262,
                    -18.01105454283763,
                    119.37986922880225,
                    -119.83037981230027
                ],
                "Si": [
                    [
                        1.007108609995201,
                        7.682258894954316,
                        -1.2023825206259045e-10,
                        61.709292936795634,
                        -434.416224157501,
                        583.0172681790237
                    ],
                    [
                        7.682258894954316,
                        59.60624944535415,
                        -1.1841771693282948e-09,
                        478.7993001812243,
                        -3369.291822844692,
                        4523.5966633489115
                    ],
                    [
                        -1.2023825206259045e-10,
                        -1.1841771693282948e-09,
                        1.0000011380204851e-06,
                        -9.462613152307745e-09,
                        6.595182242361786e-08,
                        -8.908268480828386e-08
                    ],
                    [
                        61.709292936795634,
                        478.7993001812243,
                        -9.462613152307745e-09,
                        3847.0575627437283,
                        -27071.439362675803,
                        36345.23208026003
                    ],
                    [
                        -434.416224157501,
                        -3369.291822844692,
                        6.595182242361785e-08,
                        -27071.439362675803,
                        190502.29744061598,
                        -255758.675843501
                    ],
                    [
                        583.0172681790237,
                        4523.5966633489115,
                        -8.908268480828385e-08,
                        36345.23208026003,
                        -255758.675843501,
                        343375.02204811765
                    ]
                ]
            },
            "est_tgt": [
                2
            ]
        },
        "3": {
            "intv_type": "do",
            "inode": 3,
            "new_mui": 10.0,
            "true_params": {
                "Si": [
                    [
                        1.0,
                        7.622450074513047,
                        -60.92830287297616,
                        -9.537959733799035e-17,
                        -9.99596411552879,
                        58.096587769081204
                    ],
                    [
                        7.622450074513047,
                        59.10174513844395,
                        -471.1829655428005,
                        -7.001352363491857e-16,
                        -76.19373741724218,
                        450.4601132413229
                    ],
                    [
                        -60.92830287297616,
                        -471.1829655428005,
                        3758.9559447346946,
                        5.6295334481912105e-15,
                        609.0371291383394,
                        -3591.2498272023176
                    ],
                    [
                        -9.537959733799035e-17,
                        -7.001352363491857e-16,
                        5.6295334481912105e-15,
                        1.0543517466568301e-32,
                        9.265200498573336e-16,
                        -5.336272171173964e-15
                    ],
                    [
                        -9.99596411552879,
                        -76.19373741724218,
                        609.0371291383394,
                        9.265200498573336e-16,
                        100.91929859893928,
                        -580.7314065744046
                    ],
                    [
                        58.096587769081204,
                        450.4601132413229,
                        -3591.2498272023176,
                        -5.336272171173964e-15,
                        -580.7314065744046,
                        3434.304941268065
                    ]
                ],
                "mui": [
                    0.4999999999999991,
                    4.311225037256521,
                    -33.34416082085297,
                    10.000000000000002,
                    -73.26305238169427,
                    118.34899007211204
                ],
                "Ai": [
                    [
                        0.0,
                        0.0,
                        0.0,
                        0.0,
                        0.0,
                        0.0
                    ],
                    [
                        7.622450074513047,
                        0.0,
                        0.0,
                        0.0,
                        0.0,
                        0.0
                    ],
                    [
                        -9.400397305561704,
                        -6.760018768729852,
                        0.0,
                        0.0,
                        0.0,
                        0.0
                    ],
                    [
                        0.0,
                        0.0,
                        0.0,
                        0.0,
                        0.0,
                        0.0
                    ],
                    [
                        -9.99596411552879,
                        -0.0,
                        0.0,
                        -6.876507032392986,
                        0.0,
                        0.0
                    ],
                    [
                        0.0,
                        7.621773471936141,
                        -0.0,
                        8.498980945160337,
                        0.0,
                        0.0
                    ]
                ]
            },
            "est_params": {
                "mui": [
                    0.5033808592787704,
                    4.330520274293358,
                    -33.50295926330326,
                    10.000000000000004,
                    -73.28993866384394,
                    118.50208448607349
                ],
                "Si": [
                    [
                        0.9970234344525429,
                        7.589236517068434,
                        -60.6763189425913,
                        -6.628064235402245e-31,
                        -9.964874298140817,
                        57.84163049442369
                    ],
                    [
                        7.589236517068434,
                        58.77845766987304,
                        -468.69408960396885,
                        -2.0856578433088783e-30,
                        -75.85918130318748,
                        447.9804280089118
                    ],
                    [
                        -60.6763189425913,
                        -468.69408960396885,
                        3739.835717347603,
                        2.1678977453398035e-29,
                        606.4928471748716,
                        -3572.1503769802953
                    ],
                    [
                        -6.628064235402245e-31,
                        -2.0856578433088783e-30,
                        2.1678977453398035e-29,
                        1e-06,
                        -1.867385054148111e-29,
                        7.738639961598552e-30
                    ],
                    [
                        -9.964874298140817,
                        -75.85918130318748,
                        606.4928471748716,
                        -1.867385054148111e-29,
                        100.5888478160929,
                        -578.1537817344531
                    ],
                    [
                        57.84163049442369,
                        447.9804280089118,
                        -3572.1503769802953,
                        7.738639961598552e-30,
                        -578.1537817344531,
                        3415.2797530801936
                    ]
                ]
            },
            "est_tgt": [
                3
            ]
        },
        "4": {
            "intv_type": "do",
            "inode": 4,
            "new_mui": 10.0,
            "true_params": {
                "Si": [
                    [
                        1.0000000000000044,
                        7.622450074513087,
                        -60.928302872976474,
                        384.3530315525684,
                        0.0,
                        3324.7056791489695
                    ],
                    [
                        7.622450074513087,
                        59.1017451384443,
                        -471.1829655428032,
                        2973.5952977061406,
                        0.0,
                        25722.989887064192
                    ],
                    [
                        -60.928302872976474,
                        -471.1829655428032,
                        3758.955944734716,
                        -23719.934534696058,
                        0.0,
                        -205186.52145803472
                    ],
                    [
                        384.3530315525684,
                        2973.5952977061406,
                        -23719.934534696058,
                        149682.13985206184,
                        0.0,
                        1294809.7241898293
                    ],
                    [
                        0.0,
                        0.0,
                        0.0,
                        0.0,
                        0.0,
                        0.0
                    ],
                    [
                        3324.7056791489695,
                        25722.989887064192,
                        -205186.52145803472,
                        1294809.7241898293,
                        0.0,
                        11200618.975437775
                    ]
                ],
                "mui": [
                    0.5000000000000014,
                    4.311225037256536,
                    -33.3441608208531,
                    211.9666129285198,
                    10.0,
                    1834.859384910175
                ],
                "Ai": [
                    [
                        0.0,
                        0.0,
                        0.0,
                        0.0,
                        0.0,
                        0.0
                    ],
                    [
                        7.622450074513047,
                        0.0,
                        0.0,
                        0.0,
                        0.0,
                        0.0
                    ],
                    [
                        -9.400397305561704,
                        -6.760018768729852,
                        0.0,
                        0.0,
                        0.0,
                        0.0
                    ],
                    [
                        0.0,
                        8.033032598306589,
                        -5.303309404476362,
                        0.0,
                        0.0,
                        0.0
                    ],
                    [
                        0.0,
                        0.0,
                        0.0,
                        0.0,
                        0.0,
                        0.0
                    ],
                    [
                        0.0,
                        7.621773471936141,
                        -0.0,
                        8.498980945160337,
                        0.0,
                        0.0
                    ]
                ]
            },
            "est_params": {
                "mui": [
                    0.5074361994287839,
                    4.379460706466983,
                    -33.88354320386201,
                    215.3739359922002,
                    10.0,
                    1864.315074226153
                ],
                "Si": [
                    [
                        0.9947485699959724,
                        7.592640619112778,
                        -60.67809639776169,
                        382.7859769048959,
                        0.0,
                        3311.159180481492
                    ],
                    [
                        7.592640619112778,
                        58.94951197949583,
                        -469.8752156788853,
                        2965.4295415660517,
                        0.0,
                        25652.423748967354
                    ],
                    [
                        -60.67809639776169,
                        -469.8752156788853,
                        3747.7745820600426,
                        -23650.075036172093,
                        0.0,
                        -204582.7710211434
                    ],
                    [
                        382.7859769048959,
                        2965.4295415660517,
                        -23650.075036172093,
                        149245.70585894404,
                        0.0,
                        1291037.9467475733
                    ],
                    [
                        0.0,
                        0.0,
                        0.0,
                        0.0,
                        1e-06,
                        0.0
                    ],
                    [
                        3311.159180481492,
                        25652.423748967354,
                        -204582.7710211434,
                        1291037.9467475733,
                        0.0,
                        11168022.306236673
                    ]
                ]
            },
            "est_tgt": [
                4
            ]
        },
        "5": {
            "intv_type": "do",
            "inode": 5,
            "new_mui": 10.0,
            "true_params": {
                "Si": [
                    [
                        1.000000000000083,
                        7.622450074513598,
                        -60.928302872980396,
                        384.35303155259334,
                        -2653.002288508501,
                        0.0
                    ],
                    [
                        7.622450074513598,
                        59.10174513844759,
                        -471.18296554282813,
                        2973.5952977063,
                        -20524.142713585337,
                        0.0
                    ],
                    [
                        -60.928302872980396,
                        -471.18296554282813,
                        3758.955944734905,
                        -23719.934534697262,
                        163719.33376488538,
                        0.0
                    ],
                    [
                        384.35303155259334,
                        2973.5952977063,
                        -23719.934534697262,
                        149682.13985206952,
                        -1033132.2664274812,
                        0.0
                    ],
                    [
                        -2653.002288508501,
                        -20524.142713585337,
                        163719.33376488538,
                        -1033132.2664274812,
                        7130861.611155026,
                        0.0
                    ],
                    [
                        0.0,
                        0.0,
                        0.0,
                        0.0,
                        0.0,
                        0.0
                    ]
                ],
                "mui": [
                    0.5000000000000204,
                    4.311225037256654,
                    -33.34416082085395,
                    211.96661292852522,
                    -1462.0878864932906,
                    10.0
                ],
                "Ai": [
                    [
                        0.0,
                        0.0,
                        0.0,
                        0.0,
                        0.0,
                        0.0
                    ],
                    [
                        7.622450074513047,
                        0.0,
                        0.0,
                        0.0,
                        0.0,
                        0.0
                    ],
                    [
                        -9.400397305561704,
                        -6.760018768729852,
                        0.0,
                        0.0,
                        0.0,
                        0.0
                    ],
                    [
                        0.0,
                        8.033032598306589,
                        -5.303309404476362,
                        0.0,
                        0.0,
                        0.0
                    ],
                    [
                        -9.99596411552879,
                        -0.0,
                        0.0,
                        -6.876507032392986,
                        0.0,
                        0.0
                    ],
                    [
                        0.0,
                        0.0,
                        0.0,
                        0.0,
                        0.0,
                        0.0
                    ]
                ]
            },
            "est_params": {
                "mui": [
                    0.5016911311432627,
                    4.320798046200928,
                    -33.41804737535539,
                    212.43216020302555,
                    -1465.3114203960026,
                    10.000000000000002
                ],
                "Si": [
                    [
                        0.9917768809701545,
                        7.556125244789233,
                        -60.41473351238283,
                        381.09677063552584,
                        -2630.5307445296207,
                        -2.3188912428892635e-31
                    ],
                    [
                        7.556125244789233,
                        58.54451669363629,
                        -466.88091589789315,
                        2946.305165382584,
                        -20335.847689800314,
                        -3.344865798609455e-30
                    ],
                    [
                        -60.41473351238283,
                        -466.88091589789315,
                        3725.759961823295,
                        -23509.331256160993,
                        162266.19691201136,
                        4.3789295098280975e-30
                    ],
                    [
                        381.09677063552584,
                        2946.305165382584,
                        -23509.331256160993,
                        148346.05413188288,
                        -1023913.4789204688,
                        -1.0716513204347779e-28
                    ],
                    [
                        -2630.5307445296207,
                        -20335.847689800314,
                        162266.19691201136,
                        -1023913.4789204688,
                        7067253.3558457075,
                        8.607724293604947e-28
                    ],
                    [
                        -2.3256322058046395e-31,
                        -3.344865798609455e-30,
                        4.206360859194478e-30,
                        -1.0716513204347779e-28,
                        8.621529785655636e-28,
                        1e-06
                    ]
                ]
            },
            "est_tgt": [
                5
            ]
        },
        "obs": {
            "intv_type": "obs",
            "true_params": {
                "Si": [
                    [
                        0.999999999999992,
                        7.622450074513146,
                        -60.92830287297663,
                        384.3530315525697,
                        -2653.0022885083376,
                        3324.7056791489813
                    ],
                    [
                        7.622450074513146,
                        59.10174513844594,
                        -471.1829655428139,
                        2973.5952977062107,
                        -20524.14271358472,
                        25722.989887064803
                    ],
                    [
                        -60.92830287297663,
                        -471.1829655428139,
                        3758.955944734783,
                        -23719.934534696495,
                        163719.33376488005,
                        -205186.52145803854
                    ],
                    [
                        384.3530315525697,
                        2973.5952977062107,
                        -23719.934534696495,
                        149682.13985206475,
                        -1033132.266427448,
                        1294809.7241898542
                    ],
                    [
                        -2653.0022885083376,
                        -20524.14271358472,
                        163719.33376488005,
                        -1033132.266427448,
                        7130861.611154796,
                        -8937001.812665824
                    ],
                    [
                        3324.7056791489813,
                        25722.989887064803,
                        -205186.52145803854,
                        1294809.7241898542,
                        -8937001.812665824,
                        11200618.975437993
                    ]
                ],
                "mui": [
                    0.4999999999999982,
                    4.311225037256593,
                    -33.3441608208534,
                    211.96661292852184,
                    -1462.087886493267,
                    1834.8593849101928
                ],
                "Ai": [
                    [
                        0.0,
                        0.0,
                        0.0,
                        0.0,
                        0.0,
                        0.0
                    ],
                    [
                        7.622450074513047,
                        0.0,
                        0.0,
                        0.0,
                        0.0,
                        0.0
                    ],
                    [
                        -9.400397305561704,
                        -6.760018768729852,
                        0.0,
                        0.0,
                        0.0,
                        0.0
                    ],
                    [
                        0.0,
                        8.033032598306589,
                        -5.303309404476362,
                        0.0,
                        0.0,
                        0.0
                    ],
                    [
                        -9.99596411552879,
                        -0.0,
                        0.0,
                        -6.876507032392986,
