{
    "expt_args": {
        "save_dir": "expt_logs_29.04.24-8",
        "exp_name": "113",
        "num_nodes": 8,
        "obs_noise_mean": 0.5,
        "obs_noise_var": 1.0,
        "max_edge_strength": 10.0,
        "num_parents": 2,
        "new_noise_mean": 10.0,
        "mix_samples": 2048,
        "stage2_samples": 2048,
        "intv_targets": [
            0,
            1,
            2,
            3,
            4,
            5,
            6,
            7
        ]
    },
    "intv_args_dict": {
        "0": {
            "intv_type": "do",
            "inode": 0,
            "new_mui": 10.0,
            "true_params": {
                "Si": [
                    [
                        1.7611705957940617e-36,
                        -6.535623656184612e-35,
                        5.088446202436821e-34,
                        3.620779199336375e-33,
                        2.3526757596757967e-32,
                        -3.313499770995366e-33,
                        -1.633405228847575e-32,
                        -1.3270910276970691e-18
                    ],
                    [
                        -6.535623656184612e-35,
                        1.0000000000000004,
                        -8.753409020812386,
                        -63.16960505677817,
                        -411.56087302967853,
                        59.783750865213165,
                        285.721235017182,
                        8.750231160516833
                    ],
                    [
                        5.088446202436821e-34,
                        -8.753409020812386,
                        77.62216948563962,
                        560.9616812639371,
                        3655.742427239397,
                        -530.1413918980963,
                        -2537.9888606741765,
                        -76.59435237466165
                    ],
                    [
                        3.620779199336375e-33,
                        -63.16960505677817,
                        560.9616812639371,
                        4055.5958023866556,
                        26431.992744820745,
                        -3831.2380145697657,
                        -18350.40406801446,
                        -552.7486465653618
                    ],
                    [
                        2.3526757596757967e-32,
                        -411.56087302967853,
                        3655.742427239397,
                        26431.992744820745,
                        172271.67118260165,
                        -24967.871828887324,
                        -119598.95179840762,
                        -3601.252775633803
                    ],
                    [
                        -3.313499770995366e-33,
                        59.783750865213165,
                        -530.1413918980963,
                        -3831.2380145697657,
                        -24967.871828887324,
                        3621.7425953953293,
                        17333.874537848267,
                        523.1216397133632
                    ],
                    [
                        -1.633405228847575e-32,
                        285.721235017182,
                        -2537.9888606741765,
                        -18350.40406801446,
                        -119598.95179840762,
                        17333.874537848267,
                        83032.6017168794,
                        2500.126853868698
                    ],
                    [
                        -1.3270910276970691e-18,
                        8.750231160516833,
                        -76.59435237466165,
                        -552.7486465653618,
                        -3601.252775633803,
                        523.1216397133632,
                        2500.126853868698,
                        77.56654536247973
                    ]
                ],
                "mui": [
                    9.999999999999986,
                    -90.360438153996,
                    860.7988415514844,
                    6268.087260218774,
                    40907.247819848,
                    -5804.783712959457,
                    -28400.86304567612,
                    -889.339607929183
                ],
                "Ai": [
                    [
                        0.0,
                        0.0,
                        0.0,
                        0.0,
                        0.0,
                        0.0,
                        0.0,
                        0.0
                    ],
                    [
                        -9.086043815399597,
                        0.0,
                        0.0,
                        0.0,
                        0.0,
                        0.0,
                        0.0,
                        0.0
                    ],
                    [
                        6.933696708973791,
                        -8.75340902081237,
                        0.0,
                        0.0,
                        0.0,
                        0.0,
                        0.0,
                        0.0
                    ],
                    [
                        -0.0,
                        6.965251047675603,
                        8.012290518779471,
                        0.0,
                        0.0,
                        0.0,
                        0.0,
                        0.0
                    ],
                    [
                        -0.0,
                        0.0,
                        -8.890711966342263,
                        7.747158002926155,
                        0.0,
                        0.0,
                        0.0,
                        0.0
                    ],
                    [
                        7.377247715126947,
                        0.0,
                        -6.8297677765393345,
                        -0.0,
                        0.0,
                        0.0,
                        0.0,
                        0.0
                    ],
                    [
                        -0.0,
                        0.0,
                        6.4735066883626935,
                        -5.420114413437304,
                        -0.0,
                        0.0,
                        0.0,
                        0.0
                    ],
                    [
                        -9.916488631613348,
                        8.75023116051683,
                        -0.0,
                        0.0,
                        -0.0,
                        -0.0,
                        0.0,
                        0.0
                    ]
                ]
            },
            "est_params": {
                "mui": [
                    9.999999999999998,
                    -90.45646496252098,
                    861.5623449086776,
                    6273.492874177876,
                    40942.41180185976,
                    -5810.075166024425,
                    -28425.110609388066,
                    -890.0709971919554
                ],
                "Si": [
                    [
                        1e-06,
                        3.868824090592282e-28,
                        -2.1609367556306188e-27,
                        2.2418940404236966e-26,
                        -9.963973512994207e-27,
                        2.7600206630993954e-26,
                        2.3714256960926212e-26,
                        6.2523933794038654e-27
                    ],
                    [
                        3.868824090592282e-28,
                        1.122088996227749,
                        -9.888256631832109,
                        -71.3968420121283,
                        -465.2033413217894,
                        67.46615940145976,
                        322.95111992839094,
                        9.841558016715299
                    ],
                    [
                        -2.1609367556306188e-27,
                        -9.888256631832109,
                        88.16094511816485,
                        637.3506602392141,
                        4153.767430269566,
                        -601.586255172634,
                        -2883.8051511290596,
                        -86.792197334373
                    ],
                    [
                        2.2418940404236966e-26,
                        -71.3968420121283,
                        637.3506602392141,
                        4609.090368817839,
                        30040.204404611202,
                        -4349.198090822459,
                        -20855.994774831503,
                        -626.6760722159892
                    ],
                    [
                        -9.963973512994207e-27,
                        -465.2033413217894,
                        4153.767430269566,
                        30040.204404611202,
                        195793.06673589905,
                        -28344.910257228632,
                        -135932.57864084962,
                        -4083.3012762766693
                    ],
                    [
                        2.7600206630993954e-26,
                        67.46615940145976,
                        -601.586255172634,
                        -4349.198090822459,
                        -28344.910257228632,
                        4106.1963231358095,
                        19678.84344183856,
                        592.1505744643449
                    ],
                    [
                        2.3714256960926212e-26,
                        322.95111992839094,
                        -2883.8051511290596,
                        -20855.994774831503,
                        -135932.57864084962,
                        19678.84344183856,
                        94375.02448306611,
                        2834.699651894103
                    ],
                    [
                        6.2523933794038654e-27,
                        9.841558016715299,
                        -86.792197334373,
                        -626.6760722159892,
                        -4083.3012762766693,
                        592.1505744643449,
                        2834.699651894103,
                        87.34444162105596
                    ]
                ]
            },
            "est_tgt": [
                0,
                3
            ]
        },
        "1": {
            "intv_type": "do",
            "inode": 1,
            "new_mui": 10.0,
            "true_params": {
                "Si": [
                    [
                        0.9999999999999969,
                        3.489611537331606e-34,
                        6.933696708973767,
                        55.554792401402935,
                        368.7462542519689,
                        -39.97829064011895,
                        -256.22799900974115,
                        -9.916488631613316
                    ],
                    [
                        3.489611537331606e-34,
                        2.0470170789137002e-34,
                        1.3141293808081275e-33,
                        -1.039991204888362e-17,
                        -8.056976185923688e-17,
                        9.825657090844101e-18,
                        5.636871319463439e-17,
                        -1.6692820508674847e-33
                    ],
                    [
                        6.933696708973767,
                        1.3141293808081275e-33,
                        49.07615005203379,
                        393.21237176010897,
                        2609.956458201278,
                        -284.0271100183297,
                        -1813.561258117902,
                        -68.75792458959324
                    ],
                    [
                        55.554792401402935,
                        -1.039991204888362e-17,
                        393.21237176010897,
                        3151.53175812031,
                        20919.476542476274,
                        -2275.707720676197,
                        -14536.199788057273,
                        -550.9084672801517
                    ],
                    [
                        368.7462542519689,
                        -8.056976185923688e-17,
                        2609.956458201278,
                        20919.476542476274,
                        138863.11899850864,
                        -15105.064054751863,
                        -96490.38574093783,
                        -3656.6680382396544
                    ],
                    [
                        -39.97829064011895,
                        9.825657090844101e-18,
                        -284.0271100183297,
                        -2275.707720676197,
                        -15105.064054751863,
                        1645.9094503872823,
                        10495.944821227624,
                        396.4442646440739
                    ],
                    [
                        -256.22799900974115,
                        5.636871319463439e-17,
                        -1813.561258117902,
                        -14536.199788057273,
                        -96490.38574093783,
                        10495.944821227624,
                        67048.76505367181,
                        2540.882039281134
                    ],
                    [
                        -9.916488631613316,
                        -1.6692820508674847e-33,
                        -68.75792458959324,
                        -550.9084672801517,
                        -3656.6680382396544,
                        396.4442646440739,
                        2540.882039281134,
                        99.33674678091644
                    ]
                ],
                "mui": [
                    0.5000000000000134,
                    9.999999999999996,
                    -83.56724185363666,
                    -599.4125091076879,
                    -3900.271139845326,
                    574.9334794438007,
                    2708.411281141659,
                    83.04406728936145
                ],
                "Ai": [
                    [
                        0.0,
                        0.0,
                        0.0,
                        0.0,
                        0.0,
                        0.0,
                        0.0,
                        0.0
                    ],
                    [
                        0.0,
                        0.0,
                        0.0,
                        0.0,
                        0.0,
                        0.0,
                        0.0,
                        0.0
                    ],
                    [
                        6.933696708973791,
                        -8.75340902081237,
                        0.0,
                        0.0,
                        0.0,
                        0.0,
                        0.0,
                        0.0
                    ],
                    [
                        -0.0,
                        6.965251047675603,
                        8.012290518779471,
                        0.0,
                        0.0,
                        0.0,
                        0.0,
                        0.0
                    ],
                    [
                        -0.0,
                        0.0,
                        -8.890711966342263,
                        7.747158002926155,
                        0.0,
                        0.0,
                        0.0,
                        0.0
                    ],
                    [
                        7.377247715126947,
                        0.0,
                        -6.8297677765393345,
                        -0.0,
                        0.0,
                        0.0,
                        0.0,
                        0.0
                    ],
                    [
                        -0.0,
                        0.0,
                        6.4735066883626935,
                        -5.420114413437304,
                        -0.0,
                        0.0,
                        0.0,
                        0.0
                    ],
                    [
                        -9.916488631613348,
                        8.75023116051683,
                        -0.0,
                        0.0,
                        -0.0,
                        -0.0,
                        0.0,
                        0.0
                    ]
                ]
            },
            "est_params": {
                "mui": [
                    0.5313192603573245,
                    10.000000000000002,
                    -83.40911215097223,
                    -598.0044098402049,
                    -3890.7621439121676,
                    574.0415976066865,
                    2701.781341240531,
                    82.85223427799423
                ],
                "Si": [
                    [
                        0.9010993799529626,
                        -5.560253091095199e-32,
                        6.1744490826939415,
                        49.430390783194404,
                        328.1329742949807,
                        -35.43350370876737,
                        -227.99756803826708,
                        -8.922292703797085
                    ],
                    [
                        -2.7801265455475997e-32,
                        1e-06,
                        -3.558561978300927e-29,
                        -1.3068818865310156e-27,
                        -6.98189860142642e-27,
                        3.3094626398198625e-28,
                        -4.768473050923243e-28,
                        7.295052055516901e-29
                    ],
                    [
                        6.1744490826939415,
                        -3.580802990665308e-29,
                        43.060983079515275,
                        344.7570182469987,
                        2288.6920631103544,
                        -247.9227852938463,
                        -1590.2978539854485,
                        -61.11026797002499
                    ],
                    [
                        49.430390783194404,
                        -1.3068818865310156e-27,
                        344.7570182469987,
                        2761.383314195331,
                        18332.96775728652,
                        -1984.9705200434057,
                        -12738.75024643989,
                        -489.2360538172365
                    ],
                    [
                        328.1329742949807,
                        -7.010367097252827e-27,
                        2288.6920631103544,
                        18332.96775728652,
                        121716.02635907367,
                        -13177.519353699221,
                        -84574.41636901244,
                        -3247.642082134599
                    ],
                    [
                        -35.43350370876737,
                        3.30056623487411e-28,
                        -247.9227852938463,
                        -1984.9705200434057,
                        -13177.519353699221,
                        1429.3009390177451,
                        9156.369336477814,
                        350.6864732926817
                    ],
                    [
                        -227.99756803826708,
                        -4.697301811357224e-28,
                        -1590.2978539854485,
                        -12738.75024643989,
                        -84574.41636901244,
                        9156.369336477814,
                        58768.049858198065,
                        2256.661011993399
                    ],
                    [
                        -8.922292703797085,
                        7.295052055516901e-29,
                        -61.11026797002499,
                        -489.23605381723655,
                        -3247.642082134599,
                        350.6864732926817,
                        2256.661011993399,
                        89.14276980959318
                    ]
                ]
            },
            "est_tgt": [
                1,
                2,
                3
            ]
        },
        "2": {
            "intv_type": "do",
            "inode": 2,
            "new_mui": 10.0,
            "true_params": {
                "Si": [
                    [
                        0.9999999999999973,
                        -9.086043815399588,
                        6.316718510179714e-36,
                        -63.28657620443848,
                        -490.2911053200116,
                        7.377247715127017,
                        343.02048386277534,
                        -89.42147235094403
                    ],
                    [
                        -9.086043815399588,
                        83.55619221536132,
                        -2.344105393491203e-34,
                        581.9898553678302,
                        4508.767365634721,
                        -67.02999597670076,
                        -3154.4516035534684,
                        821.2376469787392
                    ],
                    [
                        6.316718510179714e-36,
                        -2.344105393491203e-34,
                        1.005691502430373e-32,
                        9.989958319002124e-17,
                        7.665668047988243e-16,
                        -1.327665094028389e-31,
                        -5.414671707446131e-16,
                        -4.759823085490423e-18
                    ],
                    [
                        -63.28657620443848,
                        581.9898553678302,
                        9.989958319002124e-17,
                        4054.705449837356,
                        31412.44377521577,
                        -466.88074970240694,
                        -21976.967450906242,
                        5720.126381009317
                    ],
                    [
                        -490.2911053200116,
                        4508.767365634721,
                        7.665668047988243e-16,
                        31412.44377521577,
                        243358.1651846307,
                        -3616.998936469165,
                        -170259.03926733593,
                        44314.722870385354
                    ],
                    [
                        7.377247715127017,
                        -67.02999597670076,
                        -1.327665094028389e-31,
                        -466.88074970240694,
                        -3616.998936469165,
                        55.423783850346936,
                        2530.5470808184305,
                        -659.6843525842974
                    ],
                    [
                        343.02048386277534,
                        -3154.4516035534684,
                        -5.414671707446131e-16,
                        -21976.967450906242,
                        -170259.03926733593,
                        2530.5470808184305,
                        119118.67804429942,
                        -31003.739444391562
                    ],
                    [
                        -89.42147235094403,
                        821.2376469787392,
                        -4.759823085490423e-18,
                        5720.126381009317,
                        44314.722870385354,
                        -659.6843525842974,
                        -31003.739444391562,
                        8073.766262773148
                    ]
                ],
                "mui": [
                    0.49999999999999933,
                    -4.0430219076998,
                    10.000000000000004,
                    52.46224260941334,
                    318.0261630195475,
                    -64.10905390782993,
                    -219.11629044489894,
                    -39.835620595213655
                ],
                "Ai": [
                    [
                        0.0,
                        0.0,
                        0.0,
                        0.0,
                        0.0,
                        0.0,
                        0.0,
                        0.0
                    ],
                    [
                        -9.086043815399597,
                        0.0,
                        0.0,
                        0.0,
                        0.0,
                        0.0,
                        0.0,
                        0.0
                    ],
                    [
                        0.0,
                        0.0,
                        0.0,
                        0.0,
                        0.0,
                        0.0,
                        0.0,
                        0.0
                    ],
                    [
                        -0.0,
                        6.965251047675603,
                        8.012290518779471,
                        0.0,
                        0.0,
                        0.0,
                        0.0,
                        0.0
                    ],
                    [
                        -0.0,
                        0.0,
                        -8.890711966342263,
                        7.747158002926155,
                        0.0,
                        0.0,
                        0.0,
                        0.0
                    ],
                    [
                        7.377247715126947,
                        0.0,
                        -6.8297677765393345,
                        -0.0,
                        0.0,
                        0.0,
                        0.0,
                        0.0
                    ],
                    [
                        -0.0,
                        0.0,
                        6.4735066883626935,
                        -5.420114413437304,
                        -0.0,
                        0.0,
                        0.0,
                        0.0
                    ],
                    [
                        -9.916488631613348,
                        8.75023116051683,
                        -0.0,
                        0.0,
                        -0.0,
                        -0.0,
                        0.0,
                        0.0
                    ]
                ]
            },
            "est_params": {
                "mui": [
                    0.4346269058220963,
                    -3.4018813470090454,
                    10.0,
                    56.96267681723098,
                    352.9282853501852,
                    -64.58278474376456,
                    -243.46645086215253,
                    -33.528457638246714
                ],
                "Si": [
                    [
                        1.0000708431467351,
                        -9.127768414519757,
                        -8.340379792870706e-32,
                        -63.64981827562977,
                        -493.1224469457333,
                        7.359974195734671,
                        345.021271386188,
                        -89.71396744344881
                    ],
                    [
                        -9.127768414519757,
                        84.43538614805003,
                        -3.3361519171482824e-31,
                        588.8196611923327,
                        4561.6745191664195,
                        -67.17770998069172,
                        -3191.7450078008883,
                        828.7021131319956
                    ],
                    [
                        -8.340379792870706e-32,
                        -3.3361519171482824e-31,
                        1e-06,
                        -5.426807118561206e-29,
                        2.846849635966534e-28,
                        6.260845097848277e-29,
                        2.4554078110211357e-28,
                        -2.1351372269749007e-29
                    ],
                    [
                        -63.64981827562977,
                        588.8196611923327,
                        -5.426807118561206e-29,
                        4107.1888359810055,
                        31819.016211879614,
                        -468.3621826052208,
                        -22263.493263137618,
                        5779.080182167562
                    ],
                    [
                        -493.1224469457333,
                        4561.6745191664195,
                        2.9180208768656974e-28,
                        31819.016211879614,
                        246507.66879790247,
                        -3628.6597106402996,
                        -172478.64170730909,
                        44771.49050111997
                    ],
                    [
                        7.359974195734671,
                        -67.17770998069172,
                        6.260845097848277e-29,
                        -468.3621826052208,
                        -3628.6597106402996,
                        55.25038913697422,
                        2538.756571600936,
                        -660.2720365669209
                    ],
                    [
                        345.021271386188,
                        -3191.7450078008883,
                        2.4554078110211357e-28,
                        -22263.493263137618,
                        -172478.64170730909,
                        2538.756571600936,
                        120682.88916640767,
                        -31325.973968140243
                    ],
                    [
                        -89.71396744344881,
                        828.7021131319956,
                        -2.4909934314707175e-29,
                        5779.080182167562,
                        44771.49050111997,
                        -660.2720365669209,
                        -31325.973968140243,
                        8135.757042825426
                    ]
                ]
            },
            "est_tgt": [
                2,
                3
            ]
        },
        "3": {
            "intv_type": "do",
            "inode": 3,
            "new_mui": 10.0,
            "true_params": {
                "Si": [
                    [
                        0.9999999999999973,
                        -9.086043815399588,
                        86.467554606189,
                        1.9680074358187962e-14,
                        -768.7581224375974,
                        -583.176070450378,
                        559.7482930695307,
                        -89.42147235094403
                    ],
                    [
                        -9.086043815399588,
                        83.55619221536132,
                        -794.4013987831041,
                        -1.7997063634140948e-13,
                        7062.794022239976,
                        5358.547079069919,
                        -5142.562768267104,
                        821.2376469787392
                    ],
                    [
                        86.467554606189,
                        -794.4013987831041,
                        7554.260169059935,
                        1.7119614995300404e-12,
                        -67162.75128192388,
                        -50955.95010858901,
                        48902.55373004138,
                        -7808.650395845754
                    ],
                    [
                        1.9680074358187962e-14,
                        -1.7997063634140948e-13,
                        1.7119614995300404e-12,
                        3.886653658447883e-28,
                        -1.522055658978897e-11,
                        -1.1547114700573758e-11,
                        1.1082394217427141e-11,
                        -1.7699419037349201e-12
                    ],
                    [
                        -768.7581224375974,
                        7062.794022239976,
                        -67162.75128192388,
                        -1.522055658978897e-11,
                        597125.6765146696,
                        453034.6753867716,
                        -434778.5196323742,
                        69424.46151532908
                    ],
                    [
                        -583.176070450378,
                        5358.547079069919,
                        -50955.95010858901,
                        -1.1547114700573758e-11,
                        453034.6753867716,
                        343716.0717413405,
                        -329863.68383982667,
                        52671.58449922416
                    ],
                    [
                        559.7482930695307,
                        -5142.562768267104,
                        48902.55373004138,
                        1.1082394217427141e-11,
                        -434778.5196323742,
                        -329863.68383982667,
                        316572.0086494388,
                        -50549.35056459347
                    ],
                    [
                        -89.42147235094403,
                        821.2376469787392,
                        -7808.650395845754,
                        -1.7699419037349201e-12,
                        69424.46151532908,
                        52671.58449922416,
                        -50549.35056459347,
                        8073.766262773148
                    ]
                ],
                "mui": [
                    0.49999999999999933,
                    -4.0430219076998,
                    39.35707279268837,
                    10.000000000000009,
                    -271.9408180088964,
                    -264.61104368085256,
                    201.0771298234725,
                    -39.835620595213655
                ],
                "Ai": [
                    [
                        0.0,
                        0.0,
                        0.0,
                        0.0,
                        0.0,
                        0.0,
                        0.0,
                        0.0
                    ],
                    [
                        -9.086043815399597,
                        0.0,
                        0.0,
                        0.0,
                        0.0,
                        0.0,
                        0.0,
                        0.0
                    ],
                    [
                        6.933696708973791,
                        -8.75340902081237,
                        0.0,
                        0.0,
                        0.0,
                        0.0,
                        0.0,
                        0.0
                    ],
                    [
                        0.0,
                        0.0,
                        0.0,
                        0.0,
                        0.0,
                        0.0,
                        0.0,
                        0.0
                    ],
                    [
                        -0.0,
                        0.0,
                        -8.890711966342263,
                        7.747158002926155,
                        0.0,
                        0.0,
                        0.0,
                        0.0
                    ],
                    [
                        7.377247715126947,
                        0.0,
                        -6.8297677765393345,
                        -0.0,
                        0.0,
                        0.0,
                        0.0,
                        0.0
                    ],
                    [
                        -0.0,
                        0.0,
                        6.4735066883626935,
                        -5.420114413437304,
                        -0.0,
                        0.0,
                        0.0,
                        0.0
                    ],
                    [
                        -9.916488631613348,
                        8.75023116051683,
                        -0.0,
                        0.0,
                        -0.0,
                        -0.0,
                        0.0,
                        0.0
                    ]
                ]
            },
            "est_params": {
                "mui": [
                    0.5849823417972216,
                    -4.7969889754849335,
                    46.69479657816938,
                    10.000000000000005,
                    -337.16150509360347,
                    -314.20435416296465,
                    248.64119494837902,
                    -47.22161119424783
                ],
                "Si": [
                    [
                        0.9800524280167098,
                        -8.910186150113743,
                        84.6621678825431,
                        1.9303782881028862e-14,
                        -752.6623562694873,
                        -570.9526045211821,
                        548.1410373176685,
                        -87.68974250456361
                    ],
                    [
                        -8.910186150113743,
                        81.94585686344978,
                        -777.8775829965285,
                        -1.7658271011933602e-13,
                        6915.532253550001,
                        5246.654627399529,
                        -5036.39599445813,
                        805.5045561328826
                    ],
                    [
                        84.6621678825431,
                        -777.8775829965285,
                        7385.663305429608,
                        1.6771097125039008e-12,
                        -65660.42061333318,
                        -49814.70657948049,
                        47818.66299323429,
                        -7647.1828438662415
                    ],
                    [
                        1.9303782881028862e-14,
                        -1.7658271011933602e-13,
                        1.6771097125039008e-12,
                        1e-06,
                        -1.4909928947218475e-11,
                        -1.1311174216833869e-11,
                        1.085843201147212e-11,
                        -1.7367291560877633e-12
                    ],
                    [
                        -752.6623562694873,
                        6915.532253550001,
                        -65660.42061333318,
                        -1.4909928947218475e-11,
                        583738.7529453139,
                        442865.37077392027,
                        -425119.971530932,
                        67985.33316423242
                    ],
                    [
                        -570.9526045211821,
                        5246.654627399529,
                        -49814.70657948049,
                        -1.1311174216833869e-11,
                        442865.37077392027,
                        335991.0669413016,
                        -322526.5696245529,
                        51578.28518002071
                    ],
                    [
                        548.1410373176685,
                        -5036.39599445813,
                        47818.66299323429,
                        1.085843201147212e-11,
                        -425119.971530932,
                        -322526.5696245529,
                        309604.2915928519,
                        -49511.880507705086
                    ],
                    [
                        -87.68974250456361,
                        805.5045561328826,
                        -7647.1828438662415,
                        -1.7367291560877633e-12,
                        67985.33316423242,
                        51578.28518002071,
