{
    "expt_args": {
        "save_dir": "expt_logs_29.04.24-8",
        "exp_name": "70",
        "num_nodes": 8,
        "obs_noise_mean": 0.5,
        "obs_noise_var": 1.0,
        "max_edge_strength": 10.0,
        "num_parents": 2,
        "new_noise_mean": 10.0,
        "mix_samples": 65536,
        "stage2_samples": 65536,
        "intv_targets": [
            0,
            1,
            2,
            3,
            4,
            5,
            6,
            7
        ]
    },
    "intv_args_dict": {
        "0": {
            "intv_type": "do",
            "inode": 0,
            "new_mui": 10.0,
            "true_params": {
                "Si": [
                    [
                        2.5377404168607894e-30,
                        1.5315012852762103e-15,
                        7.808061186170733e-15,
                        5.27706208902319e-14,
                        -4.434403996397225e-14,
                        -3.8608226933955945e-13,
                        -3.676836267828184e-12,
                        3.714903263517771e-12
                    ],
                    [
                        1.5315012852762103e-15,
                        1.0000000000000746,
                        5.348305343415441,
                        36.14641163192422,
                        -30.2281474594051,
                        -262.92190116814794,
                        -2505.001493724987,
                        2530.274308354536
                    ],
                    [
                        7.808061186170733e-15,
                        5.348305343415441,
                        29.6043700464039,
                        200.0805259031377,
                        -167.32127388860275,
                        -1454.2233380186462,
                        -13855.979195994174,
                        13996.782085963618
                    ],
                    [
                        5.27706208902319e-14,
                        36.14641163192422,
                        200.0805259031377,
                        1353.240118027404,
                        -1130.8373872485486,
                        -9828.338512027576,
                        -93650.49257307975,
                        94596.96376992819
                    ],
                    [
                        -4.434403996397225e-14,
                        -30.2281474594051,
                        -167.32127388860275,
                        -1130.8373872485486,
                        946.6850002827737,
                        8227.640532106023,
                        78387.73354980786,
                        -79190.6852285208
                    ],
                    [
                        -3.8608226933955945e-13,
                        -262.92190116814794,
                        -1454.2233380186462,
                        -9828.338512027576,
                        8227.640532106023,
                        71508.68987067285,
                        681288.9665303959,
                        -688266.0637896201
                    ],
                    [
                        -3.676836267828184e-12,
                        -2505.001493724987,
                        -13855.979195994174,
                        -93650.49257307975,
                        78387.73354980786,
                        681288.9665303959,
                        6490949.301662512,
                        -6557357.442567895
                    ],
                    [
                        3.714903263517771e-12,
                        2530.274308354536,
                        13996.782085963618,
                        94596.96376992819,
                        -79190.6852285208,
                        -688266.0637896201,
                        -6557357.442567895,
                        6624516.283154484
                    ]
                ],
                "mui": [
                    10.00000000000007,
                    71.54688634384098,
                    303.15000907716353,
                    1956.5427451108958,
                    -1777.8636507049202,
                    -15539.688437408502,
                    -147129.832276008,
                    149425.91830196805
                ],
                "Ai": [
                    [
                        0.0,
                        0.0,
                        0.0,
                        0.0,
                        0.0,
                        0.0,
                        0.0,
                        0.0
                    ],
                    [
                        7.104688634384004,
                        0.0,
                        0.0,
                        0.0,
                        0.0,
                        0.0,
                        0.0,
                        0.0
                    ],
                    [
                        -8.000458546032084,
                        5.348305343415406,
                        0.0,
                        0.0,
                        0.0,
                        0.0,
                        0.0,
                        0.0
                    ],
                    [
                        -9.279035448304931,
                        -0.0,
                        6.758479426838604,
                        0.0,
                        0.0,
                        0.0,
                        0.0,
                        0.0
                    ],
                    [
                        -6.498668579652634,
                        -0.0,
                        -5.651911309929309,
                        0.0,
                        0.0,
                        0.0,
                        0.0,
                        0.0
                    ],
                    [
                        0.0,
                        -6.006806241321168,
                        0.0,
                        0.0,
                        8.499200795280316,
                        0.0,
                        0.0,
                        0.0
                    ],
                    [
                        -0.0,
                        -0.0,
                        -0.0,
                        -5.1422382494655,
                        0.0,
                        8.820596621835687,
                        0.0,
                        0.0
                    ],
                    [
                        -0.0,
                        -9.921688853571226,
                        0.0,
                        0.0,
                        0.0,
                        -9.661408904781812,
                        -0.0,
                        0.0
                    ]
                ]
            },
            "est_params": {
                "mui": [
                    10.000000000000034,
                    71.5551857556597,
                    303.18525105360834,
                    1956.7888137040313,
                    -1778.0764963235167,
                    -15541.539065125995,
                    -147147.42992508173,
                    149443.68806343834
                ],
                "Si": [
                    [
                        1e-06,
                        1.5276904652070043e-15,
                        8.028880745023504e-15,
                        5.4259549547945656e-14,
                        -4.536000373445335e-14,
                        -3.9467453929992857e-13,
                        -3.760314567819886e-12,
                        3.797931982142062e-12
                    ],
                    [
                        1.5276904652070043e-15,
                        0.9994075022405247,
                        5.354010716335571,
                        36.18759104347094,
                        -30.253426404943475,
                        -263.1132679667492,
                        -2506.917693549547,
                        2532.1142263712477
                    ],
                    [
                        8.028880745023504e-15,
                        5.354010716335571,
                        29.70522188286573,
                        200.7655613462549,
                        -167.86816741618662,
                        -1458.7952830698396,
                        -13899.91807240153,
                        14040.809456793126
                    ],
                    [
                        5.4259549547945656e-14,
                        36.18759104347094,
                        200.7655613462549,
                        1357.8833120987617,
                        -1134.5792568918332,
                        -9859.64056112699,
                        -93951.06279403405,
                        94898.38343707845
                    ],
                    [
                        -4.536000373445335e-14,
                        -30.253426404943475,
                        -167.86816741618662,
                        -1134.5792568918332,
                        949.6714274051741,
                        8252.57455095548,
                        78627.40987707576,
                        -79430.84156065568
                    ],
                    [
                        -3.9467453929992857e-13,
                        -263.1132679667492,
                        -1458.7952830698396,
                        -9859.64056112699,
                        8252.57455095548,
                        71716.507820612,
                        683287.3836579965,
                        -690267.7232182367
                    ],
                    [
                        -3.760314567819886e-12,
                        -2506.917693549547,
                        -13899.91807240153,
                        -93951.06279403405,
                        78627.40987707576,
                        683287.3836579965,
                        6510163.774758267,
                        -6576605.374782599
                    ],
                    [
                        3.797931982142062e-12,
                        2532.1142263712477,
                        14040.809456793126,
                        94898.38343707845,
                        -79430.84156065568,
                        -690267.7232182367,
                        -6576605.374782599,
                        6643795.90888143
                    ]
                ]
            },
            "est_tgt": [
                0
            ]
        },
        "1": {
            "intv_type": "do",
            "inode": 1,
            "new_mui": 10.0,
            "true_params": {
                "Si": [
                    [
                        0.999999999999994,
                        -2.2899245427747135e-30,
                        -8.000458546031602,
                        -63.34996993693455,
                        38.719213561284036,
                        329.0823706926934,
                        3228.463485749845,
                        -3179.3993466170973
                    ],
                    [
                        -2.2899245427747135e-30,
                        3.4876003209984256e-29,
                        -5.729207970510356e-15,
                        -3.869446173353161e-14,
                        3.381327731809233e-14,
                        2.8738583347296426e-13,
                        2.733890653063707e-12,
                        -2.7765520506238403e-12
                    ],
                    [
                        -8.000458546031602,
                        -5.729207970510356e-15,
                        65.00733694677037,
                        513.5872877996339,
                        -315.423374341928,
                        -2680.846594056913,
                        -26287.654606960637,
                        25900.75515617545
                    ],
                    [
                        -63.34996993693455,
                        -3.869446173353161e-14,
                        513.5872877996339,
                        4059.8957351735303,
                        -2491.0593413995753,
                        -21172.013535513717,
                        -207626.7422070629,
                        204551.48010417327
                    ],
                    [
                        38.719213561284036,
                        3.381327731809233e-14,
                        -315.423374341928,
                        -2491.0593413995753,
                        1532.1216002596327,
                        13021.809123392812,
                        127669.746191021,
                        -125809.02262111635
                    ],
                    [
                        329.0823706926934,
                        2.8738583347296426e-13,
                        -2680.846594056913,
                        -21172.013535513717,
                        13021.809123392812,
                        110675.97045752859,
                        1085099.6289565829,
                        -1069285.8065237354
                    ],
                    [
                        3228.463485749845,
                        2.733890653063707e-12,
                        -26287.654606960637,
                        -207626.7422070629,
                        127669.746191021,
                        1085099.6289565829,
                        10638893.296918662,
                        -10483591.217776569
                    ],
                    [
                        -3179.3993466170973,
                        -2.7765520506238403e-12,
                        25900.75515617545,
                        204551.48010417327,
                        -125809.02262111635,
                        -1069285.8065237354,
                        -10483591.217776569,
                        10330808.41290522
                    ]
                ],
                "mui": [
                    0.5000000000000752,
                    9.999999999999913,
                    49.98282416113451,
                    333.6683710641659,
                    -285.2478234683509,
                    -2483.946590487398,
                    -23625.19316519642,
                    23899.706819801657
                ],
                "Ai": [
                    [
                        0.0,
                        0.0,
                        0.0,
                        0.0,
                        0.0,
                        0.0,
                        0.0,
                        0.0
                    ],
                    [
                        0.0,
                        0.0,
                        0.0,
                        0.0,
                        0.0,
                        0.0,
                        0.0,
                        0.0
                    ],
                    [
                        -8.000458546032084,
                        5.348305343415406,
                        0.0,
                        0.0,
                        0.0,
                        0.0,
                        0.0,
                        0.0
                    ],
                    [
                        -9.279035448304931,
                        -0.0,
                        6.758479426838604,
                        0.0,
                        0.0,
                        0.0,
                        0.0,
                        0.0
                    ],
                    [
                        -6.498668579652634,
                        -0.0,
                        -5.651911309929309,
                        0.0,
                        0.0,
                        0.0,
                        0.0,
                        0.0
                    ],
                    [
                        0.0,
                        -6.006806241321168,
                        0.0,
                        0.0,
                        8.499200795280316,
                        0.0,
                        0.0,
                        0.0
                    ],
                    [
                        -0.0,
                        -0.0,
                        -0.0,
                        -5.1422382494655,
                        0.0,
                        8.820596621835687,
                        0.0,
                        0.0
                    ],
                    [
                        -0.0,
                        -9.921688853571226,
                        0.0,
                        0.0,
                        0.0,
                        -9.661408904781812,
                        -0.0,
                        0.0
                    ]
                ]
            },
            "est_params": {
                "mui": [
                    -1.3162763692457058,
                    -9.151012000147555,
                    -38.00586127199679,
                    -123.20774020939221,
                    223.87307994323695,
                    1958.1788403692487,
                    17906.44588450282,
                    -18827.49644288667
                ],
                "Si": [
                    [
                        0.2298268324438243,
                        1.5186967769780009,
                        6.2405672818905575,
                        14.937455437913876,
                        -36.75665678109137,
                        -321.49919208178943,
                        -2912.600599550523,
                        3091.0740850261577
                    ],
                    [
                        1.5186967769780009,
                        10.833922259428004,
                        45.52158908926086,
                        110.52192410829663,
                        -267.1595537989596,
                        -2335.5369586844718,
                        -21168.949147651696,
                        22457.15231884443
                    ],
                    [
                        6.2405672818905575,
                        45.52158908926086,
                        193.35891105445805,
                        468.14305446907724,
                        -1133.514788247273,
                        -9906.677544871367,
                        -89789.21896522905,
                        95261.07657517778
                    ],
                    [
                        14.937455437913876,
                        110.52192410829663,
                        468.14305446907724,
                        19133.602946454965,
                        -2751.6496336918785,
                        -24039.42732740706,
                        -310432.90809690405,
                        231157.47375258082
                    ],
                    [
                        -36.75665678109137,
                        -267.1595537989596,
                        -1133.514788247273,
                        -2751.6496336918785,
                        6646.945302723482,
                        58094.254333576486,
                        526570.4271917713,
                        -558623.2641977865
                    ],
                    [
                        -321.49919208178943,
                        -2335.5369586844718,
                        -9906.677544871367,
                        -24039.42732740706,
                        58094.254333576486,
                        507747.721920937,
                        4602208.925568938,
                        -4882399.8153524585
                    ],
                    [
                        -2912.600599550523,
                        -21168.949147651696,
                        -89789.21896522905,
                        -310432.90809690394,
                        526570.4271917713,
                        4602208.925568938,
                        42190155.73855701,
                        -44253909.7504731
                    ],
                    [
                        3091.0740850261577,
                        22457.15231884443,
                        95261.07657517778,
                        231157.47375258082,
                        -558623.2641977865,
                        -4882399.8153524585,
                        -44253909.75047309,
                        46948183.07731898
                    ]
                ]
            },
            "est_tgt": [
                0,
                1,
                2,
                3,
                5,
                6
            ]
        },
        "2": {
            "intv_type": "do",
            "inode": 2,
            "new_mui": 10.0,
            "true_params": {
                "Si": [
                    [
                        1.0000000000000093,
                        7.104688634384073,
                        -2.9077751746235017e-15,
                        -9.279035448305036,
                        -6.498668579652679,
                        -97.90997719210904,
                        -815.9094030643057,
                        875.4578154789638
                    ],
                    [
                        7.104688634384073,
                        51.476600591545754,
                        -2.072445577143814e-14,
                        -65.9246576876191,
                        -46.171016796486846,
                        -701.6267083908956,
                        -5849.765877478232,
                        6267.967713971674
                    ],
                    [
                        -2.9077751746235017e-15,
                        -2.072445577143814e-14,
                        9.15767683659646e-30,
                        2.697065857112589e-14,
                        1.9727661802613575e-14,
                        2.920703073600652e-13,
                        2.437542224477849e-12,
                        -2.6161890665270867e-12
                    ],
                    [
                        -9.279035448305036,
                        -65.9246576876191,
                        2.697065857112589e-14,
                        87.10049885090065,
                        60.3013761173828,
                        908.5101491083091,
                        7565.71003538956,
                        -8123.40410332492
                    ],
                    [
                        -6.498668579652679,
                        -46.171016796486846,
                        1.9727661802613575e-14,
                        60.3013761173828,
                        43.23269330816456,
                        644.7836932081437,
                        5377.292823360281,
                        -5771.424452511511
                    ],
                    [
                        -97.90997719210904,
                        -701.6267083908956,
                        2.920703073600652e-13,
                        908.5101491083091,
                        644.7836932081437,
                        9695.681769138493,
                        80849.9222204845,
                        -86712.62429027547
                    ],
                    [
                        -815.9094030643057,
                        -5849.765877478232,
                        2.437542224477849e-12,
                        7565.71003538956,
                        5377.292823360281,
                        80849.9222204845,
                        674240.8672853385,
                        -723084.6015893287
                    ],
                    [
                        875.4578154789638,
                        6267.967713971674,
                        -2.6161890665270867e-12,
                        -8123.40410332492,
                        -5771.424452511511,
                        -86712.62429027547,
                        -723084.6015893287,
                        775578.2950728101
                    ]
                ],
                "mui": [
                    0.5000000000000174,
                    4.052344317192076,
                    10.000000000000012,
                    63.4452765442335,
                    -59.268447389119586,
                    -527.5760823211264,
                    -4979.286537276708,
                    5057.422160244516
                ],
                "Ai": [
                    [
                        0.0,
                        0.0,
                        0.0,
                        0.0,
                        0.0,
                        0.0,
                        0.0,
                        0.0
                    ],
                    [
                        7.104688634384004,
                        0.0,
                        0.0,
                        0.0,
                        0.0,
                        0.0,
                        0.0,
                        0.0
                    ],
                    [
                        0.0,
                        0.0,
                        0.0,
                        0.0,
                        0.0,
                        0.0,
                        0.0,
                        0.0
                    ],
                    [
                        -9.279035448304931,
                        -0.0,
                        6.758479426838604,
                        0.0,
                        0.0,
                        0.0,
                        0.0,
                        0.0
                    ],
                    [
                        -6.498668579652634,
                        -0.0,
                        -5.651911309929309,
                        0.0,
                        0.0,
                        0.0,
                        0.0,
                        0.0
                    ],
                    [
                        0.0,
                        -6.006806241321168,
                        0.0,
                        0.0,
                        8.499200795280316,
                        0.0,
                        0.0,
                        0.0
                    ],
                    [
                        -0.0,
                        -0.0,
                        -0.0,
                        -5.1422382494655,
                        0.0,
                        8.820596621835687,
                        0.0,
                        0.0
                    ],
                    [
                        -0.0,
                        -9.921688853571226,
                        0.0,
                        0.0,
                        0.0,
                        -9.661408904781812,
                        -0.0,
                        0.0
                    ]
                ]
            },
            "est_params": {
                "mui": [
                    0.5014247464539776,
                    9.999999018346477,
                    49.9991794575378,
                    333.7612326165193,
                    -285.34963611186254,
                    -2484.8076540399843,
                    -23633.284396173305,
                    23908.035097066644
                ],
                "Si": [
                    [
                        1.0119070194563398,
                        -8.497218567732743e-07,
                        -8.095332052378074,
                        -64.08918127848911,
                        39.17801842529498,
                        332.9817281743897,
                        3266.63695679427,
                        -3217.0702574986917
                    ],
                    [
                        -8.497218567732746e-07,
                        1.0037530750903538e-06,
                        7.019408698368778e-06,
                        5.539662561051769e-05,
                        -3.4982052226827204e-05,
                        -0.0002972327571501006,
                        -0.0029069714778118673,
                        0.0028702006547474093
                    ],
                    [
                        -8.095332052378074,
                        7.019408698368778e-06,
                        65.7695389905247,
                        519.5150686065621,
                        -319.098150014795,
                        -2712.078877818624,
                        -26593.431680730228,
                        26202.467696846415
                    ],
                    [
                        -64.08918127848911,
                        5.539662561051767e-05,
                        519.5150686065621,
                        4105.979542035493,
                        -2519.6425977316867,
                        -21414.941949135828,
                        -210004.9865387136,
                        206898.25895384687
                    ],
                    [
                        39.17801842529498,
                        -3.4982052226827204e-05,
                        -319.098150014795,
                        -2519.6425977316867,
                        1549.7886964978,
                        13171.972676047179,
                        129140.31073204443,
                        -127259.62586769891
                    ],
                    [
                        332.9817281743897,
                        -0.0002972327571501007,
                        -2712.078877818624,
                        -21414.941949135828,
                        13171.97267604718,
                        111952.29628868219,
                        1097598.6912962089,
                        -1081615.2979855
                    ],
                    [
                        3266.63695679427,
                        -0.0029069714778118673,
                        -26593.431680730228,
                        -210004.9865387136,
                        129140.31073204443,
                        1097598.6912962089,
                        10761292.914924765,
                        -10604334.23175785
                    ],
                    [
                        -3217.0702574986917,
                        0.0028702006547474093,
                        26202.467696846415,
                        206898.25895384687,
                        -127259.62586769891,
                        -1081615.2979855,
                        -10604334.23175785,
                        10449913.071306016
                    ]
                ]
            },
            "est_tgt": [
                1
            ]
        },
        "3": {
            "intv_type": "do",
            "inode": 3,
            "new_mui": 10.0,
            "true_params": {
                "Si": [
                    [
                        1.0000000000006177,
                        7.104688634387811,
                        29.997585640562015,
                        4.710876086127991e-27,
                        -176.04236213212212,
                        -1538.8958722680418,
                        -13573.979732284375,
                        14797.411773830536
                    ],
                    [
                        7.104688634387811,
                        51.476600591567944,
                        218.47181110285857,
                        8.843373815553099e-14,
                        -1280.954316869497,
                        -11196.297914370409,
                        -98758.02756056158,
                        107661.27755617921
                    ],
                    [
                        29.997585640562015,
                        218.47181110285857,
                        929.4595143086962,
                        4.840248515848259e-13,
                        -5448.167108310481,
                        -47617.38405825789,
                        -420013.7369649221,
                        457883.40902982955
                    ],
                    [
                        4.710876086127991e-27,
                        8.843373815553099e-14,
                        4.840248515848259e-13,
                        7.950358996061701e-27,
                        -2.738429087276523e-12,
                        -2.3805663006695362e-11,
                        -2.0998015069741593e-10,
                        2.291188325229842e-10
                    ],
                    [
                        -176.04236213212212,
                        -1280.954316869497,
                        -5448.167108310481,
                        -2.738429087276523e-12,
                        31937.59826532072,
                        279138.50496137614,
                        2462168.153886578,
                        -2684162.007333703
                    ],
                    [
                        -1538.8958722680418,
                        -11196.297914370409,
                        -47617.38405825789,
                        -2.3805663006695362e-11,
                        279138.50496137614,
                        2439709.195552817,
                        21519690.688554637,
                        -23459941.96277379
                    ],
                    [
                        -13573.979732284375,
                        -98758.02756056158,
                        -420013.7369649221,
                        -2.0998015069741593e-10,
                        2462168.153886578,
                        21519690.688554637,
                        189816511.99041396,
                        -206930684.82530373
                    ],
                    [
                        14797.411773830536,
                        107661.27755617921,
                        457883.40902982955,
                        2.291188325229842e-10,
                        -2684162.007333703,
                        -23459941.96277379,
                        -206930684.82530373,
                        225587911.4873168
                    ]
                ],
                "mui": [
                    0.5000000000001837,
                    4.052344317192933,
                    18.172945491984507,
                    10.000000000000048,
                    -105.46121045070362,
                    -920.1776508703417,
                    -8167.4382612502895,
                    8850.506450657203
                ],
                "Ai": [
                    [
                        0.0,
                        0.0,
                        0.0,
                        0.0,
                        0.0,
                        0.0,
                        0.0,
                        0.0
                    ],
                    [
                        7.104688634384004,
                        0.0,
                        0.0,
                        0.0,
                        0.0,
                        0.0,
                        0.0,
                        0.0
                    ],
                    [
                        -8.000458546032084,
                        5.348305343415406,
                        0.0,
                        0.0,
                        0.0,
                        0.0,
                        0.0,
                        0.0
                    ],
                    [
                        0.0,
                        0.0,
                        0.0,
                        0.0,
                        0.0,
                        0.0,
                        0.0,
                        0.0
                    ],
                    [
                        -6.498668579652634,
                        -0.0,
                        -5.651911309929309,
                        0.0,
                        0.0,
                        0.0,
                        0.0,
                        0.0
                    ],
                    [
                        0.0,
                        -6.006806241321168,
                        0.0,
                        0.0,
                        8.499200795280316,
                        0.0,
                        0.0,
                        0.0
                    ],
                    [
                        -0.0,
                        -0.0,
                        -0.0,
                        -5.1422382494655,
                        0.0,
                        8.820596621835687,
                        0.0,
                        0.0
                    ],
                    [
                        -0.0,
                        -9.921688853571226,
                        0.0,
                        0.0,
                        0.0,
                        -9.661408904781812,
                        -0.0,
                        0.0
                    ]
                ]
            },
            "est_params": {
                "mui": [
                    0.13994567166367172,
                    1.4158489215503363,
                    6.937911452429599,
                    24.174387340945202,
                    -39.6307719236237,
                    -344.8275517203916,
                    -3165.398745582839,
                    3318.000795533554
                ],
                "Si": [
                    [
                        0.31394968743852375,
                        2.1024350603014716,
                        8.703535381354833,
                        20.923670162384155,
                        -51.22897283697789,
                        -448.02402097049537,
                        -4059.427656414908,
                        4307.696593643012
                    ],
                    [
                        2.1024350603014716,
                        14.996518737453833,
                        63.159970060623,
                        151.87029667474349,
                        -370.61374541829986,
                        -3239.9316073396762,
                        -29359.030619631387,
                        31153.615578682708
                    ],
                    [
                        8.703535381354833,
                        63.159970060623,
                        268.23235825676164,
                        645.1383717247014,
                        -1572.497805336437,
                        -13744.068317087083,
                        -124548.10827212542,
                        132160.85877677536
                    ],
                    [
                        20.92367016238416,
                        151.87029667474349,
                        645.1383717247015,
                        4477.438998329879,
                        -3781.596552750849,
                        -33052.45804237914,
                        -314566.7571129569,
                        317827.27232682705
                    ],
                    [
                        -51.22897283697789,
                        -370.61374541829986,
                        -1572.497805336437,
                        -3781.596552750849,
                        9221.084651843976,
                        80596.32023156784,
                        730352.1535009654,
                        -774999.527242213
                    ],
                    [
                        -448.02402097049537,
                        -3239.9316073396762,
                        -13744.068317087083,
                        -33052.45804237914,
                        80596.32023156784,
                        704451.775541187,
                        6383636.805449348,
                        -6773874.082029935
                    ],
                    [
                        -4059.427656414908,
                        -29359.030619631387,
                        -124548.10827212542,
                        -314566.7571129569,
                        730352.1535009654,
                        6383636.805449348,
                        57924961.32435676,
                        -61383841.30196134
                    ],
                    [
                        4307.696593643012,
                        31153.615578682708,
                        132160.85877677536,
                        317827.27232682705,
                        -774999.527242213,
                        -6773874.082029935,
                        -61383841.30196134,
