{
    "expt_args": {
        "save_dir": "expt_logs_29.04.24-8",
        "exp_name": "139",
        "num_nodes": 8,
        "obs_noise_mean": 0.5,
        "obs_noise_var": 1.0,
        "max_edge_strength": 10.0,
        "num_parents": 2,
        "new_noise_mean": 10.0,
        "mix_samples": 8192,
        "stage2_samples": 8192,
        "intv_targets": [
            0,
            1,
            2,
            3,
            4,
            5,
            6,
            7
        ]
    },
    "intv_args_dict": {
        "0": {
            "intv_type": "do",
            "inode": 0,
            "new_mui": 10.0,
            "true_params": {
                "Si": [
                    [
                        9.925248075504079e-31,
                        9.877673008929657e-16,
                        8.811422469303329e-15,
                        7.474567191935371e-14,
                        5.863661081296937e-14,
                        2.734367944127552e-13,
                        -6.376065179647991e-13,
                        -3.360670020217426e-13
                    ],
                    [
                        9.877673008929657e-16,
                        0.9999999999999842,
                        9.04554480983269,
                        76.613440540714,
                        60.23560950420539,
                        280.9407725501587,
                        -653.4498250475064,
                        -345.2659391861544
                    ],
                    [
                        8.811422469303329e-15,
                        9.04554480983269,
                        82.82188090669237,
                        700.5471408830534,
                        551.523051577432,
                        2572.320815954675,
                        -5974.38620191867,
                        -3161.2882471522353
                    ],
                    [
                        7.474567191935371e-14,
                        76.613440540714,
                        700.5471408830534,
                        5927.4230995887565,
                        4665.04615306855,
                        21757.92161833647,
                        -50550.64034123635,
                        -26739.69027031292
                    ],
                    [
                        5.863661081296937e-14,
                        60.23560950420539,
                        551.523051577432,
                        4665.04615306855,
                        3673.67288657657,
                        17135.282180291146,
                        -39784.31391936714,
                        -21058.053942703285
                    ],
                    [
                        2.734367944127552e-13,
                        280.9407725501587,
                        2572.320815954675,
                        21757.92161833647,
                        17135.282180291146,
                        79927.22569166523,
                        -185555.28830673994,
                        -98223.02515674481
                    ],
                    [
                        -6.376065179647991e-13,
                        -653.4498250475064,
                        -5974.38620191867,
                        -50550.64034123635,
                        -39784.31391936714,
                        -185555.28830673994,
                        431110.8055629513,
                        228040.66603307286
                    ],
                    [
                        -3.360670020217426e-13,
                        -345.2659391861544,
                        -3161.2882471522353,
                        -26739.69027031292,
                        -21058.053942703285,
                        -98223.02515674481,
                        228040.66603307286,
                        120709.68601004998
                    ]
                ],
                "mui": [
                    9.999999999999874,
                    62.372238902110404,
                    629.9156897008851,
                    5274.408614274817,
                    4123.266737584707,
                    19148.926028399575,
                    -44939.401436961074,
                    -23573.750790253504
                ],
                "Ai": [
                    [
                        0.0,
                        0.0,
                        0.0,
                        0.0,
                        0.0,
                        0.0,
                        0.0,
                        0.0
                    ],
                    [
                        6.1872238902110865,
                        0.0,
                        0.0,
                        0.0,
                        0.0,
                        0.0,
                        0.0,
                        0.0
                    ],
                    [
                        6.522480782224781,
                        9.045544809832826,
                        0.0,
                        0.0,
                        0.0,
                        0.0,
                        0.0,
                        0.0
                    ],
                    [
                        -0.0,
                        8.438694057138088,
                        7.536831436561866,
                        0.0,
                        0.0,
                        0.0,
                        0.0,
                        0.0
                    ],
                    [
                        -7.193422328495251,
                        0.0,
                        6.659146659549803,
                        0.0,
                        0.0,
                        0.0,
                        0.0,
                        0.0
                    ],
                    [
                        0.0,
                        0.0,
                        -7.701836258438439,
                        0.0,
                        5.8206114361535555,
                        0.0,
                        0.0,
                        0.0
                    ],
                    [
                        -0.0,
                        -7.1813467051096165,
                        0.0,
                        -8.435445187962237,
                        -0.0,
                        -0.0,
                        0.0,
                        0.0
                    ],
                    [
                        -0.0,
                        -0.0,
                        5.593335245257259,
                        -0.0,
                        -6.571871805429447,
                        0.0,
                        0.0,
                        0.0
                    ]
                ]
            },
            "est_params": {
                "mui": [
                    9.99999999999986,
                    62.341320710758175,
                    629.6089186686111,
                    5271.870314688262,
                    4121.171481150444,
                    19139.0947796568,
                    -44917.84965047403,
                    -23561.68550015333
                ],
                "Si": [
                    [
                        1e-06,
                        1.0549735140801663e-15,
                        9.543511286177679e-15,
                        8.085396268722828e-14,
                        6.359042162682741e-14,
                        2.96550519771303e-13,
                        -6.89582092285053e-13,
                        -3.64568433081981e-13
                    ],
                    [
                        1.0549735140801663e-15,
                        1.076890091591914,
                        9.749254580558393,
                        82.60411016202359,
                        64.94963189741019,
                        302.9140808624544,
                        -704.5187209693493,
                        -372.32838587611593
                    ],
                    [
                        9.543511286177679e-15,
                        9.749254580558393,
                        89.25937769440816,
                        755.387171074175,
                        594.6467020915312,
                        2773.291350733215,
                        -6441.846690655668,
                        -3408.868115248371
                    ],
                    [
                        8.085396268722828e-14,
                        82.60411016202359,
                        755.387171074175,
                        6394.446657676047,
                        5032.355300004383,
                        23469.705925271694,
                        -54531.588816821495,
                        -28848.353792660568
                    ],
                    [
                        6.359042162682741e-14,
                        64.94963189741019,
                        594.6467020915312,
                        5032.355300004383,
                        3962.483585889087,
                        18481.142193770665,
                        -42915.35204610122,
                        -22716.042722449878
                    ],
                    [
                        2.96550519771303e-13,
                        302.9140808624544,
                        2773.291350733215,
                        23469.705925271694,
                        18481.142193770665,
                        86198.78042029629,
                        -200147.10374417543,
                        -105949.09290656814
                    ],
                    [
                        -6.89582092285053e-13,
                        -704.5187209693493,
                        -6441.846690655668,
                        -54531.588816821495,
                        -42915.35204610122,
                        -200147.10374417543,
                        465044.83233144344,
                        246015.55264537685
                    ],
                    [
                        -3.64568433081981e-13,
                        -372.32838587611593,
                        -3408.868115248371,
                        -28848.353792660568,
                        -22716.042722449878,
                        -105949.09290656814,
                        246015.55264537685,
                        130227.65088659622
                    ]
                ]
            },
            "est_tgt": [
                0,
                4
            ]
        },
        "1": {
            "intv_type": "do",
            "inode": 1,
            "new_mui": 10.0,
            "true_params": {
                "Si": [
                    [
                        0.9999999999999905,
                        3.142067175379914e-15,
                        6.522480782224745,
                        49.158838203842144,
                        36.24073378443452,
                        160.7081505367696,
                        -414.67668517241447,
                        -201.68703492026881
                    ],
                    [
                        3.142067175379914e-15,
                        9.912673437093995e-30,
                        2.069045196633612e-14,
                        1.5597070344410112e-13,
                        1.1515399051938528e-13,
                        5.109121609780457e-13,
                        -1.3156844635611304e-12,
                        -6.410486293534278e-13
                    ],
                    [
                        6.522480782224745,
                        2.069045196633612e-14,
                        43.54275555449153,
                        328.1744088976209,
                        243.03863630224924,
                        1079.2742923661322,
                        -2768.2972383477886,
                        -1353.6695322262149
                    ],
                    [
                        49.158838203842144,
                        1.5597070344410112e-13,
                        328.1744088976209,
                        2474.3952016547,
                        1831.74123438192,
                        8134.308415378135,
                        -20872.625096914995,
                        -10202.379085198543
                    ],
                    [
                        36.24073378443452,
                        1.1515399051938528e-13,
                        243.03863630224924,
                        1831.74123438192,
                        1358.7350194676592,
                        6036.824811741685,
                        -15451.55278115898,
                        -7570.03579510051
                    ],
                    [
                        160.7081505367696,
                        5.109121609780457e-13,
                        1079.2742923661322,
                        8134.308415378135,
                        6036.824811741685,
                        26826.617659533218,
                        -68616.51277990223,
                        -33636.49583581053
                    ],
                    [
                        -414.67668517241447,
                        -1.3156844635611304e-12,
                        -2768.2972383477886,
                        -20872.625096914995,
                        -15451.55278115898,
                        -68616.51277990223,
                        176070.88493391144,
                        86061.60956000464
                    ],
                    [
                        -201.68703492026881,
                        -6.410486293534278e-13,
                        -1353.6695322262149,
                        -10202.379085198543,
                        -7570.03579510051,
                        -33636.49583581053,
                        86061.60956000464,
                        42178.77730288093
                    ]
                ],
                "mui": [
                    0.4999999999999086,
                    10.000000000000057,
                    94.21668848944059,
                    794.9822402273542,
                    624.3060352640556,
                    2908.7013409596743,
                    -6777.342579892371,
                    -3575.373706691877
                ],
                "Ai": [
                    [
                        0.0,
                        0.0,
                        0.0,
                        0.0,
                        0.0,
                        0.0,
                        0.0,
                        0.0
                    ],
                    [
                        0.0,
                        0.0,
                        0.0,
                        0.0,
                        0.0,
                        0.0,
                        0.0,
                        0.0
                    ],
                    [
                        6.522480782224781,
                        9.045544809832826,
                        0.0,
                        0.0,
                        0.0,
                        0.0,
                        0.0,
                        0.0
                    ],
                    [
                        -0.0,
                        8.438694057138088,
                        7.536831436561866,
                        0.0,
                        0.0,
                        0.0,
                        0.0,
                        0.0
                    ],
                    [
                        -7.193422328495251,
                        0.0,
                        6.659146659549803,
                        0.0,
                        0.0,
                        0.0,
                        0.0,
                        0.0
                    ],
                    [
                        0.0,
                        0.0,
                        -7.701836258438439,
                        0.0,
                        5.8206114361535555,
                        0.0,
                        0.0,
                        0.0
                    ],
                    [
                        -0.0,
                        -7.1813467051096165,
                        0.0,
                        -8.435445187962237,
                        -0.0,
                        -0.0,
                        0.0,
                        0.0
                    ],
                    [
                        -0.0,
                        -0.0,
                        5.593335245257259,
                        -0.0,
                        -6.571871805429447,
                        0.0,
                        0.0,
                        0.0
                    ]
                ]
            },
            "est_params": {
                "mui": [
                    0.4890163711547683,
                    10.000000003382441,
                    94.15830726675422,
                    794.5575107697822,
                    623.9663146125114,
                    2907.157249345763,
                    -6773.775182767158,
                    -3573.462080963465
                ],
                "Si": [
                    [
                        1.1002727090304338,
                        2.2122904219000895e-09,
                        7.192482337045687,
                        54.23974230495963,
                        39.97139289023495,
                        177.25998949546764,
                        -457.5026139816122,
                        -222.4449564061973
                    ],
                    [
                        2.212290421900089e-09,
                        1.0000236254003681e-06,
                        1.7767804132748986e-08,
                        1.3561551022278662e-07,
                        1.0079825408391048e-07,
                        4.522515284886338e-07,
                        -1.144957088970103e-06,
                        -5.650492518769354e-07
                    ],
                    [
                        7.192482337045687,
                        1.7767804132748986e-08,
                        48.07572687762342,
                        362.4780410415732,
                        268.392647468719,
                        1191.9255927336694,
                        -3057.479719374999,
                        -1494.8363447309646
                    ],
                    [
                        54.23974230495963,
                        1.3561551022278662e-07,
                        362.4780410415732,
                        2733.9424936513356,
                        2023.5783584140104,
                        8986.582260636635,
                        -23060.603990944153,
                        -11270.523815622155
                    ],
                    [
                        39.97139289023496,
                        1.0079825408391048e-07,
                        268.392647468719,
                        2023.5783584140104,
                        1500.6620595120332,
                        6667.577360175613,
                        -17068.809923388148,
                        -8360.354288764625
                    ],
                    [
                        177.25998949546764,
                        4.5225152848863385e-07,
                        1191.9255927336694,
                        8986.582260636635,
                        6667.577360175611,
                        29629.988705963187,
                        -75801.60172220132,
                        -37148.97191589535
                    ],
                    [
                        -457.5026139816122,
                        -1.144957088970103e-06,
                        -3057.479719374999,
                        -23060.60399094415,
                        -17068.809923388148,
                        -75801.60172220132,
                        194515.454841349,
                        95066.50756018246
                    ],
                    [
                        -222.4449564061973,
                        -5.650492518769354e-07,
                        -1494.8363447309646,
                        -11270.523815622155,
                        -8360.354288764625,
                        -37148.97191589536,
                        95066.50756018246,
                        46579.74772315005
                    ]
                ]
            },
            "est_tgt": [
                1,
                2,
                4
            ]
        },
        "2": {
            "intv_type": "do",
            "inode": 2,
            "new_mui": 10.0,
            "true_params": {
                "Si": [
                    [
                        1.0,
                        6.187223890211083,
                        9.225627654464884e-16,
                        52.212089472507074,
                        -7.193422328495245,
                        -41.870116270321766,
                        -484.8648187920565,
                        47.274249385184554
                    ],
                    [
                        6.187223890211083,
                        39.28173946759877,
                        5.678075001116814e-15,
                        331.48658139927244,
                        -44.50731448324362,
                        -259.0597836736506,
                        -3078.3326782351605,
                        292.49636518781045
                    ],
                    [
                        9.225627654464884e-16,
                        5.678075001116814e-15,
                        8.6532276973581e-31,
                        4.791607422058766e-14,
                        -6.751703942081902e-15,
                        -3.929904517880496e-14,
                        -4.4496964291073315e-13,
                        4.4371332775574914e-14
                    ],
                    [
                        52.212089472507074,
                        331.48658139927244,
                        4.791607422058766e-14,
                        2798.3138444750616,
                        -375.58361022892393,
                        -2186.1262569303144,
                        -25985.543122904986,
                        2468.2873386448687
                    ],
                    [
                        -7.193422328495245,
                        -44.50731448324362,
                        -6.751703942081902e-15,
                        -375.58361022892393,
                        52.74532479609395,
                        307.01004071177823,
                        3487.83741380058,
                        -346.6355128956686
                    ],
                    [
                        -41.870116270321766,
                        -259.0597836736506,
                        -3.929904517880496e-14,
                        -2186.1262569303144,
                        307.01004071177823,
                        1787.9861539809451,
                        20301.3463382119,
                        -2017.6306305374821
                    ],
                    [
                        -484.8648187920565,
                        -3078.3326782351605,
                        -4.4496964291073315e-13,
                        -25985.543122904986,
                        3487.83741380058,
                        20301.3463382119,
                        241307.19892876945,
                        -22921.620361677997
                    ],
                    [
                        47.274249385184554,
                        292.49636518781045,
                        4.4371332775574914e-14,
                        2468.2873386448687,
                        -346.6355128956686,
                        -2017.6306305374821,
                        -22921.620361677997,
                        2279.0441539596204
                    ]
                ],
                "mui": [
                    0.5000000000000012,
                    3.5936119451055695,
                    9.999999999999993,
                    106.19370613044141,
                    63.49475543125034,
                    293.05993701452445,
                    -921.0981606713344,
                    -360.84604055869994
                ],
                "Ai": [
                    [
                        0.0,
                        0.0,
                        0.0,
                        0.0,
                        0.0,
                        0.0,
                        0.0,
                        0.0
                    ],
                    [
                        6.1872238902110865,
                        0.0,
                        0.0,
                        0.0,
                        0.0,
                        0.0,
                        0.0,
                        0.0
                    ],
                    [
                        0.0,
                        0.0,
                        0.0,
                        0.0,
                        0.0,
                        0.0,
                        0.0,
                        0.0
                    ],
                    [
                        -0.0,
                        8.438694057138088,
                        7.536831436561866,
                        0.0,
                        0.0,
                        0.0,
                        0.0,
                        0.0
                    ],
                    [
                        -7.193422328495251,
                        0.0,
                        6.659146659549803,
                        0.0,
                        0.0,
                        0.0,
                        0.0,
                        0.0
                    ],
                    [
                        0.0,
                        0.0,
                        -7.701836258438439,
                        0.0,
                        5.8206114361535555,
                        0.0,
                        0.0,
                        0.0
                    ],
                    [
                        -0.0,
                        -7.1813467051096165,
                        0.0,
                        -8.435445187962237,
                        -0.0,
                        -0.0,
                        0.0,
                        0.0
                    ],
                    [
                        -0.0,
                        -0.0,
                        5.593335245257259,
                        -0.0,
                        -6.571871805429447,
                        0.0,
                        0.0,
                        0.0
                    ]
                ]
            },
            "est_params": {
                "mui": [
                    0.5255449688039573,
                    3.783985509335398,
                    9.999999999999995,
                    107.78281312725494,
                    63.31195497056491,
                    291.96952344022947,
                    -935.8868578222988,
                    -359.65051224230706
                ],
                "Si": [
                    [
                        0.9515460254011675,
                        5.911625483543222,
                        8.697850808040791e-16,
                        49.9293397946736,
                        -6.864683615928309,
                        -39.916029820915654,
                        -463.56450950455195,
                        45.137364092082564
                    ],
                    [
                        5.911625483543222,
                        37.71015069973517,
                        5.3617134786035934e-15,
                        318.4094207067011,
                        -42.66305654431859,
                        -248.09626207651016,
                        -2956.3131899993123,
                        280.55795416671936
                    ],
                    [
                        8.697850808040791e-16,
                        5.3617134786035934e-15,
                        1e-06,
                        4.527542690671271e-14,
                        -6.2751186389028676e-15,
                        -3.6465256662345587e-14,
                        -4.2035100956692953e-13,
                        4.1260801551775507e-14
                    ],
                    [
                        49.9293397946736,
                        318.4094207067011,
                        4.527542690671271e-14,
                        2689.4280010180287,
                        -360.31527710178455,
                        -2095.3270350477537,
                        -24969.594132049635,
                        2369.4328304307815
                    ],
                    [
                        -6.864683615928309,
                        -42.66305654431859,
                        -6.2751186389028676e-15,
                        -360.31527710178455,
                        50.614457093578515,
                        294.38335521014164,
                        3345.356486469293,
                        -332.823946391648
                    ],
                    [
                        -39.916029820915654,
                        -248.09626207651016,
                        -3.6465256662345587e-14,
                        -2095.3270350477537,
                        294.38335521014164,
                        1713.0948447028588,
                        19454.114678150618,
                        -1935.7702281479194
                    ],
                    [
                        -463.56450950455195,
                        -2956.3131899993123,
                        -4.2035100956692953e-13,
                        -24969.594132049635,
                        3345.356486469293,
                        19454.114678150618,
                        231828.08190628357,
                        -21999.097052035257
                    ],
                    [
                        45.137364092082564,
                        280.55795416671936,
                        4.1260801551775507e-14,
                        2369.4328304307815,
                        -332.823946391648,
                        -1935.7702281479194,
                        -21999.097052035257,
                        2189.600589459349
                    ]
                ]
            },
            "est_tgt": [
                2,
                4
            ]
        },
        "3": {
            "intv_type": "do",
            "inode": 3,
            "new_mui": 10.0,
            "true_params": {
                "Si": [
                    [
                        0.9999999999999747,
                        6.187223890210964,
                        62.48929172959608,
                        -1.768892704353699e-14,
                        408.9319359502778,
                        1898.9516101934598,
                        -44.43259989774194,
                        -2337.924702328999
                    ],
                    [
                        6.187223890210964,
                        39.281739467598236,
                        395.68078348156166,
                        -1.1176175910881772e-13,
                        2590.3890530860476,
                        12030.179541494006,
                        -282.0957902966105,
                        -14810.529510950855
                    ],
                    [
                        62.48929172959608,
                        395.68078348156166,
                        3987.7334617733554,
                        -1.1264401393806517e-12,
                        26105.39009472348,
                        121236.46196572299,
                        -2841.5208907305,
                        -149256.54701282177
                    ],
                    [
                        -1.768892704353699e-14,
                        -1.1176175910881772e-13,
                        -1.1264401393806517e-12,
                        3.182780861473455e-28,
                        -7.373873007173327e-12,
                        -3.424479204585473e-11,
                        8.025999405333616e-13,
                        4.2159590962935817e-11
                    ],
                    [
                        408.9319359502778,
                        2590.3890530860476,
                        26105.39009472348,
                        -7.373873007173327e-12,
                        170899.0011266229,
                        793677.2404126194,
                        -18602.481891331474,
                        -977110.1285721017
                    ],
                    [
                        1898.9516101934598,
                        12030.179541494006,
                        121236.46196572299,
                        -3.424479204585473e-11,
                        793677.2404126194,
                        3685944.4435480894,
                        -86392.89021218495,
                        -4537828.903155575
                    ],
                    [
                        -44.43259989774194,
                        -282.0957902966105,
                        -2841.5208907305,
                        8.025999405333616e-13,
                        -18602.481891331474,
                        -86392.89021218495,
                        2026.8276741718541,
                        106359.54730439548
                    ],
                    [
                        -2337.924702328999,
                        -14810.529510950855,
                        -149256.54701282177,
                        4.2159590962935817e-11,
                        -977110.1285721017,
                        -4537828.903155575,
                        106359.54730439548,
                        5586601.599770325
                    ]
                ],
                "mui": [
                    0.4999999999999941,
                    3.593611945105516,
                    36.26741826971481,
                    9.99999999999999,
                    238.41334605701928,
                    1108.8857315614794,
                    -109.66142518104839,
                    -1363.466118127736
                ],
                "Ai": [
                    [
                        0.0,
                        0.0,
                        0.0,
                        0.0,
                        0.0,
                        0.0,
                        0.0,
                        0.0
                    ],
                    [
                        6.1872238902110865,
                        0.0,
                        0.0,
                        0.0,
                        0.0,
                        0.0,
                        0.0,
                        0.0
                    ],
                    [
                        6.522480782224781,
                        9.045544809832826,
                        0.0,
                        0.0,
                        0.0,
                        0.0,
                        0.0,
                        0.0
                    ],
                    [
                        0.0,
                        0.0,
                        0.0,
                        0.0,
                        0.0,
                        0.0,
                        0.0,
                        0.0
                    ],
                    [
                        -7.193422328495251,
                        0.0,
                        6.659146659549803,
                        0.0,
                        0.0,
                        0.0,
                        0.0,
                        0.0
                    ],
                    [
                        0.0,
                        0.0,
                        -7.701836258438439,
                        0.0,
                        5.8206114361535555,
                        0.0,
                        0.0,
                        0.0
                    ],
                    [
                        -0.0,
                        -7.1813467051096165,
                        0.0,
                        -8.435445187962237,
                        -0.0,
                        -0.0,
                        0.0,
                        0.0
                    ],
                    [
                        -0.0,
                        -0.0,
                        5.593335245257259,
                        -0.0,
                        -6.571871805429447,
                        0.0,
                        0.0,
                        0.0
                    ]
                ]
            },
            "est_params": {
                "mui": [
                    0.5342909504567243,
                    3.772983320658651,
                    38.13259903436477,
                    9.999999999999995,
                    250.56883823513974,
                    1165.2783823828916,
                    -110.95493324741331,
                    -1432.8894330462958
                ],
                "Si": [
                    [
                        0.9657530423195358,
                        5.986313681796618,
                        60.46711062564562,
                        -1.7088696408257958e-14,
                        395.721886247681,
                        1837.6291755799673,
                        -43.024512757204626,
                        -2262.3930660961114
                    ],
                    [
                        5.986313681796618,
                        38.19898849312402,
                        384.66228846099295,
                        -1.0846572618401895e-13,
                        2518.5140317172136,
                        11696.672591584063,
                        -274.52022786893804,
                        -14399.572140534035
                    ],
                    [
                        60.46711062564562,
                        384.66228846099295,
                        3875.7833699556095,
                        -1.0929855347166495e-12,
                        25374.994115020847,
                        117847.18060431111,
                        -2764.391749419162,
                        -145080.32600421703
                    ],
                    [
                        -1.7088696408257958e-14,
                        -1.0846572618401895e-13,
                        -1.0929855347166495e-12,
                        1e-06,
                        -7.155570532105581e-12,
                        -3.323177617588482e-11,
                        7.79492605529439e-13,
                        4.091137708829393e-11
                    ],
                    [
                        395.721886247681,
                        2518.5140317172136,
                        25374.994115020847,
                        -7.155570532105581e-12,
                        166133.92825993776,
                        771566.0247637662,
                        -18099.443563770375,
                        -949864.7417380502
                    ],
                    [
                        1837.6291755799673,
                        11696.672591584063,
                        117847.18060431111,
                        -3.323177617588482e-11,
                        771566.0247637662,
                        3583342.8409248004,
                        -84058.8453170028,
                        -4411403.158770943
                    ],
                    [
                        -43.024512757204626,
                        -274.52022786893804,
                        -2764.391749419162,
                        7.79492605529439e-13,
                        -18099.443563770375,
                        -84058.8453170028,
                        1973.8284006559784,
                        103483.3617331606
                    ],
                    [
                        -2262.3930660961114,
                        -14399.572140534035,
                        -145080.32600421703,
                        4.091137708829393e-11,
                        -949864.7417380502,
                        -4411403.158770943,
