{
    "expt_args": {
        "save_dir": "expt_logs_29.04.24-8",
        "exp_name": "165",
        "num_nodes": 8,
        "obs_noise_mean": 0.5,
        "obs_noise_var": 1.0,
        "max_edge_strength": 10.0,
        "num_parents": 2,
        "new_noise_mean": 10.0,
        "mix_samples": 32768,
        "stage2_samples": 32768,
        "intv_targets": [
            0,
            1,
            2,
            3,
            4,
            5,
            6,
            7
        ]
    },
    "intv_args_dict": {
        "0": {
            "intv_type": "do",
            "inode": 0,
            "new_mui": 10.0,
            "true_params": {
                "Si": [
                    [
                        4.281562476182537e-33,
                        -6.51077749730544e-17,
                        5.418081571668226e-16,
                        -2.7230696612162436e-15,
                        5.176592168839056e-16,
                        -4.3204250738560596e-16,
                        -3.989613000650758e-15,
                        1.6843190788121657e-15
                    ],
                    [
                        -6.51077749730544e-17,
                        1.0000000000000009,
                        -8.321712074956586,
                        41.824031958444586,
                        -7.893678908774133,
                        6.718018814588917,
                        61.93748273309926,
                        -24.892532916951815
                    ],
                    [
                        5.418081571668226e-16,
                        -8.321712074956586,
                        70.2508918584782,
                        -353.0734444706866,
                        65.68892309097578,
                        -55.90541828915008,
                        -515.4258979524467,
                        207.14849175125204
                    ],
                    [
                        -2.7230696612162436e-15,
                        41.824031958444586,
                        -353.0734444706866,
                        1775.509246680124,
                        -330.145478950269,
                        280.9746335987986,
                        2590.4752572547504,
                        -1041.1060922452255
                    ],
                    [
                        5.176592168839056e-16,
                        -7.893678908774133,
                        65.68892309097578,
                        -330.145478950269,
                        63.31016671482553,
                        -53.02988342546829,
                        -488.9146011128272,
                        204.83183638573462
                    ],
                    [
                        -4.3204250738560596e-16,
                        6.718018814588917,
                        -55.90541828915008,
                        280.9746335987986,
                        -53.02988342546829,
                        46.131776793170644,
                        424.08651268378,
                        -161.13647959375606
                    ],
                    [
                        -3.989613000650758e-15,
                        61.93748273309926,
                        -515.4258979524467,
                        2590.4752572547504,
                        -488.9146011128272,
                        424.08651268378,
                        3901.0812946563433,
                        -1493.1095796554443
                    ],
                    [
                        1.6843190788121657e-15,
                        -24.892532916951815,
                        207.14849175125204,
                        -1041.1060922452255,
                        204.83183638573462,
                        -161.13647959375606,
                        -1493.1095796554443,
                        727.2761130999556
                    ]
                ],
                "mui": [
                    10.000000000000002,
                    -67.70832228314579,
                    506.3166436590361,
                    -2610.1237500638067,
                    593.5520905887778,
                    -522.3043276515833,
                    -4731.97239363958,
                    1767.7498336603087
                ],
                "Ai": [
                    [
                        0.0,
                        0.0,
                        0.0,
                        0.0,
                        0.0,
                        0.0,
                        0.0,
                        0.0
                    ],
                    [
                        -6.820832228314578,
                        0.0,
                        0.0,
                        0.0,
                        0.0,
                        0.0,
                        0.0,
                        0.0
                    ],
                    [
                        -5.763251945966993,
                        -8.321712074956581,
                        0.0,
                        0.0,
                        0.0,
                        0.0,
                        0.0,
                        0.0
                    ],
                    [
                        -6.593062745316969,
                        0.0,
                        -5.025892698728438,
                        0.0,
                        0.0,
                        0.0,
                        0.0,
                        0.0
                    ],
                    [
                        5.85843350338286,
                        -7.893678908774127,
                        -0.0,
                        0.0,
                        0.0,
                        0.0,
                        0.0,
                        0.0
                    ],
                    [
                        -6.793854464916018,
                        6.718018814588911,
                        -0.0,
                        0.0,
                        0.0,
                        0.0,
                        0.0,
                        0.0
                    ],
                    [
                        0.0,
                        8.264957351160003,
                        0.0,
                        0.0,
                        -0.0,
                        7.989338354543374,
                        0.0,
                        0.0
                    ],
                    [
                        -0.0,
                        -0.0,
                        0.0,
                        -0.0,
                        8.33817431322641,
                        6.092024885100007,
                        -0.0,
                        0.0
                    ]
                ]
            },
            "est_params": {
                "mui": [
                    10.000000000000002,
                    -67.72603021826826,
                    506.4442567194219,
                    -2610.766366702565,
                    593.6827969627054,
                    -522.4178352368062,
                    -4733.001965179589,
                    1768.1310961699737
                ],
                "Si": [
                    [
                        1e-06,
                        0.0,
                        0.0,
                        0.0,
                        0.0,
                        0.0,
                        0.0,
                        0.0
                    ],
                    [
                        0.0,
                        0.9885999128661804,
                        -8.232610435321533,
                        41.36913758398239,
                        -7.816369930816471,
                        6.641580274839198,
                        61.27087591749055,
                        -24.718783831448686
                    ],
                    [
                        0.0,
                        -8.232610435321533,
                        69.52603575026686,
                        -349.3794174885697,
                        65.08613421272717,
                        -55.28926840024783,
                        -510.0832357965931,
                        205.94462863963918
                    ],
                    [
                        0.0,
                        41.36913758398239,
                        -349.3794174885697,
                        1756.6631421882485,
                        -327.06318147731406,
                        277.79216712132927,
                        2562.897653175498,
                        -1035.13994068523
                    ],
                    [
                        0.0,
                        -7.816369930816471,
                        65.08613421272717,
                        -327.06318147731406,
                        62.825579746897525,
                        -52.51368646689342,
                        -484.46492129527144,
                        203.98787314680348
                    ],
                    [
                        0.0,
                        6.641580274839198,
                        -55.28926840024783,
                        277.79216712132927,
                        -52.51368646689342,
                        45.62633362546313,
                        419.6439681992522,
                        -159.94734255976937
                    ],
                    [
                        0.0,
                        61.27087591749055,
                        -510.0832357965931,
                        2562.897653175498,
                        -484.46492129527144,
                        419.6439681992522,
                        3862.1894001111177,
                        -1483.3999550302426
                    ],
                    [
                        0.0,
                        -24.718783831448686,
                        205.94462863963918,
                        -1035.13994068523,
                        203.98787314680348,
                        -159.94734255976937,
                        -1483.3999550302426,
                        727.6632513739816
                    ]
                ]
            },
            "est_tgt": [
                0
            ]
        },
        "1": {
            "intv_type": "do",
            "inode": 1,
            "new_mui": 10.0,
            "true_params": {
                "Si": [
                    [
                        0.9999999999999993,
                        1.90043871857893e-16,
                        -5.763251945966991,
                        22.372423130850997,
                        5.858433503382857,
                        -6.793854464916013,
                        -54.278402051739256,
                        7.460309287635799
                    ],
                    [
                        1.90043871857893e-16,
                        4.5659578066516336e-32,
                        -1.0794337249826131e-15,
                        4.171924560229182e-15,
                        1.1931201720531861e-15,
                        -1.2369985112414569e-15,
                        -9.882799650374425e-15,
                        2.412618257891536e-15
                    ],
                    [
                        -5.763251945966991,
                        -1.0794337249826131e-15,
                        34.215072992692335,
                        -133.96380384360245,
                        -33.76362828868949,
                        39.15469496554377,
                        312.82010624866524,
                        -42.99564201948267
                    ],
                    [
                        22.372423130850997,
                        4.171924560229182e-15,
                        -133.96380384360245,
                        526.7849141649689,
                        131.06735322163516,
                        -151.99498677852245,
                        -1214.3393775679624,
                        166.90519607000584
                    ],
                    [
                        5.858433503382857,
                        1.1931201720531861e-15,
                        -33.76362828868949,
                        131.06735322163516,
                        35.32124311355876,
                        -39.80134461437121,
                        -317.9864090899943,
                        52.04390018951029
                    ],
                    [
                        -6.793854464916013,
                        -1.2369985112414569e-15,
                        39.15469496554377,
                        -151.99498677852245,
                        -39.80134461437121,
                        47.15645849045928,
                        376.74890248225887,
                        -44.5922306783589
                    ],
                    [
                        -54.278402051739256,
                        -9.882799650374425e-15,
                        312.82010624866524,
                        -1214.3393775679624,
                        -317.9864090899943,
                        376.74890248225887,
                        3010.9744566336326,
                        -356.26241887325847
                    ],
                    [
                        7.460309287635799,
                        2.412618257891536e-15,
                        -42.99564201948267,
                        166.90519607000584,
                        52.04390018951029,
                        -44.5922306783589,
                        -356.26241887325847,
                        163.29413274561142
                    ]
                ],
                "mui": [
                    0.49999999999999334,
                    9.99999999999999,
                    -85.59874672254918,
                    427.4135848005062,
                    -75.50757233604982,
                    64.28326091343106,
                    596.7302954823938,
                    -237.480074926537
                ],
                "Ai": [
                    [
                        0.0,
                        0.0,
                        0.0,
                        0.0,
                        0.0,
                        0.0,
                        0.0,
                        0.0
                    ],
                    [
                        0.0,
                        0.0,
                        0.0,
                        0.0,
                        0.0,
                        0.0,
                        0.0,
                        0.0
                    ],
                    [
                        -5.763251945966993,
                        -8.321712074956581,
                        0.0,
                        0.0,
                        0.0,
                        0.0,
                        0.0,
                        0.0
                    ],
                    [
                        -6.593062745316969,
                        0.0,
                        -5.025892698728438,
                        0.0,
                        0.0,
                        0.0,
                        0.0,
                        0.0
                    ],
                    [
                        5.85843350338286,
                        -7.893678908774127,
                        -0.0,
                        0.0,
                        0.0,
                        0.0,
                        0.0,
                        0.0
                    ],
                    [
                        -6.793854464916018,
                        6.718018814588911,
                        -0.0,
                        0.0,
                        0.0,
                        0.0,
                        0.0,
                        0.0
                    ],
                    [
                        0.0,
                        8.264957351160003,
                        0.0,
                        0.0,
                        -0.0,
                        7.989338354543374,
                        0.0,
                        0.0
                    ],
                    [
                        -0.0,
                        -0.0,
                        0.0,
                        -0.0,
                        8.33817431322641,
                        6.092024885100007,
                        -0.0,
                        0.0
                    ]
                ]
            },
            "est_params": {
                "mui": [
                    0.48233285713377294,
                    9.999999999999993,
                    -85.50627840859245,
                    427.0882924301713,
                    -75.59891242182672,
                    64.39126932987033,
                    597.5751007280746,
                    -237.60452035509618
                ],
                "Si": [
                    [
                        1.022234472726596,
                        8.606804631366675e-18,
                        -5.871084828254153,
                        22.771843790559927,
                        5.952533505062774,
                        -6.9572588165050755,
                        -55.61474303782067,
                        7.2644509800201655
                    ],
                    [
                        8.606804631366675e-18,
                        1e-06,
                        -5.008337998354073e-17,
                        1.955532862320234e-16,
                        5.1100596464767293e-17,
                        -5.793380929910713e-17,
                        -4.633569624340693e-16,
                        7.309302245182003e-17
                    ],
                    [
                        -5.871084828254153,
                        -5.0083379983540836e-17,
                        34.758438648961736,
                        -136.00129751261605,
                        -34.21670680952854,
                        39.96417042557346,
                        319.4519928394596,
                        -41.923506647895174
                    ],
                    [
                        22.771843790559927,
                        1.955532862320234e-16,
                        -136.00129751261605,
                        534.4017268918948,
                        132.76702760237518,
                        -155.0117110098042,
                        -1239.0899554321782,
                        163.0110508961878
                    ],
                    [
                        5.952533505062774,
                        5.110059646476735e-17,
                        -34.21670680952854,
                        132.76702760237518,
                        35.626490505951374,
                        -40.549798196838566,
                        -324.13882555013856,
                        50.11944334640813
                    ],
                    [
                        -6.9572588165050755,
                        -5.79338092991072e-17,
                        39.96417042557346,
                        -155.0117110098042,
                        -40.549798196838566,
                        48.37966873748053,
                        386.7351173106706,
                        -43.46849015752671
                    ],
                    [
                        -55.61474303782067,
                        -4.633569624340702e-16,
                        319.45199283945965,
                        -1239.0899554321782,
                        -324.13882555013856,
                        386.7351173106706,
                        3092.4577309902475,
                        -347.4083346679386
                    ],
                    [
                        7.2644509800201655,
                        7.30930224518199e-17,
                        -41.92350664789519,
                        163.0110508961878,
                        50.11944334640813,
                        -43.46849015752671,
                        -347.4083346679386,
                        154.3050598703231
                    ]
                ]
            },
            "est_tgt": [
                1
            ]
        },
        "2": {
            "intv_type": "do",
            "inode": 2,
            "new_mui": 10.0,
            "true_params": {
                "Si": [
                    [
                        1.0000000000000004,
                        -6.820832228314581,
                        1.7672052965333635e-16,
                        -6.593062745316972,
                        59.69989300431649,
                        -52.61633370588779,
                        -476.7435804183403,
                        177.24810005196215
                    ],
                    [
                        -6.820832228314581,
                        47.523752286814826,
                        -1.194622036675555e-15,
                        44.97017485655819,
                        -415.09663313954803,
                        365.60520349146293,
                        3313.725460692597,
                        -1233.872086158902
                    ],
                    [
                        1.7672052965333635e-16,
                        -1.194622036675555e-15,
                        3.1350117796450207e-32,
                        -1.1651295403900946e-15,
                        1.0463215176919578e-14,
                        -9.226106878136547e-15,
                        -8.358398972849212e-14,
                        3.103843932775136e-14
                    ],
                    [
                        -6.593062745316972,
                        44.97017485655819,
                        -1.1651295403900946e-15,
                        44.46847636368655,
                        -393.6051404661682,
                        346.9027895514543,
                        3143.2003391251837,
                        -1168.6078451308065
                    ],
                    [
                        59.69989300431649,
                        -415.09663313954803,
                        1.0463215176919578e-14,
                        -393.6051404661682,
                        3627.3873914416613,
                        -3194.219375946379,
                        -28950.455342582485,
                        10786.524444706256
                    ],
                    [
                        -52.61633370588779,
                        365.60520349146293,
                        -9.226106878136547e-15,
                        346.9027895514543,
                        -3194.219375946379,
                        2814.6103494425124,
                        25508.58583211491,
                        -9487.28166066238
                    ],
                    [
                        -476.7435804183403,
                        3313.725460692597,
                        -8.358398972849212e-14,
                        3143.2003391251837,
                        -28950.455342582485,
                        25508.58583211491,
                        231185.52276475474,
                        -85995.00342077605
                    ],
                    [
                        177.24810005196215,
                        -1233.872086158902,
                        3.103843932775136e-14,
                        -1168.6078451308065,
                        10786.524444706256,
                        -9487.28166066238,
                        -85995.00342077605,
                        32144.16508513033
                    ]
                ],
                "mui": [
                    0.5000000000000001,
                    -2.9104161141572895,
                    10.0,
                    -53.05545835994286,
                    26.403107047771176,
                    -22.44915744564943,
                    -202.90837966534878,
                    83.89288316666837
                ],
                "Ai": [
                    [
                        0.0,
                        0.0,
                        0.0,
                        0.0,
                        0.0,
                        0.0,
                        0.0,
                        0.0
                    ],
                    [
                        -6.820832228314578,
                        0.0,
                        0.0,
                        0.0,
                        0.0,
                        0.0,
                        0.0,
                        0.0
                    ],
                    [
                        0.0,
                        0.0,
                        0.0,
                        0.0,
                        0.0,
                        0.0,
                        0.0,
                        0.0
                    ],
                    [
                        -6.593062745316969,
                        0.0,
                        -5.025892698728438,
                        0.0,
                        0.0,
                        0.0,
                        0.0,
                        0.0
                    ],
                    [
                        5.85843350338286,
                        -7.893678908774127,
                        -0.0,
                        0.0,
                        0.0,
                        0.0,
                        0.0,
                        0.0
                    ],
                    [
                        -6.793854464916018,
                        6.718018814588911,
                        -0.0,
                        0.0,
                        0.0,
                        0.0,
                        0.0,
                        0.0
                    ],
                    [
                        0.0,
                        8.264957351160003,
                        0.0,
                        0.0,
                        -0.0,
                        7.989338354543374,
                        0.0,
                        0.0
                    ],
                    [
                        -0.0,
                        -0.0,
                        0.0,
                        -0.0,
                        8.33817431322641,
                        6.092024885100007,
                        -0.0,
                        0.0
                    ]
                ]
            },
            "est_params": {
                "mui": [
                    0.5212714825365223,
                    -3.058640926529131,
                    9.999999999999996,
                    -53.20693875821403,
                    27.698991109179794,
                    -23.589497745313196,
                    -213.26864518376016,
                    87.72450487463499
                ],
                "Si": [
                    [
                        0.9844287798111782,
                        -6.731618449754482,
                        -3.0403650432735984e-19,
                        -6.506238423223093,
                        58.91059365258837,
                        -51.91397614736477,
                        -470.3812606069442,
                        174.97049331018337
                    ],
                    [
                        -6.731618449754482,
                        47.02892602575545,
                        2.437694126566827e-18,
                        44.50838821720794,
                        -410.69935829968153,
                        361.7444028335452,
                        3278.682113400122,
                        -1220.8806037373633
                    ],
                    [
                        -3.040365043273633e-19,
                        2.4376941265667164e-18,
                        1.000000000000012e-06,
                        4.136578847643567e-18,
                        -2.0061926474010792e-17,
                        1.7849362412597673e-17,
                        1.5970259138497789e-16,
                        -6.127175895739407e-17
                    ],
                    [
                        -6.506238423223093,
                        44.50838821720794,
                        4.136578847643623e-18,
                        43.97640634520982,
                        -389.4902358096011,
                        343.21501768881603,
                        3109.8405445632934,
                        -1156.925436835267
                    ],
                    [
                        58.91059365258837,
                        -410.69935829968153,
                        -2.0061926474010573e-17,
                        -389.4902358096011,
                        3588.322783014095,
                        -3159.8751808539746,
                        -28638.796627779233,
                        10671.380654383616
                    ],
                    [
                        -51.91397614736477,
                        361.7444028335452,
                        1.784936241259767e-17,
                        343.21501768881603,
                        -3159.8751808539746,
                        2784.360189147141,
                        25234.150313832863,
                        -9386.411928433588
                    ],
                    [
                        -470.3812606069442,
                        3278.682113400122,
                        1.5970259138497789e-16,
                        3109.8405445632934,
                        -28638.796627779233,
                        25234.150313832863,
                        228695.63816221716,
                        -85079.1696940705
                    ],
                    [
                        174.97049331018337,
                        -1220.8806037373633,
                        -6.127175895739406e-17,
                        -1156.925436835267,
                        10671.380654383616,
                        -9386.411928433588,
                        -85079.1696940705,
                        31802.494013371885
                    ]
                ]
            },
            "est_tgt": [
                2
            ]
        },
        "3": {
            "intv_type": "do",
            "inode": 3,
            "new_mui": 10.0,
            "true_params": {
                "Si": [
                    [
                        1.0000000000000004,
                        -6.820832228314581,
                        50.99774996965145,
                        0.0,
                        59.69989300431649,
                        -52.61633370588779,
                        -476.7435804183403,
                        177.24810005196215
                    ],
                    [
                        -6.820832228314581,
                        47.523752286814826,
                        -356.1688086394839,
                        0.0,
                        -415.09663313954803,
                        365.60520349146293,
                        3313.725460692597,
                        -1233.872086158902
                    ],
                    [
                        50.99774996965145,
                        -356.1688086394839,
                        2671.021393825561,
                        0.0,
                        3110.2491397400504,
                        -2739.2200489417583,
                        -24828.27581176337,
                        9246.402780796978
                    ],
                    [
                        0.0,
                        0.0,
                        0.0,
                        0.0,
                        0.0,
                        0.0,
                        0.0,
                        0.0
                    ],
                    [
                        59.69989300431649,
                        -415.09663313954803,
                        3110.2491397400504,
                        0.0,
                        3627.3873914416613,
                        -3194.219375946379,
                        -28950.455342582485,
                        10786.524444706256
                    ],
                    [
                        -52.61633370588779,
                        365.60520349146293,
                        -2739.2200489417583,
                        0.0,
                        -3194.219375946379,
                        2814.6103494425124,
                        25508.58583211491,
                        -9487.28166066238
                    ],
                    [
                        -476.7435804183403,
                        3313.725460692597,
                        -24828.27581176337,
                        0.0,
                        -28950.455342582485,
                        25508.58583211491,
                        231185.52276475474,
                        -85995.00342077605
                    ],
                    [
                        177.24810005196215,
                        -1233.872086158902,
                        9246.402780796978,
                        0.0,
                        10786.524444706256,
                        -9487.28166066238,
                        -85995.00342077605,
                        32144.16508513033
                    ]
                ],
                "mui": [
                    0.5000000000000001,
                    -2.9104161141572895,
                    21.83801894734743,
                    10.0,
                    26.403107047771176,
                    -22.44915744564943,
                    -202.90837966534878,
                    83.89288316666837
                ],
                "Ai": [
                    [
                        0.0,
                        0.0,
                        0.0,
                        0.0,
                        0.0,
                        0.0,
                        0.0,
                        0.0
                    ],
                    [
                        -6.820832228314578,
                        0.0,
                        0.0,
                        0.0,
                        0.0,
                        0.0,
                        0.0,
                        0.0
                    ],
                    [
                        -5.763251945966993,
                        -8.321712074956581,
                        0.0,
                        0.0,
                        0.0,
                        0.0,
                        0.0,
                        0.0
                    ],
                    [
                        0.0,
                        0.0,
                        0.0,
                        0.0,
                        0.0,
                        0.0,
                        0.0,
                        0.0
                    ],
                    [
                        5.85843350338286,
                        -7.893678908774127,
                        -0.0,
                        0.0,
                        0.0,
                        0.0,
                        0.0,
                        0.0
                    ],
                    [
                        -6.793854464916018,
                        6.718018814588911,
                        -0.0,
                        0.0,
                        0.0,
                        0.0,
                        0.0,
                        0.0
                    ],
                    [
                        0.0,
                        8.264957351160003,
                        0.0,
                        0.0,
                        -0.0,
                        7.989338354543374,
                        0.0,
                        0.0
                    ],
                    [
                        -0.0,
                        -0.0,
                        0.0,
                        -0.0,
                        8.33817431322641,
                        6.092024885100007,
                        -0.0,
                        0.0
                    ]
                ]
            },
            "est_params": {
                "mui": [
                    0.48807610552084,
                    -2.8218379293508704,
                    21.17285732472317,
                    10.000000000000002,
                    25.61372170226875,
                    -21.785812703059303,
                    -196.8825531015695,
                    81.35906675237808
                ],
                "Si": [
                    [
                        0.9987368275575205,
                        -6.814005635311839,
                        50.97724786470404,
                        3.029759269929095e-31,
                        59.624198322568304,
                        -52.577837296577236,
                        -476.39301434489107,
                        176.86091704186424
                    ],
                    [
                        -6.814005635311839,
                        47.49414173695425,
                        -356.181507211505,
                        -1.548254665548888e-30,
                        -414.7627522695114,
                        365.46530349171354,
                        3312.4483245826277,
                        -1232.0181694335088
                    ],
                    [
                        50.97724786470404,
                        -356.181507211505,
                        2672.8717699883887,
                        6.019641879939238e-30,
                        3109.8058555110333,
                        -2739.9379790339194,
                        -24834.767668228564,
                        9238.923142965896
                    ],
                    [
                        3.029759269929095e-31,
                        -1.548254665548888e-30,
                        6.019641879939238e-30,
                        1e-06,
                        -1.9973005315927426e-30,
                        -1.4341727428242332e-29,
                        -9.931022087641692e-29,
                        4.59933927969551e-29
                    ],
                    [
                        59.624198322568304,
                        -414.7627522695114,
                        3109.8058555110333,
                        -1.9973005315927426e-30,
                        3623.777668124215,
                        -3192.3781353322292,
                        -28933.749694944552,
                        10768.30197189722
                    ],
                    [
                        -52.577837296577236,
                        365.46530349171354,
                        -2739.9379790339194,
                        -1.4341727428242332e-29,
                        -3192.3781353322292,
                        2814.208712461366,
                        25504.901893375958,
                        -9474.977865944034
                    ],
                    [
                        -476.39301434489107,
                        3312.4483245826277,
                        -24834.767668228564,
                        -9.931022087641692e-29,
                        -28933.749694944552,
                        25504.901893375958,
                        231151.6868756039,
                        -85883.62976838472
                    ],
                    [
                        176.86091704186424,
                        -1232.0181694335088,
                        9238.923142965896,
                        4.59933927969551e-29,
                        10768.30197189722,
                        -9474.977865944034,
                        -85883.62976838472,
                        32069.003212850588
                    ]
                ]
            },
            "est_tgt": [
                3
            ]
        },
        "4": {
            "intv_type": "do",
            "inode": 4,
            "new_mui": 10.0,
            "true_params": {
                "Si": [
                    [
                        0.9999999999999996,
                        -6.820832228314575,
                        50.99774996965146,
                        -262.90228196936664,
                        0.0,
