{
    "expt_args": {
        "save_dir": "all_expt_logs/expt_logs_11.05.24-mean_shift",
        "exp_name": "470",
        "num_nodes": 6,
        "obs_noise_mean": 0.0,
        "obs_noise_var": 1.0,
        "max_edge_strength": 1.0,
        "graph_sparsity_method": "adj_dense_prop",
        "adj_dense_prop": 0.8,
        "num_parents": null,
        "new_noise_mean": 0.5,
        "mix_samples": 65536,
        "stage2_samples": 65536,
        "gmm_tol": 0.001,
        "intv_type": "do",
        "new_noise_sigma": 0.0,
        "intv_targets": [
            0,
            1,
            2,
            3,
            4,
            5
        ]
    },
    "intv_args_dict": {
        "0": {
            "intv_type": "do",
            "inode": 0,
            "new_mui": 0.5,
            "new_sigmai": 0.0,
            "true_params": {
                "Si": [
                    [
                        1e-09,
                        -8.620273071739916e-10,
                        -1.7233749810235711e-09,
                        -1.2229186515830272e-09,
                        -5.8381805705171e-10,
                        -4.3936245698284286e-10
                    ],
                    [
                        -8.620273071739916e-10,
                        1.0000000007430911,
                        0.9905385737010892,
                        1.43602327305743,
                        0.8624158900335999,
                        0.6197288328632803
                    ],
                    [
                        -1.7233749810235711e-09,
                        0.9905385737010892,
                        1.9811666660167284,
                        2.263792389506688,
                        2.2144205516412407,
                        1.9099167757211946
                    ],
                    [
                        -1.2229186515830272e-09,
                        1.43602327305743,
                        2.263792389506688,
                        3.7700426668994496,
                        3.007566467009329,
                        1.8429752355253002
                    ],
                    [
                        -5.8381805705171e-10,
                        0.8624158900335999,
                        2.2144205516412407,
                        3.007566467009329,
                        3.9841018102084385,
                        2.886268662873433
                    ],
                    [
                        -4.3936245698284286e-10,
                        0.6197288328632803,
                        1.9099167757211946,
                        1.8429752355253002,
                        2.886268662873433,
                        3.538058968374819
                    ]
                ],
                "mui": [
                    0.5,
                    -0.4310136535869958,
                    -0.8616874905117855,
                    -0.6114593257915135,
                    -0.291909028525855,
                    -0.2196812284914214
                ],
                "Ai": [
                    [
                        0.0,
                        0.0,
                        0.0,
                        0.0,
                        0.0,
                        0.0
                    ],
                    [
                        -0.8620273071739916,
                        0.0,
                        0.0,
                        0.0,
                        0.0,
                        0.0
                    ],
                    [
                        -0.8695036829646794,
                        0.9905385722154929,
                        0.0,
                        0.0,
                        0.0,
                        0.0
                    ],
                    [
                        0.746534716248724,
                        0.6026277546454286,
                        0.8413559458808295,
                        0.0,
                        0.0,
                        0.0
                    ],
                    [
                        0.8758896685323909,
                        -0.8613619012680872,
                        0.8345399928222637,
                        0.6247348182596184,
                        0.0,
                        0.0
                    ],
                    [
                        0.7333076192055851,
                        0.0,
                        0.848509304388739,
                        -0.5589856593243234,
                        0.6748067378796716,
                        0.0
                    ]
                ]
            },
            "est_params": {
                "mui": [
                    0.5000005900721142,
                    -0.42332425182119754,
                    -0.855515490177802,
                    -0.6129222299495297,
                    -0.28492359647222,
                    -0.22222883039743135
                ],
                "Si": [
                    [
                        1.0297296901802297e-06,
                        1.552916735216516e-06,
                        -1.1907748206766445e-06,
                        -1.1866579740146876e-06,
                        -3.3486194740689927e-06,
                        7.305851767644925e-07
                    ],
                    [
                        1.5529167352165163e-06,
                        0.9901227510999242,
                        0.9632470798096449,
                        1.4011350969782392,
                        0.8223429760480173,
                        0.6021208216452959
                    ],
                    [
                        -1.190774820676644e-06,
                        0.9632470798096449,
                        1.9396813646990205,
                        2.204086274741837,
                        2.151122397996901,
                        1.887545776551604
                    ],
                    [
                        -1.186657974014688e-06,
                        1.4011350969782392,
                        2.204086274741837,
                        3.6938036108677568,
                        2.9280737782121453,
                        1.7877039874533938
                    ],
                    [
                        -3.3486194740689927e-06,
                        0.8223429760480173,
                        2.151122397996901,
                        2.9280737782121453,
                        3.903204578801898,
                        2.8361677548899933
                    ],
                    [
                        7.305851767644925e-07,
                        0.6021208216452958,
                        1.887545776551604,
                        1.7877039874533938,
                        2.8361677548899933,
                        3.5576192347098186
                    ]
                ]
            },
            "est_tgt": [
                0
            ],
            "oracle_est_tgt": [
                0
            ]
        },
        "1": {
            "intv_type": "do",
            "inode": 1,
            "new_mui": 0.5,
            "new_sigmai": 0.0,
            "true_params": {
                "Si": [
                    [
                        1.0,
                        0.0,
                        -0.8695036829646794,
                        0.01497262262111132,
                        0.1596079898641854,
                        0.09486071966188481
                    ],
                    [
                        0.0,
                        1e-09,
                        9.90538572215493e-10,
                        1.436023272003241e-09,
                        8.624158895303328e-10,
                        6.197288324845378e-10
                    ],
                    [
                        -0.8695036829646794,
                        9.90538572215493e-10,
                        1.7560366556703084,
                        0.8283371967905694,
                        1.2213846126005308,
                        1.2135697175731763
                    ],
                    [
                        0.01497262262111132,
                        1.436023272003241e-09,
                        0.8283371967905694,
                        1.7081040091593422,
                        1.771506930222433,
                        0.9544505238558109
                    ],
                    [
                        0.1596079898641854,
                        8.624158895303328e-10,
                        1.2213846126005308,
                        1.771506930222433,
                        3.2658153545254467,
                        2.3669451995989457
                    ],
                    [
                        0.09486071966188481,
                        6.197288324845378e-10,
                        1.2135697175731763,
                        0.9544505238558109,
                        2.3669451995989457,
                        3.162993698887966
                    ]
                ],
                "mui": [
                    0.0,
                    0.5,
                    0.49526928610774645,
                    0.7180116360016204,
                    0.4312079447651664,
                    0.3098644162422689
                ],
                "Ai": [
                    [
                        0.0,
                        0.0,
                        0.0,
                        0.0,
                        0.0,
                        0.0
                    ],
                    [
                        0.0,
                        0.0,
                        0.0,
                        0.0,
                        0.0,
                        0.0
                    ],
                    [
                        -0.8695036829646794,
                        0.9905385722154929,
                        0.0,
                        0.0,
                        0.0,
                        0.0
                    ],
                    [
                        0.746534716248724,
                        0.6026277546454286,
                        0.8413559458808295,
                        0.0,
                        0.0,
                        0.0
                    ],
                    [
                        0.8758896685323909,
                        -0.8613619012680872,
                        0.8345399928222637,
                        0.6247348182596184,
                        0.0,
                        0.0
                    ],
                    [
                        0.7333076192055851,
                        0.0,
                        0.848509304388739,
                        -0.5589856593243234,
                        0.6748067378796716,
                        0.0
                    ]
                ]
            },
            "est_params": {
                "mui": [
                    0.00016530276056572188,
                    0.4999993115425369,
                    0.4742611546161813,
                    0.7142821236264221,
                    0.40933548782694157,
                    0.2853430176740758
                ],
                "Si": [
                    [
                        1.015004105736214,
                        -3.429157995308797e-07,
                        -0.8838650789043176,
                        0.02514496407854934,
                        0.17774960678443089,
                        0.08755072709977788
                    ],
                    [
                        -3.4291579953087987e-07,
                        1.0108576436214743e-06,
                        -1.1737063211958821e-06,
                        -1.0104928411684927e-06,
                        -4.0854211091507945e-07,
                        -7.522208529256073e-07
                    ],
                    [
                        -0.8838650789043176,
                        -1.173706321195882e-06,
                        1.771315470216903,
                        0.8397983523160949,
                        1.2236972770501093,
                        1.2285667775171678
                    ],
                    [
                        0.025144964078549346,
                        -1.0104928411684931e-06,
                        0.8397983523160949,
                        1.728577499021758,
                        1.8127123053058094,
                        0.9964251984804801
                    ],
                    [
                        0.17774960678443089,
                        -4.085421109150795e-07,
                        1.2236972770501093,
                        1.8127123053058094,
                        3.3281430078876073,
                        2.4171591392384153
                    ],
                    [
                        0.08755072709977786,
                        -7.522208529256071e-07,
                        1.2285667775171678,
                        0.99642519848048,
                        2.4171591392384153,
                        3.2133242489692053
                    ]
                ]
            },
            "est_tgt": [
                1,
                2
            ],
            "oracle_est_tgt": [
                1,
                2
            ]
        },
        "2": {
            "intv_type": "do",
            "inode": 2,
            "new_mui": 0.5,
            "new_sigmai": 0.0,
            "true_params": {
                "Si": [
                    [
                        1.0,
                        -0.8620273071739916,
                        0.0,
                        0.22705313568341634,
                        1.7602551482412454,
                        1.7942202068745081
                    ],
                    [
                        -0.8620273071739916,
                        1.7430910783136433,
                        0.0,
                        0.40690175150684227,
                        -2.0022673658690295,
                        -2.2107269456852383
                    ],
                    [
                        0.0,
                        0.0,
                        1e-09,
                        8.413559458808296e-10,
                        1.360164346763773e-09,
                        1.2960514620739999e-09
                    ],
                    [
                        0.22705313568341634,
                        0.40690175150684227,
                        8.413559458808296e-10,
                        1.4147133378005425,
                        0.7322045101281643,
                        -0.13020813586991392
                    ],
                    [
                        1.7602551482412454,
                        -2.0022673658690295,
                        1.360164346763773e-09,
                        0.7322045101281643,
                        4.723899776136355,
                        4.0692360902561235
                    ],
                    [
                        1.7942202068745081,
                        -2.2107269456852383,
                        1.2960514620739999e-09,
                        -0.13020813586991392,
                        4.0692360902561235,
                        5.134447761740008
                    ]
                ],
                "mui": [
                    0.0,
                    0.0,
                    0.5,
                    0.42067797294041476,
                    0.6800821733818865,
                    0.6480257310369999
                ],
                "Ai": [
                    [
                        0.0,
                        0.0,
                        0.0,
                        0.0,
                        0.0,
                        0.0
                    ],
                    [
                        -0.8620273071739916,
                        0.0,
                        0.0,
                        0.0,
                        0.0,
                        0.0
                    ],
                    [
                        0.0,
                        0.0,
                        0.0,
                        0.0,
                        0.0,
                        0.0
                    ],
                    [
                        0.746534716248724,
                        0.6026277546454286,
                        0.8413559458808295,
                        0.0,
                        0.0,
                        0.0
                    ],
                    [
                        0.8758896685323909,
                        -0.8613619012680872,
                        0.8345399928222637,
                        0.6247348182596184,
                        0.0,
                        0.0
                    ],
                    [
                        0.7333076192055851,
                        0.0,
                        0.848509304388739,
                        -0.5589856593243234,
                        0.6748067378796716,
                        0.0
                    ]
                ]
            },
            "est_params": {
                "mui": [
                    0.002158005294427375,
                    -0.014274579743166382,
                    0.4999989002285001,
                    0.4068339622532204,
                    0.6878041760581067,
                    0.6769369299096885
                ],
                "Si": [
                    [
                        1.0082744045902938,
                        -0.8693924579093926,
                        7.778428214757509e-08,
                        0.23308466476926845,
                        1.7743865350766352,
                        1.7975298731033509
                    ],
                    [
                        -0.8693924579093926,
                        1.7646579640565099,
                        -9.530293680053371e-07,
                        0.41996496152914176,
                        -2.017860582269278,
                        -2.2429482944559846
                    ],
                    [
                        7.778428214757508e-08,
                        -9.530293680053371e-07,
                        1.015360934848135e-06,
                        -2.996778235805383e-07,
                        3.3945776970772345e-07,
                        1.3540208678326322e-06
                    ],
                    [
                        0.23308466476926845,
                        0.41996496152914176,
                        -2.996778235805383e-07,
                        1.446915409815194,
                        0.744758401699678,
                        -0.1484703171222971
                    ],
                    [
                        1.7743865350766352,
                        -2.017860582269278,
                        3.3945776970772367e-07,
                        0.744758401699678,
                        4.770556986652468,
                        4.071336351232862
                    ],
                    [
                        1.7975298731033513,
                        -2.242948294455984,
                        1.3540208678326322e-06,
                        -0.1484703171222971,
                        4.071336351232862,
                        5.129235754791869
                    ]
                ]
            },
            "est_tgt": [
                1,
                2
            ],
            "oracle_est_tgt": [
                1,
                2
            ]
        },
        "3": {
            "intv_type": "do",
            "inode": 3,
            "new_mui": 0.5,
            "new_sigmai": 0.0,
            "true_params": {
                "Si": [
                    [
                        1.0,
                        -0.8620273071739916,
                        -1.723374981023571,
                        0.0,
                        0.18018180449131005,
                        -0.6074041914296276
                    ],
                    [
                        -0.8620273071739916,
                        1.7430910783136433,
                        2.4761348663582705,
                        0.0,
                        -0.19003948404858909,
                        1.3406523564132335
                    ],
                    [
                        -1.723374981023571,
                        2.4761348663582705,
                        4.951187988264701,
                        0.0,
                        0.4896298110197894,
                        3.2677705670304
                    ],
                    [
                        0.0,
                        0.0,
                        0.0,
                        1e-09,
                        6.247348182596184e-10,
                        -1.3741039457470084e-10
                    ],
                    [
                        0.18018180449131005,
                        -0.19003948404858909,
                        0.4896298110197894,
                        6.247348182596184e-10,
                        1.7301278116718755,
                        1.7150860447920553
                    ],
                    [
                        -0.6074041914296276,
                        1.3406523564132335,
                        3.2677705670304,
                        -1.3741039457470084e-10,
                        1.7150860447920553,
                        4.484671228366093
                    ]
                ],
                "mui": [
                    0.0,
                    0.0,
                    0.0,
                    0.5,
                    0.3123674091298092,
                    -0.06870519728735042
                ],
                "Ai": [
                    [
                        0.0,
                        0.0,
                        0.0,
                        0.0,
                        0.0,
                        0.0
                    ],
                    [
                        -0.8620273071739916,
                        0.0,
                        0.0,
                        0.0,
                        0.0,
                        0.0
                    ],
                    [
                        -0.8695036829646794,
                        0.9905385722154929,
                        0.0,
                        0.0,
                        0.0,
                        0.0
                    ],
                    [
                        0.0,
                        0.0,
                        0.0,
                        0.0,
                        0.0,
                        0.0
                    ],
                    [
                        0.8758896685323909,
                        -0.8613619012680872,
                        0.8345399928222637,
                        0.6247348182596184,
                        0.0,
                        0.0
                    ],
                    [
                        0.7333076192055851,
                        0.0,
                        0.848509304388739,
                        -0.5589856593243234,
                        0.6748067378796716,
                        0.0
                    ]
                ]
            },
            "est_params": {
                "mui": [
                    -0.012737956023047812,
                    0.02182596951787361,
                    0.03392106263976737,
                    0.49999978079174584,
                    0.3192850587288077,
                    -0.05647349646722813
                ],
                "Si": [
                    [
                        0.980117248745765,
                        -0.8505726505858495,
                        -1.689355753367047,
                        3.3464052575851206e-07,
                        0.19729084588793977,
                        -0.584925852037643
                    ],
                    [
                        -0.8505726505858495,
                        1.7493162758418288,
                        2.477470165488309,
                        1.6360916303718125e-08,
                        -0.19469712815087548,
                        1.3705754713658538
                    ],
                    [
                        -1.689355753367047,
                        2.477470165488309,
                        4.9192136651396225,
                        2.570669145799913e-07,
                        0.45319354799997785,
                        3.2641686505866843
                    ],
                    [
                        3.3464052575851185e-07,
                        1.6360916303718172e-08,
                        2.570669145799913e-07,
                        1.013518044053276e-06,
                        2.713757314981353e-07,
                        1.124542246193565e-06
                    ],
                    [
                        0.1972908458879398,
                        -0.1946971281508755,
                        0.45319354799997785,
                        2.713757314981353e-07,
                        1.7254197287416937,
                        1.7053763012015197
                    ],
                    [
                        -0.5849258520376429,
                        1.3705754713658538,
                        3.2641686505866843,
                        1.124542246193565e-06,
                        1.7053763012015197,
                        4.528629609354635
                    ]
                ]
            },
            "est_tgt": [
                3
            ],
            "oracle_est_tgt": [
                3
            ]
        },
        "4": {
            "intv_type": "do",
            "inode": 4,
            "new_mui": 0.5,
            "new_sigmai": 0.0,
            "true_params": {
                "Si": [
                    [
                        1.0,
                        -0.8620273071739916,
                        -1.723374981023571,
                        -1.222918651583027,
                        0.0,
                        -0.04539809838853043
                    ],
                    [
                        -0.8620273071739916,
                        1.7430910783136433,
                        2.4761348663582705,
                        2.4902125441202063,
                        0.0,
                        0.07689917987966352
                    ],
                    [
                        -1.723374981023571,
                        2.4761348663582705,
                        4.951187988264701,
                        4.371339795364411,
                        0.0,
                        0.49384881384506807
                    ],
                    [
                        -1.222918651583027,
                        2.4902125441202063,
                        4.371339795364411,
                        5.265572693793568,
                        0.0,
                        -0.13103269982333715
                    ],
                    [
                        0.0,
                        0.0,
                        0.0,
                        0.0,
                        1e-09,
                        6.748067378796716e-10
                    ],
                    [
                        -0.04539809838853043,
                        0.07689917987966352,
                        0.49384881384506807,
                        -0.13103269982333715,
                        6.748067378796716e-10,
                        1.4589899426222868
                    ]
                ],
                "mui": [
                    0.0,
                    0.0,
                    0.0,
                    0.0,
                    0.5,
                    0.3374033689398358
                ],
                "Ai": [
                    [
                        0.0,
                        0.0,
                        0.0,
                        0.0,
                        0.0,
                        0.0
                    ],
                    [
                        -0.8620273071739916,
                        0.0,
                        0.0,
                        0.0,
                        0.0,
                        0.0
                    ],
                    [
                        -0.8695036829646794,
                        0.9905385722154929,
                        0.0,
                        0.0,
                        0.0,
                        0.0
                    ],
                    [
                        0.746534716248724,
                        0.6026277546454286,
                        0.8413559458808295,
                        0.0,
                        0.0,
                        0.0
                    ],
                    [
                        0.0,
                        0.0,
                        0.0,
                        0.0,
                        0.0,
                        0.0
                    ],
                    [
                        0.7333076192055851,
                        0.0,
                        0.848509304388739,
                        -0.5589856593243234,
                        0.6748067378796716,
                        0.0
                    ]
                ]
            },
            "est_params": {
                "mui": [
                    0.011346085371330528,
                    0.004988621768950848,
                    0.008799292516620606,
                    -0.0014884541808214825,
                    0.4999994565169791,
                    0.3499671262082087
                ],
                "Si": [
                    [
                        0.9814469822243946,
                        -0.8569267613673707,
                        -1.6992264411079427,
                        -1.219453966678939,
                        8.774198721074591e-07,
                        -0.04969704327875759
                    ],
                    [
                        -0.8569267613673707,
                        1.7409644922114351,
                        2.4818482227184178,
                        2.5086292391977367,
                        -1.8758005690714465e-06,
                        0.07837359169600401
                    ],
                    [
                        -1.6992264411079427,
                        2.4818482227184173,
                        4.968067037418367,
                        4.4274732254736495,
                        -2.1364720541382593e-06,
                        0.5286041524820903
                    ],
                    [
                        -1.219453966678939,
                        2.5086292391977367,
                        4.427473225473649,
                        5.341193784986245,
                        -2.746947086533128e-06,
                        -0.1067008208700594
                    ],
                    [
                        8.774198721074592e-07,
                        -1.8758005690714465e-06,
                        -2.1364720541382593e-06,
                        -2.746947086533128e-06,
                        1.01186249542534e-06,
                        1.6989605382886055e-06
                    ],
                    [
                        -0.049697043278757604,
                        0.07837359169600401,
                        0.5286041524820901,
                        -0.10670082087005939,
                        1.6989605382886055e-06,
                        1.489198680754291
                    ]
                ]
            },
            "est_tgt": [
                4
            ],
            "oracle_est_tgt": [
                4
            ]
        },
        "5": {
            "intv_type": "do",
            "inode": 5,
            "new_mui": 0.5,
            "new_sigmai": 0.0,
            "true_params": {
                "Si": [
                    [
                        1.0,
                        -0.8620273071739916,
                        -1.723374981023571,
                        -1.222918651583027,
                        -0.58381805705171,
                        0.0
                    ],
                    [
                        -0.8620273071739916,
                        1.7430910783136433,
                        2.4761348663582705,
                        2.4902125441202063,
                        1.36568299713017,
                        0.0
                    ],
                    [
                        -1.723374981023571,
                        2.4761348663582705,
                        4.951187988264701,
                        4.371339795364411,
                        3.220557983627812,
                        0.0
                    ],
                    [
                        -1.222918651583027,
                        2.4902125441202063,
                        4.371339795364411,
                        5.265572693793568,
                        3.721528457394867,
                        0.0
                    ],
                    [
                        -0.58381805705171,
                        1.36568299713017,
                        3.220557983627812,
                        3.721528457394867,
                        4.3249453336072285,
                        0.0
                    ],
                    [
                        0.0,
                        0.0,
                        0.0,
                        0.0,
                        0.0,
                        1e-09
                    ]
                ],
                "mui": [
                    0.0,
                    0.0,
                    0.0,
                    0.0,
                    0.0,
                    0.5
                ],
                "Ai": [
                    [
                        0.0,
                        0.0,
                        0.0,
                        0.0,
                        0.0,
                        0.0
                    ],
                    [
                        -0.8620273071739916,
                        0.0,
                        0.0,
                        0.0,
                        0.0,
                        0.0
                    ],
                    [
                        -0.8695036829646794,
                        0.9905385722154929,
                        0.0,
                        0.0,
                        0.0,
                        0.0
                    ],
                    [
                        0.746534716248724,
                        0.6026277546454286,
                        0.8413559458808295,
                        0.0,
                        0.0,
                        0.0
                    ],
                    [
                        0.8758896685323909,
                        -0.8613619012680872,
                        0.8345399928222637,
                        0.6247348182596184,
                        0.0,
                        0.0
                    ],
                    [
                        0.0,
                        0.0,
                        0.0,
                        0.0,
                        0.0,
                        0.0
                    ]
                ]
            },
            "est_params": {
                "mui": [
                    -0.13039089796945846,
                    0.24669910280105736,
                    0.6016403309344318,
                    0.5353967516083519,
                    0.5643714494431393,
                    0.6315076413680806
                ],
                "Si": [
                    [
                        0.9651788774431607,
                        -0.7670786487479608,
                        -1.5138939411846057,
                        -1.0182995639390109,
                        -0.3877977891269543,
                        -0.09977454910151846
                    ],
                    [
                        -0.767078648747961,
                        1.5606122570892005,
                        2.052465866448403,
                        2.092950775025145,
                        0.9809861516599295,
                        0.22566557741434187
                    ],
                    [
                        -1.5138939411846062,
                        2.052465866448403,
                        3.990093046452755,
                        3.484246356379155,
                        2.325597213517825,
                        0.6610399453319743
                    ],
                    [
                        -1.0182995639390109,
                        2.092950775025145,
                        3.484246356379154,
                        4.458977250978764,
                        2.9175007774860013,
                        0.5885030383336443
                    ],
                    [
                        -0.3877977891269543,
                        0.9809861516599295,
                        2.3255972135178244,
                        2.9175007774860013,
                        3.4657393308533275,
                        0.8335068046747697
                    ],
                    [
                        -0.09977454910151846,
                        0.22566557741434187,
                        0.6610399453319743,
                        0.5885030383336443,
                        0.8335068046747698,
                        1.0180527926151886
                    ]
                ]
            },
            "est_tgt": [
                0,
                1,
                2,
                4,
                5
            ],
            "oracle_est_tgt": [
                5
            ]
        },
        "obs": {
            "intv_type": "obs",
            "true_params": {
                "Si": [
                    [
                        1.0,
                        -0.8620273071739916,
                        -1.723374981023571,
                        -1.222918651583027,
                        -0.58381805705171,
                        -0.4393624569828428
                    ],
                    [
                        -0.8620273071739916,
                        1.7430910783136433,
                        2.4761348663582705,
                        2.4902125441202063,
                        1.36568299713017,
                        0.9984712681508066
                    ],
                    [
                        -1.723374981023571,
                        2.4761348663582705,
                        4.951187988264701,
                        4.371339795364411,
                        3.220557983627812,
                        2.667103040929285
                    ],
                    [
                        -1.222918651583027,
                        2.4902125441202063,
                        4.371339795364411,
                        5.265572693793568,
                        3.721528457394867,
                        2.3802797784376595
                    ],
                    [
                        -0.58381805705171,
                        1.36568299713017,
                        3.220557983627812,
                        3.721528457394867,
                        4.3249453336072285,
                        3.1427763985941137
                    ],
                    [
                        -0.4393624569828428,
                        0.9984712681508066,
                        2.667103040929285,
                        2.3802797784376595,
                        3.1427763985941137,
                        3.73109833678778
                    ]
                ],
                "mui": [
                    0.0,
                    0.0,
                    0.0,
                    0.0,
                    0.0,
                    0.0
                ],
                "Ai": [
                    [
                        0.0,
                        0.0,
                        0.0,
                        0.0,
                        0.0,
                        0.0
                    ],
