{
    "expt_args": {
        "save_dir": "all_expt_logs/expt_logs_11.05.24-mean_shift",
        "exp_name": "136",
        "num_nodes": 6,
        "obs_noise_mean": 0.0,
        "obs_noise_var": 1.0,
        "max_edge_strength": 1.0,
        "graph_sparsity_method": "adj_dense_prop",
        "adj_dense_prop": 0.8,
        "num_parents": null,
        "new_noise_mean": 1.0,
        "mix_samples": 1024,
        "stage2_samples": 1024,
        "gmm_tol": 0.001,
        "intv_type": "do",
        "new_noise_sigma": 0.0,
        "intv_targets": [
            0,
            1,
            2,
            3,
            4,
            5
        ]
    },
    "intv_args_dict": {
        "0": {
            "intv_type": "do",
            "inode": 0,
            "new_mui": 1.0,
            "new_sigmai": 0.0,
            "true_params": {
                "Si": [
                    [
                        1e-09,
                        5.679101458833891e-10,
                        5.673159396536365e-10,
                        8.052897215139279e-10,
                        1.627455576962776e-09,
                        -1.683429234455685e-09
                    ],
                    [
                        5.679101458833891e-10,
                        1.000000000322522,
                        3.221844780506686e-10,
                        -0.8030472364192234,
                        -1.6392651918121046,
                        2.279987007694784
                    ],
                    [
                        5.673159396536365e-10,
                        3.2218447805066867e-10,
                        1.0000000003218474,
                        0.9950684726356056,
                        1.8873782991076244,
                        -2.654414041674184
                    ],
                    [
                        8.052897215139279e-10,
                        -0.8030472364192234,
                        0.9950684726356056,
                        2.635046129627718,
                        4.139014286603638,
                        -5.407079634077665
                    ],
                    [
                        1.627455576962776e-09,
                        -1.6392651918121046,
                        1.8873782991076244,
                        4.139014286603638,
                        8.1415359657591,
                        -10.62006866057064
                    ],
                    [
                        -1.683429234455685e-09,
                        2.279987007694784,
                        -2.654414041674184,
                        -5.407079634077665,
                        -10.62006866057064,
                        15.097669911249433
                    ]
                ],
                "mui": [
                    1.0,
                    0.5679101458833891,
                    0.5673159396536365,
                    0.8052897215139279,
                    1.6274555769627759,
                    -1.683429234455685
                ],
                "Ai": [
                    [
                        0.0,
                        0.0,
                        0.0,
                        0.0,
                        0.0,
                        0.0
                    ],
                    [
                        0.5679101458833891,
                        0.0,
                        0.0,
                        0.0,
                        0.0,
                        0.0
                    ],
                    [
                        0.5673159396536365,
                        -0.0,
                        0.0,
                        0.0,
                        0.0,
                        0.0
                    ],
                    [
                        0.696830189645948,
                        -0.8030472368765555,
                        0.9950684721787519,
                        0.0,
                        0.0,
                        0.0
                    ],
                    [
                        0.8294897363060658,
                        -0.8807579572785773,
                        0.9475000428787707,
                        0.944536262160595,
                        0.0,
                        0.0
                    ],
                    [
                        0.0,
                        0.6575869785346484,
                        -0.7864535536770918,
                        -0.0,
                        -0.9897117545746039,
                        0.0
                    ]
                ]
            },
            "est_params": {
                "mui": [
                    1.0000010109667197,
                    0.5414322900010157,
                    0.5455598686738492,
                    0.7923727728661843,
                    1.7087281529580014,
                    -1.6138975606312127
                ],
                "Si": [
                    [
                        1.0003927576879048e-06,
                        1.0159745442001665e-06,
                        4.602123976194153e-07,
                        2.2997052699769045e-07,
                        -6.637778456073724e-08,
                        -5.814024685958084e-07
                    ],
                    [
                        1.0159745442001663e-06,
                        1.2335166366895587,
                        -0.006996140309090079,
                        -1.0201796404088057,
                        -2.135919674494184,
                        2.9805699609949654
                    ],
                    [
                        4.602123976194152e-07,
                        -0.006996140309090099,
                        0.9959368712038688,
                        1.046193548863898,
                        1.9389520048057476,
                        -2.6786902901028724
                    ],
                    [
                        2.2997052699769045e-07,
                        -1.0201796404088057,
                        1.0461935488638978,
                        2.905014233927818,
                        4.6462713059298135,
                        -5.949709990086272
                    ],
                    [
                        -6.637778456073726e-08,
                        -2.135919674494184,
                        1.938952004805748,
                        4.6462713059298135,
                        9.435184180832147,
                        -12.055014975983163
                    ],
                    [
                        -5.814024685958083e-07,
                        2.9805699609949654,
                        -2.678690290102872,
                        -5.949709990086272,
                        -12.055014975983163,
                        16.679365897644843
                    ]
                ]
            },
            "est_tgt": [
                0
            ],
            "oracle_est_tgt": [
                0
            ]
        },
        "1": {
            "intv_type": "do",
            "inode": 1,
            "new_mui": 1.0,
            "new_sigmai": 0.0,
            "true_params": {
                "Si": [
                    [
                        1.0,
                        0.0,
                        0.5673159396536365,
                        1.261348394959745,
                        2.5584109117112397,
                        -2.978256989150804
                    ],
                    [
                        0.0,
                        1e-09,
                        0.0,
                        -8.030472368765556e-10,
                        -1.6392651927363531e-09,
                        2.2799870086508207e-09
                    ],
                    [
                        0.5673159396536365,
                        0.0,
                        1.3218473753850886,
                        1.710651522095946,
                        3.3388055885819217,
                        -4.344026703049247
                    ],
                    [
                        1.261348394959745,
                        -8.030472368765556e-10,
                        1.710651522095946,
                        3.5811610384365653,
                        6.0496544002091,
                        -7.332762040184478
                    ],
                    [
                        2.5584109117112397,
                        -1.6392651927363531e-09,
                        3.3388055885819217,
                        6.0496544002091,
                        11.999811986843861,
                        -14.50217049731975
                    ],
                    [
                        -2.978256989150804,
                        2.2799870086508207e-09,
                        -4.344026703049247,
                        -7.332762040184478,
                        -14.50217049731975,
                        18.769343847422935
                    ]
                ],
                "mui": [
                    0.0,
                    1.0,
                    0.0,
                    -0.8030472368765555,
                    -1.639265192736353,
                    2.2799870086508207
                ],
                "Ai": [
                    [
                        0.0,
                        0.0,
                        0.0,
                        0.0,
                        0.0,
                        0.0
                    ],
                    [
                        0.0,
                        0.0,
                        0.0,
                        0.0,
                        0.0,
                        0.0
                    ],
                    [
                        0.5673159396536365,
                        -0.0,
                        0.0,
                        0.0,
                        0.0,
                        0.0
                    ],
                    [
                        0.696830189645948,
                        -0.8030472368765555,
                        0.9950684721787519,
                        0.0,
                        0.0,
                        0.0
                    ],
                    [
                        0.8294897363060658,
                        -0.8807579572785773,
                        0.9475000428787707,
                        0.944536262160595,
                        0.0,
                        0.0
                    ],
                    [
                        0.0,
                        0.6575869785346484,
                        -0.7864535536770918,
                        -0.0,
                        -0.9897117545746039,
                        0.0
                    ]
                ]
            },
            "est_params": {
                "mui": [
                    -0.02100526164422566,
                    0.9999712328361069,
                    -0.0016871788925125835,
                    -0.836594421239255,
                    -1.8102334335292327,
                    2.3397866509001717
                ],
                "Si": [
                    [
                        1.0786322982836825,
                        -6.723312464244622e-05,
                        0.7400577648356255,
                        1.498380022843124,
                        3.0879191215848625,
                        -3.6235983236975096
                    ],
                    [
                        -6.723312464244622e-05,
                        1.0897064621736854e-06,
                        -3.847382845422964e-05,
                        -7.399491124681323e-05,
                        -0.00018386287080002594,
                        0.00022959606818042652
                    ],
                    [
                        0.7400577648356254,
                        -3.847382845422964e-05,
                        1.6652625674980202,
                        2.13181241122033,
                        4.1495672138253115,
                        -5.435005150152731
                    ],
                    [
                        1.498380022843124,
                        -7.399491124681323e-05,
                        2.13181241122033,
                        4.250190974590767,
                        7.178006858058117,
                        -8.83730622415417
                    ],
                    [
                        3.0879191215848625,
                        -0.00018386287080002594,
                        4.1495672138253115,
                        7.178006858058117,
                        14.036839846016324,
                        -17.17008055324611
                    ],
                    [
                        -3.6235983236975096,
                        0.00022959606818042652,
                        -5.435005150152731,
                        -8.83730622415417,
                        -17.17008055324611,
                        22.490533931926556
                    ]
                ]
            },
            "est_tgt": [
                1
            ],
            "oracle_est_tgt": [
                1
            ]
        },
        "2": {
            "intv_type": "do",
            "inode": 2,
            "new_mui": 1.0,
            "new_sigmai": 0.0,
            "true_params": {
                "Si": [
                    [
                        1.0,
                        0.5679101458833891,
                        0.0,
                        0.24077151620013088,
                        0.556715784246444,
                        -0.1775378387152955
                    ],
                    [
                        0.5679101458833891,
                        1.3225219337972922,
                        0.0,
                        -0.6663106499867745,
                        -1.3231006504893696,
                        2.1791614687661958
                    ],
                    [
                        0.0,
                        0.0,
                        1e-09,
                        9.95068472178752e-10,
                        1.887378298184343e-09,
                        -2.6544140407191483e-09
                    ],
                    [
                        0.24077151620013088,
                        -0.6663106499867745,
                        9.95068472178752e-10,
                        1.702855788658542,
                        2.3949849510390697,
                        -2.8085019659454855
                    ],
                    [
                        0.556715784246444,
                        -1.3231006504893696,
                        1.887378298184343e-09,
                        2.3949849510390697,
                        4.889271590644591,
                        -5.709023325105491
                    ],
                    [
                        -0.1775378387152955,
                        2.1791614687661958,
                        -2.6544140407191483e-09,
                        -2.8085019659454855,
                        -5.709023325105491,
                        8.083275700070157
                    ]
                ],
                "mui": [
                    0.0,
                    0.0,
                    1.0,
                    0.9950684721787519,
                    1.887378298184343,
                    -2.654414040719148
                ],
                "Ai": [
                    [
                        0.0,
                        0.0,
                        0.0,
                        0.0,
                        0.0,
                        0.0
                    ],
                    [
                        0.5679101458833891,
                        0.0,
                        0.0,
                        0.0,
                        0.0,
                        0.0
                    ],
                    [
                        0.0,
                        0.0,
                        0.0,
                        0.0,
                        0.0,
                        0.0
                    ],
                    [
                        0.696830189645948,
                        -0.8030472368765555,
                        0.9950684721787519,
                        0.0,
                        0.0,
                        0.0
                    ],
                    [
                        0.8294897363060658,
                        -0.8807579572785773,
                        0.9475000428787707,
                        0.944536262160595,
                        0.0,
                        0.0
                    ],
                    [
                        0.0,
                        0.6575869785346484,
                        -0.7864535536770918,
                        -0.0,
                        -0.9897117545746039,
                        0.0
                    ]
                ]
            },
            "est_params": {
                "mui": [
                    0.021058452874205144,
                    0.005089571841207563,
                    0.9999967858379228,
                    1.0778437474157059,
                    1.9476676867214378,
                    -2.563929028684119
                ],
                "Si": [
                    [
                        0.9879625990857976,
                        0.8599830041763306,
                        1.6436781331788146e-06,
                        0.06401167574440958,
                        0.3156908807715878,
                        0.2527235577531405
                    ],
                    [
                        0.8599830041763306,
                        1.4880485560884198,
                        9.563281100974555e-07,
                        -0.5078986294674593,
                        -0.9115820372368771,
                        1.8744811938066477
                    ],
                    [
                        1.6436781331788146e-06,
                        9.563281100974555e-07,
                        1.0026927317611918e-06,
                        2.9487388331047174e-06,
                        3.045629203649643e-06,
                        5.678266613601032e-07
                    ],
                    [
                        0.0640116757444096,
                        -0.5078986294674593,
                        2.9487388331047174e-06,
                        1.4534712980323108,
                        1.9966165859645224,
                        -2.488357413488014
                    ],
                    [
                        0.3156908807715878,
                        -0.9115820372368771,
                        3.045629203649643e-06,
                        1.9966165859645224,
                        4.218337068600769,
                        -5.001338620435972
                    ],
                    [
                        0.2527235577531405,
                        1.8744811938066477,
                        5.678266613601035e-07,
                        -2.488357413488014,
                        -5.0013386204359715,
                        7.495327722188509
                    ]
                ]
            },
            "est_tgt": [
                2
            ],
            "oracle_est_tgt": [
                2
            ]
        },
        "3": {
            "intv_type": "do",
            "inode": 3,
            "new_mui": 1.0,
            "new_sigmai": 0.0,
            "true_params": {
                "Si": [
                    [
                        1.0,
                        0.5679101458833891,
                        0.5673159396536365,
                        0.0,
                        0.8668302334476639,
                        -0.9306293911514326
                    ],
                    [
                        0.5679101458833891,
                        1.3225219337972922,
                        0.32218447805066863,
                        0.0,
                        -0.38847627294518233,
                        1.0007696084961935
                    ],
                    [
                        0.5673159396536365,
                        0.32218447805066863,
                        1.3218473753850886,
                        0.0,
                        1.4392666512873131,
                        -2.252166371084519
                    ],
                    [
                        0.0,
                        0.0,
                        0.0,
                        1e-09,
                        9.445362621605952e-10,
                        -9.348186412823008e-10
                    ],
                    [
                        0.8668302334476639,
                        -0.38847627294518233,
                        1.4392666512873131,
                        9.445362621605952e-10,
                        3.4248855650758845,
                        -4.777022812980746
                    ],
                    [
                        -0.9306293911514326,
                        1.0007696084961935,
                        -2.252166371084519,
                        -9.348186412823008e-10,
                        -4.777022812980746,
                        8.157192938949859
                    ]
                ],
                "mui": [
                    0.0,
                    0.0,
                    0.0,
                    1.0,
                    0.944536262160595,
                    -0.9348186412823006
                ],
                "Ai": [
                    [
                        0.0,
                        0.0,
                        0.0,
                        0.0,
                        0.0,
                        0.0
                    ],
                    [
                        0.5679101458833891,
                        0.0,
                        0.0,
                        0.0,
                        0.0,
                        0.0
                    ],
                    [
                        0.5673159396536365,
                        -0.0,
                        0.0,
                        0.0,
                        0.0,
                        0.0
                    ],
                    [
                        0.0,
                        0.0,
                        0.0,
                        0.0,
                        0.0,
                        0.0
                    ],
                    [
                        0.8294897363060658,
                        -0.8807579572785773,
                        0.9475000428787707,
                        0.944536262160595,
                        0.0,
                        0.0
                    ],
                    [
                        0.0,
                        0.6575869785346484,
                        -0.7864535536770918,
                        -0.0,
                        -0.9897117545746039,
                        0.0
                    ]
                ]
            },
            "est_params": {
                "mui": [
                    0.1671618022217256,
                    0.19807521590486354,
                    0.05016165680145722,
                    1.0000000855121653,
                    0.8841867041242479,
                    -0.729278700164374
                ],
                "Si": [
                    [
                        0.8506088399303863,
                        0.436545556280293,
                        0.5307328295782379,
                        7.122215086961788e-08,
                        0.8581445434432972,
                        -0.9195592891178226
                    ],
                    [
                        0.43654555628029307,
                        1.5734046256670255,
                        0.3470296738900559,
                        9.940852956181703e-10,
                        -0.494419159281569,
                        1.2234999120757482
                    ],
                    [
                        0.5307328295782379,
                        0.347029673890056,
                        1.2572450444588394,
                        1.3729945713821882e-08,
                        1.3124860704182622,
                        -2.1628964974512725
                    ],
                    [
                        7.122215086961789e-08,
                        9.940852956181714e-10,
                        1.3729945713821882e-08,
                        1.0002741662317275e-06,
                        1.2913142311850697e-07,
                        -1.2183901377118748e-07
                    ],
                    [
                        0.858144543443297,
                        -0.4944191592815691,
                        1.3124860704182624,
                        1.29131423118507e-07,
                        3.216325527720271,
                        -4.512089216710348
                    ],
                    [
                        -0.9195592891178226,
                        1.2234999120757482,
                        -2.1628964974512725,
                        -1.2183901377118748e-07,
                        -4.512089216710348,
                        7.98956658140501
                    ]
                ]
            },
            "est_tgt": [
                3,
                4,
                5
            ],
            "oracle_est_tgt": [
                3,
                4,
                5
            ]
        },
        "4": {
            "intv_type": "do",
            "inode": 4,
            "new_mui": 1.0,
            "new_sigmai": 0.0,
            "true_params": {
                "Si": [
                    [
                        1.0,
                        0.5679101458833891,
                        0.5673159396536365,
                        0.8052897215139279,
                        0.0,
                        -0.07271731988763172
                    ],
                    [
                        0.5679101458833891,
                        1.3225219337972922,
                        0.32218447805066863,
                        -0.345715033653187,
                        0.0,
                        0.6162900747890144
                    ],
                    [
                        0.5673159396536365,
                        0.32218447805066863,
                        1.3218473753850886,
                        1.451922167232841,
                        0.0,
                        -0.8277072483382376
                    ],
                    [
                        0.8052897215139279,
                        -0.345715033653187,
                        1.451922167232841,
                        3.283537664555206,
                        0.0,
                        -1.3692070524968163
                    ],
                    [
                        0.0,
                        0.0,
                        0.0,
                        0.0,
                        1e-09,
                        -9.89711754574604e-10
                    ],
                    [
                        -0.07271731988763172,
                        0.6162900747890144,
                        -0.8277072483382376,
                        -1.3692070524968163,
                        -9.89711754574604e-10,
                        2.0562176360208237
                    ]
                ],
                "mui": [
                    0.0,
                    0.0,
                    0.0,
                    0.0,
                    1.0,
                    -0.9897117545746039
                ],
                "Ai": [
                    [
                        0.0,
                        0.0,
                        0.0,
                        0.0,
                        0.0,
                        0.0
                    ],
                    [
                        0.5679101458833891,
                        0.0,
                        0.0,
                        0.0,
                        0.0,
                        0.0
                    ],
                    [
                        0.5673159396536365,
                        -0.0,
                        0.0,
                        0.0,
                        0.0,
                        0.0
                    ],
                    [
                        0.696830189645948,
                        -0.8030472368765555,
                        0.9950684721787519,
                        0.0,
                        0.0,
                        0.0
                    ],
                    [
                        0.0,
                        0.0,
                        0.0,
                        0.0,
                        0.0,
                        0.0
                    ],
                    [
                        0.0,
                        0.6575869785346484,
                        -0.7864535536770918,
                        -0.0,
                        -0.9897117545746039,
                        0.0
                    ]
                ]
            },
            "est_params": {
                "mui": [
                    0.0018234276202104755,
                    0.08819739356719275,
                    -0.03809007632862015,
                    -0.2757167068370763,
                    1.0000000000995892,
                    -0.9115373451680993
                ],
                "Si": [
                    [
                        0.9338357709950009,
                        0.6555774978367809,
                        0.5438705791997684,
                        0.6971485399504576,
                        1.0396687563230283e-10,
                        -0.05846639765070019
                    ],
                    [
                        0.6555774978367809,
                        1.5022054337751114,
                        0.4076031588421613,
                        -0.34526795868469057,
                        -1.6953039360758907e-11,
                        0.6410494593268985
                    ],
                    [
                        0.5438705791997686,
                        0.4076031588421612,
                        1.2459225470730784,
                        1.2111439324034308,
                        -7.120977804680881e-11,
                        -0.6958967109226933
                    ],
                    [
                        0.6971485399504576,
                        -0.34526795868469046,
                        1.2111439324034308,
                        2.9647040050380093,
                        1.6149061473906114e-11,
                        -1.199158374824753
                    ],
                    [
                        1.0396687563230281e-10,
                        -1.6953039360758946e-11,
                        -7.120977804680883e-11,
                        1.6149061473906108e-11,
                        1.0000000000008434e-06,
                        1.543818540833016e-10
                    ],
                    [
                        -0.05846639765070015,
                        0.6410494593268985,
                        -0.6958967109226933,
                        -1.199158374824753,
                        1.543818540833016e-10,
                        1.7566519004797172
                    ]
                ]
            },
            "est_tgt": [
                3,
                4,
                5
            ],
            "oracle_est_tgt": [
                3,
                4,
                5
            ]
        },
        "5": {
            "intv_type": "do",
            "inode": 5,
            "new_mui": 1.0,
            "new_sigmai": 0.0,
            "true_params": {
                "Si": [
                    [
                        1.0,
                        0.5679101458833891,
                        0.5673159396536365,
                        0.8052897215139279,
                        1.6274555769627759,
                        0.0
                    ],
                    [
                        0.5679101458833891,
                        1.3225219337972922,
                        0.32218447805066863,
                        -0.345715033653187,
                        -0.7150166586046879,
                        0.0
                    ],
                    [
                        0.5673159396536365,
                        0.32218447805066863,
                        1.3218473753850886,
                        1.451922167232841,
                        2.810659788073531,
                        0.0
                    ],
                    [
                        0.8052897215139279,
                        -0.345715033653187,
                        1.451922167232841,
                        3.283537664555206,
                        5.449587533641707,
                        0.0
                    ],
                    [
                        1.6274555769627759,
                        -0.7150166586046879,
                        2.810659788073531,
                        5.449587533641707,
                        10.790147618097729,
                        0.0
                    ],
                    [
                        0.0,
                        0.0,
                        0.0,
                        0.0,
                        0.0,
                        1e-09
                    ]
                ],
                "mui": [
                    0.0,
                    0.0,
                    0.0,
                    0.0,
                    0.0,
                    1.0
                ],
                "Ai": [
                    [
                        0.0,
                        0.0,
                        0.0,
                        0.0,
                        0.0,
                        0.0
                    ],
                    [
                        0.5679101458833891,
                        0.0,
                        0.0,
                        0.0,
                        0.0,
                        0.0
                    ],
                    [
                        0.5673159396536365,
                        -0.0,
                        0.0,
                        0.0,
                        0.0,
                        0.0
                    ],
                    [
                        0.696830189645948,
                        -0.8030472368765555,
                        0.9950684721787519,
                        0.0,
                        0.0,
                        0.0
                    ],
                    [
                        0.8294897363060658,
                        -0.8807579572785773,
                        0.9475000428787707,
                        0.944536262160595,
                        0.0,
                        0.0
                    ],
                    [
                        0.0,
                        0.0,
                        0.0,
                        0.0,
                        0.0,
                        0.0
                    ]
                ]
            },
            "est_params": {
                "mui": [
                    -0.15337885745250562,
                    -0.051786884084198,
                    -0.15857345940850698,
                    -0.4479042132594877,
                    -0.6118350134090993,
                    1.0000000000804317
                ],
                "Si": [
                    [
                        0.9314753199722526,
                        0.5654405585982317,
                        0.5456271400512572,
                        0.6885146238300756,
                        1.5583147704078644,
                        -8.961930194750381e-13
                    ],
                    [
                        0.5654405585982317,
                        1.21433277582659,
                        0.24355925597333586,
                        -0.4314671452107337,
                        -0.6674383455104469,
                        -1.4886353708069913e-10
                    ],
                    [
                        0.5456271400512572,
                        0.24355925597333586,
                        1.1788793535647812,
                        1.3068061612886042,
                        2.7598836114395944,
                        3.3356098870781585e-11
                    ],
                    [
                        0.6885146238300756,
                        -0.4314671452107338,
                        1.3068061612886042,
                        2.926496009096025,
                        4.996431068699417,
                        1.1248602353111842e-10
                    ],
                    [
                        1.5583147704078646,
                        -0.6674383455104469,
                        2.7598836114395944,
                        4.996431068699417,
                        10.363390779044984,
                        2.2246846872166773e-10
                    ],
                    [
                        -8.961930194750041e-13,
                        -1.4886353708069913e-10,
                        3.335609887078156e-11,
                        1.1248602353111839e-10,
                        2.2246846872166768e-10,
                        1.0000000016284223e-06
                    ]
                ]
            },
            "est_tgt": [
                4,
                5
            ],
            "oracle_est_tgt": [
                4,
                5
            ]
        },
        "obs": {
            "intv_type": "obs",
            "true_params": {
                "Si": [
                    [
                        1.0,
                        0.5679101458833891,
                        0.5673159396536365,
                        0.8052897215139279,
                        1.6274555769627759,
                        -1.683429234455685
                    ],
                    [
                        0.5679101458833891,
                        1.3225219337972922,
                        0.32218447805066863,
                        -0.345715033653187,
                        -0.7150166586046879,
                        1.3239504665267308
                    ],
                    [
                        0.5673159396536365,
                        0.32218447805066863,
                        1.3218473753850886,
                        1.451922167232841,
                        2.810659788073531,
                        -3.609450278704777
                    ],
                    [
                        0.8052897215139279,
                        -0.345715033653187,
                        1.451922167232841,
                        3.283537664555206,
                        5.449587533641707,
                        -6.762727892125239
                    ],
                    [
                        1.6274555769627759,
                        -0.7150166586046879,
                        2.810659788073531,
                        5.449587533641707,
                        10.790147618097729,
                        -13.359774953868014
                    ],
                    [
                        -1.683429234455685,
                        1.3239504665267308,
                        -3.609450278704777,
                        -6.762727892125239,
                        -13.359774953868014,
                        17.93160389583555
                    ]
                ],
                "mui": [
                    0.0,
                    0.0,
                    0.0,
                    0.0,
                    0.0,
                    0.0
                ],
                "Ai": [
                    [
                        0.0,
                        0.0,
                        0.0,
                        0.0,
                        0.0,
                        0.0
                    ],
                    [
                        0.5679101458833891,
                        0.0,
                        0.0,
