{
    "expt_args": {
        "save_dir": "all_expt_logs/expt_logs_11.05.24-mean_shift",
        "exp_name": "327",
        "num_nodes": 6,
        "obs_noise_mean": 0.0,
        "obs_noise_var": 1.0,
        "max_edge_strength": 1.0,
        "graph_sparsity_method": "adj_dense_prop",
        "adj_dense_prop": 0.8,
        "num_parents": null,
        "new_noise_mean": 4.0,
        "mix_samples": 131072,
        "stage2_samples": 131072,
        "gmm_tol": 0.001,
        "intv_type": "do",
        "new_noise_sigma": 0.0,
        "intv_targets": [
            0,
            1,
            2,
            3,
            4,
            5
        ]
    },
    "intv_args_dict": {
        "0": {
            "intv_type": "do",
            "inode": 0,
            "new_mui": 4.0,
            "new_sigmai": 0.0,
            "true_params": {
                "Si": [
                    [
                        1e-09,
                        -5.71300330486531e-10,
                        -8.859147524932972e-10,
                        -7.314305671245436e-11,
                        1.3283570486444198e-09,
                        1.1924034008950191e-09
                    ],
                    [
                        -5.71300330486531e-10,
                        1.000000000326384,
                        5.06123390882314e-10,
                        0.729132055802811,
                        0.27909727303827236,
                        -0.13966691770509604
                    ],
                    [
                        -8.859147524932972e-10,
                        5.06123390882314e-10,
                        1.0000000007848449,
                        0.6638296749127147,
                        -1.4356080927950485,
                        0.6277886358540823
                    ],
                    [
                        -7.314305671245436e-11,
                        0.729132055802811,
                        0.6638296749127147,
                        1.9723033919523376,
                        -1.4137719924684806,
                        1.2606165019024558
                    ],
                    [
                        1.3283570486444198e-09,
                        0.27909727303827236,
                        -1.4356080927950485,
                        -1.4137719924684806,
                        3.5801225200016806,
                        -1.5684455836304874
                    ],
                    [
                        1.1924034008950191e-09,
                        -0.13966691770509604,
                        0.6277886358540823,
                        1.2606165019024558,
                        -1.5684455836304874,
                        2.3079879112220856
                    ]
                ],
                "mui": [
                    4.0,
                    -2.285201321946124,
                    -3.5436590099731884,
                    -0.29257222684981743,
                    5.3134281945776785,
                    4.769613603580076
                ],
                "Ai": [
                    [
                        0.0,
                        0.0,
                        0.0,
                        0.0,
                        0.0,
                        0.0
                    ],
                    [
                        -0.571300330486531,
                        0.0,
                        0.0,
                        0.0,
                        0.0,
                        0.0
                    ],
                    [
                        -0.8859147524932971,
                        -0.0,
                        0.0,
                        0.0,
                        0.0,
                        0.0
                    ],
                    [
                        0.9315068298027402,
                        0.7291320557610244,
                        0.6638296748479162,
                        0.0,
                        0.0,
                        0.0
                    ],
                    [
                        0.8347524734407761,
                        0.7634389245222588,
                        -0.9946449519842796,
                        -0.6642715087043716,
                        0.0,
                        0.0
                    ],
                    [
                        0.7878459563353746,
                        -0.8292124989064518,
                        0.0,
                        0.9457074016076139,
                        0.0,
                        0.0
                    ]
                ]
            },
            "est_params": {
                "mui": [
                    4.000000000000513,
                    -2.28460523849377,
                    -3.546552871950826,
                    -0.2926716577150941,
                    5.303505357905494,
                    4.779849883530656
                ],
                "Si": [
                    [
                        1.000000000001006e-06,
                        -5.632073233016239e-12,
                        -5.446778308886285e-12,
                        -2.159983182887738e-12,
                        1.7740413740669513e-12,
                        5.661589192528821e-12
                    ],
                    [
                        -5.632073233016241e-12,
                        0.9869669466893741,
                        -0.012943716106805454,
                        0.7217730395846867,
                        0.28116177874312986,
                        -0.13484426322538173
                    ],
                    [
                        -5.446778308886286e-12,
                        -0.012943716106805458,
                        0.9869658821452837,
                        0.6462060675109926,
                        -1.4016701457098117,
                        0.6222526173743144
                    ],
                    [
                        -2.1599831828877403e-12,
                        0.7217730395846867,
                        0.6462060675109926,
                        1.9436616219792713,
                        -1.3678166940903682,
                        1.2405385874827253
                    ],
                    [
                        1.7740413740669515e-12,
                        0.28116177874312986,
                        -1.4016701457098115,
                        -1.3678166940903682,
                        3.483039625783688,
                        -1.5210284985179572
                    ],
                    [
                        5.6615891925288226e-12,
                        -0.1348442632253817,
                        0.6222526173743144,
                        1.2405385874827253,
                        -1.5210284985179574,
                        2.294128116729353
                    ]
                ]
            },
            "est_tgt": [
                0
            ],
            "oracle_est_tgt": [
                0
            ]
        },
        "1": {
            "intv_type": "do",
            "inode": 1,
            "new_mui": 4.0,
            "new_sigmai": 0.0,
            "true_params": {
                "Si": [
                    [
                        1.0,
                        0.0,
                        -0.8859147524932971,
                        0.34341032771214264,
                        1.4878054134026288,
                        1.1126116450412442
                    ],
                    [
                        0.0,
                        1e-09,
                        0.0,
                        7.291320557610244e-10,
                        2.7909727379716323e-10,
                        -1.3966691702387558e-10
                    ],
                    [
                        -0.8859147524932971,
                        0.0,
                        1.7848449486852598,
                        0.35959739936917134,
                        -2.753676856191015,
                        -0.357890433227424
                    ],
                    [
                        0.34341032771214264,
                        7.291320557610244e-10,
                        0.35959739936917134,
                        1.5586004909196849,
                        -1.1063430165803483,
                        1.7445344578592188
                    ],
                    [
                        1.4878054134026288,
                        2.7909727379716323e-10,
                        -2.753676856191015,
                        -1.1063430165803483,
                        5.715792178224202,
                        0.1258846990347803
                    ],
                    [
                        1.1126116450412442,
                        -1.3966691702387558e-10,
                        -0.357890433227424,
                        1.7445344578592188,
                        0.1258846990347803,
                        3.526385734790196
                    ]
                ],
                "mui": [
                    0.0,
                    4.0,
                    0.0,
                    2.9165282230440974,
                    1.1163890951886528,
                    -0.5586676680955023
                ],
                "Ai": [
                    [
                        0.0,
                        0.0,
                        0.0,
                        0.0,
                        0.0,
                        0.0
                    ],
                    [
                        0.0,
                        0.0,
                        0.0,
                        0.0,
                        0.0,
                        0.0
                    ],
                    [
                        -0.8859147524932971,
                        -0.0,
                        0.0,
                        0.0,
                        0.0,
                        0.0
                    ],
                    [
                        0.9315068298027402,
                        0.7291320557610244,
                        0.6638296748479162,
                        0.0,
                        0.0,
                        0.0
                    ],
                    [
                        0.8347524734407761,
                        0.7634389245222588,
                        -0.9946449519842796,
                        -0.6642715087043716,
                        0.0,
                        0.0
                    ],
                    [
                        0.7878459563353746,
                        -0.8292124989064518,
                        0.0,
                        0.9457074016076139,
                        0.0,
                        0.0
                    ]
                ]
            },
            "est_params": {
                "mui": [
                    0.0010529245226969012,
                    4.000000000830574,
                    -0.0010405365710292609,
                    2.911800013998565,
                    1.116304908388996,
                    -0.5561960103205801
                ],
                "Si": [
                    [
                        1.0136464266957688,
                        -1.1208987312683018e-09,
                        -0.8932993065397107,
                        0.3445717449046248,
                        1.5116238151930452,
                        1.1208709840798203
                    ],
                    [
                        -1.1208987312683018e-09,
                        1.0000036890519785e-06,
                        9.616699912497613e-10,
                        9.167064584551696e-10,
                        -3.7948400458196e-09,
                        -1.7583274829913778e-10
                    ],
                    [
                        -0.8932993065397107,
                        9.616699912497611e-10,
                        1.7907104705296397,
                        0.3756135717759853,
                        -2.785255263267105,
                        -0.3387648642337482
                    ],
                    [
                        0.3445717449046247,
                        9.167064584551694e-10,
                        0.3756135717759853,
                        1.6010509780062505,
                        -1.1585991420897765,
                        1.796092498795559
                    ],
                    [
                        1.5116238151930452,
                        -3.794840045819599e-09,
                        -2.785255263267105,
                        -1.1585991420897765,
                        5.840975357852149,
                        0.06234139043223401
                    ],
                    [
                        1.1208709840798203,
                        -1.7583274829913776e-10,
                        -0.3387648642337482,
                        1.796092498795559,
                        0.062341390432234,
                        3.5779241690494628
                    ]
                ]
            },
            "est_tgt": [
                1
            ],
            "oracle_est_tgt": [
                1
            ]
        },
        "2": {
            "intv_type": "do",
            "inode": 2,
            "new_mui": 4.0,
            "new_sigmai": 0.0,
            "true_params": {
                "Si": [
                    [
                        1.0,
                        -0.571300330486531,
                        0.0,
                        0.5149534453781432,
                        0.05653066148107446,
                        1.7485706157816447
                    ],
                    [
                        -0.571300330486531,
                        1.3263840676140195,
                        0.0,
                        0.43493898223131333,
                        0.24680128821040315,
                        -1.138625887698966
                    ],
                    [
                        0.0,
                        0.0,
                        1e-09,
                        6.638296748479163e-10,
                        -1.4356080916182376e-09,
                        6.277886369104501e-10
                    ],
                    [
                        0.5149534453781432,
                        0.43493898223131333,
                        6.638296748479163e-10,
                        1.7968106060857876,
                        -0.431662081757163,
                        1.7443042387766754
                    ],
                    [
                        0.05653066148107446,
                        0.24680128821040315,
                        -1.4356080916182376e-09,
                        -0.431662081757163,
                        1.5223476432658491,
                        -0.5683392855845514
                    ],
                    [
                        1.7485706157816447,
                        -1.138625887698966,
                        6.277886369104501e-10,
                        1.7443042387766754,
                        -0.5683392855845514,
                        4.971368535935498
                    ]
                ],
                "mui": [
                    0.0,
                    0.0,
                    4.0,
                    2.655318699391665,
                    -5.74243236647295,
                    2.5111545476418002
                ],
                "Ai": [
                    [
                        0.0,
                        0.0,
                        0.0,
                        0.0,
                        0.0,
                        0.0
                    ],
                    [
                        -0.571300330486531,
                        0.0,
                        0.0,
                        0.0,
                        0.0,
                        0.0
                    ],
                    [
                        0.0,
                        0.0,
                        0.0,
                        0.0,
                        0.0,
                        0.0
                    ],
                    [
                        0.9315068298027402,
                        0.7291320557610244,
                        0.6638296748479162,
                        0.0,
                        0.0,
                        0.0
                    ],
                    [
                        0.8347524734407761,
                        0.7634389245222588,
                        -0.9946449519842796,
                        -0.6642715087043716,
                        0.0,
                        0.0
                    ],
                    [
                        0.7878459563353746,
                        -0.8292124989064518,
                        0.0,
                        0.9457074016076139,
                        0.0,
                        0.0
                    ]
                ]
            },
            "est_params": {
                "mui": [
                    -0.003989390891007689,
                    0.009547338079856185,
                    4.000000044825897,
                    2.651270797985546,
                    -5.735557737389979,
                    2.493492190940068
                ],
                "Si": [
                    [
                        1.0070034008513324,
                        -0.5821610417233413,
                        3.220598616393013e-08,
                        0.5159710726691816,
                        0.05299735244129588,
                        1.7625056703079214
                    ],
                    [
                        -0.5821610417233413,
                        1.3373562850564031,
                        6.597974378143504e-08,
                        0.43481370899995064,
                        0.24647244807660884,
                        -1.1583227042447555
                    ],
                    [
                        3.220598616393014e-08,
                        6.597974378143502e-08,
                        1.0004530177407326e-06,
                        1.1452304896177148e-07,
                        -3.4470244977778156e-08,
                        2.1989128283432765e-07
                    ],
                    [
                        0.5159710726691816,
                        0.4348137089999507,
                        1.1452304896177144e-07,
                        1.8140877634335317,
                        -0.453292551626103,
                        1.7608847918540806
                    ],
                    [
                        0.05299735244129588,
                        0.24647244807660884,
                        -3.4470244977778156e-08,
                        -0.453292551626103,
                        1.5371616588216808,
                        -0.5812230882391654
                    ],
                    [
                        1.7625056703079205,
                        -1.1583227042447555,
                        2.1989128283432765e-07,
                        1.7608847918540806,
                        -0.5812230882391652,
                        5.016493806610435
                    ]
                ]
            },
            "est_tgt": [
                2
            ],
            "oracle_est_tgt": [
                2
            ]
        },
        "3": {
            "intv_type": "do",
            "inode": 3,
            "new_mui": 4.0,
            "new_sigmai": 0.0,
            "true_params": {
                "Si": [
                    [
                        1.0,
                        -0.571300330486531,
                        -0.8859147524932971,
                        0.0,
                        1.2797702000107882,
                        1.2615753310041926
                    ],
                    [
                        -0.571300330486531,
                        1.3263840676140195,
                        0.506123390882314,
                        0.0,
                        0.032305786309281714,
                        -1.5499509024428018
                    ],
                    [
                        -0.8859147524932971,
                        0.506123390882314,
                        1.7848449486852598,
                        0.0,
                        -2.1284122519751345,
                        -1.1176481971182286
                    ],
                    [
                        0.0,
                        0.0,
                        0.0,
                        1e-09,
                        -6.642715087043716e-10,
                        9.45707401607614e-10
                    ],
                    [
                        1.2797702000107882,
                        0.032305786309281714,
                        -2.1284122519751345,
                        -6.642715087043716e-10,
                        4.209969337260423,
                        0.9814734146941492
                    ],
                    [
                        1.2615753310041926,
                        -1.5499509024428018,
                        -1.1176481971182286,
                        9.45707401607614e-10,
                        0.9814734146941492,
                        3.279165685035383
                    ]
                ],
                "mui": [
                    0.0,
                    0.0,
                    0.0,
                    4.0,
                    -2.6570860348174863,
                    3.7828296064304556
                ],
                "Ai": [
                    [
                        0.0,
                        0.0,
                        0.0,
                        0.0,
                        0.0,
                        0.0
                    ],
                    [
                        -0.571300330486531,
                        0.0,
                        0.0,
                        0.0,
                        0.0,
                        0.0
                    ],
                    [
                        -0.8859147524932971,
                        -0.0,
                        0.0,
                        0.0,
                        0.0,
                        0.0
                    ],
                    [
                        0.0,
                        0.0,
                        0.0,
                        0.0,
                        0.0,
                        0.0
                    ],
                    [
                        0.8347524734407761,
                        0.7634389245222588,
                        -0.9946449519842796,
                        -0.6642715087043716,
                        0.0,
                        0.0
                    ],
                    [
                        0.7878459563353746,
                        -0.8292124989064518,
                        0.0,
                        0.9457074016076139,
                        0.0,
                        0.0
                    ]
                ]
            },
            "est_params": {
                "mui": [
                    0.001715207092390798,
                    -0.0031621400905397007,
                    -0.002989156879680589,
                    4.000000122599339,
                    -2.6431889943388427,
                    3.786009475025836
                ],
                "Si": [
                    [
                        0.9946394587270433,
                        -0.5706494354343875,
                        -0.8812707892579824,
                        -2.3073873165508153e-07,
                        1.272866276491832,
                        1.2678042017303157
                    ],
                    [
                        -0.5706494354343875,
                        1.3270261924017663,
                        0.5082192450431633,
                        1.5932352966593798e-07,
                        0.04407996477010858,
                        -1.5606804793324829
                    ],
                    [
                        -0.8812707892579824,
                        0.5082192450431633,
                        1.7906765487709828,
                        5.610884777014544e-07,
                        -2.1291447096643004,
                        -1.106397756274725
                    ],
                    [
                        -2.3073873165508153e-07,
                        1.59323529665938e-07,
                        5.610884777014545e-07,
                        1.0005011048439732e-06,
                        -5.088012776623256e-07,
                        -1.9729690786703428e-07
                    ],
                    [
                        1.272866276491832,
                        0.04407996477010857,
                        -2.1291447096643004,
                        -5.088012776623257e-07,
                        4.223675125663169,
                        0.9531147228620236
                    ],
                    [
                        1.2678042017303157,
                        -1.5606804793324829,
                        -1.106397756274725,
                        -1.9729690786703428e-07,
                        0.9531147228620236,
                        3.304715620420463
                    ]
                ]
            },
            "est_tgt": [
                3,
                4
            ],
            "oracle_est_tgt": [
                3,
                4
            ]
        },
        "4": {
            "intv_type": "do",
            "inode": 4,
            "new_mui": 4.0,
            "new_sigmai": 0.0,
            "true_params": {
                "Si": [
                    [
                        1.0,
                        -0.571300330486531,
                        -0.8859147524932971,
                        -0.07314305671245436,
                        0.0,
                        1.192403400895019
                    ],
                    [
                        -0.571300330486531,
                        1.3263840676140195,
                        0.506123390882314,
                        0.7709187082336446,
                        0.0,
                        -0.8208873740284635
                    ],
                    [
                        -0.8859147524932971,
                        0.506123390882314,
                        1.7848449486852598,
                        0.7286281878319334,
                        0.0,
                        -0.4285791268656264
                    ],
                    [
                        -0.07314305671245436,
                        0.7709187082336446,
                        0.7286281878319334,
                        1.9776532986922288,
                        0.0,
                        1.1734004724138838
                    ],
                    [
                        0.0,
                        0.0,
                        0.0,
                        0.0,
                        1e-09,
                        0.0
                    ],
                    [
                        1.192403400895019,
                        -0.8208873740284635,
                        -0.4285791268656264,
                        1.1734004724138838,
                        0.0,
                        3.7298137802662676
                    ]
                ],
                "mui": [
                    0.0,
                    0.0,
                    0.0,
                    0.0,
                    4.0,
                    0.0
                ],
                "Ai": [
                    [
                        0.0,
                        0.0,
                        0.0,
                        0.0,
                        0.0,
                        0.0
                    ],
                    [
                        -0.571300330486531,
                        0.0,
                        0.0,
                        0.0,
                        0.0,
                        0.0
                    ],
                    [
                        -0.8859147524932971,
                        -0.0,
                        0.0,
                        0.0,
                        0.0,
                        0.0
                    ],
                    [
                        0.9315068298027402,
                        0.7291320557610244,
                        0.6638296748479162,
                        0.0,
                        0.0,
                        0.0
                    ],
                    [
                        0.0,
                        0.0,
                        0.0,
                        0.0,
                        0.0,
                        0.0
                    ],
                    [
                        0.7878459563353746,
                        -0.8292124989064518,
                        0.0,
                        0.9457074016076139,
                        0.0,
                        0.0
                    ]
                ]
            },
            "est_params": {
                "mui": [
                    0.006210460941177416,
                    0.00821371575153044,
                    -5.018384432449256e-05,
                    -0.0011996284885472492,
                    3.9999997457572936,
                    0.0014074772159755626
                ],
                "Si": [
                    [
                        0.984896057331127,
                        -0.5746401029047616,
                        -0.868385182509604,
                        -0.09971833366396544,
                        -1.925794143560913e-07,
                        1.156511450830475
                    ],
                    [
                        -0.5746401029047616,
                        1.331971985968647,
                        0.5020811900405368,
                        0.7729567495140821,
                        -6.635144683932174e-07,
                        -0.8302165620172274
                    ],
                    [
                        -0.868385182509604,
                        0.5020811900405369,
                        1.776138188971702,
                        0.7550080986352188,
                        2.3862749588902247e-07,
                        -0.37689484938662926
                    ],
                    [
                        -0.09971833366396544,
                        0.7729567495140821,
                        0.7550080986352189,
                        1.9767334199945026,
                        -2.765871819655028e-07,
                        1.148651242914961
                    ],
                    [
                        -1.9257941435609134e-07,
                        -6.635144683932174e-07,
                        2.386274958890224e-07,
                        -2.765871819655028e-07,
                        1.0014543906953713e-06,
                        9.771706422256478e-07
                    ],
                    [
                        1.156511450830475,
                        -0.8302165620172275,
                        -0.3768948493866292,
                        1.1486512429149613,
                        9.771706422256478e-07,
                        3.7007808256419232
                    ]
                ]
            },
            "est_tgt": [
                3,
                4
            ],
            "oracle_est_tgt": [
                3,
                4
            ]
        },
        "5": {
            "intv_type": "do",
            "inode": 5,
            "new_mui": 4.0,
            "new_sigmai": 0.0,
            "true_params": {
                "Si": [
                    [
                        1.0,
                        -0.571300330486531,
                        -0.8859147524932971,
                        -0.07314305671245436,
                        1.3283570486444196,
                        0.0
                    ],
                    [
                        -0.571300330486531,
                        1.3263840676140195,
                        0.506123390882314,
                        0.7709187082336446,
                        -0.47979354709750655,
                        0.0
                    ],
                    [
                        -0.8859147524932971,
                        0.506123390882314,
                        1.7848449486852598,
                        0.7286281878319334,
                        -2.612419197590785,
                        0.0
                    ],
                    [
                        -0.07314305671245436,
                        0.7709187082336446,
                        0.7286281878319334,
                        1.9776532986922288,
                        -1.5109320873147079,
                        0.0
                    ],
                    [
                        1.3283570486444196,
                        -0.47979354709750655,
                        -2.612419197590785,
                        -1.5109320873147079,
                        5.344654966920461,
                        0.0
                    ],
                    [
                        0.0,
                        0.0,
                        0.0,
                        0.0,
                        0.0,
                        1e-09
                    ]
                ],
                "mui": [
                    0.0,
                    0.0,
                    0.0,
                    0.0,
                    0.0,
                    4.0
                ],
                "Ai": [
                    [
                        0.0,
                        0.0,
                        0.0,
                        0.0,
                        0.0,
                        0.0
                    ],
                    [
                        -0.571300330486531,
                        0.0,
                        0.0,
                        0.0,
                        0.0,
                        0.0
                    ],
                    [
                        -0.8859147524932971,
                        -0.0,
                        0.0,
                        0.0,
                        0.0,
                        0.0
                    ],
                    [
                        0.9315068298027402,
                        0.7291320557610244,
                        0.6638296748479162,
                        0.0,
                        0.0,
                        0.0
                    ],
                    [
                        0.8347524734407761,
                        0.7634389245222588,
                        -0.9946449519842796,
                        -0.6642715087043716,
                        0.0,
                        0.0
                    ],
                    [
                        0.0,
                        0.0,
                        0.0,
                        0.0,
                        0.0,
                        0.0
                    ]
                ]
            },
            "est_params": {
                "mui": [
                    0.002016499612166142,
                    -0.0025770233684334833,
                    -0.019486438525215557,
                    -0.006061020469324365,
                    0.027291368336035623,
                    4.000000037130226
                ],
                "Si": [
                    [
                        1.0103398444039933,
                        -0.5922472510148578,
                        -0.8955181144602262,
                        -0.0839390982946572,
                        1.3463664640950592,
                        1.0548945720543421e-07
                    ],
                    [
                        -0.5922472510148579,
                        1.3590532433621056,
                        0.5213781002207368,
                        0.7869256459246642,
                        -0.5057489388492818,
                        -3.0014455808591646e-07
                    ],
                    [
                        -0.8955181144602262,
                        0.5213781002207367,
                        1.7802957336076284,
                        0.7268346929251516,
                        -2.6137084960637167,
                        -1.3558509949878472e-07
                    ],
                    [
                        -0.08393909829465719,
                        0.7869256459246642,
                        0.7268346929251516,
                        1.9777908457612625,
                        -1.5066224951116314,
                        -3.464802698988577e-07
                    ],
                    [
                        1.3463664640950592,
                        -0.5057489388492818,
                        -2.6137084960637167,
                        -1.5066224951116314,
                        5.35169800565041,
                        7.79959047126602e-08
                    ],
                    [
                        1.0548945720543426e-07,
                        -3.001445580859165e-07,
                        -1.3558509949878474e-07,
                        -3.464802698988577e-07,
                        7.799590471266022e-08,
                        1.001309529556777e-06
                    ]
                ]
            },
            "est_tgt": [
                5
            ],
            "oracle_est_tgt": [
                5
            ]
        },
        "obs": {
            "intv_type": "obs",
            "true_params": {
                "Si": [
                    [
                        1.0,
                        -0.571300330486531,
                        -0.8859147524932971,
                        -0.07314305671245436,
                        1.3283570486444196,
                        1.192403400895019
                    ],
                    [
                        -0.571300330486531,
                        1.3263840676140195,
                        0.506123390882314,
                        0.7709187082336446,
                        -0.47979354709750655,
                        -0.8208873740284635
                    ],
                    [
                        -0.8859147524932971,
                        0.506123390882314,
                        1.7848449486852598,
                        0.7286281878319334,
                        -2.612419197590785,
                        -0.4285791268656264
                    ],
                    [
                        -0.07314305671245436,
                        0.7709187082336446,
                        0.7286281878319334,
                        1.9776532986922288,
                        -1.5109320873147079,
                        1.1734004724138838
                    ],
                    [
                        1.3283570486444196,
                        -0.47979354709750655,
                        -2.612419197590785,
                        -1.5109320873147079,
                        5.344654966920461,
                        0.015491877192051496
                    ],
                    [
                        1.192403400895019,
                        -0.8208873740284635,
                        -0.4285791268656264,
                        1.1734004724138838,
                        0.015491877192051496,
                        3.7298137802662676
                    ]
                ],
                "mui": [
                    0.0,
                    0.0,
                    0.0,
                    0.0,
                    0.0,
                    0.0
                ],
                "Ai": [
                    [
                        0.0,
                        0.0,
                        0.0,
                        0.0,
                        0.0,
                        0.0
                    ],
                    [
                        -0.571300330486531,
                        0.0,
                        0.0,
                        0.0,
