{
    "expt_args": {
        "save_dir": "all_expt_logs/expt_logs_11.05.24-mean_shift",
        "exp_name": "381",
        "num_nodes": 6,
        "obs_noise_mean": 0.0,
        "obs_noise_var": 1.0,
        "max_edge_strength": 1.0,
        "graph_sparsity_method": "adj_dense_prop",
        "adj_dense_prop": 0.8,
        "num_parents": null,
        "new_noise_mean": 4.0,
        "mix_samples": 32768,
        "stage2_samples": 32768,
        "gmm_tol": 0.001,
        "intv_type": "do",
        "new_noise_sigma": 0.0,
        "intv_targets": [
            0,
            1,
            2,
            3,
            4,
            5
        ]
    },
    "intv_args_dict": {
        "0": {
            "intv_type": "do",
            "inode": 0,
            "new_mui": 4.0,
            "new_sigmai": 0.0,
            "true_params": {
                "Si": [
                    [
                        1e-09,
                        -8.802449991246487e-10,
                        -1.7788580853581523e-09,
                        3.1119288626815904e-11,
                        -1.457068571363843e-09,
                        -4.855057319261703e-10
                    ],
                    [
                        -8.802449991246487e-10,
                        1.0000000007748313,
                        0.9757718880198535,
                        -0.022524120966102523,
                        0.8030362563252968,
                        -0.10368406460248562
                    ],
                    [
                        -1.7788580853581523e-09,
                        0.9757718880198535,
                        1.952130777558378,
                        -0.8256311813708254,
                        2.1472953552664458,
                        0.7505829067709167
                    ],
                    [
                        3.1119288626815904e-11,
                        -0.022524120966102523,
                        -0.8256311813708254,
                        1.6463651225455154,
                        -1.8067915520136273,
                        -1.9095061885789604
                    ],
                    [
                        -1.457068571363843e-09,
                        0.8030362563252968,
                        2.1472953552664458,
                        -1.8067915520136273,
                        3.9844893558635253,
                        2.878457064484669
                    ],
                    [
                        -4.855057319261703e-10,
                        -0.10368406460248562,
                        0.7505829067709167,
                        -1.9095061885789604,
                        2.878457064484669,
                        4.14494758241432
                    ]
                ],
                "mui": [
                    4.0,
                    -3.520979996498595,
                    -7.115432341432609,
                    0.1244771545072636,
                    -5.828274285455372,
                    -1.9420229277046812
                ],
                "Ai": [
                    [
                        0.0,
                        0.0,
                        0.0,
                        0.0,
                        0.0,
                        0.0
                    ],
                    [
                        -0.8802449991246487,
                        0.0,
                        0.0,
                        0.0,
                        0.0,
                        0.0
                    ],
                    [
                        -0.9199397620205744,
                        0.9757718864540226,
                        0.0,
                        0.0,
                        0.0,
                        0.0
                    ],
                    [
                        -0.72801960091917,
                        0.7616576656568291,
                        -0.8036527773363851,
                        0.0,
                        0.0,
                        0.0
                    ],
                    [
                        0.0,
                        0.0,
                        0.8069843702619979,
                        -0.6927503974835276,
                        0.0,
                        0.0
                    ],
                    [
                        -0.6867275778259908,
                        -0.0,
                        -0.9011738477819331,
                        -0.5692570026275884,
                        0.9499372189993904,
                        0.0
                    ]
                ]
            },
            "est_params": {
                "mui": [
                    3.9999999999910836,
                    -3.536394615576836,
                    -7.126757167056474,
                    0.12755725964293485,
                    -5.8242159696999645,
                    -1.940905910706625
                ],
                "Si": [
                    [
                        1.000000000001006e-06,
                        -2.2559205058602154e-11,
                        -1.6059824422718444e-11,
                        -8.230039359711592e-12,
                        2.1600319167110725e-11,
                        3.6865044880598644e-11
                    ],
                    [
                        -2.2559205058602154e-11,
                        1.0108598995640061,
                        0.9829054896548015,
                        -0.03146937629029459,
                        0.7995993168108597,
                        -0.10676322600617091
                    ],
                    [
                        -1.605982442271845e-11,
                        0.9829054896548015,
                        1.9783964138967987,
                        -0.8457017609029137,
                        2.1859150903305378,
                        0.7775979810511964
                    ],
                    [
                        -8.230039359711594e-12,
                        -0.03146937629029459,
                        -0.8457017609029137,
                        1.6294506019621475,
                        -1.8372019660275813,
                        -1.9006986741500573
                    ],
                    [
                        2.160031916711071e-11,
                        0.7995993168108597,
                        2.1859150903305378,
                        -1.8372019660275813,
                        4.051079083590158,
                        2.9172671259300844
                    ],
                    [
                        3.6865044880598644e-11,
                        -0.10676322600617091,
                        0.7775979810511964,
                        -1.9006986741500578,
                        2.9172671259300844,
                        4.161252989576134
                    ]
                ]
            },
            "est_tgt": [
                0,
                3
            ],
            "oracle_est_tgt": [
                0,
                3
            ]
        },
        "1": {
            "intv_type": "do",
            "inode": 1,
            "new_mui": 4.0,
            "new_sigmai": 0.0,
            "true_params": {
                "Si": [
                    [
                        1.0,
                        0.0,
                        -0.9199397620205744,
                        0.011292543810837774,
                        -0.7501999237467034,
                        -0.5767731116576105
                    ],
                    [
                        0.0,
                        1e-09,
                        9.757718864540227e-10,
                        -2.2524120938709924e-11,
                        8.030362550427196e-10,
                        -1.0368406502984963e-10
                    ],
                    [
                        -0.9199397620205744,
                        9.757718864540227e-10,
                        1.8462891666986017,
                        -0.8140412374243124,
                        2.053853891303495,
                        1.3823514206136651
                    ],
                    [
                        0.011292543810837774,
                        -2.2524120938709924e-11,
                        -0.8140412374243124,
                        1.6459853080667124,
                        -1.7971755317654179,
                        -1.9183548166139726
                    ],
                    [
                        -0.7501999237467034,
                        8.030362550427196e-10,
                        2.053853891303495,
                        -1.7971755317654179,
                        3.902422053061868,
                        3.394414271367856
                    ],
                    [
                        -0.5767731116576105,
                        -1.0368406502984963e-10,
                        1.3823514206136651,
                        -1.9183548166139726,
                        3.394414271367856,
                        4.466864419179442
                    ]
                ],
                "mui": [
                    0.0,
                    4.0,
                    3.9030875458160903,
                    -0.0900964837548397,
                    3.212145020170878,
                    -0.41473626011939846
                ],
                "Ai": [
                    [
                        0.0,
                        0.0,
                        0.0,
                        0.0,
                        0.0,
                        0.0
                    ],
                    [
                        0.0,
                        0.0,
                        0.0,
                        0.0,
                        0.0,
                        0.0
                    ],
                    [
                        -0.9199397620205744,
                        0.9757718864540226,
                        0.0,
                        0.0,
                        0.0,
                        0.0
                    ],
                    [
                        -0.72801960091917,
                        0.7616576656568291,
                        -0.8036527773363851,
                        0.0,
                        0.0,
                        0.0
                    ],
                    [
                        0.0,
                        0.0,
                        0.8069843702619979,
                        -0.6927503974835276,
                        0.0,
                        0.0
                    ],
                    [
                        -0.6867275778259908,
                        -0.0,
                        -0.9011738477819331,
                        -0.5692570026275884,
                        0.9499372189993904,
                        0.0
                    ]
                ]
            },
            "est_params": {
                "mui": [
                    0.016615175188302272,
                    3.9999999999836713,
                    3.8900789503207642,
                    -0.0771847379860716,
                    3.2146212556866836,
                    -0.4244681106655008
                ],
                "Si": [
                    [
                        1.0130874903366043,
                        1.3286328612999952e-11,
                        -0.9164104483693867,
                        -0.011371897688390004,
                        -0.7325835971783141,
                        -0.5327236541797176
                    ],
                    [
                        1.3286328612999958e-11,
                        1.0000000000010263e-06,
                        -3.080130377117845e-11,
                        1.9202125076822633e-11,
                        -3.4738343609524695e-11,
                        1.2133620399429052e-12
                    ],
                    [
                        -0.9164104483693869,
                        -3.080130377117844e-11,
                        1.8192595176385442,
                        -0.8037504898144879,
                        2.033423502943746,
                        1.3429428558188947
                    ],
                    [
                        -0.011371897688389998,
                        1.920212507682264e-11,
                        -0.8037504898144879,
                        1.6848257409062235,
                        -1.8262692535875318,
                        -1.9653681130821004
                    ],
                    [
                        -0.7325835971783141,
                        -3.4738343609524715e-11,
                        2.033423502943746,
                        -1.8262692535875318,
                        3.948092424998671,
                        3.424712234017501
                    ],
                    [
                        -0.5327236541797175,
                        1.213362039942906e-12,
                        1.3429428558188947,
                        -1.965368113082101,
                        3.424712234017501,
                        4.512702059091341
                    ]
                ]
            },
            "est_tgt": [
                1
            ],
            "oracle_est_tgt": [
                1
            ]
        },
        "2": {
            "intv_type": "do",
            "inode": 2,
            "new_mui": 4.0,
            "new_sigmai": 0.0,
            "true_params": {
                "Si": [
                    [
                        1.0,
                        -0.8802449991246487,
                        0.0,
                        -1.3984649521585475,
                        0.9687871514746162,
                        1.0296453615936558
                    ],
                    [
                        -0.8802449991246487,
                        1.7748312584839527,
                        0.0,
                        1.9926494462454816,
                        -1.3804086959318886,
                        -1.8411427326110288
                    ],
                    [
                        0.0,
                        0.0,
                        1e-09,
                        -8.036527773363852e-10,
                        1.3637151512005195e-09,
                        8.517549016366689e-10
                    ],
                    [
                        -1.3984649521585475,
                        1.9926494462454816,
                        -8.036527773363852e-10,
                        3.535826622715476,
                        -2.449445298967521,
                        -3.379248870455567
                    ],
                    [
                        0.9687871514746162,
                        -1.3804086959318886,
                        1.3637151512005195e-09,
                        -2.449445298967521,
                        2.6968542055744047,
                        3.2909132178905995
                    ],
                    [
                        1.0296453615936558,
                        -1.8411427326110288,
                        8.517549016366689e-10,
                        -3.379248870455567,
                        3.2909132178905995,
                        5.342736167344974
                    ]
                ],
                "mui": [
                    0.0,
                    0.0,
                    4.0,
                    -3.2146111093455403,
                    5.454860604802078,
                    3.407019606546675
                ],
                "Ai": [
                    [
                        0.0,
                        0.0,
                        0.0,
                        0.0,
                        0.0,
                        0.0
                    ],
                    [
                        -0.8802449991246487,
                        0.0,
                        0.0,
                        0.0,
                        0.0,
                        0.0
                    ],
                    [
                        0.0,
                        0.0,
                        0.0,
                        0.0,
                        0.0,
                        0.0
                    ],
                    [
                        -0.72801960091917,
                        0.7616576656568291,
                        -0.8036527773363851,
                        0.0,
                        0.0,
                        0.0
                    ],
                    [
                        0.0,
                        0.0,
                        0.8069843702619979,
                        -0.6927503974835276,
                        0.0,
                        0.0
                    ],
                    [
                        -0.6867275778259908,
                        -0.0,
                        -0.9011738477819331,
                        -0.5692570026275884,
                        0.9499372189993904,
                        0.0
                    ]
                ]
            },
            "est_params": {
                "mui": [
                    -0.0031928790638075886,
                    -0.019979721856564506,
                    3.999999620449997,
                    -3.2230429688399345,
                    5.419399887313487,
                    3.377587337749725
                ],
                "Si": [
                    [
                        1.0065621545984402,
                        -0.8889024891119701,
                        2.9077913192923864e-07,
                        -1.4027958276141663,
                        0.9606435209089786,
                        1.0462998842911355
                    ],
                    [
                        -0.8889024891119701,
                        1.790521700709164,
                        -6.520097473653065e-07,
                        1.9968680232563252,
                        -1.3757098136353993,
                        -1.875433390867769
                    ],
                    [
                        2.907791319292387e-07,
                        -6.520097473653066e-07,
                        1.0009983994080948e-06,
                        -5.067530675683441e-08,
                        1.9019465032130524e-07,
                        -4.348088032786947e-07
                    ],
                    [
                        -1.4027958276141663,
                        1.9968680232563252,
                        -5.067530675683436e-08,
                        3.5239183651332278,
                        -2.43437819950538,
                        -3.4065237507568833
                    ],
                    [
                        0.9606435209089789,
                        -1.3757098136353991,
                        1.901946503213053e-07,
                        -2.43437819950538,
                        2.6660492344340265,
                        3.310619409878103
                    ],
                    [
                        1.0462998842911355,
                        -1.875433390867769,
                        -4.348088032786947e-07,
                        -3.4065237507568833,
                        3.3106194098781034,
                        5.423055703389899
                    ]
                ]
            },
            "est_tgt": [
                2,
                3
            ],
            "oracle_est_tgt": [
                2,
                3
            ]
        },
        "3": {
            "intv_type": "do",
            "inode": 3,
            "new_mui": 4.0,
            "new_sigmai": 0.0,
            "true_params": {
                "Si": [
                    [
                        1.0,
                        -0.8802449991246487,
                        -1.7788580853581522,
                        0.0,
                        -1.4355106717982116,
                        -0.4473122077977222
                    ],
                    [
                        -0.8802449991246487,
                        1.7748312584839527,
                        2.5416028202429835,
                        0.0,
                        2.0510337513499017,
                        0.262415820921742
                    ],
                    [
                        -1.7788580853581522,
                        2.5416028202429835,
                        5.116466862238113,
                        0.0,
                        4.128908788789603,
                        0.5329689072872469
                    ],
                    [
                        0.0,
                        0.0,
                        0.0,
                        1e-09,
                        -6.927503974835277e-10,
                        -1.227326388673813e-09
                    ],
                    [
                        -1.4355106717982116,
                        2.0510337513499017,
                        4.128908788789603,
                        -6.927503974835277e-10,
                        4.33196485927051,
                        1.3800347978660452
                    ],
                    [
                        -0.4473122077977222,
                        0.262415820921742,
                        0.5329689072872469,
                        -1.227326388673813e-09,
                        1.3800347978660452,
                        2.137830406770666
                    ]
                ],
                "mui": [
                    0.0,
                    0.0,
                    0.0,
                    4.0,
                    -2.7710015899341105,
                    -4.909305554695251
                ],
                "Ai": [
                    [
                        0.0,
                        0.0,
                        0.0,
                        0.0,
                        0.0,
                        0.0
                    ],
                    [
                        -0.8802449991246487,
                        0.0,
                        0.0,
                        0.0,
                        0.0,
                        0.0
                    ],
                    [
                        -0.9199397620205744,
                        0.9757718864540226,
                        0.0,
                        0.0,
                        0.0,
                        0.0
                    ],
                    [
                        0.0,
                        0.0,
                        0.0,
                        0.0,
                        0.0,
                        0.0
                    ],
                    [
                        0.0,
                        0.0,
                        0.8069843702619979,
                        -0.6927503974835276,
                        0.0,
                        0.0
                    ],
                    [
                        -0.6867275778259908,
                        -0.0,
                        -0.9011738477819331,
                        -0.5692570026275884,
                        0.9499372189993904,
                        0.0
                    ]
                ]
            },
            "est_params": {
                "mui": [
                    -0.014351979042235724,
                    0.02096876676385525,
                    0.052900958404941696,
                    3.999999999997614,
                    -2.7269605311772307,
                    -4.878373908734077
                ],
                "Si": [
                    [
                        1.0060371936208192,
                        -0.8792356523695696,
                        -1.8047505373544204,
                        1.4705565433679947e-11,
                        -1.4511484817060518,
                        -0.43371287847609113
                    ],
                    [
                        -0.8792356523695696,
                        1.80135854087694,
                        2.5705244047151936,
                        -1.520736353662859e-11,
                        2.060071464464634,
                        0.21576352681172076
                    ],
                    [
                        -1.8047505373544204,
                        2.5705244047151936,
                        5.213663217514452,
                        -3.6647777949287483e-11,
                        4.204291228759001,
                        0.49459998206879896
                    ],
                    [
                        1.470556543367994e-11,
                        -1.5207363536628583e-11,
                        -3.664777794928748e-11,
                        1.0000000000010033e-06,
                        -3.8174076001672394e-11,
                        -1.7539065980045097e-11
                    ],
                    [
                        -1.4511484817060518,
                        2.060071464464634,
                        4.2042912287590015,
                        -3.817407600167238e-11,
                        4.367840704450427,
                        1.3432098159750951
                    ],
                    [
                        -0.43371287847609125,
                        0.21576352681172076,
                        0.49459998206879896,
                        -1.753906598004511e-11,
                        1.3432098159750951,
                        2.137187471042619
                    ]
                ]
            },
            "est_tgt": [
                2,
                3
            ],
            "oracle_est_tgt": [
                2,
                3
            ]
        },
        "4": {
            "intv_type": "do",
            "inode": 4,
            "new_mui": 4.0,
            "new_sigmai": 0.0,
            "true_params": {
                "Si": [
                    [
                        1.0,
                        -0.8802449991246487,
                        -1.7788580853581522,
                        0.0311192886268159,
                        0.0,
                        0.8986179346466135
                    ],
                    [
                        -0.8802449991246487,
                        1.7748312584839527,
                        2.5416028202429835,
                        -0.04991671912878118,
                        0.0,
                        -1.6575220349972177
                    ],
                    [
                        -1.7788580853581522,
                        2.5416028202429835,
                        5.116466862238113,
                        -0.8809879794998741,
                        0.0,
                        -2.887726648476657
                    ],
                    [
                        0.0311192886268159,
                        -0.04991671912878118,
                        -0.8809879794998741,
                        1.647333532669186,
                        0.0,
                        -0.1652032955020062
                    ],
                    [
                        0.0,
                        0.0,
                        0.0,
                        0.0,
                        1e-09,
                        9.499372189993906e-10
                    ],
                    [
                        0.8986179346466135,
                        -1.6575220349972177,
                        -2.887726648476657,
                        -0.1652032955020062,
                        9.499372189993906e-10,
                        3.079281151223324
                    ]
                ],
                "mui": [
                    0.0,
                    0.0,
                    0.0,
                    0.0,
                    4.0,
                    3.7997488759975617
                ],
                "Ai": [
                    [
                        0.0,
                        0.0,
                        0.0,
                        0.0,
                        0.0,
                        0.0
                    ],
                    [
                        -0.8802449991246487,
                        0.0,
                        0.0,
                        0.0,
                        0.0,
                        0.0
                    ],
                    [
                        -0.9199397620205744,
                        0.9757718864540226,
                        0.0,
                        0.0,
                        0.0,
                        0.0
                    ],
                    [
                        -0.72801960091917,
                        0.7616576656568291,
                        -0.8036527773363851,
                        0.0,
                        0.0,
                        0.0
                    ],
                    [
                        0.0,
                        0.0,
                        0.0,
                        0.0,
                        0.0,
                        0.0
                    ],
                    [
                        -0.6867275778259908,
                        -0.0,
                        -0.9011738477819331,
                        -0.5692570026275884,
                        0.9499372189993904,
                        0.0
                    ]
                ]
            },
            "est_params": {
                "mui": [
                    0.010551999753127813,
                    0.007348235930771622,
                    -0.023087082206581108,
                    0.024246705120128453,
                    3.999999609853197,
                    3.8148455461784443
                ],
                "Si": [
                    [
                        0.988180426414099,
                        -0.8791230581956284,
                        -1.7765260058894974,
                        0.029246333706670444,
                        4.6490860492332263e-07,
                        0.912022164239409
                    ],
                    [
                        -0.8791230581956284,
                        1.7832299557290783,
                        2.5678607821237924,
                        -0.04036256972277843,
                        -5.208866803711021e-07,
                        -1.6933651679738777
                    ],
                    [
                        -1.7765260058894974,
                        2.5678607821237924,
                        5.179964630915308,
                        -0.8976988263989404,
                        -1.1164544497416138e-06,
                        -2.9179846991525533
                    ],
                    [
                        0.029246333706670444,
                        -0.040362569722778414,
                        -0.8976988263989404,
                        1.7286228395549552,
                        -8.370689318228866e-08,
                        -0.22703689444924413
                    ],
                    [
                        4.6490860492332263e-07,
                        -5.208866803711021e-07,
                        -1.1164544497416138e-06,
                        -8.370689318228866e-08,
                        1.0014667311830489e-06,
                        1.145141501199713e-06
                    ],
                    [
                        0.9120221642394087,
                        -1.6933651679738777,
                        -2.9179846991525533,
                        -0.22703689444924413,
                        1.145141501199713e-06,
                        3.133169636286217
                    ]
                ]
            },
            "est_tgt": [
                4
            ],
            "oracle_est_tgt": [
                4
            ]
        },
        "5": {
            "intv_type": "do",
            "inode": 5,
            "new_mui": 4.0,
            "new_sigmai": 0.0,
            "true_params": {
                "Si": [
                    [
                        1.0,
                        -0.8802449991246487,
                        -1.7788580853581522,
                        0.0311192886268159,
                        -1.457068571363843,
                        0.0
                    ],
                    [
                        -0.8802449991246487,
                        1.7748312584839527,
                        2.5416028202429835,
                        -0.04991671912878118,
                        2.0856135783674388,
                        0.0
                    ],
                    [
                        -1.7788580853581522,
                        2.5416028202429835,
                        5.116466862238113,
                        -0.8809879794998741,
                        4.739213561766351,
                        0.0
                    ],
                    [
                        0.0311192886268159,
                        -0.04991671912878118,
                        -0.8809879794998741,
                        1.647333532669186,
                        -1.852134489389618,
                        0.0
                    ],
                    [
                        -1.457068571363843,
                        2.0856135783674388,
                        4.739213561766351,
                        -1.852134489389618,
                        6.107538175396747,
                        0.0
                    ],
                    [
                        0.0,
                        0.0,
                        0.0,
                        0.0,
                        0.0,
                        1e-09
                    ]
                ],
                "mui": [
                    0.0,
                    0.0,
                    0.0,
                    0.0,
                    0.0,
                    4.0
                ],
                "Ai": [
                    [
                        0.0,
                        0.0,
                        0.0,
                        0.0,
                        0.0,
                        0.0
                    ],
                    [
                        -0.8802449991246487,
                        0.0,
                        0.0,
                        0.0,
                        0.0,
                        0.0
                    ],
                    [
                        -0.9199397620205744,
                        0.9757718864540226,
                        0.0,
                        0.0,
                        0.0,
                        0.0
                    ],
                    [
                        -0.72801960091917,
                        0.7616576656568291,
                        -0.8036527773363851,
                        0.0,
                        0.0,
                        0.0
                    ],
                    [
                        0.0,
                        0.0,
                        0.8069843702619979,
                        -0.6927503974835276,
                        0.0,
                        0.0
                    ],
                    [
                        0.0,
                        0.0,
                        0.0,
                        0.0,
                        0.0,
                        0.0
                    ]
                ]
            },
            "est_params": {
                "mui": [
                    0.0012361872132699053,
                    0.00400982678402692,
                    0.00989447521092805,
                    -0.028235235549735026,
                    0.021445857734494544,
                    4.000000017661299
                ],
                "Si": [
                    [
                        1.0197321278504006,
                        -0.9153377256364414,
                        -1.8295275238941981,
                        0.03426985023403411,
                        -1.4957638060808722,
                        -1.736060791886893e-08
                    ],
                    [
                        -0.9153377256364414,
                        1.8644683511130207,
                        2.6485620185414764,
                        -0.048235961137329725,
                        2.168682354620538,
                        8.343036544971468e-09
                    ],
                    [
                        -1.8295275238941977,
                        2.6485620185414764,
                        5.277574346578526,
                        -0.8990660244166147,
                        4.852134332112039,
                        3.546657660662594e-08
                    ],
                    [
                        0.03426985023403411,
                        -0.04823596113732972,
                        -0.8990660244166147,
                        1.6911835308421863,
                        -1.8860829755301827,
                        -9.019912891608954e-09
                    ],
                    [
                        -1.4957638060808722,
                        2.168682354620538,
                        4.852134332112039,
                        -1.8860829755301827,
                        6.1708390750520685,
                        7.412296274216856e-08
                    ],
                    [
                        -1.7360607918868924e-08,
                        8.34303654497147e-09,
                        3.546657660662595e-08,
                        -9.019912891608954e-09,
                        7.412296274216856e-08,
                        1.0000342490071439e-06
                    ]
                ]
            },
            "est_tgt": [
                5
            ],
            "oracle_est_tgt": [
                5
            ]
        },
        "obs": {
            "intv_type": "obs",
            "true_params": {
                "Si": [
                    [
                        1.0,
                        -0.8802449991246487,
                        -1.7788580853581522,
                        0.0311192886268159,
                        -1.457068571363843,
                        -0.4855057319261703
                    ],
                    [
                        -0.8802449991246487,
                        1.7748312584839527,
                        2.5416028202429835,
                        -0.04991671912878118,
                        2.0856135783674388,
                        0.3236799275445141
                    ],
                    [
                        -1.7788580853581522,
                        2.5416028202429835,
                        5.116466862238113,
                        -0.8809879794998741,
                        4.739213561766351,
                        1.6142287026318665
                    ],
                    [
                        0.0311192886268159,
                        -0.04991671912878118,
                        -0.8809879794998741,
                        1.647333532669186,
                        -1.852134489389618,
                        -1.9246147815656358
                    ],
                    [
                        -1.457068571363843,
                        2.0856135783674388,
                        4.739213561766351,
                        -1.852134489389618,
                        6.107538175396747,
                        3.5858722069838755
                    ],
                    [
                        -0.4855057319261703,
                        0.3236799275445141,
                        1.6142287026318665,
                        -1.9246147815656358,
                        3.5858722069838755,
                        4.38066339791177
                    ]
                ],
                "mui": [
                    0.0,
                    0.0,
                    0.0,
                    0.0,
                    0.0,
                    0.0
                ],
                "Ai": [
                    [
                        0.0,
                        0.0,
                        0.0,
                        0.0,
                        0.0,
                        0.0
                    ],
