{
    "expt_args": {
        "save_dir": "all_expt_logs/expt_logs_11.05.24-mean_shift",
        "exp_name": "296",
        "num_nodes": 6,
        "obs_noise_mean": 0.0,
        "obs_noise_var": 1.0,
        "max_edge_strength": 1.0,
        "graph_sparsity_method": "adj_dense_prop",
        "adj_dense_prop": 0.8,
        "num_parents": null,
        "new_noise_mean": 0.5,
        "mix_samples": 1024,
        "stage2_samples": 1024,
        "gmm_tol": 0.001,
        "intv_type": "do",
        "new_noise_sigma": 0.0,
        "intv_targets": [
            0,
            1,
            2,
            3,
            4,
            5
        ]
    },
    "intv_args_dict": {
        "0": {
            "intv_type": "do",
            "inode": 0,
            "new_mui": 0.5,
            "new_sigmai": 0.0,
            "true_params": {
                "Si": [
                    [
                        1e-09,
                        -8.515343777213967e-10,
                        6.074611688074493e-10,
                        1.4702902506217598e-09,
                        1.1740119539328602e-09,
                        1.5719212853801029e-09
                    ],
                    [
                        -8.515343777213967e-10,
                        1.0000000007251109,
                        -0.7133724546428987,
                        -0.9914577631872724,
                        -2.077972836423356,
                        -1.7635320914515074
                    ],
                    [
                        6.074611688074493e-10,
                        -0.7133724546428987,
                        1.5089002586742253,
                        1.3335872266842457,
                        2.77615642402965,
                        2.9054452808467275
                    ],
                    [
                        1.4702902506217598e-09,
                        -0.9914577631872724,
                        1.3335872266842457,
                        2.375250919463067,
                        3.39498648156765,
                        4.124071743838824
                    ],
                    [
                        1.1740119539328602e-09,
                        -2.077972836423356,
                        2.77615642402965,
                        3.39498648156765,
                        7.266909844529342,
                        7.335408228516941
                    ],
                    [
                        1.5719212853801029e-09,
                        -1.7635320914515074,
                        2.9054452808467275,
                        4.124071743838824,
                        7.335408228516941,
                        9.326519447054867
                    ]
                ],
                "mui": [
                    0.5,
                    -0.4257671888606983,
                    0.30373058440372463,
                    0.7351451253108798,
                    0.5870059769664301,
                    0.7859606426900514
                ],
                "Ai": [
                    [
                        0.0,
                        0.0,
                        0.0,
                        0.0,
                        0.0,
                        0.0
                    ],
                    [
                        -0.8515343777213966,
                        0.0,
                        0.0,
                        0.0,
                        0.0,
                        0.0
                    ],
                    [
                        0.0,
                        -0.7133724541256246,
                        0.0,
                        0.0,
                        0.0,
                        0.0
                    ],
                    [
                        0.6260298822751611,
                        -0.5446664810296586,
                        0.6263085689974389,
                        0.0,
                        0.0,
                        0.0
                    ],
                    [
                        -0.9237770839793834,
                        -0.8693678374186358,
                        0.9653179512236779,
                        0.5244537710956986,
                        0.0,
                        0.0
                    ],
                    [
                        -0.0,
                        0.8692593273891595,
                        -0.0,
                        0.9060750685472134,
                        0.8346866851805332,
                        0.0
                    ]
                ]
            },
            "est_params": {
                "mui": [
                    0.49999901358630555,
                    -0.4532987428535696,
                    0.4280188316267414,
                    0.7707093429449606,
                    0.7198676361535111,
                    0.9684973345613788
                ],
                "Si": [
                    [
                        1.002950634310426e-06,
                        -5.498947103366166e-07,
                        2.0070853980391062e-06,
                        4.3251510537698534e-07,
                        1.4314803946410646e-06,
                        -2.8674341809345973e-06
                    ],
                    [
                        -5.498947103366167e-07,
                        1.1041610302630742,
                        -0.7523002187936311,
                        -1.022381821379802,
                        -2.1646938876367527,
                        -1.6006816796775267
                    ],
                    [
                        2.0070853980391062e-06,
                        -0.7523002187936311,
                        1.5631287859047729,
                        1.3696836430253796,
                        2.850983131444272,
                        2.8035635666400482
                    ],
                    [
                        4.3251510537698545e-07,
                        -1.0223818213798017,
                        1.3696836430253796,
                        2.4635461253737754,
                        3.4244025531428472,
                        4.04482176583637
                    ],
                    [
                        1.4314803946410648e-06,
                        -2.1646938876367527,
                        2.850983131444272,
                        3.4244025531428472,
                        7.261847131602673,
                        6.982531863205002
                    ],
                    [
                        -2.8674341809345977e-06,
                        -1.6006816796775267,
                        2.8035635666400487,
                        4.04482176583637,
                        6.982531863205002,
                        8.655550409661284
                    ]
                ]
            },
            "est_tgt": [
                0,
                1
            ],
            "oracle_est_tgt": [
                0
            ]
        },
        "1": {
            "intv_type": "do",
            "inode": 1,
            "new_mui": 0.5,
            "new_sigmai": 0.0,
            "true_params": {
                "Si": [
                    [
                        1.0,
                        0.0,
                        0.0,
                        0.6260298822751611,
                        -0.595453351401579,
                        0.07021308443404733
                    ],
                    [
                        0.0,
                        1e-09,
                        -7.133724541256246e-10,
                        -9.914577619352696e-10,
                        -2.0779728354236446e-09,
                        -1.7635320901129625e-09
                    ],
                    [
                        0.0,
                        -7.133724541256246e-10,
                        1.0000000005089003,
                        0.6263085697047176,
                        1.293787843586304,
                        1.6473900660967258
                    ],
                    [
                        0.6260298822751611,
                        -9.914577619352696e-10,
                        0.6263085697047176,
                        1.7841758380840602,
                        0.9619925936520404,
                        2.419559653094108
                    ],
                    [
                        -0.595453351401579,
                        -2.0779728354236446e-09,
                        1.293787843586304,
                        0.9619925936520404,
                        3.3035034364058,
                        3.6290278362449446
                    ],
                    [
                        0.07021308443404733,
                        -1.7635320901129625e-09,
                        1.6473900660967258,
                        2.419559653094108,
                        3.6290278362449446,
                        6.221403892061525
                    ]
                ],
                "mui": [
                    0.0,
                    0.5,
                    -0.3566862270628123,
                    -0.49572888096763484,
                    -1.0389864177118222,
                    -0.8817660450564812
                ],
                "Ai": [
                    [
                        0.0,
                        0.0,
                        0.0,
                        0.0,
                        0.0,
                        0.0
                    ],
                    [
                        0.0,
                        0.0,
                        0.0,
                        0.0,
                        0.0,
                        0.0
                    ],
                    [
                        0.0,
                        -0.7133724541256246,
                        0.0,
                        0.0,
                        0.0,
                        0.0
                    ],
                    [
                        0.6260298822751611,
                        -0.5446664810296586,
                        0.6263085689974389,
                        0.0,
                        0.0,
                        0.0
                    ],
                    [
                        -0.9237770839793834,
                        -0.8693678374186358,
                        0.9653179512236779,
                        0.5244537710956986,
                        0.0,
                        0.0
                    ],
                    [
                        -0.0,
                        0.8692593273891595,
                        -0.0,
                        0.9060750685472134,
                        0.8346866851805332,
                        0.0
                    ]
                ]
            },
            "est_params": {
                "mui": [
                    0.030378354390247324,
                    0.5000007886440122,
                    -0.38244775301525186,
                    -0.4412370715366571,
                    -1.0894021763279924,
                    -0.841643158248615
                ],
                "Si": [
                    [
                        0.9934975883617941,
                        -1.9051395000421366e-07,
                        -0.01937290966704777,
                        0.6891173888096984,
                        -0.5286813491863304,
                        0.22608374903201175
                    ],
                    [
                        -1.905139500042136e-07,
                        1.0006241023443428e-06,
                        1.2561738637481445e-06,
                        8.146835893596549e-08,
                        2.5884118042486534e-06,
                        1.0581903539365272e-06
                    ],
                    [
                        -0.01937290966704777,
                        1.2561738637481445e-06,
                        0.8856604647649251,
                        0.3990644092308707,
                        0.985731148648996,
                        1.0947409778653963
                    ],
                    [
                        0.6891173888096984,
                        8.14683589359655e-08,
                        0.3990644092308707,
                        1.5328749130051953,
                        0.5640724847428209,
                        2.006510730130611
                    ],
                    [
                        -0.5286813491863304,
                        2.5884118042486534e-06,
                        0.985731148648996,
                        0.5640724847428209,
                        2.5510205196572286,
                        2.5564689370815916
                    ],
                    [
                        0.22608374903201175,
                        1.058190353936527e-06,
                        1.0947409778653963,
                        2.006510730130611,
                        2.556468937081591,
                        4.789667333087874
                    ]
                ]
            },
            "est_tgt": [
                1
            ],
            "oracle_est_tgt": [
                1,
                2,
                3,
                4
            ]
        },
        "2": {
            "intv_type": "do",
            "inode": 2,
            "new_mui": 0.5,
            "new_sigmai": 0.0,
            "true_params": {
                "Si": [
                    [
                        1.0,
                        -0.8515343777213966,
                        0.0,
                        1.0898321152644543,
                        0.388086079179536,
                        0.5711957911114243
                    ],
                    [
                        -0.8515343777213966,
                        1.7251107964413661,
                        0.0,
                        -1.4726959931221693,
                        -1.485488865320547,
                        -1.0747222491979755
                    ],
                    [
                        0.0,
                        0.0,
                        1e-09,
                        6.263085689974389e-10,
                        1.2937878421039354e-09,
                        1.6473900648386706e-09
                    ],
                    [
                        1.0898321152644543,
                        -1.4726959931221693,
                        6.263085689974389e-10,
                        2.4843956154112887,
                        1.5765032472502858,
                        2.2867804687257802
                    ],
                    [
                        0.388086079179536,
                        -1.485488865320547,
                        1.2937878421039354e-09,
                        1.5765032472502858,
                        2.7597342902096664,
                        2.4406687025787406
                    ],
                    [
                        0.5711957911114243,
                        -1.0747222491979755,
                        1.6473900648386706e-09,
                        2.2867804687257802,
                        2.4406687025787406,
                        4.174976099464465
                    ]
                ],
                "mui": [
                    0.0,
                    0.0,
                    0.5,
                    0.31315428449871946,
                    0.6468939210519676,
                    0.8236950324193353
                ],
                "Ai": [
                    [
                        0.0,
                        0.0,
                        0.0,
                        0.0,
                        0.0,
                        0.0
                    ],
                    [
                        -0.8515343777213966,
                        0.0,
                        0.0,
                        0.0,
                        0.0,
                        0.0
                    ],
                    [
                        0.0,
                        0.0,
                        0.0,
                        0.0,
                        0.0,
                        0.0
                    ],
                    [
                        0.6260298822751611,
                        -0.5446664810296586,
                        0.6263085689974389,
                        0.0,
                        0.0,
                        0.0
                    ],
                    [
                        -0.9237770839793834,
                        -0.8693678374186358,
                        0.9653179512236779,
                        0.5244537710956986,
                        0.0,
                        0.0
                    ],
                    [
                        -0.0,
                        0.8692593273891595,
                        -0.0,
                        0.9060750685472134,
                        0.8346866851805332,
                        0.0
                    ]
                ]
            },
            "est_params": {
                "mui": [
                    -0.051320125889254296,
                    -0.043087000114436495,
                    0.49999708522586567,
                    0.44613300919392096,
                    0.7741279324089576,
                    0.9625380957340843
                ],
                "Si": [
                    [
                        0.8189660046720106,
                        -0.6670571334789047,
                        1.816106656753367e-06,
                        0.9062368093655413,
                        0.10946544396740193,
                        0.210132559895954
                    ],
                    [
                        -0.6670571334789047,
                        1.4405839824757898,
                        -1.5830320301352037e-06,
                        -1.330041944467896,
                        -1.1722459543359298,
                        -0.8395140120073078
                    ],
                    [
                        1.8161066567533675e-06,
                        -1.5830320301352037e-06,
                        1.0023271607608215e-06,
                        2.0504820923761702e-06,
                        -1.0030304632137882e-06,
                        -1.6345524942007816e-06
                    ],
                    [
                        0.9062368093655413,
                        -1.330041944467896,
                        2.0504820923761702e-06,
                        2.5241908407030826,
                        1.4801662056362834,
                        2.1930619616004265
                    ],
                    [
                        0.10946544396740193,
                        -1.1722459543359298,
                        -1.0030304632137884e-06,
                        1.4801662056362834,
                        2.7517354270960204,
                        2.7017391631773355
                    ],
                    [
                        0.21013255989595406,
                        -0.8395140120073077,
                        -1.6345524942007818e-06,
                        2.193061961600426,
                        2.7017391631773355,
                        4.667711334139735
                    ]
                ]
            },
            "est_tgt": [
                0,
                2,
                4
            ],
            "oracle_est_tgt": [
                1,
                2
            ]
        },
        "3": {
            "intv_type": "do",
            "inode": 3,
            "new_mui": 0.5,
            "new_sigmai": 0.0,
            "true_params": {
                "Si": [
                    [
                        1.0,
                        -0.8515343777213966,
                        0.6074611688074493,
                        0.0,
                        0.4029126873890386,
                        -0.40389834497291055
                    ],
                    [
                        -0.8515343777213966,
                        1.7251107964413661,
                        -1.2306465224959882,
                        0.0,
                        -1.9010930778264714,
                        -0.08724842876423583
                    ],
                    [
                        0.6074611688074493,
                        -1.2306465224959882,
                        1.8779093299141287,
                        0.0,
                        2.321505385673985,
                        0.867978666598303
                    ],
                    [
                        0.0,
                        0.0,
                        0.0,
                        1e-09,
                        5.244537710956986e-10,
                        1.3438296482735121e-09
                    ],
                    [
                        0.4029126873890386,
                        -1.9010930778264714,
                        2.321505385673985,
                        5.244537710956986e-10,
                        4.521538493275591,
                        2.1215250872079556
                    ],
                    [
                        -0.40389834497291055,
                        -0.08724842876423583,
                        0.867978666598303,
                        1.3438296482735121e-09,
                        2.1215250872079556,
                        2.6949672332832
                    ]
                ],
                "mui": [
                    0.0,
                    0.0,
                    0.0,
                    0.5,
                    0.2622268855478493,
                    0.6719148241367561
                ],
                "Ai": [
                    [
                        0.0,
                        0.0,
                        0.0,
                        0.0,
                        0.0,
                        0.0
                    ],
                    [
                        -0.8515343777213966,
                        0.0,
                        0.0,
                        0.0,
                        0.0,
                        0.0
                    ],
                    [
                        0.0,
                        -0.7133724541256246,
                        0.0,
                        0.0,
                        0.0,
                        0.0
                    ],
                    [
                        0.0,
                        0.0,
                        0.0,
                        0.0,
                        0.0,
                        0.0
                    ],
                    [
                        -0.9237770839793834,
                        -0.8693678374186358,
                        0.9653179512236779,
                        0.5244537710956986,
                        0.0,
                        0.0
                    ],
                    [
                        -0.0,
                        0.8692593273891595,
                        -0.0,
                        0.9060750685472134,
                        0.8346866851805332,
                        0.0
                    ]
                ]
            },
            "est_params": {
                "mui": [
                    -0.21418814268811362,
                    0.2886481158264453,
                    -0.2643217052026689,
                    0.5000013027643551,
                    -0.0038083583869202085,
                    0.7210887443317813
                ],
                "Si": [
                    [
                        1.2419503560593548,
                        -1.011522984289509,
                        0.867355577110499,
                        -4.00489162736596e-08,
                        0.5470500135914753,
                        -0.34188339316155375
                    ],
                    [
                        -1.011522984289509,
                        1.6932863620043164,
                        -1.3800346806157324,
                        -2.906848303974232e-07,
                        -1.8930541676064019,
                        -0.23629818169574832
                    ],
                    [
                        0.867355577110499,
                        -1.3800346806157326,
                        2.331347554238465,
                        9.95731075277463e-07,
                        2.5699475877300237,
                        1.0056902020125627
                    ],
                    [
                        -4.00489162736596e-08,
                        -2.9068483039742315e-07,
                        9.95731075277463e-07,
                        1.0020115355990968e-06,
                        3.2158783366403363e-06,
                        3.65563317681316e-06
                    ],
                    [
                        0.5470500135914753,
                        -1.8930541676064019,
                        2.5699475877300237,
                        3.2158783366403363e-06,
                        4.372213920543297,
                        2.0763943534125255
                    ],
                    [
                        -0.34188339316155375,
                        -0.2362981816957484,
                        1.0056902020125629,
                        3.65563317681316e-06,
                        2.0763943534125255,
                        2.448860179008788
                    ]
                ]
            },
            "est_tgt": [
                2,
                3,
                4,
                5
            ],
            "oracle_est_tgt": [
                1,
                3,
                4,
                5
            ]
        },
        "4": {
            "intv_type": "do",
            "inode": 4,
            "new_mui": 0.5,
            "new_sigmai": 0.0,
            "true_params": {
                "Si": [
                    [
                        1.0,
                        -0.8515343777213966,
                        0.6074611688074493,
                        1.4702902506217597,
                        0.0,
                        0.5919891391895629
                    ],
                    [
                        -0.8515343777213966,
                        1.7251107964413661,
                        -1.2306465224959882,
                        -2.243460455568306,
                        0.0,
                        -0.5331749354756165
                    ],
                    [
                        0.6074611688074493,
                        -1.2306465224959882,
                        1.8779093299141287,
                        2.226731459919993,
                        0.0,
                        0.9478348917845737
                    ],
                    [
                        1.4702902506217597,
                        -2.243460455568306,
                        2.226731459919993,
                        4.53700433837471,
                        0.0,
                        2.1607175902603877
                    ],
                    [
                        0.0,
                        0.0,
                        0.0,
                        0.0,
                        1e-09,
                        8.346866851805333e-10
                    ],
                    [
                        0.5919891391895629,
                        -0.5331749354756165,
                        0.9478348917845737,
                        2.1607175902603877,
                        8.346866851805333e-10,
                        2.494305053610759
                    ]
                ],
                "mui": [
                    0.0,
                    0.0,
                    0.0,
                    0.0,
                    0.5,
                    0.4173433425902666
                ],
                "Ai": [
                    [
                        0.0,
                        0.0,
                        0.0,
                        0.0,
                        0.0,
                        0.0
                    ],
                    [
                        -0.8515343777213966,
                        0.0,
                        0.0,
                        0.0,
                        0.0,
                        0.0
                    ],
                    [
                        0.0,
                        -0.7133724541256246,
                        0.0,
                        0.0,
                        0.0,
                        0.0
                    ],
                    [
                        0.6260298822751611,
                        -0.5446664810296586,
                        0.6263085689974389,
                        0.0,
                        0.0,
                        0.0
                    ],
                    [
                        0.0,
                        0.0,
                        0.0,
                        0.0,
                        0.0,
                        0.0
                    ],
                    [
                        -0.0,
                        0.8692593273891595,
                        -0.0,
                        0.9060750685472134,
                        0.8346866851805332,
                        0.0
                    ]
                ]
            },
            "est_params": {
                "mui": [
                    0.014606175328534407,
                    -0.0061559552003563,
                    -0.037113766339487195,
                    -0.0890596548249363,
                    0.5000012964425935,
                    0.2669655882862678
                ],
                "Si": [
                    [
                        0.983252158881273,
                        -0.7531197966182817,
                        0.5021427249746093,
                        1.1994335343453866,
                        6.292985198410996e-07,
                        0.468662124774986
                    ],
                    [
                        -0.7531197966182817,
                        1.6926841940001132,
                        -1.090506115900552,
                        -1.944515936279942,
                        -1.8186845203744814e-07,
                        -0.3031944430224664
                    ],
                    [
                        0.5021427249746093,
                        -1.090506115900552,
                        1.7082423146607868,
                        1.9295671550914608,
                        1.3280800020098427e-06,
                        0.7784996338845326
                    ],
                    [
                        1.1994335343453868,
                        -1.944515936279942,
                        1.9295671550914606,
                        3.8827513129721876,
                        1.8872688444989826e-06,
                        1.8398546231834565
                    ],
                    [
                        6.292985198410997e-07,
                        -1.818684520374482e-07,
                        1.3280800020098427e-06,
                        1.8872688444989822e-06,
                        1.0005353750124782e-06,
                        1.3880583775271133e-06
                    ],
                    [
                        0.468662124774986,
                        -0.3031944430224664,
                        0.7784996338845326,
                        1.8398546231834565,
                        1.3880583775271133e-06,
                        2.546754530538208
                    ]
                ]
            },
            "est_tgt": [
                2,
                3,
                4
            ],
            "oracle_est_tgt": [
                1,
                3,
                4
            ]
        },
        "5": {
            "intv_type": "do",
            "inode": 5,
            "new_mui": 0.5,
            "new_sigmai": 0.0,
            "true_params": {
                "Si": [
                    [
                        1.0,
                        -0.8515343777213966,
                        0.6074611688074493,
                        1.4702902506217597,
                        1.1740119539328602,
                        0.0
                    ],
                    [
                        -0.8515343777213966,
                        1.7251107964413661,
                        -1.2306465224959882,
                        -2.243460455568306,
                        -3.0776843740533435,
                        0.0
                    ],
                    [
                        0.6074611688074493,
                        -1.2306465224959882,
                        1.8779093299141287,
                        2.226731459919993,
                        3.489323097046456,
                        0.0
                    ],
                    [
                        1.4702902506217597,
                        -2.243460455568306,
                        2.226731459919993,
                        4.53700433837471,
                        5.1211248098223985,
                        0.0
                    ],
                    [
                        1.1740119539328602,
                        -3.0776843740533435,
                        3.489323097046456,
                        5.1211248098223985,
                        8.645213911128291,
                        0.0
                    ],
                    [
                        0.0,
                        0.0,
                        0.0,
                        0.0,
                        0.0,
                        1e-09
                    ]
                ],
                "mui": [
                    0.0,
                    0.0,
                    0.0,
                    0.0,
                    0.0,
                    0.5
                ],
                "Ai": [
                    [
                        0.0,
                        0.0,
                        0.0,
                        0.0,
                        0.0,
                        0.0
                    ],
                    [
                        -0.8515343777213966,
                        0.0,
                        0.0,
                        0.0,
                        0.0,
                        0.0
                    ],
                    [
                        0.0,
                        -0.7133724541256246,
                        0.0,
                        0.0,
                        0.0,
                        0.0
                    ],
                    [
                        0.6260298822751611,
                        -0.5446664810296586,
                        0.6263085689974389,
                        0.0,
                        0.0,
                        0.0
                    ],
                    [
                        -0.9237770839793834,
                        -0.8693678374186358,
                        0.9653179512236779,
                        0.5244537710956986,
                        0.0,
                        0.0
                    ],
                    [
                        0.0,
                        0.0,
                        0.0,
                        0.0,
                        0.0,
                        0.0
                    ]
                ]
            },
            "est_params": {
                "mui": [
                    -0.06971532561465345,
                    0.10414058763930072,
                    -0.0999377500702374,
                    -0.08936538809855266,
                    -0.1996802870201811,
                    0.49999995299025474
                ],
                "Si": [
                    [
                        0.7784624988029076,
                        -0.6188243491118822,
                        0.392701430080473,
                        1.1032686253615538,
                        0.7169138962462064,
                        6.137463598898088e-08
                    ],
                    [
                        -0.6188243491118822,
                        1.3165268345742684,
                        -0.9321381167553963,
                        -1.7690319509654109,
                        -2.3492679445686306,
                        -6.907395002873554e-09
                    ],
                    [
                        0.392701430080473,
                        -0.9321381167553963,
                        1.8855953155620242,
                        1.9283837941986164,
                        3.362817583377605,
                        5.372878643841193e-09
                    ],
                    [
                        1.1032686253615538,
                        -1.7690319509654109,
                        1.9283837941986164,
                        3.91280563530505,
                        4.484412062603648,
                        -2.7786130840592562e-08
                    ],
                    [
                        0.7169138962462064,
                        -2.3492679445686306,
                        3.362817583377605,
                        4.484412062603648,
                        8.01068123683322,
                        -4.764480105465887e-08
                    ],
                    [
                        6.137463598898089e-08,
                        -6.907395002873552e-09,
                        5.372878643841194e-09,
                        -2.7786130840592562e-08,
                        -4.764480105465887e-08,
                        1.0001490956020084e-06
                    ]
                ]
            },
            "est_tgt": [
                0,
                3,
                5
            ],
            "oracle_est_tgt": [
                3,
                5
            ]
        },
        "obs": {
            "intv_type": "obs",
            "true_params": {
                "Si": [
                    [
                        1.0,
                        -0.8515343777213966,
                        0.6074611688074493,
                        1.4702902506217597,
                        1.1740119539328602,
                        1.5719212853801028
                    ],
                    [
                        -0.8515343777213966,
                        1.7251107964413661,
                        -1.2306465224959882,
                        -2.243460455568306,
                        -3.0776843740533435,
                        -3.102077103686126
                    ],
                    [
                        0.6074611688074493,
                        -1.2306465224959882,
                        1.8779093299141287,
                        2.226731459919993,
                        3.489323097046456,
                        3.860326421182152
                    ],
                    [
                        1.4702902506217597,
                        -2.243460455568306,
                        2.226731459919993,
                        4.53700433837471,
                        5.1211248098223985,
                        6.435252282166834
                    ],
                    [
                        1.1740119539328602,
                        -3.0776843740533435,
                        3.489323097046456,
                        5.1211248098223985,
                        8.645213911128291,
                        9.180862606349233
                    ],
                    [
                        1.5719212853801028,
                        -3.102077103686126,
                        3.860326421182152,
                        6.435252282166834,
                        9.180862606349233,
                        11.797455972014966
                    ]
                ],
                "mui": [
                    0.0,
                    0.0,
                    0.0,
                    0.0,
                    0.0,
                    0.0
                ],
                "Ai": [
                    [
                        0.0,
                        0.0,
                        0.0,
