{
    "expt_args": {
        "save_dir": "all_expt_logs/expt_logs_11.05.24-mean_shift",
        "exp_name": "394",
        "num_nodes": 6,
        "obs_noise_mean": 0.0,
        "obs_noise_var": 1.0,
        "max_edge_strength": 1.0,
        "graph_sparsity_method": "adj_dense_prop",
        "adj_dense_prop": 0.8,
        "num_parents": null,
        "new_noise_mean": 0.1,
        "mix_samples": 4096,
        "stage2_samples": 4096,
        "gmm_tol": 0.001,
        "intv_type": "do",
        "new_noise_sigma": 0.0,
        "intv_targets": [
            0,
            1,
            2,
            3,
            4,
            5
        ]
    },
    "intv_args_dict": {
        "0": {
            "intv_type": "do",
            "inode": 0,
            "new_mui": 0.1,
            "new_sigmai": 0.0,
            "true_params": {
                "Si": [
                    [
                        1e-09,
                        6.22216338751179e-10,
                        -5.153641879385263e-10,
                        3.3644926912021185e-10,
                        -3.730255553990957e-10,
                        -7.362857887190737e-10
                    ],
                    [
                        6.22216338751179e-10,
                        1.0000000003871532,
                        -0.828271705581397,
                        -0.6802180413527724,
                        0.043612877683750675,
                        -1.1723167992241292
                    ],
                    [
                        -5.153641879385263e-10,
                        -0.828271705581397,
                        1.686034018001116,
                        0.5634053570603738,
                        0.5212731682244313,
                        2.295926277913697
                    ],
                    [
                        3.3644926912021185e-10,
                        -0.6802180413527724,
                        0.5634053570603738,
                        1.4626965841797994,
                        0.6422806008763,
                        0.6565977627110635
                    ],
                    [
                        -3.730255553990957e-10,
                        0.043612877683750675,
                        0.5212731682244313,
                        0.6422806008763,
                        1.7641055126766405,
                        1.219421421668859
                    ],
                    [
                        -7.362857887190737e-10,
                        -1.1723167992241292,
                        2.295926277913697,
                        0.6565977627110635,
                        1.219421421668859,
                        4.54231525953223
                    ]
                ],
                "mui": [
                    0.10000000149011612,
                    0.062221634802292494,
                    -0.051536419561805116,
                    0.03364492741336966,
                    -0.037302556095760955,
                    -0.0736285799690587
                ],
                "Ai": [
                    [
                        0.0,
                        0.0,
                        0.0,
                        0.0,
                        0.0,
                        0.0
                    ],
                    [
                        0.622216338751179,
                        0.0,
                        0.0,
                        0.0,
                        0.0,
                        0.0
                    ],
                    [
                        0.0,
                        -0.8282717052607289,
                        0.0,
                        0.0,
                        0.0,
                        0.0
                    ],
                    [
                        0.7596920484934894,
                        -0.6802180415621166,
                        0.0,
                        0.0,
                        0.0,
                        0.0
                    ],
                    [
                        -0.910634892795694,
                        0.9623589937499224,
                        0.557396480794879,
                        0.6719468674046136,
                        0.0,
                        0.0
                    ],
                    [
                        0.6708072740554154,
                        -0.7737950350492921,
                        0.9756252340648155,
                        -0.5619228886485939,
                        0.6266709989836772,
                        0.0
                    ]
                ]
            },
            "est_params": {
                "mui": [
                    0.10000673845128115,
                    0.0044373664942933795,
                    0.03826589946410435,
                    0.1133490711383827,
                    0.06652105019973283,
                    0.09543351783319859
                ],
                "Si": [
                    [
                        1.0303963159275057e-06,
                        -1.8676920962665903e-06,
                        8.075208934225782e-06,
                        5.606214625676634e-06,
                        4.169864757137007e-06,
                        1.824292419841123e-05
                    ],
                    [
                        -1.8676920962665908e-06,
                        0.9543704076257633,
                        -0.8028074414984615,
                        -0.6542444029798269,
                        0.06690204540444443,
                        -1.164013952564528
                    ],
                    [
                        8.075208934225782e-06,
                        -0.8028074414984615,
                        1.689060890624373,
                        0.5457968082566171,
                        0.5322462892631743,
                        2.2916580110670433
                    ],
                    [
                        5.606214625676635e-06,
                        -0.6542444029798269,
                        0.5457968082566171,
                        1.474943680205106,
                        0.5689982145118516,
                        0.526203099465065
                    ],
                    [
                        4.169864757137008e-06,
                        0.06690204540444444,
                        0.5322462892631742,
                        0.5689982145118516,
                        1.7339043363713447,
                        1.1845470680985335
                    ],
                    [
                        1.824292419841123e-05,
                        -1.164013952564528,
                        2.2916580110670437,
                        0.526203099465065,
                        1.1845470680985335,
                        4.547265835018703
                    ]
                ]
            },
            "est_tgt": [
                0,
                1
            ],
            "oracle_est_tgt": [
                0
            ]
        },
        "1": {
            "intv_type": "do",
            "inode": 1,
            "new_mui": 0.1,
            "new_sigmai": 0.0,
            "true_params": {
                "Si": [
                    [
                        1.0,
                        0.0,
                        0.0,
                        0.7596920484934894,
                        -0.4001622006183,
                        -0.0068511223343905026
                    ],
                    [
                        0.0,
                        1e-09,
                        -8.28271705260729e-10,
                        -6.802180415621166e-10,
                        4.3612877915853274e-11,
                        -1.1723167987660001e-09
                    ],
                    [
                        0.0,
                        -8.28271705260729e-10,
                        1.0000000006860341,
                        5.634053572337678e-10,
                        0.5573964807587557,
                        1.324929444485525
                    ],
                    [
                        0.7596920484934894,
                        -6.802180415621166e-10,
                        5.634053572337678e-10,
                        1.5771320090069307,
                        0.36794682545756835,
                        -0.14603801635145375
                    ],
                    [
                        -0.4001622006183,
                        4.3612877915853274e-11,
                        0.5573964807587557,
                        0.36794682545756835,
                        1.922333216222972,
                        1.273291090956398
                    ],
                    [
                        -0.0068511223343905026,
                        -1.1723167987660001e-09,
                        1.324929444485525,
                        -0.14603801635145375,
                        1.273291090956398,
                        3.168035521572718
                    ]
                ],
                "mui": [
                    0.0,
                    0.10000000149011612,
                    -0.08282717176029392,
                    -0.06802180516981553,
                    0.00436128785657358,
                    -0.11723168162348817
                ],
                "Ai": [
                    [
                        0.0,
                        0.0,
                        0.0,
                        0.0,
                        0.0,
                        0.0
                    ],
                    [
                        0.0,
                        0.0,
                        0.0,
                        0.0,
                        0.0,
                        0.0
                    ],
                    [
                        0.0,
                        -0.8282717052607289,
                        0.0,
                        0.0,
                        0.0,
                        0.0
                    ],
                    [
                        0.7596920484934894,
                        -0.6802180415621166,
                        0.0,
                        0.0,
                        0.0,
                        0.0
                    ],
                    [
                        -0.910634892795694,
                        0.9623589937499224,
                        0.557396480794879,
                        0.6719468674046136,
                        0.0,
                        0.0
                    ],
                    [
                        0.6708072740554154,
                        -0.7737950350492921,
                        0.9756252340648155,
                        -0.5619228886485939,
                        0.6266709989836772,
                        0.0
                    ]
                ]
            },
            "est_params": {
                "mui": [
                    0.061912656750711934,
                    0.09999520746731914,
                    -0.101161239270744,
                    -0.02095004063124551,
                    0.044025629609484036,
                    -0.12197663954373791
                ],
                "Si": [
                    [
                        0.9969683927698479,
                        -2.4441148411510107e-07,
                        0.002380008743147481,
                        0.7685994105275213,
                        -0.29293537828234095,
                        -0.050310663166464
                    ],
                    [
                        -2.4441148411510144e-07,
                        1.006831510356722e-06,
                        1.930178736239832e-06,
                        -7.168475386354779e-08,
                        7.162593845444746e-06,
                        7.437340601475439e-06
                    ],
                    [
                        0.0023800087431474783,
                        1.930178736239832e-06,
                        0.9396515123406993,
                        -0.05446918408258105,
                        0.5115956425368395,
                        1.2717064956993291
                    ],
                    [
                        0.7685994105275213,
                        -7.16847538635476e-08,
                        -0.05446918408258105,
                        1.5163734324605795,
                        0.41020339802043054,
                        -0.2226731473512504
                    ],
                    [
                        -0.2929353782823409,
                        7.162593845444748e-06,
                        0.5115956425368394,
                        0.4102033980204306,
                        1.8679261799591482,
                        1.2547794257606384
                    ],
                    [
                        -0.050310663166464,
                        7.437340601475439e-06,
                        1.2717064956993296,
                        -0.22267314735125035,
                        1.2547794257606384,
                        3.029360155229569
                    ]
                ]
            },
            "est_tgt": [
                1
            ],
            "oracle_est_tgt": [
                1
            ]
        },
        "2": {
            "intv_type": "do",
            "inode": 2,
            "new_mui": 0.1,
            "new_sigmai": 0.0,
            "true_params": {
                "Si": [
                    [
                        1.0,
                        0.622216338751179,
                        0.0,
                        0.33644926912021184,
                        -0.08576337071445038,
                        -0.053464601986365025
                    ],
                    [
                        0.622216338751179,
                        1.3871531722089219,
                        0.0,
                        -0.4708738091546283,
                        0.4519252410452514,
                        -0.10818177813681797
                    ],
                    [
                        0.0,
                        0.0,
                        1e-09,
                        0.0,
                        5.573964807948791e-10,
                        1.3249294435145284e-09
                    ],
                    [
                        0.33644926912021184,
                        -0.4708738091546283,
                        0.0,
                        1.575894694758126,
                        0.2993854142245579,
                        -0.10786270973616918
                    ],
                    [
                        -0.08576337071445038,
                        0.4519252410452514,
                        5.573964807948791e-10,
                        0.2993854142245579,
                        1.7141845296643652,
                        0.4987700147535886
                    ],
                    [
                        -0.053464601986365025,
                        -0.10818177813681797,
                        1.3249294435145284e-09,
                        -0.10786270973616918,
                        0.4987700147535886,
                        1.421021309021925
                    ]
                ],
                "mui": [
                    0.0,
                    0.0,
                    0.10000000149011612,
                    0.0,
                    0.05573964891007338,
                    0.13249294632575154
                ],
                "Ai": [
                    [
                        0.0,
                        0.0,
                        0.0,
                        0.0,
                        0.0,
                        0.0
                    ],
                    [
                        0.622216338751179,
                        0.0,
                        0.0,
                        0.0,
                        0.0,
                        0.0
                    ],
                    [
                        0.0,
                        0.0,
                        0.0,
                        0.0,
                        0.0,
                        0.0
                    ],
                    [
                        0.7596920484934894,
                        -0.6802180415621166,
                        0.0,
                        0.0,
                        0.0,
                        0.0
                    ],
                    [
                        -0.910634892795694,
                        0.9623589937499224,
                        0.557396480794879,
                        0.6719468674046136,
                        0.0,
                        0.0
                    ],
                    [
                        0.6708072740554154,
                        -0.7737950350492921,
                        0.9756252340648155,
                        -0.5619228886485939,
                        0.6266709989836772,
                        0.0
                    ]
                ]
            },
            "est_params": {
                "mui": [
                    -0.010429733285360353,
                    -0.010945689634931702,
                    0.09999932738925034,
                    -0.11811795864405099,
                    -0.03209076266961902,
                    0.16898019109344947
                ],
                "Si": [
                    [
                        1.0801926959552095,
                        0.6988871566629193,
                        -6.191845975955228e-07,
                        0.4449793163571533,
                        -0.04171205682659623,
                        -0.11329587710744371
                    ],
                    [
                        0.6988871566629192,
                        1.4424342142657507,
                        -9.657596915172082e-07,
                        -0.44861335472499214,
                        0.4375735598154869,
                        -0.1331350062356116
                    ],
                    [
                        -6.19184597595523e-07,
                        -9.657596915172076e-07,
                        1.0314964919225073e-06,
                        -6.269565749416586e-07,
                        -4.203922474719269e-06,
                        -2.669705266587382e-06
                    ],
                    [
                        0.4449793163571533,
                        -0.44861335472499214,
                        -6.269565749416586e-07,
                        1.6577929695490272,
                        0.3116265251294719,
                        -0.12367055934495716
                    ],
                    [
                        -0.041712056826596254,
                        0.4375735598154869,
                        -4.2039224747192696e-06,
                        0.3116265251294719,
                        1.6809449442452078,
                        0.48871983364275967
                    ],
                    [
                        -0.11329587710744371,
                        -0.13313500623561164,
                        -2.669705266587382e-06,
                        -0.12367055934495719,
                        0.48871983364275967,
                        1.4096280368107865
                    ]
                ]
            },
            "est_tgt": [
                2
            ],
            "oracle_est_tgt": [
                2
            ]
        },
        "3": {
            "intv_type": "do",
            "inode": 3,
            "new_mui": 0.1,
            "new_sigmai": 0.0,
            "true_params": {
                "Si": [
                    [
                        1.0,
                        0.622216338751179,
                        -0.5153641879385263,
                        0.0,
                        -0.5991015878249938,
                        -0.6889025366179398
                    ],
                    [
                        0.622216338751179,
                        1.3871531722089219,
                        -1.1489397234033132,
                        0.0,
                        0.12791246357913327,
                        -1.6967605466758435
                    ],
                    [
                        -0.5153641879385263,
                        -1.1489397234033132,
                        1.9516342639450523,
                        0.0,
                        0.45145020646208944,
                        2.7303081949288557
                    ],
                    [
                        0.0,
                        0.0,
                        0.0,
                        1e-09,
                        6.719468674046137e-10,
                        -1.4083327398819219e-10
                    ],
                    [
                        -0.5991015878249938,
                        0.12791246357913327,
                        0.45145020646208944,
                        6.719468674046137e-10,
                        1.9202972767284345,
                        1.1429810934740336
                    ],
                    [
                        -0.6889025366179398,
                        -1.6967605466758435,
                        2.7303081949288557,
                        -1.4083327398819219e-10,
                        1.1429810934740336,
                        5.2308547294992636
                    ]
                ],
                "mui": [
                    0.0,
                    0.0,
                    0.0,
                    0.10000000149011612,
                    0.06719468774174023,
                    -0.01408332760867715
                ],
                "Ai": [
                    [
                        0.0,
                        0.0,
                        0.0,
                        0.0,
                        0.0,
                        0.0
                    ],
                    [
                        0.622216338751179,
                        0.0,
                        0.0,
                        0.0,
                        0.0,
                        0.0
                    ],
                    [
                        0.0,
                        -0.8282717052607289,
                        0.0,
                        0.0,
                        0.0,
                        0.0
                    ],
                    [
                        0.0,
                        0.0,
                        0.0,
                        0.0,
                        0.0,
                        0.0
                    ],
                    [
                        -0.910634892795694,
                        0.9623589937499224,
                        0.557396480794879,
                        0.6719468674046136,
                        0.0,
                        0.0
                    ],
                    [
                        0.6708072740554154,
                        -0.7737950350492921,
                        0.9756252340648155,
                        -0.5619228886485939,
                        0.6266709989836772,
                        0.0
                    ]
                ]
            },
            "est_params": {
                "mui": [
                    -0.0251042523983248,
                    0.7858062602482969,
                    -0.47736307765174935,
                    0.02537717566764396,
                    0.6639507278438244,
                    0.09954134952603408
                ],
                "Si": [
                    [
                        1.1836353178526982,
                        0.19412012946201435,
                        -0.018077804004246918,
                        -0.027707666661853203,
                        -0.705949269494665,
                        -0.021631906545780576
                    ],
                    [
                        0.19412012946201435,
                        0.34181624604181376,
                        -0.5392314474765583,
                        -0.12039857389136255,
                        0.16509623172000126,
                        -0.031613036429652894
                    ],
                    [
                        -0.01807780400424682,
                        -0.5392314474765583,
                        2.2581819569621016,
                        0.3186386344766238,
                        -0.03043918292027538,
                        -0.052219656637121054
                    ],
                    [
                        -0.027707666661853203,
                        -0.12039857389136255,
                        0.3186386344766238,
                        0.13510549631404234,
                        0.15209587182796608,
                        -0.005578783396957268
                    ],
                    [
                        -0.7059492694946649,
                        0.16509623172000124,
                        -0.03043918292027528,
                        0.15209587182796605,
                        1.3845970522378799,
                        -0.06602717730843323
                    ],
                    [
                        -0.021631906545780566,
                        -0.03161303642965289,
                        -0.052219656637121054,
                        -0.005578783396957268,
                        -0.06602717730843324,
                        0.011392308189375049
                    ]
                ]
            },
            "est_tgt": [
                0,
                1,
                2,
                3,
                4,
                5
            ],
            "oracle_est_tgt": [
                3
            ]
        },
        "4": {
            "intv_type": "do",
            "inode": 4,
            "new_mui": 0.1,
            "new_sigmai": 0.0,
            "true_params": {
                "Si": [
                    [
                        1.0,
                        0.622216338751179,
                        -0.5153641879385263,
                        0.33644926912021184,
                        0.0,
                        -0.5025214912706814
                    ],
                    [
                        0.622216338751179,
                        1.3871531722089219,
                        -1.1489397234033132,
                        -0.4708738091546283,
                        0.0,
                        -1.512324806980307
                    ],
                    [
                        -0.5153641879385263,
                        -1.1489397234033132,
                        1.9516342639450523,
                        0.39001145287111905,
                        0.0,
                        2.2282410808504967
                    ],
                    [
                        0.33644926912021184,
                        -0.4708738091546283,
                        0.39001145287111905,
                        1.575894694758126,
                        0.0,
                        0.0850261486459295
                    ],
                    [
                        0.0,
                        0.0,
                        0.0,
                        0.0,
                        1e-09,
                        6.266709989836772e-10
                    ],
                    [
                        -0.5025214912706814,
                        -1.512324806980307,
                        2.2282410808504967,
                        0.0850261486459295,
                        6.266709989836772e-10,
                        3.9592844427022276
                    ]
                ],
                "mui": [
                    0.0,
                    0.0,
                    0.0,
                    0.0,
                    0.10000000149011612,
                    0.06266710083218027
                ],
                "Ai": [
                    [
                        0.0,
                        0.0,
                        0.0,
                        0.0,
                        0.0,
                        0.0
                    ],
                    [
                        0.622216338751179,
                        0.0,
                        0.0,
                        0.0,
                        0.0,
                        0.0
                    ],
                    [
                        0.0,
                        -0.8282717052607289,
                        0.0,
                        0.0,
                        0.0,
                        0.0
                    ],
                    [
                        0.7596920484934894,
                        -0.6802180415621166,
                        0.0,
                        0.0,
                        0.0,
                        0.0
                    ],
                    [
                        0.0,
                        0.0,
                        0.0,
                        0.0,
                        0.0,
                        0.0
                    ],
                    [
                        0.6708072740554154,
                        -0.7737950350492921,
                        0.9756252340648155,
                        -0.5619228886485939,
                        0.6266709989836772,
                        0.0
                    ]
                ]
            },
            "est_params": {
                "mui": [
                    -0.021986937221555963,
                    -0.048043265146697156,
                    0.03349070479402736,
                    0.0009289711360524775,
                    0.09999498427566679,
                    0.06219730459673545
                ],
                "Si": [
                    [
                        1.0607646470241634,
                        0.6439597804332345,
                        -0.48437896058429836,
                        0.2993118869187646,
                        2.1008583177695967e-06,
                        -0.4246556355896782
                    ],
                    [
                        0.6439597804332345,
                        1.3265087476093205,
                        -1.0463181826408912,
                        -0.43217970461701954,
                        6.46438720947574e-06,
                        -1.4226304198040154
                    ],
                    [
                        -0.48437896058429836,
                        -1.0463181826408912,
                        1.7634177679704477,
                        0.3686656157506351,
                        -6.221933469122581e-06,
                        2.0193346971706694
                    ],
                    [
                        0.2993118869187646,
                        -0.43217970461701954,
                        0.3686656157506351,
                        1.4114563076129674,
                        -4.1334873567524064e-06,
                        0.14186739971227105
                    ],
                    [
                        2.1008583177695967e-06,
                        6.46438720947574e-06,
                        -6.221933469122582e-06,
                        -4.1334873567524064e-06,
                        1.0200144668486852e-06,
                        -1.3156719383291563e-05
                    ],
                    [
                        -0.4246556355896782,
                        -1.422630419804015,
                        2.0193346971706694,
                        0.14186739971227105,
                        -1.3156719383291563e-05,
                        3.618304497225958
                    ]
                ]
            },
            "est_tgt": [
                4,
                5
            ],
            "oracle_est_tgt": [
                3,
                4,
                5
            ]
        },
        "5": {
            "intv_type": "do",
            "inode": 5,
            "new_mui": 0.1,
            "new_sigmai": 0.0,
            "true_params": {
                "Si": [
                    [
                        1.0,
                        0.622216338751179,
                        -0.5153641879385263,
                        0.33644926912021184,
                        -0.37302555539909565,
                        0.0
                    ],
                    [
                        0.622216338751179,
                        1.3871531722089219,
                        -1.1489397234033132,
                        -0.4708738091546283,
                        -0.1884897174251971,
                        0.0
                    ],
                    [
                        -0.5153641879385263,
                        -1.1489397234033132,
                        1.9516342639450523,
                        0.39001145287111905,
                        0.71351718047076,
                        0.0
                    ],
                    [
                        0.33644926912021184,
                        -0.4708738091546283,
                        0.39001145287111905,
                        1.575894694758126,
                        0.5167764255246174,
                        0.0
                    ],
                    [
                        -0.37302555539909565,
                        -0.1884897174251971,
                        0.71351718047076,
                        0.5167764255246174,
                        1.9032535775182962,
                        0.0
                    ],
                    [
                        0.0,
                        0.0,
                        0.0,
                        0.0,
                        0.0,
                        1e-09
                    ]
                ],
                "mui": [
                    0.0,
                    0.0,
                    0.0,
                    0.0,
                    0.0,
                    0.10000000149011612
                ],
                "Ai": [
                    [
                        0.0,
                        0.0,
                        0.0,
                        0.0,
                        0.0,
                        0.0
                    ],
                    [
                        0.622216338751179,
                        0.0,
                        0.0,
                        0.0,
                        0.0,
                        0.0
                    ],
                    [
                        0.0,
                        -0.8282717052607289,
                        0.0,
                        0.0,
                        0.0,
                        0.0
                    ],
                    [
                        0.7596920484934894,
                        -0.6802180415621166,
                        0.0,
                        0.0,
                        0.0,
                        0.0
                    ],
                    [
                        -0.910634892795694,
                        0.9623589937499224,
                        0.557396480794879,
                        0.6719468674046136,
                        0.0,
                        0.0
                    ],
                    [
                        0.0,
                        0.0,
                        0.0,
                        0.0,
                        0.0,
                        0.0
                    ]
                ]
            },
            "est_params": {
                "mui": [
                    -0.05126737033334278,
                    -0.011175008445945602,
                    0.05064320948280658,
                    -0.07937005567526663,
                    0.027576277213741902,
                    0.10000326761932271
                ],
                "Si": [
                    [
                        1.0233903929249666,
                        0.6867109160697382,
                        -0.4624778056533604,
                        0.26651163082472334,
                        -0.31424267260346517,
                        5.618884331877757e-06
                    ],
                    [
                        0.6867109160697382,
                        1.4754857622776503,
                        -1.1740587102783568,
                        -0.47468259937500645,
                        -0.16233752180845654,
                        2.814450407771645e-07
                    ],
                    [
                        -0.4624778056533604,
                        -1.1740587102783568,
                        1.9274558120184277,
                        0.39912894379454655,
                        0.6885010542191323,
                        4.10418785883022e-06
                    ],
                    [
                        0.26651163082472334,
                        -0.47468259937500645,
                        0.39912894379454655,
                        1.438389432946559,
                        0.4708997311250105,
                        8.98398797030614e-06
                    ],
                    [
                        -0.31424267260346517,
                        -0.16233752180845654,
                        0.6885010542191323,
                        0.4708997311250105,
                        1.8696815502813786,
                        8.018818863773686e-06
                    ],
                    [
                        5.618884331877758e-06,
                        2.814450407771645e-07,
                        4.10418785883022e-06,
                        8.983987970306141e-06,
                        8.018818863773687e-06,
                        1.0083495903607008e-06
                    ]
                ]
            },
            "est_tgt": [
                4,
                5
            ],
            "oracle_est_tgt": [
                4,
                5
            ]
        },
        "obs": {
            "intv_type": "obs",
            "true_params": {
                "Si": [
                    [
                        1.0,
                        0.622216338751179,
                        -0.5153641879385263,
                        0.33644926912021184,
                        -0.37302555539909565,
                        -0.7362857887190737
                    ],
                    [
                        0.622216338751179,
                        1.3871531722089219,
                        -1.1489397234033132,
                        -0.4708738091546283,
                        -0.1884897174251971,
                        -1.6304458464973064
                    ],
                    [
                        -0.5153641879385263,
                        -1.1489397234033132,
                        1.9516342639450523,
                        0.39001145287111905,
                        0.71351718047076,
                        2.6753816051281247
                    ],
                    [
                        0.33644926912021184,
                        -0.4708738091546283,
                        0.39001145287111905,
                        1.575894694758126,
                        0.5167764255246174,
                        0.4088749474806554
                    ],
                    [
                        -0.37302555539909565,
                        -0.1884897174251971,
                        0.71351718047076,
                        0.5167764255246174,
                        1.9032535775182962,
                        1.4940748366635994
                    ],
                    [
                        -0.7362857887190737,
                        -1.6304458464973064,
                        2.6753816051281247,
                        0.4088749474806554,
                        1.4940748366635994,
                        5.084432021659781
                    ]
                ],
                "mui": [
                    0.0,
                    0.0,
                    0.0,
                    0.0,
                    0.0,
                    0.0
                ],
                "Ai": [
                    [
