{
    "expt_args": {
        "save_dir": "all_expt_logs/expt_logs_11.05.24-mean_shift",
        "exp_name": "365",
        "num_nodes": 6,
        "obs_noise_mean": 0.0,
        "obs_noise_var": 1.0,
        "max_edge_strength": 1.0,
        "graph_sparsity_method": "adj_dense_prop",
        "adj_dense_prop": 0.8,
        "num_parents": null,
        "new_noise_mean": 1.0,
        "mix_samples": 32768,
        "stage2_samples": 32768,
        "gmm_tol": 0.001,
        "intv_type": "do",
        "new_noise_sigma": 0.0,
        "intv_targets": [
            0,
            1,
            2,
            3,
            4,
            5
        ]
    },
    "intv_args_dict": {
        "0": {
            "intv_type": "do",
            "inode": 0,
            "new_mui": 1.0,
            "new_sigmai": 0.0,
            "true_params": {
                "Si": [
                    [
                        1e-09,
                        0.0,
                        -8.8451422440196e-10,
                        1.545926758288872e-09,
                        1.6245468039334774e-09,
                        -8.4239974135548e-10
                    ],
                    [
                        0.0,
                        1.0,
                        -0.7237245013877338,
                        -0.138198404867801,
                        0.4494532837376434,
                        -0.39331995681513743
                    ],
                    [
                        -8.8451422440196e-10,
                        -0.7237245013877338,
                        1.5237771546912895,
                        -0.6345850121793755,
                        -0.8426406711953862,
                        0.48801077060410825
                    ],
                    [
                        1.545926758288872e-09,
                        -0.138198404867801,
                        -0.6345850121793755,
                        1.55873975566583,
                        1.0222128894024713,
                        -1.3895013335579585
                    ],
                    [
                        1.6245468039334774e-09,
                        0.4494532837376434,
                        -0.8426406711953862,
                        1.0222128894024713,
                        1.965669552178849,
                        -1.7341504569057369
                    ],
                    [
                        -8.4239974135548e-10,
                        -0.39331995681513743,
                        0.48801077060410825,
                        -1.3895013335579585,
                        -1.7341504569057369,
                        3.1638549355637253
                    ]
                ],
                "mui": [
                    1.0,
                    0.0,
                    -0.8845142244019599,
                    1.5459267582888718,
                    1.6245468039334774,
                    -0.8423997413554799
                ],
                "Ai": [
                    [
                        0.0,
                        0.0,
                        0.0,
                        0.0,
                        0.0,
                        0.0
                    ],
                    [
                        0.0,
                        0.0,
                        0.0,
                        0.0,
                        0.0,
                        0.0
                    ],
                    [
                        -0.8845142244019599,
                        -0.7237245013877338,
                        0.0,
                        0.0,
                        0.0,
                        0.0
                    ],
                    [
                        0.8961603248139446,
                        -0.6698482925822419,
                        -0.7346025824675108,
                        0.0,
                        0.0,
                        0.0
                    ],
                    [
                        0.5357932718791094,
                        0.5467826045591815,
                        -0.0,
                        0.7042723895014719,
                        0.0,
                        0.0
                    ],
                    [
                        0.7871231915501873,
                        -0.8177091372262651,
                        -0.7475670394181283,
                        -0.9138110595083679,
                        -0.540502521641554,
                        0.0
                    ]
                ]
            },
            "est_params": {
                "mui": [
                    1.0000007885298652,
                    0.013109138167175618,
                    -0.8929581084074053,
                    1.5365981414196255,
                    1.6270517373072806,
                    -0.8401432280140015
                ],
                "Si": [
                    [
                        1.011825877579031e-06,
                        1.6271498881807998e-06,
                        -2.1006725161556613e-06,
                        8.715707624461735e-07,
                        2.496874604889856e-06,
                        -2.5976427621402477e-06
                    ],
                    [
                        1.6271498881807998e-06,
                        1.0087705188792364,
                        -0.7501896757733972,
                        -0.1281106345206175,
                        0.46214013220209843,
                        -0.4076338663946125
                    ],
                    [
                        -2.1006725161556613e-06,
                        -0.7501896757733975,
                        1.5414307335603443,
                        -0.6169611383719061,
                        -0.8287992832603882,
                        0.5091802337900994
                    ],
                    [
                        8.715707624461735e-07,
                        -0.12811063452061755,
                        -0.6169611383719061,
                        1.5362790131234532,
                        1.0174910556393058,
                        -1.4300104816021106
                    ],
                    [
                        2.496874604889856e-06,
                        0.46214013220209843,
                        -0.8287992832603882,
                        1.017491055639306,
                        2.0082274009196968,
                        -1.8205859529231632
                    ],
                    [
                        -2.5976427621402477e-06,
                        -0.4076338663946125,
                        0.5091802337900994,
                        -1.4300104816021106,
                        -1.8205859529231632,
                        3.2950579898819123
                    ]
                ]
            },
            "est_tgt": [
                0
            ],
            "oracle_est_tgt": [
                0
            ]
        },
        "1": {
            "intv_type": "do",
            "inode": 1,
            "new_mui": 1.0,
            "new_sigmai": 0.0,
            "true_params": {
                "Si": [
                    [
                        1.0,
                        0.0,
                        -0.8845142244019599,
                        1.5459267582888718,
                        1.6245468039334774,
                        -0.8423997413554799
                    ],
                    [
                        0.0,
                        1e-09,
                        -7.237245013877339e-10,
                        -1.38198404867801e-10,
                        4.494532837376435e-10,
                        -3.933199568151375e-10
                    ],
                    [
                        -0.8845142244019599,
                        -7.237245013877339e-10,
                        1.782365413693178,
                        -2.1019967899576106,
                        -1.9542950726995287,
                        0.9484700343732226
                    ],
                    [
                        1.5459267582888718,
                        -1.38198404867801e-10,
                        -2.1019967899576106,
                        3.929530496180575,
                        3.595756987997493,
                        -2.7461458241728995
                    ],
                    [
                        1.6245468039334774,
                        4.494532837376435e-10,
                        -1.9542950726995287,
                        3.595756987997493,
                        4.402813613649631,
                        -2.9258893170173192
                    ],
                    [
                        -0.8423997413554799,
                        -3.933199568151375e-10,
                        0.9484700343732226,
                        -2.7461458241728995,
                        -2.9258893170173192,
                        3.718791670815506
                    ]
                ],
                "mui": [
                    0.0,
                    1.0,
                    -0.7237245013877338,
                    -0.138198404867801,
                    0.4494532837376434,
                    -0.39331995681513743
                ],
                "Ai": [
                    [
                        0.0,
                        0.0,
                        0.0,
                        0.0,
                        0.0,
                        0.0
                    ],
                    [
                        0.0,
                        0.0,
                        0.0,
                        0.0,
                        0.0,
                        0.0
                    ],
                    [
                        -0.8845142244019599,
                        -0.7237245013877338,
                        0.0,
                        0.0,
                        0.0,
                        0.0
                    ],
                    [
                        0.8961603248139446,
                        -0.6698482925822419,
                        -0.7346025824675108,
                        0.0,
                        0.0,
                        0.0
                    ],
                    [
                        0.5357932718791094,
                        0.5467826045591815,
                        -0.0,
                        0.7042723895014719,
                        0.0,
                        0.0
                    ],
                    [
                        0.7871231915501873,
                        -0.8177091372262651,
                        -0.7475670394181283,
                        -0.9138110595083679,
                        -0.540502521641554,
                        0.0
                    ]
                ]
            },
            "est_params": {
                "mui": [
                    0.024424597248350367,
                    1.0000011696853568,
                    -0.7564913827668016,
                    -0.1169516879112477,
                    0.46205123252580255,
                    -0.3491375478670274
                ],
                "Si": [
                    [
                        0.9942333143353368,
                        1.9061579088446968e-07,
                        -0.8774948693146378,
                        1.488764903729422,
                        1.5962304810059778,
                        -0.7717121170278488
                    ],
                    [
                        1.9061579088446966e-07,
                        1.0042079488047998e-06,
                        -1.170980752011106e-06,
                        1.2248490627058677e-06,
                        1.4509076437504378e-06,
                        -5.721655436780627e-07
                    ],
                    [
                        -0.8774948693146378,
                        -1.170980752011106e-06,
                        1.7946781698450787,
                        -2.067088619890319,
                        -1.9368713653585703,
                        0.878964332658646
                    ],
                    [
                        1.488764903729422,
                        1.224849062705868e-06,
                        -2.067088619890319,
                        3.7896344616250093,
                        3.489252551061248,
                        -2.6031519906241884
                    ],
                    [
                        1.5962304810059778,
                        1.4509076437504373e-06,
                        -1.9368713653585703,
                        3.489252551061248,
                        4.329451895632862,
                        -2.784551424397324
                    ],
                    [
                        -0.7717121170278488,
                        -5.721655436780625e-07,
                        0.878964332658646,
                        -2.6031519906241884,
                        -2.784551424397324,
                        3.5957812523683317
                    ]
                ]
            },
            "est_tgt": [
                1
            ],
            "oracle_est_tgt": [
                1
            ]
        },
        "2": {
            "intv_type": "do",
            "inode": 2,
            "new_mui": 1.0,
            "new_sigmai": 0.0,
            "true_params": {
                "Si": [
                    [
                        1.0,
                        0.0,
                        0.0,
                        0.8961603248139446,
                        1.1669342452122413,
                        -0.6625289264845065
                    ],
                    [
                        0.0,
                        1.0,
                        0.0,
                        -0.6698482925822419,
                        0.07502694693880495,
                        -0.24614661328330661
                    ],
                    [
                        0.0,
                        0.0,
                        1e-09,
                        -7.346025824675108e-10,
                        -5.17360316088346e-10,
                        2.0335548022711338e-10
                    ],
                    [
                        0.8961603248139446,
                        -0.6698482925822419,
                        -7.346025824675108e-10,
                        2.2518000633856206,
                        1.6997758898028263,
                        -1.7233233114300868
                    ],
                    [
                        1.1669342452122413,
                        0.07502694693880495,
                        -5.17360316088346e-10,
                        1.6997758898028263,
                        2.8633641742977964,
                        -2.2437587756161657
                    ],
                    [
                        -0.6625289264845065,
                        -0.24614661328330661,
                        2.0335548022711338e-10,
                        -1.7233233114300868,
                        -2.2437587756161657,
                        3.467333628787534
                    ]
                ],
                "mui": [
                    0.0,
                    0.0,
                    1.0,
                    -0.7346025824675108,
                    -0.5173603160883459,
                    0.20335548022711336
                ],
                "Ai": [
                    [
                        0.0,
                        0.0,
                        0.0,
                        0.0,
                        0.0,
                        0.0
                    ],
                    [
                        0.0,
                        0.0,
                        0.0,
                        0.0,
                        0.0,
                        0.0
                    ],
                    [
                        0.0,
                        0.0,
                        0.0,
                        0.0,
                        0.0,
                        0.0
                    ],
                    [
                        0.8961603248139446,
                        -0.6698482925822419,
                        -0.7346025824675108,
                        0.0,
                        0.0,
                        0.0
                    ],
                    [
                        0.5357932718791094,
                        0.5467826045591815,
                        -0.0,
                        0.7042723895014719,
                        0.0,
                        0.0
                    ],
                    [
                        0.7871231915501873,
                        -0.8177091372262651,
                        -0.7475670394181283,
                        -0.9138110595083679,
                        -0.540502521641554,
                        0.0
                    ]
                ]
            },
            "est_params": {
                "mui": [
                    -0.00521367255556657,
                    0.0207249065817462,
                    0.9999978072246154,
                    -0.7658122157669068,
                    -0.5131211985381013,
                    0.2125804658936942
                ],
                "Si": [
                    [
                        0.9722360821327612,
                        -0.0074399650774647375,
                        1.0277581107942753e-06,
                        0.8778646573657711,
                        1.1304717634282027,
                        -0.6599162757764775
                    ],
                    [
                        -0.007439965077464734,
                        0.9750527016849753,
                        -5.839733107004436e-07,
                        -0.6564929633892664,
                        0.08050127054945844,
                        -0.25326636623208665
                    ],
                    [
                        1.0277581107942753e-06,
                        -5.839733107004436e-07,
                        1.0093490302575236e-06,
                        3.779124094037371e-06,
                        4.337736146881179e-06,
                        -5.013962806661972e-06
                    ],
                    [
                        0.8778646573657711,
                        -0.6564929633892664,
                        3.779124094037371e-06,
                        2.246181105989234,
                        1.6758379757258426,
                        -1.7431038510183918
                    ],
                    [
                        1.1304717634282027,
                        0.08050127054945844,
                        4.337736146881179e-06,
                        1.6758379757258426,
                        2.8210289994922353,
                        -2.2587015248675097
                    ],
                    [
                        -0.6599162757764775,
                        -0.25326636623208665,
                        -5.013962806661972e-06,
                        -1.7431038510183916,
                        -2.2587015248675097,
                        3.5061148867772984
                    ]
                ]
            },
            "est_tgt": [
                2
            ],
            "oracle_est_tgt": [
                2
            ]
        },
        "3": {
            "intv_type": "do",
            "inode": 3,
            "new_mui": 1.0,
            "new_sigmai": 0.0,
            "true_params": {
                "Si": [
                    [
                        1.0,
                        0.0,
                        -0.8845142244019599,
                        0.0,
                        0.5357932718791094,
                        1.158759257080345
                    ],
                    [
                        0.0,
                        1.0,
                        -0.7237245013877338,
                        0.0,
                        0.5467826045591815,
                        -0.5722139309234502
                    ],
                    [
                        -0.8845142244019599,
                        -0.7237245013877338,
                        2.3061425670783247,
                        0.0,
                        -0.869636738168019,
                        -1.3583808431184519
                    ],
                    [
                        0.0,
                        0.0,
                        0.0,
                        1e-09,
                        7.042723895014719e-10,
                        -1.2944720619564363e-09
                    ],
                    [
                        0.5357932718791094,
                        0.5467826045591815,
                        -0.869636738168019,
                        7.042723895014719e-10,
                        1.586045647335443,
                        -0.2325237323973024
                    ],
                    [
                        1.158759257080345,
                        -0.5722139309234502,
                        -1.3583808431184519,
                        -1.2944720619564363e-09,
                        -0.2325237323973024,
                        3.521151254613182
                    ]
                ],
                "mui": [
                    0.0,
                    0.0,
                    0.0,
                    1.0,
                    0.7042723895014719,
                    -1.2944720619564363
                ],
                "Ai": [
                    [
                        0.0,
                        0.0,
                        0.0,
                        0.0,
                        0.0,
                        0.0
                    ],
                    [
                        0.0,
                        0.0,
                        0.0,
                        0.0,
                        0.0,
                        0.0
                    ],
                    [
                        -0.8845142244019599,
                        -0.7237245013877338,
                        0.0,
                        0.0,
                        0.0,
                        0.0
                    ],
                    [
                        0.0,
                        0.0,
                        0.0,
                        0.0,
                        0.0,
                        0.0
                    ],
                    [
                        0.5357932718791094,
                        0.5467826045591815,
                        -0.0,
                        0.7042723895014719,
                        0.0,
                        0.0
                    ],
                    [
                        0.7871231915501873,
                        -0.8177091372262651,
                        -0.7475670394181283,
                        -0.9138110595083679,
                        -0.540502521641554,
                        0.0
                    ]
                ]
            },
            "est_params": {
                "mui": [
                    -0.010114841026136929,
                    -0.00401269775980619,
                    0.02123485381061853,
                    1.0000008473632338,
                    0.6916777846857391,
                    -1.3181118249195034
                ],
                "Si": [
                    [
                        1.0061258460826554,
                        -0.004089318421266278,
                        -0.8689312467801105,
                        -2.238101402988056e-07,
                        0.5299329248784133,
                        1.152878667597972
                    ],
                    [
                        -0.004089318421266278,
                        0.9880641173928026,
                        -0.7049582970280636,
                        1.4730978006821118e-06,
                        0.5484041627660315,
                        -0.5544253180090958
                    ],
                    [
                        -0.8689312467801104,
                        -0.7049582970280637,
                        2.273417361419407,
                        -3.169474165625963e-06,
                        -0.8629829306871908,
                        -1.3629008474249646
                    ],
                    [
                        -2.2381014029880556e-07,
                        1.4730978006821118e-06,
                        -3.1694741656259625e-06,
                        1.0065054906935807e-06,
                        1.0100696318096954e-06,
                        2.1825536385200185e-08
                    ],
                    [
                        0.5299329248784131,
                        0.5484041627660315,
                        -0.8629829306871908,
                        1.0100696318096954e-06,
                        1.5953591296316736,
                        -0.23018419841584997
                    ],
                    [
                        1.152878667597972,
                        -0.5544253180090958,
                        -1.3629008474249646,
                        2.1825536385200185e-08,
                        -0.23018419841584997,
                        3.52185302015091
                    ]
                ]
            },
            "est_tgt": [
                3
            ],
            "oracle_est_tgt": [
                3
            ]
        },
        "4": {
            "intv_type": "do",
            "inode": 4,
            "new_mui": 1.0,
            "new_sigmai": 0.0,
            "true_params": {
                "Si": [
                    [
                        1.0,
                        0.0,
                        -0.8845142244019599,
                        1.5459267582888718,
                        0.0,
                        0.03567190269529189
                    ],
                    [
                        0.0,
                        1.0,
                        -0.7237245013877338,
                        -0.138198404867801,
                        0.0,
                        -0.1503893235948643
                    ],
                    [
                        -0.8845142244019599,
                        -0.7237245013877338,
                        2.3061425670783247,
                        -2.001979218402099,
                        0.0,
                        0.0010090576713543686
                    ],
                    [
                        1.5459267582888718,
                        -0.138198404867801,
                        -2.001979218402099,
                        3.948629295269481,
                        0.0,
                        -0.7818465403408412
                    ],
                    [
                        0.0,
                        0.0,
                        0.0,
                        0.0,
                        1e-09,
                        -5.40502521641554e-10
                    ],
                    [
                        0.03567190269529189,
                        -0.1503893235948643,
                        0.0010090576713543686,
                        -0.7818465403408412,
                        -5.40502521641554e-10,
                        1.8647585833809663
                    ]
                ],
                "mui": [
                    0.0,
                    0.0,
                    0.0,
                    0.0,
                    1.0,
                    -0.540502521641554
                ],
                "Ai": [
                    [
                        0.0,
                        0.0,
                        0.0,
                        0.0,
                        0.0,
                        0.0
                    ],
                    [
                        0.0,
                        0.0,
                        0.0,
                        0.0,
                        0.0,
                        0.0
                    ],
                    [
                        -0.8845142244019599,
                        -0.7237245013877338,
                        0.0,
                        0.0,
                        0.0,
                        0.0
                    ],
                    [
                        0.8961603248139446,
                        -0.6698482925822419,
                        -0.7346025824675108,
                        0.0,
                        0.0,
                        0.0
                    ],
                    [
                        0.0,
                        0.0,
                        0.0,
                        0.0,
                        0.0,
                        0.0
                    ],
                    [
                        0.7871231915501873,
                        -0.8177091372262651,
                        -0.7475670394181283,
                        -0.9138110595083679,
                        -0.540502521641554,
                        0.0
                    ]
                ]
            },
            "est_params": {
                "mui": [
                    0.01161459567181187,
                    0.013604646126335102,
                    -0.021055813141457283,
                    0.015027653546714368,
                    1.0000004310203496,
                    -0.5521912523072456
                ],
                "Si": [
                    [
                        0.9766100109577927,
                        -0.010547941668370373,
                        -0.8400540788547478,
                        1.491136914388293,
                        -9.350974142091922e-07,
                        0.045808696708132715
                    ],
                    [
                        -0.01054794166837037,
                        1.0095650555769395,
                        -0.7464173698558847,
                        -0.13933883741351968,
                        6.507228952863257e-07,
                        -0.1579716104082229
                    ],
                    [
                        -0.8400540788547478,
                        -0.7464173698558847,
                        2.2761071105024557,
                        -1.9500988984339354,
                        -1.7002907598191735e-06,
                        0.051076883765376
                    ],
                    [
                        1.491136914388293,
                        -0.13933883741351968,
                        -1.9500988984339354,
                        3.889856587102502,
                        -2.0877040362213837e-06,
                        -0.8400002146394244
                    ],
                    [
                        -9.35097414209192e-07,
                        6.50722895286326e-07,
                        -1.7002907598191735e-06,
                        -2.0877040362213832e-06,
                        1.015080280336681e-06,
                        1.6422524566538328e-06
                    ],
                    [
                        0.04580869670813271,
                        -0.1579716104082229,
                        0.05107688376537602,
                        -0.8400002146394245,
                        1.6422524566538328e-06,
                        1.9231571270355476
                    ]
                ]
            },
            "est_tgt": [
                4
            ],
            "oracle_est_tgt": [
                4
            ]
        },
        "5": {
            "intv_type": "do",
            "inode": 5,
            "new_mui": 1.0,
            "new_sigmai": 0.0,
            "true_params": {
                "Si": [
                    [
                        1.0,
                        0.0,
                        -0.8845142244019599,
                        1.5459267582888718,
                        1.6245468039334774,
                        0.0
                    ],
                    [
                        0.0,
                        1.0,
                        -0.7237245013877338,
                        -0.138198404867801,
                        0.4494532837376434,
                        0.0
                    ],
                    [
                        -0.8845142244019599,
                        -0.7237245013877338,
                        2.3061425670783247,
                        -2.001979218402099,
                        -2.279575426044354,
                        0.0
                    ],
                    [
                        1.5459267582888718,
                        -0.138198404867801,
                        -2.001979218402099,
                        3.948629295269481,
                        3.5336432611844693,
                        0.0
                    ],
                    [
                        1.6245468039334774,
                        0.4494532837376434,
                        -2.279575426044354,
                        3.5336432611844693,
                        4.604821867710173,
                        0.0
                    ],
                    [
                        0.0,
                        0.0,
                        0.0,
                        0.0,
                        0.0,
                        1e-09
                    ]
                ],
                "mui": [
                    0.0,
                    0.0,
                    0.0,
                    0.0,
                    0.0,
                    1.0
                ],
                "Ai": [
                    [
                        0.0,
                        0.0,
                        0.0,
                        0.0,
                        0.0,
                        0.0
                    ],
                    [
                        0.0,
                        0.0,
                        0.0,
                        0.0,
                        0.0,
                        0.0
                    ],
                    [
                        -0.8845142244019599,
                        -0.7237245013877338,
                        0.0,
                        0.0,
                        0.0,
                        0.0
                    ],
                    [
                        0.8961603248139446,
                        -0.6698482925822419,
                        -0.7346025824675108,
                        0.0,
                        0.0,
                        0.0
                    ],
                    [
                        0.5357932718791094,
                        0.5467826045591815,
                        -0.0,
                        0.7042723895014719,
                        0.0,
                        0.0
                    ],
                    [
                        0.0,
                        0.0,
                        0.0,
                        0.0,
                        0.0,
                        0.0
                    ]
                ]
            },
            "est_params": {
                "mui": [
                    -0.0029983650929501938,
                    0.002655425043701718,
                    -0.006597175869891031,
                    0.00466566247224784,
                    -0.010180026592413715,
                    0.9999991604036926
                ],
                "Si": [
                    [
                        1.0058071602386482,
                        -0.00302896071486526,
                        -0.8892467653978513,
                        1.544498300308019,
                        1.6296936104365465,
                        -1.5507452394711864e-06
                    ],
                    [
                        -0.003028960714865266,
                        0.995633005468386,
                        -0.7159943784271391,
                        -0.14740627465317344,
                        0.42671241877220967,
                        1.786292683985146e-06
                    ],
                    [
                        -0.8892467653978515,
                        -0.7159943784271391,
                        2.3018041989495477,
                        -1.9643115900719879,
                        -2.240560222606223,
                        -1.3774114674227348e-06
                    ],
                    [
                        1.5444983003080188,
                        -0.14740627465317344,
                        -1.9643115900719874,
                        3.8435329347898817,
                        3.456740085882957,
                        -1.0767538893808054e-06
                    ],
                    [
                        1.6296936104365465,
                        0.42671241877220967,
                        -2.2405602226062227,
                        3.456740085882957,
                        4.564949408091032,
                        -1.7220470292196388e-06
                    ],
                    [
                        -1.5507452394711864e-06,
                        1.7862926839851465e-06,
                        -1.377411467422735e-06,
                        -1.0767538893808054e-06,
                        -1.7220470292196388e-06,
                        1.0076144718531676e-06
                    ]
                ]
            },
            "est_tgt": [
                3,
                5
            ],
            "oracle_est_tgt": [
                5
            ]
        },
        "obs": {
            "intv_type": "obs",
            "true_params": {
                "Si": [
                    [
                        1.0,
                        0.0,
                        -0.8845142244019599,
                        1.5459267582888718,
                        1.6245468039334774,
                        -0.8423997413554799
                    ],
                    [
                        0.0,
                        1.0,
                        -0.7237245013877338,
                        -0.138198404867801,
                        0.4494532837376434,
                        -0.39331995681513743
                    ],
                    [
                        -0.8845142244019599,
                        -0.7237245013877338,
                        2.3061425670783247,
                        -2.001979218402099,
                        -2.279575426044354,
                        1.2331253237204476
                    ],
                    [
                        1.5459267582888718,
                        -0.138198404867801,
                        -2.001979218402099,
                        3.948629295269481,
                        3.5336432611844693,
                        -2.691789633592731
                    ],
                    [
                        1.6245468039334774,
                        0.4494532837376434,
                        -2.279575426044354,
                        3.5336432611844693,
                        4.604821867710173,
                        -3.102668262990652
                    ],
                    [
                        -0.8423997413554799,
                        -0.39331995681513743,
                        1.2331253237204476,
                        -2.691789633592731,
                        -3.102668262990652,
                        3.873492259089867
                    ]
                ],
                "mui": [
                    0.0,
                    0.0,
                    0.0,
                    0.0,
                    0.0,
                    0.0
                ],
                "Ai": [
                    [
                        0.0,
                        0.0,
                        0.0,
                        0.0,
                        0.0,
                        0.0
                    ],
                    [
                        0.0,
                        0.0,
                        0.0,
                        0.0,
                        0.0,
                        0.0
                    ],
                    [
                        -0.8845142244019599,
