{
    "expt_args": {
        "save_dir": "all_expt_logs/expt_logs_11.05.24-mean_shift",
        "exp_name": "536",
        "num_nodes": 6,
        "obs_noise_mean": 0.0,
        "obs_noise_var": 1.0,
        "max_edge_strength": 1.0,
        "graph_sparsity_method": "adj_dense_prop",
        "adj_dense_prop": 0.8,
        "num_parents": null,
        "new_noise_mean": 2.0,
        "mix_samples": 1024,
        "stage2_samples": 1024,
        "gmm_tol": 0.001,
        "intv_type": "do",
        "new_noise_sigma": 0.0,
        "intv_targets": [
            0,
            1,
            2,
            3,
            4,
            5
        ]
    },
    "intv_args_dict": {
        "0": {
            "intv_type": "do",
            "inode": 0,
            "new_mui": 2.0,
            "new_sigmai": 0.0,
            "true_params": {
                "Si": [
                    [
                        1e-09,
                        -6.968000266850622e-10,
                        1.3966360770360212e-09,
                        -2.3745660100488423e-09,
                        4.614121987235014e-09,
                        -4.535537335338647e-09
                    ],
                    [
                        -6.968000266850622e-10,
                        1.0000000004855303,
                        -0.933461187379084,
                        1.5279649393213794,
                        -2.8837081861114453,
                        2.6529290054733634
                    ],
                    [
                        1.3966360770360212e-09,
                        -0.933461187379084,
                        1.8713497884769175,
                        -2.385606452750082,
                        4.568043172454692,
                        -4.177875585524438
                    ],
                    [
                        -2.3745660100488423e-09,
                        1.5279649393213794,
                        -2.385606452750082,
                        4.254953464797885,
                        -7.126514251117329,
                        6.505121832234246
                    ],
                    [
                        4.614121987235014e-09,
                        -2.8837081861114453,
                        4.568043172454692,
                        -7.126514251117329,
                        13.683156053213121,
                        -11.596709440294028
                    ],
                    [
                        -4.535537335338647e-09,
                        2.6529290054733634,
                        -4.177875585524438,
                        6.505121832234246,
                        -11.596709440294028,
                        11.604285876008477
                    ]
                ],
                "mui": [
                    2.0,
                    -1.3936000533701243,
                    2.793272154072042,
                    -4.749132020097685,
                    9.228243974470027,
                    -9.071074670677293
                ],
                "Ai": [
                    [
                        0.0,
                        0.0,
                        0.0,
                        0.0,
                        0.0,
                        0.0
                    ],
                    [
                        -0.6968000266850621,
                        0.0,
                        0.0,
                        0.0,
                        0.0,
                        0.0
                    ],
                    [
                        0.7462002974389148,
                        -0.9334611864059079,
                        0.0,
                        0.0,
                        0.0,
                        0.0
                    ],
                    [
                        -0.5940422307696027,
                        0.6324858333364958,
                        -0.9593104859326143,
                        0.0,
                        0.0,
                        0.0
                    ],
                    [
                        0.657943955781044,
                        -0.5501717304873388,
                        0.9932277199260986,
                        -0.9204379576557027,
                        0.0,
                        0.0
                    ],
                    [
                        -0.930639455986314,
                        0.5464765452921152,
                        -0.9155043651956041,
                        0.8193019586151102,
                        0.0,
                        0.0
                    ]
                ]
            },
            "est_params": {
                "mui": [
                    1.999995375009571,
                    -1.4212823087058648,
                    2.843314054475848,
                    -4.790892086284342,
                    9.460084433156446,
                    -9.142286627805868
                ],
                "Si": [
                    [
                        1.0031233048782917e-06,
                        -3.2589096767041305e-07,
                        -3.730526422328043e-06,
                        2.5012720117353786e-06,
                        -7.281464934948265e-06,
                        8.376414022720965e-07
                    ],
                    [
                        -3.2589096767041305e-07,
                        1.0274828525478608,
                        -1.1432097398304053,
                        1.507633779229548,
                        -3.00843038860635,
                        2.74174188492051
                    ],
                    [
                        -3.730526422328044e-06,
                        -1.1432097398304053,
                        2.39722112290542,
                        -2.743776508427994,
                        5.46979407536748,
                        -4.80044116654286
                    ],
                    [
                        2.5012720117353786e-06,
                        1.507633779229548,
                        -2.743776508427994,
                        4.409902586728603,
                        -7.531977861219769,
                        6.701186244430339
                    ],
                    [
                        -7.281464934948267e-06,
                        -3.00843038860635,
                        5.46979407536748,
                        -7.531977861219769,
                        14.75355571927431,
                        -12.327206273500057
                    ],
                    [
                        8.376414022720965e-07,
                        2.7417418849205095,
                        -4.800441166542859,
                        6.701186244430339,
                        -12.327206273500057,
                        11.916126842806403
                    ]
                ]
            },
            "est_tgt": [
                0,
                2,
                4,
                5
            ],
            "oracle_est_tgt": [
                0,
                2,
                5
            ]
        },
        "1": {
            "intv_type": "do",
            "inode": 1,
            "new_mui": 2.0,
            "new_sigmai": 0.0,
            "true_params": {
                "Si": [
                    [
                        1.0,
                        0.0,
                        0.7462002974389148,
                        -1.3098800007087894,
                        2.6047540484409226,
                        -2.686976335733372
                    ],
                    [
                        0.0,
                        1e-09,
                        -9.33461186405908e-10,
                        1.527964937666782e-09,
                        -2.8837081828963253e-09,
                        2.652929002313001e-09
                    ],
                    [
                        0.7462002974389148,
                        -9.33461186405908e-10,
                        1.5568148847692747,
                        -1.9367433334970947,
                        3.8198817527492777,
                        -3.7064918686521815
                    ],
                    [
                        -1.3098800007087894,
                        1.527964937666782e-09,
                        -1.9367433334970947,
                        3.6360622270118035,
                        -6.132224485456643,
                        5.971155892419243
                    ],
                    [
                        2.6047540484409226,
                        -2.8837081828963253e-09,
                        3.8198817527492777,
                        -6.132224485456643,
                        12.152126809004924,
                        -10.945348842970251
                    ],
                    [
                        -2.686976335733372,
                        2.652929002313001e-09,
                        -3.7064918686521815,
                        5.971155892419243,
                        -10.945348842970251,
                        11.786095399953096
                    ]
                ],
                "mui": [
                    0.0,
                    2.0,
                    -1.8669223728118158,
                    3.0559298753335637,
                    -5.76741636579265,
                    5.3058580046260015
                ],
                "Ai": [
                    [
                        0.0,
                        0.0,
                        0.0,
                        0.0,
                        0.0,
                        0.0
                    ],
                    [
                        0.0,
                        0.0,
                        0.0,
                        0.0,
                        0.0,
                        0.0
                    ],
                    [
                        0.7462002974389148,
                        -0.9334611864059079,
                        0.0,
                        0.0,
                        0.0,
                        0.0
                    ],
                    [
                        -0.5940422307696027,
                        0.6324858333364958,
                        -0.9593104859326143,
                        0.0,
                        0.0,
                        0.0
                    ],
                    [
                        0.657943955781044,
                        -0.5501717304873388,
                        0.9932277199260986,
                        -0.9204379576557027,
                        0.0,
                        0.0
                    ],
                    [
                        -0.930639455986314,
                        0.5464765452921152,
                        -0.9155043651956041,
                        0.8193019586151102,
                        0.0,
                        0.0
                    ]
                ]
            },
            "est_params": {
                "mui": [
                    -0.09012564441915827,
                    1.9999999999662876,
                    -1.9778075947928262,
                    3.1970620694773686,
                    -6.16015766467613,
                    5.654067063058268
                ],
                "Si": [
                    [
                        1.0881369586151541,
                        -7.475622477662264e-11,
                        0.7792369039530156,
                        -1.4370104031811175,
                        2.8614188032877146,
                        -2.939308689948271
                    ],
                    [
                        -7.475622477662265e-11,
                        1.0000000046439701e-06,
                        -3.941116553552815e-11,
                        1.4409465613791649e-10,
                        -2.434356341054631e-10,
                        2.926776840318904e-10
                    ],
                    [
                        0.7792369039530156,
                        -3.9411165535528125e-11,
                        1.452221235372245,
                        -1.8768521461051664,
                        3.706325164867764,
                        -3.4810660228745123
                    ],
                    [
                        -1.4370104031811175,
                        1.4409465613791646e-10,
                        -1.8768521461051664,
                        3.6344439117852643,
                        -6.2214208491002765,
                        5.905421940812441
                    ],
                    [
                        2.861418803287714,
                        -2.43435634105463e-10,
                        3.706325164867765,
                        -6.2214208491002765,
                        12.335542997443662,
                        -10.872262696034358
                    ],
                    [
                        -2.9393086899482705,
                        2.926776840318905e-10,
                        -3.481066022874512,
                        5.90542194081244,
                        -10.872262696034355,
                        11.653541842301326
                    ]
                ]
            },
            "est_tgt": [
                0,
                1,
                2
            ],
            "oracle_est_tgt": [
                0,
                1,
                2
            ]
        },
        "2": {
            "intv_type": "do",
            "inode": 2,
            "new_mui": 2.0,
            "new_sigmai": 0.0,
            "true_params": {
                "Si": [
                    [
                        1.0,
                        -0.6968000266850621,
                        0.0,
                        -1.0347583763163968,
                        1.993734518829784,
                        -2.1592038917380356
                    ],
                    [
                        -0.6968000266850621,
                        1.4855302771883032,
                        0.0,
                        1.3535054975663527,
                        -2.5215699650932715,
                        2.5692067567225694
                    ],
                    [
                        0.0,
                        0.0,
                        1e-09,
                        -9.593104859326144e-10,
                        1.8762135043556138e-09,
                        -1.7014693252402082e-09
                    ],
                    [
                        -1.0347583763163968,
                        1.3535054975663527,
                        -9.593104859326144e-10,
                        2.470763227648584,
                        -3.699657741271875,
                        3.726947133321248
                    ],
                    [
                        1.993734518829784,
                        -2.5215699650932715,
                        1.8762135043556138e-09,
                        -3.699657741271875,
                        7.10436750460125,
                        -6.2645636865687
                    ],
                    [
                        -2.1592038917380356,
                        2.5692067567225694,
                        -1.7014693252402082e-09,
                        3.726947133321248,
                        -6.2645636865687,
                        7.466946655268299
                    ]
                ],
                "mui": [
                    0.0,
                    0.0,
                    2.0,
                    -1.9186209718652285,
                    3.7524270087112277,
                    -3.402938650480416
                ],
                "Ai": [
                    [
                        0.0,
                        0.0,
                        0.0,
                        0.0,
                        0.0,
                        0.0
                    ],
                    [
                        -0.6968000266850621,
                        0.0,
                        0.0,
                        0.0,
                        0.0,
                        0.0
                    ],
                    [
                        0.0,
                        0.0,
                        0.0,
                        0.0,
                        0.0,
                        0.0
                    ],
                    [
                        -0.5940422307696027,
                        0.6324858333364958,
                        -0.9593104859326143,
                        0.0,
                        0.0,
                        0.0
                    ],
                    [
                        0.657943955781044,
                        -0.5501717304873388,
                        0.9932277199260986,
                        -0.9204379576557027,
                        0.0,
                        0.0
                    ],
                    [
                        -0.930639455986314,
                        0.5464765452921152,
                        -0.9155043651956041,
                        0.8193019586151102,
                        0.0,
                        0.0
                    ]
                ]
            },
            "est_params": {
                "mui": [
                    -0.048522283416891444,
                    0.12306016261553382,
                    1.9999999999927598,
                    -1.8261292081045442,
                    3.445921897930954,
                    -3.198526553789659
                ],
                "Si": [
                    [
                        1.0469922820845725,
                        -0.6746940257794942,
                        6.779330569684067e-11,
                        -1.2130416459766176,
                        2.182427349066826,
                        -2.218739878941994
                    ],
                    [
                        -0.6746940257794942,
                        1.348649448892914,
                        -3.189098069232314e-11,
                        1.3997322447550822,
                        -2.486852655546428,
                        2.3864031937900356
                    ],
                    [
                        6.779330569684066e-11,
                        -3.189098069232311e-11,
                        1.000000000016392e-06,
                        -5.7746332974953337e-11,
                        1.7032855366096144e-10,
                        4.912673730170485e-12
                    ],
                    [
                        -1.2130416459766176,
                        1.3997322447550822,
                        -5.774633297495335e-11,
                        2.660709859142078,
                        -4.109623843389949,
                        3.8581815750960162
                    ],
                    [
                        2.182427349066826,
                        -2.486852655546428,
                        1.7032855366096141e-10,
                        -4.109623843389948,
                        7.641343668423239,
                        -6.452606161824411
                    ],
                    [
                        -2.218739878941994,
                        2.3864031937900356,
                        4.912673730170473e-12,
                        3.8581815750960162,
                        -6.452606161824411,
                        7.234063863901242
                    ]
                ]
            },
            "est_tgt": [
                1,
                2,
                4
            ],
            "oracle_est_tgt": [
                1,
                2,
                4,
                5
            ]
        },
        "3": {
            "intv_type": "do",
            "inode": 3,
            "new_mui": 2.0,
            "new_sigmai": 0.0,
            "true_params": {
                "Si": [
                    [
                        1.0,
                        -0.6968000266850621,
                        1.396636077036021,
                        0.0,
                        2.428481298627007,
                        -2.590050752444762
                    ],
                    [
                        -0.6968000266850621,
                        1.4855302771883032,
                        -1.906637242153928,
                        0.0,
                        -3.1694770899882623,
                        3.2058117696065667
                    ],
                    [
                        1.396636077036021,
                        -1.906637242153928,
                        3.821942118204892,
                        0.0,
                        5.763945031993201,
                        -5.840701864902739
                    ],
                    [
                        0.0,
                        0.0,
                        0.0,
                        1e-09,
                        -9.204379576557027e-10,
                        8.193019586151103e-10
                    ],
                    [
                        2.428481298627007,
                        -3.1694770899882623,
                        5.763945031993201,
                        -9.204379576557027e-10,
                        10.066471270250933,
                        -9.269002243437875
                    ],
                    [
                        -2.590050752444762,
                        3.2058117696065667,
                        -5.840701864902739,
                        8.193019586151103e-10,
                        -9.269002243437875,
                        10.509492417739354
                    ]
                ],
                "mui": [
                    0.0,
                    0.0,
                    0.0,
                    2.0,
                    -1.8408759153114054,
                    1.6386039172302205
                ],
                "Ai": [
                    [
                        0.0,
                        0.0,
                        0.0,
                        0.0,
                        0.0,
                        0.0
                    ],
                    [
                        -0.6968000266850621,
                        0.0,
                        0.0,
                        0.0,
                        0.0,
                        0.0
                    ],
                    [
                        0.7462002974389148,
                        -0.9334611864059079,
                        0.0,
                        0.0,
                        0.0,
                        0.0
                    ],
                    [
                        0.0,
                        0.0,
                        0.0,
                        0.0,
                        0.0,
                        0.0
                    ],
                    [
                        0.657943955781044,
                        -0.5501717304873388,
                        0.9932277199260986,
                        -0.9204379576557027,
                        0.0,
                        0.0
                    ],
                    [
                        -0.930639455986314,
                        0.5464765452921152,
                        -0.9155043651956041,
                        0.8193019586151102,
                        0.0,
                        0.0
                    ]
                ]
            },
            "est_params": {
                "mui": [
                    -0.06967256810341517,
                    0.06783416792956054,
                    0.09639576722611248,
                    2.000000078793073,
                    -1.8495445465189784,
                    1.7007622209163957
                ],
                "Si": [
                    [
                        0.9215416492069052,
                        -0.6642612451144503,
                        1.1845783670907506,
                        -8.867897273199585e-08,
                        2.1898208171204745,
                        -2.3737544563364916
                    ],
                    [
                        -0.6642612451144503,
                        1.3898080402324235,
                        -1.7957186559534015,
                        7.849696572349234e-08,
                        -2.980672487973928,
                        3.0221678036670303
                    ],
                    [
                        1.1845783670907506,
                        -1.7957186559534015,
                        3.4267765859354213,
                        -1.7256362885108712e-07,
                        5.201582906495206,
                        -5.282504479425025
                    ],
                    [
                        -8.867897273199585e-08,
                        7.849696572349234e-08,
                        -1.725636288510871e-07,
                        1.0001035216193299e-06,
                        -2.3500262654511266e-07,
                        2.3559430875172206e-08
                    ],
                    [
                        2.189820817120475,
                        -2.980672487973928,
                        5.201582906495206,
                        -2.350026265451126e-07,
                        9.222334861786265,
                        -8.605052100561316
                    ],
                    [
                        -2.3737544563364916,
                        3.0221678036670303,
                        -5.282504479425025,
                        2.3559430875172203e-08,
                        -8.605052100561318,
                        9.985613383570048
                    ]
                ]
            },
            "est_tgt": [
                0,
                1,
                3,
                4
            ],
            "oracle_est_tgt": [
                0,
                1,
                3,
                5
            ]
        },
        "4": {
            "intv_type": "do",
            "inode": 4,
            "new_mui": 2.0,
            "new_sigmai": 0.0,
            "true_params": {
                "Si": [
                    [
                        1.0,
                        -0.6968000266850621,
                        1.396636077036021,
                        -2.3745660100488424,
                        0.0,
                        -4.535537335338646
                    ],
                    [
                        -0.6968000266850621,
                        1.4855302771883032,
                        -1.906637242153928,
                        3.1825625968342566,
                        0.0,
                        5.813291538608065
                    ],
                    [
                        1.396636077036021,
                        -1.906637242153928,
                        3.821942118204892,
                        -5.70201100637137,
                        0.0,
                        -10.512370650467718
                    ],
                    [
                        -2.3745660100488424,
                        3.1825625968342566,
                        -5.70201100637137,
                        9.8935171952386,
                        0.0,
                        17.27505461526696
                    ],
                    [
                        0.0,
                        0.0,
                        0.0,
                        0.0,
                        1e-09,
                        0.0
                    ],
                    [
                        -4.535537335338646,
                        5.813291538608065,
                        -10.512370650467718,
                        17.27505461526696,
                        0.0,
                        32.175384775688165
                    ]
                ],
                "mui": [
                    0.0,
                    0.0,
                    0.0,
                    0.0,
                    2.0,
                    0.0
                ],
                "Ai": [
                    [
                        0.0,
                        0.0,
                        0.0,
                        0.0,
                        0.0,
                        0.0
                    ],
                    [
                        -0.6968000266850621,
                        0.0,
                        0.0,
                        0.0,
                        0.0,
                        0.0
                    ],
                    [
                        0.7462002974389148,
                        -0.9334611864059079,
                        0.0,
                        0.0,
                        0.0,
                        0.0
                    ],
                    [
                        -0.5940422307696027,
                        0.6324858333364958,
                        -0.9593104859326143,
                        0.0,
                        0.0,
                        0.0
                    ],
                    [
                        0.0,
                        0.0,
                        0.0,
                        0.0,
                        0.0,
                        0.0
                    ],
                    [
                        -0.930639455986314,
                        0.5464765452921152,
                        -0.9155043651956041,
                        0.8193019586151102,
                        0.0,
                        0.0
                    ]
                ]
            },
            "est_params": {
                "mui": [
                    -0.04133568490513963,
                    -0.05039642083755657,
                    0.07587550864278422,
                    0.10063148105532724,
                    1.9999999999293392,
                    0.03778546414315804
                ],
                "Si": [
                    [
                        0.9484963065507186,
                        -0.45962704473266647,
                        1.157868967403272,
                        -2.0102578649673877,
                        -1.5994576027451595e-10,
                        -3.736257936267204
                    ],
                    [
                        -0.45962704473266647,
                        1.04911443956192,
                        -1.4514112481701054,
                        2.3558439107740536,
                        8.609118341062131e-11,
                        4.254069158144522
                    ],
                    [
                        1.157868967403272,
                        -1.4514112481701054,
                        3.334365816391825,
                        -5.004400235378323,
                        -1.4660670034576522e-10,
                        -8.853272935958671
                    ],
                    [
                        -2.0102578649673877,
                        2.3558439107740536,
                        -5.004400235378323,
                        8.821277655226108,
                        2.579477678193051e-10,
                        14.695980497167419
                    ],
                    [
                        -1.5994576027451595e-10,
                        8.609118341062131e-11,
                        -1.4660670034576528e-10,
                        2.579477678193051e-10,
                        1.0000000000010825e-06,
                        6.742988412531422e-10
                    ],
                    [
                        -3.736257936267204,
                        4.254069158144521,
                        -8.853272935958671,
                        14.695980497167419,
                        6.742988412531422e-10,
                        26.53996516605384
                    ]
                ]
            },
            "est_tgt": [
                3,
                4
            ],
            "oracle_est_tgt": [
                4
            ]
        },
        "5": {
            "intv_type": "do",
            "inode": 5,
            "new_mui": 2.0,
            "new_sigmai": 0.0,
            "true_params": {
                "Si": [
                    [
                        1.0,
                        -0.6968000266850621,
                        1.396636077036021,
                        -2.3745660100488424,
                        4.614121987235014,
                        0.0
                    ],
                    [
                        -0.6968000266850621,
                        1.4855302771883032,
                        -1.906637242153928,
                        3.1825625968342566,
                        -6.098828506729815,
                        0.0
                    ],
                    [
                        1.396636077036021,
                        -1.906637242153928,
                        3.821942118204892,
                        -5.70201100637137,
                        11.012292397228,
                        0.0
                    ],
                    [
                        -2.3745660100488424,
                        3.1825625968342566,
                        -5.70201100637137,
                        9.8935171952386,
                        -18.083051477268075,
                        0.0
                    ],
                    [
                        4.614121987235014,
                        -6.098828506729815,
                        11.012292397228,
                        -18.083051477268075,
                        34.97327774500859,
                        0.0
                    ],
                    [
                        0.0,
                        0.0,
                        0.0,
                        0.0,
                        0.0,
                        1e-09
                    ]
                ],
                "mui": [
                    0.0,
                    0.0,
                    0.0,
                    0.0,
                    0.0,
                    2.0
                ],
                "Ai": [
                    [
                        0.0,
                        0.0,
                        0.0,
                        0.0,
                        0.0,
                        0.0
                    ],
                    [
                        -0.6968000266850621,
                        0.0,
                        0.0,
                        0.0,
                        0.0,
                        0.0
                    ],
                    [
                        0.7462002974389148,
                        -0.9334611864059079,
                        0.0,
                        0.0,
                        0.0,
                        0.0
                    ],
                    [
                        -0.5940422307696027,
                        0.6324858333364958,
                        -0.9593104859326143,
                        0.0,
                        0.0,
                        0.0
                    ],
                    [
                        0.657943955781044,
                        -0.5501717304873388,
                        0.9932277199260986,
                        -0.9204379576557027,
                        0.0,
                        0.0
                    ],
                    [
                        0.0,
                        0.0,
                        0.0,
                        0.0,
                        0.0,
                        0.0
                    ]
                ]
            },
            "est_params": {
                "mui": [
                    0.11588067229423785,
                    -0.003546045542815757,
                    0.11600018251930246,
                    -0.16441601954488447,
                    0.48555007355238916,
                    2.0000014564854824
                ],
                "Si": [
                    [
                        0.9991768175464177,
                        -0.7271420640891814,
                        1.499901029497437,
                        -2.4817630967697273,
                        4.800115249535367,
                        -1.0644598466009855e-07
                    ],
                    [
                        -0.7271420640891814,
                        1.6232739652235004,
                        -2.2523575903327346,
                        3.568363440325122,
                        -6.901786359640848,
                        4.5890158761582196e-07
                    ],
                    [
                        1.499901029497437,
                        -2.2523575903327346,
                        4.432672587929043,
                        -6.559372264468021,
                        12.530402279218679,
                        -1.277801898902711e-06
                    ],
                    [
                        -2.4817630967697273,
                        3.568363440325122,
                        -6.559372264468021,
                        10.902947079536396,
                        -20.002734620248393,
                        3.1528009565135715e-06
                    ],
                    [
                        4.800115249535367,
                        -6.901786359640848,
                        12.530402279218679,
                        -20.002734620248393,
                        38.47985064125589,
                        -3.1999721800035158e-06
                    ],
                    [
                        -1.0644598466009851e-07,
                        4.58901587615822e-07,
                        -1.277801898902711e-06,
                        3.1528009565135715e-06,
                        -3.1999721800035158e-06,
                        1.000743274848626e-06
                    ]
                ]
            },
            "est_tgt": [
                5
            ],
            "oracle_est_tgt": [
                3,
                5
            ]
        },
        "obs": {
            "intv_type": "obs",
            "true_params": {
                "Si": [
                    [
                        1.0,
                        -0.6968000266850621,
                        1.396636077036021,
                        -2.3745660100488424,
                        4.614121987235014,
                        -4.535537335338646
                    ],
                    [
                        -0.6968000266850621,
                        1.4855302771883032,
                        -1.906637242153928,
                        3.1825625968342566,
                        -6.098828506729815,
                        5.813291538608065
                    ],
                    [
                        1.396636077036021,
                        -1.906637242153928,
                        3.821942118204892,
                        -5.70201100637137,
                        11.012292397228,
                        -10.512370650467718
                    ],
                    [
                        -2.3745660100488424,
                        3.1825625968342566,
                        -5.70201100637137,
                        9.8935171952386,
                        -18.083051477268075,
                        17.27505461526696
                    ],
                    [
                        4.614121987235014,
                        -6.098828506729815,
                        11.012292397228,
                        -18.083051477268075,
                        34.97327774500859,
                        -32.52423196227786
                    ],
                    [
                        -4.535537335338646,
                        5.813291538608065,
                        -10.512370650467718,
                        17.27505461526696,
                        -32.52423196227786,
                        32.175384775688165
                    ]
                ],
                "mui": [
                    0.0,
                    0.0,
                    0.0,
                    0.0,
                    0.0,
                    0.0
                ],
                "Ai": [
