{
    "expt_args": {
        "save_dir": "all_expt_logs/expt_logs_11.05.24-mean_shift",
        "exp_name": "207",
        "num_nodes": 6,
        "obs_noise_mean": 0.0,
        "obs_noise_var": 1.0,
        "max_edge_strength": 1.0,
        "graph_sparsity_method": "adj_dense_prop",
        "adj_dense_prop": 0.8,
        "num_parents": null,
        "new_noise_mean": 2.0,
        "mix_samples": 131072,
        "stage2_samples": 131072,
        "gmm_tol": 0.001,
        "intv_type": "do",
        "new_noise_sigma": 0.0,
        "intv_targets": [
            0,
            1,
            2,
            3,
            4,
            5
        ]
    },
    "intv_args_dict": {
        "0": {
            "intv_type": "do",
            "inode": 0,
            "new_mui": 2.0,
            "new_sigmai": 0.0,
            "true_params": {
                "Si": [
                    [
                        1e-09,
                        5.438421693979653e-10,
                        5.120103829844027e-10,
                        -4.215868433167415e-10,
                        8.907163300420268e-10,
                        -3.648180768158294e-10
                    ],
                    [
                        5.438421693979653e-10,
                        1.0000000002957643,
                        0.9414687053463212,
                        0.7669081741282343,
                        -0.8810513554868624,
                        1.5099382493922242
                    ],
                    [
                        5.120103829844027e-10,
                        0.9414687053463212,
                        1.8863633228843235,
                        1.5366070522966844,
                        -2.3162689782186554,
                        2.458529565570716
                    ],
                    [
                        -4.215868433167415e-10,
                        0.7669081741282343,
                        1.5366070522966844,
                        2.2517001395491425,
                        -2.7607144773269603,
                        3.5413896109096394
                    ],
                    [
                        8.907163300420268e-10,
                        -0.8810513554868624,
                        -2.3162689782186554,
                        -2.7607144773269603,
                        4.750508126515616,
                        -4.979374173427297
                    ],
                    [
                        -3.648180768158294e-10,
                        1.5099382493922242,
                        2.458529565570716,
                        3.5413896109096394,
                        -4.979374173427297,
                        7.304382094019627
                    ]
                ],
                "mui": [
                    2.0,
                    1.0876843387959305,
                    1.0240207659688054,
                    -0.8431736866334829,
                    1.7814326600840533,
                    -0.7296361536316588
                ],
                "Ai": [
                    [
                        0.0,
                        0.0,
                        0.0,
                        0.0,
                        0.0,
                        0.0
                    ],
                    [
                        0.5438421693979653,
                        0.0,
                        0.0,
                        0.0,
                        0.0,
                        0.0
                    ],
                    [
                        -0.0,
                        0.9414687050678684,
                        0.0,
                        0.0,
                        0.0,
                        0.0
                    ],
                    [
                        -0.8386638485883633,
                        -0.0,
                        0.8145870066942122,
                        0.0,
                        0.0,
                        0.0
                    ],
                    [
                        0.6369509245458524,
                        0.5187117926910194,
                        -0.7749094509443462,
                        -0.8739118629141529,
                        0.0,
                        0.0
                    ],
                    [
                        0.590205433005671,
                        0.9292314200280722,
                        -0.8073812536122092,
                        0.872261014484198,
                        -0.7625967614281908,
                        0.0
                    ]
                ]
            },
            "est_params": {
                "mui": [
                    2.00000031189049,
                    1.0915948448657031,
                    1.0221963754915788,
                    -0.8402105687910886,
                    1.7865383595788065,
                    -0.7255485313193789
                ],
                "Si": [
                    [
                        1.0054532503627933e-06,
                        1.0657277590958873e-06,
                        3.671108537004645e-07,
                        2.6416312066408955e-07,
                        4.3628419738216535e-07,
                        6.328094221832677e-07
                    ],
                    [
                        1.0657277590958875e-06,
                        0.992213768365435,
                        0.9368647671467429,
                        0.7487702183825473,
                        -0.8593134499361202,
                        1.4725749948900466
                    ],
                    [
                        3.671108537004645e-07,
                        0.9368647671467429,
                        1.8865871008499373,
                        1.5217275008940019,
                        -2.293981342938896,
                        2.430892875441134
                    ],
                    [
                        2.6416312066408944e-07,
                        0.7487702183825474,
                        1.5217275008940019,
                        2.2290150859361497,
                        -2.7262921865083,
                        3.491241456443354
                    ],
                    [
                        4.3628419738216535e-07,
                        -0.8593134499361202,
                        -2.293981342938896,
                        -2.7262921865083,
                        4.6850678667174,
                        -4.903803497197983
                    ],
                    [
                        6.32809422183268e-07,
                        1.4725749948900466,
                        2.430892875441134,
                        3.491241456443353,
                        -4.903803497197983,
                        7.214202857336855
                    ]
                ]
            },
            "est_tgt": [
                0,
                5
            ],
            "oracle_est_tgt": [
                0
            ]
        },
        "1": {
            "intv_type": "do",
            "inode": 1,
            "new_mui": 2.0,
            "new_sigmai": 0.0,
            "true_params": {
                "Si": [
                    [
                        1.0,
                        0.0,
                        0.0,
                        -0.8386638485883633,
                        1.3698692108244621,
                        -1.1859861701301628
                    ],
                    [
                        0.0,
                        1e-09,
                        9.414687050678685e-10,
                        7.669081743575111e-10,
                        -8.810513559712716e-10,
                        1.5099382495906278e-09
                    ],
                    [
                        0.0,
                        9.414687050678685e-10,
                        1.0000000008863634,
                        0.8145870074162322,
                        -1.486786700299631,
                        1.0369699586045342
                    ],
                    [
                        -0.8386638485883633,
                        7.669081743575111e-10,
                        0.8145870074162322,
                        2.36690904299223,
                        -3.2338887751167418,
                        3.378049351341632
                    ],
                    [
                        1.3698692108244621,
                        -8.810513559712716e-10,
                        -1.486786700299631,
                        -3.2338887751167418,
                        5.850798289404509,
                        -5.273686971122903
                    ],
                    [
                        -1.1859861701301628,
                        1.5099382495906278e-09,
                        1.0369699586045342,
                        3.378049351341632,
                        -5.273686971122903,
                        6.431031774329651
                    ]
                ],
                "mui": [
                    0.0,
                    2.0,
                    1.8829374101357368,
                    1.533816348715022,
                    -1.762102711942543,
                    3.0198764991812554
                ],
                "Ai": [
                    [
                        0.0,
                        0.0,
                        0.0,
                        0.0,
                        0.0,
                        0.0
                    ],
                    [
                        0.0,
                        0.0,
                        0.0,
                        0.0,
                        0.0,
                        0.0
                    ],
                    [
                        -0.0,
                        0.9414687050678684,
                        0.0,
                        0.0,
                        0.0,
                        0.0
                    ],
                    [
                        -0.8386638485883633,
                        -0.0,
                        0.8145870066942122,
                        0.0,
                        0.0,
                        0.0
                    ],
                    [
                        0.6369509245458524,
                        0.5187117926910194,
                        -0.7749094509443462,
                        -0.8739118629141529,
                        0.0,
                        0.0
                    ],
                    [
                        0.590205433005671,
                        0.9292314200280722,
                        -0.8073812536122092,
                        0.872261014484198,
                        -0.7625967614281908,
                        0.0
                    ]
                ]
            },
            "est_params": {
                "mui": [
                    -0.0034787128566261174,
                    2.000000108484622,
                    1.8952721631470317,
                    1.548533017773451,
                    -1.7843190014761403,
                    3.0429989302435647
                ],
                "Si": [
                    [
                        0.9986080162844357,
                        3.96246932502521e-07,
                        0.020499341361536347,
                        -0.8151671956637763,
                        1.3391189030181303,
                        -1.160365786865747
                    ],
                    [
                        3.962469325025211e-07,
                        1.0025126975587702e-06,
                        -3.978521578406235e-07,
                        -8.468050085782999e-07,
                        1.5476134635434718e-06,
                        -1.4085909451434732e-06
                    ],
                    [
                        0.020499341361536343,
                        -3.978521578406235e-07,
                        1.0011562050457516,
                        0.8081105096640041,
                        -1.4541312051850483,
                        1.0142387941742135
                    ],
                    [
                        -0.8151671956637763,
                        -8.468050085783e-07,
                        0.8081105096640041,
                        2.348153318774897,
                        -3.1919668937115575,
                        3.3459424984483137
                    ],
                    [
                        1.3391189030181303,
                        1.5476134635434718e-06,
                        -1.4541312051850483,
                        -3.1919668937115575,
                        5.743918748712297,
                        -5.1898598317264755
                    ],
                    [
                        -1.160365786865747,
                        -1.4085909451434732e-06,
                        1.0142387941742135,
                        3.3459424984483133,
                        -5.1898598317264755,
                        6.354341951496466
                    ]
                ]
            },
            "est_tgt": [
                1
            ],
            "oracle_est_tgt": [
                1
            ]
        },
        "2": {
            "intv_type": "do",
            "inode": 2,
            "new_mui": 2.0,
            "new_sigmai": 0.0,
            "true_params": {
                "Si": [
                    [
                        1.0,
                        0.5438421693979653,
                        0.0,
                        -0.8386638485883633,
                        1.6519665574538536,
                        -0.8957574617364039
                    ],
                    [
                        0.5438421693979653,
                        1.295764305215485,
                        0.0,
                        -0.45610076681194217,
                        1.4171208690696115,
                        0.04651280556214904
                    ],
                    [
                        0.0,
                        0.0,
                        1e-09,
                        8.145870066942123e-10,
                        -1.4867866994701488e-09,
                        1.0369699571829748e-09
                    ],
                    [
                        -0.8386638485883633,
                        -0.45610076681194217,
                        8.145870066942123e-10,
                        1.703357051592597,
                        -2.2593564949387885,
                        2.2899427720225063
                    ],
                    [
                        1.6519665574538536,
                        1.4171208690696115,
                        -1.4867866994701488e-09,
                        -2.2593564949387885,
                        4.761777377175287,
                        -3.3102317187623536
                    ],
                    [
                        -0.8957574617364039,
                        0.04651280556214904,
                        1.0369699571829748e-09,
                        2.2899427720225063,
                        -3.3102317187623536,
                        5.036340032692732
                    ]
                ],
                "mui": [
                    0.0,
                    0.0,
                    2.0,
                    1.6291740133884245,
                    -2.9735733989402973,
                    2.0739399143659494
                ],
                "Ai": [
                    [
                        0.0,
                        0.0,
                        0.0,
                        0.0,
                        0.0,
                        0.0
                    ],
                    [
                        0.5438421693979653,
                        0.0,
                        0.0,
                        0.0,
                        0.0,
                        0.0
                    ],
                    [
                        0.0,
                        0.0,
                        0.0,
                        0.0,
                        0.0,
                        0.0
                    ],
                    [
                        -0.8386638485883633,
                        -0.0,
                        0.8145870066942122,
                        0.0,
                        0.0,
                        0.0
                    ],
                    [
                        0.6369509245458524,
                        0.5187117926910194,
                        -0.7749094509443462,
                        -0.8739118629141529,
                        0.0,
                        0.0
                    ],
                    [
                        0.590205433005671,
                        0.9292314200280722,
                        -0.8073812536122092,
                        0.872261014484198,
                        -0.7625967614281908,
                        0.0
                    ]
                ]
            },
            "est_params": {
                "mui": [
                    -0.002517590743204079,
                    -0.001776998783865173,
                    1.9999990478825673,
                    1.6371150367553349,
                    -2.9966677925701948,
                    2.1079317970533267
                ],
                "Si": [
                    [
                        1.0004732051402476,
                        0.5532496636631806,
                        -1.5061102336340562e-07,
                        -0.8402024251109018,
                        1.6681659116418432,
                        -0.8983334256891172
                    ],
                    [
                        0.5532496636631806,
                        1.2934407023337036,
                        -1.8469776852592512e-07,
                        -0.4736409325761809,
                        1.436409349810667,
                        0.025245529817002763
                    ],
                    [
                        -1.506110233634056e-07,
                        -1.846977685259251e-07,
                        1.0064880108596147e-06,
                        2.752058500411527e-07,
                        -5.786775394779931e-07,
                        -6.783805413217545e-07
                    ],
                    [
                        -0.8402024251109019,
                        -0.47364093257618084,
                        2.752058500411527e-07,
                        1.7020583978956458,
                        -2.285524687388701,
                        2.2834553218591065
                    ],
                    [
                        1.6681659116418428,
                        1.436409349810667,
                        -5.786775394779932e-07,
                        -2.285524687388701,
                        4.821494006301221,
                        -3.338151044009156
                    ],
                    [
                        -0.8983334256891172,
                        0.02524552981700277,
                        -6.783805413217546e-07,
                        2.2834553218591065,
                        -3.338151044009156,
                        5.027065747265176
                    ]
                ]
            },
            "est_tgt": [
                2
            ],
            "oracle_est_tgt": [
                2
            ]
        },
        "3": {
            "intv_type": "do",
            "inode": 3,
            "new_mui": 2.0,
            "new_sigmai": 0.0,
            "true_params": {
                "Si": [
                    [
                        1.0,
                        0.5438421693979653,
                        0.5120103829844027,
                        0.0,
                        0.5222865864189961,
                        0.28387902012956395
                    ],
                    [
                        0.5438421693979653,
                        1.295764305215485,
                        1.219921542504389,
                        0.0,
                        0.07320026557115764,
                        0.48427943867736134
                    ],
                    [
                        0.5120103829844027,
                        1.219921542504389,
                        2.1485179549060036,
                        0.0,
                        -0.7059936917064443,
                        0.23949612010061616
                    ],
                    [
                        0.0,
                        0.0,
                        0.0,
                        1e-09,
                        -8.73911862914153e-10,
                        1.538703370916208e-09
                    ],
                    [
                        0.5222865864189961,
                        0.07320026557115764,
                        -0.7059936917064443,
                        -8.73911862914153e-10,
                        1.9177219498514853,
                        -0.5161661095729204
                    ],
                    [
                        0.28387902012956395,
                        0.48427943867736134,
                        0.23949612010061616,
                        1.538703370916208e-09,
                        -0.5161661095729204,
                        1.81781653766871
                    ]
                ],
                "mui": [
                    0.0,
                    0.0,
                    0.0,
                    2.0,
                    -1.7478237258283058,
                    3.077406741832416
                ],
                "Ai": [
                    [
                        0.0,
                        0.0,
                        0.0,
                        0.0,
                        0.0,
                        0.0
                    ],
                    [
                        0.5438421693979653,
                        0.0,
                        0.0,
                        0.0,
                        0.0,
                        0.0
                    ],
                    [
                        -0.0,
                        0.9414687050678684,
                        0.0,
                        0.0,
                        0.0,
                        0.0
                    ],
                    [
                        0.0,
                        0.0,
                        0.0,
                        0.0,
                        0.0,
                        0.0
                    ],
                    [
                        0.6369509245458524,
                        0.5187117926910194,
                        -0.7749094509443462,
                        -0.8739118629141529,
                        0.0,
                        0.0
                    ],
                    [
                        0.590205433005671,
                        0.9292314200280722,
                        -0.8073812536122092,
                        0.872261014484198,
                        -0.7625967614281908,
                        0.0
                    ]
                ]
            },
            "est_params": {
                "mui": [
                    0.00478568361502236,
                    0.011052669863130792,
                    0.002787197107720922,
                    1.9999996116350545,
                    -1.7380877555604046,
                    3.074793037064339
                ],
                "Si": [
                    [
                        1.0053978869473676,
                        0.5569751448557936,
                        0.5268295103720447,
                        4.6549240004138443e-07,
                        0.5167138431024915,
                        0.2848560622489774
                    ],
                    [
                        0.5569751448557936,
                        1.3212627841252365,
                        1.2582060401245456,
                        2.882016205859253e-07,
                        0.06668989897527819,
                        0.4796294644320271
                    ],
                    [
                        0.5268295103720447,
                        1.2582060401245454,
                        2.2005705180268835,
                        -2.3204265440047074e-07,
                        -0.7180101610257353,
                        0.24266285505591384
                    ],
                    [
                        4.6549240004138443e-07,
                        2.882016205859252e-07,
                        -2.3204265440047074e-07,
                        1.0070229877823907e-06,
                        9.921182412263522e-07,
                        -7.570855946433452e-07
                    ],
                    [
                        0.5167138431024915,
                        0.06668989897527819,
                        -0.7180101610257353,
                        9.92118241226352e-07,
                        1.908279409838225,
                        -0.5141982990215984
                    ],
                    [
                        0.2848560622489774,
                        0.4796294644320271,
                        0.24266285505591384,
                        -7.57085594643345e-07,
                        -0.5141982990215984,
                        1.8101668472313064
                    ]
                ]
            },
            "est_tgt": [
                3
            ],
            "oracle_est_tgt": [
                3
            ]
        },
        "4": {
            "intv_type": "do",
            "inode": 4,
            "new_mui": 2.0,
            "new_sigmai": 0.0,
            "true_params": {
                "Si": [
                    [
                        1.0,
                        0.5438421693979653,
                        0.5120103829844027,
                        -0.42158684331674146,
                        0.0,
                        0.3144393118254237
                    ],
                    [
                        0.5438421693979653,
                        1.295764305215485,
                        1.219921542504389,
                        0.5376314708984943,
                        0.0,
                        1.0090566963621619
                    ],
                    [
                        0.5120103829844027,
                        1.219921542504389,
                        2.1485179549060036,
                        1.320750211404751,
                        0.0,
                        0.8531465364966763
                    ],
                    [
                        -0.42158684331674146,
                        0.5376314708984943,
                        1.320750211404751,
                        2.4294356058291817,
                        0.0,
                        1.3035142145175738
                    ],
                    [
                        0.0,
                        0.0,
                        0.0,
                        0.0,
                        1e-09,
                        -7.625967614281908e-10
                    ],
                    [
                        0.3144393118254237,
                        1.0090566963621619,
                        0.8531465364966763,
                        1.3035142145175738,
                        -7.625967614281908e-10,
                        2.571421088619001
                    ]
                ],
                "mui": [
                    0.0,
                    0.0,
                    0.0,
                    0.0,
                    2.0,
                    -1.5251935228563815
                ],
                "Ai": [
                    [
                        0.0,
                        0.0,
                        0.0,
                        0.0,
                        0.0,
                        0.0
                    ],
                    [
                        0.5438421693979653,
                        0.0,
                        0.0,
                        0.0,
                        0.0,
                        0.0
                    ],
                    [
                        -0.0,
                        0.9414687050678684,
                        0.0,
                        0.0,
                        0.0,
                        0.0
                    ],
                    [
                        -0.8386638485883633,
                        -0.0,
                        0.8145870066942122,
                        0.0,
                        0.0,
                        0.0
                    ],
                    [
                        0.0,
                        0.0,
                        0.0,
                        0.0,
                        0.0,
                        0.0
                    ],
                    [
                        0.590205433005671,
                        0.9292314200280722,
                        -0.8073812536122092,
                        0.872261014484198,
                        -0.7625967614281908,
                        0.0
                    ]
                ]
            },
            "est_params": {
                "mui": [
                    0.00870191634206305,
                    0.005799755592732146,
                    -0.0037240619459356092,
                    -0.015773557304495887,
                    1.9999996475310338,
                    -1.5205249200339828
                ],
                "Si": [
                    [
                        1.0177875146753927,
                        0.5453879318719921,
                        0.5141223667682376,
                        -0.4407050583399178,
                        -8.292782289243415e-08,
                        0.2915637978180706
                    ],
                    [
                        0.5453879318719921,
                        1.289876925796614,
                        1.2046166289359899,
                        0.511581985935336,
                        2.2174572936744894e-08,
                        0.9806696986770476
                    ],
                    [
                        0.5141223667682376,
                        1.2046166289359899,
                        2.1126626409121028,
                        1.2650096689581294,
                        4.186157931447279e-07,
                        0.8075912974880757
                    ],
                    [
                        -0.4407050583399178,
                        0.511581985935336,
                        1.2650096689581296,
                        2.3880780583642194,
                        -1.702847109968532e-07,
                        1.2723627709834529
                    ],
                    [
                        -8.292782289243415e-08,
                        2.217457293674487e-08,
                        4.186157931447278e-07,
                        -1.702847109968532e-07,
                        1.004652643399043e-06,
                        -1.4354749569645478e-06
                    ],
                    [
                        0.2915637978180706,
                        0.9806696986770476,
                        0.8075912974880758,
                        1.272362770983453,
                        -1.4354749569645482e-06,
                        2.535088853327713
                    ]
                ]
            },
            "est_tgt": [
                4
            ],
            "oracle_est_tgt": [
                4
            ]
        },
        "5": {
            "intv_type": "do",
            "inode": 5,
            "new_mui": 2.0,
            "new_sigmai": 0.0,
            "true_params": {
                "Si": [
                    [
                        1.0,
                        0.5438421693979653,
                        0.5120103829844027,
                        -0.42158684331674146,
                        0.8907163300420267,
                        0.0
                    ],
                    [
                        0.5438421693979653,
                        1.295764305215485,
                        1.219921542504389,
                        0.5376314708984943,
                        -0.39664225472302167,
                        0.0
                    ],
                    [
                        0.5120103829844027,
                        1.219921542504389,
                        2.1485179549060036,
                        1.320750211404751,
                        -1.8602129693994314,
                        0.0
                    ],
                    [
                        -0.42158684331674146,
                        0.5376314708984943,
                        1.320750211404751,
                        2.4294356058291817,
                        -3.136228762824537,
                        0.0
                    ],
                    [
                        0.8907163300420267,
                        -0.39664225472302167,
                        -1.8602129693994314,
                        -3.136228762824537,
                        5.543883706325776,
                        0.0
                    ],
                    [
                        0.0,
                        0.0,
                        0.0,
                        0.0,
                        0.0,
                        1e-09
                    ]
                ],
                "mui": [
                    0.0,
                    0.0,
                    0.0,
                    0.0,
                    0.0,
                    2.0
                ],
                "Ai": [
                    [
                        0.0,
                        0.0,
                        0.0,
                        0.0,
                        0.0,
                        0.0
                    ],
                    [
                        0.5438421693979653,
                        0.0,
                        0.0,
                        0.0,
                        0.0,
                        0.0
                    ],
                    [
                        -0.0,
                        0.9414687050678684,
                        0.0,
                        0.0,
                        0.0,
                        0.0
                    ],
                    [
                        -0.8386638485883633,
                        -0.0,
                        0.8145870066942122,
                        0.0,
                        0.0,
                        0.0
                    ],
                    [
                        0.6369509245458524,
                        0.5187117926910194,
                        -0.7749094509443462,
                        -0.8739118629141529,
                        0.0,
                        0.0
                    ],
                    [
                        0.0,
                        0.0,
                        0.0,
                        0.0,
                        0.0,
                        0.0
                    ]
                ]
            },
            "est_params": {
                "mui": [
                    0.002408972876817137,
                    0.0012856437688722711,
                    -0.00032344407613229235,
                    0.0009822943574371954,
                    -0.004327206428527446,
                    1.999999862959913
                ],
                "Si": [
                    [
                        0.9957251228301242,
                        0.5417093939630055,
                        0.509323817133804,
                        -0.4141100229407845,
                        0.8792151724205394,
                        1.3733324752800693e-07
                    ],
                    [
                        0.5417093939630055,
                        1.3023693297798966,
                        1.2210083137426766,
                        0.5554761385114585,
                        -0.4073772013895477,
                        4.445396187126885e-07
                    ],
                    [
                        0.509323817133804,
                        1.2210083137426766,
                        2.15824358511404,
                        1.3536655919273006,
                        -1.8969966603157262,
                        3.0568238392549534e-07
                    ],
                    [
                        -0.4141100229407845,
                        0.5554761385114585,
                        1.3536655919273006,
                        2.4653538065519376,
                        -3.1790701148271365,
                        -4.4548331557378626e-07
                    ],
                    [
                        0.8792151724205394,
                        -0.4073772013895477,
                        -1.8969966603157267,
                        -3.1790701148271365,
                        5.6036157942907305,
                        8.573212872667104e-07
                    ],
                    [
                        1.3733324752800685e-07,
                        4.445396187126885e-07,
                        3.0568238392549523e-07,
                        -4.4548331557378626e-07,
                        8.573212872667104e-07,
                        1.0047308886752226e-06
                    ]
                ]
            },
            "est_tgt": [
                5
            ],
            "oracle_est_tgt": [
                5
            ]
        },
        "obs": {
            "intv_type": "obs",
            "true_params": {
                "Si": [
                    [
                        1.0,
                        0.5438421693979653,
                        0.5120103829844027,
                        -0.42158684331674146,
                        0.8907163300420267,
                        -0.3648180768158294
                    ],
                    [
                        0.5438421693979653,
                        1.295764305215485,
                        1.219921542504389,
                        0.5376314708984943,
                        -0.39664225472302167,
                        1.3115347952595136
                    ],
                    [
                        0.5120103829844027,
                        1.219921542504389,
                        2.1485179549060036,
                        1.320750211404751,
                        -1.8602129693994314,
                        2.2717389225274007
                    ],
                    [
                        -0.42158684331674146,
                        0.5376314708984943,
                        1.320750211404751,
                        2.4294356058291817,
                        -3.136228762824537,
                        3.6951921121455067
                    ],
                    [
                        0.8907163300420267,
                        -0.39664225472302167,
                        -1.8602129693994314,
                        -3.136228762824537,
                        5.543883706325776,
                        -5.3043235916167335
                    ],
                    [
                        -0.3648180768158294,
                        1.3115347952595136,
                        2.2717389225274007,
                        3.6951921121455067,
                        -5.3043235916167335,
                        7.437474323058136
                    ]
                ],
                "mui": [
                    0.0,
                    0.0,
                    0.0,
                    0.0,
                    0.0,
                    0.0
                ],
                "Ai": [
                    [
                        0.0,
                        0.0,
                        0.0,
                        0.0,
                        0.0,
                        0.0
                    ],
                    [
                        0.5438421693979653,
                        0.0,
                        0.0,
                        0.0,
