{
    "expt_args": {
        "save_dir": "all_expt_logs/expt_logs_11.05.24-mean_shift",
        "exp_name": "75",
        "num_nodes": 6,
        "obs_noise_mean": 0.0,
        "obs_noise_var": 1.0,
        "max_edge_strength": 1.0,
        "graph_sparsity_method": "adj_dense_prop",
        "adj_dense_prop": 0.8,
        "num_parents": null,
        "new_noise_mean": 0.5,
        "mix_samples": 8192,
        "stage2_samples": 8192,
        "gmm_tol": 0.001,
        "intv_type": "do",
        "new_noise_sigma": 0.0,
        "intv_targets": [
            0,
            1,
            2,
            3,
            4,
            5
        ]
    },
    "intv_args_dict": {
        "0": {
            "intv_type": "do",
            "inode": 0,
            "new_mui": 0.5,
            "new_sigmai": 0.0,
            "true_params": {
                "Si": [
                    [
                        1e-09,
                        0.0,
                        6.303560042977548e-10,
                        6.955694823952447e-10,
                        -7.803633542512023e-10,
                        6.393782381035897e-10
                    ],
                    [
                        0.0,
                        1.0,
                        0.7523725242950221,
                        0.8914552921511185,
                        -0.8316293321250496,
                        1.7118369576421717
                    ],
                    [
                        6.303560042977548e-10,
                        0.7523725242950221,
                        1.5660644157114123,
                        0.6707064688903498,
                        0.13095384287714096,
                        2.6109847503997976
                    ],
                    [
                        6.955694823952447e-10,
                        0.8914552921511185,
                        0.6707064688903498,
                        1.794692538388053,
                        -1.318346812272512,
                        2.008264570527567
                    ],
                    [
                        -7.803633542512023e-10,
                        -0.8316293321250496,
                        0.13095384287714096,
                        -1.318346812272512,
                        2.597038264288237,
                        -0.08156088356598656
                    ],
                    [
                        6.393782381035897e-10,
                        1.7118369576421717,
                        2.6109847503997976,
                        2.008264570527567,
                        -0.08156088356598656,
                        6.2968191364230774
                    ]
                ],
                "mui": [
                    0.5,
                    0.0,
                    0.31517800214887737,
                    0.34778474119762237,
                    -0.39018167712560115,
                    0.31968911905179487
                ],
                "Ai": [
                    [
                        0.0,
                        0.0,
                        0.0,
                        0.0,
                        0.0,
                        0.0
                    ],
                    [
                        -0.0,
                        0.0,
                        0.0,
                        0.0,
                        0.0,
                        0.0
                    ],
                    [
                        0.6303560042977547,
                        0.7523725242950221,
                        0.0,
                        0.0,
                        0.0,
                        0.0
                    ],
                    [
                        0.6955694823952447,
                        0.8914552921511185,
                        0.0,
                        0.0,
                        0.0,
                        0.0
                    ],
                    [
                        -0.8559873724071171,
                        -0.8865535598091981,
                        0.7566489032577546,
                        -0.5769864424987393,
                        0.0,
                        0.0
                    ],
                    [
                        -0.0,
                        0.8354887237153619,
                        0.8545158324685815,
                        0.839518238810538,
                        0.6192169479241585,
                        0.0
                    ]
                ]
            },
            "est_params": {
                "mui": [
                    0.45700928250538764,
                    0.46113795657761886,
                    0.6223309193922821,
                    0.7885138452471624,
                    -0.8070986612701513,
                    1.0844281139692928
                ],
                "Si": [
                    [
                        0.3824276011293179,
                        -0.004763141758386166,
                        0.22759313244042884,
                        0.23520098951594753,
                        -0.2917387164016209,
                        0.2001376388786822
                    ],
                    [
                        -0.004763141758386166,
                        0.4231934194265316,
                        0.31119098562325204,
                        0.35976859785195825,
                        -0.32686347585008546,
                        0.7220323686966773
                    ],
                    [
                        0.22759313244042884,
                        0.31119098562325204,
                        1.2999352617698123,
                        0.41691600131473316,
                        0.28944975959500857,
                        1.8960800052989544
                    ],
                    [
                        0.23520098951594756,
                        0.35976859785195825,
                        0.4169160013147331,
                        1.4294364289506025,
                        -0.9756462731608334,
                        1.2578291361607281
                    ],
                    [
                        -0.2917387164016209,
                        -0.32686347585008546,
                        0.2894497595950085,
                        -0.9756462731608336,
                        2.2832526650322698,
                        0.5641824309561739
                    ],
                    [
                        0.2001376388786822,
                        0.7220323686966773,
                        1.8960800052989544,
                        1.2578291361607283,
                        0.5641824309561738,
                        4.690175530679942
                    ]
                ]
            },
            "est_tgt": [
                0,
                1,
                2,
                4
            ],
            "oracle_est_tgt": [
                0,
                2,
                4,
                5
            ]
        },
        "1": {
            "intv_type": "do",
            "inode": 1,
            "new_mui": 0.5,
            "new_sigmai": 0.0,
            "true_params": {
                "Si": [
                    [
                        1.0,
                        0.0,
                        0.6303560042977547,
                        0.6955694823952447,
                        -0.7803633542512023,
                        0.6393782381035897
                    ],
                    [
                        0.0,
                        1e-09,
                        7.523725242950221e-10,
                        8.914552921511186e-10,
                        -8.316293321250497e-10,
                        1.7118369576421718e-09
                    ],
                    [
                        0.6303560042977547,
                        7.523725242950221e-10,
                        1.3973486927202954,
                        0.4384564003048304,
                        0.26474217674587835,
                        1.7260815696878664
                    ],
                    [
                        0.6955694823952447,
                        8.914552921511186e-10,
                        0.4384564003048304,
                        1.4838169056342811,
                        -1.1197833776368256,
                        0.9269704465513743
                    ],
                    [
                        -0.7803633542512023,
                        -8.316293321250497e-10,
                        0.26474217674587835,
                        -1.1197833776368256,
                        2.514397882978309,
                        0.8431055947785419
                    ],
                    [
                        0.6393782381035897,
                        1.7118369576421718e-09,
                        1.7260815696878664,
                        0.9269704465513743,
                        0.8431055947785419,
                        3.7752379007555024
                    ]
                ],
                "mui": [
                    0.0,
                    0.5,
                    0.37618626214751105,
                    0.44572764607555926,
                    -0.4158146660625248,
                    0.8559184788210858
                ],
                "Ai": [
                    [
                        0.0,
                        0.0,
                        0.0,
                        0.0,
                        0.0,
                        0.0
                    ],
                    [
                        0.0,
                        0.0,
                        0.0,
                        0.0,
                        0.0,
                        0.0
                    ],
                    [
                        0.6303560042977547,
                        0.7523725242950221,
                        0.0,
                        0.0,
                        0.0,
                        0.0
                    ],
                    [
                        0.6955694823952447,
                        0.8914552921511185,
                        0.0,
                        0.0,
                        0.0,
                        0.0
                    ],
                    [
                        -0.8559873724071171,
                        -0.8865535598091981,
                        0.7566489032577546,
                        -0.5769864424987393,
                        0.0,
                        0.0
                    ],
                    [
                        -0.0,
                        0.8354887237153619,
                        0.8545158324685815,
                        0.839518238810538,
                        0.6192169479241585,
                        0.0
                    ]
                ]
            },
            "est_params": {
                "mui": [
                    0.11509500068806144,
                    0.07070272694379112,
                    -0.12878412251509827,
                    -0.5594041386697847,
                    0.36081395219264106,
                    0.49308574885284634
                ],
                "Si": [
                    [
                        1.5456241010706624,
                        -0.6101037451900665,
                        0.7775402601770011,
                        -0.46503059609249037,
                        -0.4033017178562524,
                        0.028381077513807786
                    ],
                    [
                        -0.6101037451900665,
                        0.5409767082842173,
                        -0.1690560379385946,
                        0.5765582720467358,
                        -0.39811900587378735,
                        -0.0015734995050316186
                    ],
                    [
                        0.777540260177001,
                        -0.16905603793859453,
                        1.5590077809495593,
                        0.09886209076678361,
                        0.41059440604415126,
                        0.052643320217728884
                    ],
                    [
                        -0.46503059609249037,
                        0.5765582720467358,
                        0.09886209076678358,
                        1.0754674210856443,
                        -0.5860645887339833,
                        -0.00696715736287412
                    ],
                    [
                        -0.40330171785625246,
                        -0.39811900587378735,
                        0.41059440604415115,
                        -0.5860645887339833,
                        1.8832050179665072,
                        0.0030385349322861878
                    ],
                    [
                        0.028381077513807786,
                        -0.001573499505031621,
                        0.05264332021772888,
                        -0.00696715736287412,
                        0.0030385349322861895,
                        0.002807990970672583
                    ]
                ]
            },
            "est_tgt": [
                0,
                2,
                3,
                4,
                5
            ],
            "oracle_est_tgt": [
                1,
                3
            ]
        },
        "2": {
            "intv_type": "do",
            "inode": 2,
            "new_mui": 0.5,
            "new_sigmai": 0.0,
            "true_params": {
                "Si": [
                    [
                        1.0,
                        0.0,
                        0.0,
                        0.6955694823952447,
                        -1.2573215335650387,
                        -0.19461153574265222
                    ],
                    [
                        0.0,
                        1.0,
                        0.0,
                        0.8914552921511185,
                        -1.4009111774741463,
                        0.7164137569320225
                    ],
                    [
                        0.0,
                        0.0,
                        1e-09,
                        0.0,
                        7.566489032577546e-10,
                        1.3230456569940101e-09
                    ],
                    [
                        0.6955694823952447,
                        0.8914552921511185,
                        0.0,
                        2.278509442743825,
                        -2.700390613797951,
                        0.9855234446951069
                    ],
                    [
                        -1.2573215335650387,
                        -1.4009111774741463,
                        7.566489032577546e-10,
                        -2.700390613797951,
                        4.876322921338208,
                        -0.4179708668123927
                    ],
                    [
                        -0.19461153574265222,
                        0.7164137569320225,
                        1.3230456569940101e-09,
                        0.9855234446951069,
                        -0.4179708668123927,
                        2.1671058786899726
                    ]
                ],
                "mui": [
                    0.0,
                    0.0,
                    0.5,
                    0.0,
                    0.3783244516288773,
                    0.661522828497005
                ],
                "Ai": [
                    [
                        0.0,
                        0.0,
                        0.0,
                        0.0,
                        0.0,
                        0.0
                    ],
                    [
                        -0.0,
                        0.0,
                        0.0,
                        0.0,
                        0.0,
                        0.0
                    ],
                    [
                        0.0,
                        0.0,
                        0.0,
                        0.0,
                        0.0,
                        0.0
                    ],
                    [
                        0.6955694823952447,
                        0.8914552921511185,
                        0.0,
                        0.0,
                        0.0,
                        0.0
                    ],
                    [
                        -0.8559873724071171,
                        -0.8865535598091981,
                        0.7566489032577546,
                        -0.5769864424987393,
                        0.0,
                        0.0
                    ],
                    [
                        -0.0,
                        0.8354887237153619,
                        0.8545158324685815,
                        0.839518238810538,
                        0.6192169479241585,
                        0.0
                    ]
                ]
            },
            "est_params": {
                "mui": [
                    -0.04435844959150706,
                    -0.008721702563501244,
                    0.4999976514180452,
                    -0.04078829932361968,
                    0.49317153339330455,
                    0.7014842616511977
                ],
                "Si": [
                    [
                        0.9191283893172382,
                        0.04818373189001651,
                        1.657410692930857e-06,
                        0.6796864606619338,
                        -1.1525354209002494,
                        -0.10214984844460426
                    ],
                    [
                        0.04818373189001652,
                        0.9860538313278889,
                        1.9241304555395367e-06,
                        0.8899110940406795,
                        -1.429957784468633,
                        0.6334043971842682
                    ],
                    [
                        1.657410692930857e-06,
                        1.9241304555395367e-06,
                        1.0165165558931498e-06,
                        4.648163059613663e-06,
                        -5.437361636560263e-06,
                        -7.990122777601501e-07
                    ],
                    [
                        0.6796864606619338,
                        0.8899110940406795,
                        4.648163059613663e-06,
                        2.20318334286592,
                        -2.5975288194417434,
                        0.9569681581166333
                    ],
                    [
                        -1.1525354209002494,
                        -1.429957784468633,
                        -5.437361636560263e-06,
                        -2.5975288194417434,
                        4.646000717645455,
                        -0.4984614304923307
                    ],
                    [
                        -0.10214984844460422,
                        0.6334043971842682,
                        -7.990122777601503e-07,
                        0.9569681581166335,
                        -0.4984614304923308,
                        1.9295607078968662
                    ]
                ]
            },
            "est_tgt": [
                0,
                1,
                2,
                4
            ],
            "oracle_est_tgt": [
                0,
                2,
                4,
                5
            ]
        },
        "3": {
            "intv_type": "do",
            "inode": 3,
            "new_mui": 0.5,
            "new_sigmai": 0.0,
            "true_params": {
                "Si": [
                    [
                        1.0,
                        0.0,
                        0.6303560042977547,
                        0.0,
                        -0.37902919309328054,
                        0.30394788564268693
                    ],
                    [
                        0.0,
                        1.0,
                        0.7523725242950221,
                        0.0,
                        -0.3172717144601014,
                        1.2819429349491618
                    ],
                    [
                        0.6303560042977547,
                        0.7523725242950221,
                        1.9634131074682946,
                        0.0,
                        0.2790190548915162,
                        2.479139673672355
                    ],
                    [
                        0.0,
                        0.0,
                        0.0,
                        1e-09,
                        -5.769864424987394e-10,
                        4.822384548928507e-10
                    ],
                    [
                        -0.37902919309328054,
                        -0.3172717144601014,
                        0.2790190548915162,
                        -5.769864424987394e-10,
                        1.8168420331474717,
                        1.0983686383214755
                    ],
                    [
                        0.30394788564268693,
                        1.2819429349491618,
                        2.479139673672355,
                        4.822384548928507e-10,
                        1.0983686383214755,
                        4.8696414449725065
                    ]
                ],
                "mui": [
                    0.0,
                    0.0,
                    0.0,
                    0.5,
                    -0.28849322124936966,
                    0.24111922744642533
                ],
                "Ai": [
                    [
                        0.0,
                        0.0,
                        0.0,
                        0.0,
                        0.0,
                        0.0
                    ],
                    [
                        -0.0,
                        0.0,
                        0.0,
                        0.0,
                        0.0,
                        0.0
                    ],
                    [
                        0.6303560042977547,
                        0.7523725242950221,
                        0.0,
                        0.0,
                        0.0,
                        0.0
                    ],
                    [
                        0.0,
                        0.0,
                        0.0,
                        0.0,
                        0.0,
                        0.0
                    ],
                    [
                        -0.8559873724071171,
                        -0.8865535598091981,
                        0.7566489032577546,
                        -0.5769864424987393,
                        0.0,
                        0.0
                    ],
                    [
                        -0.0,
                        0.8354887237153619,
                        0.8545158324685815,
                        0.839518238810538,
                        0.6192169479241585,
                        0.0
                    ]
                ]
            },
            "est_params": {
                "mui": [
                    -0.014233078588022497,
                    -0.0392809207773389,
                    -0.004175695742406329,
                    0.49999792380287306,
                    -0.26512220018047494,
                    0.24771578554364845
                ],
                "Si": [
                    [
                        1.0379504182934336,
                        0.004075094893002426,
                        0.693110072892645,
                        -9.003320071184537e-07,
                        -0.3944880044139573,
                        0.3349216553016828
                    ],
                    [
                        0.004075094893002428,
                        1.0279250336916383,
                        0.767896585948202,
                        1.3672651132633027e-06,
                        -0.36759195101433,
                        1.2981622836382691
                    ],
                    [
                        0.693110072892645,
                        0.767896585948202,
                        2.059307658193759,
                        -4.417697750559545e-07,
                        0.2068161129295247,
                        2.5160945068861587
                    ],
                    [
                        -9.003320071184541e-07,
                        1.3672651132633032e-06,
                        -4.417697750559549e-07,
                        1.0176948023418943e-06,
                        -4.481015371201433e-06,
                        -1.7100768057726835e-06
                    ],
                    [
                        -0.3944880044139573,
                        -0.36759195101433,
                        0.20681611292952473,
                        -4.481015371201432e-06,
                        1.8626789558835544,
                        1.03378235121918
                    ],
                    [
                        0.3349216553016828,
                        1.2981622836382691,
                        2.5160945068861587,
                        -1.7100768057726825e-06,
                        1.0337823512191797,
                        4.809126609644411
                    ]
                ]
            },
            "est_tgt": [
                0,
                1,
                3,
                4,
                5
            ],
            "oracle_est_tgt": [
                0,
                2,
                3,
                4,
                5
            ]
        },
        "4": {
            "intv_type": "do",
            "inode": 4,
            "new_mui": 0.5,
            "new_sigmai": 0.0,
            "true_params": {
                "Si": [
                    [
                        1.0,
                        0.0,
                        0.6303560042977547,
                        0.6955694823952447,
                        0.0,
                        1.122592452594878
                    ],
                    [
                        0.0,
                        1.0,
                        0.7523725242950221,
                        0.8914552921511185,
                        0.0,
                        2.2267959344848514
                    ],
                    [
                        0.6303560042977547,
                        0.7523725242950221,
                        1.9634131074682946,
                        1.1091628680860173,
                        0.0,
                        3.237528803659366
                    ],
                    [
                        0.6955694823952447,
                        0.8914552921511185,
                        1.1091628680860173,
                        2.278509442743825,
                        0.0,
                        3.605448310339882
                    ],
                    [
                        0.0,
                        0.0,
                        0.0,
                        0.0,
                        1e-09,
                        6.192169479241585e-10
                    ],
                    [
                        1.122592452594878,
                        2.2267959344848514,
                        3.237528803659366,
                        3.605448310339882,
                        6.192169479241585e-10,
                        8.653822130079696
                    ]
                ],
                "mui": [
                    0.0,
                    0.0,
                    0.0,
                    0.0,
                    0.5,
                    0.30960847396207924
                ],
                "Ai": [
                    [
                        0.0,
                        0.0,
                        0.0,
                        0.0,
                        0.0,
                        0.0
                    ],
                    [
                        -0.0,
                        0.0,
                        0.0,
                        0.0,
                        0.0,
                        0.0
                    ],
                    [
                        0.6303560042977547,
                        0.7523725242950221,
                        0.0,
                        0.0,
                        0.0,
                        0.0
                    ],
                    [
                        0.6955694823952447,
                        0.8914552921511185,
                        0.0,
                        0.0,
                        0.0,
                        0.0
                    ],
                    [
                        0.0,
                        0.0,
                        0.0,
                        0.0,
                        0.0,
                        0.0
                    ],
                    [
                        -0.0,
                        0.8354887237153619,
                        0.8545158324685815,
                        0.839518238810538,
                        0.6192169479241585,
                        0.0
                    ]
                ]
            },
            "est_params": {
                "mui": [
                    0.041706810577166326,
                    0.005887370551792629,
                    0.02865590612684255,
                    0.04365726243296179,
                    0.49999723971368,
                    0.33820072109238186
                ],
                "Si": [
                    [
                        0.9629413085025988,
                        -0.04380073349348072,
                        0.5933862258624281,
                        0.6113286622920514,
                        3.832259758280794e-06,
                        1.0056341159772904
                    ],
                    [
                        -0.0438007334934807,
                        0.9907588522462757,
                        0.7021185444251562,
                        0.8692081571826457,
                        -8.243793808660535e-06,
                        2.159458843157016
                    ],
                    [
                        0.5933862258624281,
                        0.7021185444251562,
                        1.907626352523076,
                        1.0567696295541156,
                        -2.549223477925686e-06,
                        3.0998085036118317
                    ],
                    [
                        0.6113286622920514,
                        0.8692081571826457,
                        1.0567696295541154,
                        2.211018772584594,
                        -1.4416044515871328e-06,
                        3.5138867919061005
                    ],
                    [
                        3.8322597582807944e-06,
                        -8.243793808660535e-06,
                        -2.5492234779256855e-06,
                        -1.4416044515871328e-06,
                        1.0290268839714367e-06,
                        -3.91466031517624e-06
                    ],
                    [
                        1.0056341159772904,
                        2.159458843157016,
                        3.0998085036118317,
                        3.5138867919061005,
                        -3.91466031517624e-06,
                        8.388022895688488
                    ]
                ]
            },
            "est_tgt": [
                0,
                3,
                4,
                5
            ],
            "oracle_est_tgt": [
                0,
                2,
                3,
                4
            ]
        },
        "5": {
            "intv_type": "do",
            "inode": 5,
            "new_mui": 0.5,
            "new_sigmai": 0.0,
            "true_params": {
                "Si": [
                    [
                        1.0,
                        0.0,
                        0.6303560042977547,
                        0.6955694823952447,
                        -0.7803633542512023,
                        0.0
                    ],
                    [
                        0.0,
                        1.0,
                        0.7523725242950221,
                        0.8914552921511185,
                        -0.8316293321250496,
                        0.0
                    ],
                    [
                        0.6303560042977547,
                        0.7523725242950221,
                        1.9634131074682946,
                        1.1091628680860173,
                        -0.36095288251713353,
                        0.0
                    ],
                    [
                        0.6955694823952447,
                        0.8914552921511185,
                        1.1091628680860173,
                        2.278509442743825,
                        -1.8611437461264408,
                        0.0
                    ],
                    [
                        -0.7803633542512023,
                        -0.8316293321250496,
                        -0.36095288251713353,
                        -1.8611437461264408,
                        3.2060052283374576,
                        0.0
                    ],
                    [
                        0.0,
                        0.0,
                        0.0,
                        0.0,
                        0.0,
                        1e-09
                    ]
                ],
                "mui": [
                    0.0,
                    0.0,
                    0.0,
                    0.0,
                    0.0,
                    0.5
                ],
                "Ai": [
                    [
                        0.0,
                        0.0,
                        0.0,
                        0.0,
                        0.0,
                        0.0
                    ],
                    [
                        -0.0,
                        0.0,
                        0.0,
                        0.0,
                        0.0,
                        0.0
                    ],
                    [
                        0.6303560042977547,
                        0.7523725242950221,
                        0.0,
                        0.0,
                        0.0,
                        0.0
                    ],
                    [
                        0.6955694823952447,
                        0.8914552921511185,
                        0.0,
                        0.0,
                        0.0,
                        0.0
                    ],
                    [
                        -0.8559873724071171,
                        -0.8865535598091981,
                        0.7566489032577546,
                        -0.5769864424987393,
                        0.0,
                        0.0
                    ],
                    [
                        0.0,
                        0.0,
                        0.0,
                        0.0,
                        0.0,
                        0.0
                    ]
                ]
            },
            "est_params": {
                "mui": [
                    0.018861099754035313,
                    0.0764202477273816,
                    0.04598447478591688,
                    0.10058404962839163,
                    -0.14755463465142624,
                    0.49999769184874643
                ],
                "Si": [
                    [
                        1.0802161052613066,
                        0.0252183980903902,
                        0.6805242703627926,
                        0.8331089420493725,
                        -0.9100079905504187,
                        -1.2305275846456613e-07
                    ],
                    [
                        0.025218398090390212,
                        1.0071512816554322,
                        0.708385477161911,
                        0.9287289731306435,
                        -0.9094916963293453,
                        -9.948847808407984e-07
                    ],
                    [
                        0.6805242703627926,
                        0.708385477161911,
                        1.9819337524360265,
                        1.1172862984313778,
                        -0.3178993834192165,
                        -4.646366101389115e-07
                    ],
                    [
                        0.8331089420493725,
                        0.9287289731306435,
                        1.1172862984313778,
                        2.417624959327336,
                        -2.0718460398821104,
                        -4.435152278893193e-06
                    ],
                    [
                        -0.9100079905504187,
                        -0.9094916963293453,
                        -0.3178993834192164,
                        -2.0718460398821104,
                        3.6126669176622968,
                        4.106573371776292e-06
                    ],
                    [
                        -1.2305275846456613e-07,
                        -9.948847808407984e-07,
                        -4.646366101389116e-07,
                        -4.435152278893192e-06,
                        4.106573371776292e-06,
                        1.0108964200751514e-06
                    ]
                ]
            },
            "est_tgt": [
                1,
                3,
                4,
                5
            ],
            "oracle_est_tgt": [
                2,
                3,
                5
            ]
        },
        "obs": {
            "intv_type": "obs",
            "true_params": {
                "Si": [
                    [
                        1.0,
                        0.0,
                        0.6303560042977547,
                        0.6955694823952447,
                        -0.7803633542512023,
                        0.6393782381035897
                    ],
                    [
                        0.0,
                        1.0,
                        0.7523725242950221,
                        0.8914552921511185,
                        -0.8316293321250496,
                        1.7118369576421717
                    ],
                    [
                        0.6303560042977547,
                        0.7523725242950221,
                        1.9634131074682946,
                        1.1091628680860173,
                        -0.36095288251713353,
                        3.0140206614026788
                    ],
                    [
                        0.6955694823952447,
                        0.8914552921511185,
                        1.1091628680860173,
                        2.278509442743825,
                        -1.8611437461264408,
                        2.4529965602153325
                    ],
                    [
                        -0.7803633542512023,
                        -0.8316293321250496,
                        -0.36095288251713353,
                        -1.8611437461264408,
                        3.2060052283374576,
                        -0.5805082295887802
                    ],
                    [
                        0.6393782381035897,
                        1.7118369576421717,
                        3.0140206614026788,
                        2.4529965602153325,
                        -0.5805082295887802,
                        6.705623667374724
                    ]
                ],
                "mui": [
                    0.0,
                    0.0,
                    0.0,
                    0.0,
                    0.0,
                    0.0
                ],
                "Ai": [
                    [
                        0.0,
                        0.0,
                        0.0,
