{
    "expt_args": {
        "save_dir": "all_expt_logs/expt_logs_11.05.24-mean_shift",
        "exp_name": "11",
        "num_nodes": 6,
        "obs_noise_mean": 0.0,
        "obs_noise_var": 1.0,
        "max_edge_strength": 1.0,
        "graph_sparsity_method": "adj_dense_prop",
        "adj_dense_prop": 0.8,
        "num_parents": null,
        "new_noise_mean": 0.2,
        "mix_samples": 8192,
        "stage2_samples": 8192,
        "gmm_tol": 0.001,
        "intv_type": "do",
        "new_noise_sigma": 0.0,
        "intv_targets": [
            0,
            1,
            2,
            3,
            4,
            5
        ]
    },
    "intv_args_dict": {
        "0": {
            "intv_type": "do",
            "inode": 0,
            "new_mui": 0.2,
            "new_sigmai": 0.0,
            "true_params": {
                "Si": [
                    [
                        1e-09,
                        -7.4415960371107e-10,
                        2.1951144234526288e-10,
                        5.153140378510695e-10,
                        -1.5850566329950862e-09,
                        -2.9822526551713183e-10
                    ],
                    [
                        -7.4415960371107e-10,
                        1.0000000005537735,
                        0.9989935676252023,
                        -3.8347589019400316e-10,
                        -0.1585881113272273,
                        0.605461147748603
                    ],
                    [
                        2.1951144234526288e-10,
                        0.9989935676252023,
                        1.997988148531089,
                        1.1311732770944964e-10,
                        -0.8998457473217208,
                        0.8139374301996676
                    ],
                    [
                        5.153140378510695e-10,
                        -3.834758901940032e-10,
                        1.1311732770944966e-10,
                        1.0000000002655485,
                        -0.6499742438638687,
                        -0.44284177836418126
                    ],
                    [
                        -1.5850566329950862e-09,
                        -0.1585881113272273,
                        -0.8998457473217208,
                        -0.6499742438638687,
                        1.997316236266867,
                        0.7181191535395184
                    ],
                    [
                        -2.9822526551713183e-10,
                        0.605461147748603,
                        0.8139374301996676,
                        -0.44284177836418126,
                        0.7181191535395184,
                        2.070608570207699
                    ]
                ],
                "mui": [
                    0.20000000298023224,
                    -0.14883192295998246,
                    0.04390228912324765,
                    0.10306280910596939,
                    -0.3170113313228541,
                    -0.05964505399220691
                ],
                "Ai": [
                    [
                        0.0,
                        0.0,
                        0.0,
                        0.0,
                        0.0,
                        0.0
                    ],
                    [
                        -0.74415960371107,
                        0.0,
                        0.0,
                        0.0,
                        0.0,
                        0.0
                    ],
                    [
                        0.9629220998607011,
                        0.9989935677885539,
                        0.0,
                        0.0,
                        0.0,
                        0.0
                    ],
                    [
                        0.5153140378510694,
                        -0.0,
                        0.0,
                        0.0,
                        0.0,
                        0.0
                    ],
                    [
                        -0.6542036001004268,
                        0.5820829439499109,
                        -0.7414172426517996,
                        -0.6499742430470667,
                        0.0,
                        0.0
                    ],
                    [
                        0.6249271974188295,
                        0.0,
                        0.7142295477243339,
                        0.0,
                        0.6813220415234731,
                        0.0
                    ]
                ]
            },
            "est_params": {
                "mui": [
                    0.19999542450643215,
                    -0.16411490364056344,
                    -0.004562963972877745,
                    0.09997693777080316,
                    -0.2844675689409971,
                    -0.09753141234312676
                ],
                "Si": [
                    [
                        1.0140880254145765e-06,
                        3.1531527400124736e-07,
                        4.7438316242182894e-06,
                        7.374995416628395e-06,
                        -4.998479426632823e-06,
                        3.1212533433919212e-06
                    ],
                    [
                        3.1531527400124736e-07,
                        0.9743037389830573,
                        0.9849211541421479,
                        -0.0004600466373221092,
                        -0.1431202110990742,
                        0.5879603147522887
                    ],
                    [
                        4.7438316242182894e-06,
                        0.9849211541421479,
                        1.9562965515794473,
                        -0.032046550192017596,
                        -0.8142207210386263,
                        0.8036799587545183
                    ],
                    [
                        7.374995416628395e-06,
                        -0.00046004663732209905,
                        -0.032046550192017596,
                        1.043497085313282,
                        -0.6423736078818033,
                        -0.4220297750050122
                    ],
                    [
                        -4.998479426632824e-06,
                        -0.1431202110990742,
                        -0.8142207210386264,
                        -0.6423736078818034,
                        1.8917882799658092,
                        0.6940051414142925
                    ],
                    [
                        3.1212533433919216e-06,
                        0.5879603147522887,
                        0.8036799587545183,
                        -0.4220297750050121,
                        0.6940051414142925,
                        1.956914691322611
                    ]
                ]
            },
            "est_tgt": [
                0
            ],
            "oracle_est_tgt": [
                0
            ]
        },
        "1": {
            "intv_type": "do",
            "inode": 1,
            "new_mui": 0.2,
            "new_sigmai": 0.0,
            "true_params": {
                "Si": [
                    [
                        1.0,
                        0.0,
                        0.9629220998607011,
                        0.5153140378510694,
                        -1.7030714999514052,
                        0.15233446208876922
                    ],
                    [
                        0.0,
                        1e-09,
                        9.98993567788554e-10,
                        0.0,
                        -1.5858811250676242e-10,
                        6.054611475266759e-10
                    ],
                    [
                        0.9629220998607011,
                        9.98993567788554e-10,
                        1.9272189713981303,
                        0.4962072754152486,
                        -2.381342427756349,
                        0.3557718590606253
                    ],
                    [
                        0.5153140378510694,
                        0.0,
                        0.4962072754152486,
                        1.2655485576063734,
                        -1.5275908944361027,
                        -0.36434169144766726
                    ],
                    [
                        -1.7030714999514052,
                        -1.5858811250676242e-10,
                        -2.381342427756349,
                        -1.5275908944361027,
                        4.872618578297884,
                        0.5547016127094189
                    ],
                    [
                        0.15233446208876922,
                        6.054611475266759e-10,
                        0.3557718590606253,
                        -0.36434169144766726,
                        0.5547016127094189,
                        1.7272311576608996
                    ]
                ],
                "mui": [
                    0.0,
                    0.20000000298023224,
                    0.1997987165349436,
                    0.0,
                    -0.03171762297398189,
                    0.12109223130975001
                ],
                "Ai": [
                    [
                        0.0,
                        0.0,
                        0.0,
                        0.0,
                        0.0,
                        0.0
                    ],
                    [
                        0.0,
                        0.0,
                        0.0,
                        0.0,
                        0.0,
                        0.0
                    ],
                    [
                        0.9629220998607011,
                        0.9989935677885539,
                        0.0,
                        0.0,
                        0.0,
                        0.0
                    ],
                    [
                        0.5153140378510694,
                        -0.0,
                        0.0,
                        0.0,
                        0.0,
                        0.0
                    ],
                    [
                        -0.6542036001004268,
                        0.5820829439499109,
                        -0.7414172426517996,
                        -0.6499742430470667,
                        0.0,
                        0.0
                    ],
                    [
                        0.6249271974188295,
                        0.0,
                        0.7142295477243339,
                        0.0,
                        0.6813220415234731,
                        0.0
                    ]
                ]
            },
            "est_params": {
                "mui": [
                    -0.03701349533422672,
                    0.19999346287701295,
                    0.16835284672307874,
                    0.026610545048732004,
                    0.008563198014688925,
                    0.10223253295525364
                ],
                "Si": [
                    [
                        0.9412981369815507,
                        -1.1187801074433035e-05,
                        0.9381292300209246,
                        0.4815000670282619,
                        -1.6333758993800551,
                        0.1295916949512978
                    ],
                    [
                        -1.1187801074433036e-05,
                        1.0387002327706216e-06,
                        -1.0036798695552973e-05,
                        -5.527846317049112e-06,
                        1.6513308169090922e-05,
                        6.4603265045051664e-06
                    ],
                    [
                        0.9381292300209246,
                        -1.0036798695552973e-05,
                        1.9452184585048131,
                        0.47668181715688146,
                        -2.353683952502146,
                        0.3703059849397243
                    ],
                    [
                        0.4815000670282619,
                        -5.527846317049113e-06,
                        0.47668181715688146,
                        1.2394754487722208,
                        -1.4912256741817875,
                        -0.38375837021638864
                    ],
                    [
                        -1.6333758993800553,
                        1.6513308169090922e-05,
                        -2.353683952502146,
                        -1.4912256741817875,
                        4.825189903190266,
                        0.6049947065884367
                    ],
                    [
                        0.1295916949512978,
                        6.460326504505164e-06,
                        0.3703059849397243,
                        -0.38375837021638864,
                        0.6049947065884367,
                        1.8220796124111773
                    ]
                ]
            },
            "est_tgt": [
                1
            ],
            "oracle_est_tgt": [
                1
            ]
        },
        "2": {
            "intv_type": "do",
            "inode": 2,
            "new_mui": 0.2,
            "new_sigmai": 0.0,
            "true_params": {
                "Si": [
                    [
                        1.0,
                        -0.74415960371107,
                        0.0,
                        0.5153140378510694,
                        -1.422307064680942,
                        -0.3441219555628483
                    ],
                    [
                        -0.74415960371107,
                        1.5537735157954167,
                        0.0,
                        -0.3834758901940032,
                        1.6405064055583358,
                        0.6526675977878743
                    ],
                    [
                        0.0,
                        0.0,
                        1e-09,
                        0.0,
                        -7.414172426517997e-10,
                        2.0908563834010552e-10
                    ],
                    [
                        0.5153140378510694,
                        -0.3834758901940032,
                        0.0,
                        1.2655485576063734,
                        -1.382909039611905,
                        -0.6201726526447993
                    ],
                    [
                        -1.422307064680942,
                        1.6405064055583358,
                        -7.414172426517997e-10,
                        -1.382909039611905,
                        3.784244457053019,
                        1.689450790773645
                    ],
                    [
                        -0.3441219555628483,
                        0.6526675977878743,
                        2.0908563834010552e-10,
                        -0.6201726526447993,
                        1.689450790773645,
                        1.9360088927125032
                    ]
                ],
                "mui": [
                    0.0,
                    0.0,
                    0.20000000298023224,
                    0.0,
                    -0.1482834507399555,
                    0.04181712829114486
                ],
                "Ai": [
                    [
                        0.0,
                        0.0,
                        0.0,
                        0.0,
                        0.0,
                        0.0
                    ],
                    [
                        -0.74415960371107,
                        0.0,
                        0.0,
                        0.0,
                        0.0,
                        0.0
                    ],
                    [
                        0.0,
                        0.0,
                        0.0,
                        0.0,
                        0.0,
                        0.0
                    ],
                    [
                        0.5153140378510694,
                        -0.0,
                        0.0,
                        0.0,
                        0.0,
                        0.0
                    ],
                    [
                        -0.6542036001004268,
                        0.5820829439499109,
                        -0.7414172426517996,
                        -0.6499742430470667,
                        0.0,
                        0.0
                    ],
                    [
                        0.6249271974188295,
                        0.0,
                        0.7142295477243339,
                        0.0,
                        0.6813220415234731,
                        0.0
                    ]
                ]
            },
            "est_params": {
                "mui": [
                    -0.0479899585429272,
                    0.05299214784645145,
                    0.19999660338886788,
                    0.032415486317173794,
                    -0.09762259145888169,
                    0.07164305886129822
                ],
                "Si": [
                    [
                        1.0102592662138103,
                        -0.7646184844382728,
                        -1.5514999466949104e-06,
                        0.5450515384116439,
                        -1.476579587928786,
                        -0.3937247909425438
                    ],
                    [
                        -0.7646184844382728,
                        1.626664976763201,
                        -1.0084084487123582e-06,
                        -0.41655725787239034,
                        1.7332370066505962,
                        0.7513220809334783
                    ],
                    [
                        -1.5514999466949104e-06,
                        -1.0084084487123584e-06,
                        1.0116975561733987e-06,
                        -1.5349159954795452e-06,
                        -5.716245177827067e-06,
                        -5.1839729124843434e-06
                    ],
                    [
                        0.5450515384116439,
                        -0.41655725787239034,
                        -1.5349159954795454e-06,
                        1.2686778259540028,
                        -1.3869724019163925,
                        -0.6473551173192665
                    ],
                    [
                        -1.476579587928786,
                        1.7332370066505967,
                        -5.716245177827067e-06,
                        -1.3869724019163925,
                        3.8677465878039694,
                        1.7380766535752354
                    ],
                    [
                        -0.39372479094254387,
                        0.7513220809334782,
                        -5.183972912484346e-06,
                        -0.6473551173192664,
                        1.7380766535752354,
                        2.0292501789877724
                    ]
                ]
            },
            "est_tgt": [
                2
            ],
            "oracle_est_tgt": [
                2
            ]
        },
        "3": {
            "intv_type": "do",
            "inode": 3,
            "new_mui": 0.2,
            "new_sigmai": 0.0,
            "true_params": {
                "Si": [
                    [
                        1.0,
                        -0.74415960371107,
                        0.21951144234526287,
                        0.0,
                        -1.2501157813113097,
                        -0.0700226806583304
                    ],
                    [
                        -0.74415960371107,
                        1.5537735157954167,
                        0.8356420198428576,
                        0.0,
                        0.7716975519068165,
                        0.6575691978161659
                    ],
                    [
                        0.21951144234526287,
                        0.8356420198428576,
                        2.0461734218034016,
                        0.0,
                        -1.1742604652280035,
                        0.7985666506369395
                    ],
                    [
                        0.0,
                        0.0,
                        0.0,
                        1e-09,
                        -6.499742430470668e-10,
                        -4.428417782105016e-10
                    ],
                    [
                        -1.2501157813113097,
                        0.7716975519068165,
                        -1.1742604652280035,
                        -6.499742430470668e-10,
                        3.137639184235908,
                        0.5178198619133635
                    ],
                    [
                        -0.0700226806583304,
                        0.6575691978161659,
                        0.7985666506369395,
                        -4.428417782105016e-10,
                        0.5178198619133635,
                        1.879402905592809
                    ]
                ],
                "mui": [
                    0.0,
                    0.0,
                    0.0,
                    0.20000000298023224,
                    -0.12999485054648754,
                    -0.08856835696187167
                ],
                "Ai": [
                    [
                        0.0,
                        0.0,
                        0.0,
                        0.0,
                        0.0,
                        0.0
                    ],
                    [
                        -0.74415960371107,
                        0.0,
                        0.0,
                        0.0,
                        0.0,
                        0.0
                    ],
                    [
                        0.9629220998607011,
                        0.9989935677885539,
                        0.0,
                        0.0,
                        0.0,
                        0.0
                    ],
                    [
                        0.0,
                        0.0,
                        0.0,
                        0.0,
                        0.0,
                        0.0
                    ],
                    [
                        -0.6542036001004268,
                        0.5820829439499109,
                        -0.7414172426517996,
                        -0.6499742430470667,
                        0.0,
                        0.0
                    ],
                    [
                        0.6249271974188295,
                        0.0,
                        0.7142295477243339,
                        0.0,
                        0.6813220415234731,
                        0.0
                    ]
                ]
            },
            "est_params": {
                "mui": [
                    -0.010864723622863594,
                    -0.007392046853659139,
                    -0.041199719564478245,
                    0.20000058598453777,
                    -0.023804196879571714,
                    -0.10900583213903045
                ],
                "Si": [
                    [
                        1.0677321159377784,
                        -0.7660896111529146,
                        0.2702469014329515,
                        9.33608181572222e-07,
                        -1.3710261695159052,
                        -0.09382232468549212
                    ],
                    [
                        -0.7660896111529147,
                        1.59520034958619,
                        0.8098143046894146,
                        -3.372807535639727e-07,
                        0.8505226967518522,
                        0.6677740691111153
                    ],
                    [
                        0.2702469014329515,
                        0.8098143046894146,
                        2.013747769270423,
                        2.7500851002603887e-07,
                        -1.2078780912924318,
                        0.7579532751830889
                    ],
                    [
                        9.33608181572222e-07,
                        -3.3728075356397285e-07,
                        2.7500851002603887e-07,
                        1.0051596630048525e-06,
                        -1.934527056312337e-06,
                        1.5878412602051933e-09
                    ],
                    [
                        -1.371026169515905,
                        0.8505226967518522,
                        -1.2078780912924318,
                        -1.9345270563123364e-06,
                        3.4177554509373778,
                        0.6650001241547507
                    ],
                    [
                        -0.0938223246854921,
                        0.6677740691111154,
                        0.757953275183089,
                        1.587841260205379e-09,
                        0.6650001241547507,
                        2.0625805562010857
                    ]
                ]
            },
            "est_tgt": [
                2,
                3,
                4
            ],
            "oracle_est_tgt": [
                2,
                3,
                4
            ]
        },
        "4": {
            "intv_type": "do",
            "inode": 4,
            "new_mui": 0.2,
            "new_sigmai": 0.0,
            "true_params": {
                "Si": [
                    [
                        1.0,
                        -0.74415960371107,
                        0.21951144234526287,
                        0.5153140378510694,
                        0.0,
                        0.7817087556054028
                    ],
                    [
                        -0.74415960371107,
                        1.5537735157954167,
                        0.8356420198428576,
                        -0.3834758901940032,
                        0.0,
                        0.13179464631234727
                    ],
                    [
                        0.21951144234526287,
                        0.8356420198428576,
                        2.0461734218034016,
                        0.11311732770944964,
                        0.0,
                        1.5986161880863863
                    ],
                    [
                        0.5153140378510694,
                        -0.3834758901940032,
                        0.11311732770944964,
                        1.2655485576063734,
                        0.0,
                        0.4028254952745549
                    ],
                    [
                        0.0,
                        0.0,
                        0.0,
                        0.0,
                        1e-09,
                        6.813220415234731e-10
                    ],
                    [
                        0.7817087556054028,
                        0.13179464631234727,
                        1.5986161880863863,
                        0.4028254952745549,
                        6.813220415234731e-10,
                        2.630289979304183
                    ]
                ],
                "mui": [
                    0.0,
                    0.0,
                    0.0,
                    0.0,
                    0.20000000298023224,
                    0.13626441033519254
                ],
                "Ai": [
                    [
                        0.0,
                        0.0,
                        0.0,
                        0.0,
                        0.0,
                        0.0
                    ],
                    [
                        -0.74415960371107,
                        0.0,
                        0.0,
                        0.0,
                        0.0,
                        0.0
                    ],
                    [
                        0.9629220998607011,
                        0.9989935677885539,
                        0.0,
                        0.0,
                        0.0,
                        0.0
                    ],
                    [
                        0.5153140378510694,
                        -0.0,
                        0.0,
                        0.0,
                        0.0,
                        0.0
                    ],
                    [
                        0.0,
                        0.0,
                        0.0,
                        0.0,
                        0.0,
                        0.0
                    ],
                    [
                        0.6249271974188295,
                        0.0,
                        0.7142295477243339,
                        0.0,
                        0.6813220415234731,
                        0.0
                    ]
                ]
            },
            "est_params": {
                "mui": [
                    0.012495754078695942,
                    -0.019828064398114163,
                    -0.0003129677436539085,
                    -0.003954409147974176,
                    0.1999977684066125,
                    0.13091484892001673
                ],
                "Si": [
                    [
                        1.0256231112958847,
                        -0.7207173898055143,
                        0.2682783342392306,
                        0.48465000873783587,
                        1.7635245119301135e-06,
                        0.8229000118532177
                    ],
                    [
                        -0.7207173898055143,
                        1.5021340659109892,
                        0.7997307453889383,
                        -0.34601257298322685,
                        -6.8174275929748285e-06,
                        0.09283134389851805
                    ],
                    [
                        0.2682783342392306,
                        0.7997307453889383,
                        2.062177100432254,
                        0.10170070767070516,
                        -3.2784203969398636e-06,
                        1.6762269944286567
                    ],
                    [
                        0.48465000873783587,
                        -0.34601257298322685,
                        0.10170070767070516,
                        1.2186912900425393,
                        3.889491411402654e-06,
                        0.37023187982821276
                    ],
                    [
                        1.7635245119301135e-06,
                        -6.8174275929748285e-06,
                        -3.2784203969398645e-06,
                        3.889491411402654e-06,
                        1.0165876599791846e-06,
                        -4.921840892228003e-06
                    ],
                    [
                        0.8229000118532177,
                        0.09283134389851805,
                        1.6762269944286567,
                        0.37023187982821276,
                        -4.921840892228003e-06,
                        2.729509298197051
                    ]
                ]
            },
            "est_tgt": [
                2,
                3,
                4
            ],
            "oracle_est_tgt": [
                2,
                3,
                4
            ]
        },
        "5": {
            "intv_type": "do",
            "inode": 5,
            "new_mui": 0.2,
            "new_sigmai": 0.0,
            "true_params": {
                "Si": [
                    [
                        1.0,
                        -0.74415960371107,
                        0.21951144234526287,
                        0.5153140378510694,
                        -1.5850566329950861,
                        0.0
                    ],
                    [
                        -0.74415960371107,
                        1.5537735157954167,
                        0.8356420198428576,
                        -0.3834758901940032,
                        1.0209470033624637,
                        0.0
                    ],
                    [
                        0.21951144234526287,
                        0.8356420198428576,
                        2.0461734218034016,
                        0.11311732770944964,
                        -1.2477838146814602,
                        0.0
                    ],
                    [
                        0.5153140378510694,
                        -0.3834758901940032,
                        0.11311732770944964,
                        1.2655485576063734,
                        -1.4667761768183851,
                        0.0
                    ],
                    [
                        -1.5850566329950861,
                        1.0209470033624637,
                        -1.2477838146814602,
                        -1.4667761768183851,
                        4.509720763556182,
                        0.0
                    ],
                    [
                        0.0,
                        0.0,
                        0.0,
                        0.0,
                        0.0,
                        1e-09
                    ]
                ],
                "mui": [
                    0.0,
                    0.0,
                    0.0,
                    0.0,
                    0.0,
                    0.20000000298023224
                ],
                "Ai": [
                    [
                        0.0,
                        0.0,
                        0.0,
                        0.0,
                        0.0,
                        0.0
                    ],
                    [
                        -0.74415960371107,
                        0.0,
                        0.0,
                        0.0,
                        0.0,
                        0.0
                    ],
                    [
                        0.9629220998607011,
                        0.9989935677885539,
                        0.0,
                        0.0,
                        0.0,
                        0.0
                    ],
                    [
                        0.5153140378510694,
                        -0.0,
                        0.0,
                        0.0,
                        0.0,
                        0.0
                    ],
                    [
                        -0.6542036001004268,
                        0.5820829439499109,
                        -0.7414172426517996,
                        -0.6499742430470667,
                        0.0,
                        0.0
                    ],
                    [
                        0.0,
                        0.0,
                        0.0,
                        0.0,
                        0.0,
                        0.0
                    ]
                ]
            },
            "est_params": {
                "mui": [
                    -0.015519425241528762,
                    0.04811968405370601,
                    0.09278163417931211,
                    0.027229271772388656,
                    -0.03958928238080851,
                    0.2000004270331487
                ],
                "Si": [
                    [
                        1.0241953971199524,
                        -0.7240691995321206,
                        0.2655471002477801,
                        0.5312113212018202,
                        -1.6586419061368958,
                        -1.8249707565745242e-07
                    ],
                    [
                        -0.7240691995321207,
                        1.4933690190380926,
                        0.7955921007382266,
                        -0.37485218244729307,
                        1.070712851350495,
                        -3.414844120044296e-07
                    ],
                    [
                        0.26554710024778017,
                        0.7955921007382266,
                        1.9860798160799111,
                        0.15153041358402855,
                        -1.2161193230989527,
                        3.072342980534868e-07
                    ],
                    [
                        0.5312113212018202,
                        -0.37485218244729296,
                        0.15153041358402855,
                        1.2554785782222908,
                        -1.4732254952655712,
                        -1.0542724485408034e-06
                    ],
                    [
                        -1.6586419061368958,
                        1.070712851350495,
                        -1.2161193230989527,
                        -1.4732254952655712,
                        4.564629232536446,
                        -1.1305942846408127e-06
                    ],
                    [
                        -1.8249707565745242e-07,
                        -3.4148441200442975e-07,
                        3.0723429805348643e-07,
                        -1.0542724485408034e-06,
                        -1.1305942846408129e-06,
                        1.004298260279901e-06
                    ]
                ]
            },
            "est_tgt": [
                5
            ],
            "oracle_est_tgt": [
                5
            ]
        },
        "obs": {
            "intv_type": "obs",
            "true_params": {
                "Si": [
                    [
                        1.0,
                        -0.74415960371107,
                        0.21951144234526287,
                        0.5153140378510694,
                        -1.5850566329950861,
                        -0.2982252655171318
                    ],
                    [
                        -0.74415960371107,
                        1.5537735157954167,
                        0.8356420198428576,
                        -0.3834758901940032,
                        1.0209470033624637,
                        0.8273883429305333
                    ],
                    [
                        0.21951144234526287,
                        0.8356420198428576,
                        2.0461734218034016,
                        0.11311732770944964,
                        -1.2477838146814602,
                        0.7484735720876668
                    ],
                    [
                        0.5153140378510694,
                        -0.3834758901940032,
                        0.11311732770944964,
                        1.2655485576063734,
                        -1.4667761768183851,
                        -0.5965214439733421
                    ],
                    [
                        -1.5850566329950861,
                        1.0209470033624637,
                        -1.2477838146814602,
                        -1.4667761768183851,
                        4.509720763556182,
                        1.190823088301465
                    ],
                    [
                        -0.2982252655171318,
                        0.8273883429305333,
                        0.7484735720876668,
                        -0.5965214439733421,
                        1.190823088301465,
                        2.1595468791115247
                    ]
                ],
                "mui": [
                    0.0,
                    0.0,
                    0.0,
                    0.0,
                    0.0,
                    0.0
                ],
                "Ai": [
                    [
                        0.0,
                        0.0,
                        0.0,
                        0.0,
                        0.0,
                        0.0
                    ],
