{
    "expt_args": {
        "save_dir": "all_expt_logs/expt_logs_11.05.24-mean_shift",
        "exp_name": "18",
        "num_nodes": 6,
        "obs_noise_mean": 0.0,
        "obs_noise_var": 1.0,
        "max_edge_strength": 1.0,
        "graph_sparsity_method": "adj_dense_prop",
        "adj_dense_prop": 0.8,
        "num_parents": null,
        "new_noise_mean": 0.5,
        "mix_samples": 4096,
        "stage2_samples": 4096,
        "gmm_tol": 0.001,
        "intv_type": "do",
        "new_noise_sigma": 0.0,
        "intv_targets": [
            0,
            1,
            2,
            3,
            4,
            5
        ]
    },
    "intv_args_dict": {
        "0": {
            "intv_type": "do",
            "inode": 0,
            "new_mui": 0.5,
            "new_sigmai": 0.0,
            "true_params": {
                "Si": [
                    [
                        1e-09,
                        0.0,
                        6.303560042977548e-10,
                        6.955694823952447e-10,
                        -7.803633542512023e-10,
                        6.393782381035897e-10
                    ],
                    [
                        0.0,
                        1.0,
                        0.7523725242950221,
                        0.8914552921511185,
                        -0.8316293321250496,
                        1.7118369576421717
                    ],
                    [
                        6.303560042977548e-10,
                        0.7523725242950221,
                        1.5660644157114123,
                        0.6707064688903498,
                        0.13095384287714096,
                        2.6109847503997976
                    ],
                    [
                        6.955694823952447e-10,
                        0.8914552921511185,
                        0.6707064688903498,
                        1.794692538388053,
                        -1.318346812272512,
                        2.008264570527567
                    ],
                    [
                        -7.803633542512023e-10,
                        -0.8316293321250496,
                        0.13095384287714096,
                        -1.318346812272512,
                        2.597038264288237,
                        -0.08156088356598656
                    ],
                    [
                        6.393782381035897e-10,
                        1.7118369576421717,
                        2.6109847503997976,
                        2.008264570527567,
                        -0.08156088356598656,
                        6.2968191364230774
                    ]
                ],
                "mui": [
                    0.5,
                    0.0,
                    0.31517800214887737,
                    0.34778474119762237,
                    -0.39018167712560115,
                    0.31968911905179487
                ],
                "Ai": [
                    [
                        0.0,
                        0.0,
                        0.0,
                        0.0,
                        0.0,
                        0.0
                    ],
                    [
                        -0.0,
                        0.0,
                        0.0,
                        0.0,
                        0.0,
                        0.0
                    ],
                    [
                        0.6303560042977547,
                        0.7523725242950221,
                        0.0,
                        0.0,
                        0.0,
                        0.0
                    ],
                    [
                        0.6955694823952447,
                        0.8914552921511185,
                        0.0,
                        0.0,
                        0.0,
                        0.0
                    ],
                    [
                        -0.8559873724071171,
                        -0.8865535598091981,
                        0.7566489032577546,
                        -0.5769864424987393,
                        0.0,
                        0.0
                    ],
                    [
                        -0.0,
                        0.8354887237153619,
                        0.8545158324685815,
                        0.839518238810538,
                        0.6192169479241585,
                        0.0
                    ]
                ]
            },
            "est_params": {
                "mui": [
                    0.4999922785893511,
                    0.015557542321960377,
                    0.24323775872868697,
                    0.35627092144116534,
                    -0.5457239415858466,
                    0.17295185406908467
                ],
                "Si": [
                    [
                        1.0346907258876712e-06,
                        5.831419967410589e-06,
                        1.714077062113363e-05,
                        1.081851991679443e-05,
                        9.31942605957425e-06,
                        3.764082918672275e-05
                    ],
                    [
                        5.831419967410589e-06,
                        0.9926057446923632,
                        0.7715355112273515,
                        0.8725995104074326,
                        -0.8055147675688346,
                        1.6836494422891428
                    ],
                    [
                        1.714077062113363e-05,
                        0.7715355112273515,
                        1.5710209016224939,
                        0.6270954945475337,
                        0.16578284758877584,
                        2.608646012538978
                    ],
                    [
                        1.081851991679443e-05,
                        0.8725995104074326,
                        0.6270954945475337,
                        1.734295661589669,
                        -1.2526353786054922,
                        1.9122634516502783
                    ],
                    [
                        9.319426059574248e-06,
                        -0.8055147675688346,
                        0.16578284758877584,
                        -1.2526353786054922,
                        2.57140670725254,
                        0.05723930365987101
                    ],
                    [
                        3.764082918672275e-05,
                        1.6836494422891428,
                        2.608646012538978,
                        1.9122634516502783,
                        0.05723930365987104,
                        6.307158835815485
                    ]
                ]
            },
            "est_tgt": [
                0,
                2,
                4
            ],
            "oracle_est_tgt": [
                0,
                2,
                4,
                5
            ]
        },
        "1": {
            "intv_type": "do",
            "inode": 1,
            "new_mui": 0.5,
            "new_sigmai": 0.0,
            "true_params": {
                "Si": [
                    [
                        1.0,
                        0.0,
                        0.6303560042977547,
                        0.6955694823952447,
                        -0.7803633542512023,
                        0.6393782381035897
                    ],
                    [
                        0.0,
                        1e-09,
                        7.523725242950221e-10,
                        8.914552921511186e-10,
                        -8.316293321250497e-10,
                        1.7118369576421718e-09
                    ],
                    [
                        0.6303560042977547,
                        7.523725242950221e-10,
                        1.3973486927202954,
                        0.4384564003048304,
                        0.26474217674587835,
                        1.7260815696878664
                    ],
                    [
                        0.6955694823952447,
                        8.914552921511186e-10,
                        0.4384564003048304,
                        1.4838169056342811,
                        -1.1197833776368256,
                        0.9269704465513743
                    ],
                    [
                        -0.7803633542512023,
                        -8.316293321250497e-10,
                        0.26474217674587835,
                        -1.1197833776368256,
                        2.514397882978309,
                        0.8431055947785419
                    ],
                    [
                        0.6393782381035897,
                        1.7118369576421718e-09,
                        1.7260815696878664,
                        0.9269704465513743,
                        0.8431055947785419,
                        3.7752379007555024
                    ]
                ],
                "mui": [
                    0.0,
                    0.5,
                    0.37618626214751105,
                    0.44572764607555926,
                    -0.4158146660625248,
                    0.8559184788210858
                ],
                "Ai": [
                    [
                        0.0,
                        0.0,
                        0.0,
                        0.0,
                        0.0,
                        0.0
                    ],
                    [
                        0.0,
                        0.0,
                        0.0,
                        0.0,
                        0.0,
                        0.0
                    ],
                    [
                        0.6303560042977547,
                        0.7523725242950221,
                        0.0,
                        0.0,
                        0.0,
                        0.0
                    ],
                    [
                        0.6955694823952447,
                        0.8914552921511185,
                        0.0,
                        0.0,
                        0.0,
                        0.0
                    ],
                    [
                        -0.8559873724071171,
                        -0.8865535598091981,
                        0.7566489032577546,
                        -0.5769864424987393,
                        0.0,
                        0.0
                    ],
                    [
                        -0.0,
                        0.8354887237153619,
                        0.8545158324685815,
                        0.839518238810538,
                        0.6192169479241585,
                        0.0
                    ]
                ]
            },
            "est_params": {
                "mui": [
                    0.03699577208504074,
                    0.5000091377679531,
                    0.36014596409972527,
                    0.49255073171518704,
                    -0.5072370554144091,
                    0.8691041632902379
                ],
                "Si": [
                    [
                        1.040506044782464,
                        1.7256568480877967e-06,
                        0.6756652456199764,
                        0.7064301216275994,
                        -0.8158524000707501,
                        0.7104670006365014
                    ],
                    [
                        1.7256568480877967e-06,
                        1.0205711507234017e-06,
                        5.86347043145827e-06,
                        6.558531767303787e-06,
                        -1.5265014832975377e-05,
                        3.067191350332988e-06
                    ],
                    [
                        0.6756652456199764,
                        5.863470431458269e-06,
                        1.4068790953421606,
                        0.4097023110550593,
                        0.17255172503844188,
                        1.7099688565130793
                    ],
                    [
                        0.7064301216275994,
                        6.558531767303787e-06,
                        0.4097023110550593,
                        1.5380537944620236,
                        -1.234144035628451,
                        0.9326018023620748
                    ],
                    [
                        -0.8158524000707501,
                        -1.5265014832975377e-05,
                        0.17255172503844188,
                        -1.2341440356284512,
                        2.5660692984132596,
                        0.6143458241211032
                    ],
                    [
                        0.7104670006365014,
                        3.067191350332988e-06,
                        1.7099688565130793,
                        0.9326018023620748,
                        0.6143458241211032,
                        3.7206291368031956
                    ]
                ]
            },
            "est_tgt": [
                1,
                2,
                5
            ],
            "oracle_est_tgt": [
                1
            ]
        },
        "2": {
            "intv_type": "do",
            "inode": 2,
            "new_mui": 0.5,
            "new_sigmai": 0.0,
            "true_params": {
                "Si": [
                    [
                        1.0,
                        0.0,
                        0.0,
                        0.6955694823952447,
                        -1.2573215335650387,
                        -0.19461153574265222
                    ],
                    [
                        0.0,
                        1.0,
                        0.0,
                        0.8914552921511185,
                        -1.4009111774741463,
                        0.7164137569320225
                    ],
                    [
                        0.0,
                        0.0,
                        1e-09,
                        0.0,
                        7.566489032577546e-10,
                        1.3230456569940101e-09
                    ],
                    [
                        0.6955694823952447,
                        0.8914552921511185,
                        0.0,
                        2.278509442743825,
                        -2.700390613797951,
                        0.9855234446951069
                    ],
                    [
                        -1.2573215335650387,
                        -1.4009111774741463,
                        7.566489032577546e-10,
                        -2.700390613797951,
                        4.876322921338208,
                        -0.4179708668123927
                    ],
                    [
                        -0.19461153574265222,
                        0.7164137569320225,
                        1.3230456569940101e-09,
                        0.9855234446951069,
                        -0.4179708668123927,
                        2.1671058786899726
                    ]
                ],
                "mui": [
                    0.0,
                    0.0,
                    0.5,
                    0.0,
                    0.3783244516288773,
                    0.661522828497005
                ],
                "Ai": [
                    [
                        0.0,
                        0.0,
                        0.0,
                        0.0,
                        0.0,
                        0.0
                    ],
                    [
                        -0.0,
                        0.0,
                        0.0,
                        0.0,
                        0.0,
                        0.0
                    ],
                    [
                        0.0,
                        0.0,
                        0.0,
                        0.0,
                        0.0,
                        0.0
                    ],
                    [
                        0.6955694823952447,
                        0.8914552921511185,
                        0.0,
                        0.0,
                        0.0,
                        0.0
                    ],
                    [
                        -0.8559873724071171,
                        -0.8865535598091981,
                        0.7566489032577546,
                        -0.5769864424987393,
                        0.0,
                        0.0
                    ],
                    [
                        -0.0,
                        0.8354887237153619,
                        0.8545158324685815,
                        0.839518238810538,
                        0.6192169479241585,
                        0.0
                    ]
                ]
            },
            "est_params": {
                "mui": [
                    -0.017469478959581265,
                    -0.008058163865719819,
                    0.49999352830312954,
                    -0.060339500789833474,
                    0.5058606556558009,
                    0.6589364097266375
                ],
                "Si": [
                    [
                        0.9996269040488267,
                        -0.03978766151128611,
                        1.1124392419306362e-06,
                        0.72692020790246,
                        -1.218310851187338,
                        -0.1933834744722908
                    ],
                    [
                        -0.03978766151128611,
                        1.0166725042562947,
                        -7.1719108505904295e-06,
                        0.8124217792157264,
                        -1.341849419621788,
                        0.7119109702093753
                    ],
                    [
                        1.1124392419306364e-06,
                        -7.1719108505904295e-06,
                        1.0179175705606268e-06,
                        -1.1174166355538378e-07,
                        2.581555231812381e-07,
                        -5.09844057500437e-06
                    ],
                    [
                        0.72692020790246,
                        0.8124217792157264,
                        -1.1174166355538378e-07,
                        2.224743129762511,
                        -2.574076853674034,
                        1.0023116682995552
                    ],
                    [
                        -1.218310851187338,
                        -1.3418494196217883,
                        2.581555231812386e-07,
                        -2.574076853674034,
                        4.53756075740554,
                        -0.48454097247465694
                    ],
                    [
                        -0.19338347447229082,
                        0.7119109702093753,
                        -5.09844057500437e-06,
                        1.0023116682995552,
                        -0.48454097247465716,
                        2.15574689923028
                    ]
                ]
            },
            "est_tgt": [
                0,
                1,
                2
            ],
            "oracle_est_tgt": [
                0,
                2,
                4,
                5
            ]
        },
        "3": {
            "intv_type": "do",
            "inode": 3,
            "new_mui": 0.5,
            "new_sigmai": 0.0,
            "true_params": {
                "Si": [
                    [
                        1.0,
                        0.0,
                        0.6303560042977547,
                        0.0,
                        -0.37902919309328054,
                        0.30394788564268693
                    ],
                    [
                        0.0,
                        1.0,
                        0.7523725242950221,
                        0.0,
                        -0.3172717144601014,
                        1.2819429349491618
                    ],
                    [
                        0.6303560042977547,
                        0.7523725242950221,
                        1.9634131074682946,
                        0.0,
                        0.2790190548915162,
                        2.479139673672355
                    ],
                    [
                        0.0,
                        0.0,
                        0.0,
                        1e-09,
                        -5.769864424987394e-10,
                        4.822384548928507e-10
                    ],
                    [
                        -0.37902919309328054,
                        -0.3172717144601014,
                        0.2790190548915162,
                        -5.769864424987394e-10,
                        1.8168420331474717,
                        1.0983686383214755
                    ],
                    [
                        0.30394788564268693,
                        1.2819429349491618,
                        2.479139673672355,
                        4.822384548928507e-10,
                        1.0983686383214755,
                        4.8696414449725065
                    ]
                ],
                "mui": [
                    0.0,
                    0.0,
                    0.0,
                    0.5,
                    -0.28849322124936966,
                    0.24111922744642533
                ],
                "Ai": [
                    [
                        0.0,
                        0.0,
                        0.0,
                        0.0,
                        0.0,
                        0.0
                    ],
                    [
                        -0.0,
                        0.0,
                        0.0,
                        0.0,
                        0.0,
                        0.0
                    ],
                    [
                        0.6303560042977547,
                        0.7523725242950221,
                        0.0,
                        0.0,
                        0.0,
                        0.0
                    ],
                    [
                        0.0,
                        0.0,
                        0.0,
                        0.0,
                        0.0,
                        0.0
                    ],
                    [
                        -0.8559873724071171,
                        -0.8865535598091981,
                        0.7566489032577546,
                        -0.5769864424987393,
                        0.0,
                        0.0
                    ],
                    [
                        -0.0,
                        0.8354887237153619,
                        0.8545158324685815,
                        0.839518238810538,
                        0.6192169479241585,
                        0.0
                    ]
                ]
            },
            "est_params": {
                "mui": [
                    0.04135526734327981,
                    -0.09690478295745596,
                    -0.0784191063259151,
                    0.499998851545061,
                    -0.33229013729856,
                    0.09101471645855964
                ],
                "Si": [
                    [
                        1.0220214314391776,
                        -0.021490625480238147,
                        0.5960028712176534,
                        -7.04683255967845e-07,
                        -0.42459725991538105,
                        0.21013001535435794
                    ],
                    [
                        -0.021490625480238144,
                        0.9318786265412502,
                        0.6706051763889286,
                        -2.28823564154483e-07,
                        -0.2827460407924172,
                        1.251092684949843
                    ],
                    [
                        0.5960028712176533,
                        0.6706051763889286,
                        1.7586738194303064,
                        -1.4793525686497595e-06,
                        0.28402054680255695,
                        2.2961265600931244
                    ],
                    [
                        -7.04683255967845e-07,
                        -2.2882356415448295e-07,
                        -1.4793525686497595e-06,
                        1.0022940776476354e-06,
                        -1.3944923616873865e-07,
                        -6.750108675687044e-07
                    ],
                    [
                        -0.4245972599153811,
                        -0.2827460407924172,
                        0.2840205468025569,
                        -1.3944923616873868e-07,
                        1.8807117528094601,
                        1.179354326408599
                    ],
                    [
                        0.2101300153543579,
                        1.251092684949843,
                        2.296126560093124,
                        -6.750108675687045e-07,
                        1.179354326408599,
                        4.8932679968280395
                    ]
                ]
            },
            "est_tgt": [
                0,
                3,
                4,
                5
            ],
            "oracle_est_tgt": [
                0,
                3,
                4,
                5
            ]
        },
        "4": {
            "intv_type": "do",
            "inode": 4,
            "new_mui": 0.5,
            "new_sigmai": 0.0,
            "true_params": {
                "Si": [
                    [
                        1.0,
                        0.0,
                        0.6303560042977547,
                        0.6955694823952447,
                        0.0,
                        1.122592452594878
                    ],
                    [
                        0.0,
                        1.0,
                        0.7523725242950221,
                        0.8914552921511185,
                        0.0,
                        2.2267959344848514
                    ],
                    [
                        0.6303560042977547,
                        0.7523725242950221,
                        1.9634131074682946,
                        1.1091628680860173,
                        0.0,
                        3.237528803659366
                    ],
                    [
                        0.6955694823952447,
                        0.8914552921511185,
                        1.1091628680860173,
                        2.278509442743825,
                        0.0,
                        3.605448310339882
                    ],
                    [
                        0.0,
                        0.0,
                        0.0,
                        0.0,
                        1e-09,
                        6.192169479241585e-10
                    ],
                    [
                        1.122592452594878,
                        2.2267959344848514,
                        3.237528803659366,
                        3.605448310339882,
                        6.192169479241585e-10,
                        8.653822130079696
                    ]
                ],
                "mui": [
                    0.0,
                    0.0,
                    0.0,
                    0.0,
                    0.5,
                    0.30960847396207924
                ],
                "Ai": [
                    [
                        0.0,
                        0.0,
                        0.0,
                        0.0,
                        0.0,
                        0.0
                    ],
                    [
                        -0.0,
                        0.0,
                        0.0,
                        0.0,
                        0.0,
                        0.0
                    ],
                    [
                        0.6303560042977547,
                        0.7523725242950221,
                        0.0,
                        0.0,
                        0.0,
                        0.0
                    ],
                    [
                        0.6955694823952447,
                        0.8914552921511185,
                        0.0,
                        0.0,
                        0.0,
                        0.0
                    ],
                    [
                        0.0,
                        0.0,
                        0.0,
                        0.0,
                        0.0,
                        0.0
                    ],
                    [
                        -0.0,
                        0.8354887237153619,
                        0.8545158324685815,
                        0.839518238810538,
                        0.6192169479241585,
                        0.0
                    ]
                ]
            },
            "est_params": {
                "mui": [
                    -0.02083964104808344,
                    -0.011636549177153118,
                    -0.026865988659414922,
                    -0.032942057088555264,
                    0.5000000916868125,
                    0.2489677454111674
                ],
                "Si": [
                    [
                        0.9854510629292688,
                        0.061818403740325024,
                        0.6396632871992288,
                        0.7318117275148044,
                        3.527579404506034e-08,
                        1.2147273988790814
                    ],
                    [
                        0.061818403740325024,
                        0.9447671920000941,
                        0.8059673227970705,
                        0.8653610361190897,
                        -1.4863082341729046e-07,
                        2.151526001639243
                    ],
                    [
                        0.6396632871992288,
                        0.8059673227970705,
                        2.0606276107089805,
                        1.1565008043629537,
                        -9.702658886749067e-08,
                        3.2721190573146055
                    ],
                    [
                        0.7318117275148044,
                        0.8653610361190897,
                        1.1565008043629537,
                        2.185201027045073,
                        -1.233948953058033e-07,
                        3.5393623973814963
                    ],
                    [
                        3.527579404506034e-08,
                        -1.4863082341729046e-07,
                        -9.702658886749065e-08,
                        -1.2339489530580332e-07,
                        1.0007922834457654e-06,
                        -1.1069699043748757e-07
                    ],
                    [
                        1.2147273988790817,
                        2.1515260016392435,
                        3.2721190573146055,
                        3.5393623973814963,
                        -1.1069699043748757e-07,
                        8.34108936198497
                    ]
                ]
            },
            "est_tgt": [
                0,
                1,
                3,
                4,
                5
            ],
            "oracle_est_tgt": [
                0,
                2,
                3,
                4
            ]
        },
        "5": {
            "intv_type": "do",
            "inode": 5,
            "new_mui": 0.5,
            "new_sigmai": 0.0,
            "true_params": {
                "Si": [
                    [
                        1.0,
                        0.0,
                        0.6303560042977547,
                        0.6955694823952447,
                        -0.7803633542512023,
                        0.0
                    ],
                    [
                        0.0,
                        1.0,
                        0.7523725242950221,
                        0.8914552921511185,
                        -0.8316293321250496,
                        0.0
                    ],
                    [
                        0.6303560042977547,
                        0.7523725242950221,
                        1.9634131074682946,
                        1.1091628680860173,
                        -0.36095288251713353,
                        0.0
                    ],
                    [
                        0.6955694823952447,
                        0.8914552921511185,
                        1.1091628680860173,
                        2.278509442743825,
                        -1.8611437461264408,
                        0.0
                    ],
                    [
                        -0.7803633542512023,
                        -0.8316293321250496,
                        -0.36095288251713353,
                        -1.8611437461264408,
                        3.2060052283374576,
                        0.0
                    ],
                    [
                        0.0,
                        0.0,
                        0.0,
                        0.0,
                        0.0,
                        1e-09
                    ]
                ],
                "mui": [
                    0.0,
                    0.0,
                    0.0,
                    0.0,
                    0.0,
                    0.5
                ],
                "Ai": [
                    [
                        0.0,
                        0.0,
                        0.0,
                        0.0,
                        0.0,
                        0.0
                    ],
                    [
                        -0.0,
                        0.0,
                        0.0,
                        0.0,
                        0.0,
                        0.0
                    ],
                    [
                        0.6303560042977547,
                        0.7523725242950221,
                        0.0,
                        0.0,
                        0.0,
                        0.0
                    ],
                    [
                        0.6955694823952447,
                        0.8914552921511185,
                        0.0,
                        0.0,
                        0.0,
                        0.0
                    ],
                    [
                        -0.8559873724071171,
                        -0.8865535598091981,
                        0.7566489032577546,
                        -0.5769864424987393,
                        0.0,
                        0.0
                    ],
                    [
                        0.0,
                        0.0,
                        0.0,
                        0.0,
                        0.0,
                        0.0
                    ]
                ]
            },
            "est_params": {
                "mui": [
                    -0.06430698323609829,
                    -0.005161503697455756,
                    0.0007371409473867746,
                    -0.04745623061696484,
                    0.1675909131468066,
                    0.500003582329953
                ],
                "Si": [
                    [
                        0.8684771324360584,
                        0.026047470555441734,
                        0.5059947651236419,
                        0.6217344486723245,
                        -0.667094134185429,
                        -2.4773914968867065e-06
                    ],
                    [
                        0.02604747055544173,
                        1.0372578581532172,
                        0.8314917534459906,
                        0.9264138999596682,
                        -0.8298557778056237,
                        2.804395364078452e-06
                    ],
                    [
                        0.5059947651236419,
                        0.8314917534459906,
                        1.8857819505398359,
                        1.088159295436957,
                        -0.3224350186647247,
                        -6.933760569838055e-08
                    ],
                    [
                        0.6217344486723245,
                        0.9264138999596682,
                        1.088159295436957,
                        2.238486336368528,
                        -1.7394254921877783,
                        8.257518805050411e-07
                    ],
                    [
                        -0.6670941341854288,
                        -0.8298557778056237,
                        -0.3224350186647247,
                        -1.7394254921877783,
                        2.97670017316913,
                        5.504580753208338e-06
                    ],
                    [
                        -2.4773914968867065e-06,
                        2.804395364078452e-06,
                        -6.933760569838055e-08,
                        8.257518805050411e-07,
                        5.5045807532083385e-06,
                        1.0108882211333131e-06
                    ]
                ]
            },
            "est_tgt": [
                1,
                3,
                5
            ],
            "oracle_est_tgt": [
                2,
                3,
                5
            ]
        },
        "obs": {
            "intv_type": "obs",
            "true_params": {
                "Si": [
                    [
                        1.0,
                        0.0,
                        0.6303560042977547,
                        0.6955694823952447,
                        -0.7803633542512023,
                        0.6393782381035897
                    ],
                    [
                        0.0,
                        1.0,
                        0.7523725242950221,
                        0.8914552921511185,
                        -0.8316293321250496,
                        1.7118369576421717
                    ],
                    [
                        0.6303560042977547,
                        0.7523725242950221,
                        1.9634131074682946,
                        1.1091628680860173,
                        -0.36095288251713353,
                        3.0140206614026788
                    ],
                    [
                        0.6955694823952447,
                        0.8914552921511185,
                        1.1091628680860173,
                        2.278509442743825,
                        -1.8611437461264408,
                        2.4529965602153325
                    ],
                    [
                        -0.7803633542512023,
                        -0.8316293321250496,
                        -0.36095288251713353,
                        -1.8611437461264408,
                        3.2060052283374576,
                        -0.5805082295887802
                    ],
                    [
                        0.6393782381035897,
                        1.7118369576421717,
                        3.0140206614026788,
                        2.4529965602153325,
                        -0.5805082295887802,
                        6.705623667374724
                    ]
                ],
                "mui": [
                    0.0,
                    0.0,
                    0.0,
                    0.0,
                    0.0,
                    0.0
                ],
                "Ai": [
                    [
                        0.0,
                        0.0,
                        0.0,
                        0.0,
                        0.0,
                        0.0
                    ],
