{
    "expt_args": {
        "save_dir": "all_expt_logs/expt_logs_11.05.24-mean_shift",
        "exp_name": "323",
        "num_nodes": 6,
        "obs_noise_mean": 0.0,
        "obs_noise_var": 1.0,
        "max_edge_strength": 1.0,
        "graph_sparsity_method": "adj_dense_prop",
        "adj_dense_prop": 0.8,
        "num_parents": null,
        "new_noise_mean": 4.0,
        "mix_samples": 8192,
        "stage2_samples": 8192,
        "gmm_tol": 0.001,
        "intv_type": "do",
        "new_noise_sigma": 0.0,
        "intv_targets": [
            0,
            1,
            2,
            3,
            4,
            5
        ]
    },
    "intv_args_dict": {
        "0": {
            "intv_type": "do",
            "inode": 0,
            "new_mui": 4.0,
            "new_sigmai": 0.0,
            "true_params": {
                "Si": [
                    [
                        1e-09,
                        5.209690551551975e-10,
                        -1.012869816598514e-09,
                        1.8909774731130565e-10,
                        1.2787508803648548e-09,
                        9.000194577751231e-10
                    ],
                    [
                        5.209690551551975e-10,
                        1.0000000002714087,
                        -0.5781847016652917,
                        1.1557691812612891,
                        0.17712037160705038,
                        -0.20814859484940038
                    ],
                    [
                        -1.012869816598514e-09,
                        -0.5781847016652917,
                        1.3342975496555018,
                        -1.2702909685752277,
                        0.285022517841588,
                        0.5206291401435914
                    ],
                    [
                        1.8909774731130565e-10,
                        1.1557691812612891,
                        -1.2702909685752277,
                        2.6982580653886687,
                        -0.6720666053658939,
                        -1.1464288476237185
                    ],
                    [
                        1.2787508803648548e-09,
                        0.17712037160705038,
                        0.285022517841588,
                        -0.6720666053658939,
                        1.595601130358566,
                        0.5460760672919008
                    ],
                    [
                        9.000194577751231e-10,
                        -0.20814859484940038,
                        0.5206291401435914,
                        -1.1464288476237185,
                        0.5460760672919008,
                        1.645603869273995
                    ]
                ],
                "mui": [
                    4.0,
                    2.08387622062079,
                    -4.051479266394056,
                    0.7563909892452225,
                    5.115003521459419,
                    3.600077831100492
                ],
                "Ai": [
                    [
                        0.0,
                        0.0,
                        0.0,
                        0.0,
                        0.0,
                        0.0
                    ],
                    [
                        0.5209690551551975,
                        0.0,
                        0.0,
                        0.0,
                        0.0,
                        0.0
                    ],
                    [
                        -0.7116534791416589,
                        -0.5781847011376179,
                        0.0,
                        0.0,
                        0.0,
                        0.0
                    ],
                    [
                        -0.8414681623204912,
                        0.8076771812943841,
                        -0.6020429097890279,
                        0.0,
                        0.0,
                        0.0
                    ],
                    [
                        0.9206857318124287,
                        0.9208889301144891,
                        -0.0,
                        -0.6435269007825173,
                        0.0,
                        0.0
                    ],
                    [
                        0.733851974844244,
                        0.5602886934595381,
                        0.0,
                        -0.6648708940350231,
                        -0.0,
                        0.0
                    ]
                ]
            },
            "est_params": {
                "mui": [
                    3.999999999999634,
                    2.060383733851516,
                    -4.06718728070069,
                    0.7488040489998182,
                    5.121244507959374,
                    3.5803799489520216
                ],
                "Si": [
                    [
                        1.0000000000010249e-06,
                        2.276756500738289e-11,
                        -4.7434577737057724e-11,
                        3.806997320088216e-11,
                        1.2225134217187424e-11,
                        2.8572369232810544e-11
                    ],
                    [
                        2.2767565007382887e-11,
                        1.0263580428975236,
                        -0.5792287851287291,
                        1.1522262538052686,
                        0.173648175856651,
                        -0.21444839530481086
                    ],
                    [
                        -4.743457773705773e-11,
                        -0.579228785128729,
                        1.3746651645666974,
                        -1.3319903844983645,
                        0.32700248006276433,
                        0.5211810715369959
                    ],
                    [
                        3.806997320088216e-11,
                        1.1522262538052686,
                        -1.3319903844983645,
                        2.7272780600111326,
                        -0.76124973549452,
                        -1.1505196611926076
                    ],
                    [
                        1.2225134217187424e-11,
                        0.173648175856651,
                        0.32700248006276433,
                        -0.76124973549452,
                        1.700263780040035,
                        0.5383850856785877
                    ],
                    [
                        2.8572369232810557e-11,
                        -0.21444839530481086,
                        0.521181071536996,
                        -1.1505196611926074,
                        0.5383850856785877,
                        1.656245544961559
                    ]
                ]
            },
            "est_tgt": [
                0
            ],
            "oracle_est_tgt": [
                0
            ]
        },
        "1": {
            "intv_type": "do",
            "inode": 1,
            "new_mui": 4.0,
            "new_sigmai": 0.0,
            "true_params": {
                "Si": [
                    [
                        1.0,
                        0.0,
                        -0.7116534791416589,
                        -0.4130222309765616,
                        1.1864766480670563,
                        1.0084584348099703
                    ],
                    [
                        0.0,
                        1e-09,
                        -5.781847011376179e-10,
                        1.1557691811627751e-09,
                        1.7712037094086077e-10,
                        -2.0814859531828268e-10
                    ],
                    [
                        -0.7116534791416589,
                        -5.781847011376179e-10,
                        1.506450674708725,
                        -0.30811420281995605,
                        -0.4569294267450407,
                        -0.31739214590304116
                    ],
                    [
                        -0.4130222309765616,
                        1.1557691811627751e-09,
                        -0.30811420281995605,
                        1.5330430298438982,
                        -1.3668181036788065,
                        -1.3223728690556338
                    ],
                    [
                        1.1864766480670563,
                        1.7712037094086077e-10,
                        -0.4569294267450407,
                        -1.3668181036788065,
                        2.971956339360943,
                        1.7794558059660097
                    ],
                    [
                        1.0084584348099703,
                        -2.0814859531828268e-10,
                        -0.31739214590304116,
                        -1.3223728690556338,
                        1.7794558059660097,
                        2.6192664455136865
                    ]
                ],
                "mui": [
                    0.0,
                    4.0,
                    -2.3127388045504715,
                    4.6230767246511,
                    0.708481483763443,
                    -0.8325943812731307
                ],
                "Ai": [
                    [
                        0.0,
                        0.0,
                        0.0,
                        0.0,
                        0.0,
                        0.0
                    ],
                    [
                        0.0,
                        0.0,
                        0.0,
                        0.0,
                        0.0,
                        0.0
                    ],
                    [
                        -0.7116534791416589,
                        -0.5781847011376179,
                        0.0,
                        0.0,
                        0.0,
                        0.0
                    ],
                    [
                        -0.8414681623204912,
                        0.8076771812943841,
                        -0.6020429097890279,
                        0.0,
                        0.0,
                        0.0
                    ],
                    [
                        0.9206857318124287,
                        0.9208889301144891,
                        -0.0,
                        -0.6435269007825173,
                        0.0,
                        0.0
                    ],
                    [
                        0.733851974844244,
                        0.5602886934595381,
                        0.0,
                        -0.6648708940350231,
                        -0.0,
                        0.0
                    ]
                ]
            },
            "est_params": {
                "mui": [
                    0.017852606044667155,
                    3.9999999999804787,
                    -2.282872195358376,
                    4.601668869322151,
                    0.7198167335160416,
                    -0.7910612670225418
                ],
                "Si": [
                    [
                        0.8971695708889842,
                        -9.154356714336577e-11,
                        -0.6388921067088758,
                        -0.3724895318481252,
                        1.0814743133192655,
                        0.900532723207841
                    ],
                    [
                        -9.154356714336578e-11,
                        1.0000000832062675e-06,
                        9.510078349097002e-11,
                        1.3016288779748792e-11,
                        -5.054842979822281e-11,
                        -6.450967775604272e-12
                    ],
                    [
                        -0.6388921067088758,
                        9.510078349097002e-11,
                        1.4627437743353406,
                        -0.32460678941186744,
                        -0.4291704780469132,
                        -0.2247462573273359
                    ],
                    [
                        -0.3724895318481252,
                        1.301628877974878e-11,
                        -0.3246067894118674,
                        1.478274640145232,
                        -1.2320245938218441,
                        -1.2887869805156549
                    ],
                    [
                        1.0814743133192655,
                        -5.054842979822276e-11,
                        -0.42917047804691316,
                        -1.2320245938218441,
                        2.765361980030026,
                        1.6498889021153684
                    ],
                    [
                        0.900532723207841,
                        -6.4509677756042755e-12,
                        -0.2247462573273359,
                        -1.2887869805156549,
                        1.6498889021153684,
                        2.5034592814968994
                    ]
                ]
            },
            "est_tgt": [
                1,
                3,
                4
            ],
            "oracle_est_tgt": [
                1,
                3,
                4
            ]
        },
        "2": {
            "intv_type": "do",
            "inode": 2,
            "new_mui": 4.0,
            "new_sigmai": 0.0,
            "true_params": {
                "Si": [
                    [
                        1.0,
                        0.5209690551551975,
                        0.0,
                        -0.42069334431114264,
                        1.671167851681437,
                        1.3054518060367328
                    ],
                    [
                        0.5209690551551975,
                        1.2714087564292993,
                        0.0,
                        0.588508967198528,
                        1.2717536734995742,
                        0.7033876377822564
                    ],
                    [
                        0.0,
                        0.0,
                        1e-09,
                        -6.020429097890279e-10,
                        3.874308078746218e-10,
                        4.002808076788777e-10
                    ],
                    [
                        -0.42069334431114264,
                        0.588508967198528,
                        -6.020429097890279e-10,
                        1.8293253194937908,
                        -1.0225950197863145,
                        -1.195256881858417
                    ],
                    [
                        1.671167851681437,
                        1.2717536734995742,
                        3.874308078746218e-10,
                        -1.0225950197863145,
                        4.367831680103647,
                        2.6188326974211686
                    ],
                    [
                        1.3054518060367328,
                        0.7033876377822564,
                        4.002808076788777e-10,
                        -1.195256881858417,
                        2.6188326974211686,
                        3.146800038135372
                    ]
                ],
                "mui": [
                    0.0,
                    0.0,
                    4.0,
                    -2.4081716391561114,
                    1.549723231498487,
                    1.6011232307155108
                ],
                "Ai": [
                    [
                        0.0,
                        0.0,
                        0.0,
                        0.0,
                        0.0,
                        0.0
                    ],
                    [
                        0.5209690551551975,
                        0.0,
                        0.0,
                        0.0,
                        0.0,
                        0.0
                    ],
                    [
                        0.0,
                        0.0,
                        0.0,
                        0.0,
                        0.0,
                        0.0
                    ],
                    [
                        -0.8414681623204912,
                        0.8076771812943841,
                        -0.6020429097890279,
                        0.0,
                        0.0,
                        0.0
                    ],
                    [
                        0.9206857318124287,
                        0.9208889301144891,
                        -0.0,
                        -0.6435269007825173,
                        0.0,
                        0.0
                    ],
                    [
                        0.733851974844244,
                        0.5602886934595381,
                        0.0,
                        -0.6648708940350231,
                        -0.0,
                        0.0
                    ]
                ]
            },
            "est_params": {
                "mui": [
                    0.018058553562129948,
                    0.006681907780314656,
                    4.000000000000625,
                    -2.3927952955068816,
                    1.5510249715091156,
                    1.57236276766602
                ],
                "Si": [
                    [
                        0.989522627264847,
                        0.5203426418359482,
                        -2.94855835829193e-11,
                        -0.40650564598569916,
                        1.6843194995337185,
                        1.2826408595045273
                    ],
                    [
                        0.5203426418359482,
                        1.206532393665213,
                        -2.0206490190019934e-11,
                        0.5982714788231146,
                        1.220672021106213,
                        0.6312481427860284
                    ],
                    [
                        -2.94855835829193e-11,
                        -2.0206490190019927e-11,
                        1.0000000000010338e-06,
                        1.9097600501336092e-12,
                        -3.05138916891661e-11,
                        2.9912341024699467e-12
                    ],
                    [
                        -0.4065056459856991,
                        0.5982714788231146,
                        1.909760050133626e-12,
                        1.8545810810659453,
                        -1.0245941609146874,
                        -1.2114744887821283
                    ],
                    [
                        1.6843194995337185,
                        1.220672021106213,
                        -3.05138916891661e-11,
                        -1.0245941609146874,
                        4.402280916840886,
                        2.5700950799748967
                    ],
                    [
                        1.2826408595045273,
                        0.6312481427860284,
                        2.9912341024699354e-12,
                        -1.2114744887821283,
                        2.5700950799748967,
                        3.071527389168668
                    ]
                ]
            },
            "est_tgt": [
                1,
                2,
                3,
                4
            ],
            "oracle_est_tgt": [
                1,
                2,
                3,
                4
            ]
        },
        "3": {
            "intv_type": "do",
            "inode": 3,
            "new_mui": 4.0,
            "new_sigmai": 0.0,
            "true_params": {
                "Si": [
                    [
                        1.0,
                        0.5209690551551975,
                        -1.012869816598514,
                        0.0,
                        1.400440367637055,
                        1.0257450460899997
                    ],
                    [
                        0.5209690551551975,
                        1.2714087564292993,
                        -1.105858532486164,
                        0.0,
                        1.6504750252435632,
                        1.0946701209511698
                    ],
                    [
                        -1.012869816598514,
                        -1.105858532486164,
                        2.3602028140059037,
                        0.0,
                        -1.950907669164886,
                        -1.3628965474887016
                    ],
                    [
                        0.0,
                        0.0,
                        0.0,
                        1e-09,
                        -6.435269007825173e-10,
                        -6.648708940350231e-10
                    ],
                    [
                        1.400440367637055,
                        1.6504750252435632,
                        -1.950907669164886,
                        -6.435269007825173e-10,
                        3.809269645328945,
                        1.9524584253512285
                    ],
                    [
                        1.0257450460899997,
                        1.0946701209511698,
                        -1.3628965474887016,
                        -6.648708940350231e-10,
                        1.9524584253512285,
                        2.3660763200388253
                    ]
                ],
                "mui": [
                    0.0,
                    0.0,
                    0.0,
                    4.0,
                    -2.574107603130069,
                    -2.6594835761400923
                ],
                "Ai": [
                    [
                        0.0,
                        0.0,
                        0.0,
                        0.0,
                        0.0,
                        0.0
                    ],
                    [
                        0.5209690551551975,
                        0.0,
                        0.0,
                        0.0,
                        0.0,
                        0.0
                    ],
                    [
                        -0.7116534791416589,
                        -0.5781847011376179,
                        0.0,
                        0.0,
                        0.0,
                        0.0
                    ],
                    [
                        0.0,
                        0.0,
                        0.0,
                        0.0,
                        0.0,
                        0.0
                    ],
                    [
                        0.9206857318124287,
                        0.9208889301144891,
                        -0.0,
                        -0.6435269007825173,
                        0.0,
                        0.0
                    ],
                    [
                        0.733851974844244,
                        0.5602886934595381,
                        0.0,
                        -0.6648708940350231,
                        -0.0,
                        0.0
                    ]
                ]
            },
            "est_params": {
                "mui": [
                    -0.0031061361223327965,
                    5.336218568468404e-05,
                    0.005134514843820351,
                    3.999999951470809,
                    -2.544228643212993,
                    -2.6356350484677358
                ],
                "Si": [
                    [
                        1.0020691776932726,
                        0.4965739916685255,
                        -0.9659411115500222,
                        -1.8757542360737695e-07,
                        1.3592073076425888,
                        0.9370591293311697
                    ],
                    [
                        0.4965739916685255,
                        1.2866270913329874,
                        -1.028426365074003,
                        -1.9483103370900122e-07,
                        1.6160630164981926,
                        1.0599706385054948
                    ],
                    [
                        -0.9659411115500224,
                        -1.0284263650740029,
                        2.239552735661799,
                        2.770535083215435e-07,
                        -1.779757413568797,
                        -1.2010963329459123
                    ],
                    [
                        -1.8757542360737695e-07,
                        -1.9483103370900125e-07,
                        2.770535083215435e-07,
                        1.0000861506660173e-06,
                        -4.4682886173441815e-07,
                        -2.452397682290442e-07
                    ],
                    [
                        1.3592073076425888,
                        1.6160630164981926,
                        -1.779757413568797,
                        -4.4682886173441815e-07,
                        3.710810877897048,
                        1.863147072920992
                    ],
                    [
                        0.9370591293311697,
                        1.0599706385054948,
                        -1.2010963329459123,
                        -2.452397682290442e-07,
                        1.863147072920992,
                        2.274728102355752
                    ]
                ]
            },
            "est_tgt": [
                1,
                2,
                3,
                4
            ],
            "oracle_est_tgt": [
                1,
                2,
                3,
                4
            ]
        },
        "4": {
            "intv_type": "do",
            "inode": 4,
            "new_mui": 4.0,
            "new_sigmai": 0.0,
            "true_params": {
                "Si": [
                    [
                        1.0,
                        0.5209690551551975,
                        -1.012869816598514,
                        0.18909774731130563,
                        0.0,
                        0.900019457775123
                    ],
                    [
                        0.5209690551551975,
                        1.2714087564292993,
                        -1.105858532486164,
                        1.2542832559115222,
                        0.0,
                        0.26073369122011636
                    ],
                    [
                        -1.012869816598514,
                        -1.105858532486164,
                        2.3602028140059037,
                        -1.4618223690220906,
                        0.0,
                        -0.39097340207658887
                    ],
                    [
                        0.18909774731130563,
                        1.2542832559115222,
                        -1.4618223690220906,
                        2.7340160233911215,
                        0.0,
                        -0.9762371957922917
                    ],
                    [
                        0.0,
                        0.0,
                        0.0,
                        0.0,
                        1e-09,
                        0.0
                    ],
                    [
                        0.900019457775123,
                        0.26073369122011636,
                        -0.39097340207658887,
                        -0.9762371957922917,
                        0.0,
                        2.4556388928377864
                    ]
                ],
                "mui": [
                    0.0,
                    0.0,
                    0.0,
                    0.0,
                    4.0,
                    0.0
                ],
                "Ai": [
                    [
                        0.0,
                        0.0,
                        0.0,
                        0.0,
                        0.0,
                        0.0
                    ],
                    [
                        0.5209690551551975,
                        0.0,
                        0.0,
                        0.0,
                        0.0,
                        0.0
                    ],
                    [
                        -0.7116534791416589,
                        -0.5781847011376179,
                        0.0,
                        0.0,
                        0.0,
                        0.0
                    ],
                    [
                        -0.8414681623204912,
                        0.8076771812943841,
                        -0.6020429097890279,
                        0.0,
                        0.0,
                        0.0
                    ],
                    [
                        0.0,
                        0.0,
                        0.0,
                        0.0,
                        0.0,
                        0.0
                    ],
                    [
                        0.733851974844244,
                        0.5602886934595381,
                        0.0,
                        -0.6648708940350231,
                        -0.0,
                        0.0
                    ]
                ]
            },
            "est_params": {
                "mui": [
                    -0.01700783799741115,
                    -0.03942462542343862,
                    0.06762475874150577,
                    -0.02968094987140625,
                    3.9999999999985123,
                    0.006376872745308502
                ],
                "Si": [
                    [
                        1.0124154493663444,
                        0.493294308435966,
                        -0.9938211492623942,
                        0.13482941421551023,
                        3.075794426015746e-11,
                        0.9623841668587788
                    ],
                    [
                        0.4932943084359661,
                        1.2308161034459606,
                        -1.089875002225127,
                        1.2433610667993837,
                        -7.112309103354903e-12,
                        0.2696539857433469
                    ],
                    [
                        -0.9938211492623942,
                        -1.089875002225127,
                        2.3109999297795074,
                        -1.429165145355801,
                        3.2387625177912407e-11,
                        -0.41200571988170875
                    ],
                    [
                        0.13482941421551023,
                        1.2433610667993837,
                        -1.429165145355801,
                        2.772911390857341,
                        -1.957034047489199e-11,
                        -1.0653067342974978
                    ],
                    [
                        3.0757944260157455e-11,
                        -7.11230910335491e-12,
                        3.23876251779124e-11,
                        -1.9570340474891995e-11,
                        1.0000000005087989e-06,
                        5.395593701575327e-11
                    ],
                    [
                        0.9623841668587788,
                        0.2696539857433469,
                        -0.4120057198817088,
                        -1.0653067342974976,
                        5.3955937015753255e-11,
                        2.667881225145145
                    ]
                ]
            },
            "est_tgt": [
                1,
                4
            ],
            "oracle_est_tgt": [
                1,
                4
            ]
        },
        "5": {
            "intv_type": "do",
            "inode": 5,
            "new_mui": 4.0,
            "new_sigmai": 0.0,
            "true_params": {
                "Si": [
                    [
                        1.0,
                        0.5209690551551975,
                        -1.012869816598514,
                        0.18909774731130563,
                        1.2787508803648548,
                        0.0
                    ],
                    [
                        0.5209690551551975,
                        1.2714087564292993,
                        -1.105858532486164,
                        1.2542832559115222,
                        0.8433100088634162,
                        0.0
                    ],
                    [
                        -1.012869816598514,
                        -1.105858532486164,
                        2.3602028140059037,
                        -1.4618223690220906,
                        -1.0101856505335425,
                        0.0
                    ],
                    [
                        0.18909774731130563,
                        1.2542832559115222,
                        -1.4618223690220906,
                        2.7340160233911215,
                        -0.43025769475835984,
                        0.0
                    ],
                    [
                        1.2787508803648548,
                        0.8433100088634162,
                        -1.0101856505335425,
                        -0.43025769475835984,
                        3.2308049427572536,
                        0.0
                    ],
                    [
                        0.0,
                        0.0,
                        0.0,
                        0.0,
                        0.0,
                        1e-09
                    ]
                ],
                "mui": [
                    0.0,
                    0.0,
                    0.0,
                    0.0,
                    0.0,
                    4.0
                ],
                "Ai": [
                    [
                        0.0,
                        0.0,
                        0.0,
                        0.0,
                        0.0,
                        0.0
                    ],
                    [
                        0.5209690551551975,
                        0.0,
                        0.0,
                        0.0,
                        0.0,
                        0.0
                    ],
                    [
                        -0.7116534791416589,
                        -0.5781847011376179,
                        0.0,
                        0.0,
                        0.0,
                        0.0
                    ],
                    [
                        -0.8414681623204912,
                        0.8076771812943841,
                        -0.6020429097890279,
                        0.0,
                        0.0,
                        0.0
                    ],
                    [
                        0.9206857318124287,
                        0.9208889301144891,
                        -0.0,
                        -0.6435269007825173,
                        0.0,
                        0.0
                    ],
                    [
                        0.0,
                        0.0,
                        0.0,
                        0.0,
                        0.0,
                        0.0
                    ]
                ]
            },
            "est_params": {
                "mui": [
                    0.018644170760840406,
                    0.03647546034879939,
                    -0.018198857064217644,
                    0.0016856269803424025,
                    0.07894875854242311,
                    3.9999999999464966
                ],
                "Si": [
                    [
                        0.9038239610323832,
                        0.44659088761468446,
                        -0.898009522324794,
                        0.1340197363922653,
                        1.1230611678019875,
                        -2.694945299341008e-10
                    ],
                    [
                        0.44659088761468446,
                        1.2425434179832207,
                        -1.1186327722733516,
                        1.289063237509278,
                        0.7034060741888694,
                        -2.357567144966839e-10
                    ],
                    [
                        -0.898009522324794,
                        -1.1186327722733516,
                        2.3087598140095458,
                        -1.4799478517189668,
                        -0.8345010748878792,
                        2.8494402664996744e-10
                    ],
                    [
                        0.1340197363922653,
                        1.289063237509278,
                        -1.4799478517189668,
                        2.771946842018958,
                        -0.485031545412882,
                        -1.7530978412246964e-10
                    ],
                    [
                        1.1230611678019875,
                        0.7034060741888694,
                        -0.8345010748878791,
                        -0.485031545412882,
                        3.0310049189379304,
                        -3.4346875077401505e-10
                    ],
                    [
                        -2.694945299341008e-10,
                        -2.357567144966839e-10,
                        2.849440266499675e-10,
                        -1.7530978412246961e-10,
                        -3.4346875077401505e-10,
                        1.0000001094610091e-06
                    ]
                ]
            },
            "est_tgt": [
                5
            ],
            "oracle_est_tgt": [
                5
            ]
        },
        "obs": {
            "intv_type": "obs",
            "true_params": {
                "Si": [
                    [
                        1.0,
                        0.5209690551551975,
                        -1.012869816598514,
                        0.18909774731130563,
                        1.2787508803648548,
                        0.900019457775123
                    ],
                    [
                        0.5209690551551975,
                        1.2714087564292993,
                        -1.105858532486164,
                        1.2542832559115222,
                        0.8433100088634162,
                        0.26073369122011636
                    ],
                    [
                        -1.012869816598514,
                        -1.105858532486164,
                        2.3602028140059037,
                        -1.4618223690220906,
                        -1.0101856505335425,
                        -0.39097340207658887
                    ],
                    [
                        0.18909774731130563,
                        1.2542832559115222,
                        -1.4618223690220906,
                        2.7340160233911215,
                        -0.43025769475835984,
                        -0.9762371957922917
                    ],
                    [
                        1.2787508803648548,
                        0.8433100088634162,
                        -1.0101856505335425,
                        -0.43025769475835984,
                        3.2308049427572536,
                        1.6969767401164382
                    ],
                    [
                        0.900019457775123,
                        0.26073369122011636,
                        -0.39097340207658887,
                        -0.9762371957922917,
                        1.6969767401164382,
                        2.4556388928377864
                    ]
                ],
                "mui": [
                    0.0,
                    0.0,
                    0.0,
                    0.0,
                    0.0,
                    0.0
                ],
                "Ai": [
                    [
                        0.0,
                        0.0,
