{
    "expt_args": {
        "save_dir": "all_expt_logs/expt_logs_11.05.24-mean_shift",
        "exp_name": "176",
        "num_nodes": 6,
        "obs_noise_mean": 0.0,
        "obs_noise_var": 1.0,
        "max_edge_strength": 1.0,
        "graph_sparsity_method": "adj_dense_prop",
        "adj_dense_prop": 0.8,
        "num_parents": null,
        "new_noise_mean": 0.2,
        "mix_samples": 1024,
        "stage2_samples": 1024,
        "gmm_tol": 0.001,
        "intv_type": "do",
        "new_noise_sigma": 0.0,
        "intv_targets": [
            0,
            1,
            2,
            3,
            4,
            5
        ]
    },
    "intv_args_dict": {
        "0": {
            "intv_type": "do",
            "inode": 0,
            "new_mui": 0.2,
            "new_sigmai": 0.0,
            "true_params": {
                "Si": [
                    [
                        1e-09,
                        7.315448617211905e-10,
                        9.988620150027367e-10,
                        -1.1771523632454946e-09,
                        6.376900988451629e-10,
                        -9.39618583044837e-10
                    ],
                    [
                        7.315448617211905e-10,
                        1.000000000535158,
                        0.526660366358213,
                        0.05132455280768162,
                        0.8717033398144038,
                        0.20841240900679045
                    ],
                    [
                        9.988620150027367e-10,
                        0.526660366358213,
                        1.277371141720618,
                        -0.9561412568732393,
                        0.4590916000566453,
                        -0.8501658288295798
                    ],
                    [
                        -1.1771523632454946e-09,
                        0.05132455280768162,
                        -0.9561412568732393,
                        1.9692611251562808,
                        0.044739784072993956,
                        0.9544712533043873
                    ],
                    [
                        6.376900988451629e-10,
                        0.8717033398144038,
                        0.4590916000566453,
                        0.044739784072993956,
                        1.7598667122369371,
                        0.18167379289276062
                    ],
                    [
                        -9.39618583044837e-10,
                        0.20841240900679045,
                        -0.8501658288295798,
                        0.9544712533043873,
                        0.18167379289276062,
                        1.9648982353874787
                    ]
                ],
                "mui": [
                    0.20000000298023224,
                    0.14630897452441166,
                    0.19977240597738813,
                    -0.23543047615728632,
                    0.12753802166949718,
                    -0.18792371940924898
                ],
                "Ai": [
                    [
                        0.0,
                        0.0,
                        0.0,
                        0.0,
                        0.0,
                        0.0
                    ],
                    [
                        0.7315448617211904,
                        0.0,
                        0.0,
                        0.0,
                        0.0,
                        0.0
                    ],
                    [
                        0.6135863306557352,
                        0.5266603656275006,
                        0.0,
                        0.0,
                        0.0,
                        0.0
                    ],
                    [
                        -0.6114377603887264,
                        0.5691222069841799,
                        -0.9831718638983162,
                        0.0,
                        0.0,
                        0.0
                    ],
                    [
                        -0.0,
                        0.8717033393479049,
                        0.0,
                        0.0,
                        0.0,
                        0.0
                    ],
                    [
                        -0.5030826757785276,
                        0.7139686432729375,
                        -0.9599283837818672,
                        -0.0,
                        0.0,
                        0.0
                    ]
                ]
            },
            "est_params": {
                "mui": [
                    -0.06451637821322354,
                    0.10094545728793179,
                    -0.01500649464839007,
                    0.41566755702773667,
                    0.1713718049421986,
                    0.28314655461089383
                ],
                "Si": [
                    [
                        0.3835482163403343,
                        0.304817062408935,
                        0.21043501156583017,
                        -0.0889428269759383,
                        0.2039036191209296,
                        0.042660365918673566
                    ],
                    [
                        0.304817062408935,
                        0.9170932073242193,
                        0.5439903636834489,
                        0.006257898995109653,
                        0.5026223258663436,
                        0.036615631916397176
                    ],
                    [
                        0.21043501156583017,
                        0.5439903636834489,
                        0.8201594627737848,
                        -0.20466022884566118,
                        0.2588615751842865,
                        -0.005682991630179494
                    ],
                    [
                        -0.0889428269759383,
                        0.0062578989951096575,
                        -0.20466022884566115,
                        0.5832102485512632,
                        0.07279893891799319,
                        -0.010534701885793727
                    ],
                    [
                        0.2039036191209296,
                        0.5026223258663436,
                        0.2588615751842865,
                        0.07279893891799319,
                        1.079367410945926,
                        -0.04271717878327502
                    ],
                    [
                        0.042660365918673566,
                        0.03661563191639718,
                        -0.005682991630179492,
                        -0.010534701885793724,
                        -0.04271717878327502,
                        0.21688037417170036
                    ]
                ]
            },
            "est_tgt": [
                1,
                3,
                5
            ],
            "oracle_est_tgt": [
                0
            ]
        },
        "1": {
            "intv_type": "do",
            "inode": 1,
            "new_mui": 0.2,
            "new_sigmai": 0.0,
            "true_params": {
                "Si": [
                    [
                        1.0,
                        0.0,
                        0.6135863306557352,
                        -1.2146985767620542,
                        0.0,
                        -1.0920816104755338
                    ],
                    [
                        0.0,
                        1e-09,
                        5.266603656275007e-10,
                        5.1324553668821384e-11,
                        8.71703339347905e-10,
                        2.0841240969416363e-10
                    ],
                    [
                        0.6135863306557352,
                        5.266603656275007e-10,
                        1.3764881854449404,
                        -1.7284943064394582,
                        4.5909159941968085e-10,
                        -1.6300147318203932
                    ],
                    [
                        -1.2146985767620542,
                        5.1324553668821384e-11,
                        -1.7284943064394582,
                        3.4421195463516834,
                        4.473978482365236e-11,
                        2.2703245562550562
                    ],
                    [
                        0.0,
                        8.71703339347905e-10,
                        4.590915994196809e-10,
                        4.473978482365237e-11,
                        1.0000000007598666,
                        1.816737934919461e-10
                    ],
                    [
                        -1.0920816104755338,
                        2.0841240969416363e-10,
                        -1.6300147318203932,
                        2.2703245562550562,
                        1.816737934919461e-10,
                        3.1141047459723388
                    ]
                ],
                "mui": [
                    0.0,
                    0.20000000298023224,
                    0.10533207469507033,
                    0.010264910886723365,
                    0.17434067046745938,
                    0.04168248255995011
                ],
                "Ai": [
                    [
                        0.0,
                        0.0,
                        0.0,
                        0.0,
                        0.0,
                        0.0
                    ],
                    [
                        0.0,
                        0.0,
                        0.0,
                        0.0,
                        0.0,
                        0.0
                    ],
                    [
                        0.6135863306557352,
                        0.5266603656275006,
                        0.0,
                        0.0,
                        0.0,
                        0.0
                    ],
                    [
                        -0.6114377603887264,
                        0.5691222069841799,
                        -0.9831718638983162,
                        0.0,
                        0.0,
                        0.0
                    ],
                    [
                        -0.0,
                        0.8717033393479049,
                        0.0,
                        0.0,
                        0.0,
                        0.0
                    ],
                    [
                        -0.5030826757785276,
                        0.7139686432729375,
                        -0.9599283837818672,
                        -0.0,
                        0.0,
                        0.0
                    ]
                ]
            },
            "est_params": {
                "mui": [
                    -0.7152957819648624,
                    0.16492637390983694,
                    -1.0089949174459505,
                    1.4329886505917162,
                    -0.10971081365256549,
                    1.5847545480283154
                ],
                "Si": [
                    [
                        0.7392862841259858,
                        0.20898558174503687,
                        0.11024043268144228,
                        -0.33689916161674827,
                        0.19829782473810648,
                        -0.07535789119179935
                    ],
                    [
                        0.2089855817450369,
                        0.36668052817963914,
                        0.2075897498311681,
                        0.02518903692214611,
                        0.3477263418435895,
                        0.0907675060951815
                    ],
                    [
                        0.11024043268144228,
                        0.2075897498311681,
                        0.44935745430290036,
                        -0.1899446553161139,
                        0.04692233998773033,
                        0.22225203144769962
                    ],
                    [
                        -0.33689916161674827,
                        0.025189036922146114,
                        -0.1899446553161139,
                        1.2384736990021057,
                        -0.10570301809765759,
                        -0.49226686699928635
                    ],
                    [
                        0.19829782473810648,
                        0.3477263418435895,
                        0.04692233998773035,
                        -0.10570301809765759,
                        1.0920605641310803,
                        0.2010730615586475
                    ],
                    [
                        -0.07535789119179935,
                        0.09076750609518153,
                        0.2222520314476996,
                        -0.4922668669992864,
                        0.2010730615586475,
                        0.8207242949518376
                    ]
                ]
            },
            "est_tgt": [
                1,
                2,
                3,
                5
            ],
            "oracle_est_tgt": [
                1
            ]
        },
        "2": {
            "intv_type": "do",
            "inode": 2,
            "new_mui": 0.2,
            "new_sigmai": 0.0,
            "true_params": {
                "Si": [
                    [
                        1.0,
                        0.7315448617211904,
                        0.0,
                        -0.19509933417802583,
                        0.6376900988451629,
                        0.019217416637839366
                    ],
                    [
                        0.7315448617211904,
                        1.5351578847106757,
                        0.0,
                        0.4263982915410197,
                        1.338202254528562,
                        0.7280270456699042
                    ],
                    [
                        0.0,
                        0.0,
                        1e-09,
                        -9.831718638983164e-10,
                        0.0,
                        -9.599283837818673e-10
                    ],
                    [
                        -0.19509933417802583,
                        0.4263982915410197,
                        -9.831718638983164e-10,
                        1.3619638376458796,
                        0.3716928146285484,
                        0.4025861057301052
                    ],
                    [
                        0.6376900988451629,
                        1.338202254528562,
                        0.0,
                        0.3716928146285484,
                        2.166515373995442,
                        0.6346236068460451
                    ],
                    [
                        0.019217416637839366,
                        0.7280270456699042,
                        -9.599283837818673e-10,
                        0.4025861057301052,
                        0.6346236068460451,
                        1.510120533600694
                    ]
                ],
                "mui": [
                    0.0,
                    0.0,
                    0.20000000298023224,
                    -0.19663437570974374,
                    0.0,
                    -0.19198567961718296
                ],
                "Ai": [
                    [
                        0.0,
                        0.0,
                        0.0,
                        0.0,
                        0.0,
                        0.0
                    ],
                    [
                        0.7315448617211904,
                        0.0,
                        0.0,
                        0.0,
                        0.0,
                        0.0
                    ],
                    [
                        0.0,
                        0.0,
                        0.0,
                        0.0,
                        0.0,
                        0.0
                    ],
                    [
                        -0.6114377603887264,
                        0.5691222069841799,
                        -0.9831718638983162,
                        0.0,
                        0.0,
                        0.0
                    ],
                    [
                        -0.0,
                        0.8717033393479049,
                        0.0,
                        0.0,
                        0.0,
                        0.0
                    ],
                    [
                        -0.5030826757785276,
                        0.7139686432729375,
                        -0.9599283837818672,
                        -0.0,
                        0.0,
                        0.0
                    ]
                ]
            },
            "est_params": {
                "mui": [
                    -0.04290646220101168,
                    -0.07018176592253896,
                    0.1999996657863817,
                    -0.16145469754042677,
                    -0.04758925109953627,
                    -0.1930250880325271
                ],
                "Si": [
                    [
                        1.0022826301630157,
                        0.7777715143110395,
                        -4.782147666911996e-07,
                        -0.20981075580464426,
                        0.7644309810444686,
                        0.13394967271221037
                    ],
                    [
                        0.7777715143110395,
                        1.6491252591326955,
                        -3.740982523604321e-07,
                        0.6014215468914096,
                        1.4100908722360848,
                        0.9817183877015894
                    ],
                    [
                        -4.782147666911996e-07,
                        -3.740982523604321e-07,
                        1.0015533911913046e-06,
                        1.7656585750339973e-07,
                        -1.4389470041189735e-08,
                        -1.3248133175437084e-07
                    ],
                    [
                        -0.20981075580464426,
                        0.6014215468914097,
                        1.765658575033997e-07,
                        1.7934853083808997,
                        0.508414116740127,
                        0.43785673284877064
                    ],
                    [
                        0.7644309810444686,
                        1.4100908722360848,
                        -1.4389470041189733e-08,
                        0.508414116740127,
                        2.1868676466497146,
                        0.7856092112315866
                    ],
                    [
                        0.1339496727122104,
                        0.9817183877015894,
                        -1.3248133175437082e-07,
                        0.4378567328487705,
                        0.7856092112315867,
                        1.6815211268370966
                    ]
                ]
            },
            "est_tgt": [
                0,
                2
            ],
            "oracle_est_tgt": [
                0,
                2,
                5
            ]
        },
        "3": {
            "intv_type": "do",
            "inode": 3,
            "new_mui": 0.2,
            "new_sigmai": 0.0,
            "true_params": {
                "Si": [
                    [
                        1.0,
                        0.7315448617211904,
                        0.9988620150027367,
                        0.0,
                        0.6376900988451629,
                        -0.9396185830448369
                    ],
                    [
                        0.7315448617211904,
                        1.5351578847106757,
                        1.2573727402712271,
                        0.0,
                        1.338202254528562,
                        -0.4789607367100325
                    ],
                    [
                        0.9988620150027367,
                        1.2573727402712271,
                        2.27509646573822,
                        0.0,
                        1.0960560164994546,
                        -1.7887151390852127
                    ],
                    [
                        0.0,
                        0.0,
                        0.0,
                        1e-09,
                        0.0,
                        0.0
                    ],
                    [
                        0.6376900988451629,
                        1.338202254528562,
                        1.0960560164994546,
                        0.0,
                        2.166515373995442,
                        -0.4175116736066679
                    ],
                    [
                        -0.9396185830448369,
                        -0.4789607367100325,
                        -1.7887151390852127,
                        0.0,
                        -0.4175116736066679,
                        2.847781316107783
                    ]
                ],
                "mui": [
                    0.0,
                    0.0,
                    0.0,
                    0.20000000298023224,
                    0.0,
                    0.0
                ],
                "Ai": [
                    [
                        0.0,
                        0.0,
                        0.0,
                        0.0,
                        0.0,
                        0.0
                    ],
                    [
                        0.7315448617211904,
                        0.0,
                        0.0,
                        0.0,
                        0.0,
                        0.0
                    ],
                    [
                        0.6135863306557352,
                        0.5266603656275006,
                        0.0,
                        0.0,
                        0.0,
                        0.0
                    ],
                    [
                        0.0,
                        0.0,
                        0.0,
                        0.0,
                        0.0,
                        0.0
                    ],
                    [
                        -0.0,
                        0.8717033393479049,
                        0.0,
                        0.0,
                        0.0,
                        0.0
                    ],
                    [
                        -0.5030826757785276,
                        0.7139686432729375,
                        -0.9599283837818672,
                        -0.0,
                        0.0,
                        0.0
                    ]
                ]
            },
            "est_params": {
                "mui": [
                    0.28620765112207663,
                    0.7927638957897583,
                    0.9951954014969913,
                    -0.20134225635829278,
                    0.7637268516344011,
                    -0.6542679758958518
                ],
                "Si": [
                    [
                        0.8902574137988432,
                        0.7033113900578606,
                        0.685996381446555,
                        -0.392228784697724,
                        0.2245300416754423,
                        -0.32682308368462526
                    ],
                    [
                        0.7033113900578606,
                        1.918871290312591,
                        0.9444292353795029,
                        -0.3668738470350515,
                        1.45294612682693,
                        0.6356819650225369
                    ],
                    [
                        0.685996381446555,
                        0.9444292353795029,
                        1.128894022810801,
                        -0.3870903516769386,
                        0.4309834667407226,
                        -0.43791681953522077
                    ],
                    [
                        -0.39222878469772404,
                        -0.3668738470350515,
                        -0.3870903516769386,
                        0.8111788603282124,
                        0.16090078904130994,
                        -0.014872579745859633
                    ],
                    [
                        0.2245300416754423,
                        1.45294612682693,
                        0.4309834667407226,
                        0.16090078904130994,
                        2.5023794527532575,
                        0.7746498549661943
                    ],
                    [
                        -0.32682308368462526,
                        0.6356819650225369,
                        -0.43791681953522077,
                        -0.014872579745859652,
                        0.7746498549661943,
                        1.5679266079789205
                    ]
                ]
            },
            "est_tgt": [
                1,
                2,
                3,
                5
            ],
            "oracle_est_tgt": [
                0,
                3
            ]
        },
        "4": {
            "intv_type": "do",
            "inode": 4,
            "new_mui": 0.2,
            "new_sigmai": 0.0,
            "true_params": {
                "Si": [
                    [
                        1.0,
                        0.7315448617211904,
                        0.9988620150027367,
                        -1.1771523632454945,
                        0.0,
                        -0.9396185830448369
                    ],
                    [
                        0.7315448617211904,
                        1.5351578847106757,
                        1.2573727402712271,
                        -0.8098152091263764,
                        0.0,
                        -0.4789607367100325
                    ],
                    [
                        0.9988620150027367,
                        1.2573727402712271,
                        2.27509646573822,
                        -2.1319540372140544,
                        0.0,
                        -1.7887151390852127
                    ],
                    [
                        -1.1771523632454945,
                        -0.8098152091263764,
                        -2.1319540372140544,
                        3.3549488100650455,
                        0.0,
                        2.060545487778926
                    ],
                    [
                        0.0,
                        0.0,
                        0.0,
                        0.0,
                        1e-09,
                        0.0
                    ],
                    [
                        -0.9396185830448369,
                        -0.4789607367100325,
                        -1.7887151390852127,
                        2.060545487778926,
                        0.0,
                        2.847781316107783
                    ]
                ],
                "mui": [
                    0.0,
                    0.0,
                    0.0,
                    0.0,
                    0.20000000298023224,
                    0.0
                ],
                "Ai": [
                    [
                        0.0,
                        0.0,
                        0.0,
                        0.0,
                        0.0,
                        0.0
                    ],
                    [
                        0.7315448617211904,
                        0.0,
                        0.0,
                        0.0,
                        0.0,
                        0.0
                    ],
                    [
                        0.6135863306557352,
                        0.5266603656275006,
                        0.0,
                        0.0,
                        0.0,
                        0.0
                    ],
                    [
                        -0.6114377603887264,
                        0.5691222069841799,
                        -0.9831718638983162,
                        0.0,
                        0.0,
                        0.0
                    ],
                    [
                        0.0,
                        0.0,
                        0.0,
                        0.0,
                        0.0,
                        0.0
                    ],
                    [
                        -0.5030826757785276,
                        0.7139686432729375,
                        -0.9599283837818672,
                        -0.0,
                        0.0,
                        0.0
                    ]
                ]
            },
            "est_params": {
                "mui": [
                    -0.5698446040210284,
                    -0.8464966672068929,
                    -1.7635913959110627,
                    1.7777608004022245,
                    -0.3426104863398646,
                    1.6792954656032597
                ],
                "Si": [
                    [
                        0.7811094973230126,
                        0.40904336717076994,
                        0.4574858183395753,
                        -0.4291870987327708,
                        -0.10707000501216875,
                        -0.47664008622342124
                    ],
                    [
                        0.40904336717076994,
                        1.0219329646211628,
                        0.5630871716629251,
                        0.08812153622258827,
                        0.2946748227791142,
                        0.12425720338973888
                    ],
                    [
                        0.4574858183395753,
                        0.5630871716629251,
                        1.0289642628681002,
                        -0.4840790303850335,
                        0.09327335057367594,
                        -0.672308866793289
                    ],
                    [
                        -0.4291870987327709,
                        0.08812153622258823,
                        -0.48407903038503364,
                        2.0399372873455874,
                        0.3713086425364858,
                        0.5252572820875747
                    ],
                    [
                        -0.10707000501216875,
                        0.2946748227791142,
                        0.09327335057367594,
                        0.3713086425364859,
                        1.2740703248020773,
                        0.19574832134831216
                    ],
                    [
                        -0.47664008622342124,
                        0.12425720338973886,
                        -0.672308866793289,
                        0.5252572820875747,
                        0.19574832134831222,
                        1.8063557364792289
                    ]
                ]
            },
            "est_tgt": [
                1,
                2,
                3
            ],
            "oracle_est_tgt": [
                4
            ]
        },
        "5": {
            "intv_type": "do",
            "inode": 5,
            "new_mui": 0.2,
            "new_sigmai": 0.0,
            "true_params": {
                "Si": [
                    [
                        1.0,
                        0.7315448617211904,
                        0.9988620150027367,
                        -1.1771523632454945,
                        0.6376900988451629,
                        0.0
                    ],
                    [
                        0.7315448617211904,
                        1.5351578847106757,
                        1.2573727402712271,
                        -0.8098152091263764,
                        1.338202254528562,
                        0.0
                    ],
                    [
                        0.9988620150027367,
                        1.2573727402712271,
                        2.27509646573822,
                        -2.1319540372140544,
                        1.0960560164994546,
                        0.0
                    ],
                    [
                        -1.1771523632454945,
                        -0.8098152091263764,
                        -2.1319540372140544,
                        3.3549488100650455,
                        -0.7059186220501842,
                        0.0
                    ],
                    [
                        0.6376900988451629,
                        1.338202254528562,
                        1.0960560164994546,
                        -0.7059186220501842,
                        2.166515373995442,
                        0.0
                    ],
                    [
                        0.0,
                        0.0,
                        0.0,
                        0.0,
                        0.0,
                        1e-09
                    ]
                ],
                "mui": [
                    0.0,
                    0.0,
                    0.0,
                    0.0,
                    0.0,
                    0.20000000298023224
                ],
                "Ai": [
                    [
                        0.0,
                        0.0,
                        0.0,
                        0.0,
                        0.0,
                        0.0
                    ],
                    [
                        0.7315448617211904,
                        0.0,
                        0.0,
                        0.0,
                        0.0,
                        0.0
                    ],
                    [
                        0.6135863306557352,
                        0.5266603656275006,
                        0.0,
                        0.0,
                        0.0,
                        0.0
                    ],
                    [
                        -0.6114377603887264,
                        0.5691222069841799,
                        -0.9831718638983162,
                        0.0,
                        0.0,
                        0.0
                    ],
                    [
                        -0.0,
                        0.8717033393479049,
                        0.0,
                        0.0,
                        0.0,
                        0.0
                    ],
                    [
                        0.0,
                        0.0,
                        0.0,
                        0.0,
                        0.0,
                        0.0
                    ]
                ]
            },
            "est_params": {
                "mui": [
                    0.5417989916362876,
                    -0.0028345019644651363,
                    0.5098683589553652,
                    -0.9718699141746082,
                    -0.025012942523760854,
                    -0.38158232956068394
                ],
                "Si": [
                    [
                        0.3915122244203072,
                        0.22949104382798846,
                        0.22040416653909178,
                        -0.22685941124113082,
                        0.387660851715073,
                        0.09699132383125583
                    ],
                    [
                        0.2294910438279885,
                        0.9547043856360415,
                        0.6766857211511457,
                        -0.5250509171289509,
                        0.9718985515443251,
                        -0.024296916972343163
                    ],
                    [
                        0.22040416653909184,
                        0.6766857211511457,
                        1.1872540410712618,
                        -0.901860824411201,
                        0.8132589156479862,
                        0.032519526084120114
                    ],
                    [
                        -0.22685941124113082,
                        -0.5250509171289509,
                        -0.901860824411201,
                        1.3137381890081516,
                        -0.7220214193634938,
                        -0.25341231918422064
                    ],
                    [
                        0.387660851715073,
                        0.9718985515443249,
                        0.8132589156479862,
                        -0.7220214193634938,
                        2.1111764199365926,
                        -0.08007710667056094
                    ],
                    [
                        0.09699132383125582,
                        -0.024296916972343173,
                        0.0325195260841201,
                        -0.25341231918422064,
                        -0.08007710667056095,
                        0.4108765355642916
                    ]
                ]
            },
            "est_tgt": [
                3,
                5
            ],
            "oracle_est_tgt": [
                2,
                5
            ]
        },
        "obs": {
            "intv_type": "obs",
            "true_params": {
                "Si": [
                    [
                        1.0,
                        0.7315448617211904,
                        0.9988620150027367,
                        -1.1771523632454945,
                        0.6376900988451629,
                        -0.9396185830448369
                    ],
                    [
                        0.7315448617211904,
                        1.5351578847106757,
                        1.2573727402712271,
                        -0.8098152091263764,
                        1.338202254528562,
                        -0.4789607367100325
                    ],
                    [
                        0.9988620150027367,
                        1.2573727402712271,
                        2.27509646573822,
                        -2.1319540372140544,
                        1.0960560164994546,
                        -1.7887151390852127
                    ],
                    [
                        -1.1771523632454945,
                        -0.8098152091263764,
                        -2.1319540372140544,
                        3.3549488100650455,
                        -0.7059186220501842,
                        2.060545487778926
                    ],
                    [
                        0.6376900988451629,
                        1.338202254528562,
                        1.0960560164994546,
                        -0.7059186220501842,
                        2.166515373995442,
                        -0.4175116736066679
                    ],
                    [
                        -0.9396185830448369,
                        -0.4789607367100325,
                        -1.7887151390852127,
                        2.060545487778926,
                        -0.4175116736066679,
                        2.847781316107783
                    ]
                ],
                "mui": [
                    0.0,
                    0.0,
                    0.0,
                    0.0,
                    0.0,
                    0.0
                ],
                "Ai": [
                    [
                        0.0,
                        0.0,
                        0.0,
                        0.0,
                        0.0,
                        0.0
                    ],
                    [
                        0.7315448617211904,
                        0.0,
                        0.0,
                        0.0,
                        0.0,
                        0.0
                    ],
