{
    "expt_args": {
        "save_dir": "all_expt_logs/expt_logs_11.05.24-mean_shift",
        "exp_name": "313",
        "num_nodes": 6,
        "obs_noise_mean": 0.0,
        "obs_noise_var": 1.0,
        "max_edge_strength": 1.0,
        "graph_sparsity_method": "adj_dense_prop",
        "adj_dense_prop": 0.8,
        "num_parents": null,
        "new_noise_mean": 2.0,
        "mix_samples": 2048,
        "stage2_samples": 2048,
        "gmm_tol": 0.001,
        "intv_type": "do",
        "new_noise_sigma": 0.0,
        "intv_targets": [
            0,
            1,
            2,
            3,
            4,
            5
        ]
    },
    "intv_args_dict": {
        "0": {
            "intv_type": "do",
            "inode": 0,
            "new_mui": 2.0,
            "new_sigmai": 0.0,
            "true_params": {
                "Si": [
                    [
                        1e-09,
                        5.234702984408193e-10,
                        -9.99667742210776e-10,
                        1.7798377320168075e-09,
                        6.132518784216931e-10,
                        2.717389330279625e-10
                    ],
                    [
                        5.234702984408193e-10,
                        1.0000000002740213,
                        -0.6028287901005654,
                        1.3030089833820178,
                        0.17879582118407428,
                        -0.33561951009901025
                    ],
                    [
                        -9.99667742210776e-10,
                        -0.6028287901005654,
                        1.363402550542531,
                        -1.4958736752719821,
                        0.012932559189778536,
                        0.6253158911501815
                    ],
                    [
                        1.7798377320168075e-09,
                        1.3030089833820178,
                        -1.4958736752719821,
                        3.202475488729695,
                        1.1316316863417661,
                        0.4665581430249638
                    ],
                    [
                        6.132518784216931e-10,
                        0.17879582118407428,
                        0.012932559189778536,
                        1.1316316863417661,
                        2.0156102310378192,
                        1.7957423563835353
                    ],
                    [
                        2.717389330279625e-10,
                        -0.33561951009901025,
                        0.6253158911501815,
                        0.4665581430249638,
                        1.7957423563835353,
                        3.125333665701489
                    ]
                ],
                "mui": [
                    2.0,
                    1.0469405968816385,
                    -1.999335484421552,
                    3.559675464033615,
                    1.226503756843386,
                    0.543477866055925
                ],
                "Ai": [
                    [
                        0.0,
                        0.0,
                        0.0,
                        0.0,
                        0.0,
                        0.0
                    ],
                    [
                        0.5234702984408193,
                        0.0,
                        0.0,
                        0.0,
                        0.0,
                        0.0
                    ],
                    [
                        -0.6841047758220451,
                        -0.602828789577269,
                        0.0,
                        0.0,
                        0.0,
                        0.0
                    ],
                    [
                        0.6117752756851949,
                        0.8747700527983295,
                        -0.710382345793897,
                        0.0,
                        0.0,
                        0.0
                    ],
                    [
                        -0.0,
                        -0.6095686675250519,
                        0.8200258120553287,
                        0.9844135177636337,
                        0.0,
                        0.0
                    ],
                    [
                        -0.0,
                        -0.7567826826335298,
                        0.7708756093100648,
                        0.5949130629687169,
                        0.6190979045690688,
                        0.0
                    ]
                ]
            },
            "est_params": {
                "mui": [
                    2.0000105392653067,
                    1.0926320435998234,
                    -1.9900344949927287,
                    3.633044673739123,
                    1.317663481052873,
                    0.5759008489159443
                ],
                "Si": [
                    [
                        1.032555430771035e-06,
                        -1.9935076689890714e-06,
                        7.453212944741589e-07,
                        -2.6116263617468666e-05,
                        -9.572250045548526e-06,
                        -2.0946438747263322e-05
                    ],
                    [
                        -1.993507668989071e-06,
                        1.1365304805473315,
                        -0.5963287968176599,
                        1.5075501869432486,
                        0.3842650531239698,
                        -0.2810836500874497
                    ],
                    [
                        7.453212944741588e-07,
                        -0.5963287968176599,
                        1.2997546613703335,
                        -1.6024336534113928,
                        -0.13564230269578484,
                        0.3961408487644
                    ],
                    [
                        -2.6116263617468666e-05,
                        1.5075501869432484,
                        -1.6024336534113928,
                        3.7060754397477353,
                        1.329096446956217,
                        0.7093150846859516
                    ],
                    [
                        -9.572250045548526e-06,
                        0.38426505312396986,
                        -0.13564230269578484,
                        1.329096446956217,
                        1.732479010986114,
                        1.566821580334575
                    ],
                    [
                        -2.0946438747263322e-05,
                        -0.2810836500874498,
                        0.3961408487644,
                        0.7093150846859515,
                        1.5668215803345749,
                        2.995293075139899
                    ]
                ]
            },
            "est_tgt": [
                0,
                1,
                2,
                3,
                5
            ],
            "oracle_est_tgt": [
                0,
                1,
                2,
                3,
                5
            ]
        },
        "1": {
            "intv_type": "do",
            "inode": 1,
            "new_mui": 2.0,
            "new_sigmai": 0.0,
            "true_params": {
                "Si": [
                    [
                        1.0,
                        0.0,
                        -0.6841047758220451,
                        1.0977512311024673,
                        0.5196575767145385,
                        0.4474257782165153
                    ],
                    [
                        0.0,
                        1e-09,
                        -6.028287895772691e-10,
                        1.3030089824503255e-09,
                        1.7879582086305514e-10,
                        -3.3561951024125753e-10
                    ],
                    [
                        -0.6841047758220451,
                        -6.028287895772691e-10,
                        1.4679993446659332,
                        -1.4613592064411158,
                        -0.23478440205513346,
                        0.11690867680308481
                    ],
                    [
                        1.0977512311024673,
                        1.3030089824503255e-09,
                        -1.4613592064411158,
                        2.7097008443004547,
                        1.4691138694642192,
                        1.3950355774980943
                    ],
                    [
                        0.5196575767145385,
                        1.7879582086305514e-10,
                        -0.23478440205513346,
                        1.4691138694642192,
                        2.253686282172442,
                        2.0882579176557368
                    ],
                    [
                        0.4474257782165153,
                        -3.3561951024125753e-10,
                        0.11690867680308481,
                        1.3950355774980943,
                        2.0882579176557368,
                        3.21288303709836
                    ]
                ],
                "mui": [
                    0.0,
                    2.0,
                    -1.205657579154538,
                    2.606017964900651,
                    0.35759164172611024,
                    -0.671239020482515
                ],
                "Ai": [
                    [
                        0.0,
                        0.0,
                        0.0,
                        0.0,
                        0.0,
                        0.0
                    ],
                    [
                        0.0,
                        0.0,
                        0.0,
                        0.0,
                        0.0,
                        0.0
                    ],
                    [
                        -0.6841047758220451,
                        -0.602828789577269,
                        0.0,
                        0.0,
                        0.0,
                        0.0
                    ],
                    [
                        0.6117752756851949,
                        0.8747700527983295,
                        -0.710382345793897,
                        0.0,
                        0.0,
                        0.0
                    ],
                    [
                        -0.0,
                        -0.6095686675250519,
                        0.8200258120553287,
                        0.9844135177636337,
                        0.0,
                        0.0
                    ],
                    [
                        -0.0,
                        -0.7567826826335298,
                        0.7708756093100648,
                        0.5949130629687169,
                        0.6190979045690688,
                        0.0
                    ]
                ]
            },
            "est_params": {
                "mui": [
                    -0.035188050493553294,
                    1.999997648325626,
                    -1.1530566462447989,
                    2.702893568722581,
                    0.4079807315145629,
                    -0.5175289013775916
                ],
                "Si": [
                    [
                        0.9773905453873284,
                        -7.931546399942998e-07,
                        -0.5898024701668054,
                        1.0509103101501402,
                        0.651034025577908,
                        0.5368372487359315
                    ],
                    [
                        -7.931546399942998e-07,
                        1.0021914830902685e-06,
                        -3.080717965804207e-07,
                        6.828303369277091e-07,
                        3.8500885886129144e-07,
                        7.28671238523066e-07
                    ],
                    [
                        -0.5898024701668053,
                        -3.080717965804207e-07,
                        1.4937616313914432,
                        -1.4199789790682105,
                        -0.30482684908646757,
                        0.23644258955293085
                    ],
                    [
                        1.0509103101501402,
                        6.828303369277089e-07,
                        -1.4199789790682105,
                        2.642991043999948,
                        1.563143919125233,
                        1.2553478813105714
                    ],
                    [
                        0.651034025577908,
                        3.8500885886129165e-07,
                        -0.3048268490864677,
                        1.563143919125233,
                        2.2755288944993772,
                        2.125037832233889
                    ],
                    [
                        0.5368372487359315,
                        7.28671238523066e-07,
                        0.23644258955293085,
                        1.2553478813105712,
                        2.125037832233889,
                        3.330498896603684
                    ]
                ]
            },
            "est_tgt": [
                0,
                1,
                2,
                4
            ],
            "oracle_est_tgt": [
                1,
                5
            ]
        },
        "2": {
            "intv_type": "do",
            "inode": 2,
            "new_mui": 2.0,
            "new_sigmai": 0.0,
            "true_params": {
                "Si": [
                    [
                        1.0,
                        0.5234702984408193,
                        0.0,
                        1.0696914162906277,
                        0.7339275977227089,
                        0.6945931780193241
                    ],
                    [
                        0.5234702984408193,
                        1.2740211533497203,
                        0.0,
                        1.434721737723567,
                        0.6357560959982913,
                        0.28297282418261627
                    ],
                    [
                        0.0,
                        0.0,
                        1e-09,
                        -7.103823457938971e-10,
                        1.2071582807517642e-10,
                        4.22994788304577e-10
                    ],
                    [
                        1.0696914162906277,
                        1.434721737723567,
                        -7.103823457938971e-10,
                        2.909462371863284,
                        1.9895526697709476,
                        1.8768324940677077
                    ],
                    [
                        0.7339275977227089,
                        0.6357560959982913,
                        1.2071582807517642e-10,
                        1.9895526697709476,
                        2.5710055462156305,
                        2.2941858152714234
                    ],
                    [
                        0.6945931780193241,
                        0.28297282418261627,
                        4.22994788304577e-10,
                        1.8768324940677077,
                        2.2941858152714234,
                        3.3227288659804253
                    ]
                ],
                "mui": [
                    0.0,
                    0.0,
                    2.0,
                    -1.420764691587794,
                    0.2414316561503528,
                    0.845989576609154
                ],
                "Ai": [
                    [
                        0.0,
                        0.0,
                        0.0,
                        0.0,
                        0.0,
                        0.0
                    ],
                    [
                        0.5234702984408193,
                        0.0,
                        0.0,
                        0.0,
                        0.0,
                        0.0
                    ],
                    [
                        0.0,
                        0.0,
                        0.0,
                        0.0,
                        0.0,
                        0.0
                    ],
                    [
                        0.6117752756851949,
                        0.8747700527983295,
                        -0.710382345793897,
                        0.0,
                        0.0,
                        0.0
                    ],
                    [
                        -0.0,
                        -0.6095686675250519,
                        0.8200258120553287,
                        0.9844135177636337,
                        0.0,
                        0.0
                    ],
                    [
                        -0.0,
                        -0.7567826826335298,
                        0.7708756093100648,
                        0.5949130629687169,
                        0.6190979045690688,
                        0.0
                    ]
                ]
            },
            "est_params": {
                "mui": [
                    0.048777224665387336,
                    0.009774397687062586,
                    2.000004804663416,
                    -1.4256096238339409,
                    0.2334462589346974,
                    0.8034848242179733
                ],
                "Si": [
                    [
                        1.0407628041314991,
                        0.5489297859774532,
                        -2.1544354789916353e-06,
                        1.0521969039039871,
                        0.7003603906967207,
                        0.5621439013804381
                    ],
                    [
                        0.5489297859774533,
                        1.3336360421135633,
                        -6.590375189644705e-06,
                        1.594511871599507,
                        0.7093161082112253,
                        0.29376589478971654
                    ],
                    [
                        -2.1544354789916357e-06,
                        -6.590375189644706e-06,
                        1.0067520314089782e-06,
                        -1.1527702637503376e-05,
                        -8.268759643310135e-06,
                        -7.282278396470515e-06
                    ],
                    [
                        1.0521969039039871,
                        1.594511871599507,
                        -1.1527702637503376e-05,
                        3.3048034599830944,
                        2.14253795066273,
                        2.027651608524329
                    ],
                    [
                        0.7003603906967206,
                        0.7093161082112253,
                        -8.268759643310135e-06,
                        2.1425379506627293,
                        2.6329203677446356,
                        2.3527023469095596
                    ],
                    [
                        0.5621439013804381,
                        0.29376589478971654,
                        -7.282278396470515e-06,
                        2.027651608524329,
                        2.3527023469095596,
                        3.4009470699752162
                    ]
                ]
            },
            "est_tgt": [
                0,
                2,
                5
            ],
            "oracle_est_tgt": [
                0,
                2,
                5
            ]
        },
        "3": {
            "intv_type": "do",
            "inode": 3,
            "new_mui": 2.0,
            "new_sigmai": 0.0,
            "true_params": {
                "Si": [
                    [
                        1.0,
                        0.5234702984408193,
                        -0.999667742210776,
                        0.0,
                        -1.13884444440142,
                        -1.8718289457764108
                    ],
                    [
                        0.5234702984408193,
                        1.2740211533497203,
                        -1.126125160934004,
                        0.0,
                        -1.700055076416963,
                        -2.88476010122001
                    ],
                    [
                        -0.999667742210776,
                        -1.126125160934004,
                        2.362738144359986,
                        0.0,
                        2.623956879319873,
                        4.298095432612913
                    ],
                    [
                        0.0,
                        0.0,
                        0.0,
                        1e-09,
                        9.844135177636338e-10,
                        1.2043614090456485e-09
                    ],
                    [
                        -1.13884444440142,
                        -1.700055076416963,
                        2.623956879319873,
                        9.844135177636338e-10,
                        4.1880126793822035,
                        5.902106474204476
                    ],
                    [
                        -1.8718289457764108,
                        -2.88476010122001,
                        4.298095432612913,
                        1.2043614090456485e-09,
                        5.902106474204476,
                        10.150415175083753
                    ]
                ],
                "mui": [
                    0.0,
                    0.0,
                    0.0,
                    2.0,
                    1.9688270355272675,
                    2.408722818091297
                ],
                "Ai": [
                    [
                        0.0,
                        0.0,
                        0.0,
                        0.0,
                        0.0,
                        0.0
                    ],
                    [
                        0.5234702984408193,
                        0.0,
                        0.0,
                        0.0,
                        0.0,
                        0.0
                    ],
                    [
                        -0.6841047758220451,
                        -0.602828789577269,
                        0.0,
                        0.0,
                        0.0,
                        0.0
                    ],
                    [
                        0.0,
                        0.0,
                        0.0,
                        0.0,
                        0.0,
                        0.0
                    ],
                    [
                        -0.0,
                        -0.6095686675250519,
                        0.8200258120553287,
                        0.9844135177636337,
                        0.0,
                        0.0
                    ],
                    [
                        -0.0,
                        -0.7567826826335298,
                        0.7708756093100648,
                        0.5949130629687169,
                        0.6190979045690688,
                        0.0
                    ]
                ]
            },
            "est_params": {
                "mui": [
                    0.003296255354892865,
                    -0.06404800195205414,
                    0.06611856671562752,
                    2.000000023256625,
                    2.0025002880934797,
                    2.5398552163345216
                ],
                "Si": [
                    [
                        1.0579906388918028,
                        0.5317884629010348,
                        -1.0164079863759896,
                        1.1521748936279132e-08,
                        -1.139663036635184,
                        -1.8499812177862656
                    ],
                    [
                        0.5317884629010349,
                        1.357362087990702,
                        -1.1114515841072448,
                        -1.796599871140017e-08,
                        -1.8525777205312186,
                        -3.0492812131418834
                    ],
                    [
                        -1.0164079863759896,
                        -1.1114515841072448,
                        2.2296155259711994,
                        1.0241201200832362e-08,
                        2.6218954988080996,
                        4.177245533100805
                    ],
                    [
                        1.1521748936279132e-08,
                        -1.796599871140017e-08,
                        1.0241201200832359e-08,
                        1.0001035849378222e-06,
                        -1.2438546786235899e-08,
                        -1.2634202859646954e-08
                    ],
                    [
                        -1.1396630366351843,
                        -1.8525777205312186,
                        2.6218954988080996,
                        -1.24385467862359e-08,
                        4.434071662211662,
                        6.270986305349677
                    ],
                    [
                        -1.849981217786266,
                        -3.0492812131418834,
                        4.177245533100805,
                        -1.2634202859646956e-08,
                        6.270986305349677,
                        10.468673259777264
                    ]
                ]
            },
            "est_tgt": [
                0,
                3,
                5
            ],
            "oracle_est_tgt": [
                0,
                3,
                5
            ]
        },
        "4": {
            "intv_type": "do",
            "inode": 4,
            "new_mui": 2.0,
            "new_sigmai": 0.0,
            "true_params": {
                "Si": [
                    [
                        1.0,
                        0.5234702984408193,
                        -0.999667742210776,
                        1.7798377320168075,
                        0.0,
                        -0.10792401987595301
                    ],
                    [
                        0.5234702984408193,
                        1.2740211533497203,
                        -1.126125160934004,
                        2.2347011712053946,
                        0.0,
                        -0.5028066471766796
                    ],
                    [
                        -0.999667742210776,
                        -1.126125160934004,
                        2.362738144359986,
                        -3.275120040559526,
                        0.0,
                        0.7251975320268909
                    ],
                    [
                        1.7798377320168075,
                        2.2347011712053946,
                        -3.275120040559526,
                        6.370297837872606,
                        0.0,
                        -0.4261199053072511
                    ],
                    [
                        0.0,
                        0.0,
                        0.0,
                        0.0,
                        1e-09,
                        6.190979045690688e-10
                    ],
                    [
                        -0.10792401987595301,
                        -0.5028066471766796,
                        0.7251975320268909,
                        -0.4261199053072511,
                        6.190979045690688e-10,
                        1.6860481549927286
                    ]
                ],
                "mui": [
                    0.0,
                    0.0,
                    0.0,
                    0.0,
                    2.0,
                    1.2381958091381375
                ],
                "Ai": [
                    [
                        0.0,
                        0.0,
                        0.0,
                        0.0,
                        0.0,
                        0.0
                    ],
                    [
                        0.5234702984408193,
                        0.0,
                        0.0,
                        0.0,
                        0.0,
                        0.0
                    ],
                    [
                        -0.6841047758220451,
                        -0.602828789577269,
                        0.0,
                        0.0,
                        0.0,
                        0.0
                    ],
                    [
                        0.6117752756851949,
                        0.8747700527983295,
                        -0.710382345793897,
                        0.0,
                        0.0,
                        0.0
                    ],
                    [
                        0.0,
                        0.0,
                        0.0,
                        0.0,
                        0.0,
                        0.0
                    ],
                    [
                        -0.0,
                        -0.7567826826335298,
                        0.7708756093100648,
                        0.5949130629687169,
                        0.6190979045690688,
                        0.0
                    ]
                ]
            },
            "est_params": {
                "mui": [
                    0.1166906963738993,
                    -0.010412251231877596,
                    -0.07217835560902153,
                    0.22405790752122595,
                    1.999999834355839,
                    1.3685295171897232
                ],
                "Si": [
                    [
                        1.0163897229162615,
                        0.4843605985616451,
                        -0.9020239383663508,
                        1.6693986965782166,
                        4.0511447694322623e-07,
                        0.011301550474113997
                    ],
                    [
                        0.4843605985616451,
                        1.2789126159546402,
                        -1.013381452641884,
                        2.1206768388020616,
                        1.986226962765725e-08,
                        -0.4577118955154829
                    ],
                    [
                        -0.9020239383663508,
                        -1.013381452641884,
                        2.2929150252059887,
                        -3.030022580801769,
                        -8.310874198511221e-07,
                        0.7349240027970744
                    ],
                    [
                        1.6693986965782166,
                        2.1206768388020616,
                        -3.030022580801769,
                        5.9784986067420895,
                        1.7319561372223634e-06,
                        -0.45210905972711235
                    ],
                    [
                        4.0511447694322634e-07,
                        1.9862269627657253e-08,
                        -8.310874198511221e-07,
                        1.7319561372223636e-06,
                        1.0016113417432007e-06,
                        -1.0677576561536512e-07
                    ],
                    [
                        0.011301550474113988,
                        -0.457711895515483,
                        0.7349240027970744,
                        -0.45210905972711235,
                        -1.0677576561536505e-07,
                        1.5975530858019191
                    ]
                ]
            },
            "est_tgt": [
                3,
                4,
                5
            ],
            "oracle_est_tgt": [
                3,
                4,
                5
            ]
        },
        "5": {
            "intv_type": "do",
            "inode": 5,
            "new_mui": 2.0,
            "new_sigmai": 0.0,
            "true_params": {
                "Si": [
                    [
                        1.0,
                        0.5234702984408193,
                        -0.999667742210776,
                        1.7798377320168075,
                        0.613251878421693,
                        0.0
                    ],
                    [
                        0.5234702984408193,
                        1.2740211533497203,
                        -1.126125160934004,
                        2.2347011712053946,
                        0.4998149646798518,
                        0.0
                    ],
                    [
                        -0.999667742210776,
                        -1.126125160934004,
                        2.362738144359986,
                        -3.275120040559526,
                        -0.6001155609055046,
                        0.0
                    ],
                    [
                        1.7798377320168075,
                        2.2347011712053946,
                        -3.275120040559526,
                        6.370297837872606,
                        2.2231205176953903,
                        0.0
                    ],
                    [
                        0.613251878421693,
                        0.4998149646798518,
                        -0.6001155609055046,
                        2.2231205176953903,
                        2.3916880970494763,
                        0.0
                    ],
                    [
                        0.0,
                        0.0,
                        0.0,
                        0.0,
                        0.0,
                        1e-09
                    ]
                ],
                "mui": [
                    0.0,
                    0.0,
                    0.0,
                    0.0,
                    0.0,
                    2.0
                ],
                "Ai": [
                    [
                        0.0,
                        0.0,
                        0.0,
                        0.0,
                        0.0,
                        0.0
                    ],
                    [
                        0.5234702984408193,
                        0.0,
                        0.0,
                        0.0,
                        0.0,
                        0.0
                    ],
                    [
                        -0.6841047758220451,
                        -0.602828789577269,
                        0.0,
                        0.0,
                        0.0,
                        0.0
                    ],
                    [
                        0.6117752756851949,
                        0.8747700527983295,
                        -0.710382345793897,
                        0.0,
                        0.0,
                        0.0
                    ],
                    [
                        -0.0,
                        -0.6095686675250519,
                        0.8200258120553287,
                        0.9844135177636337,
                        0.0,
                        0.0
                    ],
                    [
                        0.0,
                        0.0,
                        0.0,
                        0.0,
                        0.0,
                        0.0
                    ]
                ]
            },
            "est_params": {
                "mui": [
                    -0.07649641592217196,
                    -0.039387781509219844,
                    0.043239800525051504,
                    -0.12890693825582814,
                    -0.07323042247813553,
                    2.000000000006816
                ],
                "Si": [
                    [
                        0.8862882825199344,
                        0.4493683386171213,
                        -0.9046187297754004,
                        1.6233184436752963,
                        0.6712208464070704,
                        -3.365115875833685e-11
                    ],
                    [
                        0.4493683386171213,
                        1.205666933433102,
                        -1.0530284567685606,
                        2.1163857971399147,
                        0.5299060317982037,
                        6.170197903616473e-11
                    ],
                    [
                        -0.9046187297754004,
                        -1.0530284567685606,
                        2.2457217158241973,
                        -3.0879319738366444,
                        -0.715297883435557,
                        -9.639004040399057e-13
                    ],
                    [
                        1.6233184436752963,
                        2.116385797139915,
                        -3.0879319738366444,
                        6.102100482575431,
                        2.4051547939517643,
                        1.0924897282075352e-10
                    ],
                    [
                        0.6712208464070704,
                        0.5299060317982038,
                        -0.715297883435557,
                        2.4051547939517643,
                        2.586316327730174,
                        7.722442203432664e-11
                    ],
                    [
                        -3.365115875833686e-11,
                        6.170197903616473e-11,
                        -9.639004040399063e-13,
                        1.0924897282075359e-10,
                        7.722442203432664e-11,
                        1.0000000218331206e-06
                    ]
                ]
            },
            "est_tgt": [
                3,
                4,
                5
            ],
            "oracle_est_tgt": [
                3,
                4,
                5
            ]
        },
        "obs": {
            "intv_type": "obs",
            "true_params": {
                "Si": [
                    [
                        1.0,
                        0.5234702984408193,
                        -0.999667742210776,
                        1.7798377320168075,
                        0.613251878421693,
                        0.2717389330279625
                    ],
                    [
                        0.5234702984408193,
                        1.2740211533497203,
                        -1.126125160934004,
                        2.2347011712053946,
                        0.4998149646798518,
                        -0.1933722498711202
                    ],
                    [
                        -0.999667742210776,
                        -1.126125160934004,
                        2.362738144359986,
                        -3.275120040559526,
                        -0.6001155609055046,
                        0.3536672457710016
                    ],
                    [
                        1.7798377320168075,
                        2.2347011712053946,
                        -3.275120040559526,
                        6.370297837872606,
                        2.2231205176953903,
                        0.9502093488024685
                    ],
                    [
                        0.613251878421693,
                        0.4998149646798518,
                        -0.6001155609055046,
                        2.2231205176953903,
                        2.3916880970494763,
                        1.9623867673365956
                    ],
                    [
                        0.2717389330279625,
                        -0.1933722498711202,
                        0.3536672457710016,
                        0.9502093488024685,
                        1.9623867673365956,
                        3.1991757133508223
                    ]
                ],
                "mui": [
                    0.0,
                    0.0,
