{
    "expt_args": {
        "save_dir": "all_expt_logs/expt_logs_11.05.24-mean_shift",
        "exp_name": "192",
        "num_nodes": 6,
        "obs_noise_mean": 0.0,
        "obs_noise_var": 1.0,
        "max_edge_strength": 1.0,
        "graph_sparsity_method": "adj_dense_prop",
        "adj_dense_prop": 0.8,
        "num_parents": null,
        "new_noise_mean": 1.0,
        "mix_samples": 1024,
        "stage2_samples": 1024,
        "gmm_tol": 0.001,
        "intv_type": "do",
        "new_noise_sigma": 0.0,
        "intv_targets": [
            0,
            1,
            2,
            3,
            4,
            5
        ]
    },
    "intv_args_dict": {
        "0": {
            "intv_type": "do",
            "inode": 0,
            "new_mui": 1.0,
            "new_sigmai": 0.0,
            "true_params": {
                "Si": [
                    [
                        1e-09,
                        5.438421693979653e-10,
                        5.120103829844027e-10,
                        -4.215868433167415e-10,
                        8.907163300420268e-10,
                        -3.648180768158294e-10
                    ],
                    [
                        5.438421693979653e-10,
                        1.0000000002957643,
                        0.9414687053463212,
                        0.7669081741282343,
                        -0.8810513554868624,
                        1.5099382493922242
                    ],
                    [
                        5.120103829844027e-10,
                        0.9414687053463212,
                        1.8863633228843235,
                        1.5366070522966844,
                        -2.3162689782186554,
                        2.458529565570716
                    ],
                    [
                        -4.215868433167415e-10,
                        0.7669081741282343,
                        1.5366070522966844,
                        2.2517001395491425,
                        -2.7607144773269603,
                        3.5413896109096394
                    ],
                    [
                        8.907163300420268e-10,
                        -0.8810513554868624,
                        -2.3162689782186554,
                        -2.7607144773269603,
                        4.750508126515616,
                        -4.979374173427297
                    ],
                    [
                        -3.648180768158294e-10,
                        1.5099382493922242,
                        2.458529565570716,
                        3.5413896109096394,
                        -4.979374173427297,
                        7.304382094019627
                    ]
                ],
                "mui": [
                    1.0,
                    0.5438421693979653,
                    0.5120103829844027,
                    -0.42158684331674146,
                    0.8907163300420267,
                    -0.3648180768158294
                ],
                "Ai": [
                    [
                        0.0,
                        0.0,
                        0.0,
                        0.0,
                        0.0,
                        0.0
                    ],
                    [
                        0.5438421693979653,
                        0.0,
                        0.0,
                        0.0,
                        0.0,
                        0.0
                    ],
                    [
                        -0.0,
                        0.9414687050678684,
                        0.0,
                        0.0,
                        0.0,
                        0.0
                    ],
                    [
                        -0.8386638485883633,
                        -0.0,
                        0.8145870066942122,
                        0.0,
                        0.0,
                        0.0
                    ],
                    [
                        0.6369509245458524,
                        0.5187117926910194,
                        -0.7749094509443462,
                        -0.8739118629141529,
                        0.0,
                        0.0
                    ],
                    [
                        0.590205433005671,
                        0.9292314200280722,
                        -0.8073812536122092,
                        0.872261014484198,
                        -0.7625967614281908,
                        0.0
                    ]
                ]
            },
            "est_params": {
                "mui": [
                    1.000000938192477,
                    0.46259926383295796,
                    0.35483146713043406,
                    -0.6513071834596205,
                    1.1866043706134801,
                    -0.872503097494176
                ],
                "Si": [
                    [
                        1.0006036056220316e-06,
                        1.804964114838849e-06,
                        3.0198045913426436e-06,
                        2.4573452449129037e-06,
                        -2.837151557904156e-06,
                        1.6867235492522107e-06
                    ],
                    [
                        1.8049641148388495e-06,
                        1.1030458866078683,
                        1.1019536877306004,
                        0.9327456224654906,
                        -1.1148979409717212,
                        1.6739603005435377
                    ],
                    [
                        3.0198045913426436e-06,
                        1.1019536877306004,
                        2.1821727612813135,
                        1.7422114772038808,
                        -2.6752215652438336,
                        2.7783343431565743
                    ],
                    [
                        2.4573452449129037e-06,
                        0.9327456224654906,
                        1.7422114772038806,
                        2.3343568549822966,
                        -2.8796383081859465,
                        3.5839723032895834
                    ],
                    [
                        -2.837151557904156e-06,
                        -1.1148979409717212,
                        -2.6752215652438336,
                        -2.8796383081859465,
                        5.002168641062487,
                        -5.252136461352526
                    ],
                    [
                        1.6867235492522107e-06,
                        1.6739603005435382,
                        2.7783343431565743,
                        3.5839723032895834,
                        -5.252136461352526,
                        7.463486801904364
                    ]
                ]
            },
            "est_tgt": [
                0,
                5
            ],
            "oracle_est_tgt": [
                0
            ]
        },
        "1": {
            "intv_type": "do",
            "inode": 1,
            "new_mui": 1.0,
            "new_sigmai": 0.0,
            "true_params": {
                "Si": [
                    [
                        1.0,
                        0.0,
                        0.0,
                        -0.8386638485883633,
                        1.3698692108244621,
                        -1.1859861701301628
                    ],
                    [
                        0.0,
                        1e-09,
                        9.414687050678685e-10,
                        7.669081743575111e-10,
                        -8.810513559712716e-10,
                        1.5099382495906278e-09
                    ],
                    [
                        0.0,
                        9.414687050678685e-10,
                        1.0000000008863634,
                        0.8145870074162322,
                        -1.486786700299631,
                        1.0369699586045342
                    ],
                    [
                        -0.8386638485883633,
                        7.669081743575111e-10,
                        0.8145870074162322,
                        2.36690904299223,
                        -3.2338887751167418,
                        3.378049351341632
                    ],
                    [
                        1.3698692108244621,
                        -8.810513559712716e-10,
                        -1.486786700299631,
                        -3.2338887751167418,
                        5.850798289404509,
                        -5.273686971122903
                    ],
                    [
                        -1.1859861701301628,
                        1.5099382495906278e-09,
                        1.0369699586045342,
                        3.378049351341632,
                        -5.273686971122903,
                        6.431031774329651
                    ]
                ],
                "mui": [
                    0.0,
                    1.0,
                    0.9414687050678684,
                    0.766908174357511,
                    -0.8810513559712715,
                    1.5099382495906277
                ],
                "Ai": [
                    [
                        0.0,
                        0.0,
                        0.0,
                        0.0,
                        0.0,
                        0.0
                    ],
                    [
                        0.0,
                        0.0,
                        0.0,
                        0.0,
                        0.0,
                        0.0
                    ],
                    [
                        -0.0,
                        0.9414687050678684,
                        0.0,
                        0.0,
                        0.0,
                        0.0
                    ],
                    [
                        -0.8386638485883633,
                        -0.0,
                        0.8145870066942122,
                        0.0,
                        0.0,
                        0.0
                    ],
                    [
                        0.6369509245458524,
                        0.5187117926910194,
                        -0.7749094509443462,
                        -0.8739118629141529,
                        0.0,
                        0.0
                    ],
                    [
                        0.590205433005671,
                        0.9292314200280722,
                        -0.8073812536122092,
                        0.872261014484198,
                        -0.7625967614281908,
                        0.0
                    ]
                ]
            },
            "est_params": {
                "mui": [
                    -0.06442303905467998,
                    1.0000000000927214,
                    0.9124159579909897,
                    0.9261444113741693,
                    -0.9748422670610575,
                    1.772062524401963
                ],
                "Si": [
                    [
                        0.9626393885239775,
                        -5.1558507547430025e-12,
                        -0.08549971112537769,
                        -0.7722584553612187,
                        1.3889912228726429,
                        -1.05674250639617
                    ],
                    [
                        -5.155850754743001e-12,
                        1.0000000003623602e-06,
                        1.3484751054381322e-10,
                        4.482463377617307e-11,
                        -1.9915101532217452e-10,
                        1.5016345827764461e-10
                    ],
                    [
                        -0.08549971112537769,
                        1.3484751054381322e-10,
                        1.0770343135158424,
                        1.0156154609144188,
                        -1.991553861670942,
                        1.3341616450791742
                    ],
                    [
                        -0.7722584553612186,
                        4.4824633776173094e-11,
                        1.0156154609144188,
                        2.3893886882062936,
                        -3.619114512192681,
                        3.3170444208258183
                    ],
                    [
                        1.3889912228726427,
                        -1.9915101532217455e-10,
                        -1.991553861670942,
                        -3.619114512192681,
                        6.8954381918723415,
                        -5.71369528765739
                    ],
                    [
                        -1.05674250639617,
                        1.5016345827764464e-10,
                        1.3341616450791742,
                        3.3170444208258183,
                        -5.71369528765739,
                        6.231784905462949
                    ]
                ]
            },
            "est_tgt": [
                1,
                2,
                5
            ],
            "oracle_est_tgt": [
                1,
                2
            ]
        },
        "2": {
            "intv_type": "do",
            "inode": 2,
            "new_mui": 1.0,
            "new_sigmai": 0.0,
            "true_params": {
                "Si": [
                    [
                        1.0,
                        0.5438421693979653,
                        0.0,
                        -0.8386638485883633,
                        1.6519665574538536,
                        -0.8957574617364039
                    ],
                    [
                        0.5438421693979653,
                        1.295764305215485,
                        0.0,
                        -0.45610076681194217,
                        1.4171208690696115,
                        0.04651280556214904
                    ],
                    [
                        0.0,
                        0.0,
                        1e-09,
                        8.145870066942123e-10,
                        -1.4867866994701488e-09,
                        1.0369699571829748e-09
                    ],
                    [
                        -0.8386638485883633,
                        -0.45610076681194217,
                        8.145870066942123e-10,
                        1.703357051592597,
                        -2.2593564949387885,
                        2.2899427720225063
                    ],
                    [
                        1.6519665574538536,
                        1.4171208690696115,
                        -1.4867866994701488e-09,
                        -2.2593564949387885,
                        4.761777377175287,
                        -3.3102317187623536
                    ],
                    [
                        -0.8957574617364039,
                        0.04651280556214904,
                        1.0369699571829748e-09,
                        2.2899427720225063,
                        -3.3102317187623536,
                        5.036340032692732
                    ]
                ],
                "mui": [
                    0.0,
                    0.0,
                    1.0,
                    0.8145870066942122,
                    -1.4867866994701486,
                    1.0369699571829747
                ],
                "Ai": [
                    [
                        0.0,
                        0.0,
                        0.0,
                        0.0,
                        0.0,
                        0.0
                    ],
                    [
                        0.5438421693979653,
                        0.0,
                        0.0,
                        0.0,
                        0.0,
                        0.0
                    ],
                    [
                        0.0,
                        0.0,
                        0.0,
                        0.0,
                        0.0,
                        0.0
                    ],
                    [
                        -0.8386638485883633,
                        -0.0,
                        0.8145870066942122,
                        0.0,
                        0.0,
                        0.0
                    ],
                    [
                        0.6369509245458524,
                        0.5187117926910194,
                        -0.7749094509443462,
                        -0.8739118629141529,
                        0.0,
                        0.0
                    ],
                    [
                        0.590205433005671,
                        0.9292314200280722,
                        -0.8073812536122092,
                        0.872261014484198,
                        -0.7625967614281908,
                        0.0
                    ]
                ]
            },
            "est_params": {
                "mui": [
                    -0.033494186841830566,
                    0.05949109263421514,
                    0.9999968623684184,
                    1.0229732067922308,
                    -1.6417559453384025,
                    1.3809802538157248
                ],
                "Si": [
                    [
                        1.1041768325406782,
                        0.45693503941395686,
                        5.800276229021284e-06,
                        -0.8370329781908544,
                        1.6658087915065687,
                        -0.8859916108371904
                    ],
                    [
                        0.4569350394139568,
                        1.1885946663745193,
                        1.7133229041911453e-06,
                        -0.24300543067042715,
                        1.1910417851910218,
                        0.4161638306417422
                    ],
                    [
                        5.800276229021284e-06,
                        1.7133229041911453e-06,
                        1.0041613139386286e-06,
                        1.453718309635273e-07,
                        2.9416723476769473e-06,
                        -2.3285423905722915e-06
                    ],
                    [
                        -0.8370329781908544,
                        -0.24300543067042715,
                        1.4537183096352727e-07,
                        1.5072882807455439,
                        -1.83499112101714,
                        2.007390434768459
                    ],
                    [
                        1.6658087915065687,
                        1.1910417851910218,
                        2.9416723476769473e-06,
                        -1.83499112101714,
                        4.306964098844211,
                        -2.710282387235933
                    ],
                    [
                        -0.8859916108371904,
                        0.4161638306417422,
                        -2.3285423905722915e-06,
                        2.007390434768459,
                        -2.710282387235933,
                        5.1026940807642385
                    ]
                ]
            },
            "est_tgt": [
                1,
                2,
                4,
                5
            ],
            "oracle_est_tgt": [
                1,
                2
            ]
        },
        "3": {
            "intv_type": "do",
            "inode": 3,
            "new_mui": 1.0,
            "new_sigmai": 0.0,
            "true_params": {
                "Si": [
                    [
                        1.0,
                        0.5438421693979653,
                        0.5120103829844027,
                        0.0,
                        0.5222865864189961,
                        0.28387902012956395
                    ],
                    [
                        0.5438421693979653,
                        1.295764305215485,
                        1.219921542504389,
                        0.0,
                        0.07320026557115764,
                        0.48427943867736134
                    ],
                    [
                        0.5120103829844027,
                        1.219921542504389,
                        2.1485179549060036,
                        0.0,
                        -0.7059936917064443,
                        0.23949612010061616
                    ],
                    [
                        0.0,
                        0.0,
                        0.0,
                        1e-09,
                        -8.73911862914153e-10,
                        1.538703370916208e-09
                    ],
                    [
                        0.5222865864189961,
                        0.07320026557115764,
                        -0.7059936917064443,
                        -8.73911862914153e-10,
                        1.9177219498514853,
                        -0.5161661095729204
                    ],
                    [
                        0.28387902012956395,
                        0.48427943867736134,
                        0.23949612010061616,
                        1.538703370916208e-09,
                        -0.5161661095729204,
                        1.81781653766871
                    ]
                ],
                "mui": [
                    0.0,
                    0.0,
                    0.0,
                    1.0,
                    -0.8739118629141529,
                    1.538703370916208
                ],
                "Ai": [
                    [
                        0.0,
                        0.0,
                        0.0,
                        0.0,
                        0.0,
                        0.0
                    ],
                    [
                        0.5438421693979653,
                        0.0,
                        0.0,
                        0.0,
                        0.0,
                        0.0
                    ],
                    [
                        -0.0,
                        0.9414687050678684,
                        0.0,
                        0.0,
                        0.0,
                        0.0
                    ],
                    [
                        0.0,
                        0.0,
                        0.0,
                        0.0,
                        0.0,
                        0.0
                    ],
                    [
                        0.6369509245458524,
                        0.5187117926910194,
                        -0.7749094509443462,
                        -0.8739118629141529,
                        0.0,
                        0.0
                    ],
                    [
                        0.590205433005671,
                        0.9292314200280722,
                        -0.8073812536122092,
                        0.872261014484198,
                        -0.7625967614281908,
                        0.0
                    ]
                ]
            },
            "est_params": {
                "mui": [
                    0.18880582020214073,
                    0.04021378392444807,
                    0.04207380001134604,
                    1.0000162205071923,
                    -0.9130974168675261,
                    1.6976768227837464
                ],
                "Si": [
                    [
                        1.3389079095098988,
                        0.8814714665226543,
                        0.7877358962396314,
                        1.0561452904968387e-05,
                        0.705025566085488,
                        0.3715218620677669
                    ],
                    [
                        0.8814714665226543,
                        1.5191412202934425,
                        1.394804454836945,
                        1.1218205730290497e-05,
                        0.3589141282014235,
                        0.471292575393297
                    ],
                    [
                        0.7877358962396315,
                        1.3948044548369452,
                        2.1904725299202523,
                        1.0079042533440663e-05,
                        -0.43522980999909633,
                        0.1861523354911585
                    ],
                    [
                        1.0561452904968387e-05,
                        1.1218205730290497e-05,
                        1.0079042533440663e-05,
                        1.0421945253490552e-06,
                        3.026799326623924e-05,
                        -1.4932727140989417e-05
                    ],
                    [
                        0.7050255660854879,
                        0.35891412820142343,
                        -0.43522980999909644,
                        3.026799326623924e-05,
                        1.9870986667169428,
                        -0.32083640936576413
                    ],
                    [
                        0.3715218620677668,
                        0.471292575393297,
                        0.18615233549115845,
                        -1.4932727140989417e-05,
                        -0.3208364093657642,
                        1.7349114870629987
                    ]
                ]
            },
            "est_tgt": [
                2,
                3,
                5
            ],
            "oracle_est_tgt": [
                3,
                4,
                5
            ]
        },
        "4": {
            "intv_type": "do",
            "inode": 4,
            "new_mui": 1.0,
            "new_sigmai": 0.0,
            "true_params": {
                "Si": [
                    [
                        1.0,
                        0.5438421693979653,
                        0.5120103829844027,
                        -0.42158684331674146,
                        0.0,
                        0.3144393118254237
                    ],
                    [
                        0.5438421693979653,
                        1.295764305215485,
                        1.219921542504389,
                        0.5376314708984943,
                        0.0,
                        1.0090566963621619
                    ],
                    [
                        0.5120103829844027,
                        1.219921542504389,
                        2.1485179549060036,
                        1.320750211404751,
                        0.0,
                        0.8531465364966763
                    ],
                    [
                        -0.42158684331674146,
                        0.5376314708984943,
                        1.320750211404751,
                        2.4294356058291817,
                        0.0,
                        1.3035142145175738
                    ],
                    [
                        0.0,
                        0.0,
                        0.0,
                        0.0,
                        1e-09,
                        -7.625967614281908e-10
                    ],
                    [
                        0.3144393118254237,
                        1.0090566963621619,
                        0.8531465364966763,
                        1.3035142145175738,
                        -7.625967614281908e-10,
                        2.571421088619001
                    ]
                ],
                "mui": [
                    0.0,
                    0.0,
                    0.0,
                    0.0,
                    1.0,
                    -0.7625967614281908
                ],
                "Ai": [
                    [
                        0.0,
                        0.0,
                        0.0,
                        0.0,
                        0.0,
                        0.0
                    ],
                    [
                        0.5438421693979653,
                        0.0,
                        0.0,
                        0.0,
                        0.0,
                        0.0
                    ],
                    [
                        -0.0,
                        0.9414687050678684,
                        0.0,
                        0.0,
                        0.0,
                        0.0
                    ],
                    [
                        -0.8386638485883633,
                        -0.0,
                        0.8145870066942122,
                        0.0,
                        0.0,
                        0.0
                    ],
                    [
                        0.0,
                        0.0,
                        0.0,
                        0.0,
                        0.0,
                        0.0
                    ],
                    [
                        0.590205433005671,
                        0.9292314200280722,
                        -0.8073812536122092,
                        0.872261014484198,
                        -0.7625967614281908,
                        0.0
                    ]
                ]
            },
            "est_params": {
                "mui": [
                    -0.16299331557675384,
                    -0.1006039744042379,
                    0.0008800668911607037,
                    0.15497278307410742,
                    1.0000000001489973,
                    -0.8383816637785548
                ],
                "Si": [
                    [
                        1.0131314575118089,
                        0.5207212641799525,
                        0.4887172201216016,
                        -0.38047620203464055,
                        -1.0334224662898539e-10,
                        0.27494091074256305
                    ],
                    [
                        0.5207212641799523,
                        1.3010428429433576,
                        1.047995040687942,
                        0.5509726596855508,
                        -1.2135157490819007e-10,
                        1.0685120036499467
                    ],
                    [
                        0.4887172201216016,
                        1.047995040687942,
                        1.9027432880123352,
                        1.0039356625942626,
                        -7.399910730716964e-11,
                        0.46973203475297653
                    ],
                    [
                        -0.3804762020346405,
                        0.5509726596855509,
                        1.0039356625942626,
                        2.035738147715348,
                        8.44565761562282e-11,
                        1.2115707143789811
                    ],
                    [
                        -1.0334224662898539e-10,
                        -1.2135157490819007e-10,
                        -7.399910730716962e-11,
                        8.445657615622819e-11,
                        1.0000000000009681e-06,
                        8.017362284719579e-12
                    ],
                    [
                        0.27494091074256316,
                        1.0685120036499467,
                        0.46973203475297665,
                        1.211570714378981,
                        8.017362284719602e-12,
                        2.9902085802199587
                    ]
                ]
            },
            "est_tgt": [
                2,
                3,
                4,
                5
            ],
            "oracle_est_tgt": [
                3,
                4
            ]
        },
        "5": {
            "intv_type": "do",
            "inode": 5,
            "new_mui": 1.0,
            "new_sigmai": 0.0,
            "true_params": {
                "Si": [
                    [
                        1.0,
                        0.5438421693979653,
                        0.5120103829844027,
                        -0.42158684331674146,
                        0.8907163300420267,
                        0.0
                    ],
                    [
                        0.5438421693979653,
                        1.295764305215485,
                        1.219921542504389,
                        0.5376314708984943,
                        -0.39664225472302167,
                        0.0
                    ],
                    [
                        0.5120103829844027,
                        1.219921542504389,
                        2.1485179549060036,
                        1.320750211404751,
                        -1.8602129693994314,
                        0.0
                    ],
                    [
                        -0.42158684331674146,
                        0.5376314708984943,
                        1.320750211404751,
                        2.4294356058291817,
                        -3.136228762824537,
                        0.0
                    ],
                    [
                        0.8907163300420267,
                        -0.39664225472302167,
                        -1.8602129693994314,
                        -3.136228762824537,
                        5.543883706325776,
                        0.0
                    ],
                    [
                        0.0,
                        0.0,
                        0.0,
                        0.0,
                        0.0,
                        1e-09
                    ]
                ],
                "mui": [
                    0.0,
                    0.0,
                    0.0,
                    0.0,
                    0.0,
                    1.0
                ],
                "Ai": [
                    [
                        0.0,
                        0.0,
                        0.0,
                        0.0,
                        0.0,
                        0.0
                    ],
                    [
                        0.5438421693979653,
                        0.0,
                        0.0,
                        0.0,
                        0.0,
                        0.0
                    ],
                    [
                        -0.0,
                        0.9414687050678684,
                        0.0,
                        0.0,
                        0.0,
                        0.0
                    ],
                    [
                        -0.8386638485883633,
                        -0.0,
                        0.8145870066942122,
                        0.0,
                        0.0,
                        0.0
                    ],
                    [
                        0.6369509245458524,
                        0.5187117926910194,
                        -0.7749094509443462,
                        -0.8739118629141529,
                        0.0,
                        0.0
                    ],
                    [
                        0.0,
                        0.0,
                        0.0,
                        0.0,
                        0.0,
                        0.0
                    ]
                ]
            },
            "est_params": {
                "mui": [
                    0.02778682768506792,
                    -0.03532396785824611,
                    -0.1571806987284944,
                    -0.08746764782537364,
                    0.45551665474120534,
                    0.9999975552584767
                ],
                "Si": [
                    [
                        1.0283232620971896,
                        0.5830488077042357,
                        0.5350725587527574,
                        -0.4119419302199106,
                        0.8650553966645722,
                        -1.0953452700091387e-06
                    ],
                    [
                        0.5830488077042357,
                        1.4182851986027507,
                        1.3148649041147926,
                        0.6821870760716161,
                        -0.5352653227627263,
                        -7.239621371723642e-07
                    ],
                    [
                        0.5350725587527574,
                        1.3148649041147928,
                        2.233116330930316,
                        1.4746180167521141,
                        -2.0700838113627205,
                        -4.742763017605962e-06
                    ],
                    [
                        -0.41194193021991066,
                        0.682187076071616,
                        1.4746180167521143,
                        2.701950279216103,
                        -3.4868197225680677,
                        -2.6584491130853936e-06
                    ],
                    [
                        0.8650553966645722,
                        -0.5352653227627263,
                        -2.0700838113627205,
                        -3.4868197225680677,
                        6.028485911670053,
                        4.331530875320212e-06
                    ],
                    [
                        -1.0953452700091389e-06,
                        -7.239621371723642e-07,
                        -4.742763017605962e-06,
                        -2.6584491130853936e-06,
                        4.331530875320212e-06,
                        1.002003825208368e-06
                    ]
                ]
            },
            "est_tgt": [
                4,
                5
            ],
            "oracle_est_tgt": [
                1,
                5
            ]
        },
        "obs": {
            "intv_type": "obs",
            "true_params": {
                "Si": [
                    [
                        1.0,
                        0.5438421693979653,
                        0.5120103829844027,
                        -0.42158684331674146,
                        0.8907163300420267,
                        -0.3648180768158294
                    ],
                    [
                        0.5438421693979653,
                        1.295764305215485,
                        1.219921542504389,
                        0.5376314708984943,
                        -0.39664225472302167,
                        1.3115347952595136
                    ],
                    [
                        0.5120103829844027,
                        1.219921542504389,
                        2.1485179549060036,
                        1.320750211404751,
                        -1.8602129693994314,
                        2.2717389225274007
                    ],
                    [
                        -0.42158684331674146,
                        0.5376314708984943,
                        1.320750211404751,
                        2.4294356058291817,
                        -3.136228762824537,
                        3.6951921121455067
                    ],
                    [
                        0.8907163300420267,
                        -0.39664225472302167,
                        -1.8602129693994314,
                        -3.136228762824537,
                        5.543883706325776,
                        -5.3043235916167335
                    ],
                    [
                        -0.3648180768158294,
                        1.3115347952595136,
                        2.2717389225274007,
                        3.6951921121455067,
                        -5.3043235916167335,
                        7.437474323058136
                    ]
                ],
                "mui": [
                    0.0,
                    0.0,
                    0.0,
                    0.0,
                    0.0,
                    0.0
                ],
                "Ai": [
                    [
