{
    "expt_args": {
        "save_dir": "all_expt_logs/expt_logs_11.05.24-mean_shift",
        "exp_name": "525",
        "num_nodes": 6,
        "obs_noise_mean": 0.0,
        "obs_noise_var": 1.0,
        "max_edge_strength": 1.0,
        "graph_sparsity_method": "adj_dense_prop",
        "adj_dense_prop": 0.8,
        "num_parents": null,
        "new_noise_mean": 0.5,
        "mix_samples": 32768,
        "stage2_samples": 32768,
        "gmm_tol": 0.001,
        "intv_type": "do",
        "new_noise_sigma": 0.0,
        "intv_targets": [
            0,
            1,
            2,
            3,
            4,
            5
        ]
    },
    "intv_args_dict": {
        "0": {
            "intv_type": "do",
            "inode": 0,
            "new_mui": 0.5,
            "new_sigmai": 0.0,
            "true_params": {
                "Si": [
                    [
                        1e-09,
                        8.240075941472228e-10,
                        -1.048245798186713e-09,
                        3.750429304396494e-10,
                        8.274991588040922e-10,
                        2.122026096974629e-09
                    ],
                    [
                        8.240075941472228e-10,
                        1.0000000006789884,
                        -0.5676904677807985,
                        0.9534426348847688,
                        0.3337754958717172,
                        0.6890530286958364
                    ],
                    [
                        -1.048245798186713e-09,
                        -0.5676904677807985,
                        1.3222724673273016,
                        -1.3224414924013734,
                        -0.23542597400815693,
                        -1.2737388874853472
                    ],
                    [
                        3.750429304396494e-10,
                        0.9534426348847688,
                        -1.3224414924013734,
                        2.5192969210625913,
                        -0.25439897773098946,
                        0.9745589473496395
                    ],
                    [
                        8.274991588040922e-10,
                        0.3337754958717172,
                        -0.23542597400815693,
                        -0.25439897773098946,
                        1.4838208808549285,
                        1.1079098023784495
                    ],
                    [
                        2.122026096974629e-09,
                        0.6890530286958364,
                        -1.2737388874853472,
                        0.9745589473496395,
                        1.1079098023784495,
                        2.765428468375191
                    ]
                ],
                "mui": [
                    0.5,
                    0.41200379707361134,
                    -0.5241228990933565,
                    0.18752146521982468,
                    0.4137495794020461,
                    1.0610130484873144
                ],
                "Ai": [
                    [
                        0.0,
                        0.0,
                        0.0,
                        0.0,
                        0.0,
                        0.0
                    ],
                    [
                        0.8240075941472227,
                        0.0,
                        0.0,
                        0.0,
                        0.0,
                        0.0
                    ],
                    [
                        -0.5804645423220928,
                        -0.567690466917036,
                        0.0,
                        0.0,
                        0.0,
                        0.0
                    ],
                    [
                        -0.8640490273742516,
                        0.5099735157592156,
                        -0.781181197607331,
                        0.0,
                        0.0,
                        0.0
                    ],
                    [
                        -0.0,
                        0.6180252022921612,
                        -0.5213138637337188,
                        -0.6085259844435291,
                        0.0,
                        0.0
                    ],
                    [
                        0.7206346595221134,
                        0.0,
                        -0.854493897710616,
                        0.0,
                        0.6110843669399929,
                        0.0
                    ]
                ]
            },
            "est_params": {
                "mui": [
                    0.5000000388595469,
                    0.43099747016702294,
                    -0.5230888480799548,
                    0.1807577569397561,
                    0.4320394038175729,
                    1.0530184716522462
                ],
                "Si": [
                    [
                        1.0161025999102963e-06,
                        -5.4671152773080945e-08,
                        -3.2384883492485954e-07,
                        2.378955866354541e-06,
                        -3.810635158205407e-06,
                        -8.679660016197641e-07
                    ],
                    [
                        -5.467115277308076e-08,
                        1.0051751692314714,
                        -0.55365541090698,
                        0.9311872764951192,
                        0.3521192753209783,
                        0.7049587858447531
                    ],
                    [
                        -3.2384883492485927e-07,
                        -0.55365541090698,
                        1.3088496484249943,
                        -1.3128612490839122,
                        -0.2349946258811302,
                        -1.2840583611429706
                    ],
                    [
                        2.378955866354541e-06,
                        0.9311872764951192,
                        -1.3128612490839122,
                        2.491914803008329,
                        -0.2517930520948871,
                        1.006211937490426
                    ],
                    [
                        -3.810635158205408e-06,
                        0.3521192753209783,
                        -0.2349946258811302,
                        -0.25179305209488717,
                        1.5039051726966386,
                        1.115384138502785
                    ],
                    [
                        -8.679660016197641e-07,
                        0.704958785844753,
                        -1.2840583611429706,
                        1.006211937490426,
                        1.115384138502785,
                        2.8112158558579843
                    ]
                ]
            },
            "est_tgt": [
                0,
                2,
                5
            ],
            "oracle_est_tgt": [
                0,
                1,
                2,
                3,
                4
            ]
        },
        "1": {
            "intv_type": "do",
            "inode": 1,
            "new_mui": 0.5,
            "new_sigmai": 0.0,
            "true_params": {
                "Si": [
                    [
                        1.0,
                        0.0,
                        -0.5804645423220928,
                        -0.4106010410344879,
                        0.5524656160274045,
                        1.554241169999947
                    ],
                    [
                        0.0,
                        1e-09,
                        -5.67690466917036e-10,
                        9.534426345757306e-10,
                        3.3377549518985165e-10,
                        6.890530269472708e-10
                    ],
                    [
                        -0.5804645423220928,
                        -5.67690466917036e-10,
                        1.336939085215469,
                        -0.5428418527875324,
                        -0.36663150757646423,
                        -1.7847519404559913
                    ],
                    [
                        -0.4106010410344879,
                        9.534426345757306e-10,
                        -0.5428418527875324,
                        1.778837279302882,
                        -0.7994777222903444,
                        -0.32058662858486514
                    ],
                    [
                        0.5524656160274045,
                        3.3377549518985165e-10,
                        -0.36663150757646423,
                        -0.7994777222903444,
                        1.6776330559848887,
                        1.7365855910102468
                    ],
                    [
                        1.554241169999947,
                        6.890530269472708e-10,
                        -1.7847519404559913,
                        -0.32058662858486514,
                        1.7365855910102468,
                        4.706300004924598
                    ]
                ],
                "mui": [
                    0.0,
                    0.5,
                    -0.283845233458518,
                    0.47672131728786526,
                    0.1668877475949258,
                    0.3445265134736354
                ],
                "Ai": [
                    [
                        0.0,
                        0.0,
                        0.0,
                        0.0,
                        0.0,
                        0.0
                    ],
                    [
                        0.0,
                        0.0,
                        0.0,
                        0.0,
                        0.0,
                        0.0
                    ],
                    [
                        -0.5804645423220928,
                        -0.567690466917036,
                        0.0,
                        0.0,
                        0.0,
                        0.0
                    ],
                    [
                        -0.8640490273742516,
                        0.5099735157592156,
                        -0.781181197607331,
                        0.0,
                        0.0,
                        0.0
                    ],
                    [
                        -0.0,
                        0.6180252022921612,
                        -0.5213138637337188,
                        -0.6085259844435291,
                        0.0,
                        0.0
                    ],
                    [
                        0.7206346595221134,
                        0.0,
                        -0.854493897710616,
                        0.0,
                        0.6110843669399929,
                        0.0
                    ]
                ]
            },
            "est_params": {
                "mui": [
                    0.024469859633412062,
                    0.5000040066352799,
                    -0.3020021789172692,
                    0.45271062696536907,
                    0.17872231061536153,
                    0.3718233248211705
                ],
                "Si": [
                    [
                        0.9899746517467548,
                        1.612281004787938e-06,
                        -0.5798014560939125,
                        -0.39317801312756684,
                        0.5385034961110466,
                        1.4922547293977113
                    ],
                    [
                        1.612281004787938e-06,
                        1.0135649964013087e-06,
                        -1.6933482951360732e-06,
                        5.241111472237691e-07,
                        8.568660153909512e-07,
                        4.505671278075981e-06
                    ],
                    [
                        -0.5798014560939125,
                        -1.6933482951360736e-06,
                        1.3135622308675676,
                        -0.5172629718090616,
                        -0.3410563923669337,
                        -1.7295666528839635
                    ],
                    [
                        -0.3931780131275668,
                        5.241111472237694e-07,
                        -0.5172629718090616,
                        1.742872070940732,
                        -0.8107811020476942,
                        -0.3074027029450318
                    ],
                    [
                        0.5385034961110466,
                        8.568660153909516e-07,
                        -0.3410563923669337,
                        -0.8107811020476942,
                        1.6323821510216177,
                        1.6526705007158473
                    ],
                    [
                        1.4922547293977113,
                        4.505671278075981e-06,
                        -1.7295666528839635,
                        -0.3074027029450318,
                        1.6526705007158473,
                        4.496162873994889
                    ]
                ]
            },
            "est_tgt": [
                0,
                1,
                2,
                4,
                5
            ],
            "oracle_est_tgt": [
                0,
                1,
                2,
                3,
                4
            ]
        },
        "2": {
            "intv_type": "do",
            "inode": 2,
            "new_mui": 0.5,
            "new_sigmai": 0.0,
            "true_params": {
                "Si": [
                    [
                        1.0,
                        0.8240075941472227,
                        0.0,
                        -0.44382697757469963,
                        0.7793377085143546,
                        1.1968757497620723
                    ],
                    [
                        0.8240075941472227,
                        1.678988515212294,
                        0.0,
                        0.14425671575025395,
                        0.9498732567957797,
                        1.1742611298541978
                    ],
                    [
                        0.0,
                        0.0,
                        1e-09,
                        -7.81181197607331e-10,
                        -4.594480643094267e-11,
                        -8.825700506626492e-10
                    ],
                    [
                        -0.44382697757469963,
                        0.14425671575025395,
                        -7.81181197607331e-10,
                        1.4570553734091518,
                        -0.7975017691517441,
                        -0.8071779659393755
                    ],
                    [
                        0.7793377085143546,
                        0.9498732567957797,
                        -4.594480643094267e-11,
                        -0.7975017691517441,
                        2.0723461608755986,
                        1.8279961060664354
                    ],
                    [
                        1.1968757497620723,
                        1.1742611298541978,
                        -8.825700506626492e-10,
                        -0.8071779659393755,
                        1.8279961060664354,
                        2.979569992418595
                    ]
                ],
                "mui": [
                    0.0,
                    0.0,
                    0.5,
                    -0.3905905988036655,
                    -0.022972403215471334,
                    -0.4412850253313246
                ],
                "Ai": [
                    [
                        0.0,
                        0.0,
                        0.0,
                        0.0,
                        0.0,
                        0.0
                    ],
                    [
                        0.8240075941472227,
                        0.0,
                        0.0,
                        0.0,
                        0.0,
                        0.0
                    ],
                    [
                        0.0,
                        0.0,
                        0.0,
                        0.0,
                        0.0,
                        0.0
                    ],
                    [
                        -0.8640490273742516,
                        0.5099735157592156,
                        -0.781181197607331,
                        0.0,
                        0.0,
                        0.0
                    ],
                    [
                        -0.0,
                        0.6180252022921612,
                        -0.5213138637337188,
                        -0.6085259844435291,
                        0.0,
                        0.0
                    ],
                    [
                        0.7206346595221134,
                        0.0,
                        -0.854493897710616,
                        0.0,
                        0.6110843669399929,
                        0.0
                    ]
                ]
            },
            "est_params": {
                "mui": [
                    -0.011012819985176791,
                    -0.01738127111656407,
                    0.49999989510949794,
                    -0.4027754143192752,
                    -0.03401756323133113,
                    -0.4616435890082573
                ],
                "Si": [
                    [
                        0.9782819073200181,
                        0.8184978608684723,
                        -7.950712753463654e-08,
                        -0.42152821613216523,
                        0.8013152737707012,
                        1.194953025590649
                    ],
                    [
                        0.8184978608684723,
                        1.6903471266914998,
                        1.694828651566659e-06,
                        0.14917599706689458,
                        0.9835032130851695,
                        1.1904024126029626
                    ],
                    [
                        -7.950712753463655e-08,
                        1.694828651566659e-06,
                        1.014193943021282e-06,
                        2.2628496360259554e-06,
                        -1.1982502066907313e-06,
                        -1.9149122805741297e-06
                    ],
                    [
                        -0.42152821613216523,
                        0.14917599706689458,
                        2.262849636025956e-06,
                        1.4199200290932068,
                        -0.8009635900880261,
                        -0.7808065747246363
                    ],
                    [
                        0.8013152737707012,
                        0.9835032130851695,
                        -1.1982502066907313e-06,
                        -0.8009635900880261,
                        2.152152665969213,
                        1.8885007465366286
                    ],
                    [
                        1.194953025590649,
                        1.1904024126029626,
                        -1.9149122805741297e-06,
                        -0.7808065747246363,
                        1.8885007465366281,
                        2.9968325631288155
                    ]
                ]
            },
            "est_tgt": [
                0,
                1,
                2,
                5
            ],
            "oracle_est_tgt": [
                0,
                1,
                2,
                3
            ]
        },
        "3": {
            "intv_type": "do",
            "inode": 3,
            "new_mui": 0.5,
            "new_sigmai": 0.0,
            "true_params": {
                "Si": [
                    [
                        1.0,
                        0.8240075941472227,
                        -1.048245798186713,
                        0.0,
                        1.0557225272584658,
                        2.2614898296074823
                    ],
                    [
                        0.8240075941472227,
                        1.678988515212294,
                        -1.4314529651558043,
                        0.0,
                        1.7838934927787542,
                        2.9070856813603996
                    ],
                    [
                        -1.048245798186713,
                        -1.4314529651558043,
                        2.421091719644582,
                        0.0,
                        -2.1468226871837603,
                        -4.136100136835866
                    ],
                    [
                        0.0,
                        0.0,
                        0.0,
                        1e-09,
                        -6.085259844435292e-10,
                        -3.7186071597021e-10
                    ],
                    [
                        1.0557225272584658,
                        1.7838934927787542,
                        -2.1468226871837603,
                        -6.085259844435292e-10,
                        3.2216595669195343,
                        4.563942926593154
                    ],
                    [
                        2.2614898296074823,
                        2.9070856813603996,
                        -4.136100136835866,
                        -3.7186071597021e-10,
                        4.563942926593154,
                        8.952934454665638
                    ]
                ],
                "mui": [
                    0.0,
                    0.0,
                    0.0,
                    0.5,
                    -0.30426299222176456,
                    -0.185930357985105
                ],
                "Ai": [
                    [
                        0.0,
                        0.0,
                        0.0,
                        0.0,
                        0.0,
                        0.0
                    ],
                    [
                        0.8240075941472227,
                        0.0,
                        0.0,
                        0.0,
                        0.0,
                        0.0
                    ],
                    [
                        -0.5804645423220928,
                        -0.567690466917036,
                        0.0,
                        0.0,
                        0.0,
                        0.0
                    ],
                    [
                        0.0,
                        0.0,
                        0.0,
                        0.0,
                        0.0,
                        0.0
                    ],
                    [
                        -0.0,
                        0.6180252022921612,
                        -0.5213138637337188,
                        -0.6085259844435291,
                        0.0,
                        0.0
                    ],
                    [
                        0.7206346595221134,
                        0.0,
                        -0.854493897710616,
                        0.0,
                        0.6110843669399929,
                        0.0
                    ]
                ]
            },
            "est_params": {
                "mui": [
                    -0.025515539327418874,
                    -0.026907293098478603,
                    0.03230883574057494,
                    0.500001140042971,
                    -0.345466713783637,
                    -0.26934776473747774
                ],
                "Si": [
                    [
                        0.9842177953939044,
                        0.8068449916850139,
                        -1.0389711240708455,
                        3.8167260452498586e-07,
                        1.0210555161904398,
                        2.1993302456370905
                    ],
                    [
                        0.8068449916850139,
                        1.6754055554623488,
                        -1.4510316453848768,
                        1.5421730285435015e-06,
                        1.7832549313857393,
                        2.9085055141836396
                    ],
                    [
                        -1.0389711240708455,
                        -1.4510316453848768,
                        2.4374846799850665,
                        -4.814270454295294e-07,
                        -2.1509207235985697,
                        -4.1413161607120275
                    ],
                    [
                        3.816726045249862e-07,
                        1.5421730285435015e-06,
                        -4.814270454295296e-07,
                        1.0086351052978256e-06,
                        1.4693662068047356e-06,
                        7.14781761357951e-07
                    ],
                    [
                        1.0210555161904398,
                        1.7832549313857393,
                        -2.1509207235985697,
                        1.4693662068047356e-06,
                        3.1985474893766006,
                        4.529213812023874
                    ],
                    [
                        2.199330245637091,
                        2.9085055141836396,
                        -4.1413161607120275,
                        7.14781761357951e-07,
                        4.529213812023874,
                        8.873860560372385
                    ]
                ]
            },
            "est_tgt": [
                0,
                1,
                3,
                4,
                5
            ],
            "oracle_est_tgt": [
                0,
                1,
                2,
                3,
                4
            ]
        },
        "4": {
            "intv_type": "do",
            "inode": 4,
            "new_mui": 0.5,
            "new_sigmai": 0.0,
            "true_params": {
                "Si": [
                    [
                        1.0,
                        0.8240075941472227,
                        -1.048245798186713,
                        0.37504293043964937,
                        0.0,
                        1.6163542973734535
                    ],
                    [
                        0.8240075941472227,
                        1.678988515212294,
                        -1.4314529651558043,
                        1.2624808573892303,
                        0.0,
                        1.8169762556373215
                    ],
                    [
                        -1.048245798186713,
                        -1.4314529651558043,
                        2.421091719644582,
                        -1.7155786679812306,
                        0.0,
                        -2.824210354105764
                    ],
                    [
                        0.37504293043964937,
                        1.2624808573892303,
                        -1.7155786679812306,
                        2.6599541205946933,
                        0.0,
                        1.7362204373160208
                    ],
                    [
                        0.0,
                        0.0,
                        0.0,
                        0.0,
                        1e-09,
                        6.110843669399929e-10
                    ],
                    [
                        1.6163542973734535,
                        1.8169762556373215,
                        -2.824210354105764,
                        1.7362204373160208,
                        6.110843669399929e-10,
                        4.578071442562761
                    ]
                ],
                "mui": [
                    0.0,
                    0.0,
                    0.0,
                    0.0,
                    0.5,
                    0.30554218346999645
                ],
                "Ai": [
                    [
                        0.0,
                        0.0,
                        0.0,
                        0.0,
                        0.0,
                        0.0
                    ],
                    [
                        0.8240075941472227,
                        0.0,
                        0.0,
                        0.0,
                        0.0,
                        0.0
                    ],
                    [
                        -0.5804645423220928,
                        -0.567690466917036,
                        0.0,
                        0.0,
                        0.0,
                        0.0
                    ],
                    [
                        -0.8640490273742516,
                        0.5099735157592156,
                        -0.781181197607331,
                        0.0,
                        0.0,
                        0.0
                    ],
                    [
                        0.0,
                        0.0,
                        0.0,
                        0.0,
                        0.0,
                        0.0
                    ],
                    [
                        0.7206346595221134,
                        0.0,
                        -0.854493897710616,
                        0.0,
                        0.6110843669399929,
                        0.0
                    ]
                ]
            },
            "est_params": {
                "mui": [
                    0.012622829416928341,
                    0.03012167585182149,
                    -0.025734637425169744,
                    0.010318280363423941,
                    0.5000010386346163,
                    0.32880445041296913
                ],
                "Si": [
                    [
                        1.0206721455958656,
                        0.8659361523674285,
                        -1.0798475568249866,
                        0.4085208659773101,
                        -4.0888839757937616e-07,
                        1.6638557893658912
                    ],
                    [
                        0.8659361523674285,
                        1.7250785164801863,
                        -1.497973565397922,
                        1.3038264066813374,
                        1.0094455615424012e-06,
                        1.8873601214701994
                    ],
                    [
                        -1.0798475568249868,
                        -1.497973565397922,
                        2.4833656553472703,
                        -1.7776819591582649,
                        -1.5009975822426659e-06,
                        -2.8624814361936806
                    ],
                    [
                        0.40852086597731,
                        1.3038264066813374,
                        -1.7776819591582649,
                        2.713744844279121,
                        2.217881375665577e-06,
                        1.75893312427797
                    ],
                    [
                        -4.088883975793759e-07,
                        1.0094455615424018e-06,
                        -1.500997582242666e-06,
                        2.217881375665577e-06,
                        1.0122451977728345e-06,
                        -1.5013312058533342e-06
                    ],
                    [
                        1.6638557893658912,
                        1.8873601214701994,
                        -2.8624814361936806,
                        1.75893312427797,
                        -1.5013312058533337e-06,
                        4.5897959013672045
                    ]
                ]
            },
            "est_tgt": [
                0,
                1,
                3,
                4,
                5
            ],
            "oracle_est_tgt": [
                1,
                2,
                4
            ]
        },
        "5": {
            "intv_type": "do",
            "inode": 5,
            "new_mui": 0.5,
            "new_sigmai": 0.0,
            "true_params": {
                "Si": [
                    [
                        1.0,
                        0.8240075941472227,
                        -1.048245798186713,
                        0.37504293043964937,
                        0.8274991588040922,
                        0.0
                    ],
                    [
                        0.8240075941472227,
                        1.678988515212294,
                        -1.4314529651558043,
                        1.2624808573892303,
                        1.0156410861948622,
                        0.0
                    ],
                    [
                        -1.048245798186713,
                        -1.4314529651558043,
                        2.421091719644582,
                        -1.7155786679812306,
                        -1.1028484893601636,
                        0.0
                    ],
                    [
                        0.37504293043964937,
                        1.2624808573892303,
                        -1.7155786679812306,
                        2.6599541205946933,
                        0.05594873141289436,
                        0.0
                    ],
                    [
                        0.8274991588040922,
                        1.0156410861948622,
                        -1.1028484893601636,
                        0.05594873141289436,
                        2.168575737991654,
                        0.0
                    ],
                    [
                        0.0,
                        0.0,
                        0.0,
                        0.0,
                        0.0,
                        1e-09
                    ]
                ],
                "mui": [
                    0.0,
                    0.0,
                    0.0,
                    0.0,
                    0.0,
                    0.5
                ],
                "Ai": [
                    [
                        0.0,
                        0.0,
                        0.0,
                        0.0,
                        0.0,
                        0.0
                    ],
                    [
                        0.8240075941472227,
                        0.0,
                        0.0,
                        0.0,
                        0.0,
                        0.0
                    ],
                    [
                        -0.5804645423220928,
                        -0.567690466917036,
                        0.0,
                        0.0,
                        0.0,
                        0.0
                    ],
                    [
                        -0.8640490273742516,
                        0.5099735157592156,
                        -0.781181197607331,
                        0.0,
                        0.0,
                        0.0
                    ],
                    [
                        -0.0,
                        0.6180252022921612,
                        -0.5213138637337188,
                        -0.6085259844435291,
                        0.0,
                        0.0
                    ],
                    [
                        0.0,
                        0.0,
                        0.0,
                        0.0,
                        0.0,
                        0.0
                    ]
                ]
            },
            "est_params": {
                "mui": [
                    -0.015701910941996328,
                    -0.02367861369658457,
                    0.01573828699944659,
                    -0.009631286029314599,
                    -0.009674817394103134,
                    0.49999747505084385
                ],
                "Si": [
                    [
                        0.959157742368626,
                        0.7849152810072678,
                        -1.0108753209533226,
                        0.36022016632034914,
                        0.7627406005630263,
                        -6.792905707225783e-07
                    ],
                    [
                        0.7849152810072678,
                        1.6380747829305744,
                        -1.406696902138408,
                        1.2638555781484508,
                        0.9522987148484726,
                        -2.75555687217257e-07
                    ],
                    [
                        -1.0108753209533226,
                        -1.406696902138408,
                        2.382569514561058,
                        -1.7199079216924764,
                        -1.0229555494371594,
                        3.579250034557015e-07
                    ],
                    [
                        0.36022016632034914,
                        1.2638555781484508,
                        -1.719907921692476,
                        2.7284635983476675,
                        0.009312907355105258,
                        5.342713947563636e-07
                    ],
                    [
                        0.7627406005630263,
                        0.9522987148484726,
                        -1.0229555494371594,
                        0.009312907355105276,
                        2.0978345289345666,
                        -1.9601320584591513e-06
                    ],
                    [
                        -6.792905707225781e-07,
                        -2.75555687217257e-07,
                        3.579250034557014e-07,
                        5.342713947563632e-07,
                        -1.960132058459151e-06,
                        1.0160685997172817e-06
                    ]
                ]
            },
            "est_tgt": [
                0,
                4,
                5
            ],
            "oracle_est_tgt": [
                5
            ]
        },
        "obs": {
            "intv_type": "obs",
            "true_params": {
                "Si": [
                    [
                        1.0,
                        0.8240075941472227,
                        -1.048245798186713,
                        0.37504293043964937,
                        0.8274991588040922,
                        2.1220260969746287
                    ],
                    [
                        0.8240075941472227,
                        1.678988515212294,
                        -1.4314529651558043,
                        1.2624808573892303,
                        1.0156410861948622,
                        2.4376186458329556
                    ],
                    [
                        -1.048245798186713,
                        -1.4314529651558043,
                        2.421091719644582,
                        -1.7155786679812306,
                        -1.1028484893601636,
                        -3.4981438250571473
                    ],
                    [
                        0.37504293043964937,
                        1.2624808573892303,
                        -1.7155786679812306,
                        2.6599541205946933,
                        0.05594873141289436,
                        1.770409832432565
                    ],
                    [
                        0.8274991588040922,
                        1.0156410861948622,
                        -1.1028484893601636,
                        0.05594873141289436,
                        2.168575737991654,
                        2.8638846108293112
                    ],
                    [
                        2.1220260969746287,
                        2.4376186458329556,
                        -3.4981438250571473,
                        1.770409832432565,
                        2.8638846108293112,
