{
    "expt_args": {
        "save_dir": "all_expt_logs/expt_logs_11.05.24-mean_shift",
        "exp_name": "417",
        "num_nodes": 6,
        "obs_noise_mean": 0.0,
        "obs_noise_var": 1.0,
        "max_edge_strength": 1.0,
        "graph_sparsity_method": "adj_dense_prop",
        "adj_dense_prop": 0.8,
        "num_parents": null,
        "new_noise_mean": 1.0,
        "mix_samples": 2048,
        "stage2_samples": 2048,
        "gmm_tol": 0.001,
        "intv_type": "do",
        "new_noise_sigma": 0.0,
        "intv_targets": [
            0,
            1,
            2,
            3,
            4,
            5
        ]
    },
    "intv_args_dict": {
        "0": {
            "intv_type": "do",
            "inode": 0,
            "new_mui": 1.0,
            "new_sigmai": 0.0,
            "true_params": {
                "Si": [
                    [
                        1e-09,
                        -6.340529920906446e-10,
                        -1.0889986335571761e-10,
                        1.2495596337993524e-09,
                        2.4264596796504235e-10,
                        4.8225945837518997e-11
                    ],
                    [
                        -6.340529920906446e-10,
                        1.0000000004020233,
                        -0.7377952007964068,
                        -0.1880710142921247,
                        0.5351777605769636,
                        0.16477299867095235
                    ],
                    [
                        -1.0889986335571761e-10,
                        -0.7377952007964068,
                        1.5443417584319565,
                        -0.45083402433248254,
                        -0.39485158350353955,
                        -0.12156872767945064
                    ],
                    [
                        1.2495596337993524e-09,
                        -0.1880710142921247,
                        -0.45083402433248254,
                        1.3829893343599298,
                        -0.10065142356001722,
                        -0.03098902480294302
                    ],
                    [
                        2.4264596796504235e-10,
                        0.5351777605769636,
                        -0.39485158350353955,
                        -0.10065142356001722,
                        1.2864152356397254,
                        -0.6830711232159876
                    ],
                    [
                        4.8225945837518997e-11,
                        0.16477299867095235,
                        -0.12156872767945064,
                        -0.03098902480294302,
                        -0.6830711232159876,
                        1.6219828237989975
                    ]
                ],
                "mui": [
                    1.0,
                    -0.6340529920906446,
                    -0.10889986335571761,
                    1.2495596337993524,
                    0.24264596796504231,
                    0.04822594583751899
                ],
                "Ai": [
                    [
                        0.0,
                        0.0,
                        0.0,
                        0.0,
                        0.0,
                        0.0
                    ],
                    [
                        -0.6340529920906446,
                        0.0,
                        0.0,
                        0.0,
                        0.0,
                        0.0
                    ],
                    [
                        -0.5767011180145776,
                        -0.7377952008654551,
                        0.0,
                        0.0,
                        0.0,
                        0.0
                    ],
                    [
                        0.7902943281931301,
                        -0.6230690991351577,
                        -0.5895919153784881,
                        0.0,
                        0.0,
                        0.0
                    ],
                    [
                        0.581977028456786,
                        0.535177760730814,
                        0.0,
                        -0.0,
                        0.0,
                        0.0
                    ],
                    [
                        0.6015528509884993,
                        0.5775309700908685,
                        -0.0,
                        -0.0,
                        -0.7712539677016756,
                        0.0
                    ]
                ]
            },
            "est_params": {
                "mui": [
                    1.0000013369170053,
                    -0.584674350410296,
                    -0.16066343777955153,
                    1.283005430915933,
                    0.2083867885489849,
                    0.02705753850740258
                ],
                "Si": [
                    [
                        1.0030187009254875e-06,
                        4.3032073471060603e-07,
                        -8.841212013023939e-08,
                        -4.2134339101482806e-07,
                        2.3903949814807185e-08,
                        9.77354395623095e-07
                    ],
                    [
                        4.3032073471060603e-07,
                        1.1149173926877587,
                        -0.7477979720363404,
                        -0.3562628957206661,
                        0.6615289796232714,
                        0.1702756909258976
                    ],
                    [
                        -8.841212013023939e-08,
                        -0.7477979720363404,
                        1.6729909423556,
                        -0.46455147157285637,
                        -0.419842988224285,
                        -0.12137397089932386
                    ],
                    [
                        -4.2134339101482816e-07,
                        -0.3562628957206661,
                        -0.46455147157285637,
                        1.4868074482784055,
                        -0.16905935670039143,
                        -0.07677441266511481
                    ],
                    [
                        2.390394981480721e-08,
                        0.6615289796232714,
                        -0.419842988224285,
                        -0.1690593567003914,
                        1.4560384810566975,
                        -0.6868311280869204
                    ],
                    [
                        9.77354395623095e-07,
                        0.17027569092589756,
                        -0.12137397089932384,
                        -0.07677441266511482,
                        -0.6868311280869204,
                        1.5452293181990104
                    ]
                ]
            },
            "est_tgt": [
                0
            ],
            "oracle_est_tgt": [
                0
            ]
        },
        "1": {
            "intv_type": "do",
            "inode": 1,
            "new_mui": 1.0,
            "new_sigmai": 0.0,
            "true_params": {
                "Si": [
                    [
                        1.0,
                        0.0,
                        -0.5767011180145776,
                        1.1303126449642604,
                        0.581977028456786,
                        0.15270075867997213
                    ],
                    [
                        0.0,
                        1e-09,
                        -7.377952008654552e-10,
                        -1.880710134998377e-10,
                        5.35177760730814e-10,
                        1.6477299870153017e-10
                    ],
                    [
                        -0.5767011180145776,
                        -7.377952008654552e-10,
                        1.3325841800636056,
                        -1.2414444812966334,
                        -0.3356268033646817,
                        -0.08806269837398287
                    ],
                    [
                        1.1303126449642604,
                        -1.880710134998377e-10,
                        -1.2414444812966334,
                        2.625225302081147,
                        0.657815994242779,
                        0.17259959840061953
                    ],
                    [
                        0.581977028456786,
                        5.35177760730814e-10,
                        -0.3356268033646817,
                        0.657815994242779,
                        1.338697261937806,
                        -0.6823856338338259
                    ],
                    [
                        0.15270075867997213,
                        1.6477299870153017e-10,
                        -0.08806269837398287,
                        0.17259959840061953,
                        -0.6823856338338259,
                        1.6181502044241665
                    ]
                ],
                "mui": [
                    0.0,
                    1.0,
                    -0.7377952008654551,
                    -0.18807101349983768,
                    0.535177760730814,
                    0.16477299870153017
                ],
                "Ai": [
                    [
                        0.0,
                        0.0,
                        0.0,
                        0.0,
                        0.0,
                        0.0
                    ],
                    [
                        0.0,
                        0.0,
                        0.0,
                        0.0,
                        0.0,
                        0.0
                    ],
                    [
                        -0.5767011180145776,
                        -0.7377952008654551,
                        0.0,
                        0.0,
                        0.0,
                        0.0
                    ],
                    [
                        0.7902943281931301,
                        -0.6230690991351577,
                        -0.5895919153784881,
                        0.0,
                        0.0,
                        0.0
                    ],
                    [
                        0.581977028456786,
                        0.535177760730814,
                        0.0,
                        -0.0,
                        0.0,
                        0.0
                    ],
                    [
                        0.6015528509884993,
                        0.5775309700908685,
                        -0.0,
                        -0.0,
                        -0.7712539677016756,
                        0.0
                    ]
                ]
            },
            "est_params": {
                "mui": [
                    0.06892907958052459,
                    0.9999948788572299,
                    -0.7814065814419117,
                    -0.13021047229798888,
                    0.4803408219613558,
                    0.29783685437425844
                ],
                "Si": [
                    [
                        0.9398651591230412,
                        3.5752704585577814e-06,
                        -0.51904550502109,
                        1.054252774036308,
                        0.6128339424188409,
                        0.031524241809403074
                    ],
                    [
                        3.5752704585577814e-06,
                        1.0077466275409192e-06,
                        2.0281333451043467e-06,
                        -9.496351271636216e-06,
                        3.871235046294072e-06,
                        7.943183999486939e-06
                    ],
                    [
                        -0.51904550502109,
                        2.0281333451043467e-06,
                        1.2136434683183672,
                        -1.1231594412310568,
                        -0.46585630810989087,
                        -0.030186360730170368
                    ],
                    [
                        1.054252774036308,
                        -9.496351271636216e-06,
                        -1.1231594412310568,
                        2.3653950968011745,
                        0.7376771569365201,
                        0.03138872860970283
                    ],
                    [
                        0.6128339424188409,
                        3.871235046294072e-06,
                        -0.465856308109891,
                        0.7376771569365201,
                        1.3713120673094616,
                        -0.6993154193005835
                    ],
                    [
                        0.031524241809403095,
                        7.943183999486939e-06,
                        -0.030186360730170374,
                        0.03138872860970285,
                        -0.6993154193005835,
                        1.576481554505767
                    ]
                ]
            },
            "est_tgt": [
                1
            ],
            "oracle_est_tgt": [
                1
            ]
        },
        "2": {
            "intv_type": "do",
            "inode": 2,
            "new_mui": 1.0,
            "new_sigmai": 0.0,
            "true_params": {
                "Si": [
                    [
                        1.0,
                        -0.6340529920906446,
                        0.0,
                        1.1853531547789993,
                        0.24264596796504231,
                        0.04822594583751899
                    ],
                    [
                        -0.6340529920906446,
                        1.402023196779099,
                        0.0,
                        -1.3746458136068673,
                        0.38132735872384826,
                        0.13419519344684988
                    ],
                    [
                        0.0,
                        0.0,
                        1e-09,
                        -5.895919153784882e-10,
                        0.0,
                        0.0
                    ],
                    [
                        1.1853531547789993,
                        -1.3746458136068673,
                        -5.895919153784882e-10,
                        2.7932772041892417,
                        -0.045831561633952356,
                        -0.04550018682205663
                    ],
                    [
                        0.24264596796504231,
                        0.38132735872384826,
                        0.0,
                        -0.045831561633952356,
                        1.3452923013505407,
                        -0.6713692919189149
                    ],
                    [
                        0.04822594583751899,
                        0.13419519344684988,
                        0.0,
                        -0.04550018682205663,
                        -0.6713692919189149,
                        1.6243085656485952
                    ]
                ],
                "mui": [
                    0.0,
                    0.0,
                    1.0,
                    -0.5895919153784881,
                    0.0,
                    0.0
                ],
                "Ai": [
                    [
                        0.0,
                        0.0,
                        0.0,
                        0.0,
                        0.0,
                        0.0
                    ],
                    [
                        -0.6340529920906446,
                        0.0,
                        0.0,
                        0.0,
                        0.0,
                        0.0
                    ],
                    [
                        0.0,
                        0.0,
                        0.0,
                        0.0,
                        0.0,
                        0.0
                    ],
                    [
                        0.7902943281931301,
                        -0.6230690991351577,
                        -0.5895919153784881,
                        0.0,
                        0.0,
                        0.0
                    ],
                    [
                        0.581977028456786,
                        0.535177760730814,
                        0.0,
                        -0.0,
                        0.0,
                        0.0
                    ],
                    [
                        0.6015528509884993,
                        0.5775309700908685,
                        -0.0,
                        -0.0,
                        -0.7712539677016756,
                        0.0
                    ]
                ]
            },
            "est_params": {
                "mui": [
                    -0.0330268249017135,
                    0.05441719111953156,
                    0.9999998022276165,
                    -0.6810711568772407,
                    -0.09986916001031101,
                    0.05887936765255754
                ],
                "Si": [
                    [
                        1.07553423772171,
                        -0.7497929985040243,
                        -1.5702737388443048e-07,
                        1.2484013080629779,
                        0.10589000506075398,
                        0.19157550013776672
                    ],
                    [
                        -0.7497929985040243,
                        1.5753889977129985,
                        2.7277014818071266e-07,
                        -1.5396385754149635,
                        0.38774029128413223,
                        0.07017082658245524
                    ],
                    [
                        -1.570273738844305e-07,
                        2.7277014818071266e-07,
                        1.000454139758193e-06,
                        -5.590261958774977e-07,
                        -3.4168542847116095e-09,
                        -1.8609116590703246e-07
                    ],
                    [
                        1.2484013080629779,
                        -1.5396385754149635,
                        -5.590261958774977e-07,
                        2.841033205379799,
                        -0.20657147093503758,
                        0.03648557617946452
                    ],
                    [
                        0.10589000506075397,
                        0.3877402912841323,
                        -3.416854284711613e-09,
                        -0.2065714709350376,
                        1.2194660427756456,
                        -0.6739268475458904
                    ],
                    [
                        0.19157550013776675,
                        0.07017082658245521,
                        -1.8609116590703246e-07,
                        0.03648557617946452,
                        -0.6739268475458904,
                        1.624563512748425
                    ]
                ]
            },
            "est_tgt": [
                2,
                3
            ],
            "oracle_est_tgt": [
                2,
                3
            ]
        },
        "3": {
            "intv_type": "do",
            "inode": 3,
            "new_mui": 1.0,
            "new_sigmai": 0.0,
            "true_params": {
                "Si": [
                    [
                        1.0,
                        -0.6340529920906446,
                        -0.10889986335571761,
                        0.0,
                        0.24264596796504231,
                        0.04822594583751899
                    ],
                    [
                        -0.6340529920906446,
                        1.402023196779099,
                        -0.6687469166665001,
                        0.0,
                        0.38132735872384826,
                        0.13419519344684988
                    ],
                    [
                        -0.10889986335571761,
                        -0.6687469166665001,
                        1.5562009386589912,
                        0.0,
                        -0.42127569623232436,
                        -0.12682052658610488
                    ],
                    [
                        0.0,
                        0.0,
                        0.0,
                        1e-09,
                        0.0,
                        0.0
                    ],
                    [
                        0.24264596796504231,
                        0.38132735872384826,
                        -0.42127569623232436,
                        0.0,
                        1.3452923013505407,
                        -0.6713692919189149
                    ],
                    [
                        0.04822594583751899,
                        0.13419519344684988,
                        -0.12682052658610488,
                        0.0,
                        -0.6713692919189149,
                        1.6243085656485952
                    ]
                ],
                "mui": [
                    0.0,
                    0.0,
                    0.0,
                    1.0,
                    0.0,
                    0.0
                ],
                "Ai": [
                    [
                        0.0,
                        0.0,
                        0.0,
                        0.0,
                        0.0,
                        0.0
                    ],
                    [
                        -0.6340529920906446,
                        0.0,
                        0.0,
                        0.0,
                        0.0,
                        0.0
                    ],
                    [
                        -0.5767011180145776,
                        -0.7377952008654551,
                        0.0,
                        0.0,
                        0.0,
                        0.0
                    ],
                    [
                        0.0,
                        0.0,
                        0.0,
                        0.0,
                        0.0,
                        0.0
                    ],
                    [
                        0.581977028456786,
                        0.535177760730814,
                        0.0,
                        -0.0,
                        0.0,
                        0.0
                    ],
                    [
                        0.6015528509884993,
                        0.5775309700908685,
                        -0.0,
                        -0.0,
                        -0.7712539677016756,
                        0.0
                    ]
                ]
            },
            "est_params": {
                "mui": [
                    0.034117556088183634,
                    -0.047507985607028465,
                    -0.0034006316808442554,
                    1.0000003548126128,
                    -0.01964706778893707,
                    0.021689201092580886
                ],
                "Si": [
                    [
                        1.0410494390097136,
                        -0.687634552282285,
                        -0.10178087526508867,
                        3.2683742946336373e-07,
                        0.27684420578726254,
                        -0.06398145608785517
                    ],
                    [
                        -0.687634552282285,
                        1.3884466361121304,
                        -0.5786680952786688,
                        -5.710665071428323e-07,
                        0.36005976991603894,
                        0.08795027631735121
                    ],
                    [
                        -0.10178087526508868,
                        -0.5786680952786688,
                        1.4068608354596734,
                        9.864924395954993e-07,
                        -0.3781987584225841,
                        -0.0704417609068844
                    ],
                    [
                        3.2683742946336373e-07,
                        -5.710665071428322e-07,
                        9.864924395954993e-07,
                        1.0009317952702036e-06,
                        -9.432940514653158e-07,
                        1.566696195505782e-06
                    ],
                    [
                        0.27684420578726254,
                        0.360059769916039,
                        -0.3781987584225841,
                        -9.432940514653158e-07,
                        1.2658671578634482,
                        -0.6359407621672329
                    ],
                    [
                        -0.06398145608785517,
                        0.0879502763173512,
                        -0.0704417609068844,
                        1.566696195505782e-06,
                        -0.6359407621672329,
                        1.3482190343613156
                    ]
                ]
            },
            "est_tgt": [
                2,
                3
            ],
            "oracle_est_tgt": [
                2,
                3
            ]
        },
        "4": {
            "intv_type": "do",
            "inode": 4,
            "new_mui": 1.0,
            "new_sigmai": 0.0,
            "true_params": {
                "Si": [
                    [
                        1.0,
                        -0.6340529920906446,
                        -0.10889986335571761,
                        1.2495596337993524,
                        0.0,
                        0.23536761137737156
                    ],
                    [
                        -0.6340529920906446,
                        1.402023196779099,
                        -0.6687469166665001,
                        -0.9803580381060072,
                        0.0,
                        0.42829543185581803
                    ],
                    [
                        -0.10889986335571761,
                        -0.6687469166665001,
                        1.5562009386589912,
                        -0.5869108975719757,
                        0.0,
                        -0.45173107880157093
                    ],
                    [
                        1.2495596337993524,
                        -0.9803580381060072,
                        -0.5869108975719757,
                        2.9443886112193023,
                        0.0,
                        0.18548903140840262
                    ],
                    [
                        0.0,
                        0.0,
                        0.0,
                        0.0,
                        1e-09,
                        -7.712539677016757e-10
                    ],
                    [
                        0.23536761137737156,
                        0.42829543185581803,
                        -0.45173107880157093,
                        0.18548903140840262,
                        -7.712539677016757e-10,
                        1.3889399344944218
                    ]
                ],
                "mui": [
                    0.0,
                    0.0,
                    0.0,
                    0.0,
                    1.0,
                    -0.7712539677016756
                ],
                "Ai": [
                    [
                        0.0,
                        0.0,
                        0.0,
                        0.0,
                        0.0,
                        0.0
                    ],
                    [
                        -0.6340529920906446,
                        0.0,
                        0.0,
                        0.0,
                        0.0,
                        0.0
                    ],
                    [
                        -0.5767011180145776,
                        -0.7377952008654551,
                        0.0,
                        0.0,
                        0.0,
                        0.0
                    ],
                    [
                        0.7902943281931301,
                        -0.6230690991351577,
                        -0.5895919153784881,
                        0.0,
                        0.0,
                        0.0
                    ],
                    [
                        0.0,
                        0.0,
                        0.0,
                        0.0,
                        0.0,
                        0.0
                    ],
                    [
                        0.6015528509884993,
                        0.5775309700908685,
                        -0.0,
                        -0.0,
                        -0.7712539677016756,
                        0.0
                    ]
                ]
            },
            "est_params": {
                "mui": [
                    0.024798896722075168,
                    -0.1589143310708135,
                    0.018778695383525452,
                    0.15996532875972305,
                    1.0000074519705329,
                    -0.8898740288754216
                ],
                "Si": [
                    [
                        0.9880047082903223,
                        -0.6044518827421045,
                        -0.11800990195364545,
                        1.2893726742398208,
                        1.2773224969795653e-06,
                        0.2110244447086955
                    ],
                    [
                        -0.6044518827421045,
                        1.3476319450570657,
                        -0.5415444995854151,
                        -1.0180971981116933,
                        2.092290543852704e-06,
                        0.3548639526561916
                    ],
                    [
                        -0.11800990195364543,
                        -0.5415444995854151,
                        1.4397232326251195,
                        -0.5552673239104506,
                        -1.3013601814256684e-06,
                        -0.3046021286204387
                    ],
                    [
                        1.2893726742398208,
                        -1.0180971981116933,
                        -0.5552673239104506,
                        2.9700182143823537,
                        9.79228337306976e-07,
                        0.16208581267716973
                    ],
                    [
                        1.2773224969795653e-06,
                        2.092290543852704e-06,
                        -1.3013601814256682e-06,
                        9.792283373069756e-07,
                        1.0194108990731457e-06,
                        3.200047381775029e-06
                    ],
                    [
                        0.2110244447086955,
                        0.3548639526561916,
                        -0.3046021286204386,
                        0.16208581267716976,
                        3.2000473817750293e-06,
                        1.3681164812636069
                    ]
                ]
            },
            "est_tgt": [
                4,
                5
            ],
            "oracle_est_tgt": [
                4,
                5
            ]
        },
        "5": {
            "intv_type": "do",
            "inode": 5,
            "new_mui": 1.0,
            "new_sigmai": 0.0,
            "true_params": {
                "Si": [
                    [
                        1.0,
                        -0.6340529920906446,
                        -0.10889986335571761,
                        1.2495596337993524,
                        0.24264596796504231,
                        0.0
                    ],
                    [
                        -0.6340529920906446,
                        1.402023196779099,
                        -0.6687469166665001,
                        -0.9803580381060072,
                        0.38132735872384826,
                        0.0
                    ],
                    [
                        -0.10889986335571761,
                        -0.6687469166665001,
                        1.5562009386589912,
                        -0.5869108975719757,
                        -0.42127569623232436,
                        0.0
                    ],
                    [
                        1.2495596337993524,
                        -0.9803580381060072,
                        -0.5869108975719757,
                        2.9443886112193023,
                        0.20254918301006983,
                        0.0
                    ],
                    [
                        0.24264596796504231,
                        0.38132735872384826,
                        -0.42127569623232436,
                        0.20254918301006983,
                        1.3452923013505407,
                        0.0
                    ],
                    [
                        0.0,
                        0.0,
                        0.0,
                        0.0,
                        0.0,
                        1e-09
                    ]
                ],
                "mui": [
                    0.0,
                    0.0,
                    0.0,
                    0.0,
                    0.0,
                    1.0
                ],
                "Ai": [
                    [
                        0.0,
                        0.0,
                        0.0,
                        0.0,
                        0.0,
                        0.0
                    ],
                    [
                        -0.6340529920906446,
                        0.0,
                        0.0,
                        0.0,
                        0.0,
                        0.0
                    ],
                    [
                        -0.5767011180145776,
                        -0.7377952008654551,
                        0.0,
                        0.0,
                        0.0,
                        0.0
                    ],
                    [
                        0.7902943281931301,
                        -0.6230690991351577,
                        -0.5895919153784881,
                        0.0,
                        0.0,
                        0.0
                    ],
                    [
                        0.581977028456786,
                        0.535177760730814,
                        0.0,
                        -0.0,
                        0.0,
                        0.0
                    ],
                    [
                        0.0,
                        0.0,
                        0.0,
                        0.0,
                        0.0,
                        0.0
                    ]
                ]
            },
            "est_params": {
                "mui": [
                    -0.08584559657334724,
                    -0.01399351109624695,
                    0.05462618505274907,
                    -0.02810471821884804,
                    -0.10344358379711176,
                    0.9999993331316496
                ],
                "Si": [
                    [
                        0.9748932531559177,
                        -0.6829899427398195,
                        -0.13907304265078707,
                        1.2602216532353465,
                        0.18021429426607202,
                        -5.370769290920622e-07
                    ],
                    [
                        -0.6829899427398195,
                        1.4640248775452172,
                        -0.44769299453091804,
                        -1.2089425928791389,
                        0.4590375057604549,
                        5.197612447756854e-07
                    ],
                    [
                        -0.13907304265078707,
                        -0.44769299453091804,
                        1.2880531480862265,
                        -0.49602001349993485,
                        -0.4011384459962059,
                        -6.303586468410671e-07
                    ],
                    [
                        1.2602216532353465,
                        -1.208942592879139,
                        -0.49602001349993474,
                        3.09136814404498,
                        0.08024567693791662,
                        4.141503948664212e-07
                    ],
                    [
                        0.18021429426607202,
                        0.459037505760455,
                        -0.4011384459962059,
                        0.08024567693791664,
                        1.4266278636390035,
                        7.539443961387796e-07
                    ],
                    [
                        -5.370769290920623e-07,
                        5.197612447756854e-07,
                        -6.303586468410672e-07,
                        4.141503948664213e-07,
                        7.539443961387796e-07,
                        1.001237773630159e-06
                    ]
                ]
            },
            "est_tgt": [
                4,
                5
            ],
            "oracle_est_tgt": [
                4,
                5
            ]
        },
        "obs": {
            "intv_type": "obs",
            "true_params": {
                "Si": [
                    [
                        1.0,
                        -0.6340529920906446,
                        -0.10889986335571761,
                        1.2495596337993524,
                        0.24264596796504231,
                        0.04822594583751899
                    ],
                    [
                        -0.6340529920906446,
                        1.402023196779099,
                        -0.6687469166665001,
                        -0.9803580381060072,
                        0.38132735872384826,
                        0.13419519344684988
                    ],
                    [
                        -0.10889986335571761,
                        -0.6687469166665001,
                        1.5562009386589912,
                        -0.5869108975719757,
                        -0.42127569623232436,
                        -0.12682052658610488
                    ],
                    [
                        1.2495596337993524,
                        -0.9803580381060072,
                        -0.5869108975719757,
                        2.9443886112193023,
                        0.20254918301006983,
                        0.029272170357153415
                    ],
                    [
                        0.24264596796504231,
                        0.38132735872384826,
                        -0.42127569623232436,
                        0.20254918301006983,
                        1.3452923013505407,
                        -0.6713692919189149
                    ],
                    [
                        0.04822594583751899,
                        0.13419519344684988,
                        -0.12682052658610488,
                        0.029272170357153415,
                        -0.6713692919189149,
                        1.6243085656485952
                    ]
                ],
                "mui": [
                    0.0,
                    0.0,
                    0.0,
                    0.0,
                    0.0,
                    0.0
                ],
                "Ai": [
                    [
                        0.0,
                        0.0,
                        0.0,
                        0.0,
                        0.0,
                        0.0
                    ],
                    [
                        -0.6340529920906446,
                        0.0,
