{
    "expt_args": {
        "save_dir": "all_expt_logs/expt_logs_11.05.24-mean_shift",
        "exp_name": "162",
        "num_nodes": 6,
        "obs_noise_mean": 0.0,
        "obs_noise_var": 1.0,
        "max_edge_strength": 1.0,
        "graph_sparsity_method": "adj_dense_prop",
        "adj_dense_prop": 0.8,
        "num_parents": null,
        "new_noise_mean": 8.0,
        "mix_samples": 4096,
        "stage2_samples": 4096,
        "gmm_tol": 0.001,
        "intv_type": "do",
        "new_noise_sigma": 0.0,
        "intv_targets": [
            0,
            1,
            2,
            3,
            4,
            5
        ]
    },
    "intv_args_dict": {
        "0": {
            "intv_type": "do",
            "inode": 0,
            "new_mui": 8.0,
            "new_sigmai": 0.0,
            "true_params": {
                "Si": [
                    [
                        1e-09,
                        0.0,
                        6.303560042977548e-10,
                        6.955694823952447e-10,
                        -7.803633542512023e-10,
                        6.393782381035897e-10
                    ],
                    [
                        0.0,
                        1.0,
                        0.7523725242950221,
                        0.8914552921511185,
                        -0.8316293321250496,
                        1.7118369576421717
                    ],
                    [
                        6.303560042977548e-10,
                        0.7523725242950221,
                        1.5660644157114123,
                        0.6707064688903498,
                        0.13095384287714096,
                        2.6109847503997976
                    ],
                    [
                        6.955694823952447e-10,
                        0.8914552921511185,
                        0.6707064688903498,
                        1.794692538388053,
                        -1.318346812272512,
                        2.008264570527567
                    ],
                    [
                        -7.803633542512023e-10,
                        -0.8316293321250496,
                        0.13095384287714096,
                        -1.318346812272512,
                        2.597038264288237,
                        -0.08156088356598656
                    ],
                    [
                        6.393782381035897e-10,
                        1.7118369576421717,
                        2.6109847503997976,
                        2.008264570527567,
                        -0.08156088356598656,
                        6.2968191364230774
                    ]
                ],
                "mui": [
                    8.0,
                    0.0,
                    5.042848034382038,
                    5.564555859161958,
                    -6.242906834009618,
                    5.115025904828718
                ],
                "Ai": [
                    [
                        0.0,
                        0.0,
                        0.0,
                        0.0,
                        0.0,
                        0.0
                    ],
                    [
                        -0.0,
                        0.0,
                        0.0,
                        0.0,
                        0.0,
                        0.0
                    ],
                    [
                        0.6303560042977547,
                        0.7523725242950221,
                        0.0,
                        0.0,
                        0.0,
                        0.0
                    ],
                    [
                        0.6955694823952447,
                        0.8914552921511185,
                        0.0,
                        0.0,
                        0.0,
                        0.0
                    ],
                    [
                        -0.8559873724071171,
                        -0.8865535598091981,
                        0.7566489032577546,
                        -0.5769864424987393,
                        0.0,
                        0.0
                    ],
                    [
                        -0.0,
                        0.8354887237153619,
                        0.8545158324685815,
                        0.839518238810538,
                        0.6192169479241585,
                        0.0
                    ]
                ]
            },
            "est_params": {
                "mui": [
                    7.999999999962944,
                    0.015978712017208806,
                    4.979514924120841,
                    5.57487167993076,
                    -6.388827378915591,
                    4.984722619717689
                ],
                "Si": [
                    [
                        1.0000000000009442e-06,
                        8.624609528526094e-11,
                        8.227578187738631e-11,
                        5.229445238708926e-11,
                        9.068590894244639e-12,
                        2.1171270042363698e-10
                    ],
                    [
                        8.624609528526094e-11,
                        0.9928381004643279,
                        0.7715105664524611,
                        0.8738811485968123,
                        -0.8069229266094647,
                        1.6833549180029248
                    ],
                    [
                        8.227578187738631e-11,
                        0.7715105664524611,
                        1.566304019218071,
                        0.6255205615983165,
                        0.1621625835024095,
                        2.5992496346496115
                    ],
                    [
                        5.229445238708926e-11,
                        0.8738811485968123,
                        0.6255205615983165,
                        1.7345106219422584,
                        -1.255010365023506,
                        1.9094007597913207
                    ],
                    [
                        9.068590894244639e-12,
                        -0.8069229266094647,
                        0.1621625835024095,
                        -1.255010365023506,
                        2.5761468758359096,
                        0.05289766337675721
                    ],
                    [
                        2.1171270042363698e-10,
                        1.6833549180029248,
                        2.5992496346496115,
                        1.9094007597913207,
                        0.05289766337675721,
                        6.294935847146482
                    ]
                ]
            },
            "est_tgt": [
                0,
                2,
                3,
                4,
                5
            ],
            "oracle_est_tgt": [
                0,
                1,
                2,
                3,
                4
            ]
        },
        "1": {
            "intv_type": "do",
            "inode": 1,
            "new_mui": 8.0,
            "new_sigmai": 0.0,
            "true_params": {
                "Si": [
                    [
                        1.0,
                        0.0,
                        0.6303560042977547,
                        0.6955694823952447,
                        -0.7803633542512023,
                        0.6393782381035897
                    ],
                    [
                        0.0,
                        1e-09,
                        7.523725242950221e-10,
                        8.914552921511186e-10,
                        -8.316293321250497e-10,
                        1.7118369576421718e-09
                    ],
                    [
                        0.6303560042977547,
                        7.523725242950221e-10,
                        1.3973486927202954,
                        0.4384564003048304,
                        0.26474217674587835,
                        1.7260815696878664
                    ],
                    [
                        0.6955694823952447,
                        8.914552921511186e-10,
                        0.4384564003048304,
                        1.4838169056342811,
                        -1.1197833776368256,
                        0.9269704465513743
                    ],
                    [
                        -0.7803633542512023,
                        -8.316293321250497e-10,
                        0.26474217674587835,
                        -1.1197833776368256,
                        2.514397882978309,
                        0.8431055947785419
                    ],
                    [
                        0.6393782381035897,
                        1.7118369576421718e-09,
                        1.7260815696878664,
                        0.9269704465513743,
                        0.8431055947785419,
                        3.7752379007555024
                    ]
                ],
                "mui": [
                    0.0,
                    8.0,
                    6.018980194360177,
                    7.131642337208948,
                    -6.653034657000397,
                    13.694695661137374
                ],
                "Ai": [
                    [
                        0.0,
                        0.0,
                        0.0,
                        0.0,
                        0.0,
                        0.0
                    ],
                    [
                        0.0,
                        0.0,
                        0.0,
                        0.0,
                        0.0,
                        0.0
                    ],
                    [
                        0.6303560042977547,
                        0.7523725242950221,
                        0.0,
                        0.0,
                        0.0,
                        0.0
                    ],
                    [
                        0.6955694823952447,
                        0.8914552921511185,
                        0.0,
                        0.0,
                        0.0,
                        0.0
                    ],
                    [
                        -0.8559873724071171,
                        -0.8865535598091981,
                        0.7566489032577546,
                        -0.5769864424987393,
                        0.0,
                        0.0
                    ],
                    [
                        -0.0,
                        0.8354887237153619,
                        0.8545158324685815,
                        0.839518238810538,
                        0.6192169479241585,
                        0.0
                    ]
                ]
            },
            "est_params": {
                "mui": [
                    0.034056709525128966,
                    7.999999999975072,
                    5.997802687247255,
                    7.170788944772274,
                    -6.736055066166951,
                    13.699152022383476
                ],
                "Si": [
                    [
                        1.0464263699873488,
                        2.6853436283782448e-11,
                        0.6764328701514826,
                        0.7112329062886316,
                        -0.8213604289578524,
                        0.7144101537941911
                    ],
                    [
                        2.6853436283782448e-11,
                        1.0000000000010945e-06,
                        1.5133293741248675e-11,
                        5.447614413717329e-11,
                        -5.096564971387227e-11,
                        2.69655814061815e-11
                    ],
                    [
                        0.6764328701514826,
                        1.5133293741248672e-11,
                        1.407881648343963,
                        0.40648735642183803,
                        0.17752583203546232,
                        1.7077345314481065
                    ],
                    [
                        0.7112329062886316,
                        5.44761441371733e-11,
                        0.40648735642183803,
                        1.546367780917857,
                        -1.2416665904516835,
                        0.9356145854397644
                    ],
                    [
                        -0.8213604289578524,
                        -5.096564971387227e-11,
                        0.17752583203546232,
                        -1.2416665904516835,
                        2.566864366434264,
                        0.6107402183927398
                    ],
                    [
                        0.7144101537941911,
                        2.69655814061815e-11,
                        1.7077345314481065,
                        0.9356145854397644,
                        0.6107402183927398,
                        3.7205225248068383
                    ]
                ]
            },
            "est_tgt": [
                1,
                3
            ],
            "oracle_est_tgt": [
                1,
                3,
                4,
                5
            ]
        },
        "2": {
            "intv_type": "do",
            "inode": 2,
            "new_mui": 8.0,
            "new_sigmai": 0.0,
            "true_params": {
                "Si": [
                    [
                        1.0,
                        0.0,
                        0.0,
                        0.6955694823952447,
                        -1.2573215335650387,
                        -0.19461153574265222
                    ],
                    [
                        0.0,
                        1.0,
                        0.0,
                        0.8914552921511185,
                        -1.4009111774741463,
                        0.7164137569320225
                    ],
                    [
                        0.0,
                        0.0,
                        1e-09,
                        0.0,
                        7.566489032577546e-10,
                        1.3230456569940101e-09
                    ],
                    [
                        0.6955694823952447,
                        0.8914552921511185,
                        0.0,
                        2.278509442743825,
                        -2.700390613797951,
                        0.9855234446951069
                    ],
                    [
                        -1.2573215335650387,
                        -1.4009111774741463,
                        7.566489032577546e-10,
                        -2.700390613797951,
                        4.876322921338208,
                        -0.4179708668123927
                    ],
                    [
                        -0.19461153574265222,
                        0.7164137569320225,
                        1.3230456569940101e-09,
                        0.9855234446951069,
                        -0.4179708668123927,
                        2.1671058786899726
                    ]
                ],
                "mui": [
                    0.0,
                    0.0,
                    8.0,
                    0.0,
                    6.053191226062037,
                    10.58436525595208
                ],
                "Ai": [
                    [
                        0.0,
                        0.0,
                        0.0,
                        0.0,
                        0.0,
                        0.0
                    ],
                    [
                        -0.0,
                        0.0,
                        0.0,
                        0.0,
                        0.0,
                        0.0
                    ],
                    [
                        0.0,
                        0.0,
                        0.0,
                        0.0,
                        0.0,
                        0.0
                    ],
                    [
                        0.6955694823952447,
                        0.8914552921511185,
                        0.0,
                        0.0,
                        0.0,
                        0.0
                    ],
                    [
                        -0.8559873724071171,
                        -0.8865535598091981,
                        0.7566489032577546,
                        -0.5769864424987393,
                        0.0,
                        0.0
                    ],
                    [
                        -0.0,
                        0.8354887237153619,
                        0.8545158324685815,
                        0.839518238810538,
                        0.6192169479241585,
                        0.0
                    ]
                ]
            },
            "est_params": {
                "mui": [
                    -0.015984856048446006,
                    -0.010663506308597607,
                    8.000000000039988,
                    -0.05841420672201976,
                    6.178673713484491,
                    10.582074112842673
                ],
                "Si": [
                    [
                        1.000288069587779,
                        -0.03912480251625373,
                        -8.761568784623239e-12,
                        0.726385545213678,
                        -1.2190575186804562,
                        -0.1964736108750045
                    ],
                    [
                        -0.039124802516253734,
                        1.0161725740083154,
                        1.3358679301120674e-11,
                        0.8148663803383243,
                        -1.3456834414626695,
                        0.7121060985887882
                    ],
                    [
                        -8.761568784623228e-12,
                        1.3358679301120668e-11,
                        1.00000000000097e-06,
                        3.3696733741563385e-11,
                        -3.0657369836297856e-11,
                        3.109373188528938e-11
                    ],
                    [
                        0.726385545213678,
                        0.8148663803383243,
                        3.3696733741563385e-11,
                        2.2266085565312723,
                        -2.577482065043209,
                        1.0006286534341655
                    ],
                    [
                        -1.2190575186804562,
                        -1.3456834414626695,
                        -3.065736983629785e-11,
                        -2.577482065043209,
                        4.5462102265044955,
                        -0.482378296883987
                    ],
                    [
                        -0.1964736108750045,
                        0.7121060985887882,
                        3.1093731885289373e-11,
                        1.0006286534341655,
                        -0.482378296883987,
                        2.15472176765651
                    ]
                ]
            },
            "est_tgt": [
                0,
                2,
                4,
                5
            ],
            "oracle_est_tgt": [
                0,
                1,
                2,
                4,
                5
            ]
        },
        "3": {
            "intv_type": "do",
            "inode": 3,
            "new_mui": 8.0,
            "new_sigmai": 0.0,
            "true_params": {
                "Si": [
                    [
                        1.0,
                        0.0,
                        0.6303560042977547,
                        0.0,
                        -0.37902919309328054,
                        0.30394788564268693
                    ],
                    [
                        0.0,
                        1.0,
                        0.7523725242950221,
                        0.0,
                        -0.3172717144601014,
                        1.2819429349491618
                    ],
                    [
                        0.6303560042977547,
                        0.7523725242950221,
                        1.9634131074682946,
                        0.0,
                        0.2790190548915162,
                        2.479139673672355
                    ],
                    [
                        0.0,
                        0.0,
                        0.0,
                        1e-09,
                        -5.769864424987394e-10,
                        4.822384548928507e-10
                    ],
                    [
                        -0.37902919309328054,
                        -0.3172717144601014,
                        0.2790190548915162,
                        -5.769864424987394e-10,
                        1.8168420331474717,
                        1.0983686383214755
                    ],
                    [
                        0.30394788564268693,
                        1.2819429349491618,
                        2.479139673672355,
                        4.822384548928507e-10,
                        1.0983686383214755,
                        4.8696414449725065
                    ]
                ],
                "mui": [
                    0.0,
                    0.0,
                    0.0,
                    8.0,
                    -4.6158915399899145,
                    3.8579076391428053
                ],
                "Ai": [
                    [
                        0.0,
                        0.0,
                        0.0,
                        0.0,
                        0.0,
                        0.0
                    ],
                    [
                        -0.0,
                        0.0,
                        0.0,
                        0.0,
                        0.0,
                        0.0
                    ],
                    [
                        0.6303560042977547,
                        0.7523725242950221,
                        0.0,
                        0.0,
                        0.0,
                        0.0
                    ],
                    [
                        0.0,
                        0.0,
                        0.0,
                        0.0,
                        0.0,
                        0.0
                    ],
                    [
                        -0.8559873724071171,
                        -0.8865535598091981,
                        0.7566489032577546,
                        -0.5769864424987393,
                        0.0,
                        0.0
                    ],
                    [
                        -0.0,
                        0.8354887237153619,
                        0.8545158324685815,
                        0.839518238810538,
                        0.6192169479241585,
                        0.0
                    ]
                ]
            },
            "est_params": {
                "mui": [
                    0.040522267096886326,
                    -0.09728986149173849,
                    -0.07941054812330688,
                    8.000000000035401,
                    -4.660297326504944,
                    3.706597375483859
                ],
                "Si": [
                    [
                        1.0218941100393308,
                        -0.022564606996990852,
                        0.5950726562088575,
                        -9.486338113209436e-11,
                        -0.42550741183584945,
                        0.2076109783749654
                    ],
                    [
                        -0.022564606996990852,
                        0.933571417538941,
                        0.6713955375968903,
                        -1.5314161893448783e-11,
                        -0.28192284654510474,
                        1.253558947958008
                    ],
                    [
                        0.5950726562088575,
                        0.6713955375968903,
                        1.7565008171055847,
                        -2.590994084234043e-11,
                        0.28336676374609115,
                        2.2953902154490122
                    ],
                    [
                        -9.486338113209436e-11,
                        -1.531416189344877e-11,
                        -2.590994084234043e-11,
                        1.0000000000009895e-06,
                        9.415504142486147e-11,
                        3.1861014995538024e-11
                    ],
                    [
                        -0.42550741183584945,
                        -0.28192284654510474,
                        0.28336676374609115,
                        9.415504142486146e-11,
                        1.881016443550976,
                        1.1800380199488085
                    ],
                    [
                        0.20761097837496545,
                        1.253558947958008,
                        2.2953902154490122,
                        3.1861014995538024e-11,
                        1.1800380199488085,
                        4.895861694147884
                    ]
                ]
            },
            "est_tgt": [
                0,
                2,
                3,
                4,
                5
            ],
            "oracle_est_tgt": [
                0,
                1,
                2,
                3,
                4,
                5
            ]
        },
        "4": {
            "intv_type": "do",
            "inode": 4,
            "new_mui": 8.0,
            "new_sigmai": 0.0,
            "true_params": {
                "Si": [
                    [
                        1.0,
                        0.0,
                        0.6303560042977547,
                        0.6955694823952447,
                        0.0,
                        1.122592452594878
                    ],
                    [
                        0.0,
                        1.0,
                        0.7523725242950221,
                        0.8914552921511185,
                        0.0,
                        2.2267959344848514
                    ],
                    [
                        0.6303560042977547,
                        0.7523725242950221,
                        1.9634131074682946,
                        1.1091628680860173,
                        0.0,
                        3.237528803659366
                    ],
                    [
                        0.6955694823952447,
                        0.8914552921511185,
                        1.1091628680860173,
                        2.278509442743825,
                        0.0,
                        3.605448310339882
                    ],
                    [
                        0.0,
                        0.0,
                        0.0,
                        0.0,
                        1e-09,
                        6.192169479241585e-10
                    ],
                    [
                        1.122592452594878,
                        2.2267959344848514,
                        3.237528803659366,
                        3.605448310339882,
                        6.192169479241585e-10,
                        8.653822130079696
                    ]
                ],
                "mui": [
                    0.0,
                    0.0,
                    0.0,
                    0.0,
                    8.0,
                    4.953735583393268
                ],
                "Ai": [
                    [
                        0.0,
                        0.0,
                        0.0,
                        0.0,
                        0.0,
                        0.0
                    ],
                    [
                        -0.0,
                        0.0,
                        0.0,
                        0.0,
                        0.0,
                        0.0
                    ],
                    [
                        0.6303560042977547,
                        0.7523725242950221,
                        0.0,
                        0.0,
                        0.0,
                        0.0
                    ],
                    [
                        0.6955694823952447,
                        0.8914552921511185,
                        0.0,
                        0.0,
                        0.0,
                        0.0
                    ],
                    [
                        0.0,
                        0.0,
                        0.0,
                        0.0,
                        0.0,
                        0.0
                    ],
                    [
                        -0.0,
                        0.8354887237153619,
                        0.8545158324685815,
                        0.839518238810538,
                        0.6192169479241585,
                        0.0
                    ]
                ]
            },
            "est_params": {
                "mui": [
                    -0.02064430999581053,
                    -0.011727493972251061,
                    -0.025753914669726683,
                    -0.03288723272751376,
                    8.000000000014813,
                    4.893721672719452
                ],
                "Si": [
                    [
                        0.9851544181642046,
                        0.06171926055544146,
                        0.6401571487123457,
                        0.7312343882685378,
                        6.373101631376689e-11,
                        1.2142329911616492
                    ],
                    [
                        0.06171926055544147,
                        0.9440604398471572,
                        0.8053552642308562,
                        0.8645209157159399,
                        -2.1699216562896594e-11,
                        2.1498262251614597
                    ],
                    [
                        0.6401571487123457,
                        0.8053552642308562,
                        2.0623768157298303,
                        1.1561793810666374,
                        5.228512846350673e-11,
                        3.272127052199729
                    ],
                    [
                        0.7312343882685378,
                        0.8645209157159399,
                        1.1561793810666374,
                        2.1835890385653127,
                        8.780576692045417e-12,
                        3.537003571116871
                    ],
                    [
                        6.373101631376689e-11,
                        -2.1699216562896597e-11,
                        5.2285128463506714e-11,
                        8.78057669204542e-12,
                        1.0000000000009533e-06,
                        1.0541267272575972e-11
                    ],
                    [
                        1.2142329911616492,
                        2.1498262251614597,
                        3.272127052199729,
                        3.537003571116871,
                        1.0541267272575988e-11,
                        8.336771834316252
                    ]
                ]
            },
            "est_tgt": [
                0,
                2,
                3,
                4,
                5
            ],
            "oracle_est_tgt": [
                0,
                1,
                2,
                4
            ]
        },
        "5": {
            "intv_type": "do",
            "inode": 5,
            "new_mui": 8.0,
            "new_sigmai": 0.0,
            "true_params": {
                "Si": [
                    [
                        1.0,
                        0.0,
                        0.6303560042977547,
                        0.6955694823952447,
                        -0.7803633542512023,
                        0.0
                    ],
                    [
                        0.0,
                        1.0,
                        0.7523725242950221,
                        0.8914552921511185,
                        -0.8316293321250496,
                        0.0
                    ],
                    [
                        0.6303560042977547,
                        0.7523725242950221,
                        1.9634131074682946,
                        1.1091628680860173,
                        -0.36095288251713353,
                        0.0
                    ],
                    [
                        0.6955694823952447,
                        0.8914552921511185,
                        1.1091628680860173,
                        2.278509442743825,
                        -1.8611437461264408,
                        0.0
                    ],
                    [
                        -0.7803633542512023,
                        -0.8316293321250496,
                        -0.36095288251713353,
                        -1.8611437461264408,
                        3.2060052283374576,
                        0.0
                    ],
                    [
                        0.0,
                        0.0,
                        0.0,
                        0.0,
                        0.0,
                        1e-09
                    ]
                ],
                "mui": [
                    0.0,
                    0.0,
                    0.0,
                    0.0,
                    0.0,
                    8.0
                ],
                "Ai": [
                    [
                        0.0,
                        0.0,
                        0.0,
                        0.0,
                        0.0,
                        0.0
                    ],
                    [
                        -0.0,
                        0.0,
                        0.0,
                        0.0,
                        0.0,
                        0.0
                    ],
                    [
                        0.6303560042977547,
                        0.7523725242950221,
                        0.0,
                        0.0,
                        0.0,
                        0.0
                    ],
                    [
                        0.6955694823952447,
                        0.8914552921511185,
                        0.0,
                        0.0,
                        0.0,
                        0.0
                    ],
                    [
                        -0.8559873724071171,
                        -0.8865535598091981,
                        0.7566489032577546,
                        -0.5769864424987393,
                        0.0,
                        0.0
                    ],
                    [
                        0.0,
                        0.0,
                        0.0,
                        0.0,
                        0.0,
                        0.0
                    ]
                ]
            },
            "est_params": {
                "mui": [
                    -0.06277228658553276,
                    -0.005526716832375962,
                    0.0011936583640417804,
                    -0.04760953442733069,
                    0.16441166265486884,
                    8.00000000003164
                ],
                "Si": [
                    [
                        0.8692106022048055,
                        0.02717767287576259,
                        0.5067908540105274,
                        0.6228752674521147,
                        -0.6669854800014711,
                        9.161214949752672e-12
                    ],
                    [
                        0.02717767287576259,
                        1.038839111234348,
                        0.8328423752211518,
                        0.9277713580121586,
                        -0.8339058338154005,
                        -5.6010021573913885e-11
                    ],
                    [
                        0.5067908540105274,
                        0.8328423752211518,
                        1.888166400945722,
                        1.0894937701219003,
                        -0.3232881504129351,
                        3.0287447090470604e-11
                    ],
                    [
                        0.6228752674521147,
                        0.9277713580121586,
                        1.0894937701219,
                        2.2421133653139904,
                        -1.7437296718152921,
                        -5.6713710793882806e-11
                    ],
                    [
                        -0.6669854800014711,
                        -0.8339058338154005,
                        -0.3232881504129352,
                        -1.7437296718152921,
                        2.98030366074843,
                        -5.807234797941033e-13
                    ],
                    [
                        9.161214949752667e-12,
                        -5.6010021573913866e-11,
                        3.028744709047062e-11,
                        -5.671371079388279e-11,
                        -5.80723479794092e-13,
                        1.00000000000101e-06
                    ]
                ]
            },
            "est_tgt": [
                2,
                3,
                5
            ],
            "oracle_est_tgt": [
                1,
                2,
                5
            ]
        },
        "obs": {
            "intv_type": "obs",
            "true_params": {
                "Si": [
                    [
                        1.0,
                        0.0,
                        0.6303560042977547,
                        0.6955694823952447,
                        -0.7803633542512023,
                        0.6393782381035897
                    ],
                    [
                        0.0,
                        1.0,
                        0.7523725242950221,
                        0.8914552921511185,
                        -0.8316293321250496,
                        1.7118369576421717
                    ],
                    [
                        0.6303560042977547,
                        0.7523725242950221,
                        1.9634131074682946,
                        1.1091628680860173,
                        -0.36095288251713353,
                        3.0140206614026788
                    ],
                    [
                        0.6955694823952447,
                        0.8914552921511185,
                        1.1091628680860173,
                        2.278509442743825,
                        -1.8611437461264408,
                        2.4529965602153325
                    ],
                    [
                        -0.7803633542512023,
                        -0.8316293321250496,
                        -0.36095288251713353,
                        -1.8611437461264408,
                        3.2060052283374576,
                        -0.5805082295887802
                    ],
                    [
                        0.6393782381035897,
                        1.7118369576421717,
                        3.0140206614026788,
                        2.4529965602153325,
                        -0.5805082295887802,
                        6.705623667374724
                    ]
                ],
                "mui": [
                    0.0,
                    0.0,
                    0.0,
                    0.0,
                    0.0,
                    0.0
                ],
                "Ai": [
                    [
                        0.0,
