{
    "expt_args": {
        "save_dir": "all_expt_logs/expt_logs_11.05.24-mean_shift",
        "exp_name": "364",
        "num_nodes": 6,
        "obs_noise_mean": 0.0,
        "obs_noise_var": 1.0,
        "max_edge_strength": 1.0,
        "graph_sparsity_method": "adj_dense_prop",
        "adj_dense_prop": 0.8,
        "num_parents": null,
        "new_noise_mean": 1.0,
        "mix_samples": 16384,
        "stage2_samples": 16384,
        "gmm_tol": 0.001,
        "intv_type": "do",
        "new_noise_sigma": 0.0,
        "intv_targets": [
            0,
            1,
            2,
            3,
            4,
            5
        ]
    },
    "intv_args_dict": {
        "0": {
            "intv_type": "do",
            "inode": 0,
            "new_mui": 1.0,
            "new_sigmai": 0.0,
            "true_params": {
                "Si": [
                    [
                        1e-09,
                        -6.603022139033919e-10,
                        -5.855986495639144e-10,
                        -1.778641528413722e-10,
                        1.981098136778286e-09,
                        7.330529757850886e-10
                    ],
                    [
                        -6.603022139033919e-10,
                        1.000000000435999,
                        -0.6171402365191871,
                        0.48480313261322894,
                        -0.9896123105840016,
                        0.284442793246079
                    ],
                    [
                        -5.855986495639144e-10,
                        -0.6171402365191871,
                        1.380862072351146,
                        0.3741218211150332,
                        -0.8024423623753364,
                        -0.36996662032645955
                    ],
                    [
                        -1.778641528413722e-10,
                        0.48480313261322894,
                        0.3741218211150332,
                        1.6883849325480051,
                        -2.410767931573067,
                        0.904475151393021
                    ],
                    [
                        1.981098136778286e-09,
                        -0.9896123105840016,
                        -0.8024423623753364,
                        -2.410767931573067,
                        4.935794505779696,
                        -0.885812584975749
                    ],
                    [
                        7.330529757850886e-10,
                        0.284442793246079,
                        -0.36996662032645955,
                        0.904475151393021,
                        -0.885812584975749,
                        1.9241895618810911
                    ]
                ],
                "mui": [
                    1.0,
                    -0.6603022139033918,
                    -0.5855986495639144,
                    -0.1778641528413722,
                    1.9810981367782858,
                    0.7330529757850885
                ],
                "Ai": [
                    [
                        0.0,
                        0.0,
                        0.0,
                        0.0,
                        0.0,
                        0.0
                    ],
                    [
                        -0.6603022139033918,
                        0.0,
                        0.0,
                        0.0,
                        0.0,
                        0.0
                    ],
                    [
                        -0.993097714281717,
                        -0.6171402369058593,
                        0.0,
                        0.0,
                        0.0,
                        0.0
                    ],
                    [
                        0.8109183688470487,
                        0.9003318873045087,
                        0.6733133410520276,
                        0.0,
                        0.0,
                        0.0
                    ],
                    [
                        0.7185261997867928,
                        -0.9798685521042041,
                        -0.7536660528196681,
                        -0.9794932658790866,
                        0.0,
                        0.0
                    ],
                    [
                        0.0,
                        -0.6435800116622397,
                        -0.798714618726099,
                        0.8974856951349018,
                        0.0,
                        0.0
                    ]
                ]
            },
            "est_params": {
                "mui": [
                    1.0000000191893919,
                    -0.6413029549526489,
                    -0.5919130263774022,
                    -0.18643699380774623,
                    1.9598393592512338,
                    0.7266687412568046
                ],
                "Si": [
                    [
                        1.0115084669158584e-06,
                        -2.3433145356379293e-06,
                        1.346971946055616e-06,
                        -1.1803292045131186e-06,
                        3.872324605155136e-06,
                        -3.09346130488102e-06
                    ],
                    [
                        -2.343314535637929e-06,
                        0.965298399502705,
                        -0.5587022206339032,
                        0.5015435949060447,
                        -1.0418739949132851,
                        0.27581426106733054
                    ],
                    [
                        1.346971946055616e-06,
                        -0.5587022206339032,
                        1.3764814055379133,
                        0.42436999977822215,
                        -0.906944251500424,
                        -0.3576143866740604
                    ],
                    [
                        -1.180329204513119e-06,
                        0.5015435949060447,
                        0.42436999977822215,
                        1.7739113133210764,
                        -2.5866807038549036,
                        0.967231613970828
                    ],
                    [
                        3.872324605155136e-06,
                        -1.0418739949132851,
                        -0.906944251500424,
                        -2.5866807038549036,
                        5.310535791309558,
                        -1.0213275208680284
                    ],
                    [
                        -3.0934613048810205e-06,
                        0.27581426106733054,
                        -0.3576143866740604,
                        0.967231613970828,
                        -1.0213275208680281,
                        2.0039042273997754
                    ]
                ]
            },
            "est_tgt": [
                0
            ],
            "oracle_est_tgt": [
                0
            ]
        },
        "1": {
            "intv_type": "do",
            "inode": 1,
            "new_mui": 1.0,
            "new_sigmai": 0.0,
            "true_params": {
                "Si": [
                    [
                        1.0,
                        0.0,
                        -0.993097714281717,
                        0.14225242885289402,
                        1.3276549380573754,
                        0.9208711822139497
                    ],
                    [
                        0.0,
                        1e-09,
                        -6.171402369058593e-10,
                        4.848031324957849e-10,
                        -9.89612309275878e-10,
                        2.844427937301155e-10
                    ],
                    [
                        -0.993097714281717,
                        -6.171402369058593e-10,
                        1.986243070492433,
                        0.5320427788080044,
                        -2.7316630199355627,
                        -1.1089405931685339
                    ],
                    [
                        0.14225242885289402,
                        4.848031324957849e-10,
                        0.5320427788080044,
                        1.4735866089882257,
                        -1.7421386445899345,
                        0.8975725565756615
                    ],
                    [
                        1.3276549380573754,
                        -9.89612309275878e-10,
                        -2.7316630199355627,
                        -1.7421386445899345,
                        5.7191296147120765,
                        0.6182746756317381
                    ],
                    [
                        0.9208711822139497,
                        2.844427937301155e-10,
                        -1.1089405931685339,
                        0.8975725565756615,
                        0.6182746756317381,
                        2.6912855927517567
                    ]
                ],
                "mui": [
                    0.0,
                    1.0,
                    -0.6171402369058593,
                    0.4848031324957848,
                    -0.9896123092758781,
                    0.2844427937301155
                ],
                "Ai": [
                    [
                        0.0,
                        0.0,
                        0.0,
                        0.0,
                        0.0,
                        0.0
                    ],
                    [
                        0.0,
                        0.0,
                        0.0,
                        0.0,
                        0.0,
                        0.0
                    ],
                    [
                        -0.993097714281717,
                        -0.6171402369058593,
                        0.0,
                        0.0,
                        0.0,
                        0.0
                    ],
                    [
                        0.8109183688470487,
                        0.9003318873045087,
                        0.6733133410520276,
                        0.0,
                        0.0,
                        0.0
                    ],
                    [
                        0.7185261997867928,
                        -0.9798685521042041,
                        -0.7536660528196681,
                        -0.9794932658790866,
                        0.0,
                        0.0
                    ],
                    [
                        0.0,
                        -0.6435800116622397,
                        -0.798714618726099,
                        0.8974856951349018,
                        0.0,
                        0.0
                    ]
                ]
            },
            "est_params": {
                "mui": [
                    0.011778506499410535,
                    0.9999972684861197,
                    -0.6348869948634414,
                    0.47444650701546653,
                    -0.9425247788629622,
                    0.2870200413092944
                ],
                "Si": [
                    [
                        0.990033643157881,
                        -1.326896819663501e-06,
                        -0.9971617764745178,
                        0.10684064167898542,
                        1.3489836634599817,
                        0.9116127954604482
                    ],
                    [
                        -1.3268968196635014e-06,
                        1.0177665037196656e-06,
                        4.358403735033599e-06,
                        -1.1022608597722239e-06,
                        -3.0524174382071272e-06,
                        -5.292206718077194e-06
                    ],
                    [
                        -0.9971617764745178,
                        4.3584037350335986e-06,
                        2.0277778249382057,
                        0.5920628262754357,
                        -2.8172230912093763,
                        -1.085000026410675
                    ],
                    [
                        0.10684064167898542,
                        -1.1022608597722236e-06,
                        0.5920628262754357,
                        1.5279362518295727,
                        -1.882442387243543,
                        0.9124759181830009
                    ],
                    [
                        1.3489836634599817,
                        -3.0524174382071272e-06,
                        -2.8172230912093763,
                        -1.8824423872435432,
                        5.9359584789098765,
                        0.5600933702340885
                    ],
                    [
                        0.9116127954604482,
                        -5.292206718077194e-06,
                        -1.085000026410675,
                        0.9124759181830009,
                        0.5600933702340885,
                        2.666698784921261
                    ]
                ]
            },
            "est_tgt": [
                1
            ],
            "oracle_est_tgt": [
                1
            ]
        },
        "2": {
            "intv_type": "do",
            "inode": 2,
            "new_mui": 1.0,
            "new_sigmai": 0.0,
            "true_params": {
                "Si": [
                    [
                        1.0,
                        -0.6603022139033918,
                        0.0,
                        0.21642723041206247,
                        1.153546559334033,
                        0.6191976498570391
                    ],
                    [
                        -0.6603022139033918,
                        1.4359990136857206,
                        0.0,
                        0.7574245079144444,
                        -2.623426919744081,
                        -0.24440260097701466
                    ],
                    [
                        0.0,
                        0.0,
                        1e-09,
                        6.733133410520275e-10,
                        -1.413171936206678e-09,
                        -1.9442552678841677e-10
                    ],
                    [
                        0.21642723041206247,
                        0.7574245079144444,
                        6.733133410520275e-10,
                        1.8574382538144856,
                        -2.4060160824049577,
                        1.1795609882202223
                    ],
                    [
                        1.153546559334033,
                        -2.623426919744081,
                        -1.413171936206678e-09,
                        -2.4060160824049577,
                        6.7561435143337345,
                        -0.4709798874903161
                    ],
                    [
                        0.6191976498570391,
                        -0.24440260097701466,
                        -1.9442552678841677e-10,
                        1.1795609882202223,
                        -0.4709798874903161,
                        2.2159317424091975
                    ]
                ],
                "mui": [
                    0.0,
                    0.0,
                    1.0,
                    0.6733133410520276,
                    -1.413171936206678,
                    -0.19442552678841676
                ],
                "Ai": [
                    [
                        0.0,
                        0.0,
                        0.0,
                        0.0,
                        0.0,
                        0.0
                    ],
                    [
                        -0.6603022139033918,
                        0.0,
                        0.0,
                        0.0,
                        0.0,
                        0.0
                    ],
                    [
                        0.0,
                        0.0,
                        0.0,
                        0.0,
                        0.0,
                        0.0
                    ],
                    [
                        0.8109183688470487,
                        0.9003318873045087,
                        0.6733133410520276,
                        0.0,
                        0.0,
                        0.0
                    ],
                    [
                        0.7185261997867928,
                        -0.9798685521042041,
                        -0.7536660528196681,
                        -0.9794932658790866,
                        0.0,
                        0.0
                    ],
                    [
                        0.0,
                        -0.6435800116622397,
                        -0.798714618726099,
                        0.8974856951349018,
                        0.0,
                        0.0
                    ]
                ]
            },
            "est_params": {
                "mui": [
                    -0.016771299715754296,
                    -0.008765163519855066,
                    1.0000033384641533,
                    0.6260617286697325,
                    -1.3834589413620333,
                    -0.22612953910567454
                ],
                "Si": [
                    [
                        0.95223938197065,
                        -0.6226164959409485,
                        -4.5953870916148384e-07,
                        0.17700577504303555,
                        1.128217933095504,
                        0.5296053428860307
                    ],
                    [
                        -0.6226164959409485,
                        1.4349107540204873,
                        -1.8949846528707267e-06,
                        0.8240981040617976,
                        -2.651362293346293,
                        -0.16335173748783458
                    ],
                    [
                        -4.5953870916148384e-07,
                        -1.894984652870725e-06,
                        1.0143286333694275e-06,
                        -2.5716261892775695e-08,
                        1.7330683697859947e-07,
                        1.9447204244110356e-06
                    ],
                    [
                        0.17700577504303555,
                        0.8240981040617975,
                        -2.5716261892775695e-08,
                        1.9201563619310948,
                        -2.523495844812718,
                        1.1814582575420594
                    ],
                    [
                        1.128217933095504,
                        -2.651362293346293,
                        1.7330683697859984e-07,
                        -2.523495844812718,
                        6.873241501090593,
                        -0.5852100549840739
                    ],
                    [
                        0.5296053428860306,
                        -0.16335173748783455,
                        1.944720424411035e-06,
                        1.1814582575420594,
                        -0.585210054984074,
                        2.1284652649639217
                    ]
                ]
            },
            "est_tgt": [
                2
            ],
            "oracle_est_tgt": [
                2
            ]
        },
        "3": {
            "intv_type": "do",
            "inode": 3,
            "new_mui": 1.0,
            "new_sigmai": 0.0,
            "true_params": {
                "Si": [
                    [
                        1.0,
                        -0.6603022139033918,
                        -0.5855986495639144,
                        0.0,
                        1.8068813968288733,
                        0.8926835086375079
                    ],
                    [
                        -0.6603022139033918,
                        1.4359990136857206,
                        -0.23046815213997007,
                        0.0,
                        -1.7078386923061282,
                        -0.7401019797098359
                    ],
                    [
                        -0.5855986495639144,
                        -0.23046815213997007,
                        1.7237878503793003,
                        0.0,
                        -1.4940998628217814,
                        -1.2284898596383678
                    ],
                    [
                        0.0,
                        0.0,
                        0.0,
                        1e-09,
                        -9.794932658790867e-10,
                        8.974856951349019e-10
                    ],
                    [
                        1.8068813968288733,
                        -1.7078386923061282,
                        -1.4940998628217814,
                        -9.794932658790867e-10,
                        5.097801397277152,
                        2.292490246904937
                    ],
                    [
                        0.8926835086375079,
                        -0.7401019797098359,
                        -1.2284898596383678,
                        8.974856951349019e-10,
                        2.292490246904937,
                        2.457527651388321
                    ]
                ],
                "mui": [
                    0.0,
                    0.0,
                    0.0,
                    1.0,
                    -0.9794932658790866,
                    0.8974856951349018
                ],
                "Ai": [
                    [
                        0.0,
                        0.0,
                        0.0,
                        0.0,
                        0.0,
                        0.0
                    ],
                    [
                        -0.6603022139033918,
                        0.0,
                        0.0,
                        0.0,
                        0.0,
                        0.0
                    ],
                    [
                        -0.993097714281717,
                        -0.6171402369058593,
                        0.0,
                        0.0,
                        0.0,
                        0.0
                    ],
                    [
                        0.0,
                        0.0,
                        0.0,
                        0.0,
                        0.0,
                        0.0
                    ],
                    [
                        0.7185261997867928,
                        -0.9798685521042041,
                        -0.7536660528196681,
                        -0.9794932658790866,
                        0.0,
                        0.0
                    ],
                    [
                        0.0,
                        -0.6435800116622397,
                        -0.798714618726099,
                        0.8974856951349018,
                        0.0,
                        0.0
                    ]
                ]
            },
            "est_params": {
                "mui": [
                    -0.0005594337546275617,
                    0.004265194643604498,
                    -0.0014810688009074227,
                    0.9999955021457569,
                    -0.9727836748434947,
                    0.9034937762202793
                ],
                "Si": [
                    [
                        0.9723086649695912,
                        -0.6771915492199431,
                        -0.5370787351235455,
                        6.647780334560107e-07,
                        1.7297614223187048,
                        0.8370172192058094
                    ],
                    [
                        -0.6771915492199431,
                        1.469110682791161,
                        -0.2508105215782446,
                        -4.269631204999259e-07,
                        -1.7228952513896891,
                        -0.7352837288971221
                    ],
                    [
                        -0.5370787351235456,
                        -0.2508105215782446,
                        1.6676843671889217,
                        -4.292516030164189e-07,
                        -1.3782011412641462,
                        -1.1551609677786518
                    ],
                    [
                        6.647780334560105e-07,
                        -4.269631204999264e-07,
                        -4.292516030164189e-07,
                        1.0158040834553617e-06,
                        4.19284302956932e-07,
                        1.302336735413313e-06
                    ],
                    [
                        1.7297614223187048,
                        -1.7228952513896891,
                        -1.3782011412641462,
                        4.192843029569309e-07,
                        4.922664625804688,
                        2.1465858448522344
                    ],
                    [
                        0.8370172192058093,
                        -0.7352837288971221,
                        -1.1551609677786518,
                        1.302336735413313e-06,
                        2.1465858448522344,
                        2.3148178256474354
                    ]
                ]
            },
            "est_tgt": [
                3,
                4
            ],
            "oracle_est_tgt": [
                3,
                4
            ]
        },
        "4": {
            "intv_type": "do",
            "inode": 4,
            "new_mui": 1.0,
            "new_sigmai": 0.0,
            "true_params": {
                "Si": [
                    [
                        1.0,
                        -0.6603022139033918,
                        -0.5855986495639144,
                        -0.1778641528413722,
                        0.0,
                        0.7330529757850885
                    ],
                    [
                        -0.6603022139033918,
                        1.4359990136857206,
                        -0.23046815213997007,
                        0.6022472263909942,
                        0.0,
                        -0.19959370908924795
                    ],
                    [
                        -0.5855986495639144,
                        -0.23046815213997007,
                        1.7237878503793003,
                        0.47827882872061345,
                        0.0,
                        -0.7992414525757414
                    ],
                    [
                        -0.1778641528413722,
                        0.6022472263909942,
                        0.47827882872061345,
                        1.7200205893823486,
                        0.0,
                        0.7740913049975432
                    ],
                    [
                        0.0,
                        0.0,
                        0.0,
                        0.0,
                        1e-09,
                        0.0
                    ],
                    [
                        0.7330529757850885,
                        -0.19959370908924795,
                        -0.7992414525757414,
                        0.7740913049975432,
                        0.0,
                        2.4615562266510977
                    ]
                ],
                "mui": [
                    0.0,
                    0.0,
                    0.0,
                    0.0,
                    1.0,
                    0.0
                ],
                "Ai": [
                    [
                        0.0,
                        0.0,
                        0.0,
                        0.0,
                        0.0,
                        0.0
                    ],
                    [
                        -0.6603022139033918,
                        0.0,
                        0.0,
                        0.0,
                        0.0,
                        0.0
                    ],
                    [
                        -0.993097714281717,
                        -0.6171402369058593,
                        0.0,
                        0.0,
                        0.0,
                        0.0
                    ],
                    [
                        0.8109183688470487,
                        0.9003318873045087,
                        0.6733133410520276,
                        0.0,
                        0.0,
                        0.0
                    ],
                    [
                        0.0,
                        0.0,
                        0.0,
                        0.0,
                        0.0,
                        0.0
                    ],
                    [
                        0.0,
                        -0.6435800116622397,
                        -0.798714618726099,
                        0.8974856951349018,
                        0.0,
                        0.0
                    ]
                ]
            },
            "est_params": {
                "mui": [
                    0.021568241040236344,
                    -0.019317548961513182,
                    -0.013864304112309005,
                    0.023947878121184204,
                    0.9999984106962746,
                    0.047646116793190696
                ],
                "Si": [
                    [
                        1.046027862570321,
                        -0.6695947635937999,
                        -0.648214385108453,
                        -0.22164587934261576,
                        1.4289679810165946e-06,
                        0.7291488162824882
                    ],
                    [
                        -0.6695947635937999,
                        1.4658164698281542,
                        -0.2200969521183192,
                        0.6392631179011324,
                        5.695164164438796e-07,
                        -0.19417611471583737
                    ],
                    [
                        -0.648214385108453,
                        -0.2200969521183192,
                        1.7669085342332553,
                        0.4970578706661036,
                        2.1120943036993737e-07,
                        -0.7943804300705805
                    ],
                    [
                        -0.22164587934261576,
                        0.6392631179011323,
                        0.4970578706661036,
                        1.7541330822284449,
                        3.2101307691689993e-06,
                        0.77334958768291
                    ],
                    [
                        1.4289679810165946e-06,
                        5.695164164438798e-07,
                        2.1120943036993756e-07,
                        3.2101307691689997e-06,
                        1.0077173153010926e-06,
                        6.399861779773473e-07
                    ],
                    [
                        0.7291488162824882,
                        -0.19417611471583737,
                        -0.7943804300705802,
                        0.77334958768291,
                        6.399861779773473e-07,
                        2.4401528662750502
                    ]
                ]
            },
            "est_tgt": [
                3,
                4
            ],
            "oracle_est_tgt": [
                3,
                4
            ]
        },
        "5": {
            "intv_type": "do",
            "inode": 5,
            "new_mui": 1.0,
            "new_sigmai": 0.0,
            "true_params": {
                "Si": [
                    [
                        1.0,
                        -0.6603022139033918,
                        -0.5855986495639144,
                        -0.1778641528413722,
                        1.9810981367782858,
                        0.0
                    ],
                    [
                        -0.6603022139033918,
                        1.4359990136857206,
                        -0.23046815213997007,
                        0.6022472263909942,
                        -2.297735794950465,
                        0.0
                    ],
                    [
                        -0.5855986495639144,
                        -0.23046815213997007,
                        1.7237878503793003,
                        0.47827882872061345,
                        -1.9625707547661593,
                        0.0
                    ],
                    [
                        -0.1778641528413722,
                        0.6022472263909942,
                        0.47827882872061345,
                        1.7200205893823486,
                        -2.7631342730143915,
                        0.0
                    ],
                    [
                        1.9810981367782858,
                        -2.297735794950465,
                        -1.9625707547661593,
                        -2.7631342730143915,
                        8.860544329401343,
                        0.0
                    ],
                    [
                        0.0,
                        0.0,
                        0.0,
                        0.0,
                        0.0,
                        1e-09
                    ]
                ],
                "mui": [
                    0.0,
                    0.0,
                    0.0,
                    0.0,
                    0.0,
                    1.0
                ],
                "Ai": [
                    [
                        0.0,
                        0.0,
                        0.0,
                        0.0,
                        0.0,
                        0.0
                    ],
                    [
                        -0.6603022139033918,
                        0.0,
                        0.0,
                        0.0,
                        0.0,
                        0.0
                    ],
                    [
                        -0.993097714281717,
                        -0.6171402369058593,
                        0.0,
                        0.0,
                        0.0,
                        0.0
                    ],
                    [
                        0.8109183688470487,
                        0.9003318873045087,
                        0.6733133410520276,
                        0.0,
                        0.0,
                        0.0
                    ],
                    [
                        0.7185261997867928,
                        -0.9798685521042041,
                        -0.7536660528196681,
                        -0.9794932658790866,
                        0.0,
                        0.0
                    ],
                    [
                        0.0,
                        0.0,
                        0.0,
                        0.0,
                        0.0,
                        0.0
                    ]
                ]
            },
            "est_params": {
                "mui": [
                    0.0015381884010973392,
                    -0.006731413633784726,
                    -0.005432521315948242,
                    -0.019779900062394537,
                    0.008841739519333681,
                    0.9999970205234229
                ],
                "Si": [
                    [
                        1.046580743549603,
                        -0.6829953114906875,
                        -0.6002697679075588,
                        -0.11120046615197396,
                        1.9835836996438472,
                        1.5916275974095095e-06
                    ],
                    [
                        -0.6829953114906875,
                        1.4067590668939702,
                        -0.19144010497049754,
                        0.5219126430988665,
                        -2.2445186727714925,
                        -2.125892663635091e-06
                    ],
                    [
                        -0.6002697679075588,
                        -0.19144010497049754,
                        1.7305776814673777,
                        0.48177306282839183,
                        -1.993615580727247,
                        5.2775923441763305e-06
                    ],
                    [
                        -0.11120046615197399,
                        0.5219126430988665,
                        0.48177306282839183,
                        1.759303275630694,
                        -2.64427806465321,
                        -8.942605303401943e-07
                    ],
                    [
                        1.9835836996438476,
                        -2.2445186727714925,
                        -1.9936155807272464,
                        -2.64427806465321,
                        8.73231040277887,
                        -5.260448882399241e-07
                    ],
                    [
                        1.5916275974095097e-06,
                        -2.125892663635091e-06,
                        5.2775923441763305e-06,
                        -8.942605303401943e-07,
                        -5.260448882399245e-07,
                        1.0119811904717077e-06
                    ]
                ]
            },
            "est_tgt": [
                5
            ],
            "oracle_est_tgt": [
                5
            ]
        },
        "obs": {
            "intv_type": "obs",
            "true_params": {
                "Si": [
                    [
                        1.0,
                        -0.6603022139033918,
                        -0.5855986495639144,
                        -0.1778641528413722,
                        1.9810981367782858,
                        0.7330529757850885
                    ],
                    [
                        -0.6603022139033918,
                        1.4359990136857206,
                        -0.23046815213997007,
                        0.6022472263909942,
                        -2.297735794950465,
                        -0.19959370908924795
                    ],
                    [
                        -0.5855986495639144,
                        -0.23046815213997007,
                        1.7237878503793003,
                        0.47827882872061345,
                        -1.9625707547661593,
                        -0.7992414525757414
                    ],
                    [
                        -0.1778641528413722,
                        0.6022472263909942,
                        0.47827882872061345,
                        1.7200205893823486,
                        -2.7631342730143915,
                        0.7740913049975432
                    ],
                    [
                        1.9810981367782858,
                        -2.297735794950465,
                        -1.9625707547661593,
                        -2.7631342730143915,
                        8.860544329401343,
                        0.566437298059618
                    ],
                    [
                        0.7330529757850885,
                        -0.19959370908924795,
                        -0.7992414525757414,
                        0.7740913049975432,
                        0.566437298059618,
                        2.4615562266510977
                    ]
                ],
                "mui": [
                    0.0,
                    0.0,
                    0.0,
                    0.0,
                    0.0,
                    0.0
                ],
                "Ai": [
                    [
                        0.0,
                        0.0,
                        0.0,
                        0.0,
                        0.0,
                        0.0
