{
    "expt_args": {
        "save_dir": "all_expt_logs/expt_logs_11.05.24-mean_shift",
        "exp_name": "366",
        "num_nodes": 6,
        "obs_noise_mean": 0.0,
        "obs_noise_var": 1.0,
        "max_edge_strength": 1.0,
        "graph_sparsity_method": "adj_dense_prop",
        "adj_dense_prop": 0.8,
        "num_parents": null,
        "new_noise_mean": 1.0,
        "mix_samples": 65536,
        "stage2_samples": 65536,
        "gmm_tol": 0.001,
        "intv_type": "do",
        "new_noise_sigma": 0.0,
        "intv_targets": [
            0,
            1,
            2,
            3,
            4,
            5
        ]
    },
    "intv_args_dict": {
        "0": {
            "intv_type": "do",
            "inode": 0,
            "new_mui": 1.0,
            "new_sigmai": 0.0,
            "true_params": {
                "Si": [
                    [
                        1e-09,
                        -5.71300330486531e-10,
                        -8.859147524932972e-10,
                        -7.314305671245436e-11,
                        1.3283570486444198e-09,
                        1.1924034008950191e-09
                    ],
                    [
                        -5.71300330486531e-10,
                        1.000000000326384,
                        5.06123390882314e-10,
                        0.729132055802811,
                        0.27909727303827236,
                        -0.13966691770509604
                    ],
                    [
                        -8.859147524932972e-10,
                        5.06123390882314e-10,
                        1.0000000007848449,
                        0.6638296749127147,
                        -1.4356080927950485,
                        0.6277886358540823
                    ],
                    [
                        -7.314305671245436e-11,
                        0.729132055802811,
                        0.6638296749127147,
                        1.9723033919523376,
                        -1.4137719924684806,
                        1.2606165019024558
                    ],
                    [
                        1.3283570486444198e-09,
                        0.27909727303827236,
                        -1.4356080927950485,
                        -1.4137719924684806,
                        3.5801225200016806,
                        -1.5684455836304874
                    ],
                    [
                        1.1924034008950191e-09,
                        -0.13966691770509604,
                        0.6277886358540823,
                        1.2606165019024558,
                        -1.5684455836304874,
                        2.3079879112220856
                    ]
                ],
                "mui": [
                    1.0,
                    -0.571300330486531,
                    -0.8859147524932971,
                    -0.07314305671245436,
                    1.3283570486444196,
                    1.192403400895019
                ],
                "Ai": [
                    [
                        0.0,
                        0.0,
                        0.0,
                        0.0,
                        0.0,
                        0.0
                    ],
                    [
                        -0.571300330486531,
                        0.0,
                        0.0,
                        0.0,
                        0.0,
                        0.0
                    ],
                    [
                        -0.8859147524932971,
                        -0.0,
                        0.0,
                        0.0,
                        0.0,
                        0.0
                    ],
                    [
                        0.9315068298027402,
                        0.7291320557610244,
                        0.6638296748479162,
                        0.0,
                        0.0,
                        0.0
                    ],
                    [
                        0.8347524734407761,
                        0.7634389245222588,
                        -0.9946449519842796,
                        -0.6642715087043716,
                        0.0,
                        0.0
                    ],
                    [
                        0.7878459563353746,
                        -0.8292124989064518,
                        0.0,
                        0.9457074016076139,
                        0.0,
                        0.0
                    ]
                ]
            },
            "est_params": {
                "mui": [
                    0.9999988639276374,
                    -0.5734186749494117,
                    -0.8808143953110533,
                    -0.0883631596589034,
                    1.3052596295833314,
                    1.2066455788247115
                ],
                "Si": [
                    [
                        1.0083648676725413e-06,
                        7.99005351992133e-07,
                        2.628929935039346e-07,
                        1.0787418096550026e-06,
                        -1.078785261594305e-06,
                        -1.631640337984952e-07
                    ],
                    [
                        7.99005351992133e-07,
                        0.9747765022321191,
                        -0.0031450782068322817,
                        0.7215905392849893,
                        0.26083335652533013,
                        -0.13067188692412302
                    ],
                    [
                        2.628929935039347e-07,
                        -0.0031450782068322826,
                        0.9851069693603173,
                        0.6507678440263029,
                        -1.3985210047389849,
                        0.6254782894108627
                    ],
                    [
                        1.0787418096550026e-06,
                        0.7215905392849891,
                        0.6507678440263029,
                        1.935491692257953,
                        -1.3730926375784638,
                        1.2345825303809754
                    ],
                    [
                        -1.078785261594305e-06,
                        0.26083335652533013,
                        -1.3985210047389849,
                        -1.3730926375784638,
                        3.4794191218008397,
                        -1.5208084316466404
                    ],
                    [
                        -1.6316403379849526e-07,
                        -0.13067188692412302,
                        0.6254782894108626,
                        1.234582530380975,
                        -1.5208084316466404,
                        2.2949065142412493
                    ]
                ]
            },
            "est_tgt": [
                0
            ],
            "oracle_est_tgt": [
                0
            ]
        },
        "1": {
            "intv_type": "do",
            "inode": 1,
            "new_mui": 1.0,
            "new_sigmai": 0.0,
            "true_params": {
                "Si": [
                    [
                        1.0,
                        0.0,
                        -0.8859147524932971,
                        0.34341032771214264,
                        1.4878054134026288,
                        1.1126116450412442
                    ],
                    [
                        0.0,
                        1e-09,
                        0.0,
                        7.291320557610244e-10,
                        2.7909727379716323e-10,
                        -1.3966691702387558e-10
                    ],
                    [
                        -0.8859147524932971,
                        0.0,
                        1.7848449486852598,
                        0.35959739936917134,
                        -2.753676856191015,
                        -0.357890433227424
                    ],
                    [
                        0.34341032771214264,
                        7.291320557610244e-10,
                        0.35959739936917134,
                        1.5586004909196849,
                        -1.1063430165803483,
                        1.7445344578592188
                    ],
                    [
                        1.4878054134026288,
                        2.7909727379716323e-10,
                        -2.753676856191015,
                        -1.1063430165803483,
                        5.715792178224202,
                        0.1258846990347803
                    ],
                    [
                        1.1126116450412442,
                        -1.3966691702387558e-10,
                        -0.357890433227424,
                        1.7445344578592188,
                        0.1258846990347803,
                        3.526385734790196
                    ]
                ],
                "mui": [
                    0.0,
                    1.0,
                    0.0,
                    0.7291320557610244,
                    0.2790972737971632,
                    -0.13966691702387557
                ],
                "Ai": [
                    [
                        0.0,
                        0.0,
                        0.0,
                        0.0,
                        0.0,
                        0.0
                    ],
                    [
                        0.0,
                        0.0,
                        0.0,
                        0.0,
                        0.0,
                        0.0
                    ],
                    [
                        -0.8859147524932971,
                        -0.0,
                        0.0,
                        0.0,
                        0.0,
                        0.0
                    ],
                    [
                        0.9315068298027402,
                        0.7291320557610244,
                        0.6638296748479162,
                        0.0,
                        0.0,
                        0.0
                    ],
                    [
                        0.8347524734407761,
                        0.7634389245222588,
                        -0.9946449519842796,
                        -0.6642715087043716,
                        0.0,
                        0.0
                    ],
                    [
                        0.7878459563353746,
                        -0.8292124989064518,
                        0.0,
                        0.9457074016076139,
                        0.0,
                        0.0
                    ]
                ]
            },
            "est_params": {
                "mui": [
                    -0.006149942003438447,
                    1.0000011038117242,
                    -0.004924457287954294,
                    0.7398744165318075,
                    0.27218546553317935,
                    -0.13977847467835003
                ],
                "Si": [
                    [
                        0.9935680736839235,
                        -9.485331328085278e-07,
                        -0.8950641730686967,
                        0.3425287573647571,
                        1.4947827073350841,
                        1.1170248489106587
                    ],
                    [
                        -9.48533132808528e-07,
                        1.009196521563808e-06,
                        9.013190294443557e-07,
                        6.841594175575383e-07,
                        -1.3629203234819173e-06,
                        -6.210064354640079e-07
                    ],
                    [
                        -0.8950641730686967,
                        9.013190294443557e-07,
                        1.7941421823868615,
                        0.3487895243508159,
                        -2.743067426535449,
                        -0.39179753877296913
                    ],
                    [
                        0.34252875736475713,
                        6.841594175575385e-07,
                        0.34878952435081595,
                        1.548183726638193,
                        -1.0638485937313102,
                        1.731068030591711
                    ],
                    [
                        1.4947827073350841,
                        -1.362920323481918e-06,
                        -2.743067426535449,
                        -1.0638485937313105,
                        5.642475465390978,
                        0.20379138779759176
                    ],
                    [
                        1.1170248489106587,
                        -6.210064354640077e-07,
                        -0.3917975387729691,
                        1.731068030591711,
                        0.20379138779759176,
                        3.5268286643021955
                    ]
                ]
            },
            "est_tgt": [
                1
            ],
            "oracle_est_tgt": [
                1
            ]
        },
        "2": {
            "intv_type": "do",
            "inode": 2,
            "new_mui": 1.0,
            "new_sigmai": 0.0,
            "true_params": {
                "Si": [
                    [
                        1.0,
                        -0.571300330486531,
                        0.0,
                        0.5149534453781432,
                        0.05653066148107446,
                        1.7485706157816447
                    ],
                    [
                        -0.571300330486531,
                        1.3263840676140195,
                        0.0,
                        0.43493898223131333,
                        0.24680128821040315,
                        -1.138625887698966
                    ],
                    [
                        0.0,
                        0.0,
                        1e-09,
                        6.638296748479163e-10,
                        -1.4356080916182376e-09,
                        6.277886369104501e-10
                    ],
                    [
                        0.5149534453781432,
                        0.43493898223131333,
                        6.638296748479163e-10,
                        1.7968106060857876,
                        -0.431662081757163,
                        1.7443042387766754
                    ],
                    [
                        0.05653066148107446,
                        0.24680128821040315,
                        -1.4356080916182376e-09,
                        -0.431662081757163,
                        1.5223476432658491,
                        -0.5683392855845514
                    ],
                    [
                        1.7485706157816447,
                        -1.138625887698966,
                        6.277886369104501e-10,
                        1.7443042387766754,
                        -0.5683392855845514,
                        4.971368535935498
                    ]
                ],
                "mui": [
                    0.0,
                    0.0,
                    1.0,
                    0.6638296748479162,
                    -1.4356080916182374,
                    0.6277886369104501
                ],
                "Ai": [
                    [
                        0.0,
                        0.0,
                        0.0,
                        0.0,
                        0.0,
                        0.0
                    ],
                    [
                        -0.571300330486531,
                        0.0,
                        0.0,
                        0.0,
                        0.0,
                        0.0
                    ],
                    [
                        0.0,
                        0.0,
                        0.0,
                        0.0,
                        0.0,
                        0.0
                    ],
                    [
                        0.9315068298027402,
                        0.7291320557610244,
                        0.6638296748479162,
                        0.0,
                        0.0,
                        0.0
                    ],
                    [
                        0.8347524734407761,
                        0.7634389245222588,
                        -0.9946449519842796,
                        -0.6642715087043716,
                        0.0,
                        0.0
                    ],
                    [
                        0.7878459563353746,
                        -0.8292124989064518,
                        0.0,
                        0.9457074016076139,
                        0.0,
                        0.0
                    ]
                ]
            },
            "est_params": {
                "mui": [
                    0.0038185564628737084,
                    -0.0017471472988853428,
                    0.9999986965640617,
                    0.6581353034228816,
                    -1.4281820700045689,
                    0.6311635272969809
                ],
                "Si": [
                    [
                        1.0265442749394957,
                        -0.6020279594454563,
                        1.5046037253894982e-07,
                        0.515747757162381,
                        0.07064592133645994,
                        1.804150173819011
                    ],
                    [
                        -0.6020279594454563,
                        1.3181431956259466,
                        -6.358915401012446e-07,
                        0.4133661464160811,
                        0.2266210556648136,
                        -1.1798874271710968
                    ],
                    [
                        1.5046037253894982e-07,
                        -6.358915401012446e-07,
                        1.0091443385211596e-06,
                        -2.5474610956008786e-06,
                        1.5883907516716405e-06,
                        -4.952764206455406e-07
                    ],
                    [
                        0.515747757162381,
                        0.4133661464160811,
                        -2.5474610956008786e-06,
                        1.8073224826057943,
                        -0.4467307391627215,
                        1.7962755730681714
                    ],
                    [
                        0.07064592133645993,
                        0.2266210556648136,
                        1.588390751671641e-06,
                        -0.4467307391627215,
                        1.5574634618294059,
                        -0.5839151144643532
                    ],
                    [
                        1.804150173819011,
                        -1.1798874271710968,
                        -4.952764206455404e-07,
                        1.7962755730681714,
                        -0.5839151144643532,
                        5.13104995334398
                    ]
                ]
            },
            "est_tgt": [
                2
            ],
            "oracle_est_tgt": [
                2
            ]
        },
        "3": {
            "intv_type": "do",
            "inode": 3,
            "new_mui": 1.0,
            "new_sigmai": 0.0,
            "true_params": {
                "Si": [
                    [
                        1.0,
                        -0.571300330486531,
                        -0.8859147524932971,
                        0.0,
                        1.2797702000107882,
                        1.2615753310041926
                    ],
                    [
                        -0.571300330486531,
                        1.3263840676140195,
                        0.506123390882314,
                        0.0,
                        0.032305786309281714,
                        -1.5499509024428018
                    ],
                    [
                        -0.8859147524932971,
                        0.506123390882314,
                        1.7848449486852598,
                        0.0,
                        -2.1284122519751345,
                        -1.1176481971182286
                    ],
                    [
                        0.0,
                        0.0,
                        0.0,
                        1e-09,
                        -6.642715087043716e-10,
                        9.45707401607614e-10
                    ],
                    [
                        1.2797702000107882,
                        0.032305786309281714,
                        -2.1284122519751345,
                        -6.642715087043716e-10,
                        4.209969337260423,
                        0.9814734146941492
                    ],
                    [
                        1.2615753310041926,
                        -1.5499509024428018,
                        -1.1176481971182286,
                        9.45707401607614e-10,
                        0.9814734146941492,
                        3.279165685035383
                    ]
                ],
                "mui": [
                    0.0,
                    0.0,
                    0.0,
                    1.0,
                    -0.6642715087043716,
                    0.9457074016076139
                ],
                "Ai": [
                    [
                        0.0,
                        0.0,
                        0.0,
                        0.0,
                        0.0,
                        0.0
                    ],
                    [
                        -0.571300330486531,
                        0.0,
                        0.0,
                        0.0,
                        0.0,
                        0.0
                    ],
                    [
                        -0.8859147524932971,
                        -0.0,
                        0.0,
                        0.0,
                        0.0,
                        0.0
                    ],
                    [
                        0.0,
                        0.0,
                        0.0,
                        0.0,
                        0.0,
                        0.0
                    ],
                    [
                        0.8347524734407761,
                        0.7634389245222588,
                        -0.9946449519842796,
                        -0.6642715087043716,
                        0.0,
                        0.0
                    ],
                    [
                        0.7878459563353746,
                        -0.8292124989064518,
                        0.0,
                        0.9457074016076139,
                        0.0,
                        0.0
                    ]
                ]
            },
            "est_params": {
                "mui": [
                    -0.00159136611882157,
                    -0.0009757706728069478,
                    0.0008440286196729494,
                    0.9999994727623159,
                    -0.678802912709638,
                    0.9528260029814399
                ],
                "Si": [
                    [
                        1.0002704944184206,
                        -0.5743777016833496,
                        -0.8837758708899688,
                        6.876371657820491e-07,
                        1.2718931567575655,
                        1.2485315932563483
                    ],
                    [
                        -0.5743777016833495,
                        1.344065317146856,
                        0.5083589962517051,
                        3.501818132707685e-07,
                        0.036533938826921325,
                        -1.5665053414312373
                    ],
                    [
                        -0.8837758708899688,
                        0.5083589962517051,
                        1.7695544268568364,
                        -1.282852659783008e-06,
                        -2.11437396082765,
                        -1.0970466728657275
                    ],
                    [
                        6.876371657820491e-07,
                        3.5018181327076863e-07,
                        -1.282852659783008e-06,
                        1.0076030564922407e-06,
                        1.5924741211346478e-06,
                        -1.628238325962335e-07
                    ],
                    [
                        1.2718931567575655,
                        0.036533938826921325,
                        -2.1143739608276504,
                        1.5924741211346476e-06,
                        4.2072328431988675,
                        0.9290052711838372
                    ],
                    [
                        1.2485315932563483,
                        -1.5665053414312373,
                        -1.0970466728657275,
                        -1.6282383259623314e-07,
                        0.9290052711838372,
                        3.24675867165317
                    ]
                ]
            },
            "est_tgt": [
                3,
                4
            ],
            "oracle_est_tgt": [
                3,
                4
            ]
        },
        "4": {
            "intv_type": "do",
            "inode": 4,
            "new_mui": 1.0,
            "new_sigmai": 0.0,
            "true_params": {
                "Si": [
                    [
                        1.0,
                        -0.571300330486531,
                        -0.8859147524932971,
                        -0.07314305671245436,
                        0.0,
                        1.192403400895019
                    ],
                    [
                        -0.571300330486531,
                        1.3263840676140195,
                        0.506123390882314,
                        0.7709187082336446,
                        0.0,
                        -0.8208873740284635
                    ],
                    [
                        -0.8859147524932971,
                        0.506123390882314,
                        1.7848449486852598,
                        0.7286281878319334,
                        0.0,
                        -0.4285791268656264
                    ],
                    [
                        -0.07314305671245436,
                        0.7709187082336446,
                        0.7286281878319334,
                        1.9776532986922288,
                        0.0,
                        1.1734004724138838
                    ],
                    [
                        0.0,
                        0.0,
                        0.0,
                        0.0,
                        1e-09,
                        0.0
                    ],
                    [
                        1.192403400895019,
                        -0.8208873740284635,
                        -0.4285791268656264,
                        1.1734004724138838,
                        0.0,
                        3.7298137802662676
                    ]
                ],
                "mui": [
                    0.0,
                    0.0,
                    0.0,
                    0.0,
                    1.0,
                    0.0
                ],
                "Ai": [
                    [
                        0.0,
                        0.0,
                        0.0,
                        0.0,
                        0.0,
                        0.0
                    ],
                    [
                        -0.571300330486531,
                        0.0,
                        0.0,
                        0.0,
                        0.0,
                        0.0
                    ],
                    [
                        -0.8859147524932971,
                        -0.0,
                        0.0,
                        0.0,
                        0.0,
                        0.0
                    ],
                    [
                        0.9315068298027402,
                        0.7291320557610244,
                        0.6638296748479162,
                        0.0,
                        0.0,
                        0.0
                    ],
                    [
                        0.0,
                        0.0,
                        0.0,
                        0.0,
                        0.0,
                        0.0
                    ],
                    [
                        0.7878459563353746,
                        -0.8292124989064518,
                        0.0,
                        0.9457074016076139,
                        0.0,
                        0.0
                    ]
                ]
            },
            "est_params": {
                "mui": [
                    0.002235680125034153,
                    -0.0034585346221429614,
                    0.0034936104112695742,
                    -0.006286813001478296,
                    0.9999994833905409,
                    -0.007225559578670535
                ],
                "Si": [
                    [
                        1.0012998063738798,
                        -0.587231792950969,
                        -0.8743370566736641,
                        -0.07010485843070659,
                        -6.594277052261506e-07,
                        1.2141543107148158
                    ],
                    [
                        -0.587231792950969,
                        1.347424198988771,
                        0.5179478227956077,
                        0.781695495399868,
                        2.9510708414547056e-07,
                        -0.8448242252006035
                    ],
                    [
                        -0.8743370566736642,
                        0.5179478227956077,
                        1.7457870170139191,
                        0.723292005611072,
                        2.487561520948735e-07,
                        -0.46316128985762045
                    ],
                    [
                        -0.07010485843070659,
                        0.7816954953998679,
                        0.723292005611072,
                        2.0219673757936047,
                        5.645733459355024e-08,
                        1.1885584836753913
                    ],
                    [
                        -6.594277052261505e-07,
                        2.9510708414547067e-07,
                        2.487561520948735e-07,
                        5.6457334593550286e-08,
                        1.005076387601922e-06,
                        2.60485356354457e-07
                    ],
                    [
                        1.2141543107148158,
                        -0.8448242252006035,
                        -0.46316128985762045,
                        1.1885584836753913,
                        2.6048535635445694e-07,
                        3.7611681492897935
                    ]
                ]
            },
            "est_tgt": [
                3,
                4
            ],
            "oracle_est_tgt": [
                3,
                4
            ]
        },
        "5": {
            "intv_type": "do",
            "inode": 5,
            "new_mui": 1.0,
            "new_sigmai": 0.0,
            "true_params": {
                "Si": [
                    [
                        1.0,
                        -0.571300330486531,
                        -0.8859147524932971,
                        -0.07314305671245436,
                        1.3283570486444196,
                        0.0
                    ],
                    [
                        -0.571300330486531,
                        1.3263840676140195,
                        0.506123390882314,
                        0.7709187082336446,
                        -0.47979354709750655,
                        0.0
                    ],
                    [
                        -0.8859147524932971,
                        0.506123390882314,
                        1.7848449486852598,
                        0.7286281878319334,
                        -2.612419197590785,
                        0.0
                    ],
                    [
                        -0.07314305671245436,
                        0.7709187082336446,
                        0.7286281878319334,
                        1.9776532986922288,
                        -1.5109320873147079,
                        0.0
                    ],
                    [
                        1.3283570486444196,
                        -0.47979354709750655,
                        -2.612419197590785,
                        -1.5109320873147079,
                        5.344654966920461,
                        0.0
                    ],
                    [
                        0.0,
                        0.0,
                        0.0,
                        0.0,
                        0.0,
                        1e-09
                    ]
                ],
                "mui": [
                    0.0,
                    0.0,
                    0.0,
                    0.0,
                    0.0,
                    1.0
                ],
                "Ai": [
                    [
                        0.0,
                        0.0,
                        0.0,
                        0.0,
                        0.0,
                        0.0
                    ],
                    [
                        -0.571300330486531,
                        0.0,
                        0.0,
                        0.0,
                        0.0,
                        0.0
                    ],
                    [
                        -0.8859147524932971,
                        -0.0,
                        0.0,
                        0.0,
                        0.0,
                        0.0
                    ],
                    [
                        0.9315068298027402,
                        0.7291320557610244,
                        0.6638296748479162,
                        0.0,
                        0.0,
                        0.0
                    ],
                    [
                        0.8347524734407761,
                        0.7634389245222588,
                        -0.9946449519842796,
                        -0.6642715087043716,
                        0.0,
                        0.0
                    ],
                    [
                        0.0,
                        0.0,
                        0.0,
                        0.0,
                        0.0,
                        0.0
                    ]
                ]
            },
            "est_params": {
                "mui": [
                    -0.009976634423006902,
                    0.02202963836641058,
                    0.011896531918310178,
                    0.008060041933353121,
                    -0.016771640325071016,
                    1.000001762126747
                ],
                "Si": [
                    [
                        1.011563160494531,
                        -0.5763667844481917,
                        -0.88682288863511,
                        -0.06714048636203032,
                        1.3278926400671938,
                        -5.277786885080328e-07
                    ],
                    [
                        -0.5763667844481916,
                        1.3261237967589836,
                        0.4934427170466926,
                        0.7591297262509982,
                        -0.46314420838180165,
                        -3.3151251966845094e-07
                    ],
                    [
                        -0.88682288863511,
                        0.4934427170466926,
                        1.7785085141924708,
                        0.725081551472512,
                        -2.6060363618856432,
                        1.4449292061279259e-06
                    ],
                    [
                        -0.06714048636203032,
                        0.759129726250998,
                        0.725081551472512,
                        1.9755282286243399,
                        -1.5242597366648682,
                        7.913926287399767e-07
                    ],
                    [
                        1.3278926400671938,
                        -0.46314420838180165,
                        -2.606036361885643,
                        -1.5242597366648682,
                        5.322290631534856,
                        -3.017281406126734e-06
                    ],
                    [
                        -5.277786885080329e-07,
                        -3.315125196684509e-07,
                        1.4449292061279257e-06,
                        7.913926287399767e-07,
                        -3.0172814061267343e-06,
                        1.00716822225676e-06
                    ]
                ]
            },
            "est_tgt": [
                5
            ],
            "oracle_est_tgt": [
                5
            ]
        },
        "obs": {
            "intv_type": "obs",
            "true_params": {
                "Si": [
                    [
                        1.0,
                        -0.571300330486531,
                        -0.8859147524932971,
                        -0.07314305671245436,
                        1.3283570486444196,
                        1.192403400895019
                    ],
                    [
                        -0.571300330486531,
                        1.3263840676140195,
                        0.506123390882314,
                        0.7709187082336446,
                        -0.47979354709750655,
                        -0.8208873740284635
                    ],
                    [
                        -0.8859147524932971,
                        0.506123390882314,
                        1.7848449486852598,
                        0.7286281878319334,
                        -2.612419197590785,
                        -0.4285791268656264
                    ],
                    [
                        -0.07314305671245436,
                        0.7709187082336446,
                        0.7286281878319334,
                        1.9776532986922288,
                        -1.5109320873147079,
                        1.1734004724138838
                    ],
                    [
                        1.3283570486444196,
                        -0.47979354709750655,
                        -2.612419197590785,
                        -1.5109320873147079,
                        5.344654966920461,
                        0.015491877192051496
                    ],
                    [
                        1.192403400895019,
                        -0.8208873740284635,
                        -0.4285791268656264,
                        1.1734004724138838,
                        0.015491877192051496,
                        3.7298137802662676
                    ]
                ],
                "mui": [
                    0.0,
                    0.0,
                    0.0,
                    0.0,
                    0.0,
                    0.0
                ],
                "Ai": [
                    [
                        0.0,
                        0.0,
                        0.0,
                        0.0,
                        0.0,
                        0.0
                    ],
                    [
                        -0.571300330486531,
                        0.0,
                        0.0,
                        0.0,
