{
    "expt_args": {
        "save_dir": "all_expt_logs/expt_logs_11.05.24-mean_shift",
        "exp_name": "360",
        "num_nodes": 6,
        "obs_noise_mean": 0.0,
        "obs_noise_var": 1.0,
        "max_edge_strength": 1.0,
        "graph_sparsity_method": "adj_dense_prop",
        "adj_dense_prop": 0.8,
        "num_parents": null,
        "new_noise_mean": 1.0,
        "mix_samples": 1024,
        "stage2_samples": 1024,
        "gmm_tol": 0.001,
        "intv_type": "do",
        "new_noise_sigma": 0.0,
        "intv_targets": [
            0,
            1,
            2,
            3,
            4,
            5
        ]
    },
    "intv_args_dict": {
        "0": {
            "intv_type": "do",
            "inode": 0,
            "new_mui": 1.0,
            "new_sigmai": 0.0,
            "true_params": {
                "Si": [
                    [
                        1e-09,
                        -8.178307111926522e-10,
                        1.306321815905758e-09,
                        -1.154245024693704e-09,
                        2.1947295159390063e-09,
                        2.7069065284458204e-09
                    ],
                    [
                        -8.178307111926522e-10,
                        1.000000000668847,
                        -0.795717513397786,
                        0.655215760872358,
                        -1.2967792899127975,
                        -1.5511476400020647
                    ],
                    [
                        1.306321815905758e-09,
                        -0.795717513397786,
                        1.6331663611342226,
                        -0.5213666560370677,
                        1.9718884753226547,
                        1.2342753431326567
                    ],
                    [
                        -1.154245024693704e-09,
                        0.655215760872358,
                        -0.5213666560370677,
                        1.4293076933908073,
                        -1.6872418394440771,
                        -1.9978899060733382
                    ],
                    [
                        2.1947295159390063e-09,
                        -1.2967792899127975,
                        1.9718884753226547,
                        -1.6872418394440771,
                        4.266797477997072,
                        2.833617501600981
                    ],
                    [
                        2.7069065284458204e-09,
                        -1.5511476400020647,
                        1.2342753431326567,
                        -1.9978899060733382,
                        2.833617501600981,
                        4.369506323383382
                    ]
                ],
                "mui": [
                    1.0,
                    -0.8178307111926522,
                    1.306321815905758,
                    -1.154245024693704,
                    2.1947295159390063,
                    2.7069065284458205
                ],
                "Ai": [
                    [
                        0.0,
                        0.0,
                        0.0,
                        0.0,
                        0.0,
                        0.0
                    ],
                    [
                        -0.8178307111926522,
                        0.0,
                        0.0,
                        0.0,
                        0.0,
                        0.0
                    ],
                    [
                        0.6555595968889274,
                        -0.7957175123294359,
                        0.0,
                        0.0,
                        0.0,
                        0.0
                    ],
                    [
                        -0.6183894537668421,
                        0.655215759928381,
                        0.0,
                        0.0,
                        0.0,
                        0.0
                    ],
                    [
                        0.0,
                        -0.0,
                        0.9400184832741352,
                        -0.8375716101872797,
                        0.0,
                        0.0
                    ],
                    [
                        0.8313480046899779,
                        -0.9080182991952851,
                        0.0,
                        -0.9815535246943481,
                        -0.0,
                        0.0
                    ]
                ]
            },
            "est_params": {
                "mui": [
                    1.0000191969538998,
                    -0.8944205689110466,
                    1.4604976723099703,
                    -1.2891508450074405,
                    2.584503903128082,
                    2.8410029342562266
                ],
                "Si": [
                    [
                        1.0470909961730976e-06,
                        -1.0161102185574694e-05,
                        9.517772472375036e-06,
                        4.7990020952167725e-06,
                        1.664932889037182e-07,
                        1.4860045981546131e-05
                    ],
                    [
                        -1.0161102185574694e-05,
                        0.9841212593365591,
                        -0.7524952023333462,
                        0.8615354049276475,
                        -1.4818456015847572,
                        -1.5924039686538232
                    ],
                    [
                        9.517772472375036e-06,
                        -0.7524952023333461,
                        1.5507152409038922,
                        -0.6669390315192901,
                        2.164814562311236,
                        1.23441124608181
                    ],
                    [
                        4.7990020952167725e-06,
                        0.8615354049276475,
                        -0.6669390315192901,
                        1.834532869438351,
                        -2.1156981971724185,
                        -2.6019342079550407
                    ],
                    [
                        1.6649328890371972e-07,
                        -1.481845601584757,
                        2.164814562311236,
                        -2.1156981971724185,
                        4.979728449480606,
                        3.340354258960288
                    ],
                    [
                        1.4860045981546131e-05,
                        -1.5924039686538232,
                        1.2344112460818104,
                        -2.601934207955041,
                        3.340354258960288,
                        4.639100603935066
                    ]
                ]
            },
            "est_tgt": [
                0
            ],
            "oracle_est_tgt": [
                0
            ]
        },
        "1": {
            "intv_type": "do",
            "inode": 1,
            "new_mui": 1.0,
            "new_sigmai": 0.0,
            "true_params": {
                "Si": [
                    [
                        1.0,
                        0.0,
                        0.6555595968889274,
                        -0.6183894537668421,
                        1.1341835884776592,
                        1.4383303526686344
                    ],
                    [
                        0.0,
                        1e-09,
                        -7.957175123294359e-10,
                        6.55215759928381e-10,
                        -1.2967792881178805e-09,
                        -1.5511476377882735e-09
                    ],
                    [
                        0.6555595968889274,
                        -7.957175123294359e-10,
                        1.4297583857063394,
                        -0.40539114155312167,
                        1.6835434203664565,
                        0.9429112674228342
                    ],
                    [
                        -0.6183894537668421,
                        6.55215759928381e-10,
                        -0.40539114155312167,
                        1.382405516959361,
                        -1.5389387807869663,
                        -1.8710018468337106
                    ],
                    [
                        1.1341835884776592,
                        -1.2967792881178805e-09,
                        1.6835434203664565,
                        -1.5389387807869663,
                        3.8715333651424144,
                        2.4534520489807896
                    ],
                    [
                        1.4383303526686344,
                        -1.5511476377882735e-09,
                        0.9429112674228342,
                        -1.8710018468337106,
                        2.4534520489807896,
                        4.032241527653835
                    ]
                ],
                "mui": [
                    0.0,
                    1.0,
                    -0.7957175123294359,
                    0.655215759928381,
                    -1.2967792881178803,
                    -1.5511476377882734
                ],
                "Ai": [
                    [
                        0.0,
                        0.0,
                        0.0,
                        0.0,
                        0.0,
                        0.0
                    ],
                    [
                        0.0,
                        0.0,
                        0.0,
                        0.0,
                        0.0,
                        0.0
                    ],
                    [
                        0.6555595968889274,
                        -0.7957175123294359,
                        0.0,
                        0.0,
                        0.0,
                        0.0
                    ],
                    [
                        -0.6183894537668421,
                        0.655215759928381,
                        0.0,
                        0.0,
                        0.0,
                        0.0
                    ],
                    [
                        0.0,
                        -0.0,
                        0.9400184832741352,
                        -0.8375716101872797,
                        0.0,
                        0.0
                    ],
                    [
                        0.8313480046899779,
                        -0.9080182991952851,
                        0.0,
                        -0.9815535246943481,
                        -0.0,
                        0.0
                    ]
                ]
            },
            "est_params": {
                "mui": [
                    0.056927661293204354,
                    0.9999998743586539,
                    -0.5680418460767412,
                    0.6549004207679318,
                    -1.0140157742416667,
                    -1.3833949176667153
                ],
                "Si": [
                    [
                        1.0437413233314812,
                        1.6725955538968638e-07,
                        0.7655296226205031,
                        -0.7158649993696113,
                        1.310570934535894,
                        1.5900934790319043
                    ],
                    [
                        1.6725955538968633e-07,
                        1.0007643303562722e-06,
                        4.998062568411931e-07,
                        -6.649416378037746e-08,
                        4.981381055494346e-07,
                        1.6925206464471347e-07
                    ],
                    [
                        0.7655296226205031,
                        4.998062568411932e-07,
                        1.8292243595514015,
                        -0.41622198217088907,
                        2.040073191066906,
                        1.032358946655656
                    ],
                    [
                        -0.7158649993696113,
                        -6.649416378037747e-08,
                        -0.41622198217088907,
                        1.493472718300892,
                        -1.6455875964264104,
                        -1.911053249165572
                    ],
                    [
                        1.310570934535894,
                        4.981381055494347e-07,
                        2.040073191066906,
                        -1.6455875964264108,
                        4.189744412687544,
                        2.6196779035236673
                    ],
                    [
                        1.5900934790319043,
                        1.6925206464471347e-07,
                        1.032358946655656,
                        -1.911053249165572,
                        2.6196779035236673,
                        4.067780870093105
                    ]
                ]
            },
            "est_tgt": [
                1,
                2,
                5
            ],
            "oracle_est_tgt": [
                1,
                2,
                5
            ]
        },
        "2": {
            "intv_type": "do",
            "inode": 2,
            "new_mui": 1.0,
            "new_sigmai": 0.0,
            "true_params": {
                "Si": [
                    [
                        1.0,
                        -0.8178307111926522,
                        0.0,
                        -1.154245024693704,
                        0.966762863883362,
                        2.7069065284458205
                    ],
                    [
                        -0.8178307111926522,
                        1.6688470721698794,
                        0.0,
                        1.5991927893642133,
                        -1.3394384795876713,
                        -3.764938929079152
                    ],
                    [
                        0.0,
                        0.0,
                        1e-09,
                        0.0,
                        9.400184832741352e-10,
                        0.0
                    ],
                    [
                        -1.154245024693704,
                        1.5991927893642133,
                        0.0,
                        2.761589269088695,
                        -2.313028770786531,
                        -5.1223232957184
                    ],
                    [
                        0.966762863883362,
                        -1.3394384795876713,
                        9.400184832741352e-10,
                        -2.313028770786531,
                        2.9373272328408135,
                        4.290312570694673
                    ],
                    [
                        2.7069065284458205,
                        -3.764938929079152,
                        0.0,
                        -5.1223232957184,
                        4.290312570694673,
                        11.696849269798642
                    ]
                ],
                "mui": [
                    0.0,
                    0.0,
                    1.0,
                    0.0,
                    0.9400184832741352,
                    0.0
                ],
                "Ai": [
                    [
                        0.0,
                        0.0,
                        0.0,
                        0.0,
                        0.0,
                        0.0
                    ],
                    [
                        -0.8178307111926522,
                        0.0,
                        0.0,
                        0.0,
                        0.0,
                        0.0
                    ],
                    [
                        0.0,
                        0.0,
                        0.0,
                        0.0,
                        0.0,
                        0.0
                    ],
                    [
                        -0.6183894537668421,
                        0.655215759928381,
                        0.0,
                        0.0,
                        0.0,
                        0.0
                    ],
                    [
                        0.0,
                        -0.0,
                        0.9400184832741352,
                        -0.8375716101872797,
                        0.0,
                        0.0
                    ],
                    [
                        0.8313480046899779,
                        -0.9080182991952851,
                        0.0,
                        -0.9815535246943481,
                        -0.0,
                        0.0
                    ]
                ]
            },
            "est_params": {
                "mui": [
                    -0.1963294748983508,
                    0.274920386887075,
                    1.000000860279619,
                    0.2891256986582185,
                    0.7601937070474211,
                    -0.7475089724907276
                ],
                "Si": [
                    [
                        0.9723237034774375,
                        -0.766680616197363,
                        6.014886036793435e-07,
                        -1.1188730985359625,
                        0.912415941271236,
                        2.7351076528051506
                    ],
                    [
                        -0.7666806161973632,
                        1.4527525891771267,
                        -6.505149700585798e-07,
                        1.4509365022332223,
                        -1.2914545881275532,
                        -3.424909248069067
                    ],
                    [
                        6.014886036793435e-07,
                        -6.505149700585799e-07,
                        1.0009252483674494e-06,
                        -7.959374454005267e-07,
                        3.825899991784514e-07,
                        1.5038652822445166e-06
                    ],
                    [
                        -1.1188730985359625,
                        1.4509365022332223,
                        -7.959374454005269e-07,
                        2.6788585610175017,
                        -2.307705826229845,
                        -4.868426737783412
                    ],
                    [
                        0.912415941271236,
                        -1.291454588127553,
                        3.825899991784514e-07,
                        -2.3077058262298453,
                        3.0026698363744653,
                        4.196754930735342
                    ],
                    [
                        2.73510765280515,
                        -3.424909248069067,
                        1.5038652822445166e-06,
                        -4.86842673778341,
                        4.196754930735342,
                        11.272549058396075
                    ]
                ]
            },
            "est_tgt": [
                2
            ],
            "oracle_est_tgt": [
                2
            ]
        },
        "3": {
            "intv_type": "do",
            "inode": 3,
            "new_mui": 1.0,
            "new_sigmai": 0.0,
            "true_params": {
                "Si": [
                    [
                        1.0,
                        -0.8178307111926522,
                        1.306321815905758,
                        0.0,
                        1.2279666520556445,
                        1.5739532560968004
                    ],
                    [
                        -0.8178307111926522,
                        1.6688470721698794,
                        -1.8640676120781188,
                        0.0,
                        -1.7522580094261122,
                        -2.195245610012922
                    ],
                    [
                        1.306321815905758,
                        -1.8640676120781188,
                        3.339643046139063,
                        0.0,
                        3.1393261909086543,
                        2.7786155378404302
                    ],
                    [
                        0.0,
                        0.0,
                        0.0,
                        1e-09,
                        -8.375716101872798e-10,
                        -9.815535246943482e-10
                    ],
                    [
                        1.2279666520556445,
                        -1.7522580094261122,
                        3.1393261909086543,
                        -8.375716101872798e-10,
                        3.9510246451822475,
                        2.611949964304828
                    ],
                    [
                        1.5739532560968004,
                        -2.195245610012922,
                        2.7786155378404302,
                        -9.815535246943482e-10,
                        2.611949964304828,
                        4.301826085014666
                    ]
                ],
                "mui": [
                    0.0,
                    0.0,
                    0.0,
                    1.0,
                    -0.8375716101872797,
                    -0.9815535246943481
                ],
                "Ai": [
                    [
                        0.0,
                        0.0,
                        0.0,
                        0.0,
                        0.0,
                        0.0
                    ],
                    [
                        -0.8178307111926522,
                        0.0,
                        0.0,
                        0.0,
                        0.0,
                        0.0
                    ],
                    [
                        0.6555595968889274,
                        -0.7957175123294359,
                        0.0,
                        0.0,
                        0.0,
                        0.0
                    ],
                    [
                        0.0,
                        0.0,
                        0.0,
                        0.0,
                        0.0,
                        0.0
                    ],
                    [
                        0.0,
                        -0.0,
                        0.9400184832741352,
                        -0.8375716101872797,
                        0.0,
                        0.0
                    ],
                    [
                        0.8313480046899779,
                        -0.9080182991952851,
                        0.0,
                        -0.9815535246943481,
                        -0.0,
                        0.0
                    ]
                ]
            },
            "est_params": {
                "mui": [
                    0.029094797862475937,
                    -0.013822009252715182,
                    0.21585820346054482,
                    1.000019506344381,
                    -0.619957034463145,
                    -0.867520538580989
                ],
                "Si": [
                    [
                        1.0797835709030208,
                        -0.7309718970020013,
                        1.2866783986664376,
                        -1.4951668296173432e-05,
                        1.1488364320282543,
                        1.6071287608241573
                    ],
                    [
                        -0.7309718970020013,
                        1.484206383837046,
                        -1.7618472971047416,
                        -1.3800589559697431e-05,
                        -1.6556632395107898,
                        -2.0910490420270755
                    ],
                    [
                        1.2866783986664376,
                        -1.7618472971047412,
                        3.208969990957419,
                        -1.3811591940154014e-06,
                        2.92530606552232,
                        2.872621001138221
                    ],
                    [
                        -1.4951668296173432e-05,
                        -1.3800589559697431e-05,
                        -1.3811591940154016e-06,
                        1.0572287248610757e-06,
                        1.27974037391684e-05,
                        1.247151150757313e-05
                    ],
                    [
                        1.1488364320282543,
                        -1.6556632395107898,
                        2.92530606552232,
                        1.27974037391684e-05,
                        3.7332220593918124,
                        2.559235020323001
                    ],
                    [
                        1.6071287608241573,
                        -2.0910490420270755,
                        2.872621001138221,
                        1.247151150757313e-05,
                        2.559235020323001,
                        4.195512993954738
                    ]
                ]
            },
            "est_tgt": [
                2,
                3,
                5
            ],
            "oracle_est_tgt": [
                3,
                5
            ]
        },
        "4": {
            "intv_type": "do",
            "inode": 4,
            "new_mui": 1.0,
            "new_sigmai": 0.0,
            "true_params": {
                "Si": [
                    [
                        1.0,
                        -0.8178307111926522,
                        1.306321815905758,
                        -1.154245024693704,
                        0.0,
                        2.7069065284458205
                    ],
                    [
                        -0.8178307111926522,
                        1.6688470721698794,
                        -1.8640676120781188,
                        1.5991927893642133,
                        0.0,
                        -3.764938929079152
                    ],
                    [
                        1.306321815905758,
                        -1.8640676120781188,
                        3.339643046139063,
                        -2.029182111187318,
                        0.0,
                        4.770366391323061
                    ],
                    [
                        -1.154245024693704,
                        1.5991927893642133,
                        -2.029182111187318,
                        2.761589269088695,
                        0.0,
                        -5.1223232957184
                    ],
                    [
                        0.0,
                        0.0,
                        0.0,
                        0.0,
                        1e-09,
                        0.0
                    ],
                    [
                        2.7069065284458205,
                        -3.764938929079152,
                        4.770366391323061,
                        -5.1223232957184,
                        0.0,
                        11.696849269798642
                    ]
                ],
                "mui": [
                    0.0,
                    0.0,
                    0.0,
                    0.0,
                    1.0,
                    0.0
                ],
                "Ai": [
                    [
                        0.0,
                        0.0,
                        0.0,
                        0.0,
                        0.0,
                        0.0
                    ],
                    [
                        -0.8178307111926522,
                        0.0,
                        0.0,
                        0.0,
                        0.0,
                        0.0
                    ],
                    [
                        0.6555595968889274,
                        -0.7957175123294359,
                        0.0,
                        0.0,
                        0.0,
                        0.0
                    ],
                    [
                        -0.6183894537668421,
                        0.655215759928381,
                        0.0,
                        0.0,
                        0.0,
                        0.0
                    ],
                    [
                        0.0,
                        0.0,
                        0.0,
                        0.0,
                        0.0,
                        0.0
                    ],
                    [
                        0.8313480046899779,
                        -0.9080182991952851,
                        0.0,
                        -0.9815535246943481,
                        -0.0,
                        0.0
                    ]
                ]
            },
            "est_params": {
                "mui": [
                    0.6682685205758946,
                    0.6685320542980803,
                    -0.5320818833476724,
                    0.5110065219900651,
                    -1.8494333960169902,
                    -1.6275949617236878
                ],
                "Si": [
                    [
                        0.09590485776014966,
                        0.16823907157088974,
                        -0.038788175225748754,
                        -0.28127321528765326,
                        0.11593365011046097,
                        0.013854871419073371
                    ],
                    [
                        0.16823907157088977,
                        0.6143179653521755,
                        -0.07307124457329112,
                        -0.9308682557672423,
                        0.25870062969308166,
                        0.18264409900908601
                    ],
                    [
                        -0.03878817522574874,
                        -0.07307124457329113,
                        0.2660843965790571,
                        0.36677112441395177,
                        0.22208744851119683,
                        0.07773454931853975
                    ],
                    [
                        -0.2812732152876532,
                        -0.9308682557672422,
                        0.36677112441395177,
                        1.9139813110887143,
                        -0.43774359303859867,
                        -0.1547460963659422
                    ],
                    [
                        0.11593365011046099,
                        0.25870062969308166,
                        0.22208744851119683,
                        -0.43774359303859867,
                        0.8059830767240775,
                        0.1268948145869234
                    ],
                    [
                        0.013854871419073371,
                        0.18264409900908596,
                        0.07773454931853975,
                        -0.1547460963659422,
                        0.1268948145869234,
                        0.1155937259238127
                    ]
                ]
            },
            "est_tgt": [
                0,
                1,
                2,
                3,
                4,
                5
            ],
            "oracle_est_tgt": [
                4
            ]
        },
        "5": {
            "intv_type": "do",
            "inode": 5,
            "new_mui": 1.0,
            "new_sigmai": 0.0,
            "true_params": {
                "Si": [
                    [
                        1.0,
                        -0.8178307111926522,
                        1.306321815905758,
                        -1.154245024693704,
                        2.1947295159390063,
                        0.0
                    ],
                    [
                        -0.8178307111926522,
                        1.6688470721698794,
                        -1.8640676120781188,
                        1.5991927893642133,
                        -3.091696489013783,
                        0.0
                    ],
                    [
                        1.306321815905758,
                        -1.8640676120781188,
                        3.339643046139063,
                        -2.029182111187318,
                        4.83891151913904,
                        0.0
                    ],
                    [
                        -1.154245024693704,
                        1.5991927893642133,
                        -2.029182111187318,
                        2.761589269088695,
                        -4.220497461231841,
                        0.0
                    ],
                    [
                        2.1947295159390063,
                        -3.091696489013783,
                        4.83891151913904,
                        -4.220497461231841,
                        9.0836351213141,
                        0.0
                    ],
                    [
                        0.0,
                        0.0,
                        0.0,
                        0.0,
                        0.0,
                        1e-09
                    ]
                ],
                "mui": [
                    0.0,
                    0.0,
                    0.0,
                    0.0,
                    0.0,
                    1.0
                ],
                "Ai": [
                    [
                        0.0,
                        0.0,
                        0.0,
                        0.0,
                        0.0,
                        0.0
                    ],
                    [
                        -0.8178307111926522,
                        0.0,
                        0.0,
                        0.0,
                        0.0,
                        0.0
                    ],
                    [
                        0.6555595968889274,
                        -0.7957175123294359,
                        0.0,
                        0.0,
                        0.0,
                        0.0
                    ],
                    [
                        -0.6183894537668421,
                        0.655215759928381,
                        0.0,
                        0.0,
                        0.0,
                        0.0
                    ],
                    [
                        0.0,
                        -0.0,
                        0.9400184832741352,
                        -0.8375716101872797,
                        0.0,
                        0.0
                    ],
                    [
                        0.0,
                        0.0,
                        0.0,
                        0.0,
                        0.0,
                        0.0
                    ]
                ]
            },
            "est_params": {
                "mui": [
                    0.07353732969829908,
                    0.06919607486508185,
                    -0.020388416476789774,
                    0.16582599444105903,
                    -0.09352572207572783,
                    0.9999999999473898
                ],
                "Si": [
                    [
                        0.8563973157620296,
                        -0.6584201931643012,
                        1.1947836423048255,
                        -0.9199002695568622,
                        1.9835646202562904,
                        -8.592978593389034e-11
                    ],
                    [
                        -0.6584201931643012,
                        1.406208485867495,
                        -1.6946137656166198,
                        1.1919056480841337,
                        -2.6187602548879054,
                        1.256240153386659e-10
                    ],
                    [
                        1.1947836423048255,
                        -1.69461376561662,
                        3.1770814123398976,
                        -1.5178135069029384,
                        4.362568816545246,
                        -1.4357891842713122e-10
                    ],
                    [
                        -0.9199002695568622,
                        1.1919056480841337,
                        -1.5178135069029384,
                        2.2187603462002543,
                        -3.32430296281724,
                        1.4338832939807642e-10
                    ],
                    [
                        1.9835646202562904,
                        -2.618760254887905,
                        4.362568816545246,
                        -3.32430296281724,
                        7.894398802740279,
                        -2.7881322568605506e-10
                    ],
                    [
                        -8.592978593389034e-11,
                        1.256240153386659e-10,
                        -1.4357891842713122e-10,
                        1.4338832939807642e-10,
                        -2.788132256860551e-10,
                        1.0000000010014044e-06
                    ]
                ]
            },
            "est_tgt": [
                1,
                2,
                3,
                5
            ],
            "oracle_est_tgt": [
                1,
                2,
                3,
                5
            ]
        },
        "obs": {
            "intv_type": "obs",
            "true_params": {
                "Si": [
                    [
                        1.0,
                        -0.8178307111926522,
                        1.306321815905758,
                        -1.154245024693704,
                        2.1947295159390063,
                        2.7069065284458205
                    ],
                    [
                        -0.8178307111926522,
                        1.6688470721698794,
                        -1.8640676120781188,
                        1.5991927893642133,
                        -3.091696489013783,
                        -3.764938929079152
                    ],
                    [
                        1.306321815905758,
                        -1.8640676120781188,
                        3.339643046139063,
                        -2.029182111187318,
                        4.83891151913904,
                        4.770366391323061
                    ],
                    [
                        -1.154245024693704,
                        1.5991927893642133,
                        -2.029182111187318,
                        2.761589269088695,
                        -4.220497461231841,
                        -5.1223232957184
                    ],
                    [
                        2.1947295159390063,
                        -3.091696489013783,
                        4.83891151913904,
                        -4.220497461231841,
                        9.0836351213141,
                        8.774545150528086
                    ],
                    [
                        2.7069065284458205,
                        -3.764938929079152,
                        4.770366391323061,
                        -5.1223232957184,
                        8.774545150528086,
                        11.696849269798642
                    ]
                ],
                "mui": [
                    0.0,
                    0.0,
                    0.0,
                    0.0,
                    0.0,
                    0.0
                ],
                "Ai": [
                    [
                        0.0,
                        0.0,
                        0.0,
                        0.0,
                        0.0,
                        0.0
                    ],
                    [
                        -0.8178307111926522,
                        0.0,
                        0.0,
                        0.0,
                        0.0,
                        0.0
                    ],
                    [
