{
    "expt_args": {
        "save_dir": "all_expt_logs/expt_logs_11.05.24-half_intv_weight_error_all_comp_utigsp",
        "exp_name": "112",
        "num_nodes": 8,
        "obs_noise_mean": 0.0,
        "obs_noise_var": 1.0,
        "max_edge_strength": 1.0,
        "graph_sparsity_method": "adj_dense_prop",
        "adj_dense_prop": 0.8,
        "num_parents": null,
        "new_noise_mean": 1.0,
        "mix_samples": 1024,
        "stage2_samples": 1024,
        "gmm_tol": 0.001,
        "intv_type": "do",
        "new_noise_var": null,
        "intv_targets": [
            5,
            4,
            6,
            7
        ]
    },
    "intv_args_dict": {
        "5": {
            "intv_type": "do",
            "inode": 5,
            "new_mui": 1.0,
            "new_vari": null,
            "true_params": {
                "Si": [
                    [
                        1.0,
                        0.998224683025237,
                        0.04623303573310833,
                        -1.4164247179995433,
                        -0.9794572550271727,
                        0.0,
                        0.8459460386382408,
                        -0.4290315208112774
                    ],
                    [
                        0.998224683025237,
                        1.996452517800835,
                        0.8691259392526407,
                        -1.6515667276073331,
                        0.3768719693264203,
                        0.0,
                        2.7308505679754727,
                        -2.544768757317155
                    ],
                    [
                        0.04623303573310833,
                        0.8691259392526407,
                        1.6794253142826538,
                        0.41789326395391235,
                        2.349090003796043,
                        0.0,
                        2.449141518058649,
                        -2.631548430172879
                    ],
                    [
                        -1.4164247179995433,
                        -1.6515667276073331,
                        0.41789326395391235,
                        3.5237322016431394,
                        2.48317794726347,
                        0.0,
                        -0.6963504335625925,
                        0.41385368210607426
                    ],
                    [
                        -0.9794572550271727,
                        0.3768719693264203,
                        2.349090003796043,
                        2.48317794726347,
                        5.732963862684387,
                        0.0,
                        3.696245543233596,
                        -5.08317559445517
                    ],
                    [
                        0.0,
                        0.0,
                        0.0,
                        0.0,
                        0.0,
                        1e-09,
                        7.428587968570651e-10,
                        -1.0996199515845973e-10
                    ],
                    [
                        0.8459460386382408,
                        2.7308505679754727,
                        2.449141518058649,
                        -0.6963504335625925,
                        3.696245543233596,
                        7.428587968570651e-10,
                        6.59410335480125,
                        -7.069131766689446
                    ],
                    [
                        -0.4290315208112774,
                        -2.544768757317155,
                        -2.631548430172879,
                        0.41385368210607426,
                        -5.08317559445517,
                        -1.0996199515845973e-10,
                        -7.069131766689446,
                        9.474129738655508
                    ]
                ],
                "mui": [
                    0.0,
                    0.0,
                    0.0,
                    0.0,
                    0.0,
                    1.0,
                    0.742858796857065,
                    -0.10996199515845972
                ],
                "Ai": [
                    [
                        0.0,
                        0.0,
                        0.0,
                        0.0,
                        0.0,
                        0.0,
                        0.0,
                        0.0
                    ],
                    [
                        0.998224683025237,
                        0.0,
                        0.0,
                        0.0,
                        0.0,
                        0.0,
                        0.0,
                        0.0
                    ],
                    [
                        -0.7752809046245386,
                        0.8229749818126642,
                        0.0,
                        0.0,
                        0.0,
                        0.0,
                        0.0,
                        0.0
                    ],
                    [
                        -0.6528019453749864,
                        -0.7964272653609386,
                        0.6789643248657158,
                        0.0,
                        0.0,
                        0.0,
                        0.0,
                        0.0
                    ],
                    [
                        -0.9812282270541101,
                        0.7387585570751687,
                        0.9068352479195289,
                        0.5489891492157375,
                        0.0,
                        0.0,
                        0.0,
                        0.0
                    ],
                    [
                        0.0,
                        0.0,
                        0.0,
                        0.0,
                        0.0,
                        0.0,
                        0.0,
                        0.0
                    ],
                    [
                        0.5255403360414937,
                        0.9785687858220851,
                        -0.0,
                        0.0,
                        0.6701934260833913,
                        0.742858796857065,
                        0.0,
                        0.0
                    ],
                    [
                        0.0,
                        0.5235156366640048,
                        0.5307459098750626,
                        0.6980566760948581,
                        -0.8305210337286787,
                        0.5933145044154643,
                        -0.9467162569109926,
                        0.0
                    ]
                ]
            },
            "est_params": {
                "mui": [
                    0.1461418946795364,
                    0.06176713849051196,
                    -0.054924398387260855,
                    -0.25821748395968297,
                    -0.14218975674084094,
                    1.0000003875929182,
                    0.8937408910580942,
                    -0.4322979531981308
                ],
                "Si": [
                    [
                        0.8690724654901123,
                        0.8729151715407508,
                        0.005741037333301604,
                        -1.2998972512898272,
                        -0.8412146819891352,
                        -6.748913851213122e-07,
                        0.6761752092559218,
                        -0.3353045053710445
                    ],
                    [
                        0.8729151715407509,
                        1.9301907009955093,
                        0.8348090738159027,
                        -1.6801577399503886,
                        0.5138792217421452,
                        -2.1802938781300307e-06,
                        2.658268430305825,
                        -2.6664953269727327
                    ],
                    [
                        0.005741037333301588,
                        0.8348090738159026,
                        1.6172056025658141,
                        0.47298408125865343,
                        2.4703546345654073,
                        -2.2970785439187747e-06,
                        2.660356785579371,
                        -2.8830975910824517
                    ],
                    [
                        -1.2998972512898272,
                        -1.6801577399503886,
                        0.47298408125865343,
                        3.8357048684744752,
                        2.4906688532609516,
                        5.7096246302974e-06,
                        -0.4358655521397069,
                        0.5326255333649075
                    ],
                    [
                        -0.8412146819891352,
                        0.5138792217421452,
                        2.4703546345654073,
                        2.4906688532609516,
                        5.844849054812854,
                        -3.110910945687106e-06,
                        4.331324798426802,
                        -5.648522023791988
                    ],
                    [
                        -6.74891385121312e-07,
                        -2.1802938781300307e-06,
                        -2.297078543918774e-06,
                        5.709624630297399e-06,
                        -3.1109109456871063e-06,
                        1.000971965551083e-06,
                        -7.846569588307329e-06,
                        1.2572404922771184e-05
                    ],
                    [
                        0.6761752092559218,
                        2.658268430305825,
                        2.660356785579371,
                        -0.4358655521397069,
                        4.331324798426802,
                        -7.846569588307329e-06,
                        7.173830108282855,
                        -7.833806416426662
                    ],
                    [
                        -0.3353045053710445,
                        -2.666495326972733,
                        -2.8830975910824517,
                        0.5326255333649074,
                        -5.648522023791987,
                        1.2572404922771185e-05,
                        -7.833806416426663,
                        10.603504293326209
                    ]
                ]
            },
            "est_tgt": [
                0,
                5
            ],
            "oracle_est_tgt": [
                0,
                5,
                6
            ],
            "intv_base_est_tgt": [
                0,
                1,
                2,
                3,
                4,
                5,
                6,
                7
            ]
        },
        "4": {
            "intv_type": "do",
            "inode": 4,
            "new_mui": 1.0,
            "new_vari": null,
            "true_params": {
                "Si": [
                    [
                        1.0,
                        0.998224683025237,
                        0.04623303573310833,
                        -1.4164247179995433,
                        0.0,
                        0.41349674891638327,
                        1.809541549491468,
                        -1.9094092892999723
                    ],
                    [
                        0.998224683025237,
                        1.996452517800835,
                        0.8691259392526407,
                        -1.6515667276073331,
                        0.0,
                        0.7433175856531677,
                        3.0304534590188146,
                        -2.07438648238197
                    ],
                    [
                        0.04623303573310833,
                        0.8691259392526407,
                        1.6794253142826538,
                        0.41789326395391235,
                        0.0,
                        0.7091944734244213,
                        1.4016281935020773,
                        0.7318934893241004
                    ],
                    [
                        -1.4164247179995433,
                        -1.6515667276073331,
                        0.41789326395391235,
                        3.5237322016431394,
                        0.0,
                        -1.0048376359405988,
                        -3.1070124468853506,
                        4.162213371743926
                    ],
                    [
                        0.0,
                        0.0,
                        0.0,
                        0.0,
                        1e-09,
                        0.0,
                        6.701934260833913e-10,
                        -1.4650040454767008e-09
                    ],
                    [
                        0.41349674891638327,
                        0.7433175856531677,
                        0.7091944734244213,
                        -1.0048376359405988,
                        0.0,
                        1.8449097991177466,
                        2.315204081332824,
                        -1.0331227736966149
                    ],
                    [
                        1.809541549491468,
                        3.0304534590188146,
                        1.4016281935020773,
                        -3.1070124468853506,
                        6.701934260833913e-10,
                        2.315204081332824,
                        6.636363954669798,
                        -4.747582059496457
                    ],
                    [
                        -1.9094092892999723,
                        -2.07438648238197,
                        0.7318934893241004,
                        4.162213371743926,
                        -1.4650040454767008e-09,
                        -1.0331227736966149,
                        -4.747582059496457,
                        7.089582938873537
                    ]
                ],
                "mui": [
                    0.0,
                    0.0,
                    0.0,
                    0.0,
                    1.0,
                    0.0,
                    0.6701934260833913,
                    -1.4650040454767008
                ],
                "Ai": [
                    [
                        0.0,
                        0.0,
                        0.0,
                        0.0,
                        0.0,
                        0.0,
                        0.0,
                        0.0
                    ],
                    [
                        0.998224683025237,
                        0.0,
                        0.0,
                        0.0,
                        0.0,
                        0.0,
                        0.0,
                        0.0
                    ],
                    [
                        -0.7752809046245386,
                        0.8229749818126642,
                        0.0,
                        0.0,
                        0.0,
                        0.0,
                        0.0,
                        0.0
                    ],
                    [
                        -0.6528019453749864,
                        -0.7964272653609386,
                        0.6789643248657158,
                        0.0,
                        0.0,
                        0.0,
                        0.0,
                        0.0
                    ],
                    [
                        0.0,
                        0.0,
                        0.0,
                        0.0,
                        0.0,
                        0.0,
                        0.0,
                        0.0
                    ],
                    [
                        -0.0,
                        -0.5107900746298151,
                        0.8420014743607882,
                        -0.624425508652413,
                        -0.0,
                        0.0,
                        0.0,
                        0.0
                    ],
                    [
                        0.5255403360414937,
                        0.9785687858220851,
                        -0.0,
                        0.0,
                        0.6701934260833913,
                        0.742858796857065,
                        0.0,
                        0.0
                    ],
                    [
                        0.0,
                        0.5235156366640048,
                        0.5307459098750626,
                        0.6980566760948581,
                        -0.8305210337286787,
                        0.5933145044154643,
                        -0.9467162569109926,
                        0.0
                    ]
                ]
            },
            "est_params": {
                "mui": [
                    -0.08218058491887967,
                    -0.12758114636148588,
                    0.04294304552370005,
                    0.1640475613918426,
                    0.999977291390757,
                    -0.02160571298640266,
                    0.5867862336765621,
                    -1.385012046287933
                ],
                "Si": [
                    [
                        0.8806201234116454,
                        0.8290592097020509,
                        0.013541490051394149,
                        -1.2590767232953926,
                        4.606024018554081e-05,
                        0.4701944009891572,
                        1.535791054100934,
                        -1.6064345765251908
                    ],
                    [
                        0.8290592097020509,
                        1.6327262371429778,
                        0.6439786298046124,
                        -1.3162226186572872,
                        4.4963964688842375e-05,
                        0.5663534843501704,
                        2.3586656833682165,
                        -1.6492470960673349
                    ],
                    [
                        0.013541490051394161,
                        0.6439786298046124,
                        1.505825104458577,
                        0.5787207580853513,
                        3.1767079227579286e-05,
                        0.6687309775646212,
                        1.2063759006135428,
                        0.7616508192634278
                    ],
                    [
                        -1.2590767232953928,
                        -1.3162226186572872,
                        0.5787207580853513,
                        3.330836648845856,
                        -3.662319396581233e-05,
                        -1.0926632058981387,
                        -2.5685159894104377,
                        3.8098847705851258
                    ],
                    [
                        4.606024018554081e-05,
                        4.4963964688842375e-05,
                        3.1767079227579286e-05,
                        -3.6623193965812336e-05,
                        1.1167004873996704e-06,
                        7.523135537752985e-05,
                        0.00012031949888735901,
                        -9.14123031775748e-05
                    ],
                    [
                        0.4701944009891572,
                        0.5663534843501705,
                        0.6687309775646212,
                        -1.0926632058981387,
                        7.523135537752984e-05,
                        2.0211896366442796,
                        2.3962109549205213,
                        -1.2659174277462444
                    ],
                    [
                        1.535791054100934,
                        2.3586656833682165,
                        1.2063759006135428,
                        -2.5685159894104377,
                        0.000120319498887359,
                        2.3962109549205217,
                        5.857358184361728,
                        -4.1254944116822605
                    ],
                    [
                        -1.6064345765251908,
                        -1.6492470960673349,
                        0.7616508192634277,
                        3.8098847705851253,
                        -9.14123031775748e-05,
                        -1.2659174277462444,
                        -4.12549441168226,
                        6.444421188601593
                    ]
                ]
            },
            "est_tgt": [
                1,
                2,
                4,
                5,
                7
            ],
            "oracle_est_tgt": [
                2,
                4,
                6,
                7
            ],
            "intv_base_est_tgt": [
                0,
                1,
                2,
                3,
                4,
                5,
                6,
                7
            ]
        },
        "6": {
            "intv_type": "do",
            "inode": 6,
            "new_mui": 1.0,
            "new_vari": null,
            "true_params": {
                "Si": [
                    [
                        1.0,
                        0.998224683025237,
                        0.04623303573310833,
                        -1.4164247179995433,
                        -0.9794572550271727,
                        0.41349674891638327,
                        0.0,
                        0.6171729650977296
                    ],
                    [
                        0.998224683025237,
                        1.996452517800835,
                        0.8691259392526407,
                        -1.6515667276073331,
                        0.3768719693264203,
                        0.7433175856531677,
                        0.0,
                        0.48159297553495095
                    ],
                    [
                        0.04623303573310833,
                        0.8691259392526407,
                        1.6794253142826538,
                        0.41789326395391235,
                        2.349090003796043,
                        0.7091944734244213,
                        0.0,
                        0.10786902798290782
                    ],
                    [
                        -1.4164247179995433,
                        -1.6515667276073331,
                        0.41789326395391235,
                        3.5237322016431394,
                        2.48317794726347,
                        -1.0048376359405988,
                        0.0,
                        -0.8415773378407535
                    ],
                    [
                        -0.9794572550271727,
                        0.3768719693264203,
                        2.349090003796043,
                        2.48317794726347,
                        5.732963862684387,
                        0.2348751324698835,
                        0.0,
                        -1.4445250263202363
                    ],
                    [
                        0.41349674891638327,
                        0.7433175856531677,
                        0.7091944734244213,
                        -1.0048376359405988,
                        0.2348751324698835,
                        1.8449097991177466,
                        0.0,
                        0.9636498303518015
                    ],
                    [
                        0.0,
                        0.0,
                        0.0,
                        0.0,
                        0.0,
                        0.0,
                        1e-09,
                        -9.467162569109927e-10
                    ],
                    [
                        0.6171729650977296,
                        0.48159297553495095,
                        0.10786902798290782,
                        -0.8415773378407535,
                        -1.4445250263202363,
                        0.9636498303518015,
                        -9.467162569109927e-10,
                        2.4933596600022705
                    ]
                ],
                "mui": [
                    0.0,
                    0.0,
                    0.0,
                    0.0,
                    0.0,
                    0.0,
                    1.0,
                    -0.9467162569109926
                ],
                "Ai": [
                    [
                        0.0,
                        0.0,
                        0.0,
                        0.0,
                        0.0,
                        0.0,
                        0.0,
                        0.0
                    ],
                    [
                        0.998224683025237,
                        0.0,
                        0.0,
                        0.0,
                        0.0,
                        0.0,
                        0.0,
                        0.0
                    ],
                    [
                        -0.7752809046245386,
                        0.8229749818126642,
                        0.0,
                        0.0,
                        0.0,
                        0.0,
                        0.0,
                        0.0
                    ],
                    [
                        -0.6528019453749864,
                        -0.7964272653609386,
                        0.6789643248657158,
                        0.0,
                        0.0,
                        0.0,
                        0.0,
                        0.0
                    ],
                    [
                        -0.9812282270541101,
                        0.7387585570751687,
                        0.9068352479195289,
                        0.5489891492157375,
                        0.0,
                        0.0,
                        0.0,
                        0.0
                    ],
                    [
                        -0.0,
                        -0.5107900746298151,
                        0.8420014743607882,
                        -0.624425508652413,
                        -0.0,
                        0.0,
                        0.0,
                        0.0
                    ],
                    [
                        0.0,
                        0.0,
                        0.0,
                        0.0,
                        0.0,
                        0.0,
                        0.0,
                        0.0
                    ],
                    [
                        0.0,
                        0.5235156366640048,
                        0.5307459098750626,
                        0.6980566760948581,
                        -0.8305210337286787,
                        0.5933145044154643,
                        -0.9467162569109926,
                        0.0
                    ]
                ]
            },
            "est_params": {
                "mui": [
                    -0.11768918354207897,
                    -0.15914616310273122,
                    -0.098960698428528,
                    0.25798958232052266,
                    0.03438375249037284,
                    -0.19676757853525884,
                    0.9999994193471181,
                    -1.012312369175264
                ],
                "Si": [
                    [
                        0.9284189613483,
                        0.9744790444984633,
                        0.07644508746872926,
                        -1.406870072387766,
                        -0.8118633926113072,
                        0.3807010853166714,
                        1.8921078452164413e-06,
                        0.4225927336284918
                    ],
                    [
                        0.9744790444984633,
                        2.0658480211333408,
                        1.1199543631759719,
                        -1.5464977789355567,
                        0.873544911709887,
                        0.7210977505228496,
                        2.386277425252161e-06,
                        0.2604391404469598
                    ],
                    [
                        0.07644508746872926,
                        1.1199543631759719,
                        2.0909809115216222,
                        0.5363808621383381,
                        3.1237059356154178,
                        0.6740774945430605,
                        -1.1128818648093188e-07,
                        -0.05577732670347019
                    ],
                    [
                        -1.406870072387766,
                        -1.5464977789355567,
                        0.5363808621383381,
                        3.6731435521123235,
                        2.6964723521518006,
                        -1.016901577545245,
                        -2.09434724421245e-06,
                        -0.633044614248993
                    ],
                    [
                        -0.811863392611307,
                        0.873544911709887,
                        3.1237059356154178,
                        2.6964723521518015,
                        6.864331712198059,
                        0.23506421808846792,
                        8.256843778434457e-07,
                        -1.3827394593860094
                    ],
                    [
                        0.3807010853166714,
                        0.7210977505228496,
                        0.6740774945430605,
                        -1.016901577545245,
                        0.23506421808846792,
                        1.6126971072994751,
                        -2.1241381477245788e-06,
                        0.6465122300719424
                    ],
                    [
                        1.8921078452164417e-06,
                        2.386277425252162e-06,
                        -1.1128818648093188e-07,
                        -2.0943472442124493e-06,
                        8.256843778434465e-07,
                        -2.1241381477245788e-06,
                        1.000883182815834e-06,
                        -3.4733142226986603e-06
                    ],
                    [
                        0.42259273362849187,
                        0.2604391404469598,
                        -0.05577732670347021,
                        -0.633044614248993,
                        -1.3827394593860098,
                        0.6465122300719424,
                        -3.4733142226986603e-06,
                        2.0516608777904977
                    ]
                ]
            },
            "est_tgt": [
                0,
                1,
                2,
                4,
                6
            ],
            "oracle_est_tgt": [
                0,
                2,
                4,
                5,
                6,
                7
            ],
            "intv_base_est_tgt": [
                0,
                1,
                2,
                3,
                4,
                5,
                6,
                7
            ]
        },
        "7": {
            "intv_type": "do",
            "inode": 7,
            "new_mui": 1.0,
            "new_vari": null,
            "true_params": {
                "Si": [
                    [
                        1.0,
                        0.998224683025237,
                        0.04623303573310833,
                        -1.4164247179995433,
                        -0.9794572550271727,
                        0.41349674891638327,
                        1.1531157360425732,
                        0.0
                    ],
                    [
                        0.998224683025237,
                        1.996452517800835,
                        0.8691259392526407,
                        -1.6515667276073331,
                        0.3768719693264203,
                        0.7433175856531677,
                        3.2830305753364835,
                        0.0
                    ],
                    [
                        0.04623303573310833,
                        0.8691259392526407,
                        1.6794253142826538,
                        0.41789326395391235,
                        2.349090003796043,
                        0.7091944734244213,
                        2.975972871324394,
                        0.0
                    ],
                    [
                        -1.4164247179995433,
                        -1.6515667276073331,
                        0.41789326395391235,
                        3.5237322016431394,
                        2.48317794726347,
                        -1.0048376359405988,
                        -1.4428029108341232,
                        0.0
                    ],
                    [
                        -0.9794572550271727,
                        0.3768719693264203,
                        2.349090003796043,
                        2.48317794726347,
                        5.732963862684387,
                        0.2348751324698835,
                        3.8707246015518173,
                        0.0
                    ],
                    [
                        0.41349674891638327,
                        0.7433175856531677,
                        0.7091944734244213,
                        -1.0048376359405988,
                        0.2348751324698835,
                        1.8449097991177466,
                        2.4726158510646057,
                        0.0
                    ],
                    [
                        1.1531157360425732,
                        3.2830305753364835,
                        2.975972871324394,
                        -1.4428029108341232,
                        3.8707246015518173,
                        2.4726158510646057,
                        9.249618693689195,
                        0.0
                    ],
                    [
                        0.0,
                        0.0,
                        0.0,
                        0.0,
                        0.0,
                        0.0,
                        0.0,
                        1e-09
                    ]
                ],
                "mui": [
                    0.0,
                    0.0,
                    0.0,
                    0.0,
                    0.0,
                    0.0,
                    0.0,
                    1.0
                ],
                "Ai": [
                    [
                        0.0,
                        0.0,
                        0.0,
                        0.0,
                        0.0,
                        0.0,
                        0.0,
                        0.0
                    ],
                    [
                        0.998224683025237,
                        0.0,
                        0.0,
                        0.0,
                        0.0,
                        0.0,
                        0.0,
                        0.0
                    ],
                    [
                        -0.7752809046245386,
                        0.8229749818126642,
                        0.0,
                        0.0,
                        0.0,
                        0.0,
                        0.0,
                        0.0
                    ],
                    [
                        -0.6528019453749864,
                        -0.7964272653609386,
                        0.6789643248657158,
                        0.0,
                        0.0,
                        0.0,
                        0.0,
                        0.0
                    ],
                    [
                        -0.9812282270541101,
                        0.7387585570751687,
                        0.9068352479195289,
                        0.5489891492157375,
                        0.0,
                        0.0,
                        0.0,
                        0.0
                    ],
                    [
                        -0.0,
                        -0.5107900746298151,
                        0.8420014743607882,
                        -0.624425508652413,
                        -0.0,
                        0.0,
                        0.0,
                        0.0
                    ],
                    [
                        0.5255403360414937,
                        0.9785687858220851,
                        -0.0,
                        0.0,
                        0.6701934260833913,
                        0.742858796857065,
                        0.0,
                        0.0
                    ],
                    [
                        0.0,
                        0.0,
                        0.0,
                        0.0,
                        0.0,
                        0.0,
                        0.0,
                        0.0
                    ]
                ]
            },
            "est_params": {
                "mui": [
                    0.03364106904810799,
                    0.06619418844566866,
                    0.07042941800539881,
                    -0.05396765910455921,
                    0.06534398356616267,
                    0.09104401837665765,
                    0.08083175296185431,
                    0.999999944425122
                ],
                "Si": [
                    [
                        1.0137600976938044,
                        0.8670964260500859,
                        -0.07081556324107084,
                        -1.389599559786158,
                        -1.2011165248590527,
                        0.42531399617634763,
                        0.8781782521685784,
                        -1.107347899157716e-06
                    ],
                    [
                        0.8670964260500859,
                        1.9615139313737322,
                        0.8539212336661529,
                        -1.4910772536240111,
                        0.33358705840802233,
                        0.5887722733703569,
                        3.0133471149863698,
                        -3.721510740729853e-06
                    ],
                    [
                        -0.07081556324107083,
                        0.8539212336661529,
                        1.5592334859761474,
                        0.44555178596074435,
                        2.255105688656333,
                        0.476669702359439,
                        2.6205839077157775,
                        -9.614137568306837e-07
                    ],
                    [
                        -1.389599559786158,
                        -1.4910772536240111,
                        0.44555178596074435,
                        3.485381633388017,
                        2.627899933008832,
                        -1.0657467814829371,
                        -1.1665178074582618,
                        4.1562041675278325e-06
                    ],
                    [
                        -1.2011165248590527,
                        0.3335870584080223,
                        2.255105688656333,
                        2.627899933008832,
                        5.762663983162982,
                        -0.09585960796639585,
                        3.3980837385748326,
                        -1.9006622247273386e-06
                    ],
                    [
                        0.42531399617634763,
                        0.5887722733703569,
                        0.476669702359439,
                        -1.0657467814829371,
                        -0.09585960796639581,
                        1.7966747919227246,
                        2.0661926177203074,
                        -5.665680189975595e-06
                    ],
                    [
                        0.8781782521685783,
