{
    "expt_args": {
        "save_dir": "all_expt_logs/expt_logs_11.05.24-half_intv_weight_error_all_comp_utigsp",
        "exp_name": "133",
        "num_nodes": 6,
        "obs_noise_mean": 0.0,
        "obs_noise_var": 1.0,
        "max_edge_strength": 1.0,
        "graph_sparsity_method": "adj_dense_prop",
        "adj_dense_prop": 0.8,
        "num_parents": null,
        "new_noise_mean": 1.0,
        "mix_samples": 32768,
        "stage2_samples": 32768,
        "gmm_tol": 0.001,
        "intv_type": "do",
        "new_noise_var": null,
        "intv_targets": [
            0,
            5,
            2
        ]
    },
    "intv_args_dict": {
        "0": {
            "intv_type": "do",
            "inode": 0,
            "new_mui": 1.0,
            "new_vari": null,
            "true_params": {
                "Si": [
                    [
                        1e-09,
                        0.0,
                        -6.074473262321699e-10,
                        1.2573687295424853e-10,
                        -3.82821869852512e-10,
                        -1.6634567771276223e-10
                    ],
                    [
                        0.0,
                        1.0,
                        0.629820195472186,
                        -0.45651933935013805,
                        -0.7248865946751493,
                        1.752772324148157
                    ],
                    [
                        -6.074473262321699e-10,
                        0.629820195472186,
                        1.3966734789936148,
                        0.3969197473931106,
                        -0.4156250964018917,
                        1.870823216902925
                    ],
                    [
                        1.2573687295424853e-10,
                        -0.45651933935013805,
                        0.3969197473931106,
                        1.6768746558230143,
                        1.20465737340802,
                        -0.9828789020584237
                    ],
                    [
                        -3.82821869852512e-10,
                        -0.7248865946751493,
                        -0.4156250964018917,
                        1.20465737340802,
                        2.242382679014245,
                        -2.674290876128
                    ],
                    [
                        -1.6634567771276223e-10,
                        1.752772324148157,
                        1.870823216902925,
                        -0.9828789020584237,
                        -2.674290876128,
                        5.861064583978844
                    ]
                ],
                "mui": [
                    1.0,
                    0.0,
                    -0.6074473262321698,
                    0.1257368729542485,
                    -0.38282186985251193,
                    -0.1663456777127622
                ],
                "Ai": [
                    [
                        0.0,
                        0.0,
                        0.0,
                        0.0,
                        0.0,
                        0.0
                    ],
                    [
                        -0.0,
                        0.0,
                        0.0,
                        0.0,
                        0.0,
                        0.0
                    ],
                    [
                        -0.6074473262321698,
                        0.629820195472186,
                        0.0,
                        0.0,
                        0.0,
                        0.0
                    ],
                    [
                        0.5415010652273987,
                        -0.8875965266875763,
                        0.6844448470158263,
                        0.0,
                        0.0,
                        0.0
                    ],
                    [
                        -0.815923138300118,
                        0.0,
                        -0.5379276329721707,
                        0.8457230054620019,
                        0.0,
                        0.0
                    ],
                    [
                        -0.0,
                        0.641705440758731,
                        0.8011313680939738,
                        0.0,
                        -0.8366800724317102,
                        0.0
                    ]
                ]
            },
            "est_params": {
                "mui": [
                    0.9999991145133513,
                    0.0032546490857397995,
                    -0.6049690856061852,
                    0.11475650471947989,
                    -0.3769492301504275,
                    -0.16879773815992846
                ],
                "Si": [
                    [
                        1.010498352162713e-06,
                        -1.1293484705354565e-06,
                        -9.208505308668843e-07,
                        -3.841842305050666e-08,
                        2.0256246644914627e-06,
                        -3.1284621523420087e-06
                    ],
                    [
                        -1.1293484705354565e-06,
                        0.9905984654448259,
                        0.6253205378076209,
                        -0.4395373934650659,
                        -0.6964929187830486,
                        1.7236884553932916
                    ],
                    [
                        -9.208505308668843e-07,
                        0.6253205378076206,
                        1.385212832419962,
                        0.39058125341823124,
                        -0.39864898082651057,
                        1.8392756292364516
                    ],
                    [
                        -3.8418423050506873e-08,
                        -0.4395373934650658,
                        0.39058125341823124,
                        1.653847222131114,
                        1.1904196632495887,
                        -0.9786991237349884
                    ],
                    [
                        2.0256246644914627e-06,
                        -0.6964929187830486,
                        -0.3986489808265107,
                        1.1904196632495885,
                        2.22855945030255,
                        -2.6496812790620576
                    ],
                    [
                        -3.128462152342008e-06,
                        1.7236884553932916,
                        1.8392756292364512,
                        -0.9786991237349884,
                        -2.6496812790620576,
                        5.827794060608358
                    ]
                ]
            },
            "est_tgt": [
                0
            ],
            "oracle_est_tgt": [
                0
            ],
            "intv_base_est_tgt": [
                0,
                2,
                3,
                4,
                5
            ]
        },
        "5": {
            "intv_type": "do",
            "inode": 5,
            "new_mui": 1.0,
            "new_vari": null,
            "true_params": {
                "Si": [
                    [
                        1.0,
                        0.0,
                        -0.6074473262321698,
                        0.1257368729542485,
                        -0.38282186985251193,
                        0.0
                    ],
                    [
                        0.0,
                        1.0,
                        0.629820195472186,
                        -0.45651933935013805,
                        -0.7248865946751493,
                        0.0
                    ],
                    [
                        -0.6074473262321698,
                        0.629820195472186,
                        1.7656657327712346,
                        0.3205412201846368,
                        -0.18308097536932777,
                        0.0
                    ],
                    [
                        0.1257368729542485,
                        -0.45651933935013805,
                        0.3205412201846368,
                        1.6926844170275173,
                        1.1565225486424016,
                        0.0
                    ],
                    [
                        -0.38282186985251193,
                        -0.7248865946751493,
                        -0.18308097536932777,
                        1.1565225486424016,
                        2.3889352629050657,
                        0.0
                    ],
                    [
                        0.0,
                        0.0,
                        0.0,
                        0.0,
                        0.0,
                        1e-09
                    ]
                ],
                "mui": [
                    0.0,
                    0.0,
                    0.0,
                    0.0,
                    0.0,
                    1.0
                ],
                "Ai": [
                    [
                        0.0,
                        0.0,
                        0.0,
                        0.0,
                        0.0,
                        0.0
                    ],
                    [
                        -0.0,
                        0.0,
                        0.0,
                        0.0,
                        0.0,
                        0.0
                    ],
                    [
                        -0.6074473262321698,
                        0.629820195472186,
                        0.0,
                        0.0,
                        0.0,
                        0.0
                    ],
                    [
                        0.5415010652273987,
                        -0.8875965266875763,
                        0.6844448470158263,
                        0.0,
                        0.0,
                        0.0
                    ],
                    [
                        -0.815923138300118,
                        0.0,
                        -0.5379276329721707,
                        0.8457230054620019,
                        0.0,
                        0.0
                    ],
                    [
                        0.0,
                        0.0,
                        0.0,
                        0.0,
                        0.0,
                        0.0
                    ]
                ]
            },
            "est_params": {
                "mui": [
                    -0.3442734328542363,
                    -0.07867050197280763,
                    0.2888933353975429,
                    0.19381026952967328,
                    0.3875848404848084,
                    0.9999988373422581
                ],
                "Si": [
                    [
                        0.7743084499282915,
                        -0.04786133380539236,
                        -0.44124515295059885,
                        0.22532155160490003,
                        -0.1511882477463681,
                        -1.1374359127156913e-06
                    ],
                    [
                        -0.04786133380539238,
                        0.9639633975511213,
                        0.6608407970707368,
                        -0.42082258811668816,
                        -0.656460799775958,
                        3.0991751602246866e-07
                    ],
                    [
                        -0.44124515295059885,
                        0.660840797070737,
                        1.6328656691292065,
                        0.2480153769544636,
                        -0.3804858233798873,
                        7.969268088751495e-07
                    ],
                    [
                        0.22532155160490003,
                        -0.42082258811668816,
                        0.2480153769544636,
                        1.640444900292107,
                        1.0118445271810115,
                        -1.465826417975231e-07
                    ],
                    [
                        -0.1511882477463681,
                        -0.656460799775958,
                        -0.3804858233798873,
                        1.0118445271810115,
                        2.1438507652488994,
                        8.1140050709816e-07
                    ],
                    [
                        -1.1374359127156913e-06,
                        3.0991751602246866e-07,
                        7.969268088751491e-07,
                        -1.4658264179752287e-07,
                        8.1140050709816e-07,
                        1.0063156654641552e-06
                    ]
                ]
            },
            "est_tgt": [
                0,
                1,
                2,
                4,
                5
            ],
            "oracle_est_tgt": [
                5
            ],
            "intv_base_est_tgt": []
        },
        "2": {
            "intv_type": "do",
            "inode": 2,
            "new_mui": 1.0,
            "new_vari": null,
            "true_params": {
                "Si": [
                    [
                        1.0,
                        0.0,
                        0.0,
                        0.5415010652273987,
                        -0.35796322995512686,
                        0.2995007011667445
                    ],
                    [
                        0.0,
                        1.0,
                        0.0,
                        -0.8875965266875763,
                        -0.7506608021878509,
                        1.2697683751049078
                    ],
                    [
                        0.0,
                        0.0,
                        1e-09,
                        6.844448470158264e-10,
                        4.0923120119033976e-11,
                        7.668918089886489e-10
                    ],
                    [
                        0.5415010652273987,
                        -0.8875965266875763,
                        6.844448470158264e-10,
                        2.0810509982987213,
                        1.3181694558995163,
                        -1.672461635664915
                    ],
                    [
                        -0.35796322995512686,
                        -0.7506608021878509,
                        4.0923120119033976e-11,
                        1.3181694558995163,
                        2.4068767159105704,
                        -2.4954889058977257
                    ],
                    [
                        0.2995007011667445,
                        1.2697683751049078,
                        7.668918089886489e-10,
                        -1.672461635664915,
                        -2.4954889058977257,
                        3.902743113961612
                    ]
                ],
                "mui": [
                    0.0,
                    0.0,
                    1.0,
                    0.6844448470158263,
                    0.04092312011903397,
                    0.7668918089886488
                ],
                "Ai": [
                    [
                        0.0,
                        0.0,
                        0.0,
                        0.0,
                        0.0,
                        0.0
                    ],
                    [
                        -0.0,
                        0.0,
                        0.0,
                        0.0,
                        0.0,
                        0.0
                    ],
                    [
                        0.0,
                        0.0,
                        0.0,
                        0.0,
                        0.0,
                        0.0
                    ],
                    [
                        0.5415010652273987,
                        -0.8875965266875763,
                        0.6844448470158263,
                        0.0,
                        0.0,
                        0.0
                    ],
                    [
                        -0.815923138300118,
                        0.0,
                        -0.5379276329721707,
                        0.8457230054620019,
                        0.0,
                        0.0
                    ],
                    [
                        -0.0,
                        0.641705440758731,
                        0.8011313680939738,
                        0.0,
                        -0.8366800724317102,
                        0.0
                    ]
                ]
            },
            "est_params": {
                "mui": [
                    0.017270777738149865,
                    -0.007651489804699014,
                    1.0000002819791707,
                    0.6990943030327957,
                    0.05250760302423766,
                    0.7593508579495011
                ],
                "Si": [
                    [
                        0.9867782389894866,
                        -0.0054811364331777005,
                        -1.139453904727618e-06,
                        0.5274037594063485,
                        -0.3509886667216115,
                        0.27700919564757587
                    ],
                    [
                        -0.005481136433177702,
                        1.0247008983679011,
                        -6.483995614913604e-08,
                        -0.8865488663961337,
                        -0.746916240810562,
                        1.2833416039015995
                    ],
                    [
                        -1.1394539047276184e-06,
                        -6.483995614913614e-08,
                        1.009863731440619e-06,
                        -3.2352454469050956e-07,
                        9.559176733924652e-07,
                        -4.2568561076440796e-07
                    ],
                    [
                        0.5274037594063484,
                        -0.8865488663961337,
                        -3.235245446905092e-07,
                        2.039578918865408,
                        1.3009492537784597,
                        -1.6528082123874286
                    ],
                    [
                        -0.35098866672161144,
                        -0.746916240810562,
                        9.55917673392465e-07,
                        1.3009492537784602,
                        2.3991294127322687,
                        -2.449149133520099
                    ],
                    [
                        0.27700919564757587,
                        1.2833416039015995,
                        -4.2568561076440775e-07,
                        -1.6528082123874286,
                        -2.449149133520099,
                        3.8499617456695914
                    ]
                ]
            },
            "est_tgt": [
                2
            ],
            "oracle_est_tgt": [
                2
            ],
            "intv_base_est_tgt": [
                0,
                1,
                2,
                3,
                4,
                5
            ]
        },
        "obs": {
            "intv_type": "obs",
            "true_params": {
                "Si": [
                    [
                        1.0,
                        0.0,
                        -0.6074473262321698,
                        0.1257368729542485,
                        -0.38282186985251193,
                        -0.1663456777127622
                    ],
                    [
                        0.0,
                        1.0,
                        0.629820195472186,
                        -0.45651933935013805,
                        -0.7248865946751493,
                        1.752772324148157
                    ],
                    [
                        -0.6074473262321698,
                        0.629820195472186,
                        1.7656657327712346,
                        0.3205412201846368,
                        -0.18308097536932777,
                        1.9718694539587744
                    ],
                    [
                        0.1257368729542485,
                        -0.45651933935013805,
                        0.3205412201846368,
                        1.6926844170275173,
                        1.1565225486424016,
                        -1.0037946873825658
                    ],
                    [
                        -0.38282186985251193,
                        -0.7248865946751493,
                        -0.18308097536932777,
                        1.1565225486424016,
                        2.3889352629050657,
                        -2.6106101128077976
                    ],
                    [
                        -0.1663456777127622,
                        1.752772324148157,
                        1.9718694539587744,
                        -1.0037946873825658,
                        -2.6106101128077976,
                        5.888735468444891
                    ]
                ],
                "mui": [
                    0.0,
                    0.0,
                    0.0,
                    0.0,
                    0.0,
                    0.0
                ],
                "Ai": [
                    [
                        0.0,
                        0.0,
                        0.0,
                        0.0,
                        0.0,
                        0.0
                    ],
                    [
                        -0.0,
                        0.0,
                        0.0,
                        0.0,
                        0.0,
                        0.0
                    ],
                    [
                        -0.6074473262321698,
                        0.629820195472186,
                        0.0,
                        0.0,
                        0.0,
                        0.0
                    ],
                    [
                        0.5415010652273987,
                        -0.8875965266875763,
                        0.6844448470158263,
                        0.0,
                        0.0,
                        0.0
                    ],
                    [
                        -0.815923138300118,
                        0.0,
                        -0.5379276329721707,
                        0.8457230054620019,
                        0.0,
                        0.0
                    ],
                    [
                        -0.0,
                        0.641705440758731,
                        0.8011313680939738,
                        0.0,
                        -0.8366800724317102,
                        0.0
                    ]
                ]
            },
            "est_params": {
                "mui": [
                    0.1245499106184469,
                    -0.4172804200742054,
                    -0.5978409716866461,
                    0.20139843602243646,
                    0.6043930291129466,
                    -1.4551915056159095
                ],
                "Si": [
                    [
                        0.9794780775133285,
                        0.025427138722392027,
                        -0.5837372999781705,
                        0.06077800163782962,
                        -0.45425225805853414,
                        -0.08213139826855795
                    ],
                    [
                        0.02542713872239203,
                        0.794816563759141,
                        0.3495269008176372,
                        -0.3694396703931876,
                        -0.4487800555735789,
                        1.0764961047471735
                    ],
                    [
                        -0.5837372999781705,
                        0.34952690081763726,
                        1.405681155418698,
                        0.45922393120506333,
                        0.20738658427491416,
                        1.0845529483862353
                    ],
                    [
                        0.06077800163782963,
                        -0.3694396703931876,
                        0.45922393120506333,
                        1.6391756432524458,
                        0.9910695690737317,
                        -0.6626935188676571
                    ],
                    [
                        -0.45425225805853414,
                        -0.4487800555735789,
                        0.20738658427491413,
                        0.9910695690737317,
                        1.9719447410927387,
                        -1.6321175160318135
                    ],
                    [
                        -0.08213139826855793,
                        1.0764961047471735,
                        1.0845529483862353,
                        -0.6626935188676571,
                        -1.6321175160318135,
                        3.6545454278560254
                    ]
                ]
            },
            "est_tgt": [
                0,
                1,
                2,
                3,
                4,
                5
            ],
            "oracle_est_tgt": [],
            "intv_base_est_tgt": [
                0,
                1,
                2,
                4,
                5
            ]
        },
        "left_comp_0": {
            "true_params": {
                "mui": [
                    0.510504725532556,
                    0.22739603190491656,
                    0.3993706876472349,
                    0.313951277336655,
                    -0.3529828554759062,
                    0.8269069933069229
                ],
                "Si": [
                    [
                        0.5415099978704726,
                        0.15138700226168578,
                        -0.16980041070154456,
                        -0.04598325901007731,
                        -0.46027085913383875,
                        0.3647270930343794
                    ],
                    [
                        0.15138700226168578,
                        0.6841212670843064,
                        0.12170557369704012,
                        -0.24729910503556607,
                        -0.2520892898772145,
                        0.6338804975456841
                    ],
                    [
                        -0.16980041070154459,
                        0.12170557369704009,
                        0.6909732781233665,
                        0.4204718045980315,
                        0.2859637356014767,
                        0.25279154152042765
                    ],
                    [
                        -0.04598325901007732,
                        -0.24729910503556607,
                        0.4204718045980315,
                        1.4086974144997155,
                        0.9475102323086745,
                        -0.537129221023705
                    ],
                    [
                        -0.4602708591338388,
                        -0.2520892898772145,
                        0.2859637356014767,
                        0.9475102323086745,
                        1.8333176764497257,
                        -1.285657625057989
                    ],
                    [
                        0.36472709303437933,
                        0.6338804975456841,
                        0.25279154152042765,
                        -0.537129221023705,
                        -1.285657625057989,
                        2.2636894022760212
                    ]
                ]
            },
            "est_params": {
                "mui": [
                    0.510504725532556,
                    0.22739603190491656,
                    0.3993706876472349,
                    0.313951277336655,
                    -0.3529828554759062,
                    0.8269069933069229
                ],
                "Si": [
                    [
                        0.5415099978704726,
                        0.15138700226168578,
                        -0.16980041070154456,
                        -0.04598325901007731,
                        -0.46027085913383875,
                        0.3647270930343794
                    ],
                    [
                        0.15138700226168578,
                        0.6841212670843064,
                        0.12170557369704012,
                        -0.24729910503556607,
                        -0.2520892898772145,
                        0.6338804975456841
                    ],
                    [
                        -0.16980041070154459,
                        0.12170557369704009,
                        0.6909732781233665,
                        0.4204718045980315,
                        0.2859637356014767,
                        0.25279154152042765
                    ],
                    [
                        -0.04598325901007732,
                        -0.24729910503556607,
                        0.4204718045980315,
                        1.4086974144997155,
                        0.9475102323086745,
                        -0.537129221023705
                    ],
                    [
                        -0.4602708591338388,
                        -0.2520892898772145,
                        0.2859637356014767,
                        0.9475102323086745,
                        1.8333176764497257,
                        -1.285657625057989
                    ],
                    [
                        0.36472709303437933,
                        0.6338804975456841,
                        0.25279154152042765,
                        -0.537129221023705,
                        -1.285657625057989,
                        2.2636894022760212
                    ]
                ]
            },
            "est_tgt": [
                0,
                1,
                2,
                3,
                4,
                5
            ],
            "oracle_est_tgt": [
                0,
                1,
                2,
                3,
                4,
                5
            ],
            "intv_base_est_tgt": [
                0,
                1,
                2,
                3,
                4,
                5
            ]
        },
        "left_comp_2": {
            "true_params": {
                "mui": [
                    0.6569261756841384,
                    0.14564315777449316,
                    -0.47295541556151244,
                    -0.3369592992617517,
                    -0.7488740044179374,
                    0.9999971981967912
                ],
                "Si": [
                    [
                        0.7222199712736666,
                        -0.012153673434918499,
                        -0.336004614194188,
                        0.30937497406977643,
                        -0.04937120696565946,
                        4.5928688643393905e-08
                    ],
                    [
                        -0.012153673434918497,
                        1.0282482972069975,
                        0.6751122612099961,
                        -0.4081175687167108,
                        -0.6754599316593053,
                        -4.012909257644305e-07
                    ],
                    [
                        -0.33600461419418803,
                        0.6751122612099961,
                        1.6005908782040703,
                        0.24877254796678688,
                        -0.378266752766135,
                        8.724806420060607e-07
                    ],
                    [
                        0.3093749740697763,
                        -0.4081175687167108,
                        0.24877254796678683,
                        1.6373386029640498,
                        0.9708380411179454,
                        -3.881466147607553e-07
                    ],
                    [
                        -0.049371206965659456,
                        -0.6754599316593053,
                        -0.378266752766135,
                        0.9708380411179454,
                        1.8967302940266064,
                        -6.577993359716431e-07
                    ],
                    [
                        4.5928688643394104e-08,
                        -4.0129092576443054e-07,
                        8.724806420060608e-07,
                        -3.881466147607553e-07,
                        -6.577993359716431e-07,
                        1.0117896796631304e-06
                    ]
                ]
            },
            "est_params": {
                "mui": [
                    0.6569261756841384,
                    0.14564315777449316,
                    -0.47295541556151244,
                    -0.3369592992617517,
                    -0.7488740044179374,
                    0.9999971981967912
                ],
                "Si": [
                    [
                        0.7222199712736666,
                        -0.012153673434918499,
                        -0.336004614194188,
                        0.30937497406977643,
                        -0.04937120696565946,
                        4.5928688643393905e-08
                    ],
                    [
                        -0.012153673434918497,
                        1.0282482972069975,
                        0.6751122612099961,
                        -0.4081175687167108,
                        -0.6754599316593053,
                        -4.012909257644305e-07
                    ],
                    [
                        -0.33600461419418803,
                        0.6751122612099961,
                        1.6005908782040703,
                        0.24877254796678688,
                        -0.378266752766135,
                        8.724806420060607e-07
                    ],
                    [
                        0.3093749740697763,
                        -0.4081175687167108,
                        0.24877254796678683,
                        1.6373386029640498,
                        0.9708380411179454,
                        -3.881466147607553e-07
                    ],
                    [
                        -0.049371206965659456,
                        -0.6754599316593053,
                        -0.378266752766135,
                        0.9708380411179454,
                        1.8967302940266064,
                        -6.577993359716431e-07
                    ],
                    [
                        4.5928688643394104e-08,
                        -4.0129092576443054e-07,
                        8.724806420060608e-07,
                        -3.881466147607553e-07,
                        -6.577993359716431e-07,
                        1.0117896796631304e-06
                    ]
                ]
            },
            "est_tgt": [
                0,
                1,
                2,
                4,
                5
            ],
            "oracle_est_tgt": [
                0,
                1,
                2,
                3,
                4,
                5
            ],
            "intv_base_est_tgt": [
                0,
                1,
                3,
                4
            ]
        },
        "left_comp_4": {
            "true_params": {
                "mui": [
                    -0.35403882963544514,
                    0.5157171178417708,
                    0.7015289173604652,
                    -0.41915426380309245,
                    -0.6922403315114876,
                    1.7563160290322954
                ],
                "Si": [
                    [
                        0.8890514938674566,
                        0.07475884128685327,
                        -0.5177585840901529,
                        0.016680148955457694,
                        -0.4877830277329421,
                        0.1413910101306106
                    ],
                    [
                        0.07475884128685327,
                        0.8057411616363254,
                        0.3903076521726028,
                        -0.3250362599351979,
                        -0.42914050923927277,
                        1.1213349407940714
                    ],
                    [
                        -0.5177585840901529,
                        0.3903076521726027,
                        1.5201053136191747,
                        0.5192202723978017,
                        0.17140526613535728,
                        1.185154364539584
                    ],
                    [
                        0.016680148955457694,
                        -0.3250362599351979,
                        0.5192202723978017,
                        1.5811937584200613,
                        0.9386255242400512,
                        -0.5339794995538358
                    ],
                    [
                        -0.48778302773294213,
                        -0.42914050923927277,
                        0.17140526613535728,
                        0.9386255242400512,
                        1.9325704143980371,
                        -1.6907152535534802
                    ],
                    [
                        0.14139101013061056,
                        1.1213349407940714,
                        1.185154364539584,
                        -0.5339794995538358,
                        -1.6907152535534802,
                        3.8619826702167024
                    ]
                ]
            },
            "est_params": {
                "mui": [
                    -0.35403882963544514,
                    0.5157171178417708,
                    0.7015289173604652,
                    -0.41915426380309245,
                    -0.6922403315114876,
                    1.7563160290322954
                ],
                "Si": [
                    [
                        0.8890514938674566,
                        0.07475884128685327,
                        -0.5177585840901529,
                        0.016680148955457694,
                        -0.4877830277329421,
                        0.1413910101306106
                    ],
                    [
                        0.07475884128685327,
                        0.8057411616363254,
                        0.3903076521726028,
                        -0.3250362599351979,
                        -0.42914050923927277,
                        1.1213349407940714
                    ],
                    [
                        -0.5177585840901529,
                        0.3903076521726027,
                        1.5201053136191747,
                        0.5192202723978017,
                        0.17140526613535728,
                        1.185154364539584
                    ],
                    [
                        0.016680148955457694,
                        -0.3250362599351979,
                        0.5192202723978017,
                        1.5811937584200613,
                        0.9386255242400512,
                        -0.5339794995538358
                    ],
                    [
                        -0.48778302773294213,
                        -0.42914050923927277,
                        0.17140526613535728,
                        0.9386255242400512,
                        1.9325704143980371,
                        -1.6907152535534802
                    ],
                    [
                        0.14139101013061056,
                        1.1213349407940714,
                        1.185154364539584,
                        -0.5339794995538358,
                        -1.6907152535534802,
