{
    "expt_args": {
        "save_dir": "all_expt_logs/expt_logs_11.05.24-half_intv_weight_error_all_comp_utigsp",
        "exp_name": "56",
        "num_nodes": 6,
        "obs_noise_mean": 0.0,
        "obs_noise_var": 1.0,
        "max_edge_strength": 1.0,
        "graph_sparsity_method": "adj_dense_prop",
        "adj_dense_prop": 0.8,
        "num_parents": null,
        "new_noise_mean": 1.0,
        "mix_samples": 1024,
        "stage2_samples": 1024,
        "gmm_tol": 0.001,
        "intv_type": "do",
        "new_noise_var": null,
        "intv_targets": [
            0,
            4,
            2
        ]
    },
    "intv_args_dict": {
        "0": {
            "intv_type": "do",
            "inode": 0,
            "new_mui": 1.0,
            "new_vari": null,
            "true_params": {
                "Si": [
                    [
                        1e-09,
                        -5.215449291166654e-10,
                        2.1423397555040742e-10,
                        -6.394946930278108e-10,
                        5.007502072475281e-10,
                        1.6423877116244673e-10
                    ],
                    [
                        -5.215449291166654e-10,
                        1.000000000272009,
                        0.5720083668937893,
                        0.5987476449836471,
                        -0.911282352284453,
                        -2.3497910003241476
                    ],
                    [
                        2.1423397555040742e-10,
                        0.5720083668937893,
                        1.3271935719702201,
                        -0.29591385363384726,
                        -0.47155881954310286,
                        -1.5177587971929345
                    ],
                    [
                        -6.394946930278108e-10,
                        0.5987476449836471,
                        -0.29591385363384726,
                        1.7660565147690777,
                        -1.5522454161418429,
                        -2.7784940286938764
                    ],
                    [
                        5.007502072475281e-10,
                        -0.911282352284453,
                        -0.47155881954310286,
                        -1.5522454161418429,
                        2.7833108468951697,
                        4.436915994966703
                    ],
                    [
                        1.6423877116244673e-10,
                        -2.3497910003241476,
                        -1.5177587971929345,
                        -2.7784940286938764,
                        4.436915994966703,
                        9.487188159367003
                    ]
                ],
                "mui": [
                    1.0,
                    -0.5215449291166654,
                    0.2142339755504074,
                    -0.6394946930278108,
                    0.5007502072475281,
                    0.16423877116244673
                ],
                "Ai": [
                    [
                        0.0,
                        0.0,
                        0.0,
                        0.0,
                        0.0,
                        0.0
                    ],
                    [
                        -0.5215449291166654,
                        0.0,
                        0.0,
                        0.0,
                        0.0,
                        0.0
                    ],
                    [
                        0.5125620387744418,
                        0.5720083670055219,
                        0.0,
                        0.0,
                        0.0,
                        0.0
                    ],
                    [
                        0.0,
                        0.9639192252975131,
                        -0.6384025159615645,
                        0.0,
                        0.0,
                        0.0
                    ],
                    [
                        -0.0,
                        0.0,
                        -0.5726681141982217,
                        -0.9748871739206997,
                        0.0,
                        0.0
                    ],
                    [
                        -0.9722719601805321,
                        -0.8215175278579452,
                        -0.6281067434206735,
                        -0.6449731713098519,
                        0.8590257353815509,
                        0.0
                    ]
                ]
            },
            "est_params": {
                "mui": [
                    0.9999944945424617,
                    -0.5748386182620893,
                    0.10841372218120975,
                    -0.580011999822232,
                    0.5962754363325222,
                    0.19557841501254525
                ],
                "Si": [
                    [
                        1.0076232937713525e-06,
                        2.1957200375303694e-06,
                        -5.733574274752686e-06,
                        1.4685649941871736e-06,
                        -6.4472377632709825e-06,
                        -1.4382247879470267e-06
                    ],
                    [
                        2.195720037530369e-06,
                        0.8139484037122652,
                        0.5175135960870981,
                        0.4114471509202566,
                        -0.7646762525337315,
                        -1.883760950348217
                    ],
                    [
                        -5.733574274752686e-06,
                        0.5175135960870981,
                        1.4344754688825043,
                        -0.4013030944778098,
                        -0.49359012770738864,
                        -1.48705461959338
                    ],
                    [
                        1.4685649941871732e-06,
                        0.4114471509202566,
                        -0.4013030944778098,
                        1.6247609783480454,
                        -1.4139385048049258,
                        -2.301240165407402
                    ],
                    [
                        -6.4472377632709825e-06,
                        -0.7646762525337315,
                        -0.4935901277073885,
                        -1.413938504804926,
                        2.9012988802418658,
                        4.36233893011419
                    ],
                    [
                        -1.4382247879470267e-06,
                        -1.8837609503482171,
                        -1.48705461959338,
                        -2.301240165407402,
                        4.36233893011419,
                        8.56235617653116
                    ]
                ]
            },
            "est_tgt": [
                0,
                1,
                4
            ],
            "oracle_est_tgt": [
                0
            ],
            "intv_base_est_tgt": [
                0,
                1,
                4,
                5
            ]
        },
        "4": {
            "intv_type": "do",
            "inode": 4,
            "new_mui": 1.0,
            "new_vari": null,
            "true_params": {
                "Si": [
                    [
                        1.0,
                        -0.5215449291166654,
                        0.2142339755504074,
                        -0.6394946930278108,
                        0.0,
                        -0.2659185438608251
                    ],
                    [
                        -0.5215449291166654,
                        1.2720091130873075,
                        0.4602757234127033,
                        0.9322728589957952,
                        0.0,
                        -1.4282875395427534
                    ],
                    [
                        0.2142339755504074,
                        0.4602757234127033,
                        1.3730897682044565,
                        -0.4329153439275811,
                        0.0,
                        -1.1696464222261755
                    ],
                    [
                        -0.6394946930278108,
                        0.9322728589957952,
                        -0.4329153439275811,
                        2.175009976770858,
                        0.0,
                        -1.275021771193361
                    ],
                    [
                        0.0,
                        0.0,
                        0.0,
                        0.0,
                        1e-09,
                        8.590257353815509e-10
                    ],
                    [
                        -0.2659185438608251,
                        -1.4282875395427534,
                        -1.1696464222261755,
                        -1.275021771193361,
                        8.590257353815509e-10,
                        3.9889260336551233
                    ]
                ],
                "mui": [
                    0.0,
                    0.0,
                    0.0,
                    0.0,
                    1.0,
                    0.8590257353815509
                ],
                "Ai": [
                    [
                        0.0,
                        0.0,
                        0.0,
                        0.0,
                        0.0,
                        0.0
                    ],
                    [
                        -0.5215449291166654,
                        0.0,
                        0.0,
                        0.0,
                        0.0,
                        0.0
                    ],
                    [
                        0.5125620387744418,
                        0.5720083670055219,
                        0.0,
                        0.0,
                        0.0,
                        0.0
                    ],
                    [
                        0.0,
                        0.9639192252975131,
                        -0.6384025159615645,
                        0.0,
                        0.0,
                        0.0
                    ],
                    [
                        0.0,
                        0.0,
                        0.0,
                        0.0,
                        0.0,
                        0.0
                    ],
                    [
                        -0.9722719601805321,
                        -0.8215175278579452,
                        -0.6281067434206735,
                        -0.6449731713098519,
                        0.8590257353815509,
                        0.0
                    ]
                ]
            },
            "est_params": {
                "mui": [
                    0.01245358818291207,
                    -0.0691329721439003,
                    -0.08831324224684534,
                    -0.03775100796118772,
                    0.9999954488013305,
                    1.0022720446908868
                ],
                "Si": [
                    [
                        0.8909744073510931,
                        -0.4788882710472218,
                        0.20597228053487512,
                        -0.5149848758545194,
                        8.19866289471863e-06,
                        -0.21961584368998174
                    ],
                    [
                        -0.4788882710472218,
                        1.3107899642296739,
                        0.5370523209037891,
                        0.8880798492020179,
                        -1.148994911323078e-05,
                        -1.543146879005772
                    ],
                    [
                        0.20597228053487512,
                        0.5370523209037891,
                        1.5110815615576227,
                        -0.3978087759555024,
                        -3.23918396376152e-06,
                        -1.3423366172785238
                    ],
                    [
                        -0.5149848758545194,
                        0.8880798492020179,
                        -0.39780877595550235,
                        1.9519503506007294,
                        -5.594949077258606e-06,
                        -1.3141785981780867
                    ],
                    [
                        8.198662894718631e-06,
                        -1.148994911323078e-05,
                        -3.239183963761522e-06,
                        -5.594949077258608e-06,
                        1.0770546972411851e-06,
                        2.768506342119461e-05
                    ],
                    [
                        -0.21961584368998172,
                        -1.5431468790057723,
                        -1.3423366172785238,
                        -1.3141785981780867,
                        2.768506342119461e-05,
                        4.319381693885393
                    ]
                ]
            },
            "est_tgt": [
                2,
                3,
                4
            ],
            "oracle_est_tgt": [
                2,
                3,
                4
            ],
            "intv_base_est_tgt": []
        },
        "2": {
            "intv_type": "do",
            "inode": 2,
            "new_mui": 1.0,
            "new_vari": null,
            "true_params": {
                "Si": [
                    [
                        1.0,
                        -0.5215449291166654,
                        0.0,
                        -0.5027271840319825,
                        0.4901022836940509,
                        0.20144236150547695
                    ],
                    [
                        -0.5215449291166654,
                        1.2720091130873075,
                        0.0,
                        1.2261140388584941,
                        -1.1953228502472524,
                        -2.3555180219238965
                    ],
                    [
                        0.0,
                        0.0,
                        1e-09,
                        -6.384025159615645e-10,
                        4.970231041141226e-11,
                        -1.7365868437742942e-10
                    ],
                    [
                        -0.5027271840319825,
                        1.2261140388584941,
                        -6.384025159615645e-10,
                        2.1818748948704423,
                        -2.1270818497431767,
                        -3.7529554495574713
                    ],
                    [
                        0.4901022836940509,
                        -1.1953228502472524,
                        4.970231041141226e-11,
                        -2.1270818497431767,
                        3.0736648131656765,
                        4.517733867550372
                    ],
                    [
                        0.20144236150547695,
                        -2.3555180219238965,
                        -1.7365868437742942e-10,
                        -3.7529554495574713,
                        4.517733867550372,
                        9.040647818536778
                    ]
                ],
                "mui": [
                    0.0,
                    0.0,
                    1.0,
                    -0.6384025159615645,
                    0.04970231041141226,
                    -0.1736586843774294
                ],
                "Ai": [
                    [
                        0.0,
                        0.0,
                        0.0,
                        0.0,
                        0.0,
                        0.0
                    ],
                    [
                        -0.5215449291166654,
                        0.0,
                        0.0,
                        0.0,
                        0.0,
                        0.0
                    ],
                    [
                        0.0,
                        0.0,
                        0.0,
                        0.0,
                        0.0,
                        0.0
                    ],
                    [
                        0.0,
                        0.9639192252975131,
                        -0.6384025159615645,
                        0.0,
                        0.0,
                        0.0
                    ],
                    [
                        -0.0,
                        0.0,
                        -0.5726681141982217,
                        -0.9748871739206997,
                        0.0,
                        0.0
                    ],
                    [
                        -0.9722719601805321,
                        -0.8215175278579452,
                        -0.6281067434206735,
                        -0.6449731713098519,
                        0.8590257353815509,
                        0.0
                    ]
                ]
            },
            "est_params": {
                "mui": [
                    -0.04732200955416198,
                    -0.05203836833860604,
                    0.9999963433769659,
                    -0.8226861729286553,
                    0.22075036913769225,
                    0.1731603860079771
                ],
                "Si": [
                    [
                        1.0555637107885476,
                        -0.49171083266371685,
                        -1.5207201831530595e-07,
                        -0.42975119932810557,
                        0.3016250390765635,
                        -0.09027020297423474
                    ],
                    [
                        -0.4917108326637169,
                        1.3074583383897647,
                        1.7845998001575078e-06,
                        1.2933187517278222,
                        -1.2800678594744803,
                        -2.512672045992521
                    ],
                    [
                        -1.5207201831530672e-07,
                        1.7845998001575078e-06,
                        1.0009259105184235e-06,
                        1.5537819767517272e-06,
                        -1.903165924717215e-06,
                        -4.46931591885941e-06
                    ],
                    [
                        -0.4297511993281055,
                        1.2933187517278222,
                        1.553781976751727e-06,
                        2.2024219711006174,
                        -2.163565492628305,
                        -3.9538811265410003
                    ],
                    [
                        0.3016250390765635,
                        -1.2800678594744803,
                        -1.9031659247172125e-06,
                        -2.1635654926283054,
                        3.1847789906882507,
                        4.914860990747126
                    ],
                    [
                        -0.09027020297423474,
                        -2.512672045992521,
                        -4.469315918859412e-06,
                        -3.9538811265410003,
                        4.914860990747126,
                        9.915954308051628
                    ]
                ]
            },
            "est_tgt": [
                2,
                3
            ],
            "oracle_est_tgt": [
                2,
                3
            ],
            "intv_base_est_tgt": [
                0,
                2,
                4,
                5
            ]
        },
        "obs": {
            "intv_type": "obs",
            "true_params": {
                "Si": [
                    [
                        1.0,
                        -0.5215449291166654,
                        0.2142339755504074,
                        -0.6394946930278108,
                        0.5007502072475281,
                        0.16423877116244673
                    ],
                    [
                        -0.5215449291166654,
                        1.2720091130873075,
                        0.4602757234127033,
                        0.9322728589957952,
                        -1.1724460833673567,
                        -2.4354488985026164
                    ],
                    [
                        0.2142339755504074,
                        0.4602757234127033,
                        1.3730897682044565,
                        -0.4329153439275811,
                        -0.3642811119940522,
                        -1.4825732723424756
                    ],
                    [
                        -0.6394946930278108,
                        0.9322728589957952,
                        -0.4329153439275811,
                        2.175009976770858,
                        -1.8724725158889863,
                        -2.8835238511366406
                    ],
                    [
                        0.5007502072475281,
                        -1.1724460833673567,
                        -0.3642811119940522,
                        -1.8724725158889863,
                        3.0340616167028616,
                        4.519158593582135
                    ],
                    [
                        0.16423877116244673,
                        -2.4354488985026164,
                        -1.4825732723424756,
                        -2.8835238511366406,
                        4.519158593582135,
                        9.514162533292978
                    ]
                ],
                "mui": [
                    0.0,
                    0.0,
                    0.0,
                    0.0,
                    0.0,
                    0.0
                ],
                "Ai": [
                    [
                        0.0,
                        0.0,
                        0.0,
                        0.0,
                        0.0,
                        0.0
                    ],
                    [
                        -0.5215449291166654,
                        0.0,
                        0.0,
                        0.0,
                        0.0,
                        0.0
                    ],
                    [
                        0.5125620387744418,
                        0.5720083670055219,
                        0.0,
                        0.0,
                        0.0,
                        0.0
                    ],
                    [
                        0.0,
                        0.9639192252975131,
                        -0.6384025159615645,
                        0.0,
                        0.0,
                        0.0
                    ],
                    [
                        -0.0,
                        0.0,
                        -0.5726681141982217,
                        -0.9748871739206997,
                        0.0,
                        0.0
                    ],
                    [
                        -0.9722719601805321,
                        -0.8215175278579452,
                        -0.6281067434206735,
                        -0.6449731713098519,
                        0.8590257353815509,
                        0.0
                    ]
                ]
            },
            "est_params": {
                "mui": [
                    -0.08362346215848243,
                    0.18563086066691115,
                    -0.23653559863589213,
                    0.0981128978220156,
                    0.006800806293848849,
                    -0.051482450851037566
                ],
                "Si": [
                    [
                        0.9456488914502282,
                        -0.4211107572331593,
                        0.40935323262851486,
                        -0.4517491711424875,
                        0.13086959556639924,
                        -0.4313830173930961
                    ],
                    [
                        -0.4211107572331593,
                        0.8491593491058201,
                        0.26058751541186553,
                        0.3014704020488271,
                        -0.05514137708780162,
                        -0.5215427940936673
                    ],
                    [
                        0.40935323262851486,
                        0.26058751541186553,
                        1.1650728691371655,
                        -0.40493766120370883,
                        0.07536433110912731,
                        -0.9279856282688864
                    ],
                    [
                        -0.4517491711424875,
                        0.3014704020488271,
                        -0.40493766120370883,
                        0.9380389922790666,
                        -0.6341963414825557,
                        -0.7283421917601268
                    ],
                    [
                        0.13086959556639924,
                        -0.055141377087801646,
                        0.07536433110912734,
                        -0.6341963414825557,
                        1.1107598388265865,
                        1.342510394896672
                    ],
                    [
                        -0.431383017393096,
                        -0.5215427940936673,
                        -0.9279856282688863,
                        -0.7283421917601268,
                        1.3425103948966721,
                        3.8796773459966105
                    ]
                ]
            },
            "est_tgt": [
                4
            ],
            "oracle_est_tgt": [],
            "intv_base_est_tgt": [
                4,
                5
            ]
        },
        "left_comp_0": {
            "true_params": {
                "mui": [
                    0.37702567882578764,
                    -1.0935007099802105,
                    -0.5744712908513238,
                    -0.9373916705477635,
                    1.8491443399924044,
                    3.145560361556034
                ],
                "Si": [
                    [
                        0.6030351499042245,
                        -0.1980666826709457,
                        0.05636173879582358,
                        -0.21555229437456846,
                        0.19163660947388525,
                        -0.1464841809480755
                    ],
                    [
                        -0.1980666826709457,
                        0.5245556796885606,
                        0.18095251589406122,
                        0.21871845713639232,
                        -0.22031882536090547,
                        -0.8144310850751616
                    ],
                    [
                        0.05636173879582358,
                        0.18095251589406122,
                        1.2885899334566326,
                        -0.946808238306367,
                        0.03227112238212951,
                        -0.7328886184687803
                    ],
                    [
                        -0.21555229437456844,
                        0.21871845713639226,
                        -0.946808238306367,
                        1.982260066817036,
                        -0.9816795017189403,
                        -1.2967734099042798
                    ],
                    [
                        0.19163660947388528,
                        -0.22031882536090547,
                        0.03227112238212951,
                        -0.9816795017189403,
                        1.2509609970438713,
                        1.6756869724904635
                    ],
                    [
                        -0.14648418094807553,
                        -0.8144310850751615,
                        -0.7328886184687803,
                        -1.2967734099042798,
                        1.6756869724904637,
                        4.520358147531681
                    ]
                ]
            },
            "est_params": {
                "mui": [
                    0.37702567882578764,
                    -1.0935007099802105,
                    -0.5744712908513238,
                    -0.9373916705477635,
                    1.8491443399924044,
                    3.145560361556034
                ],
                "Si": [
                    [
                        0.6030351499042245,
                        -0.1980666826709457,
                        0.05636173879582358,
                        -0.21555229437456846,
                        0.19163660947388525,
                        -0.1464841809480755
                    ],
                    [
                        -0.1980666826709457,
                        0.5245556796885606,
                        0.18095251589406122,
                        0.21871845713639232,
                        -0.22031882536090547,
                        -0.8144310850751616
                    ],
                    [
                        0.05636173879582358,
                        0.18095251589406122,
                        1.2885899334566326,
                        -0.946808238306367,
                        0.03227112238212951,
                        -0.7328886184687803
                    ],
                    [
                        -0.21555229437456844,
                        0.21871845713639226,
                        -0.946808238306367,
                        1.982260066817036,
                        -0.9816795017189403,
                        -1.2967734099042798
                    ],
                    [
                        0.19163660947388528,
                        -0.22031882536090547,
                        0.03227112238212951,
                        -0.9816795017189403,
                        1.2509609970438713,
                        1.6756869724904635
                    ],
                    [
                        -0.14648418094807553,
                        -0.8144310850751615,
                        -0.7328886184687803,
                        -1.2967734099042798,
                        1.6756869724904637,
                        4.520358147531681
                    ]
                ]
            },
            "est_tgt": [
                0,
                1,
                4,
                5
            ],
            "oracle_est_tgt": [
                1,
                4
            ],
            "intv_base_est_tgt": [
                0,
                1,
                4,
                5
            ]
        },
        "left_comp_4": {
            "true_params": {
                "mui": [
                    -0.4949517260482001,
                    1.7215772292692122,
                    1.2845732320075653,
                    0.7530015229661385,
                    -2.7539020810949344,
                    -4.382094989688038
                ],
                "Si": [
                    [
                        1.8244124950765714,
                        -0.04041452664824869,
                        1.136504916908719,
                        -1.6792212188529316,
                        1.6423096065859835,
                        -0.062036337766638694
                    ],
                    [
                        -0.04041452664824873,
                        0.34925692928729557,
                        0.13746553019405888,
                        0.5360681664735664,
                        -0.3910087565629495,
                        -0.5898366668415831
                    ],
                    [
                        1.136504916908719,
                        0.1374655301940589,
                        1.7514061413043363,
                        -2.1159532445162696,
                        1.9561435892630725,
                        1.4253648875210267
                    ],
                    [
                        -1.6792212188529316,
                        0.5360681664735664,
                        -2.11595324451627,
                        4.0709102577380065,
                        -3.4580688275165308,
                        -3.130042059313949
                    ],
                    [
                        1.6423096065859835,
                        -0.39100875656294937,
                        1.956143589263073,
                        -3.4580688275165303,
                        3.500403988688876,
                        2.803438098906011
                    ],
                    [
                        -0.0620363377666386,
                        -0.5898366668415831,
                        1.4253648875210267,
                        -3.130042059313949,
                        2.8034380989060113,
                        4.370553652832475
                    ]
                ]
            },
            "est_params": {
                "mui": [
                    -0.4949517260482001,
                    1.7215772292692122,
                    1.2845732320075653,
                    0.7530015229661385,
                    -2.7539020810949344,
                    -4.382094989688038
                ],
                "Si": [
                    [
                        1.8244124950765714,
                        -0.04041452664824869,
                        1.136504916908719,
                        -1.6792212188529316,
                        1.6423096065859835,
                        -0.062036337766638694
                    ],
                    [
                        -0.04041452664824873,
                        0.34925692928729557,
                        0.13746553019405888,
                        0.5360681664735664,
                        -0.3910087565629495,
                        -0.5898366668415831
                    ],
                    [
                        1.136504916908719,
                        0.1374655301940589,
                        1.7514061413043363,
                        -2.1159532445162696,
                        1.9561435892630725,
                        1.4253648875210267
                    ],
                    [
                        -1.6792212188529316,
                        0.5360681664735664,
                        -2.11595324451627,
                        4.0709102577380065,
                        -3.4580688275165308,
                        -3.130042059313949
                    ],
                    [
                        1.6423096065859835,
                        -0.39100875656294937,
                        1.956143589263073,
                        -3.4580688275165303,
                        3.500403988688876,
                        2.803438098906011
                    ],
                    [
                        -0.0620363377666386,
                        -0.5898366668415831,
                        1.4253648875210267,
                        -3.130042059313949,
                        2.8034380989060113,
                        4.370553652832475
                    ]
                ]
            },
            "est_tgt": [
                0,
                1,
                2,
                3,
                4,
                5
            ],
            "oracle_est_tgt": [
                1,
                2,
                3,
                4,
                5
            ],
            "intv_base_est_tgt": [
                0,
                1,
                2,
                3,
                4,
                5
            ]
        },
        "left_comp_6": {
            "true_params": {
                "mui": [
                    -0.15398985159055079,
                    0.9209102299427337,
                    0.37434845822957635,
                    1.1752814798150526,
                    -1.4388383035103451,
                    -2.6332262664401753
                ],
                "Si": [
                    [
                        0.6301091855277816,
                        -0.25592281953243157,
                        0.28397297996824794,
                        -0.7428049760541194,
                        0.16411637516832836,
                        -0.236898687609073
                    ],
                    [
                        -0.25592281953243157,
                        0.42279641452603367,
                        -0.0701050348594602,
                        0.5097543276712426,
                        -0.16755183192199993,
                        -0.5005577404913638
                    ],
                    [
                        0.28397297996824794,
                        -0.0701050348594602,
                        1.3418336845518177,
                        -1.0072341779854828,
                        -0.13761474539372354,
                        -0.8776950932230068
                    ],
                    [
                        -0.7428049760541194,
                        0.5097543276712426,
                        -1.0072341779854828,
                        2.0476447066354475,
                        -0.5924860329606311,
                        -0.8760155110988885
                    ],
                    [
                        0.16411637516832836,
                        -0.16755183192199993,
                        -0.13761474539372356,
                        -0.5924860329606311,
                        1.1256853952479768,
                        1.476168978224361
                    ],
                    [
                        -0.236898687609073,
                        -0.5005577404913638,
                        -0.8776950932230068,
                        -0.8760155110988883,
                        1.476168978224361,
                        4.343197361673074
                    ]
                ]
            },
            "est_params": {
                "mui": [
                    -0.15398985159055079,
                    0.9209102299427337,
                    0.37434845822957635,
                    1.1752814798150526,
                    -1.4388383035103451,
                    -2.6332262664401753
                ],
                "Si": [
                    [
                        0.6301091855277816,
                        -0.25592281953243157,
                        0.28397297996824794,
                        -0.7428049760541194,
                        0.16411637516832836,
                        -0.236898687609073
                    ],
                    [
                        -0.25592281953243157,
                        0.42279641452603367,
                        -0.0701050348594602,
                        0.5097543276712426,
                        -0.16755183192199993,
                        -0.5005577404913638
                    ],
                    [
                        0.28397297996824794,
                        -0.0701050348594602,
                        1.3418336845518177,
                        -1.0072341779854828,
                        -0.13761474539372354,
                        -0.8776950932230068
                    ],
                    [
                        -0.7428049760541194,
                        0.5097543276712426,
                        -1.0072341779854828,
                        2.0476447066354475,
                        -0.5924860329606311,
                        -0.8760155110988885
                    ],
                    [
                        0.16411637516832836,
                        -0.16755183192199993,
                        -0.13761474539372356,
                        -0.5924860329606311,
                        1.1256853952479768,
                        1.476168978224361
                    ],
                    [
                        -0.236898687609073,
                        -0.5005577404913638,
                        -0.8776950932230068,
                        -0.8760155110988883,
