{
    "expt_args": {
        "save_dir": "all_expt_logs/expt_logs_11.05.24-half_intv_weight_error_all_comp_utigsp",
        "exp_name": "208",
        "num_nodes": 8,
        "obs_noise_mean": 0.0,
        "obs_noise_var": 1.0,
        "max_edge_strength": 1.0,
        "graph_sparsity_method": "adj_dense_prop",
        "adj_dense_prop": 0.8,
        "num_parents": null,
        "new_noise_mean": 1.0,
        "mix_samples": 1024,
        "stage2_samples": 1024,
        "gmm_tol": 0.001,
        "intv_type": "do",
        "new_noise_var": null,
        "intv_targets": [
            6,
            3,
            1,
            4
        ]
    },
    "intv_args_dict": {
        "6": {
            "intv_type": "do",
            "inode": 6,
            "new_mui": 1.0,
            "new_vari": null,
            "true_params": {
                "Si": [
                    [
                        1.0,
                        -0.8830464508605309,
                        -0.4925260251364597,
                        0.37217768322163824,
                        -0.381064679511663,
                        0.9164001832572671,
                        0.0,
                        0.3346919377868847
                    ],
                    [
                        -0.8830464508605309,
                        1.77977103437738,
                        0.9926811351324312,
                        0.3386445832342493,
                        1.4041967007129896,
                        -1.4865552869403857,
                        0.0,
                        1.8167046862890284
                    ],
                    [
                        -0.4925260251364597,
                        0.9926811351324312,
                        1.5536756228828847,
                        0.1888816498292013,
                        0.7832016298099954,
                        0.14968404241159217,
                        0.0,
                        2.799461996295042
                    ],
                    [
                        0.37217768322163824,
                        0.3386445832342493,
                        0.1888816498292013,
                        1.583798531942066,
                        1.1549455996394542,
                        -0.43254914993210797,
                        0.0,
                        2.6755926877462803
                    ],
                    [
                        -0.381064679511663,
                        1.4041967007129896,
                        0.7832016298099954,
                        1.1549455996394542,
                        2.62659709947161,
                        -1.8107832338816794,
                        0.0,
                        3.264569663176916
                    ],
                    [
                        0.9164001832572671,
                        -1.4865552869403857,
                        0.14968404241159217,
                        -0.43254914993210797,
                        -1.8107832338816794,
                        3.663112717830372,
                        0.0,
                        0.8693138806582201
                    ],
                    [
                        0.0,
                        0.0,
                        0.0,
                        0.0,
                        0.0,
                        0.0,
                        1e-09,
                        9.046642087745668e-10
                    ],
                    [
                        0.3346919377868847,
                        1.8167046862890284,
                        2.799461996295042,
                        2.6755926877462803,
                        3.264569663176916,
                        0.8693138806582201,
                        9.046642087745668e-10,
                        11.046127198622727
                    ]
                ],
                "mui": [
                    0.0,
                    0.0,
                    0.0,
                    0.0,
                    0.0,
                    0.0,
                    1.0,
                    0.9046642087745667
                ],
                "Ai": [
                    [
                        0.0,
                        0.0,
                        0.0,
                        0.0,
                        0.0,
                        0.0,
                        0.0,
                        0.0
                    ],
                    [
                        -0.8830464508605309,
                        0.0,
                        0.0,
                        0.0,
                        0.0,
                        0.0,
                        0.0,
                        0.0
                    ],
                    [
                        -0.0,
                        0.5577577766792358,
                        0.0,
                        0.0,
                        0.0,
                        0.0,
                        0.0,
                        0.0
                    ],
                    [
                        0.9614299575676994,
                        0.6672947654926119,
                        -0.0,
                        0.0,
                        0.0,
                        0.0,
                        0.0,
                        0.0
                    ],
                    [
                        -0.0,
                        0.6777988966413728,
                        0.0,
                        0.5842994901851274,
                        0.0,
                        0.0,
                        0.0,
                        0.0
                    ],
                    [
                        0.6275129042548062,
                        -0.6355518907684017,
                        0.978821814166225,
                        -0.0,
                        -0.5504594528117457,
                        0.0,
                        0.0,
                        0.0
                    ],
                    [
                        0.0,
                        0.0,
                        0.0,
                        0.0,
                        0.0,
                        0.0,
                        0.0,
                        0.0
                    ],
                    [
                        0.5560061837923992,
                        0.5891865966846677,
                        0.9338822771648336,
                        0.8669923014712018,
                        0.9491684277836934,
                        0.8707392296409864,
                        0.9046642087745667,
                        0.0
                    ]
                ]
            },
            "est_params": {
                "mui": [
                    0.12986280103351666,
                    -0.09671677354096805,
                    -0.013903149559677726,
                    0.2058256092749862,
                    0.016000910980995136,
                    0.21821116376115107,
                    1.0000004369513782,
                    1.4234688742306767
                ],
                "Si": [
                    [
                        0.9308003798573443,
                        -0.6986636049346234,
                        -0.32901742217589536,
                        0.4068316789788634,
                        -0.3256344154601911,
                        0.9159956843672451,
                        1.3554559679678262e-06,
                        0.526862561377887
                    ],
                    [
                        -0.6986636049346234,
                        1.5250212807859476,
                        0.860574820243913,
                        0.35885825135270805,
                        1.340834229813237,
                        -1.2200394376074295,
                        -5.774766743376441e-07,
                        1.9540209660410464
                    ],
                    [
                        -0.32901742217589536,
                        0.8605748202439129,
                        1.6056279340580324,
                        0.2999125915364837,
                        0.8585013234642201,
                        0.41924584311621743,
                        -4.998848915152477e-07,
                        3.2572065530012613
                    ],
                    [
                        0.4068316789788634,
                        0.35885825135270805,
                        0.2999125915364837,
                        1.5995007346092744,
                        1.2300533186884577,
                        -0.35164219731520563,
                        -2.693523179853513e-07,
                        2.9473056247684783
                    ],
                    [
                        -0.32563441546019123,
                        1.340834229813237,
                        0.85850132346422,
                        1.2300533186884577,
                        2.6816219235952783,
                        -1.7132657271761682,
                        -2.8694027946884333e-07,
                        3.609027683519374
                    ],
                    [
                        0.9159956843672452,
                        -1.2200394376074295,
                        0.41924584311621743,
                        -0.35164219731520574,
                        -1.7132657271761682,
                        3.729188983257521,
                        1.123673499713616e-06,
                        1.1486308299464856
                    ],
                    [
                        1.3554559679678266e-06,
                        -5.774766743376447e-07,
                        -4.998848915152473e-07,
                        -2.693523179853512e-07,
                        -2.8694027946884206e-07,
                        1.123673499713616e-06,
                        1.000963168817277e-06,
                        1.4815149092900485e-06
                    ],
                    [
                        0.5268625613778869,
                        1.9540209660410464,
                        3.2572065530012613,
                        2.9473056247684783,
                        3.609027683519374,
                        1.1486308299464856,
                        1.4815149092900485e-06,
                        12.310919158682513
                    ]
                ]
            },
            "est_tgt": [
                0,
                2,
                6
            ],
            "oracle_est_tgt": [
                0,
                2,
                6
            ],
            "intv_base_est_tgt": [
                2,
                3,
                5,
                6
            ]
        },
        "3": {
            "intv_type": "do",
            "inode": 3,
            "new_mui": 1.0,
            "new_vari": null,
            "true_params": {
                "Si": [
                    [
                        1.0,
                        -0.8830464508605309,
                        -0.4925260251364597,
                        0.0,
                        -0.5985279100763481,
                        1.036104874160578,
                        1.5545835033090807,
                        1.3162151443351564
                    ],
                    [
                        -0.8830464508605309,
                        1.77977103437738,
                        0.9926811351324312,
                        0.0,
                        1.206326843375263,
                        -1.3776359535423226,
                        -2.6183838336453205,
                        -0.9386271843818439
                    ],
                    [
                        -0.4925260251364597,
                        0.9926811351324312,
                        1.5536756228828847,
                        0.0,
                        0.6728381781094673,
                        0.21043464764508035,
                        -2.928628124852599,
                        -0.06557755409491495
                    ],
                    [
                        0.0,
                        0.0,
                        0.0,
                        1e-09,
                        5.842994901851274e-10,
                        -3.216331776454872e-10,
                        6.867630587366289e-10,
                        1.7628222637425922e-09
                    ],
                    [
                        -0.5985279100763481,
                        1.206326843375263,
                        0.6728381781094673,
                        5.842994901851274e-10,
                        1.8176470037700292,
                        -1.4842195822841475,
                        -1.967943820386847,
                        -0.34112536743936117
                    ],
                    [
                        1.036104874160578,
                        -1.3776359535423226,
                        0.21043464764508035,
                        -3.216331776454872e-10,
                        -1.4842195822841475,
                        3.548709036449415,
                        0.07976316418705198,
                        1.7143019508451947
                    ],
                    [
                        1.5545835033090807,
                        -2.6183838336453205,
                        -2.928628124852599,
                        6.867630587366289e-10,
                        -1.967943820386847,
                        0.07976316418705198,
                        7.76425937810012,
                        1.8122378208751546
                    ],
                    [
                        1.3162151443351564,
                        -0.9386271843818439,
                        -0.06557755409491495,
                        1.7628222637425922e-09,
                        -0.34112536743936117,
                        1.7143019508451947,
                        1.8122378208751546,
                        3.925946714803994
                    ]
                ],
                "mui": [
                    0.0,
                    0.0,
                    0.0,
                    1.0,
                    0.5842994901851274,
                    -0.3216331776454872,
                    0.6867630587366288,
                    1.762822263742592
                ],
                "Ai": [
                    [
                        0.0,
                        0.0,
                        0.0,
                        0.0,
                        0.0,
                        0.0,
                        0.0,
                        0.0
                    ],
                    [
                        -0.8830464508605309,
                        0.0,
                        0.0,
                        0.0,
                        0.0,
                        0.0,
                        0.0,
                        0.0
                    ],
                    [
                        -0.0,
                        0.5577577766792358,
                        0.0,
                        0.0,
                        0.0,
                        0.0,
                        0.0,
                        0.0
                    ],
                    [
                        0.0,
                        0.0,
                        0.0,
                        0.0,
                        0.0,
                        0.0,
                        0.0,
                        0.0
                    ],
                    [
                        -0.0,
                        0.6777988966413728,
                        0.0,
                        0.5842994901851274,
                        0.0,
                        0.0,
                        0.0,
                        0.0
                    ],
                    [
                        0.6275129042548062,
                        -0.6355518907684017,
                        0.978821814166225,
                        -0.0,
                        -0.5504594528117457,
                        0.0,
                        0.0,
                        0.0
                    ],
                    [
                        0.9419401626301547,
                        -0.789291835414135,
                        -0.7081049687035217,
                        0.7996533121395436,
                        -0.6206626971579396,
                        -0.7765450254596886,
                        0.0,
                        0.0
                    ],
                    [
                        0.5560061837923992,
                        0.5891865966846677,
                        0.9338822771648336,
                        0.8669923014712018,
                        0.9491684277836934,
                        0.8707392296409864,
                        0.9046642087745667,
                        0.0
                    ]
                ]
            },
            "est_params": {
                "mui": [
                    0.05921842221639324,
                    0.000682820154341061,
                    0.06422834375430986,
                    1.0000056453822241,
                    0.5839244816661241,
                    -0.18173760816179527,
                    0.5376406563137435,
                    1.7716284581094401
                ],
                "Si": [
                    [
                        1.0208155168672521,
                        -0.9720867462145532,
                        -0.5605482200686522,
                        -4.491228822648222e-06,
                        -0.6166467623016723,
                        1.0921875093787314,
                        1.7147892979799157,
                        1.5359767622166474
                    ],
                    [
                        -0.9720867462145532,
                        1.9172970513889798,
                        1.1005628800646843,
                        2.39550585190845e-06,
                        1.2509520069392168,
                        -1.5390695791510405,
                        -2.888558149621631,
                        -1.3058504926206786
                    ],
                    [
                        -0.5605482200686523,
                        1.100562880064684,
                        1.667644291737199,
                        5.552866861053546e-06,
                        0.8190516315999288,
                        0.11381731461389896,
                        -3.2570955136358557,
                        -0.20638281266508368
                    ],
                    [
                        -4.491228822648222e-06,
                        2.395505851908449e-06,
                        5.552866861053546e-06,
                        1.002931728256047e-06,
                        -1.2522924737701292e-07,
                        5.188641884350624e-06,
                        -1.931499889857467e-05,
                        -5.2198315690654156e-06
                    ],
                    [
                        -0.6166467623016724,
                        1.2509520069392168,
                        0.8190516315999286,
                        -1.2522924737701266e-07,
                        1.7361707289329371,
                        -1.4027511179234715,
                        -2.1889966687691724,
                        -0.35206554534396906
                    ],
                    [
                        1.0921875093787312,
                        -1.5390695791510405,
                        0.11381731461389895,
                        5.188641884350624e-06,
                        -1.4027511179234715,
                        3.673417937198775,
                        0.160005218959015,
                        1.9579383069938494
                    ],
                    [
                        1.7147892979799153,
                        -2.888558149621631,
                        -3.2570955136358557,
                        -1.9314998898574673e-05,
                        -2.1889966687691724,
                        0.16000521895901507,
                        8.562494817481461,
                        2.1913428400944266
                    ],
                    [
                        1.5359767622166471,
                        -1.3058504926206786,
                        -0.20638281266508368,
                        -5.2198315690654156e-06,
                        -0.35206554534396906,
                        1.9579383069938494,
                        2.1913428400944266,
                        4.408634939075973
                    ]
                ]
            },
            "est_tgt": [
                0,
                3,
                7
            ],
            "oracle_est_tgt": [
                0,
                3,
                7
            ],
            "intv_base_est_tgt": [
                3,
                6
            ]
        },
        "1": {
            "intv_type": "do",
            "inode": 1,
            "new_mui": 1.0,
            "new_vari": null,
            "true_params": {
                "Si": [
                    [
                        1.0,
                        0.0,
                        0.0,
                        0.9614299575676994,
                        0.5617630340555154,
                        0.31828513191874114,
                        1.1149227168395437,
                        3.2085403192763904
                    ],
                    [
                        0.0,
                        1e-09,
                        5.577577766792357e-10,
                        6.672947654926119e-10,
                        1.06769888792191e-09,
                        -6.77331357547116e-10,
                        -7.873409942532589e-10,
                        1.3999739964814656e-09
                    ],
                    [
                        0.0,
                        5.577577766792357e-10,
                        1.0000000003110938,
                        3.721888447908512e-10,
                        5.955173578902171e-10,
                        0.9788218137884382,
                        -1.4682041797448773,
                        0.4579490581774398
                    ],
                    [
                        0.9614299575676994,
                        6.672947654926119e-10,
                        3.721888447908512e-10,
                        1.9243475637539107,
                        1.1243953008926937,
                        -0.015624317222401984,
                        1.7586831585535467,
                        4.8476090476929405
                    ],
                    [
                        0.5617630340555154,
                        1.06769888792191e-09,
                        5.955173578902171e-10,
                        1.1243953008926937,
                        1.656983601801839,
                        -0.5595887338583803,
                        0.8343915250466319,
                        3.1275305975949315
                    ],
                    [
                        0.31828513191874114,
                        -6.77331357547116e-10,
                        0.9788218137884382,
                        -0.015624317222401984,
                        -0.5595887338583803,
                        2.4658510796991084,
                        -1.9733256139878936,
                        0.9082989384005439
                    ],
                    [
                        1.1149227168395437,
                        -7.873409942532589e-10,
                        -1.4682041797448773,
                        1.7586831585535467,
                        0.8343915250466319,
                        -1.9733256139878936,
                        5.510670468064656,
                        4.8325712268584144
                    ],
                    [
                        3.2085403192763904,
                        1.3999739964814656e-09,
                        0.4579490581774398,
                        4.8476090476929405,
                        3.1275305975949315,
                        0.9082989384005439,
                        4.8325712268584144,
                        15.545777536821713
                    ]
                ],
                "mui": [
                    0.0,
                    1.0,
                    0.5577577766792358,
                    0.6672947654926119,
                    1.06769888792191,
                    -0.6773313575471159,
                    -0.7873409942532588,
                    1.3999739964814655
                ],
                "Ai": [
                    [
                        0.0,
                        0.0,
                        0.0,
                        0.0,
                        0.0,
                        0.0,
                        0.0,
                        0.0
                    ],
                    [
                        0.0,
                        0.0,
                        0.0,
                        0.0,
                        0.0,
                        0.0,
                        0.0,
                        0.0
                    ],
                    [
                        -0.0,
                        0.5577577766792358,
                        0.0,
                        0.0,
                        0.0,
                        0.0,
                        0.0,
                        0.0
                    ],
                    [
                        0.9614299575676994,
                        0.6672947654926119,
                        -0.0,
                        0.0,
                        0.0,
                        0.0,
                        0.0,
                        0.0
                    ],
                    [
                        -0.0,
                        0.6777988966413728,
                        0.0,
                        0.5842994901851274,
                        0.0,
                        0.0,
                        0.0,
                        0.0
                    ],
                    [
                        0.6275129042548062,
                        -0.6355518907684017,
                        0.978821814166225,
                        -0.0,
                        -0.5504594528117457,
                        0.0,
                        0.0,
                        0.0
                    ],
                    [
                        0.9419401626301547,
                        -0.789291835414135,
                        -0.7081049687035217,
                        0.7996533121395436,
                        -0.6206626971579396,
                        -0.7765450254596886,
                        0.0,
                        0.0
                    ],
                    [
                        0.5560061837923992,
                        0.5891865966846677,
                        0.9338822771648336,
                        0.8669923014712018,
                        0.9491684277836934,
                        0.8707392296409864,
                        0.9046642087745667,
                        0.0
                    ]
                ]
            },
            "est_params": {
                "mui": [
                    -0.006266785532381677,
                    1.0000041958933155,
                    0.5147191094222227,
                    0.6927607805878299,
                    1.0531950885994403,
                    -0.7218999260963507,
                    -0.7078482728204093,
                    1.459234445477555
                ],
                "Si": [
                    [
                        1.054339802703535,
                        -5.406560112094545e-06,
                        0.012443720787542512,
                        0.9963191971588403,
                        0.6002050917941159,
                        0.36491335004253606,
                        1.225175982866561,
                        3.3690249180501097
                    ],
                    [
                        -5.406560112094547e-06,
                        1.0080010257790657e-06,
                        -5.068164099980203e-06,
                        -1.7142223662819977e-05,
                        -1.1366360936332379e-05,
                        3.43519930623979e-06,
                        -1.3315764303277387e-05,
                        -3.5503007189679796e-05
                    ],
                    [
                        0.012443720787542504,
                        -5.0681640999802004e-06,
                        0.8540849520066368,
                        -0.08228845662529923,
                        -0.1110061899762044,
                        0.9218492309623392,
                        -1.3111547092138014,
                        0.2454780964809129
                    ],
                    [
                        0.9963191971588403,
                        -1.7142223662819974e-05,
                        -0.08228845662529924,
                        2.0731283972029355,
                        1.162258482120618,
                        -0.06381384693725353,
                        2.0374517741380047,
                        5.063095960679954
                    ],
                    [
                        0.6002050917941159,
                        -1.1366360936332379e-05,
                        -0.1110061899762044,
                        1.162258482120618,
                        1.613612532606802,
                        -0.6446070479965469,
                        1.203542589819055,
                        3.353607693618639
                    ],
                    [
                        0.36491335004253606,
                        3.435199306239789e-06,
                        0.9218492309623392,
                        -0.06381384693725356,
                        -0.6446070479965469,
                        2.598690273054054,
                        -1.8051163741050353,
                        0.9903441234153084
                    ],
                    [
                        1.225175982866561,
                        -1.3315764303277384e-05,
                        -1.3111547092138012,
                        2.0374517741380043,
                        1.203542589819055,
                        -1.8051163741050353,
                        5.409237304595827,
                        5.3319351689501255
                    ],
                    [
                        3.3690249180501097,
                        -3.5503007189679796e-05,
                        0.2454780964809129,
                        5.063095960679952,
                        3.353607693618639,
                        0.9903441234153084,
                        5.3319351689501255,
                        16.065375473420133
                    ]
                ]
            },
            "est_tgt": [
                0,
                1,
                7
            ],
            "oracle_est_tgt": [
                0,
                1
            ],
            "intv_base_est_tgt": [
                0,
                1,
                7
            ]
        },
        "4": {
            "intv_type": "do",
            "inode": 4,
            "new_mui": 1.0,
            "new_vari": null,
            "true_params": {
                "Si": [
                    [
                        1.0,
                        -0.8830464508605309,
                        -0.4925260251364597,
                        0.37217768322163824,
                        0.0,
                        0.7066395282873938,
                        1.736557348808572,
                        2.084740949356976
                    ],
                    [
                        -0.8830464508605309,
                        1.77977103437738,
                        0.9926811351324312,
                        0.3386445832342493,
                        0.0,
                        -0.7136019394258548,
                        -2.1145158091587954,
                        -0.7560004574964989
                    ],
                    [
                        -0.4925260251364597,
                        0.9926811351324312,
                        1.5536756228828847,
                        0.1888816498292013,
                        0.0,
                        0.5808047829980696,
                        -2.6475918157752365,
                        0.03628392305486128
                    ],
                    [
                        0.37217768322163824,
                        0.3386445832342493,
                        0.1888816498292013,
                        1.583798531942066,
                        0.0,
                        0.20320157287275942,
                        1.0582262393154067,
                        3.090267286874373
                    ],
                    [
                        0.0,
                        0.0,
                        0.0,
                        0.0,
                        1e-09,
                        -5.504594528117457e-10,
                        -1.9320614735971632e-10,
                        2.9507510146223495e-10
                    ],
                    [
                        0.7066395282873938,
                        -0.7136019394258548,
                        0.5808047829980696,
                        0.20320157287275942,
                        -5.504594528117457e-10,
                        2.465460876188566,
                        -0.9344689837156607,
                        1.992421601766466
                    ],
                    [
                        1.736557348808572,
                        -2.1145158091587954,
                        -2.6475918157752365,
                        1.0582262393154067,
                        -1.9320614735971632e-10,
                        -0.9344689837156607,
                        7.7513474535579325,
                        4.363314987818011
                    ],
                    [
                        2.084740949356976,
                        -0.7560004574964989,
                        0.03628392305486128,
                        3.090267286874373,
                        2.9507510146223495e-10,
                        1.992421601766466,
                        4.363314987818011,
                        10.109040934709487
                    ]
                ],
                "mui": [
                    0.0,
                    0.0,
                    0.0,
                    0.0,
                    1.0,
                    -0.5504594528117457,
                    -0.1932061473597163,
                    0.2950751014622349
                ],
                "Ai": [
                    [
                        0.0,
                        0.0,
                        0.0,
                        0.0,
                        0.0,
                        0.0,
                        0.0,
                        0.0
                    ],
                    [
                        -0.8830464508605309,
                        0.0,
                        0.0,
                        0.0,
                        0.0,
                        0.0,
                        0.0,
                        0.0
                    ],
                    [
                        -0.0,
                        0.5577577766792358,
                        0.0,
                        0.0,
                        0.0,
                        0.0,
                        0.0,
                        0.0
                    ],
                    [
                        0.9614299575676994,
                        0.6672947654926119,
                        -0.0,
                        0.0,
                        0.0,
                        0.0,
                        0.0,
                        0.0
                    ],
                    [
                        0.0,
                        0.0,
                        0.0,
                        0.0,
                        0.0,
                        0.0,
                        0.0,
                        0.0
                    ],
                    [
                        0.6275129042548062,
                        -0.6355518907684017,
                        0.978821814166225,
                        -0.0,
                        -0.5504594528117457,
                        0.0,
                        0.0,
                        0.0
                    ],
                    [
                        0.9419401626301547,
                        -0.789291835414135,
                        -0.7081049687035217,
                        0.7996533121395436,
                        -0.6206626971579396,
                        -0.7765450254596886,
                        0.0,
                        0.0
                    ],
                    [
                        0.5560061837923992,
                        0.5891865966846677,
                        0.9338822771648336,
                        0.8669923014712018,
                        0.9491684277836934,
                        0.8707392296409864,
                        0.9046642087745667,
                        0.0
                    ]
                ]
            },
            "est_params": {
                "mui": [
                    -0.020731609148687706,
                    0.1877067716837683,
                    0.11051694126855725,
                    0.13524271019153866,
                    1.000000717720153,
                    -0.5108259498714965,
                    -0.367369722217744,
                    0.4612129941489402
                ],
                "Si": [
                    [
                        0.9675483201660527,
                        -0.817356349429147,
                        -0.41588345158998286,
                        0.3986809741433911,
                        -3.391195951459245e-08,
                        0.6832711280332194,
                        1.6137325612987408,
                        2.054689617532207
                    ],
                    [
                        -0.8173563494291471,
                        1.7364584409773702,
                        0.9246581575495937,
                        0.33711987981682817,
                        1.6774977059886684e-06,
                        -0.6139355486881033,
                        -2.0852203787723105,
                        -0.7049264512695181
                    ],
                    [
                        -0.41588345158998286,
                        0.9246581575495937,
                        1.6717733015165062,
                        0.18329831233042268,
                        -4.0566763557634187e-07,
                        0.8278576758116265,
                        -2.8950971107311365,
                        0.1875205138651297
                    ],
                    [
                        0.3986809741433911,
                        0.33711987981682817,
                        0.1832983123304227,
                        1.5682685680005033,
                        3.899522287045781e-06,
                        0.19289836220225373,
                        0.9835221761880774,
                        3.0178118414087116
                    ],
                    [
                        -3.391195951459234e-08,
                        1.6774977059886688e-06,
                        -4.05667635576342e-07,
                        3.89952228704578e-06,
                        1.0023572022077326e-06,
                        -5.29818673212711e-06,
                        3.838466993785974e-06,
                        4.531467917009532e-06
                    ],
                    [
                        0.6832711280332194,
                        -0.6139355486881031,
                        0.8278576758116265,
                        0.19289836220225365,
                        -5.29818673212711e-06,
                        2.7775992859645418,
