{
    "expt_args": {
        "save_dir": "all_expt_logs/expt_logs_11.05.24-half_intv_weight_error_all_comp_utigsp",
        "exp_name": "87",
        "num_nodes": 6,
        "obs_noise_mean": 0.0,
        "obs_noise_var": 1.0,
        "max_edge_strength": 1.0,
        "graph_sparsity_method": "adj_dense_prop",
        "adj_dense_prop": 0.8,
        "num_parents": null,
        "new_noise_mean": 1.0,
        "mix_samples": 131072,
        "stage2_samples": 131072,
        "gmm_tol": 0.001,
        "intv_type": "do",
        "new_noise_var": null,
        "intv_targets": [
            5,
            3,
            2
        ]
    },
    "intv_args_dict": {
        "5": {
            "intv_type": "do",
            "inode": 5,
            "new_mui": 1.0,
            "new_vari": null,
            "true_params": {
                "Si": [
                    [
                        1.0,
                        0.7987076827904795,
                        1.0811943379067337,
                        1.4810373611876029,
                        0.2831530975361394,
                        0.0
                    ],
                    [
                        0.7987076827904795,
                        1.6379339625485372,
                        1.513568795769778,
                        1.5488157869942256,
                        -0.3834386804949973,
                        0.0
                    ],
                    [
                        1.0811943379067337,
                        1.513568795769778,
                        2.5914949393756723,
                        2.4020417104111758,
                        -0.09009982120257663,
                        0.0
                    ],
                    [
                        1.4810373611876029,
                        1.5488157869942256,
                        2.4020417104111758,
                        3.6442262336276587,
                        0.19630950033310796,
                        0.0
                    ],
                    [
                        0.2831530975361394,
                        -0.3834386804949973,
                        -0.09009982120257663,
                        0.19630950033310796,
                        1.4517820270607955,
                        0.0
                    ],
                    [
                        0.0,
                        0.0,
                        0.0,
                        0.0,
                        0.0,
                        1e-09
                    ]
                ],
                "mui": [
                    0.0,
                    0.0,
                    0.0,
                    0.0,
                    0.0,
                    1.0
                ],
                "Ai": [
                    [
                        0.0,
                        0.0,
                        0.0,
                        0.0,
                        0.0,
                        0.0
                    ],
                    [
                        0.7987076827904795,
                        0.0,
                        0.0,
                        0.0,
                        0.0,
                        0.0
                    ],
                    [
                        0.5620259005593624,
                        0.6500105714941041,
                        0.0,
                        0.0,
                        0.0,
                        0.0
                    ],
                    [
                        0.872418235599719,
                        -0.0,
                        0.5629137188844442,
                        0.0,
                        0.0,
                        0.0
                    ],
                    [
                        0.7700414950456596,
                        -0.6095952349030338,
                        -0.0,
                        0.0,
                        0.0,
                        0.0
                    ],
                    [
                        0.0,
                        0.0,
                        0.0,
                        0.0,
                        0.0,
                        0.0
                    ]
                ]
            },
            "est_params": {
                "mui": [
                    0.0008544252558821611,
                    0.00011749573457006017,
                    0.0021202897529173765,
                    0.0006507087107193872,
                    0.00021956715709548492,
                    0.9999998443693391
                ],
                "Si": [
                    [
                        1.0039915598237348,
                        0.7978824819090993,
                        1.0796285602269975,
                        1.489385910106683,
                        0.2883413367053622,
                        6.899623685935869e-07
                    ],
                    [
                        0.7978824819090993,
                        1.6420999684489517,
                        1.5134519332674898,
                        1.5445684986373476,
                        -0.37844907444461345,
                        4.394079014325615e-07
                    ],
                    [
                        1.0796285602269975,
                        1.5134519332674898,
                        2.578485522203185,
                        2.3857660827516964,
                        -0.08055410748405412,
                        3.343788427791398e-07
                    ],
                    [
                        1.489385910106683,
                        1.5445684986373476,
                        2.3857660827516964,
                        3.656047889292519,
                        0.2102936577382295,
                        8.088597128375916e-07
                    ],
                    [
                        0.2883413367053622,
                        -0.3784490744446135,
                        -0.08055410748405412,
                        0.2102936577382295,
                        1.4645395959302956,
                        2.4112301873642285e-07
                    ],
                    [
                        6.899623685935869e-07,
                        4.394079014325615e-07,
                        3.3437884277913975e-07,
                        8.088597128375915e-07,
                        2.411230187364227e-07,
                        1.0068542002108516e-06
                    ]
                ]
            },
            "est_tgt": [
                5
            ],
            "oracle_est_tgt": [
                5
            ],
            "intv_base_est_tgt": [
                2,
                3,
                5
            ]
        },
        "3": {
            "intv_type": "do",
            "inode": 3,
            "new_mui": 1.0,
            "new_vari": null,
            "true_params": {
                "Si": [
                    [
                        1.0,
                        0.7987076827904795,
                        1.0811943379067337,
                        0.0,
                        0.2831530975361394,
                        -1.9569385750402786
                    ],
                    [
                        0.7987076827904795,
                        1.6379339625485372,
                        1.513568795769778,
                        0.0,
                        -0.3834386804949973,
                        -2.170377643313584
                    ],
                    [
                        1.0811943379067337,
                        1.513568795769778,
                        2.5914949393756723,
                        0.0,
                        -0.09009982120257663,
                        -3.149097033985855
                    ],
                    [
                        0.0,
                        0.0,
                        0.0,
                        1e-09,
                        0.0,
                        6.645706197113978e-10
                    ],
                    [
                        0.2831530975361394,
                        -0.3834386804949973,
                        -0.09009982120257663,
                        0.0,
                        1.4517820270607955,
                        -0.9622486479017824
                    ],
                    [
                        -1.9569385750402786,
                        -2.170377643313584,
                        -3.149097033985855,
                        6.645706197113978e-10,
                        -0.9622486479017824,
                        6.212014505183489
                    ]
                ],
                "mui": [
                    0.0,
                    0.0,
                    0.0,
                    1.0,
                    0.0,
                    0.6645706197113977
                ],
                "Ai": [
                    [
                        0.0,
                        0.0,
                        0.0,
                        0.0,
                        0.0,
                        0.0
                    ],
                    [
                        0.7987076827904795,
                        0.0,
                        0.0,
                        0.0,
                        0.0,
                        0.0
                    ],
                    [
                        0.5620259005593624,
                        0.6500105714941041,
                        0.0,
                        0.0,
                        0.0,
                        0.0
                    ],
                    [
                        0.0,
                        0.0,
                        0.0,
                        0.0,
                        0.0,
                        0.0
                    ],
                    [
                        0.7700414950456596,
                        -0.6095952349030338,
                        -0.0,
                        0.0,
                        0.0,
                        0.0
                    ],
                    [
                        -0.5136151374087072,
                        -0.6668326952686066,
                        -0.6384784567211969,
                        0.6645706197113977,
                        -0.7783766111692809,
                        0.0
                    ]
                ]
            },
            "est_params": {
                "mui": [
                    -0.011262945222346428,
                    -0.012568843012488735,
                    -0.015146775006515581,
                    1.0000002392437572,
                    0.00019973169564319388,
                    0.6912554760039956
                ],
                "Si": [
                    [
                        1.0041418187842486,
                        0.8039042921311915,
                        1.0891588818217524,
                        4.861463420873208e-07,
                        0.28697824098525965,
                        -1.967552112065855
                    ],
                    [
                        0.8039042921311915,
                        1.6424242518978873,
                        1.5321532924846348,
                        1.1060064115810912e-07,
                        -0.3814920066047608,
                        -2.1929663270493447
                    ],
                    [
                        1.0891588818217524,
                        1.5321532924846348,
                        2.599462186033946,
                        -2.2127573866444902e-07,
                        -0.0982483022050849,
                        -3.1739422208525654
                    ],
                    [
                        4.861463420873207e-07,
                        1.1060064115810927e-07,
                        -2.2127573866444902e-07,
                        1.0086564389351194e-06,
                        4.5401751668623716e-07,
                        -6.805827333009751e-07
                    ],
                    [
                        0.28697824098525965,
                        -0.38149200660476074,
                        -0.09824830220508493,
                        4.540175166862374e-07,
                        1.461127218229185,
                        -0.9755861274330309
                    ],
                    [
                        -1.967552112065855,
                        -2.1929663270493447,
                        -3.1739422208525663,
                        -6.805827333009749e-07,
                        -0.9755861274330309,
                        6.277299161077823
                    ]
                ]
            },
            "est_tgt": [
                3
            ],
            "oracle_est_tgt": [
                3
            ],
            "intv_base_est_tgt": [
                2,
                3,
                5
            ]
        },
        "2": {
            "intv_type": "do",
            "inode": 2,
            "new_mui": 1.0,
            "new_vari": null,
            "true_params": {
                "Si": [
                    [
                        1.0,
                        0.7987076827904795,
                        0.0,
                        0.872418235599719,
                        0.2831530975361394,
                        -0.6868357552778616
                    ],
                    [
                        0.7987076827904795,
                        1.6379339625485372,
                        0.0,
                        0.6968071473800102,
                        -0.3834386804949973,
                        -0.7409190166954711
                    ],
                    [
                        0.0,
                        0.0,
                        1e-09,
                        5.629137188844443e-10,
                        0.0,
                        -2.6438253771811424e-10
                    ],
                    [
                        0.872418235599719,
                        0.6968071473800102,
                        5.629137188844443e-10,
                        1.7611135781237985,
                        0.24702792575707386,
                        0.06536258179626087
                    ],
                    [
                        0.2831530975361394,
                        -0.3834386804949973,
                        0.0,
                        0.24702792575707386,
                        1.4517820270607955,
                        -0.8556079409876597
                    ],
                    [
                        -0.6868357552778616,
                        -0.7409190166954711,
                        -2.6438253771811424e-10,
                        0.06536258179626087,
                        -0.8556079409876597,
                        2.55626152695764
                    ]
                ],
                "mui": [
                    0.0,
                    0.0,
                    1.0,
                    0.5629137188844442,
                    0.0,
                    -0.2643825377181142
                ],
                "Ai": [
                    [
                        0.0,
                        0.0,
                        0.0,
                        0.0,
                        0.0,
                        0.0
                    ],
                    [
                        0.7987076827904795,
                        0.0,
                        0.0,
                        0.0,
                        0.0,
                        0.0
                    ],
                    [
                        0.0,
                        0.0,
                        0.0,
                        0.0,
                        0.0,
                        0.0
                    ],
                    [
                        0.872418235599719,
                        -0.0,
                        0.5629137188844442,
                        0.0,
                        0.0,
                        0.0
                    ],
                    [
                        0.7700414950456596,
                        -0.6095952349030338,
                        -0.0,
                        0.0,
                        0.0,
                        0.0
                    ],
                    [
                        -0.5136151374087072,
                        -0.6668326952686066,
                        -0.6384784567211969,
                        0.6645706197113977,
                        -0.7783766111692809,
                        0.0
                    ]
                ]
            },
            "est_params": {
                "mui": [
                    0.0017198210450232562,
                    -0.004457298852962814,
                    0.9999994995322651,
                    0.5664100800539563,
                    0.007031800712807118,
                    -0.26297611829115763
                ],
                "Si": [
                    [
                        0.9914368347392906,
                        0.7931976823279673,
                        -1.5050029633776478e-07,
                        0.8679727503994256,
                        0.27138721305723595,
                        -0.6657906613458158
                    ],
                    [
                        0.7931976823279671,
                        1.6246301342736726,
                        -3.5567200410795056e-07,
                        0.6970172423692249,
                        -0.38652625827775144,
                        -0.7234193454137581
                    ],
                    [
                        -1.5050029633776492e-07,
                        -3.556720041079506e-07,
                        1.0085670313265296e-06,
                        9.601717165905584e-08,
                        8.971498438567214e-07,
                        4.140369201275873e-07
                    ],
                    [
                        0.8679727503994256,
                        0.6970172423692249,
                        9.601717165905602e-08,
                        1.7576155424404676,
                        0.2301005631881922,
                        0.0763990224767995
                    ],
                    [
                        0.2713872130572359,
                        -0.3865262582777514,
                        8.971498438567214e-07,
                        0.23010056318819216,
                        1.4479006756565473,
                        -0.8529729196525097
                    ],
                    [
                        -0.6657906613458158,
                        -0.7234193454137581,
                        4.1403692012758753e-07,
                        0.0763990224767995,
                        -0.8529729196525097,
                        2.5212984324182717
                    ]
                ]
            },
            "est_tgt": [
                1,
                2
            ],
            "oracle_est_tgt": [
                1,
                2
            ],
            "intv_base_est_tgt": []
        },
        "obs": {
            "intv_type": "obs",
            "true_params": {
                "Si": [
                    [
                        1.0,
                        0.7987076827904795,
                        1.0811943379067337,
                        1.4810373611876029,
                        0.2831530975361394,
                        -0.9726846581001001
                    ],
                    [
                        0.7987076827904795,
                        1.6379339625485372,
                        1.513568795769778,
                        1.5488157869942256,
                        -0.3834386804949973,
                        -1.1410801759320353
                    ],
                    [
                        1.0811943379067337,
                        1.513568795769778,
                        2.5914949393756723,
                        2.4020417104111758,
                        -0.09009982120257663,
                        -1.5527706859252737
                    ],
                    [
                        1.4810373611876029,
                        1.5488157869942256,
                        2.4020417104111758,
                        3.6442262336276587,
                        0.19630950033310796,
                        -1.0580931348921525
                    ],
                    [
                        0.2831530975361394,
                        -0.3834386804949973,
                        -0.09009982120257663,
                        0.19630950033310796,
                        1.4517820270607955,
                        -0.8317871216101741
                    ],
                    [
                        -0.9726846581001001,
                        -1.1410801759320353,
                        -1.5527706859252737,
                        -1.0580931348921525,
                        -0.8317871216101741,
                        3.1961717953167668
                    ]
                ],
                "mui": [
                    0.0,
                    0.0,
                    0.0,
                    0.0,
                    0.0,
                    0.0
                ],
                "Ai": [
                    [
                        0.0,
                        0.0,
                        0.0,
                        0.0,
                        0.0,
                        0.0
                    ],
                    [
                        0.7987076827904795,
                        0.0,
                        0.0,
                        0.0,
                        0.0,
                        0.0
                    ],
                    [
                        0.5620259005593624,
                        0.6500105714941041,
                        0.0,
                        0.0,
                        0.0,
                        0.0
                    ],
                    [
                        0.872418235599719,
                        -0.0,
                        0.5629137188844442,
                        0.0,
                        0.0,
                        0.0
                    ],
                    [
                        0.7700414950456596,
                        -0.6095952349030338,
                        -0.0,
                        0.0,
                        0.0,
                        0.0
                    ],
                    [
                        -0.5136151374087072,
                        -0.6668326952686066,
                        -0.6384784567211969,
                        0.6645706197113977,
                        -0.7783766111692809,
                        0.0
                    ]
                ]
            },
            "est_params": {
                "mui": [
                    -0.5169972092423636,
                    -0.6602590568962499,
                    -1.0602408898290827,
                    -1.0799394847116068,
                    -0.05492250433040528,
                    0.7854325027648693
                ],
                "Si": [
                    [
                        0.7618732351751709,
                        0.4993725187847765,
                        0.6047740976245316,
                        0.9902214492031769,
                        0.2417019509990223,
                        -0.5905496128535975
                    ],
                    [
                        0.4993725187847765,
                        1.2377097986465246,
                        0.8698039966865362,
                        0.9011891773532227,
                        -0.42480761086666974,
                        -0.6622879356398941
                    ],
                    [
                        0.6047740976245315,
                        0.8698039966865362,
                        1.5576309932858523,
                        1.3549262593969904,
                        -0.1014525435661153,
                        -0.8619171839411078
                    ],
                    [
                        0.9902214492031769,
                        0.9011891773532227,
                        1.3549262593969904,
                        2.581334652629068,
                        0.1671640524450565,
                        -0.32486791183895253
                    ],
                    [
                        0.2417019509990223,
                        -0.42480761086666974,
                        -0.10145254356611529,
                        0.1671640524450565,
                        1.4399235003952595,
                        -0.7522454067617546
                    ],
                    [
                        -0.5905496128535975,
                        -0.6622879356398941,
                        -0.8619171839411077,
                        -0.3248679118389525,
                        -0.7522454067617546,
                        2.563616123931282
                    ]
                ]
            },
            "est_tgt": [
                0,
                2,
                3,
                4,
                5
            ],
            "oracle_est_tgt": [],
            "intv_base_est_tgt": [
                0,
                1,
                2,
                3,
                4,
                5
            ]
        },
        "left_comp_0": {
            "true_params": {
                "mui": [
                    0.17159241595142669,
                    0.23046104676031828,
                    0.4238722680529355,
                    0.932162891629765,
                    -0.32529559297408583,
                    0.8608562997605892
                ],
                "Si": [
                    [
                        0.5365729080126277,
                        0.318072857340012,
                        0.4543973858812358,
                        0.7348531864938803,
                        0.07638029607683894,
                        0.009874240833970096
                    ],
                    [
                        0.318072857340012,
                        1.0479845005911883,
                        0.6974432503158119,
                        0.7457796920406438,
                        -0.6269319260311328,
                        0.002549683784374546
                    ],
                    [
                        0.4543973858812358,
                        0.6974432503158119,
                        1.6026642148134198,
                        1.3284970548240318,
                        -0.24603512153052057,
                        0.008439934434449362
                    ],
                    [
                        0.7348531864938803,
                        0.7457796920406439,
                        1.3284970548240318,
                        2.163105885301179,
                        0.14727690821110748,
                        0.015470116877526929
                    ],
                    [
                        0.07638029607683894,
                        -0.6269319260311328,
                        -0.24603512153052057,
                        0.14727690821110748,
                        1.3036699621903287,
                        -0.011056008169352587
                    ],
                    [
                        0.009874240833970094,
                        0.002549683784374546,
                        0.008439934434449365,
                        0.015470116877526929,
                        -0.011056008169352583,
                        0.04709763243454439
                    ]
                ]
            },
            "est_params": {
                "mui": [
                    0.17159241595142669,
                    0.23046104676031828,
                    0.4238722680529355,
                    0.932162891629765,
                    -0.32529559297408583,
                    0.8608562997605892
                ],
                "Si": [
                    [
                        0.5365729080126277,
                        0.318072857340012,
                        0.4543973858812358,
                        0.7348531864938803,
                        0.07638029607683894,
                        0.009874240833970096
                    ],
                    [
                        0.318072857340012,
                        1.0479845005911883,
                        0.6974432503158119,
                        0.7457796920406438,
                        -0.6269319260311328,
                        0.002549683784374546
                    ],
                    [
                        0.4543973858812358,
                        0.6974432503158119,
                        1.6026642148134198,
                        1.3284970548240318,
                        -0.24603512153052057,
                        0.008439934434449362
                    ],
                    [
                        0.7348531864938803,
                        0.7457796920406439,
                        1.3284970548240318,
                        2.163105885301179,
                        0.14727690821110748,
                        0.015470116877526929
                    ],
                    [
                        0.07638029607683894,
                        -0.6269319260311328,
                        -0.24603512153052057,
                        0.14727690821110748,
                        1.3036699621903287,
                        -0.011056008169352587
                    ],
                    [
                        0.009874240833970094,
                        0.002549683784374546,
                        0.008439934434449365,
                        0.015470116877526929,
                        -0.011056008169352583,
                        0.04709763243454439
                    ]
                ]
            },
            "est_tgt": [
                0,
                1,
                2,
                3,
                4,
                5
            ],
            "oracle_est_tgt": [
                0,
                1,
                2,
                3,
                4,
                5
            ],
            "intv_base_est_tgt": [
                0,
                1,
                2,
                3,
                4,
                5
            ]
        },
        "left_comp_2": {
            "true_params": {
                "mui": [
                    0.07520342711801015,
                    0.3135985925023316,
                    0.5682183565901111,
                    0.60712887605336,
                    -0.4957457221257386,
                    0.5011441789135016
                ],
                "Si": [
                    [
                        0.5954705127786235,
                        0.26223970374926087,
                        0.19465048062802187,
                        0.6249136279045672,
                        0.1895081132082826,
                        -0.26330973693201376
                    ],
                    [
                        0.26223970374926087,
                        0.8706894077603635,
                        0.2848320178374484,
                        0.33767913225158,
                        -0.3727536009328919,
                        -0.3267139513480016
                    ],
                    [
                        0.19465048062802187,
                        0.2848320178374484,
                        0.6214798933612604,
                        0.46592513652518275,
                        -0.12243597323926945,
                        -0.17211416642738278
                    ],
                    [
                        0.6249136279045672,
                        0.33767913225157997,
                        0.46592513652518275,
                        1.7893389664293797,
                        0.1461314557448874,
                        0.35060611276826303
                    ],
                    [
                        0.18950811320828262,
                        -0.372753600932892,
                        -0.12243597323926945,
                        0.14613145574488737,
                        1.1963229691550197,
                        -0.483798118515575
                    ],
                    [
                        -0.26330973693201376,
                        -0.3267139513480016,
                        -0.17211416642738278,
                        0.35060611276826303,
                        -0.483798118515575,
                        1.8401636370889363
                    ]
                ]
            },
            "est_params": {
                "mui": [
                    0.07520342711801015,
                    0.3135985925023316,
                    0.5682183565901111,
                    0.60712887605336,
                    -0.4957457221257386,
                    0.5011441789135016
                ],
                "Si": [
                    [
                        0.5954705127786235,
                        0.26223970374926087,
                        0.19465048062802187,
                        0.6249136279045672,
                        0.1895081132082826,
                        -0.26330973693201376
                    ],
                    [
                        0.26223970374926087,
                        0.8706894077603635,
                        0.2848320178374484,
                        0.33767913225158,
                        -0.3727536009328919,
                        -0.3267139513480016
                    ],
                    [
                        0.19465048062802187,
                        0.2848320178374484,
                        0.6214798933612604,
                        0.46592513652518275,
                        -0.12243597323926945,
                        -0.17211416642738278
                    ],
                    [
                        0.6249136279045672,
                        0.33767913225157997,
                        0.46592513652518275,
                        1.7893389664293797,
                        0.1461314557448874,
                        0.35060611276826303
                    ],
                    [
                        0.18950811320828262,
                        -0.372753600932892,
                        -0.12243597323926945,
                        0.14613145574488737,
                        1.1963229691550197,
                        -0.483798118515575
                    ],
                    [
                        -0.26330973693201376,
                        -0.3267139513480016,
                        -0.17211416642738278,
                        0.35060611276826303,
                        -0.483798118515575,
                        1.8401636370889363
                    ]
                ]
            },
            "est_tgt": [
                0,
                1,
                2,
                3,
                4,
                5
            ],
            "oracle_est_tgt": [
                0,
                1,
                2,
                3,
                4,
                5
            ],
            "intv_base_est_tgt": [
                0,
                1,
                2,
                3,
                4,
                5
            ]
        },
        "left_comp_3": {
            "true_params": {
                "mui": [
                    0.6720527144933336,
                    0.7739101120554682,
                    1.1871239170859944,
                    1.1919430687168164,
                    0.2897068423215338,
                    -1.321762037338167
                ],
                "Si": [
                    [
                        0.7202604636101926,
                        0.48841495894005843,
                        0.5999633055135131,
                        0.9918974138151554,
                        0.1641166069189912,
                        -0.4230247755824928
                    ],
                    [
                        0.48841495894005843,
                        1.2858444984440436,
                        1.0017375318204016,
                        1.0314270966979122,
                        -0.5164095786455396,
                        -0.4978911406031124
                    ],
                    [
                        0.5999633055135131,
                        1.0017375318204016,
                        1.8142204037666194,
                        1.6090447035570288,
                        -0.33699436576016434,
                        -0.5706671999585715
                    ],
                    [
                        0.9918974138151554,
                        1.0314270966979122,
                        1.6090447035570288,
                        2.812233488903346,
                        -0.04536780642013767,
                        -0.11426989870812657
                    ],
                    [
                        0.1641166069189912,
                        -0.5164095786455396,
                        -0.33699436576016434,
                        -0.04536780642013768,
                        1.3681408966766013,
                        -0.554103556597011
                    ],
                    [
                        -0.4230247755824928,
                        -0.4978911406031124,
                        -0.5706671999585715,
                        -0.11426989870812657,
                        -0.5541035565970112,
                        2.0074450965253665
                    ]
                ]
            },
            "est_params": {
                "mui": [
                    0.6720527144933336,
                    0.7739101120554682,
                    1.1871239170859944,
                    1.1919430687168164,
                    0.2897068423215338,
                    -1.321762037338167
                ],
                "Si": [
                    [
                        0.7202604636101926,
                        0.48841495894005843,
                        0.5999633055135131,
                        0.9918974138151554,
                        0.1641166069189912,
                        -0.4230247755824928
                    ],
                    [
                        0.48841495894005843,
                        1.2858444984440436,
                        1.0017375318204016,
                        1.0314270966979122,
                        -0.5164095786455396,
                        -0.4978911406031124
                    ],
                    [
                        0.5999633055135131,
                        1.0017375318204016,
                        1.8142204037666194,
                        1.6090447035570288,
                        -0.33699436576016434,
                        -0.5706671999585715
                    ],
                    [
                        0.9918974138151554,
                        1.0314270966979122,
                        1.6090447035570288,
                        2.812233488903346,
                        -0.04536780642013767,
                        -0.11426989870812657
                    ],
                    [
                        0.1641166069189912,
                        -0.5164095786455396,
                        -0.33699436576016434,
                        -0.04536780642013768,
                        1.3681408966766013,
                        -0.554103556597011
                    ],
                    [
                        -0.4230247755824928,
                        -0.4978911406031124,
                        -0.5706671999585715,
                        -0.11426989870812657,
                        -0.5541035565970112,
                        2.0074450965253665
                    ]
                ]
            },
            "est_tgt": [
                0,
                2,
                3,
                4,
                5
            ],
