{
    "expt_args": {
        "save_dir": "all_expt_logs/expt_logs_11.05.24-half_intv_weight_error_all_comp_utigsp",
        "exp_name": "107",
        "num_nodes": 6,
        "obs_noise_mean": 0.0,
        "obs_noise_var": 1.0,
        "max_edge_strength": 1.0,
        "graph_sparsity_method": "adj_dense_prop",
        "adj_dense_prop": 0.8,
        "num_parents": null,
        "new_noise_mean": 1.0,
        "mix_samples": 8192,
        "stage2_samples": 8192,
        "gmm_tol": 0.001,
        "intv_type": "do",
        "new_noise_var": null,
        "intv_targets": [
            0,
            2,
            4
        ]
    },
    "intv_args_dict": {
        "0": {
            "intv_type": "do",
            "inode": 0,
            "new_mui": 1.0,
            "new_vari": null,
            "true_params": {
                "Si": [
                    [
                        1e-09,
                        -7.528041981789549e-10,
                        -1.236456702139035e-10,
                        0.0,
                        -3.8370753848726157e-10,
                        -4.216261724603577e-10
                    ],
                    [
                        -7.528041981789549e-10,
                        1.0000000005667142,
                        -0.9403846459101436,
                        0.0,
                        0.5097043024373517,
                        -0.6795563205220324
                    ],
                    [
                        -1.236456702139035e-10,
                        -0.9403846459101436,
                        1.8843232824538982,
                        0.0,
                        -0.47931809969478933,
                        0.6390443302639774
                    ],
                    [
                        0.0,
                        0.0,
                        0.0,
                        1.0,
                        0.0,
                        -0.629755549501473
                    ],
                    [
                        -3.8370753848726157e-10,
                        0.5097043024373517,
                        -0.47931809969478933,
                        0.0,
                        1.2597984757759157,
                        -0.34637278012228156
                    ],
                    [
                        -4.216261724603577e-10,
                        -0.6795563205220324,
                        0.6390443302639774,
                        -0.629755549501473,
                        -0.34637278012228156,
                        1.8583888454984994
                    ]
                ],
                "mui": [
                    1.0,
                    -0.7528041981789548,
                    -0.12364567021390349,
                    0.0,
                    -0.3837075384872615,
                    -0.42162617246035766
                ],
                "Ai": [
                    [
                        0.0,
                        0.0,
                        0.0,
                        0.0,
                        0.0,
                        0.0
                    ],
                    [
                        -0.7528041981789548,
                        0.0,
                        0.0,
                        0.0,
                        0.0,
                        0.0
                    ],
                    [
                        -0.8315711796281613,
                        -0.9403846460032246,
                        0.0,
                        0.0,
                        0.0,
                        0.0
                    ],
                    [
                        -0.0,
                        0.0,
                        -0.0,
                        0.0,
                        0.0,
                        0.0
                    ],
                    [
                        0.0,
                        0.509704302148495,
                        0.0,
                        0.0,
                        0.0,
                        0.0
                    ],
                    [
                        -0.9331990236873287,
                        -0.6795563208394344,
                        0.0,
                        -0.629755549501473,
                        -0.0,
                        0.0
                    ]
                ]
            },
            "est_params": {
                "mui": [
                    0.9999962764525538,
                    -0.7490553886451602,
                    -0.1235379162004465,
                    -0.016601673894543544,
                    -0.32852605887349334,
                    -0.38652863601725407
                ],
                "Si": [
                    [
                        1.0184131073196506e-06,
                        3.6741359020996526e-07,
                        -5.086050992384969e-08,
                        -5.03831940899963e-06,
                        3.5981520294700326e-06,
                        6.075107675803942e-06
                    ],
                    [
                        3.6741359020996526e-07,
                        0.9309300904785538,
                        -0.8890118403387559,
                        0.004003070979519571,
                        0.49644360605732657,
                        -0.6227129916091438
                    ],
                    [
                        -5.086050992385006e-08,
                        -0.8890118403387559,
                        1.7897093952480996,
                        -0.03127742217087915,
                        -0.4819464295901743,
                        0.6096839854990631
                    ],
                    [
                        -5.038319408999631e-06,
                        0.0040030709795195645,
                        -0.03127742217087915,
                        1.0354120420810418,
                        0.017040706940493863,
                        -0.6462030595059399
                    ],
                    [
                        3.5981520294700326e-06,
                        0.49644360605732657,
                        -0.4819464295901743,
                        0.01704070694049386,
                        1.2326537801412547,
                        -0.3488092687518311
                    ],
                    [
                        6.075107675803942e-06,
                        -0.6227129916091438,
                        0.6096839854990631,
                        -0.6462030595059399,
                        -0.3488092687518311,
                        1.836594606194201
                    ]
                ]
            },
            "est_tgt": [
                0,
                2
            ],
            "oracle_est_tgt": [
                0
            ],
            "intv_base_est_tgt": [
                0,
                2,
                3,
                4,
                5
            ]
        },
        "2": {
            "intv_type": "do",
            "inode": 2,
            "new_mui": 1.0,
            "new_vari": null,
            "true_params": {
                "Si": [
                    [
                        1.0,
                        -0.7528041981789548,
                        0.0,
                        0.0,
                        -0.3837075384872615,
                        -0.42162617246035766
                    ],
                    [
                        -0.7528041981789548,
                        1.566714160795859,
                        0.0,
                        0.0,
                        0.7985609479946184,
                        -0.36215436814915314
                    ],
                    [
                        0.0,
                        0.0,
                        1e-09,
                        0.0,
                        0.0,
                        0.0
                    ],
                    [
                        0.0,
                        0.0,
                        0.0,
                        1.0,
                        0.0,
                        -0.629755549501473
                    ],
                    [
                        -0.3837075384872615,
                        0.7985609479946184,
                        0.0,
                        0.0,
                        1.4070299507206376,
                        -0.18459163948749327
                    ],
                    [
                        -0.42162617246035766,
                        -0.36215436814915314,
                        0.0,
                        -0.629755549501473,
                        -0.18459163948749327,
                        2.036157474624302
                    ]
                ],
                "mui": [
                    0.0,
                    0.0,
                    1.0,
                    0.0,
                    0.0,
                    0.0
                ],
                "Ai": [
                    [
                        0.0,
                        0.0,
                        0.0,
                        0.0,
                        0.0,
                        0.0
                    ],
                    [
                        -0.7528041981789548,
                        0.0,
                        0.0,
                        0.0,
                        0.0,
                        0.0
                    ],
                    [
                        0.0,
                        0.0,
                        0.0,
                        0.0,
                        0.0,
                        0.0
                    ],
                    [
                        -0.0,
                        0.0,
                        -0.0,
                        0.0,
                        0.0,
                        0.0
                    ],
                    [
                        0.0,
                        0.509704302148495,
                        0.0,
                        0.0,
                        0.0,
                        0.0
                    ],
                    [
                        -0.9331990236873287,
                        -0.6795563208394344,
                        0.0,
                        -0.629755549501473,
                        -0.0,
                        0.0
                    ]
                ]
            },
            "est_params": {
                "mui": [
                    0.015923963963489877,
                    -0.01564165792805389,
                    0.9999984779769836,
                    0.00921629999344008,
                    0.017689638995230104,
                    0.019694932958708167
                ],
                "Si": [
                    [
                        1.0454392008398854,
                        -0.7791441704371046,
                        -1.246698005937062e-06,
                        -0.016161672216415273,
                        -0.40892704928505186,
                        -0.4031956924374271
                    ],
                    [
                        -0.7791441704371046,
                        1.6022979769928862,
                        2.3361285553211444e-06,
                        0.026398370252526823,
                        0.8140236093569482,
                        -0.42057443283608853
                    ],
                    [
                        -1.2466980059370617e-06,
                        2.336128555321144e-06,
                        1.006275928631611e-06,
                        1.4740009226232311e-06,
                        -3.195939444461905e-07,
                        -6.111015597051785e-08
                    ],
                    [
                        -0.016161672216415277,
                        0.026398370252526823,
                        1.4740009226232315e-06,
                        1.0319446787026334,
                        0.022188491295952427,
                        -0.6610899301366162
                    ],
                    [
                        -0.40892704928505186,
                        0.8140236093569482,
                        -3.1959394444619094e-07,
                        0.022188491295952427,
                        1.384873203269006,
                        -0.22445122160234032
                    ],
                    [
                        -0.4031956924374271,
                        -0.4205744328360885,
                        -6.111015597051785e-08,
                        -0.6610899301366162,
                        -0.2244512216023403,
                        2.12242138591688
                    ]
                ]
            },
            "est_tgt": [
                1,
                2
            ],
            "oracle_est_tgt": [
                1,
                2
            ],
            "intv_base_est_tgt": [
                0,
                1,
                2,
                3,
                4,
                5
            ]
        },
        "4": {
            "intv_type": "do",
            "inode": 4,
            "new_mui": 1.0,
            "new_vari": null,
            "true_params": {
                "Si": [
                    [
                        1.0,
                        -0.7528041981789548,
                        -0.12364567021390349,
                        0.0,
                        0.0,
                        -0.42162617246035766
                    ],
                    [
                        -0.7528041981789548,
                        1.566714160795859,
                        -0.8473036663795475,
                        0.0,
                        0.0,
                        -0.36215436814915314
                    ],
                    [
                        -0.12364567021390349,
                        -0.8473036663795475,
                        1.8996115342012554,
                        0.0,
                        0.0,
                        0.691176580885429
                    ],
                    [
                        0.0,
                        0.0,
                        0.0,
                        1.0,
                        0.0,
                        -0.629755549501473
                    ],
                    [
                        0.0,
                        0.0,
                        0.0,
                        0.0,
                        1e-09,
                        0.0
                    ],
                    [
                        -0.42162617246035766,
                        -0.36215436814915314,
                        0.691176580885429,
                        -0.629755549501473,
                        0.0,
                        2.036157474624302
                    ]
                ],
                "mui": [
                    0.0,
                    0.0,
                    0.0,
                    0.0,
                    1.0,
                    0.0
                ],
                "Ai": [
                    [
                        0.0,
                        0.0,
                        0.0,
                        0.0,
                        0.0,
                        0.0
                    ],
                    [
                        -0.7528041981789548,
                        0.0,
                        0.0,
                        0.0,
                        0.0,
                        0.0
                    ],
                    [
                        -0.8315711796281613,
                        -0.9403846460032246,
                        0.0,
                        0.0,
                        0.0,
                        0.0
                    ],
                    [
                        -0.0,
                        0.0,
                        -0.0,
                        0.0,
                        0.0,
                        0.0
                    ],
                    [
                        0.0,
                        0.0,
                        0.0,
                        0.0,
                        0.0,
                        0.0
                    ],
                    [
                        -0.9331990236873287,
                        -0.6795563208394344,
                        0.0,
                        -0.629755549501473,
                        -0.0,
                        0.0
                    ]
                ]
            },
            "est_params": {
                "mui": [
                    0.01871838725431362,
                    -0.00626237509865369,
                    -0.00013593818760820442,
                    0.019131307600573702,
                    1.0000002724264874,
                    -0.02747654924843993
                ],
                "Si": [
                    [
                        1.0247237660173232,
                        -0.7276372794964052,
                        -0.16806995255042617,
                        0.0110131549014816,
                        1.674424495679365e-06,
                        -0.4876879349181257
                    ],
                    [
                        -0.7276372794964052,
                        1.5159158674823263,
                        -0.8862321566637669,
                        -0.0026031335028813226,
                        -1.6193607794089486e-06,
                        -0.3416828534548861
                    ],
                    [
                        -0.1680699525504262,
                        -0.8862321566637669,
                        2.057479452503708,
                        -0.03435109512576184,
                        4.985411230984931e-07,
                        0.7428175538261311
                    ],
                    [
                        0.0110131549014816,
                        -0.0026031335028813157,
                        -0.03435109512576182,
                        1.0268862596181279,
                        -3.917344654777481e-07,
                        -0.6781930334366671
                    ],
                    [
                        1.6744244956793645e-06,
                        -1.6193607794089482e-06,
                        4.985411230984926e-07,
                        -3.9173446547774837e-07,
                        1.0048565465838185e-06,
                        -7.698913882277765e-07
                    ],
                    [
                        -0.4876879349181257,
                        -0.3416828534548861,
                        0.7428175538261311,
                        -0.6781930334366671,
                        -7.698913882277761e-07,
                        2.1724146792507835
                    ]
                ]
            },
            "est_tgt": [
                4
            ],
            "oracle_est_tgt": [
                4
            ],
            "intv_base_est_tgt": [
                0,
                1,
                2,
                3,
                4,
                5
            ]
        },
        "obs": {
            "intv_type": "obs",
            "true_params": {
                "Si": [
                    [
                        1.0,
                        -0.7528041981789548,
                        -0.12364567021390349,
                        0.0,
                        -0.3837075384872615,
                        -0.42162617246035766
                    ],
                    [
                        -0.7528041981789548,
                        1.566714160795859,
                        -0.8473036663795475,
                        0.0,
                        0.7985609479946184,
                        -0.36215436814915314
                    ],
                    [
                        -0.12364567021390349,
                        -0.8473036663795475,
                        1.8996115342012554,
                        0.0,
                        -0.43187432397984854,
                        0.691176580885429
                    ],
                    [
                        0.0,
                        0.0,
                        0.0,
                        1.0,
                        0.0,
                        -0.629755549501473
                    ],
                    [
                        -0.3837075384872615,
                        0.7985609479946184,
                        -0.43187432397984854,
                        0.0,
                        1.4070299507206376,
                        -0.18459163948749327
                    ],
                    [
                        -0.42162617246035766,
                        -0.36215436814915314,
                        0.691176580885429,
                        -0.629755549501473,
                        -0.18459163948749327,
                        2.036157474624302
                    ]
                ],
                "mui": [
                    0.0,
                    0.0,
                    0.0,
                    0.0,
                    0.0,
                    0.0
                ],
                "Ai": [
                    [
                        0.0,
                        0.0,
                        0.0,
                        0.0,
                        0.0,
                        0.0
                    ],
                    [
                        -0.7528041981789548,
                        0.0,
                        0.0,
                        0.0,
                        0.0,
                        0.0
                    ],
                    [
                        -0.8315711796281613,
                        -0.9403846460032246,
                        0.0,
                        0.0,
                        0.0,
                        0.0
                    ],
                    [
                        -0.0,
                        0.0,
                        -0.0,
                        0.0,
                        0.0,
                        0.0
                    ],
                    [
                        0.0,
                        0.509704302148495,
                        0.0,
                        0.0,
                        0.0,
                        0.0
                    ],
                    [
                        -0.9331990236873287,
                        -0.6795563208394344,
                        0.0,
                        -0.629755549501473,
                        -0.0,
                        0.0
                    ]
                ]
            },
            "est_params": {
                "mui": [
                    -0.42253707373478183,
                    -0.07542118935817124,
                    0.6257854985344339,
                    -0.33487574002055864,
                    -0.14191883482760842,
                    0.9278955547152786
                ],
                "Si": [
                    [
                        0.9407510944216606,
                        -0.7359114680648688,
                        -0.08911153391234355,
                        -0.06963159308368289,
                        -0.4242741171643925,
                        -0.30607201103777854
                    ],
                    [
                        -0.7359114680648688,
                        1.6287815793357527,
                        -0.9341802933429303,
                        0.03562834811513291,
                        0.7897565075632998,
                        -0.28821779780123363
                    ],
                    [
                        -0.08911153391234354,
                        -0.9341802933429303,
                        1.9656109952821503,
                        0.13657012565644178,
                        -0.26911363905083174,
                        0.35750781939243076
                    ],
                    [
                        -0.0696315930836829,
                        0.03562834811513289,
                        0.13657012565644178,
                        0.9910644979456592,
                        0.07977965520489246,
                        -0.5666440977886498
                    ],
                    [
                        -0.4242741171643925,
                        0.7897565075632998,
                        -0.26911363905083174,
                        0.07977965520489246,
                        1.3046691065275116,
                        -0.11933949908346046
                    ],
                    [
                        -0.30607201103777854,
                        -0.28821779780123363,
                        0.35750781939243076,
                        -0.5666440977886498,
                        -0.11933949908346045,
                        1.789771062472154
                    ]
                ]
            },
            "est_tgt": [
                0,
                2,
                3,
                4,
                5
            ],
            "oracle_est_tgt": [],
            "intv_base_est_tgt": [
                0,
                1,
                2,
                3,
                4,
                5
            ]
        },
        "left_comp_1": {
            "true_params": {
                "mui": [
                    -0.1259235892096876,
                    0.7347570719257223,
                    -0.9614867319546666,
                    0.2034258172998704,
                    0.640515271552979,
                    -0.5831344217420855
                ],
                "Si": [
                    [
                        0.7567502980379901,
                        -0.49087762318834366,
                        -0.24984031249550295,
                        -0.062440399941981244,
                        -0.2494809925956318,
                        -0.362136288020116
                    ],
                    [
                        -0.4908776231883437,
                        1.1452088871170671,
                        -0.44239077608609056,
                        -0.09817541396403275,
                        0.4442644059869352,
                        -0.2527678406123821
                    ],
                    [
                        -0.24984031249550304,
                        -0.44239077608609056,
                        1.3388171580020838,
                        0.1545120044079228,
                        -0.07769734614100482,
                        0.5042780020991143
                    ],
                    [
                        -0.062440399941981264,
                        -0.09817541396403272,
                        0.15451200440792281,
                        1.0472249765995483,
                        0.08096768547235624,
                        -0.3625780752769771
                    ],
                    [
                        -0.2494809925956318,
                        0.4442644059869352,
                        -0.0776973461410048,
                        0.08096768547235624,
                        1.0460867057638081,
                        -0.10135116166541501
                    ],
                    [
                        -0.362136288020116,
                        -0.2527678406123821,
                        0.5042780020991144,
                        -0.3625780752769771,
                        -0.10135116166541501,
                        1.5906175571683654
                    ]
                ]
            },
            "est_params": {
                "mui": [
                    -0.1259235892096876,
                    0.7347570719257223,
                    -0.9614867319546666,
                    0.2034258172998704,
                    0.640515271552979,
                    -0.5831344217420855
                ],
                "Si": [
                    [
                        0.7567502980379901,
                        -0.49087762318834366,
                        -0.24984031249550295,
                        -0.062440399941981244,
                        -0.2494809925956318,
                        -0.362136288020116
                    ],
                    [
                        -0.4908776231883437,
                        1.1452088871170671,
                        -0.44239077608609056,
                        -0.09817541396403275,
                        0.4442644059869352,
                        -0.2527678406123821
                    ],
                    [
                        -0.24984031249550304,
                        -0.44239077608609056,
                        1.3388171580020838,
                        0.1545120044079228,
                        -0.07769734614100482,
                        0.5042780020991143
                    ],
                    [
                        -0.062440399941981264,
                        -0.09817541396403272,
                        0.15451200440792281,
                        1.0472249765995483,
                        0.08096768547235624,
                        -0.3625780752769771
                    ],
                    [
                        -0.2494809925956318,
                        0.4442644059869352,
                        -0.0776973461410048,
                        0.08096768547235624,
                        1.0460867057638081,
                        -0.10135116166541501
                    ],
                    [
                        -0.362136288020116,
                        -0.2527678406123821,
                        0.5042780020991144,
                        -0.3625780752769771,
                        -0.10135116166541501,
                        1.5906175571683654
                    ]
                ]
            },
            "est_tgt": [
                1,
                2,
                3,
                4
            ],
            "oracle_est_tgt": [
                0,
                2,
                3,
                4
            ],
            "intv_base_est_tgt": []
        },
        "left_comp_2": {
            "true_params": {
                "mui": [
                    0.4499040463052015,
                    -1.0638908869714607,
                    1.0378854520854564,
                    0.010119825550041714,
                    -0.579015223050485,
                    0.2622059257462352
                ],
                "Si": [
                    [
                        0.5760844336667146,
                        -0.385790881673874,
                        -0.060030221765001,
                        -0.16896334081777248,
                        -0.0547229017578946,
                        -0.08387498910161717
                    ],
                    [
                        -0.385790881673874,
                        0.7630965005930125,
                        -0.12710690201232924,
                        -0.037065596372349685,
                        0.22971091327333457,
                        -0.07348131417777397
                    ],
                    [
                        -0.060030221765001,
                        -0.12710690201232924,
                        0.5961828449230031,
                        0.26642974964897786,
                        0.015656828394220623,
                        -0.06104049096023801
                    ],
                    [
                        -0.16896334081777248,
                        -0.037065596372349685,
                        0.26642974964897786,
                        0.7900949347359892,
                        -0.07402500676371827,
                        -0.388459820863851
                    ],
                    [
                        -0.054722901757894585,
                        0.22971091327333457,
                        0.015656828394220623,
                        -0.07402500676371827,
                        0.8828734110735791,
                        -0.021357716917817526
                    ],
                    [
                        -0.08387498910161717,
                        -0.07348131417777395,
                        -0.061040490960238024,
                        -0.38845982086385095,
                        -0.02135771691781752,
                        1.147403416918345
                    ]
                ]
            },
            "est_params": {
                "mui": [
                    0.4499040463052015,
                    -1.0638908869714607,
                    1.0378854520854564,
                    0.010119825550041714,
                    -0.579015223050485,
                    0.2622059257462352
                ],
                "Si": [
                    [
                        0.5760844336667146,
                        -0.385790881673874,
                        -0.060030221765001,
                        -0.16896334081777248,
                        -0.0547229017578946,
                        -0.08387498910161717
                    ],
                    [
                        -0.385790881673874,
                        0.7630965005930125,
                        -0.12710690201232924,
                        -0.037065596372349685,
                        0.22971091327333457,
                        -0.07348131417777397
                    ],
                    [
                        -0.060030221765001,
                        -0.12710690201232924,
                        0.5961828449230031,
                        0.26642974964897786,
                        0.015656828394220623,
                        -0.06104049096023801
                    ],
                    [
                        -0.16896334081777248,
                        -0.037065596372349685,
                        0.26642974964897786,
                        0.7900949347359892,
                        -0.07402500676371827,
                        -0.388459820863851
                    ],
                    [
                        -0.054722901757894585,
                        0.22971091327333457,
                        0.015656828394220623,
                        -0.07402500676371827,
                        0.8828734110735791,
                        -0.021357716917817526
                    ],
                    [
                        -0.08387498910161717,
                        -0.07348131417777395,
                        -0.061040490960238024,
                        -0.38845982086385095,
                        -0.02135771691781752,
                        1.147403416918345
                    ]
                ]
            },
            "est_tgt": [
                0,
                1,
                2,
                4,
                5
            ],
            "oracle_est_tgt": [
                0,
                1,
                2,
                4,
                5
            ],
            "intv_base_est_tgt": [
                0,
                1,
                2,
                3,
                4,
                5
            ]
        },
        "left_comp_6": {
            "true_params": {
                "mui": [
                    0.4108351949510209,
                    -0.1841516585470845,
                    -0.23291427397807332,
                    0.3453813774455773,
                    -0.2874724783313694,
                    -0.8788392149244056
                ],
                "Si": [
                    [
                        0.9537262886393075,
                        -0.7359165378187827,
                        -0.04959201916616446,
                        0.015243651639816405,
                        -0.2099978361581331,
                        -0.25616307607384387
                    ],
                    [
                        -0.7359165378187827,
                        0.9424316371570828,
                        -0.04720384091261239,
                        -0.10576908651671685,
                        0.308588729864682,
                        -0.0005775470342160215
                    ],
                    [
                        -0.049592019166164465,
                        -0.04720384091261239,
                        0.8274825739393181,
                        -0.013714709737117387,
                        0.09919157242623695,
                        -0.019585334665130908
                    ],
                    [
                        0.0152436516398164,
                        -0.10576908651671682,
                        -0.013714709737117385,
                        0.8554337565446374,
                        -0.13379156523579322,
                        -0.3870393300793707
                    ],
                    [
                        -0.2099978361581331,
                        0.308588729864682,
                        0.09919157242623693,
                        -0.13379156523579322,
                        1.1556839387024278,
                        0.09575576697803304
                    ],
                    [
                        -0.25616307607384387,
                        -0.0005775470342160183,
                        -0.019585334665130887,
                        -0.3870393300793707,
                        0.09575576697803304,
                        1.2408801108379537
                    ]
                ]
            },
            "est_params": {
                "mui": [
                    0.4108351949510209,
                    -0.1841516585470845,
                    -0.23291427397807332,
                    0.3453813774455773,
                    -0.2874724783313694,
                    -0.8788392149244056
                ],
                "Si": [
                    [
                        0.9537262886393075,
                        -0.7359165378187827,
                        -0.04959201916616446,
                        0.015243651639816405,
                        -0.2099978361581331,
                        -0.25616307607384387
                    ],
                    [
                        -0.7359165378187827,
                        0.9424316371570828,
                        -0.04720384091261239,
                        -0.10576908651671685,
                        0.308588729864682,
                        -0.0005775470342160215
                    ],
                    [
                        -0.049592019166164465,
                        -0.04720384091261239,
                        0.8274825739393181,
                        -0.013714709737117387,
                        0.09919157242623695,
                        -0.019585334665130908
                    ],
                    [
                        0.0152436516398164,
                        -0.10576908651671682,
                        -0.013714709737117385,
                        0.8554337565446374,
                        -0.13379156523579322,
                        -0.3870393300793707
                    ],
                    [
                        -0.2099978361581331,
                        0.308588729864682,
                        0.09919157242623693,
                        -0.13379156523579322,
                        1.1556839387024278,
                        0.09575576697803304
                    ],
                    [
                        -0.25616307607384387,
                        -0.0005775470342160183,
                        -0.019585334665130887,
                        -0.3870393300793707,
                        0.09575576697803304,
                        1.2408801108379537
                    ]
                ]
            },
            "est_tgt": [
                0,
                1,
                2,
                3,
                4,
                5
            ],
            "oracle_est_tgt": [
                0,
                1,
                2,
                3,
                4,
                5
            ],
            "intv_base_est_tgt": [
                0,
                1,
                2,
                3,
                4,
                5
            ]
        }
    },
