{
    "expt_args": {
        "save_dir": "all_expt_logs/expt_logs_11.05.24-half_intv_weight_error_all_comp_utigsp",
        "exp_name": "93",
        "num_nodes": 8,
        "obs_noise_mean": 0.0,
        "obs_noise_var": 1.0,
        "max_edge_strength": 1.0,
        "graph_sparsity_method": "adj_dense_prop",
        "adj_dense_prop": 0.8,
        "num_parents": null,
        "new_noise_mean": 1.0,
        "mix_samples": 32768,
        "stage2_samples": 32768,
        "gmm_tol": 0.001,
        "intv_type": "do",
        "new_noise_var": null,
        "intv_targets": [
            1,
            4,
            6,
            2
        ]
    },
    "intv_args_dict": {
        "1": {
            "intv_type": "do",
            "inode": 1,
            "new_mui": 1.0,
            "new_vari": null,
            "true_params": {
                "Si": [
                    [
                        1.0,
                        0.0,
                        -0.5531174097311606,
                        -1.160826647086203,
                        2.34828088534284,
                        0.2453656479227735,
                        3.5831473711655137,
                        -2.864928275197108
                    ],
                    [
                        0.0,
                        1e-09,
                        6.213803358751082e-10,
                        3.5831881461672556e-10,
                        -3.8336785332865143e-10,
                        -1.3886752186336087e-09,
                        -6.052757598151857e-10,
                        -6.239199337995204e-10
                    ],
                    [
                        -0.5531174097311606,
                        6.213803358751082e-10,
                        1.305938869333822,
                        1.2187231772462503,
                        -2.73424207348892,
                        -1.4068742562929943,
                        -3.7668382274083063,
                        1.8218983413673526
                    ],
                    [
                        -1.160826647086203,
                        3.5831881461672556e-10,
                        1.2187231772462503,
                        2.6800434375514497,
                        -4.405961025026691,
                        -0.587644023339007,
                        -6.662317001652681,
                        5.211323558739683
                    ],
                    [
                        2.34828088534284,
                        -3.8336785332865143e-10,
                        -2.73424207348892,
                        -4.405961025026691,
                        9.30113390200145,
                        2.6309679010763714,
                        13.223031377395667,
                        -8.971621630889558
                    ],
                    [
                        0.2453656479227735,
                        -1.3886752186336087e-09,
                        -1.4068742562929943,
                        -0.587644023339007,
                        2.6309679010763714,
                        3.217360672806652,
                        3.1055282812152427,
                        0.12350976703798139
                    ],
                    [
                        3.5831473711655137,
                        -6.052757598151857e-10,
                        -3.7668382274083063,
                        -6.662317001652681,
                        13.223031377395667,
                        3.1055282812152427,
                        20.17813526474712,
                        -13.675117214795419
                    ],
                    [
                        -2.864928275197108,
                        -6.239199337995204e-10,
                        1.8218983413673526,
                        5.211323558739683,
                        -8.971621630889558,
                        0.12350976703798139,
                        -13.675117214795419,
                        12.880024333610331
                    ]
                ],
                "mui": [
                    0.0,
                    1.0,
                    0.6213803358751082,
                    0.35831881461672555,
                    -0.3833678533286514,
                    -1.3886752186336087,
                    -0.6052757598151857,
                    -0.6239199337995204
                ],
                "Ai": [
                    [
                        0.0,
                        0.0,
                        0.0,
                        0.0,
                        0.0,
                        0.0,
                        0.0,
                        0.0
                    ],
                    [
                        0.0,
                        0.0,
                        0.0,
                        0.0,
                        0.0,
                        0.0,
                        0.0,
                        0.0
                    ],
                    [
                        -0.5531174097311606,
                        0.6213803358751082,
                        0.0,
                        0.0,
                        0.0,
                        0.0,
                        0.0,
                        0.0
                    ],
                    [
                        -0.8418716316854935,
                        -0.0,
                        0.5766497488403695,
                        0.0,
                        0.0,
                        0.0,
                        0.0,
                        0.0
                    ],
                    [
                        0.8368188139516122,
                        0.5085409955102119,
                        -0.9438827085597514,
                        -0.8523099594811028,
                        0.0,
                        0.0,
                        0.0,
                        0.0
                    ],
                    [
                        -0.5950297602823327,
                        -0.902331366264522,
                        -0.9558627977584914,
                        0.9389076168730608,
                        0.5968621739491669,
                        0.0,
                        0.0,
                        0.0
                    ],
                    [
                        0.5261702530091326,
                        0.0,
                        0.0,
                        -0.6291743174400435,
                        0.9907736418294903,
                        0.0,
                        0.0,
                        0.0
                    ],
                    [
                        -0.5457145512111348,
                        -0.0,
                        -0.5662202167927322,
                        0.8127887240673788,
                        -0.784210587886851,
                        0.6221472346407378,
                        0.0,
                        0.0
                    ]
                ]
            },
            "est_params": {
                "mui": [
                    -0.010118708088236754,
                    0.9999977223458201,
                    0.634808157834168,
                    0.37688490457243473,
                    -0.4317053463477086,
                    -1.3998147212077847,
                    -0.6719282139340176,
                    -0.5874263367435861
                ],
                "Si": [
                    [
                        0.9984281432040042,
                        -1.1642856937010702e-06,
                        -0.5483979723995674,
                        -1.1605071588666611,
                        2.3454035058501823,
                        0.24128781560275012,
                        3.5846646670855016,
                        -2.8790126320338296
                    ],
                    [
                        -1.16428569370107e-06,
                        1.0108196877087284e-06,
                        -5.026993814395005e-07,
                        -1.0552954503420574e-06,
                        1.9938066380969366e-06,
                        2.0493325349469274e-06,
                        1.7274893054271418e-06,
                        -4.285729783945e-07
                    ],
                    [
                        -0.5483979723995674,
                        -5.026993814395005e-07,
                        1.2836066837598545,
                        1.2102147224608324,
                        -2.6943160684781726,
                        -1.3897942172172186,
                        -3.736691155379532,
                        1.8100838468751141
                    ],
                    [
                        -1.1605071588666611,
                        -1.055295450342058e-06,
                        1.2102147224608324,
                        2.7066397534357294,
                        -4.421957575276056,
                        -0.5698999689611463,
                        -6.70468842039278,
                        5.319099990933722
                    ],
                    [
                        2.3454035058501823,
                        1.9938066380969366e-06,
                        -2.6943160684781726,
                        -4.421957575276056,
                        9.269018627663334,
                        2.5925080842307904,
                        13.233258464373307,
                        -9.059601885085547
                    ],
                    [
                        0.2412878156027501,
                        2.049332534946927e-06,
                        -1.3897942172172186,
                        -0.5698999689611463,
                        2.5925080842307904,
                        3.198859126924934,
                        3.0650468014799186,
                        0.1638226821865499
                    ],
                    [
                        3.5846646670855016,
                        1.7274893054271429e-06,
                        -3.7366911553795314,
                        -6.70468842039278,
                        13.233258464373307,
                        3.0650468014799186,
                        20.250592589507473,
                        -13.857089514063219
                    ],
                    [
                        -2.8790126320338296,
                        -4.285729783944999e-07,
                        1.810083846875114,
                        5.319099990933722,
                        -9.059601885085547,
                        0.16382268218654986,
                        -13.857089514063219,
                        13.19473977307871
                    ]
                ]
            },
            "est_tgt": [
                1,
                2,
                3,
                4,
                5,
                7
            ],
            "oracle_est_tgt": [
                1,
                2
            ],
            "intv_base_est_tgt": []
        },
        "4": {
            "intv_type": "do",
            "inode": 4,
            "new_mui": 1.0,
            "new_vari": null,
            "true_params": {
                "Si": [
                    [
                        1.0,
                        0.9277566226878509,
                        0.023372312084972147,
                        -0.8283939937918756,
                        0.0,
                        -2.232299815355933,
                        1.0473744786245676,
                        -2.621076881078737
                    ],
                    [
                        0.9277566226878509,
                        1.8607323509411673,
                        0.6430641531994684,
                        -0.4102291993185254,
                        0.0,
                        -3.2308883857949775,
                        0.7462636133657736,
                        -3.2139241553640057
                    ],
                    [
                        0.023372312084972147,
                        0.6430641531994684,
                        1.3866597867844597,
                        0.7799405312650608,
                        0.0,
                        -1.1873285750315787,
                        -0.4784207360393613,
                        -0.9026757362015398
                    ],
                    [
                        -0.8283939937918756,
                        -0.4102291993185254,
                        0.7799405312650608,
                        2.1471539146964504,
                        0.0,
                        2.1335447802550322,
                        -1.7868103760225738,
                        3.0830100355700463
                    ],
                    [
                        0.0,
                        0.0,
                        0.0,
                        0.0,
                        1e-09,
                        5.968621739491669e-10,
                        9.907736418294904e-10,
                        -4.1287443690271786e-10
                    ],
                    [
                        -2.232299815355933,
                        -3.2308883857949775,
                        -1.1873285750315787,
                        2.1335447802550322,
                        5.968621739491669e-10,
                        8.381741414477837,
                        -2.516941338891443,
                        8.83928631677142
                    ],
                    [
                        1.0473744786245676,
                        0.7462636133657736,
                        -0.4784207360393613,
                        -1.7868103760225738,
                        9.907736418294904e-10,
                        -2.516941338891443,
                        2.6753124941236197,
                        -3.3188834208732403
                    ],
                    [
                        -2.621076881078737,
                        -3.2139241553640057,
                        -0.9026757362015398,
                        3.0830100355700463,
                        -4.1287443690271786e-10,
                        8.83928631677142,
                        -3.3188834208732403,
                        10.94664637649207
                    ]
                ],
                "mui": [
                    0.0,
                    0.0,
                    0.0,
                    0.0,
                    1.0,
                    0.5968621739491669,
                    0.9907736418294903,
                    -0.41287443690271786
                ],
                "Ai": [
                    [
                        0.0,
                        0.0,
                        0.0,
                        0.0,
                        0.0,
                        0.0,
                        0.0,
                        0.0
                    ],
                    [
                        0.9277566226878509,
                        0.0,
                        0.0,
                        0.0,
                        0.0,
                        0.0,
                        0.0,
                        0.0
                    ],
                    [
                        -0.5531174097311606,
                        0.6213803358751082,
                        0.0,
                        0.0,
                        0.0,
                        0.0,
                        0.0,
                        0.0
                    ],
                    [
                        -0.8418716316854935,
                        -0.0,
                        0.5766497488403695,
                        0.0,
                        0.0,
                        0.0,
                        0.0,
                        0.0
                    ],
                    [
                        0.0,
                        0.0,
                        0.0,
                        0.0,
                        0.0,
                        0.0,
                        0.0,
                        0.0
                    ],
                    [
                        -0.5950297602823327,
                        -0.902331366264522,
                        -0.9558627977584914,
                        0.9389076168730608,
                        0.5968621739491669,
                        0.0,
                        0.0,
                        0.0
                    ],
                    [
                        0.5261702530091326,
                        0.0,
                        0.0,
                        -0.6291743174400435,
                        0.9907736418294903,
                        0.0,
                        0.0,
                        0.0
                    ],
                    [
                        -0.5457145512111348,
                        -0.0,
                        -0.5662202167927322,
                        0.8127887240673788,
                        -0.784210587886851,
                        0.6221472346407378,
                        0.0,
                        0.0
                    ]
                ]
            },
            "est_params": {
                "mui": [
                    -0.005243355115860177,
                    -0.015055115870268523,
                    0.011727078546292123,
                    0.03176153598407488,
                    1.0000010528806236,
                    0.6052997585317091,
                    0.9915208255367148,
                    -0.39072582873004325
                ],
                "Si": [
                    [
                        1.0128454960734365,
                        0.9419312534475446,
                        0.020643761770307766,
                        -0.82914326646018,
                        2.1594667571261938e-08,
                        -2.2269349304422827,
                        1.0557118284963367,
                        -2.6298914996872327
                    ],
                    [
                        0.9419312534475446,
                        1.9084286278049307,
                        0.6461129397559786,
                        -0.4109865893710543,
                        8.411304084552732e-07,
                        -3.257797671553172,
                        0.7534700709335292,
                        -3.2683625216328505
                    ],
                    [
                        0.02064376177030777,
                        0.6461129397559786,
                        1.3924018245195666,
                        0.7867658468120481,
                        2.751576463715248e-07,
                        -1.1900737749464814,
                        -0.5045044932852665,
                        -0.9078295385949424
                    ],
                    [
                        -0.82914326646018,
                        -0.41098658937105426,
                        0.7867658468120481,
                        2.1648697486494815,
                        -8.093243323173448e-07,
                        2.114789870575691,
                        -1.782085956539745,
                        3.099090552148724
                    ],
                    [
                        2.1594667571262004e-08,
                        8.411304084552729e-07,
                        2.751576463715249e-07,
                        -8.093243323173446e-07,
                        1.0049185332995493e-06,
                        -5.609212529328396e-07,
                        2.3799333664428765e-07,
                        -1.9041460791131383e-06
                    ],
                    [
                        -2.2269349304422827,
                        -3.257797671553172,
                        -1.1900737749464811,
                        2.1147898705756916,
                        -5.609212529328395e-07,
                        8.365423945728878,
                        -2.4554234340647603,
                        8.85312192762248
                    ],
                    [
                        1.0557118284963367,
                        0.7534700709335292,
                        -0.5045044932852665,
                        -1.7820859565397449,
                        2.3799333664428757e-07,
                        -2.4554234340647607,
                        2.653035467691136,
                        -3.2924612162876277
                    ],
                    [
                        -2.6298914996872327,
                        -3.2683625216328505,
                        -0.9078295385949425,
                        3.099090552148724,
                        -1.9041460791131383e-06,
                        8.85312192762248,
                        -3.2924612162876277,
                        11.025680213632903
                    ]
                ]
            },
            "est_tgt": [
                1,
                3,
                4,
                5,
                7
            ],
            "oracle_est_tgt": [
                4,
                5
            ],
            "intv_base_est_tgt": [
                0,
                1,
                2,
                3,
                4,
                5,
                6
            ]
        },
        "6": {
            "intv_type": "do",
            "inode": 6,
            "new_mui": 1.0,
            "new_vari": null,
            "true_params": {
                "Si": [
                    [
                        1.0,
                        0.9277566226878509,
                        0.023372312084972147,
                        -0.8283939937918756,
                        1.992608820491559,
                        -1.0429869829270557,
                        0.0,
                        -3.4437741258065784
                    ],
                    [
                        0.9277566226878509,
                        1.8607323509411673,
                        0.6430641531994684,
                        -0.4102291993185254,
                        1.4652881763086194,
                        -2.356313299421405,
                        0.0,
                        -3.8189041860576376
                    ],
                    [
                        0.023372312084972147,
                        0.6430641531994684,
                        1.3866597867844597,
                        0.7799405312650608,
                        -1.6270124028779545,
                        -2.158430734855572,
                        0.0,
                        -0.2309239065295665
                    ],
                    [
                        -0.8283939937918756,
                        -0.4102291993185254,
                        0.7799405312650608,
                        2.1471539146964504,
                        -3.4680470919789768,
                        0.06359865357837402,
                        0.0,
                        4.5148780258229735
                    ],
                    [
                        1.992608820491559,
                        1.4652881763086194,
                        -1.6270124028779545,
                        -3.4680470919789768,
                        7.904171607854507,
                        0.5088888153071196,
                        0.0,
                        -8.86686917779827
                    ],
                    [
                        -1.0429869829270557,
                        -2.356313299421405,
                        -2.158430734855572,
                        0.06359865357837402,
                        0.5088888153071196,
                        6.173397079100054,
                        0.0,
                        5.28469848450375
                    ],
                    [
                        0.0,
                        0.0,
                        0.0,
                        0.0,
                        0.0,
                        0.0,
                        1e-09,
                        0.0
                    ],
                    [
                        -3.4437741258065784,
                        -3.8189041860576376,
                        -0.2309239065295665,
                        4.5148780258229735,
                        -8.86686917779827,
                        5.28469848450375,
                        0.0,
                        16.92106662456444
                    ]
                ],
                "mui": [
                    0.0,
                    0.0,
                    0.0,
                    0.0,
                    0.0,
                    0.0,
                    1.0,
                    0.0
                ],
                "Ai": [
                    [
                        0.0,
                        0.0,
                        0.0,
                        0.0,
                        0.0,
                        0.0,
                        0.0,
                        0.0
                    ],
                    [
                        0.9277566226878509,
                        0.0,
                        0.0,
                        0.0,
                        0.0,
                        0.0,
                        0.0,
                        0.0
                    ],
                    [
                        -0.5531174097311606,
                        0.6213803358751082,
                        0.0,
                        0.0,
                        0.0,
                        0.0,
                        0.0,
                        0.0
                    ],
                    [
                        -0.8418716316854935,
                        -0.0,
                        0.5766497488403695,
                        0.0,
                        0.0,
                        0.0,
                        0.0,
                        0.0
                    ],
                    [
                        0.8368188139516122,
                        0.5085409955102119,
                        -0.9438827085597514,
                        -0.8523099594811028,
                        0.0,
                        0.0,
                        0.0,
                        0.0
                    ],
                    [
                        -0.5950297602823327,
                        -0.902331366264522,
                        -0.9558627977584914,
                        0.9389076168730608,
                        0.5968621739491669,
                        0.0,
                        0.0,
                        0.0
                    ],
                    [
                        0.0,
                        0.0,
                        0.0,
                        0.0,
                        0.0,
                        0.0,
                        0.0,
                        0.0
                    ],
                    [
                        -0.5457145512111348,
                        -0.0,
                        -0.5662202167927322,
                        0.8127887240673788,
                        -0.784210587886851,
                        0.6221472346407378,
                        0.0,
                        0.0
                    ]
                ]
            },
            "est_params": {
                "mui": [
                    -0.016778281689316155,
                    -0.04937818458634993,
                    -0.04405420249593091,
                    -0.018089144533206158,
                    0.020025992571322024,
                    0.102360591174006,
                    1.0000004741640485,
                    0.059376523350191245
                ],
                "Si": [
                    [
                        1.0158958673144565,
                        0.9321483329187484,
                        0.0444902159547404,
                        -0.8320012995817299,
                        1.9674615254286734,
                        -1.090806973611843,
                        1.2417584152692928e-08,
                        -3.4644247953330636
                    ],
                    [
                        0.9321483329187488,
                        1.852555959744605,
                        0.6640555987839146,
                        -0.38367613575510495,
                        1.3819127484601903,
                        -2.3962845632857297,
                        -1.8779833217266106e-07,
                        -3.7542042063045744
                    ],
                    [
                        0.044490215954740404,
                        0.6640555987839146,
                        1.396911472548412,
                        0.7826285623482299,
                        -1.6273536583072838,
                        -2.1864536867581137,
                        3.695097854434963e-07,
                        -0.25861047820790667
                    ],
                    [
                        -0.8320012995817299,
                        -0.38367613575510495,
                        0.7826285623482299,
                        2.1538873669598884,
                        -3.466446518477139,
                        0.07402405270128133,
                        -7.367983241542159e-07,
                        4.529778901366965
                    ],
                    [
                        1.9674615254286734,
                        1.3819127484601903,
                        -1.6273536583072838,
                        -3.466446518477139,
                        7.811648339944535,
                        0.5079915213065868,
                        1.3023159508211506e-06,
                        -8.750110130284577
                    ],
                    [
                        -1.090806973611843,
                        -2.39628456328573,
                        -2.1864536867581146,
                        0.07402405270128133,
                        0.5079915213065868,
                        6.240696004248793,
                        -2.3313892638284915e-07,
                        5.370916600635593
                    ],
                    [
                        1.2417584152693093e-08,
                        -1.87798332172661e-07,
                        3.695097854434963e-07,
                        -7.36798324154216e-07,
                        1.3023159508211496e-06,
                        -2.3313892638284915e-07,
                        1.004900676042452e-06,
                        -1.6829105280958573e-06
                    ],
                    [
                        -3.464424795333064,
                        -3.7542042063045735,
                        -0.2586104782079067,
                        4.529778901366965,
                        -8.750110130284577,
                        5.370916600635593,
                        -1.6829105280958573e-06,
                        16.91129243014283
                    ]
                ]
            },
            "est_tgt": [
                6
            ],
            "oracle_est_tgt": [
                6
            ],
            "intv_base_est_tgt": [
                0,
                1,
                2,
                3,
                4,
                5,
                6
            ]
        },
        "2": {
            "intv_type": "do",
            "inode": 2,
            "new_mui": 1.0,
            "new_vari": null,
            "true_params": {
                "Si": [
                    [
                        1.0,
                        0.9277566226878509,
                        0.0,
                        -0.8418716316854935,
                        2.0261566667346367,
                        -1.013277075743249,
                        3.0633168818647656,
                        -3.449319361926657
                    ],
                    [
                        0.9277566226878509,
                        1.8607323509411673,
                        0.0,
                        -0.7810519817492437,
                        2.388321261676412,
                        -1.5388769997806018,
                        3.3458615386827804,
                        -3.9714754232071856
                    ],
                    [
                        0.0,
                        0.0,
                        1e-09,
                        5.766497488403695e-10,
                        -1.4353670326286747e-09,
                        -1.2711582438140467e-09,
                        -1.7849370344081132e-09,
                        2.372566351124582e-10
                    ],
                    [
                        -0.8418716316854935,
                        -0.7810519817492437,
                        5.766497488403695e-10,
                        1.70874784456932,
                        -2.558073779383136,
                        1.2832452659511047,
                        -4.052540142697173,
                        4.652708615641792
                    ],
                    [
                        2.0261566667346367,
                        2.388321261676412,
                        -1.4353670326286747e-09,
                        -2.558073779383136,
                        6.090357051358689,
                        -2.127371907642131,
                        8.709742925893126,
                        -9.284537731551612
                    ],
                    [
                        -1.013277075743249,
                        -1.5388769997806018,
                        -1.2711582438140467e-09,
                        1.2832452659511047,
                        -2.127371907642131,
                        2.926607935343341,
                        -3.448285232085477,
                        5.085055935936922
                    ],
                    [
                        3.0633168818647656,
                        3.3458615386827804,
                        -1.7849370344081132e-09,
                        -4.052540142697173,
                        8.709742925893126,
                        -3.448285232085477,
                        13.790964115043572,
                        -13.94116926986079
                    ],
                    [
                        -3.449319361926657,
                        -3.9714754232071856,
                        2.372566351124582e-10,
                        4.652708615641792,
                        -9.284537731551612,
                        5.085055935936922,
                        -13.94116926986079,
                        17.108699147862502
                    ]
                ],
                "mui": [
                    0.0,
                    0.0,
                    1.0,
                    0.5766497488403695,
                    -1.4353670326286747,
                    -1.2711582438140465,
                    -1.784937034408113,
                    0.2372566351124582
                ],
                "Ai": [
                    [
                        0.0,
                        0.0,
                        0.0,
                        0.0,
                        0.0,
                        0.0,
                        0.0,
                        0.0
                    ],
                    [
                        0.9277566226878509,
                        0.0,
                        0.0,
                        0.0,
                        0.0,
                        0.0,
                        0.0,
                        0.0
                    ],
                    [
                        0.0,
                        0.0,
                        0.0,
                        0.0,
                        0.0,
                        0.0,
                        0.0,
                        0.0
                    ],
                    [
                        -0.8418716316854935,
                        -0.0,
                        0.5766497488403695,
                        0.0,
                        0.0,
                        0.0,
                        0.0,
                        0.0
                    ],
                    [
                        0.8368188139516122,
                        0.5085409955102119,
                        -0.9438827085597514,
                        -0.8523099594811028,
                        0.0,
                        0.0,
                        0.0,
                        0.0
                    ],
                    [
                        -0.5950297602823327,
                        -0.902331366264522,
                        -0.9558627977584914,
                        0.9389076168730608,
                        0.5968621739491669,
                        0.0,
                        0.0,
                        0.0
                    ],
                    [
                        0.5261702530091326,
                        0.0,
                        0.0,
                        -0.6291743174400435,
                        0.9907736418294903,
                        0.0,
                        0.0,
                        0.0
                    ],
                    [
                        -0.5457145512111348,
                        -0.0,
                        -0.5662202167927322,
                        0.8127887240673788,
                        -0.784210587886851,
                        0.6221472346407378,
                        0.0,
                        0.0
                    ]
                ]
            },
            "est_params": {
                "mui": [
                    -0.01810582850345126,
                    -0.012052450607862185,
                    0.9999999261449029,
                    0.5857074434499914,
                    -1.4559104560497897,
                    -1.2303896477105074,
                    -1.8245423044015574,
                    0.28779036730786833
                ],
                "Si": [
                    [
                        1.0079293630525765,
                        0.9235052401040101,
                        1.5134638338132213e-06,
                        -0.8276196791935937,
                        2.0362782940812107,
                        -1.0154204385946466,
                        3.0702705023431833,
                        -3.439677752538646
                    ],
                    [
                        0.9235052401040101,
                        1.813416779186875,
                        1.2263058016378615e-06,
                        -0.7623267628860338,
                        2.3864057122706437,
                        -1.4829708849515302,
                        3.3438260523690424,
                        -3.910525065451105
                    ],
                    [
                        1.5134638338132213e-06,
                        1.2263058016378617e-06,
                        1.0096921347719936e-06,
                        -9.30705013259293e-07,
                        3.236519690471106e-06,
                        -5.017066689480304e-07,
                        6.090779641386702e-06,
                        -3.50601880169732e-06
                    ],
                    [
                        -0.8276196791935937,
                        -0.7623267628860338,
                        -9.307050132592927e-07,
                        1.6657549158704104,
                        -2.5298794200664476,
                        1.254312110618884,
                        -3.9892303879228805,
                        4.570664139437976
                    ],
                    [
                        2.036278294081211,
                        2.3864057122706437,
                        3.236519690471106e-06,
                        -2.5298794200664476,
                        6.134828448778085,
                        -2.1120557247105145,
                        8.750077920635075,
                        -9.288468625516185
                    ],
                    [
                        -1.0154204385946466,
                        -1.4829708849515302,
                        -5.017066689480302e-07,
                        1.254312110618884,
                        -2.1120557247105145,
