{
    "expt_args": {
        "save_dir": "all_expt_logs/expt_logs_11.05.24-half_intv_weight_error_all_comp_utigsp",
        "exp_name": "40",
        "num_nodes": 8,
        "obs_noise_mean": 0.0,
        "obs_noise_var": 1.0,
        "max_edge_strength": 1.0,
        "graph_sparsity_method": "adj_dense_prop",
        "adj_dense_prop": 0.8,
        "num_parents": null,
        "new_noise_mean": 1.0,
        "mix_samples": 1024,
        "stage2_samples": 1024,
        "gmm_tol": 0.001,
        "intv_type": "do",
        "new_noise_var": null,
        "intv_targets": [
            0,
            4,
            3,
            5
        ]
    },
    "intv_args_dict": {
        "0": {
            "intv_type": "do",
            "inode": 0,
            "new_mui": 1.0,
            "new_vari": null,
            "true_params": {
                "Si": [
                    [
                        1e-09,
                        -8.716886767952911e-10,
                        -6.673977300039964e-10,
                        -5.396037322044161e-10,
                        -1.3446251826582265e-10,
                        -2.550502943086668e-09,
                        1.6568580305128273e-10,
                        -2.287484374899244e-09
                    ],
                    [
                        -8.716886767952911e-10,
                        1.000000000759841,
                        5.817630441633646e-10,
                        0.6190326282523808,
                        -1.2240104515111276,
                        0.8242370685577304,
                        2.229589915565413,
                        -0.07355039248995042
                    ],
                    [
                        -6.673977300039964e-10,
                        5.817630441633646e-10,
                        1.0000000004454197,
                        3.6013030597491165e-10,
                        0.8590257354712909,
                        1.2027692468030544,
                        -1.3952022858586115,
                        2.6013769818136354
                    ],
                    [
                        -5.396037322044161e-10,
                        0.6190326282523808,
                        3.601303059749117e-10,
                        1.3832013945498782,
                        -1.693092972627361,
                        0.8459379538149474,
                        2.6848841248700226,
                        -1.4164400365775844
                    ],
                    [
                        -1.3446251826582265e-10,
                        -1.2240104515111276,
                        0.8590257354712909,
                        -1.693092972627361,
                        4.111082311463514,
                        0.23752839982843305,
                        -5.8968467170581595,
                        4.868665796185599
                    ],
                    [
                        -2.550502943086668e-09,
                        0.8242370685577304,
                        1.2027692468030544,
                        0.8459379538149474,
                        0.23752839982843305,
                        3.516673001447658,
                        0.2027770382486896,
                        4.081595285525637
                    ],
                    [
                        1.6568580305128273e-10,
                        2.229589915565413,
                        -1.3952022858586115,
                        2.6848841248700226,
                        -5.8968467170581595,
                        0.2027770382486896,
                        10.180728088423322,
                        -6.52689492081348
                    ],
                    [
                        -2.287484374899244e-09,
                        -0.07355039248995042,
                        2.6013769818136354,
                        -1.4164400365775844,
                        4.868665796185599,
                        4.081595285525637,
                        -6.52689492081348,
                        11.897293026804725
                    ]
                ],
                "mui": [
                    1.0,
                    -0.871688676795291,
                    -0.6673977300039964,
                    -0.539603732204416,
                    -0.13446251826582264,
                    -2.5505029430866677,
                    0.16568580305128272,
                    -2.2874843748992437
                ],
                "Ai": [
                    [
                        0.0,
                        0.0,
                        0.0,
                        0.0,
                        0.0,
                        0.0,
                        0.0,
                        0.0
                    ],
                    [
                        -0.871688676795291,
                        0.0,
                        0.0,
                        0.0,
                        0.0,
                        0.0,
                        0.0,
                        0.0
                    ],
                    [
                        -0.6673977300039964,
                        -0.0,
                        0.0,
                        0.0,
                        0.0,
                        0.0,
                        0.0,
                        0.0
                    ],
                    [
                        -0.0,
                        0.6190326277820144,
                        -0.0,
                        0.0,
                        0.0,
                        0.0,
                        0.0,
                        0.0
                    ],
                    [
                        -0.6281067434206735,
                        -0.6449731713098519,
                        0.8590257353815509,
                        -0.9353905663957777,
                        0.0,
                        0.0,
                        0.0,
                        0.0
                    ],
                    [
                        -0.6981540500119157,
                        0.9564601576413692,
                        0.7498807071695663,
                        0.8288572962961984,
                        0.5272118392706011,
                        0.0,
                        0.0,
                        0.0
                    ],
                    [
                        0.7076557065455341,
                        0.9389263458413832,
                        -0.7518855694411108,
                        0.6041895629852349,
                        -0.7488910865064854,
                        -0.0,
                        0.0,
                        0.0
                    ],
                    [
                        0.7414168346181711,
                        0.8155897289098224,
                        0.9113587529252319,
                        -0.8608438360919284,
                        0.8354398421748469,
                        0.8084293030696119,
                        -0.0,
                        0.0
                    ]
                ]
            },
            "est_params": {
                "mui": [
                    0.9999969066708296,
                    -0.85738355417721,
                    -0.6413446537882531,
                    -0.5888097987859418,
                    -0.08501998040922364,
                    -2.4186744648916316,
                    0.09323512459033505,
                    -2.174021633222729
                ],
                "Si": [
                    [
                        1.0010297853610272e-06,
                        2.174613827114779e-06,
                        6.457882153084132e-08,
                        -2.2975270307108524e-07,
                        -7.004962360539199e-06,
                        1.4008804059297129e-06,
                        7.20368033782207e-06,
                        1.912469914783835e-07
                    ],
                    [
                        2.1746138271147787e-06,
                        0.841219672806141,
                        0.056592361347252276,
                        0.47703011856533295,
                        -0.8596323506232562,
                        0.7763830400814095,
                        1.6511029686210075,
                        0.2288836655407176
                    ],
                    [
                        6.457882153084132e-08,
                        0.056592361347252255,
                        1.1835036061461213,
                        -0.015302235360913439,
                        0.9149937817584015,
                        1.3804359971556377,
                        -1.6366901585790636,
                        3.1578111522260195
                    ],
                    [
                        -2.297527030710849e-07,
                        0.47703011856533295,
                        -0.015302235360913422,
                        1.1714587212644203,
                        -1.272899270922795,
                        0.7653382929690311,
                        2.0953590250873373,
                        -1.203707201064916
                    ],
                    [
                        -7.004962360539199e-06,
                        -0.8596323506232562,
                        0.9149937817584012,
                        -1.272899270922795,
                        3.515671753036206,
                        0.7682628797113227,
                        -5.001709707742868,
                        5.080974726573966
                    ],
                    [
                        1.4008804059297126e-06,
                        0.7763830400814095,
                        1.3804359971556377,
                        0.7653382929690311,
                        0.7682628797113227,
                        3.763668838750403,
                        -0.6300663264875904,
                        5.161319482084838
                    ],
                    [
                        7.203680337822072e-06,
                        1.6511029686210075,
                        -1.636690158579063,
                        2.0953590250873373,
                        -5.001709707742868,
                        -0.6300663264875904,
                        9.004155588962817,
                        -7.04675926128219
                    ],
                    [
                        1.912469914783832e-07,
                        0.2288836655407175,
                        3.157811152226019,
                        -1.203707201064916,
                        5.080974726573967,
                        5.161319482084838,
                        -7.04675926128219,
                        14.287088175165458
                    ]
                ]
            },
            "est_tgt": [
                0
            ],
            "oracle_est_tgt": [
                0
            ],
            "intv_base_est_tgt": [
                0,
                1,
                2,
                3,
                5,
                7
            ]
        },
        "4": {
            "intv_type": "do",
            "inode": 4,
            "new_mui": 1.0,
            "new_vari": null,
            "true_params": {
                "Si": [
                    [
                        1.0,
                        -0.871688676795291,
                        -0.6673977300039964,
                        -0.539603732204416,
                        0.0,
                        -2.4796127115187865,
                        0.06498802165279267,
                        -2.117839289359947
                    ],
                    [
                        -0.871688676795291,
                        1.7598411492531254,
                        0.5817630441633646,
                        1.0893990911010825,
                        0.0,
                        3.6310001912924954,
                        1.2562900760925335,
                        3.3168230102220546
                    ],
                    [
                        -0.6673977300039964,
                        0.5817630441633646,
                        1.4454197300144873,
                        0.36013030597491164,
                        0.0,
                        2.404768602126259,
                        -0.7952584275696353,
                        2.9310254246397776
                    ],
                    [
                        -0.539603732204416,
                        1.0893990911010825,
                        0.36013030597491164,
                        1.6743735820676413,
                        0.0,
                        3.0765648861889887,
                        1.3818741100452627,
                        1.8624503542025794
                    ],
                    [
                        0.0,
                        0.0,
                        0.0,
                        0.0,
                        1e-09,
                        5.272118392706011e-10,
                        -7.488910865064855e-10,
                        1.2616533419664272e-09
                    ],
                    [
                        -2.4796127115187865,
                        3.6310001912924954,
                        2.404768602126259,
                        3.0765648861889887,
                        5.272118392706011e-10,
                        10.557381506033316,
                        1.7052472399341252,
                        9.201041423332384
                    ],
                    [
                        0.06498802165279267,
                        1.2562900760925335,
                        -0.7952584275696353,
                        1.3818741100452627,
                        -7.488910865064855e-10,
                        1.7052472399341252,
                        3.6584102457177927,
                        0.5370287943193635
                    ],
                    [
                        -2.117839289359947,
                        3.3168230102220546,
                        2.9310254246397776,
                        1.8624503542025794,
                        1.2616533419664272e-09,
                        9.201041423332384,
                        0.5370287943193635,
                        10.641293352384219
                    ]
                ],
                "mui": [
                    0.0,
                    0.0,
                    0.0,
                    0.0,
                    1.0,
                    0.5272118392706011,
                    -0.7488910865064854,
                    1.261653341966427
                ],
                "Ai": [
                    [
                        0.0,
                        0.0,
                        0.0,
                        0.0,
                        0.0,
                        0.0,
                        0.0,
                        0.0
                    ],
                    [
                        -0.871688676795291,
                        0.0,
                        0.0,
                        0.0,
                        0.0,
                        0.0,
                        0.0,
                        0.0
                    ],
                    [
                        -0.6673977300039964,
                        -0.0,
                        0.0,
                        0.0,
                        0.0,
                        0.0,
                        0.0,
                        0.0
                    ],
                    [
                        -0.0,
                        0.6190326277820144,
                        -0.0,
                        0.0,
                        0.0,
                        0.0,
                        0.0,
                        0.0
                    ],
                    [
                        0.0,
                        0.0,
                        0.0,
                        0.0,
                        0.0,
                        0.0,
                        0.0,
                        0.0
                    ],
                    [
                        -0.6981540500119157,
                        0.9564601576413692,
                        0.7498807071695663,
                        0.8288572962961984,
                        0.5272118392706011,
                        0.0,
                        0.0,
                        0.0
                    ],
                    [
                        0.7076557065455341,
                        0.9389263458413832,
                        -0.7518855694411108,
                        0.6041895629852349,
                        -0.7488910865064854,
                        -0.0,
                        0.0,
                        0.0
                    ],
                    [
                        0.7414168346181711,
                        0.8155897289098224,
                        0.9113587529252319,
                        -0.8608438360919284,
                        0.8354398421748469,
                        0.8084293030696119,
                        -0.0,
                        0.0
                    ]
                ]
            },
            "est_params": {
                "mui": [
                    -0.1224665463752947,
                    0.018272485086727817,
                    0.12188806552353147,
                    -0.09513862578721712,
                    1.0000009450989868,
                    0.611150617049481,
                    -1.1020542519820646,
                    1.429245652205609
                ],
                "Si": [
                    [
                        0.9477203197675089,
                        -0.8717564448026549,
                        -0.5891545884075966,
                        -0.4179403097844296,
                        -1.5150887653832078e-06,
                        -2.19237534336319,
                        0.025977959902293853,
                        -1.9494612936610114
                    ],
                    [
                        -0.8717564448026548,
                        1.8500120457954208,
                        0.4610363102989233,
                        1.0776110201135294,
                        -4.039478317485721e-06,
                        3.4565726642819783,
                        1.553792983143268,
                        3.107047424588845
                    ],
                    [
                        -0.5891545884075966,
                        0.4610363102989234,
                        1.3111042981898735,
                        0.23864917252955803,
                        1.0105356920233347e-06,
                        1.9146582213591987,
                        -0.7782209779520453,
                        2.563166972319668
                    ],
                    [
                        -0.4179403097844296,
                        1.0776110201135294,
                        0.23864917252955803,
                        1.636483803656587,
                        -6.595696986932443e-06,
                        2.613470461420141,
                        1.4532603941953162,
                        1.400448902833126
                    ],
                    [
                        -1.5150887653832086e-06,
                        -4.039478317485721e-06,
                        1.0105356920233347e-06,
                        -6.595696986932443e-06,
                        1.0009592140612133e-06,
                        -7.487593832206252e-06,
                        -7.1852268687079805e-06,
                        -5.05888468815614e-06
                    ],
                    [
                        -2.19237534336319,
                        3.4565726642819783,
                        1.9146582213591987,
                        2.613470461420141,
                        -7.487593832206251e-06,
                        9.020798549623164,
                        2.0550669250642963,
                        7.932397325247104
                    ],
                    [
                        0.0259779599022939,
                        1.553792983143268,
                        -0.7782209779520454,
                        1.4532603941953162,
                        -7.185226868707981e-06,
                        2.0550669250642963,
                        3.962569507689583,
                        0.8657639146551696
                    ],
                    [
                        -1.9494612936610114,
                        3.107047424588844,
                        2.563166972319668,
                        1.400448902833126,
                        -5.058884688156138e-06,
                        7.932397325247104,
                        0.8657639146551693,
                        9.622610880102416
                    ]
                ]
            },
            "est_tgt": [
                1,
                3,
                4
            ],
            "oracle_est_tgt": [
                3,
                4,
                6
            ],
            "intv_base_est_tgt": [
                1,
                2,
                4,
                5,
                6,
                7
            ]
        },
        "3": {
            "intv_type": "do",
            "inode": 3,
            "new_mui": 1.0,
            "new_vari": null,
            "true_params": {
                "Si": [
                    [
                        1.0,
                        -0.871688676795291,
                        -0.6673977300039964,
                        0.0,
                        -0.6392027589617869,
                        -2.3693534831915826,
                        0.8697042134554163,
                        -3.0272324971115254
                    ],
                    [
                        -0.871688676795291,
                        1.7598411492531254,
                        0.5817630441633646,
                        0.0,
                        -0.08778736414655253,
                        2.6817612683384944,
                        0.6638296898409106,
                        3.413891880262776
                    ],
                    [
                        -0.6673977300039964,
                        0.5817630441633646,
                        1.4454197300144873,
                        0.0,
                        1.285628205724939,
                        2.784070381359979,
                        -1.975640903583089,
                        4.621745077053536
                    ],
                    [
                        0.0,
                        0.0,
                        0.0,
                        1e-09,
                        -9.353905663957777e-10,
                        3.3570831535031116e-10,
                        1.3046952205612855e-09,
                        -1.3709099438401321e-09
                    ],
                    [
                        -0.6392027589617869,
                        -0.08778736414655253,
                        1.285628205724939,
                        -9.353905663957777e-10,
                        2.5624957736966176,
                        2.6773427760620185,
                        -3.4204368892962673,
                        4.931407779626657
                    ],
                    [
                        -2.3693534831915826,
                        2.6817612683384944,
                        2.784070381359979,
                        3.3570831535031116e-10,
                        2.6773427760620185,
                        8.71841901165943,
                        -3.2570506894695677,
                        12.252809528514833
                    ],
                    [
                        0.8697042134554163,
                        0.6638296898409106,
                        -1.975640903583089,
                        1.3046952205612855e-09,
                        -3.4204368892962673,
                        -3.2570506894695677,
                        6.285728919543716,
                        -6.10495608337984
                    ],
                    [
                        -3.0272324971115254,
                        3.413891880262776,
                        4.621745077053536,
                        -1.3709099438401321e-09,
                        4.931407779626657,
                        12.252809528514833,
                        -6.10495608337984,
                        19.7773866533243
                    ]
                ],
                "mui": [
                    0.0,
                    0.0,
                    0.0,
                    1.0,
                    -0.9353905663957777,
                    0.33570831535031115,
                    1.3046952205612854,
                    -1.370909943840132
                ],
                "Ai": [
                    [
                        0.0,
                        0.0,
                        0.0,
                        0.0,
                        0.0,
                        0.0,
                        0.0,
                        0.0
                    ],
                    [
                        -0.871688676795291,
                        0.0,
                        0.0,
                        0.0,
                        0.0,
                        0.0,
                        0.0,
                        0.0
                    ],
                    [
                        -0.6673977300039964,
                        -0.0,
                        0.0,
                        0.0,
                        0.0,
                        0.0,
                        0.0,
                        0.0
                    ],
                    [
                        0.0,
                        0.0,
                        0.0,
                        0.0,
                        0.0,
                        0.0,
                        0.0,
                        0.0
                    ],
                    [
                        -0.6281067434206735,
                        -0.6449731713098519,
                        0.8590257353815509,
                        -0.9353905663957777,
                        0.0,
                        0.0,
                        0.0,
                        0.0
                    ],
                    [
                        -0.6981540500119157,
                        0.9564601576413692,
                        0.7498807071695663,
                        0.8288572962961984,
                        0.5272118392706011,
                        0.0,
                        0.0,
                        0.0
                    ],
                    [
                        0.7076557065455341,
                        0.9389263458413832,
                        -0.7518855694411108,
                        0.6041895629852349,
                        -0.7488910865064854,
                        -0.0,
                        0.0,
                        0.0
                    ],
                    [
                        0.7414168346181711,
                        0.8155897289098224,
                        0.9113587529252319,
                        -0.8608438360919284,
                        0.8354398421748469,
                        0.8084293030696119,
                        -0.0,
                        0.0
                    ]
                ]
            },
            "est_params": {
                "mui": [
                    -0.011024324813351794,
                    -0.011501537428453874,
                    0.03335194408930813,
                    0.9999951672099449,
                    -0.9151591717008131,
                    0.3885906892284081,
                    1.1603943571205266,
                    -1.2758457578742288
                ],
                "Si": [
                    [
                        1.0896400361411045,
                        -0.8799380806147938,
                        -0.7387824554116463,
                        5.579232811189059e-07,
                        -0.8967294629640413,
                        -2.627041224987976,
                        1.2143681034129508,
                        -3.4489843510705827
                    ],
                    [
                        -0.8799380806147936,
                        1.8770338959834625,
                        0.5005101935868645,
                        5.361930294730859e-07,
                        -0.047566566147562675,
                        2.858429587803256,
                        0.6992999161191541,
                        3.646781156810494
                    ],
                    [
                        -0.7387824554116463,
                        0.5005101935868645,
                        1.4401598261437314,
                        -7.615813892391697e-07,
                        1.4435618887129666,
                        2.8134940216445887,
                        -2.240172968261121,
                        4.572812757629684
                    ],
                    [
                        5.579232811189062e-07,
                        5.361930294730869e-07,
                        -7.6158138923917e-07,
                        1.0009565769484476e-06,
                        9.900903619507266e-07,
                        -2.7586512207162333e-06,
                        -5.150583897519969e-07,
                        1.4806457917002388e-06
                    ],
                    [
                        -0.8967294629640412,
                        -0.047566566147562724,
                        1.4435618887129664,
                        9.90090361950726e-07,
                        2.953539594096985,
                        3.0722204604914984,
                        -3.9056954442857825,
                        5.497229475098181
                    ],
                    [
                        -2.627041224987976,
                        2.858429587803256,
                        2.8134940216445887,
                        -2.7586512207162354e-06,
                        3.0722204604914984,
                        9.18647806074749,
                        -3.6509807807036543,
                        12.85050253448918
                    ],
                    [
                        1.214368103412951,
                        0.6992999161191541,
                        -2.240172968261121,
                        -5.150583897519969e-07,
                        -3.9056954442857825,
                        -3.6509807807036543,
                        7.030857995555162,
                        -6.5809730403068585
                    ],
                    [
                        -3.448984351070582,
                        3.6467811568104938,
                        4.572812757629683,
                        1.4806457917002388e-06,
                        5.497229475098181,
                        12.85050253448918,
                        -6.5809730403068585,
                        20.368231694779805
                    ]
                ]
            },
            "est_tgt": [
                1,
                2,
                3
            ],
            "oracle_est_tgt": [
                1,
                3,
                6
            ],
            "intv_base_est_tgt": [
                0,
                3,
                5,
                7
            ]
        },
        "5": {
            "intv_type": "do",
            "inode": 5,
            "new_mui": 1.0,
            "new_vari": null,
            "true_params": {
                "Si": [
                    [
                        1.0,
                        -0.871688676795291,
                        -0.6673977300039964,
                        -0.539603732204416,
                        -0.13446251826582264,
                        0.0,
                        0.16568580305128272,
                        -0.22558305814269514
                    ],
                    [
                        -0.871688676795291,
                        1.7598411492531254,
                        0.5817630441633646,
                        1.0893990911010825,
                        -1.1068009970026393,
                        0.0,
                        2.0851634772843015,
                        -0.5432495941250134
                    ],
                    [
                        -0.6673977300039964,
                        0.5817630441633646,
                        1.4454197300144873,
                        0.36013030597491164,
                        0.9487657148427818,
                        0.0,
                        -1.5057806145983483,
                        1.779576698648321
                    ],
                    [
                        -0.539603732204416,
                        1.0893990911010825,
                        0.36013030597491164,
                        1.6743735820676413,
                        -1.620536496002075,
                        0.0,
                        2.5954794472596694,
                        -1.9785956070461772
                    ],
                    [
                        -0.13446251826582264,
                        -1.1068009970026393,
                        0.9487657148427818,
                        -1.620536496002075,
                        4.129162480263821,
                        0.0,
                        -5.919125247355052,
                        4.706973343498699
                    ],
                    [
                        0.0,
                        0.0,
                        0.0,
                        0.0,
                        0.0,
                        1e-09,
                        0.0,
                        8.08429303069612e-10
                    ],
                    [
                        0.16568580305128272,
                        2.0851634772843015,
                        -1.5057806145983483,
                        2.5954794472596694,
                        -5.919125247355052,
                        0.0,
                        10.208179873728618,
                        -6.7282017306291495
                    ],
                    [
                        -0.22558305814269514,
                        -0.5432495941250134,
                        1.779576698648321,
                        -1.9785956070461772,
                        4.706973343498699,
                        8.08429303069612e-10,
                        -6.7282017306291495,
                        7.647167835012093
                    ]
                ],
                "mui": [
                    0.0,
                    0.0,
                    0.0,
                    0.0,
                    0.0,
                    1.0,
                    0.0,
                    0.8084293030696119
                ],
                "Ai": [
                    [
                        0.0,
                        0.0,
                        0.0,
                        0.0,
                        0.0,
                        0.0,
                        0.0,
                        0.0
                    ],
                    [
                        -0.871688676795291,
                        0.0,
                        0.0,
                        0.0,
                        0.0,
                        0.0,
                        0.0,
                        0.0
                    ],
                    [
                        -0.6673977300039964,
                        -0.0,
                        0.0,
                        0.0,
                        0.0,
                        0.0,
                        0.0,
                        0.0
                    ],
                    [
                        -0.0,
                        0.6190326277820144,
                        -0.0,
                        0.0,
                        0.0,
                        0.0,
                        0.0,
                        0.0
                    ],
                    [
                        -0.6281067434206735,
                        -0.6449731713098519,
                        0.8590257353815509,
                        -0.9353905663957777,
                        0.0,
                        0.0,
                        0.0,
                        0.0
                    ],
                    [
                        0.0,
                        0.0,
                        0.0,
                        0.0,
                        0.0,
                        0.0,
                        0.0,
                        0.0
                    ],
                    [
                        0.7076557065455341,
                        0.9389263458413832,
                        -0.7518855694411108,
                        0.6041895629852349,
                        -0.7488910865064854,
                        -0.0,
                        0.0,
                        0.0
                    ],
                    [
                        0.7414168346181711,
                        0.8155897289098224,
                        0.9113587529252319,
                        -0.8608438360919284,
                        0.8354398421748469,
                        0.8084293030696119,
                        -0.0,
                        0.0
                    ]
                ]
            },
            "est_params": {
                "mui": [
                    -0.06028571276256726,
                    0.10640480355268758,
                    0.07468909134942242,
                    0.042019158062627134,
                    -0.06126675269693992,
                    1.0000133178731911,
                    0.10700937309491754,
                    0.6905532869865669
                ],
                "Si": [
                    [
                        1.021335381576996,
                        -0.8483433986520246,
                        -0.61644904285156,
                        -0.5841448134429371,
                        -0.09233662832032126,
                        3.807938475038181e-06,
                        0.028564526207359463,
                        -0.10909252006428385
                    ],
                    [
                        -0.8483433986520246,
                        1.6880655500613222,
                        0.5596172603462292,
                        1.1212950705531437,
                        -1.1554814943321516,
                        1.573229866539911e-05,
                        2.209960231165161,
                        -0.6786896401471699
                    ],
                    [
                        -0.61644904285156,
                        0.5596172603462292,
                        1.2689049224991116,
                        0.4357138104700849,
                        0.6497700372999224,
                        -1.7057466319889237e-05,
                        -0.9947564174709416,
                        1.257337628918348
                    ],
                    [
                        -0.5841448134429371,
                        1.1212950705531435,
                        0.43571381047008484,
                        1.659628348262307,
                        -1.5494000309505562,
                        5.839812856705704e-06,
                        2.4605577447270734,
                        -1.848711274726599
                    ],
                    [
                        -0.09233662832032123,
                        -1.1554814943321516,
                        0.6497700372999224,
                        -1.5494000309505562,
                        3.6108096596046684,
                        -3.359393764673961e-05,
                        -5.185230912121129,
                        3.9204183571633444
                    ],
                    [
                        3.8079384750381816e-06,
                        1.5732298665399108e-05,
                        -1.7057466319889237e-05,
