{
    "expt_args": {
        "save_dir": "all_expt_logs/expt_logs_11.05.24-main_plus_oracle_donoisepert-corr",
        "exp_name": "138",
        "num_nodes": 8,
        "obs_noise_mean": 0.0,
        "obs_noise_var": 1.0,
        "max_edge_strength": 1.0,
        "graph_sparsity_method": "adj_dense_prop",
        "adj_dense_prop": 0.8,
        "num_parents": null,
        "new_noise_mean": 1.0,
        "mix_samples": 4096,
        "stage2_samples": 4096,
        "gmm_tol": 0.001,
        "intv_type": "do",
        "new_noise_var": null,
        "intv_targets": [
            0,
            1,
            2,
            3,
            4,
            5,
            6,
            7
        ]
    },
    "intv_args_dict": {
        "0": {
            "intv_type": "do",
            "inode": 0,
            "new_mui": 1.0,
            "new_vari": null,
            "true_params": {
                "Si": [
                    [
                        1e-09,
                        0.0,
                        -9.147928069027385e-10,
                        1.522909793186397e-09,
                        1.3894094377676652e-09,
                        -2.423610654713754e-09,
                        1.2284098102408026e-10,
                        2.432890245517235e-09
                    ],
                    [
                        0.0,
                        1.0,
                        0.622902041824716,
                        -1.32418531584058,
                        -0.08704863333296727,
                        0.3589795751776496,
                        -0.3023115775549591,
                        1.1357505344509846
                    ],
                    [
                        -9.147928069027385e-10,
                        0.622902041824716,
                        1.3880069545462461,
                        -1.4885681302615386,
                        -0.03204096340262932,
                        0.34294962084805514,
                        -1.162100682378628,
                        2.4378364108407453
                    ],
                    [
                        1.522909793186397e-09,
                        -1.32418531584058,
                        -1.4885681302615386,
                        3.194004786108251,
                        1.0075946349768634,
                        -2.4518793707059867,
                        0.280375296848293,
                        -0.035174793863106846
                    ],
                    [
                        1.3894094377676652e-09,
                        -0.08704863333296727,
                        -0.03204096340262932,
                        1.0075946349768634,
                        1.8308071187532264,
                        -2.745962940976335,
                        -1.7556948562657522,
                        4.751459557810293
                    ],
                    [
                        -2.423610654713754e-09,
                        0.3589795751776496,
                        0.34294962084805514,
                        -2.4518793707059867,
                        -2.745962940976335,
                        5.735731681375584,
                        2.8021972692918764,
                        -7.806518376809992
                    ],
                    [
                        1.2284098102408026e-10,
                        -0.3023115775549591,
                        -1.162100682378628,
                        0.280375296848293,
                        -1.7556948562657522,
                        2.8021972692918764,
                        4.023502330632193,
                        -8.021672533942644
                    ],
                    [
                        2.432890245517235e-09,
                        1.1357505344509846,
                        2.4378364108407453,
                        -0.035174793863106846,
                        4.751459557810293,
                        -7.806518376809992,
                        -8.021672533942644,
                        19.879523126379702
                    ]
                ],
                "mui": [
                    1.0,
                    0.0,
                    -0.9147928069027385,
                    1.522909793186397,
                    1.3894094377676651,
                    -2.423610654713754,
                    0.12284098102408025,
                    2.4328902455172345
                ],
                "Ai": [
                    [
                        0.0,
                        0.0,
                        0.0,
                        0.0,
                        0.0,
                        0.0,
                        0.0,
                        0.0
                    ],
                    [
                        0.0,
                        0.0,
                        0.0,
                        0.0,
                        0.0,
                        0.0,
                        0.0,
                        0.0
                    ],
                    [
                        -0.9147928069027385,
                        0.622902041824716,
                        0.0,
                        0.0,
                        0.0,
                        0.0,
                        0.0,
                        0.0
                    ],
                    [
                        0.9157340049745928,
                        -0.9107462995192854,
                        -0.6637303918769879,
                        0.0,
                        0.0,
                        0.0,
                        0.0,
                        0.0
                    ],
                    [
                        0.5790857195806657,
                        0.7252256576377436,
                        0.6242176991815869,
                        0.9070488518229795,
                        0.0,
                        0.0,
                        0.0,
                        0.0
                    ],
                    [
                        -0.0,
                        -0.7207110749724821,
                        -0.5179907992192002,
                        -0.9935259574155509,
                        -0.9964049933132416,
                        0.0,
                        0.0,
                        0.0
                    ],
                    [
                        0.5506645156085437,
                        0.7476797379494833,
                        -0.5524015178819095,
                        0.7082848994288659,
                        -0.5556624816746696,
                        0.5115375197364315,
                        0.0,
                        0.0
                    ],
                    [
                        0.684049390077921,
                        0.5815196587153291,
                        0.9361572037774663,
                        -0.0,
                        0.9348161864967539,
                        -0.5829056259004304,
                        -0.8657370305067202,
                        0.0
                    ]
                ]
            },
            "est_params": {
                "mui": [
                    0.9999951666172101,
                    -0.060905470168928263,
                    -0.9476090942409159,
                    1.5464710170973797,
                    1.367600955717212,
                    -2.405994422802467,
                    0.0901817344342636,
                    2.3351717863924932
                ],
                "Si": [
                    [
                        1.017132634649982e-06,
                        -1.0171381926420038e-05,
                        -3.3318259095711906e-06,
                        1.7241545763675097e-05,
                        1.127643840533037e-05,
                        -2.1642999906863922e-05,
                        -1.589417814561889e-05,
                        3.39965100655224e-05
                    ],
                    [
                        -1.017138192642004e-05,
                        0.9369550950064158,
                        0.5038200261802056,
                        -1.209555023146849,
                        -0.15092056336488563,
                        0.3795995847429822,
                        -0.14814460047823394,
                        0.9102013518324714
                    ],
                    [
                        -3.331825909571191e-06,
                        0.5038200261802056,
                        1.2989573076662848,
                        -1.4575858651412434,
                        -0.1420540757880114,
                        0.5333610990561758,
                        -1.029815921145852,
                        2.0368792067783414
                    ],
                    [
                        1.7241545763675097e-05,
                        -1.209555023146849,
                        -1.4575858651412434,
                        3.1944491787610425,
                        1.1405673043613498,
                        -2.683704960391548,
                        0.15868402846833804,
                        0.27180456442825535
                    ],
                    [
                        1.127643840533037e-05,
                        -0.15092056336488563,
                        -0.14205407578801138,
                        1.1405673043613498,
                        1.8063833643604592,
                        -2.755212891113137,
                        -1.6232869714945595,
                        4.4586643399832875
                    ],
                    [
                        -2.1642999906863933e-05,
                        0.3795995847429822,
                        0.5333610990561759,
                        -2.683704960391548,
                        -2.7552128911131364,
                        5.915842493753676,
                        2.6628168512993047,
                        -7.597859845233186
                    ],
                    [
                        -1.589417814561889e-05,
                        -0.14814460047823394,
                        -1.029815921145852,
                        0.1586840284683381,
                        -1.6232869714945595,
                        2.6628168512993047,
                        4.085384454738893,
                        -7.6792055512037205
                    ],
                    [
                        3.399651006552241e-05,
                        0.9102013518324716,
                        2.036879206778342,
                        0.2718045644282553,
                        4.4586643399832875,
                        -7.597859845233185,
                        -7.6792055512037205,
                        18.792024751410295
                    ]
                ]
            },
            "est_tgt": [
                0,
                2,
                5,
                7
            ],
            "oracle_est_tgt": [
                0,
                2,
                5,
                6,
                7
            ]
        },
        "1": {
            "intv_type": "do",
            "inode": 1,
            "new_mui": 1.0,
            "new_vari": null,
            "true_params": {
                "Si": [
                    [
                        1.0,
                        0.0,
                        -0.9147928069027385,
                        1.522909793186397,
                        1.3894094377676651,
                        -2.423610654713754,
                        0.12284098102408025,
                        2.4328902455172345
                    ],
                    [
                        0.0,
                        1e-09,
                        6.22902041824716e-10,
                        -1.3241853158405802e-09,
                        -8.704863333296727e-11,
                        3.5897957517764966e-10,
                        -3.023115775549591e-10,
                        1.1357505344509847e-09
                    ],
                    [
                        -0.9147928069027385,
                        6.22902041824716e-10,
                        1.836845879948998,
                        -2.056877317070479,
                        -1.2488399502573122,
                        2.336442102168014,
                        -1.0861642293620337,
                        -0.49521540972223743
                    ],
                    [
                        1.522909793186397,
                        -1.3241853158405802e-09,
                        -2.056877317070479,
                        3.7597922730376814,
                        3.0082713504746637,
                        -5.66746428628794,
                        0.06713447826085239,
                        5.173841761751816
                    ],
                    [
                        1.3894094377676651,
                        -8.704863333296727e-11,
                        -1.2488399502573122,
                        3.0082713504746637,
                        3.7536882380230674,
                        -6.082101773360092,
                        -1.6113342476975094,
                        8.23060575433683
                    ],
                    [
                        -2.423610654713754,
                        3.5897957517764966e-10,
                        2.336442102168014,
                        -5.66746428628794,
                        -6.082101773360092,
                        11.480753945877867,
                        2.6130022407175844,
                        -14.110608335655634
                    ],
                    [
                        0.12284098102408025,
                        -3.023115775549591e-10,
                        -1.0861642293620337,
                        0.06713447826085239,
                        -1.6113342476975094,
                        2.6130022407175844,
                        3.947199947403686,
                        -7.379463374322834
                    ],
                    [
                        2.4328902455172345,
                        1.1357505344509847e-09,
                        -0.49521540972223743,
                        5.173841761751816,
                        8.23060575433683,
                        -14.110608335655634,
                        -7.379463374322834,
                        24.508548791977887
                    ]
                ],
                "mui": [
                    0.0,
                    1.0,
                    0.622902041824716,
                    -1.32418531584058,
                    -0.08704863333296727,
                    0.3589795751776496,
                    -0.3023115775549591,
                    1.1357505344509846
                ],
                "Ai": [
                    [
                        0.0,
                        0.0,
                        0.0,
                        0.0,
                        0.0,
                        0.0,
                        0.0,
                        0.0
                    ],
                    [
                        0.0,
                        0.0,
                        0.0,
                        0.0,
                        0.0,
                        0.0,
                        0.0,
                        0.0
                    ],
                    [
                        -0.9147928069027385,
                        0.622902041824716,
                        0.0,
                        0.0,
                        0.0,
                        0.0,
                        0.0,
                        0.0
                    ],
                    [
                        0.9157340049745928,
                        -0.9107462995192854,
                        -0.6637303918769879,
                        0.0,
                        0.0,
                        0.0,
                        0.0,
                        0.0
                    ],
                    [
                        0.5790857195806657,
                        0.7252256576377436,
                        0.6242176991815869,
                        0.9070488518229795,
                        0.0,
                        0.0,
                        0.0,
                        0.0
                    ],
                    [
                        -0.0,
                        -0.7207110749724821,
                        -0.5179907992192002,
                        -0.9935259574155509,
                        -0.9964049933132416,
                        0.0,
                        0.0,
                        0.0
                    ],
                    [
                        0.5506645156085437,
                        0.7476797379494833,
                        -0.5524015178819095,
                        0.7082848994288659,
                        -0.5556624816746696,
                        0.5115375197364315,
                        0.0,
                        0.0
                    ],
                    [
                        0.684049390077921,
                        0.5815196587153291,
                        0.9361572037774663,
                        -0.0,
                        0.9348161864967539,
                        -0.5829056259004304,
                        -0.8657370305067202,
                        0.0
                    ]
                ]
            },
            "est_params": {
                "mui": [
                    -0.3444538545268046,
                    0.7982068362291225,
                    1.3366577611464239,
                    -1.3556024578098873,
                    -0.5200836359965025,
                    1.1835458654368813,
                    -0.566412438518343,
                    0.9135795133949646
                ],
                "Si": [
                    [
                        0.37048060313738407,
                        -0.07433382880333674,
                        -0.06737966859777592,
                        0.04932798184627801,
                        0.49328444453011755,
                        -0.048534404258644526,
                        -0.18295591385376542,
                        0.8048658850415609
                    ],
                    [
                        -0.07433382880333674,
                        0.5722924167271324,
                        -0.008982259036660932,
                        -0.8224956855047062,
                        -0.27407452790030473,
                        0.13624504774323887,
                        0.04028991985917315,
                        -0.20850442058737675
                    ],
                    [
                        -0.06737966859777592,
                        -0.008982259036660922,
                        1.8039830267399362,
                        -1.2722588735399372,
                        0.05255506842844411,
                        0.08741134319422525,
                        -1.795059850786844,
                        2.856080334370197
                    ],
                    [
                        0.049327981846278034,
                        -0.8224956855047062,
                        -1.2722588735399374,
                        2.608759561990848,
                        0.2284543777140245,
                        -0.21299193768157484,
                        1.5050174669456058,
                        -2.0078744715326953
                    ],
                    [
                        0.49328444453011755,
                        -0.2740745279003048,
                        0.05255506842844409,
                        0.2284543777140245,
                        0.7956956479251064,
                        -0.08523823339733537,
                        -0.3711310346861137,
                        1.3231907338632782
                    ],
                    [
                        -0.04853440425864452,
                        0.13624504774323887,
                        0.08741134319422524,
                        -0.21299193768157484,
                        -0.08523823339733537,
                        0.054075922604691774,
                        -0.041969963311659655,
                        -0.008602133487387456
                    ],
                    [
                        -0.18295591385376542,
                        0.04028991985917315,
                        -1.795059850786844,
                        1.5050174669456058,
                        -0.3711310346861137,
                        -0.04196996331165965,
                        2.6109588735651093,
                        -3.864867788735558
                    ],
                    [
                        0.8048658850415609,
                        -0.20850442058737684,
                        2.856080334370197,
                        -2.0078744715326953,
                        1.3231907338632782,
                        -0.008602133487387476,
                        -3.864867788735558,
                        7.3553279705999906
                    ]
                ]
            },
            "est_tgt": [
                0,
                1,
                2,
                3,
                4,
                5,
                6,
                7
            ],
            "oracle_est_tgt": [
                1,
                3
            ]
        },
        "2": {
            "intv_type": "do",
            "inode": 2,
            "new_mui": 1.0,
            "new_vari": null,
            "true_params": {
                "Si": [
                    [
                        1.0,
                        0.0,
                        0.0,
                        0.9157340049745928,
                        1.4097011973681286,
                        -2.314438816167618,
                        -0.7679752741278678,
                        4.015824927573984
                    ],
                    [
                        0.0,
                        1.0,
                        0.0,
                        -0.9107462995192854,
                        -0.1008657276432516,
                        0.28464212889799545,
                        0.3042643159564032,
                        0.05789636016347238
                    ],
                    [
                        0.0,
                        0.0,
                        1e-09,
                        -6.637303918769879e-10,
                        2.2181809309548788e-11,
                        1.1934050827942645e-10,
                        -9.73790183340019e-10,
                        1.730375086153305e-09
                    ],
                    [
                        0.9157340049745928,
                        -0.9107462995192854,
                        -6.637303918769879e-10,
                        2.6680275903954174,
                        2.289823263291064,
                        -4.275961054609189,
                        -1.7466440678251949,
                        6.241970463917722
                    ],
                    [
                        1.4097011973681286,
                        -0.1008657276432516,
                        2.2181809309548788e-11,
                        2.289823263291064,
                        3.8201689804680155,
                        -6.008739250426181,
                        -2.8737157430825535,
                        10.467215686430533
                    ],
                    [
                        -2.314438816167618,
                        0.28464212889799545,
                        1.1934050827942645e-10,
                        -4.275961054609189,
                        -6.008739250426181,
                        11.030271358531767,
                        4.890971793532688,
                        -17.69863480546607
                    ],
                    [
                        -0.7679752741278678,
                        0.3042643159564032,
                        -9.73790183340019e-10,
                        -1.7466440678251949,
                        -2.8737157430825535,
                        4.890971793532688,
                        3.666205516108407,
                        -9.059738180937181
                    ],
                    [
                        4.015824927573984,
                        0.05789636016347238,
                        1.730375086153305e-09,
                        6.241970463917722,
                        10.467215686430533,
                        -17.69863480546607,
                        -9.059738180937181,
                        31.725597745613968
                    ]
                ],
                "mui": [
                    0.0,
                    0.0,
                    1.0,
                    -0.6637303918769879,
                    0.022181809309548786,
                    0.11934050827942644,
                    -0.9737901833400189,
                    1.730375086153305
                ],
                "Ai": [
                    [
                        0.0,
                        0.0,
                        0.0,
                        0.0,
                        0.0,
                        0.0,
                        0.0,
                        0.0
                    ],
                    [
                        0.0,
                        0.0,
                        0.0,
                        0.0,
                        0.0,
                        0.0,
                        0.0,
                        0.0
                    ],
                    [
                        0.0,
                        0.0,
                        0.0,
                        0.0,
                        0.0,
                        0.0,
                        0.0,
                        0.0
                    ],
                    [
                        0.9157340049745928,
                        -0.9107462995192854,
                        -0.6637303918769879,
                        0.0,
                        0.0,
                        0.0,
                        0.0,
                        0.0
                    ],
                    [
                        0.5790857195806657,
                        0.7252256576377436,
                        0.6242176991815869,
                        0.9070488518229795,
                        0.0,
                        0.0,
                        0.0,
                        0.0
                    ],
                    [
                        -0.0,
                        -0.7207110749724821,
                        -0.5179907992192002,
                        -0.9935259574155509,
                        -0.9964049933132416,
                        0.0,
                        0.0,
                        0.0
                    ],
                    [
                        0.5506645156085437,
                        0.7476797379494833,
                        -0.5524015178819095,
                        0.7082848994288659,
                        -0.5556624816746696,
                        0.5115375197364315,
                        0.0,
                        0.0
                    ],
                    [
                        0.684049390077921,
                        0.5815196587153291,
                        0.9361572037774663,
                        -0.0,
                        0.9348161864967539,
                        -0.5829056259004304,
                        -0.8657370305067202,
                        0.0
                    ]
                ]
            },
            "est_params": {
                "mui": [
                    -0.10927371470634929,
                    -0.09865369804875636,
                    1.0000013479502114,
                    -0.7683962936852574,
                    -0.17232998214970485,
                    0.5251946771123529,
                    -0.9201532008582175,
                    1.1267675842036335
                ],
                "Si": [
                    [
                        1.0230017135551956,
                        0.06570861555180178,
                        -2.1842404319179216e-07,
                        0.8048461504497479,
                        1.4103150662851152,
                        -2.3377627193305237,
                        -0.8618724347431901,
                        4.1410285804121365
                    ],
                    [
                        0.06570861555180176,
                        0.9901700739622322,
                        -1.8063567912063525e-06,
                        -0.8338835076301696,
                        -0.0830036991672962,
                        0.25890713540705934,
                        0.3088243778899911,
                        0.1097934057571654
                    ],
                    [
                        -2.184240431917924e-07,
                        -1.8063567912063525e-06,
                        1.002391182658118e-06,
                        4.394968602047779e-06,
                        3.839557968884809e-06,
                        -3.5539026465068794e-06,
                        -3.037518504632703e-06,
                        6.331131180976025e-06
                    ],
                    [
                        0.8048461504497477,
                        -0.8338835076301696,
                        4.394968602047779e-06,
                        2.45809404989829,
                        2.269530386357248,
                        -4.204584892928548,
                        -1.8244575155723444,
                        6.267632259732529
                    ],
                    [
                        1.410315066285115,
                        -0.08300369916729622,
                        3.839557968884809e-06,
                        2.269530386357248,
                        3.9751128512812093,
                        -6.3614676318386305,
                        -3.1689205795563242,
                        11.142921247568228
                    ],
                    [
                        -2.3377627193305237,
                        0.2589071354070594,
                        -3.553902646506881e-06,
                        -4.204584892928548,
                        -6.3614676318386305,
                        11.5571567289768,
                        5.440817313662762,
                        -18.920297086950537
                    ],
                    [
                        -0.8618724347431901,
                        0.3088243778899911,
                        -3.0375185046327018e-06,
                        -1.8244575155723441,
                        -3.1689205795563242,
                        5.440817313662762,
                        4.007020582027353,
                        -10.14246814613117
                    ],
                    [
                        4.1410285804121365,
                        0.10979340575716544,
                        6.331131180976025e-06,
                        6.267632259732528,
                        11.14292124756823,
                        -18.920297086950537,
                        -10.14246814613117,
                        34.225767170805334
                    ]
                ]
            },
            "est_tgt": [
                0,
                2,
                3,
                5,
                6,
                7
            ],
            "oracle_est_tgt": [
                0,
                2,
                3,
                6,
                7
            ]
        },
        "3": {
            "intv_type": "do",
            "inode": 3,
            "new_mui": 1.0,
            "new_vari": null,
            "true_params": {
                "Si": [
                    [
                        1.0,
                        0.0,
                        -0.9147928069027385,
                        0.0,
                        0.008055858427972603,
                        0.4658273596044685,
                        1.2898092845604026,
                        -1.552978787760399
                    ],
                    [
                        0.0,
                        1.0,
                        0.622902041824716,
                        0.0,
                        1.1140521370010803,
                        -2.1534157135717025,
                        -1.3170022036891462,
                        4.601503574023122
                    ],
                    [
                        -0.9147928069027385,
                        0.622902041824716,
                        2.224852833270391,
                        0.0,
                        1.3107936086754117,
                        -2.9074669943041407,
                        -3.4826620691997583,
                        7.754477797069638
                    ],
                    [
                        0.0,
                        0.0,
                        0.0,
                        1e-09,
                        9.070488518229795e-10,
                        -1.8973139625510103e-09,
                        -7.66275395139895e-10,
                        2.6172719166366153e-09
                    ],
                    [
                        0.008055858427972603,
                        1.1140521370010803,
                        1.3107936086754117,
                        9.070488518229795e-10,
                        2.630824797605977,
                        -4.103255707970706,
                        -3.4475139767743617,
                        9.716251657177448
                    ],
                    [
                        0.4658273596044685,
                        -2.1534157135717025,
                        -2.9074669943041407,
                        -1.8973139625510103e-09,
                        -4.103255707970706,
                        8.146536184022047,
                        6.699822644070019,
                        -18.040187008285386
                    ],
                    [
                        1.2898092845604026,
                        -1.3170022036891462,
                        -3.4826620691997583,
                        -7.66275395139895e-10,
                        -3.4475139767743617,
                        6.699822644070019,
                        7.992248985093729,
                        -17.19123068585153
                    ],
                    [
                        -1.552978787760399,
                        4.601503574023122,
                        7.754477797069638,
                        2.6172719166366153e-09,
                        9.716251657177448,
                        -18.040187008285386,
                        -17.19123068585153,
                        44.3546816719869
                    ]
                ],
                "mui": [
                    0.0,
                    0.0,
                    0.0,
                    1.0,
                    0.9070488518229795,
                    -1.8973139625510103,
                    -0.766275395139895,
                    2.617271916636615
                ],
                "Ai": [
                    [
                        0.0,
                        0.0,
                        0.0,
                        0.0,
                        0.0,
                        0.0,
                        0.0,
                        0.0
                    ],
                    [
                        0.0,
                        0.0,
                        0.0,
                        0.0,
                        0.0,
                        0.0,
                        0.0,
                        0.0
                    ],
                    [
                        -0.9147928069027385,
                        0.622902041824716,
                        0.0,
                        0.0,
                        0.0,
                        0.0,
                        0.0,
                        0.0
                    ],
                    [
                        0.0,
                        0.0,
                        0.0,
                        0.0,
                        0.0,
                        0.0,
                        0.0,
                        0.0
                    ],
                    [
                        0.5790857195806657,
                        0.7252256576377436,
                        0.6242176991815869,
                        0.9070488518229795,
                        0.0,
                        0.0,
                        0.0,
                        0.0
                    ],
                    [
                        -0.0,
                        -0.7207110749724821,
                        -0.5179907992192002,
                        -0.9935259574155509,
                        -0.9964049933132416,
                        0.0,
                        0.0,
                        0.0
                    ],
                    [
                        0.5506645156085437,
                        0.7476797379494833,
                        -0.5524015178819095,
                        0.7082848994288659,
                        -0.5556624816746696,
                        0.5115375197364315,
                        0.0,
                        0.0
                    ],
                    [
                        0.684049390077921,
                        0.5815196587153291,
                        0.9361572037774663,
                        -0.0,
                        0.9348161864967539,
                        -0.5829056259004304,
                        -0.8657370305067202,
                        0.0
                    ]
                ]
            },
            "est_params": {
                "mui": [
                    0.05285259381453989,
                    0.011896417496315278,
                    -0.08978965255717612,
                    0.9999970818991895,
                    0.9056269116915346,
                    -1.901080746615001,
                    -0.6077207278909753,
                    2.519697058397033
                ],
                "Si": [
                    [
                        1.0091257345511944,
                        0.01278942406381243,
                        -0.9599241549529763,
                        -2.1388563781479927e-06,
                        0.08125525255002093,
                        0.3694344873433981,
                        1.1810506519181208,
                        -1.3330722629017722
                    ],
                    [
                        0.012789424063812425,
                        0.9999317863709376,
                        0.6514219885890233,
                        7.440546910706466e-07,
                        1.0817542281209498,
                        -2.1151916114344576,
                        -1.332810503049273,
                        4.613546096586174
                    ],
                    [
                        -0.9599241549529763,
                        0.6514219885890233,
                        2.425118577227369,
                        4.001306945923341e-06,
                        1.2776346494109663,
                        -2.9349359454293844,
                        -3.4788519231523263,
                        7.8977558749874515
                    ],
                    [
                        -2.1388563781479927e-06,
                        7.440546910706466e-07,
                        4.001306945923341e-06,
                        1.0053557499318737e-06,
                        1.1031749718289075e-06,
                        -7.643675445867197e-07,
                        -6.083957061965315e-06,
                        1.3094211693384482e-05
                    ],
                    [
                        0.08125525255002095,
                        1.0817542281209498,
                        1.277634649410966,
                        1.103174971828906e-06,
