{
    "expt_args": {
        "save_dir": "all_expt_logs/expt_logs_11.05.24-main_plus_oracle_donoisepert-corr",
        "exp_name": "58",
        "num_nodes": 6,
        "obs_noise_mean": 0.0,
        "obs_noise_var": 1.0,
        "max_edge_strength": 1.0,
        "graph_sparsity_method": "adj_dense_prop",
        "adj_dense_prop": 0.8,
        "num_parents": null,
        "new_noise_mean": 1.0,
        "mix_samples": 4096,
        "stage2_samples": 4096,
        "gmm_tol": 0.001,
        "intv_type": "do",
        "new_noise_var": null,
        "intv_targets": [
            0,
            1,
            2,
            3,
            4,
            5
        ]
    },
    "intv_args_dict": {
        "0": {
            "intv_type": "do",
            "inode": 0,
            "new_mui": 1.0,
            "new_vari": null,
            "true_params": {
                "Si": [
                    [
                        1e-09,
                        6.348896991314632e-10,
                        -1.448130187527984e-09,
                        9.212514495607034e-10,
                        1.4066773891320085e-09,
                        7.331827347687244e-10
                    ],
                    [
                        6.348896991314632e-10,
                        1.000000000403085,
                        -0.8400105343231766,
                        0.15533941236419982,
                        0.7046561756427082,
                        0.0030553968375434865
                    ],
                    [
                        -1.448130187527984e-09,
                        -0.8400105343231766,
                        1.7056176983263736,
                        -1.0297144787130326,
                        -0.8533650829293946,
                        -0.9019934004366629
                    ],
                    [
                        9.212514495607034e-10,
                        0.15533941236419982,
                        -1.0297144787130326,
                        1.8327408535103555,
                        -0.46380773722597785,
                        2.0633405695960674
                    ],
                    [
                        1.4066773891320085e-09,
                        0.7046561756427082,
                        -0.8533650829293946,
                        -0.46380773722597785,
                        2.218354269000116,
                        -1.6673102516930962
                    ],
                    [
                        7.331827347687244e-10,
                        0.0030553968375434865,
                        -0.9019934004366629,
                        2.0633405695960674,
                        -1.6673102516930962,
                        4.175315917701621
                    ]
                ],
                "mui": [
                    1.0,
                    0.6348896991314632,
                    -1.448130187527984,
                    0.9212514495607034,
                    1.4066773891320083,
                    0.7331827347687243
                ],
                "Ai": [
                    [
                        0.0,
                        0.0,
                        0.0,
                        0.0,
                        0.0,
                        0.0
                    ],
                    [
                        0.6348896991314632,
                        0.0,
                        0.0,
                        0.0,
                        0.0,
                        0.0
                    ],
                    [
                        -0.9148161527080021,
                        -0.8400105334037737,
                        0.0,
                        0.0,
                        0.0,
                        0.0
                    ],
                    [
                        -0.0,
                        -0.6000213577440372,
                        -0.8992277352315765,
                        0.0,
                        0.0,
                        0.0
                    ],
                    [
                        0.7201229869976085,
                        -0.0,
                        -0.9883538766770306,
                        -0.8083685328224253,
                        0.0,
                        0.0
                    ],
                    [
                        0.5499609859320957,
                        0.0,
                        -0.6522108416104765,
                        0.533933734824029,
                        -0.8908593373223909,
                        0.0
                    ]
                ]
            },
            "est_params": {
                "mui": [
                    1.0000017094606357,
                    0.6238177923244802,
                    -1.4620820198180737,
                    0.9089999100406947,
                    1.374855166607119,
                    0.7161706931790859
                ],
                "Si": [
                    [
                        1.002290075979646e-06,
                        -9.335041815284922e-08,
                        -2.2218369866896784e-07,
                        -1.1092687529259403e-06,
                        1.5356044150127326e-06,
                        7.802824378525941e-08
                    ],
                    [
                        -9.335041815284944e-08,
                        0.9872224847982743,
                        -0.8374205208751724,
                        0.18213227015861297,
                        0.7257401587295269,
                        -0.051858615741277904
                    ],
                    [
                        -2.2218369866896776e-07,
                        -0.8374205208751724,
                        1.6010735601083002,
                        -0.9959709136701593,
                        -0.7851409171980254,
                        -0.8559124480955607
                    ],
                    [
                        -1.1092687529259403e-06,
                        0.18213227015861294,
                        -0.9959709136701593,
                        1.8132784006779616,
                        -0.5093232124252254,
                        2.0288242808300216
                    ],
                    [
                        1.5356044150127322e-06,
                        0.7257401587295269,
                        -0.7851409171980254,
                        -0.5093232124252254,
                        2.2335942232363175,
                        -1.7344930174241577
                    ],
                    [
                        7.802824378525904e-08,
                        -0.05185861574127793,
                        -0.8559124480955607,
                        2.0288242808300216,
                        -1.7344930174241577,
                        4.121410018255797
                    ]
                ]
            },
            "est_tgt": [
                0,
                2,
                4
            ],
            "oracle_est_tgt": [
                0,
                1,
                2,
                4
            ]
        },
        "1": {
            "intv_type": "do",
            "inode": 1,
            "new_mui": 1.0,
            "new_vari": null,
            "true_params": {
                "Si": [
                    [
                        1.0,
                        0.0,
                        -0.9148161527080021,
                        0.8226280571528808,
                        0.9592984423540922,
                        0.7312428950853438
                    ],
                    [
                        0.0,
                        1e-09,
                        -8.400105334037738e-10,
                        1.553394117793068e-10,
                        7.046561747496233e-10,
                        3.055396372053321e-12
                    ],
                    [
                        -0.9148161527080021,
                        -8.400105334037738e-10,
                        1.8368885939610884,
                        -1.65178116971632,
                        -1.1390281825997173,
                        -1.5683796462182724
                    ],
                    [
                        0.8226280571528808,
                        1.553394117793068e-10,
                        -1.65178116971632,
                        2.4853274402489642,
                        0.21587719975884823,
                        2.6644068675368127
                    ],
                    [
                        0.9592984423540922,
                        7.046561747496233e-10,
                        -1.1390281825997173,
                        0.21587719975884823,
                        2.6420674444081316,
                        -0.9679830864043026
                    ],
                    [
                        0.7312428950853438,
                        3.055396372053321e-12,
                        -1.5683796462182724,
                        2.6644068675368127,
                        -0.9679830864043026,
                        4.710022753329878
                    ]
                ],
                "mui": [
                    0.0,
                    1.0,
                    -0.8400105334037737,
                    0.15533941177930677,
                    0.7046561747496233,
                    0.0030553963720533206
                ],
                "Ai": [
                    [
                        0.0,
                        0.0,
                        0.0,
                        0.0,
                        0.0,
                        0.0
                    ],
                    [
                        0.0,
                        0.0,
                        0.0,
                        0.0,
                        0.0,
                        0.0
                    ],
                    [
                        -0.9148161527080021,
                        -0.8400105334037737,
                        0.0,
                        0.0,
                        0.0,
                        0.0
                    ],
                    [
                        -0.0,
                        -0.6000213577440372,
                        -0.8992277352315765,
                        0.0,
                        0.0,
                        0.0
                    ],
                    [
                        0.7201229869976085,
                        -0.0,
                        -0.9883538766770306,
                        -0.8083685328224253,
                        0.0,
                        0.0
                    ],
                    [
                        0.5499609859320957,
                        0.0,
                        -0.6522108416104765,
                        0.533933734824029,
                        -0.8908593373223909,
                        0.0
                    ]
                ]
            },
            "est_params": {
                "mui": [
                    -0.09399282145191164,
                    1.0000097677878435,
                    -0.8057717658366496,
                    0.04302554480638605,
                    0.7059699925669762,
                    -0.21135698618649199
                ],
                "Si": [
                    [
                        1.05166723729923,
                        1.1396184741215532e-05,
                        -0.9551453712705875,
                        0.8849177360985103,
                        0.9209195069109875,
                        0.8476226565225333
                    ],
                    [
                        1.1396184741215532e-05,
                        1.026544133625547e-06,
                        -1.0112163368276317e-05,
                        9.465471314401998e-06,
                        2.033625399971064e-05,
                        3.921617678241352e-06
                    ],
                    [
                        -0.9551453712705875,
                        -1.0112163368276317e-05,
                        1.8594168755258975,
                        -1.6415804419899624,
                        -1.0853977154298127,
                        -1.6970886337441935
                    ],
                    [
                        0.8849177360985103,
                        9.465471314401996e-06,
                        -1.6415804419899624,
                        2.5165730989695714,
                        0.15129682420609408,
                        2.787368214460395
                    ],
                    [
                        0.9209195069109875,
                        2.033625399971064e-05,
                        -1.0853977154298127,
                        0.15129682420609408,
                        2.61007794576517,
                        -0.9893137011858458
                    ],
                    [
                        0.8476226565225333,
                        3.921617678241353e-06,
                        -1.6970886337441935,
                        2.7873682144603955,
                        -0.989313701185846,
                        4.914499829047636
                    ]
                ]
            },
            "est_tgt": [
                0,
                1,
                2,
                4,
                5
            ],
            "oracle_est_tgt": [
                0,
                1
            ]
        },
        "2": {
            "intv_type": "do",
            "inode": 2,
            "new_mui": 1.0,
            "new_vari": null,
            "true_params": {
                "Si": [
                    [
                        1.0,
                        0.6348896991314632,
                        0.0,
                        -0.3809473792905638,
                        1.0280688610772695,
                        -0.5693044153650224
                    ],
                    [
                        0.6348896991314632,
                        1.40308493006324,
                        0.0,
                        -0.8418809247667427,
                        1.1377487145174405,
                        -1.1139181273997523
                    ],
                    [
                        0.0,
                        0.0,
                        1e-09,
                        -8.992277352315766e-10,
                        -2.614464716746488e-10,
                        -8.994268342386703e-10
                    ],
                    [
                        -0.3809473792905638,
                        -0.8418809247667427,
                        -8.992277352315766e-10,
                        1.505146536345957,
                        -1.491042061043613,
                        1.9224510583133725
                    ],
                    [
                        1.0280688610772695,
                        1.1377487145174405,
                        -2.614464716746488e-10,
                        -1.491042061043613,
                        2.945647502598945,
                        -2.8548774739687253
                    ],
                    [
                        -0.5693044153650224,
                        -1.1139181273997523,
                        -8.994268342386703e-10,
                        1.9224510583133725,
                        -2.8548774739687253,
                        4.256660511195038
                    ]
                ],
                "mui": [
                    0.0,
                    0.0,
                    1.0,
                    -0.8992277352315765,
                    -0.2614464716746488,
                    -0.8994268342386703
                ],
                "Ai": [
                    [
                        0.0,
                        0.0,
                        0.0,
                        0.0,
                        0.0,
                        0.0
                    ],
                    [
                        0.6348896991314632,
                        0.0,
                        0.0,
                        0.0,
                        0.0,
                        0.0
                    ],
                    [
                        0.0,
                        0.0,
                        0.0,
                        0.0,
                        0.0,
                        0.0
                    ],
                    [
                        -0.0,
                        -0.6000213577440372,
                        -0.8992277352315765,
                        0.0,
                        0.0,
                        0.0
                    ],
                    [
                        0.7201229869976085,
                        -0.0,
                        -0.9883538766770306,
                        -0.8083685328224253,
                        0.0,
                        0.0
                    ],
                    [
                        0.5499609859320957,
                        0.0,
                        -0.6522108416104765,
                        0.533933734824029,
                        -0.8908593373223909,
                        0.0
                    ]
                ]
            },
            "est_params": {
                "mui": [
                    -0.009504258561928068,
                    -0.0678881390226521,
                    1.0000026243510205,
                    -0.8507430870936947,
                    -0.33494512541210275,
                    -0.7973622516788368
                ],
                "Si": [
                    [
                        1.008261048348497,
                        0.5613898319758024,
                        1.2440489155758595e-06,
                        -0.3099834650536854,
                        1.0218239419492587,
                        -0.5474799949415434
                    ],
                    [
                        0.5613898319758024,
                        1.2312736379868023,
                        1.0106437701714467e-06,
                        -0.8188500954900736,
                        1.0732483199661376,
                        -1.0989084662604267
                    ],
                    [
                        1.2440489155758593e-06,
                        1.010643770171446e-06,
                        1.0035334085088803e-06,
                        -1.027659977601895e-06,
                        2.2494945769418236e-06,
                        -3.100722014472793e-06
                    ],
                    [
                        -0.3099834650536854,
                        -0.8188500954900738,
                        -1.0276599776018952e-06,
                        1.5349782904316798,
                        -1.4801767752746753,
                        2.0153509048506284
                    ],
                    [
                        1.0218239419492587,
                        1.0732483199661376,
                        2.249494576941824e-06,
                        -1.4801767752746753,
                        2.8998424335118624,
                        -2.871237181610619
                    ],
                    [
                        -0.5474799949415434,
                        -1.0989084662604265,
                        -3.100722014472793e-06,
                        2.0153509048506284,
                        -2.871237181610619,
                        4.520595362377872
                    ]
                ]
            },
            "est_tgt": [
                0,
                1,
                2,
                4
            ],
            "oracle_est_tgt": [
                0,
                2,
                4
            ]
        },
        "3": {
            "intv_type": "do",
            "inode": 3,
            "new_mui": 1.0,
            "new_vari": null,
            "true_params": {
                "Si": [
                    [
                        1.0,
                        0.6348896991314632,
                        -1.448130187527984,
                        0.0,
                        2.1513880717739267,
                        -0.4221369576425571
                    ],
                    [
                        0.6348896991314632,
                        1.40308493006324,
                        -1.7594134724666048,
                        0.0,
                        2.1961217927427272,
                        -0.45976249845132044
                    ],
                    [
                        -1.448130187527984,
                        -1.7594134724666048,
                        3.8026987362591265,
                        0.0,
                        -4.801243874020612,
                        1.0006564870756094
                    ],
                    [
                        0.0,
                        0.0,
                        0.0,
                        1e-09,
                        -8.083685328224253e-10,
                        1.2540763902864881e-09
                    ],
                    [
                        2.1513880717739267,
                        2.1961217927427272,
                        -4.801243874020612,
                        -8.083685328224253e-10,
                        7.294592000850441,
                        -2.1838525834189855
                    ],
                    [
                        -0.4221369576425571,
                        -0.45976249845132044,
                        1.0006564870756094,
                        1.2540763902864881e-09,
                        -2.1838525834189855,
                        2.0607075989219803
                    ]
                ],
                "mui": [
                    0.0,
                    0.0,
                    0.0,
                    1.0,
                    -0.8083685328224253,
                    1.254076390286488
                ],
                "Ai": [
                    [
                        0.0,
                        0.0,
                        0.0,
                        0.0,
                        0.0,
                        0.0
                    ],
                    [
                        0.6348896991314632,
                        0.0,
                        0.0,
                        0.0,
                        0.0,
                        0.0
                    ],
                    [
                        -0.9148161527080021,
                        -0.8400105334037737,
                        0.0,
                        0.0,
                        0.0,
                        0.0
                    ],
                    [
                        0.0,
                        0.0,
                        0.0,
                        0.0,
                        0.0,
                        0.0
                    ],
                    [
                        0.7201229869976085,
                        -0.0,
                        -0.9883538766770306,
                        -0.8083685328224253,
                        0.0,
                        0.0
                    ],
                    [
                        0.5499609859320957,
                        0.0,
                        -0.6522108416104765,
                        0.533933734824029,
                        -0.8908593373223909,
                        0.0
                    ]
                ]
            },
            "est_params": {
                "mui": [
                    0.03909267088781036,
                    0.06945569768883021,
                    -0.13341544421579507,
                    0.9999982901481805,
                    -0.6714863667034814,
                    1.256182051813926
                ],
                "Si": [
                    [
                        0.9969101968580977,
                        0.6266308387113593,
                        -1.454165825100248,
                        -1.317016377007039e-06,
                        2.134494047455325,
                        -0.3911562565245033
                    ],
                    [
                        0.6266308387113593,
                        1.2943277994423923,
                        -1.6861436771481537,
                        -4.335342749253048e-06,
                        2.030904558230853,
                        -0.31183454203006455
                    ],
                    [
                        -1.454165825100248,
                        -1.6861436771481537,
                        3.781771790077752,
                        1.5735332933628613e-06,
                        -4.568332718936857,
                        0.7778634620936268
                    ],
                    [
                        -1.3170163770070395e-06,
                        -4.335342749253048e-06,
                        1.573533293362861e-06,
                        1.0090906377699667e-06,
                        -1.8832132725682984e-06,
                        -3.3531772136302075e-06
                    ],
                    [
                        2.134494047455325,
                        2.030904558230853,
                        -4.568332718936857,
                        -1.8832132725682978e-06,
                        6.80266305555548,
                        -1.893263922641166
                    ],
                    [
                        -0.3911562565245033,
                        -0.3118345420300645,
                        0.7778634620936266,
                        -3.3531772136302084e-06,
                        -1.893263922641166,
                        1.908642148311442
                    ]
                ]
            },
            "est_tgt": [
                3
            ],
            "oracle_est_tgt": [
                0,
                3,
                4
            ]
        },
        "4": {
            "intv_type": "do",
            "inode": 4,
            "new_mui": 1.0,
            "new_vari": null,
            "true_params": {
                "Si": [
                    [
                        1.0,
                        0.6348896991314632,
                        -1.448130187527984,
                        0.9212514495607034,
                        0.0,
                        1.9863344214772563
                    ],
                    [
                        0.6348896991314632,
                        1.40308493006324,
                        -1.7594134724666048,
                        0.7402324674153261,
                        0.0,
                        1.891908192475798
                    ],
                    [
                        -1.448130187527984,
                        -1.7594134724666048,
                        3.8026987362591265,
                        -2.363806511791709,
                        0.0,
                        -4.538692488099889
                    ],
                    [
                        0.9212514495607034,
                        0.7402324674153261,
                        -2.363806511791709,
                        2.681445085979348,
                        0.0,
                        3.480066579434265
                    ],
                    [
                        0.0,
                        0.0,
                        0.0,
                        0.0,
                        1e-09,
                        -8.908593373223909e-10
                    ],
                    [
                        1.9863344214772563,
                        1.891908192475798,
                        -4.538692488099889,
                        3.480066579434265,
                        -8.908593373223909e-10,
                        6.910715831288517
                    ]
                ],
                "mui": [
                    0.0,
                    0.0,
                    0.0,
                    0.0,
                    1.0,
                    -0.8908593373223909
                ],
                "Ai": [
                    [
                        0.0,
                        0.0,
                        0.0,
                        0.0,
                        0.0,
                        0.0
                    ],
                    [
                        0.6348896991314632,
                        0.0,
                        0.0,
                        0.0,
                        0.0,
                        0.0
                    ],
                    [
                        -0.9148161527080021,
                        -0.8400105334037737,
                        0.0,
                        0.0,
                        0.0,
                        0.0
                    ],
                    [
                        -0.0,
                        -0.6000213577440372,
                        -0.8992277352315765,
                        0.0,
                        0.0,
                        0.0
                    ],
                    [
                        0.0,
                        0.0,
                        0.0,
                        0.0,
                        0.0,
                        0.0
                    ],
                    [
                        0.5499609859320957,
                        0.0,
                        -0.6522108416104765,
                        0.533933734824029,
                        -0.8908593373223909,
                        0.0
                    ]
                ]
            },
            "est_params": {
                "mui": [
                    0.04305962658530843,
                    0.049183973784787526,
                    -0.06977928845473799,
                    0.05499070240277536,
                    1.000001080155481,
                    -0.8836823772080683
                ],
                "Si": [
                    [
                        0.9847579403171912,
                        0.6461146843851572,
                        -1.43096804906443,
                        0.9475221504773221,
                        8.282170725073123e-07,
                        1.9921261722469275
                    ],
                    [
                        0.6461146843851572,
                        1.3774230944209807,
                        -1.811586242703685,
                        0.930746550405992,
                        8.599704719994771e-07,
                        2.113564450614966
                    ],
                    [
                        -1.4309680490644303,
                        -1.811586242703685,
                        3.915639810581759,
                        -2.575971141829507,
                        -3.120910705831316e-08,
                        -4.885626485960495
                    ],
                    [
                        0.9475221504773221,
                        0.930746550405992,
                        -2.575971141829507,
                        2.797847538672978,
                        -1.3749733454783948e-06,
                        3.8108762635763944
                    ],
                    [
                        8.282170725073124e-07,
                        8.599704719994772e-07,
                        -3.1209107058313344e-08,
                        -1.3749733454783946e-06,
                        1.0016759455572405e-06,
                        7.954484787337353e-07
                    ],
                    [
                        1.9921261722469275,
                        2.113564450614966,
                        -4.885626485960495,
                        3.8108762635763944,
                        7.954484787337344e-07,
                        7.5259469187376355
                    ]
                ]
            },
            "est_tgt": [
                0,
                4,
                5
            ],
            "oracle_est_tgt": [
                0,
                4,
                5
            ]
        },
        "5": {
            "intv_type": "do",
            "inode": 5,
            "new_mui": 1.0,
            "new_vari": null,
            "true_params": {
                "Si": [
                    [
                        1.0,
                        0.6348896991314632,
                        -1.448130187527984,
                        0.9212514495607034,
                        1.4066773891320083,
                        0.0
                    ],
                    [
                        0.6348896991314632,
                        1.40308493006324,
                        -1.7594134724666048,
                        0.7402324674153261,
                        1.5977411591106763,
                        0.0
                    ],
                    [
                        -1.448130187527984,
                        -1.7594134724666048,
                        3.8026987362591265,
                        -2.363806511791709,
                        -2.8904170722074527,
                        0.0
                    ],
                    [
                        0.9212514495607034,
                        0.7402324674153261,
                        -2.363806511791709,
                        2.681445085979348,
                        0.8320958452802467,
                        0.0
                    ],
                    [
                        1.4066773891320083,
                        1.5977411591106763,
                        -2.8904170722074527,
                        0.8320958452802467,
                        4.1970955441166184,
                        0.0
                    ],
                    [
                        0.0,
                        0.0,
                        0.0,
                        0.0,
                        0.0,
                        1e-09
                    ]
                ],
                "mui": [
                    0.0,
                    0.0,
                    0.0,
                    0.0,
                    0.0,
                    1.0
                ],
                "Ai": [
                    [
                        0.0,
                        0.0,
                        0.0,
                        0.0,
                        0.0,
                        0.0
                    ],
                    [
                        0.6348896991314632,
                        0.0,
                        0.0,
                        0.0,
                        0.0,
                        0.0
                    ],
                    [
                        -0.9148161527080021,
                        -0.8400105334037737,
                        0.0,
                        0.0,
                        0.0,
                        0.0
                    ],
                    [
                        -0.0,
                        -0.6000213577440372,
                        -0.8992277352315765,
                        0.0,
                        0.0,
                        0.0
                    ],
                    [
                        0.7201229869976085,
                        -0.0,
                        -0.9883538766770306,
                        -0.8083685328224253,
                        0.0,
                        0.0
                    ],
                    [
                        0.0,
                        0.0,
                        0.0,
                        0.0,
                        0.0,
                        0.0
                    ]
                ]
            },
            "est_params": {
                "mui": [
                    -0.015394041457590628,
                    0.024926194918392784,
                    -0.03474552633564217,
                    0.07210036164323036,
                    -0.009109373631224773,
                    0.9999995241638189
                ],
                "Si": [
                    [
                        0.9516835792926172,
                        0.5493335615822936,
                        -1.3188019350144506,
                        0.917715907294086,
                        1.2078376644563575,
                        -1.288702285953487e-07
                    ],
                    [
                        0.5493335615822937,
                        1.3269204184644432,
                        -1.5468627136568533,
                        0.6901464771167036,
                        1.3380620625253692,
                        -3.868346888191914e-06
                    ],
                    [
                        -1.3188019350144509,
                        -1.5468627136568533,
                        3.3703450522724303,
                        -2.2814872229560814,
                        -2.3991441368072968,
                        2.7429746736873534e-06
                    ],
                    [
                        0.917715907294086,
                        0.6901464771167036,
                        -2.2814872229560814,
                        2.6810787213889875,
                        0.7247078736014914,
                        -3.4456431631781396e-07
                    ],
                    [
                        1.2078376644563575,
                        1.3380620625253694,
                        -2.399144136807297,
                        0.7247078736014915,
                        3.670063426179991,
                        -3.3755750022419203e-06
                    ],
                    [
                        -1.2887022859534835e-07,
                        -3.868346888191914e-06,
                        2.7429746736873534e-06,
                        -3.4456431631781306e-07,
                        -3.3755750022419203e-06,
                        1.0094143247215195e-06
                    ]
                ]
            },
            "est_tgt": [
                0,
                4,
                5
            ],
            "oracle_est_tgt": [
                0,
                4,
                5
            ]
        },
        "obs": {
            "intv_type": "obs",
            "true_params": {
                "Si": [
                    [
                        1.0,
                        0.6348896991314632,
                        -1.448130187527984,
                        0.9212514495607034,
                        1.4066773891320083,
                        0.7331827347687243
                    ],
                    [
                        0.6348896991314632,
                        1.40308493006324,
                        -1.7594134724666048,
                        0.7402324674153261,
                        1.5977411591106763,
                        0.46854556225775207
                    ],
                    [
                        -1.448130187527984,
                        -1.7594134724666048,
                        3.8026987362591265,
                        -2.363806511791709,
                        -2.8904170722074527,
                        -1.9637374505678316
                    ],
                    [
                        0.9212514495607034,
                        0.7402324674153261,
                        -2.363806511791709,
                        2.681445085979348,
                        0.8320958452802467,
                        2.7387862261191893
                    ],
                    [
                        1.4066773891320083,
                        1.5977411591106763,
                        -2.8904170722074527,
                        0.8320958452802467,
                        4.1970955441166184,
                        -0.635958677623313
                    ],
                    [
                        0.7331827347687243,
                        0.46854556225775207,
                        -1.9637374505678316,
                        2.7387862261191893,
                        -0.635958677623313,
                        4.71287283972701
                    ]
                ],
                "mui": [
                    0.0,
                    0.0,
                    0.0,
