{
    "expt_args": {
        "save_dir": "all_expt_logs/expt_logs_11.05.24-main_plus_oracle_donoisepert-corr",
        "exp_name": "152",
        "num_nodes": 6,
        "obs_noise_mean": 0.0,
        "obs_noise_var": 1.0,
        "max_edge_strength": 1.0,
        "graph_sparsity_method": "adj_dense_prop",
        "adj_dense_prop": 0.8,
        "num_parents": null,
        "new_noise_mean": 1.0,
        "mix_samples": 1024,
        "stage2_samples": 1024,
        "gmm_tol": 0.001,
        "intv_type": "do",
        "new_noise_var": null,
        "intv_targets": [
            0,
            1,
            2,
            3,
            4,
            5
        ]
    },
    "intv_args_dict": {
        "0": {
            "intv_type": "do",
            "inode": 0,
            "new_mui": 1.0,
            "new_vari": null,
            "true_params": {
                "Si": [
                    [
                        1e-09,
                        8.52245464879962e-10,
                        -1.223789880146522e-09,
                        1.1191681623237156e-09,
                        -9.828970546939885e-10,
                        -2.0571003190739023e-09
                    ],
                    [
                        8.52245464879962e-10,
                        1.0000000007263223,
                        -0.7325095299888223,
                        0.6698873375746871,
                        -0.35542261555092663,
                        -1.5311192640324642
                    ],
                    [
                        -1.223789880146522e-09,
                        -0.7325095299888223,
                        1.536570211494137,
                        -1.4052089233434113,
                        -0.16239389377790925,
                        2.3750281639001933
                    ],
                    [
                        1.1191681623237156e-09,
                        0.6698873375746871,
                        -1.4052089233434113,
                        2.285077703233533,
                        -0.3927835443129827,
                        -3.5036262999844965
                    ],
                    [
                        -9.828970546939885e-10,
                        -0.35542261555092663,
                        -0.16239389377790925,
                        -0.3927835443129827,
                        1.5980376406121204,
                        1.6567025255438486
                    ],
                    [
                        -2.0571003190739023e-09,
                        -1.5311192640324642,
                        2.3750281639001933,
                        -3.5036262999844965,
                        1.6567025255438486,
                        7.538112222874133
                    ]
                ],
                "mui": [
                    1.0,
                    0.852245464879962,
                    -1.223789880146522,
                    1.1191681623237155,
                    -0.9828970546939885,
                    -2.057100319073902
                ],
                "Ai": [
                    [
                        0.0,
                        0.0,
                        0.0,
                        0.0,
                        0.0,
                        0.0
                    ],
                    [
                        0.852245464879962,
                        0.0,
                        0.0,
                        0.0,
                        0.0,
                        0.0
                    ],
                    [
                        -0.5995119561210616,
                        -0.732509528945853,
                        0.0,
                        0.0,
                        0.0,
                        0.0
                    ],
                    [
                        -0.0,
                        0.0,
                        -0.914510064578831,
                        0.0,
                        0.0,
                        0.0
                    ],
                    [
                        -0.9334300336345461,
                        -0.665086877243491,
                        -0.9177635188219948,
                        -0.5412943945990263,
                        0.0,
                        0.0
                    ],
                    [
                        0.8595041065979032,
                        -0.0,
                        0.8814786150499172,
                        -0.8327843256943146,
                        0.9215961216720336,
                        0.0
                    ]
                ]
            },
            "est_params": {
                "mui": [
                    0.9999987642470953,
                    0.8960264876166568,
                    -1.1089801519535258,
                    0.9835784676178326,
                    -1.1058567294918098,
                    -1.871670977261072
                ],
                "Si": [
                    [
                        1.001352702278151e-06,
                        -7.380831959703076e-07,
                        3.7226322709106795e-06,
                        -6.01518315754094e-06,
                        1.0897362264726101e-06,
                        9.214996408113955e-06
                    ],
                    [
                        -7.380831959703066e-07,
                        1.0281531749882118,
                        -0.8220890025819738,
                        0.667862863215331,
                        -0.4019701172098583,
                        -1.7734993956158607
                    ],
                    [
                        3.7226322709106795e-06,
                        -0.8220890025819737,
                        1.6080689094065843,
                        -1.3148508974077542,
                        -0.22528689971361762,
                        2.3829022624970895
                    ],
                    [
                        -6.01518315754094e-06,
                        0.667862863215331,
                        -1.3148508974077542,
                        2.0220418267034375,
                        -0.35778537256142673,
                        -3.278668386437199
                    ],
                    [
                        1.0897362264726105e-06,
                        -0.40197011720985837,
                        -0.22528689971361762,
                        -0.3577853725614268,
                        1.842478787521264,
                        1.8306557464727131
                    ],
                    [
                        9.214996408113955e-06,
                        -1.7734993956158607,
                        2.3829022624970895,
                        -3.278668386437199,
                        1.8306557464727131,
                        7.582697523111656
                    ]
                ]
            },
            "est_tgt": [
                0
            ],
            "oracle_est_tgt": [
                0
            ]
        },
        "1": {
            "intv_type": "do",
            "inode": 1,
            "new_mui": 1.0,
            "new_vari": null,
            "true_params": {
                "Si": [
                    [
                        1.0,
                        0.0,
                        -0.5995119561210616,
                        0.5482597177080533,
                        -0.6799897431888371,
                        -0.7522108716060077
                    ],
                    [
                        0.0,
                        1e-09,
                        -7.32509528945853e-10,
                        6.698873366208812e-10,
                        -3.5542261471325713e-10,
                        -1.5311192622793098e-09
                    ],
                    [
                        -0.5995119561210616,
                        -7.32509528945853e-10,
                        1.359414586068672,
                        -1.2431983208950659,
                        -0.01508236571933158,
                        1.7044281239842014
                    ],
                    [
                        0.5482597177080533,
                        6.698873366208812e-10,
                        -1.2431983208950659,
                        2.136917376726041,
                        -0.5275014193510388,
                        -2.8903558141743564
                    ],
                    [
                        -0.6799897431888371,
                        -3.5542261471325713e-10,
                        -0.01508236571933158,
                        -0.5275014193510388,
                        1.9340984555647711,
                        1.6240037898362
                    ],
                    [
                        -0.7522108716060077,
                        -1.5311192622793098e-09,
                        1.7044281239842014,
                        -2.8903558141743564,
                        1.6240037898362,
                        5.7596072210263305
                    ]
                ],
                "mui": [
                    0.0,
                    1.0,
                    -0.732509528945853,
                    0.6698873366208811,
                    -0.3554226147132571,
                    -1.5311192622793097
                ],
                "Ai": [
                    [
                        0.0,
                        0.0,
                        0.0,
                        0.0,
                        0.0,
                        0.0
                    ],
                    [
                        0.0,
                        0.0,
                        0.0,
                        0.0,
                        0.0,
                        0.0
                    ],
                    [
                        -0.5995119561210616,
                        -0.732509528945853,
                        0.0,
                        0.0,
                        0.0,
                        0.0
                    ],
                    [
                        -0.0,
                        0.0,
                        -0.914510064578831,
                        0.0,
                        0.0,
                        0.0
                    ],
                    [
                        -0.9334300336345461,
                        -0.665086877243491,
                        -0.9177635188219948,
                        -0.5412943945990263,
                        0.0,
                        0.0
                    ],
                    [
                        0.8595041065979032,
                        -0.0,
                        0.8814786150499172,
                        -0.8327843256943146,
                        0.9215961216720336,
                        0.0
                    ]
                ]
            },
            "est_params": {
                "mui": [
                    -0.026873703321706483,
                    -0.4400183822586279,
                    0.357060031319126,
                    -0.5271189434225529,
                    0.9011566714789465,
                    0.9929635947290892
                ],
                "Si": [
                    [
                        0.9102406081332874,
                        0.43978011833934666,
                        -0.3019698096406681,
                        0.5761304622387229,
                        -1.1134137848871861,
                        -0.01945480331645123
                    ],
                    [
                        0.43978011833934666,
                        1.5813446804686453,
                        -0.28108538205802885,
                        1.1122439681217335,
                        -0.05919225840424233,
                        -0.05449289541947779
                    ],
                    [
                        -0.30196980964066805,
                        -0.28108538205802885,
                        0.21208346700578062,
                        -0.4709038385193377,
                        0.18083972251365688,
                        0.009346382919588262
                    ],
                    [
                        0.5761304622387229,
                        1.1122439681217335,
                        -0.4709038385193377,
                        1.2685044238705983,
                        -0.136605811347497,
                        -0.036579203958946364
                    ],
                    [
                        -1.1134137848871861,
                        -0.05919225840424233,
                        0.1808397225136569,
                        -0.1366058113474971,
                        1.8386640640300969,
                        0.00898560666303268
                    ],
                    [
                        -0.019454803316451233,
                        -0.05449289541947779,
                        0.009346382919588263,
                        -0.036579203958946364,
                        0.008985606663032678,
                        0.0019423035647800674
                    ]
                ]
            },
            "est_tgt": [
                1,
                2,
                3,
                4,
                5
            ],
            "oracle_est_tgt": [
                1,
                2
            ]
        },
        "2": {
            "intv_type": "do",
            "inode": 2,
            "new_mui": 1.0,
            "new_vari": null,
            "true_params": {
                "Si": [
                    [
                        1.0,
                        0.852245464879962,
                        0.0,
                        0.0,
                        -1.5002473085164874,
                        -0.5231179944797986
                    ],
                    [
                        0.852245464879962,
                        1.7263223324084627,
                        0.0,
                        0.0,
                        -1.9436658421250366,
                        -1.0587664250350746
                    ],
                    [
                        0.0,
                        0.0,
                        1e-09,
                        -9.14510064578831e-10,
                        -4.227443470610801e-10,
                        1.2534687118105956e-09
                    ],
                    [
                        0.0,
                        0.0,
                        -9.14510064578831e-10,
                        1.0000000008363286,
                        -0.5412943942124223,
                        -1.3316391415858984
                    ],
                    [
                        -1.5002473085164874,
                        -1.9436658421250366,
                        -4.227443470610801e-10,
                        -0.5412943942124223,
                        3.986082162795502,
                        2.8348706260296987
                    ],
                    [
                        -0.5231179944797986,
                        -1.0587664250350746,
                        1.2534687118105956e-09,
                        -1.3316391415858984,
                        2.8348706260296987,
                        4.271951915598969
                    ]
                ],
                "mui": [
                    0.0,
                    0.0,
                    1.0,
                    -0.914510064578831,
                    -0.42274434706108005,
                    1.2534687118105956
                ],
                "Ai": [
                    [
                        0.0,
                        0.0,
                        0.0,
                        0.0,
                        0.0,
                        0.0
                    ],
                    [
                        0.852245464879962,
                        0.0,
                        0.0,
                        0.0,
                        0.0,
                        0.0
                    ],
                    [
                        0.0,
                        0.0,
                        0.0,
                        0.0,
                        0.0,
                        0.0
                    ],
                    [
                        -0.0,
                        0.0,
                        -0.914510064578831,
                        0.0,
                        0.0,
                        0.0
                    ],
                    [
                        -0.9334300336345461,
                        -0.665086877243491,
                        -0.9177635188219948,
                        -0.5412943945990263,
                        0.0,
                        0.0
                    ],
                    [
                        0.8595041065979032,
                        -0.0,
                        0.8814786150499172,
                        -0.8327843256943146,
                        0.9215961216720336,
                        0.0
                    ]
                ]
            },
            "est_params": {
                "mui": [
                    -0.049345953554612604,
                    0.007649597859872744,
                    1.0000077514665742,
                    -0.8327866911933702,
                    -0.4573178233843198,
                    1.1351492807973758
                ],
                "Si": [
                    [
                        1.022244005627387,
                        0.8411197712314893,
                        -8.555765988028921e-06,
                        -0.03362880527507108,
                        -1.4087317138775513,
                        -0.35147071582489436
                    ],
                    [
                        0.8411197712314893,
                        1.6077665725392007,
                        -1.1353401778523328e-05,
                        0.08508748869947413,
                        -1.919408673647955,
                        -1.1396903884155811
                    ],
                    [
                        -8.555765988028923e-06,
                        -1.1353401778523328e-05,
                        1.0635264272201285e-06,
                        -2.2700897206213877e-06,
                        6.72033492709641e-06,
                        -1.2726835308584129e-05
                    ],
                    [
                        -0.03362880527507109,
                        0.08508748869947415,
                        -2.2700897206213872e-06,
                        0.952098602561831,
                        -0.6947228568860786,
                        -1.4688426471508291
                    ],
                    [
                        -1.408731713877551,
                        -1.919408673647955,
                        6.720334927096407e-06,
                        -0.6947228568860786,
                        3.9438098492171263,
                        3.1282818855892445
                    ],
                    [
                        -0.3514707158248945,
                        -1.1396903884155811,
                        -1.2726835308584132e-05,
                        -1.468842647150829,
                        3.128281885589244,
                        5.150763885431437
                    ]
                ]
            },
            "est_tgt": [
                2,
                3,
                4
            ],
            "oracle_est_tgt": [
                1,
                2,
                3,
                4
            ]
        },
        "3": {
            "intv_type": "do",
            "inode": 3,
            "new_mui": 1.0,
            "new_vari": null,
            "true_params": {
                "Si": [
                    [
                        1.0,
                        0.852245464879962,
                        -1.223789880146522,
                        0.0,
                        -0.3770976018144681,
                        -0.5667721893897957
                    ],
                    [
                        0.852245464879962,
                        1.7263223324084627,
                        -1.7754789042667185,
                        0.0,
                        -0.3141960753509933,
                        -1.1221000931776546
                    ],
                    [
                        -1.223789880146522,
                        -1.7754789042667185,
                        3.034231880745514,
                        0.0,
                        -0.46153737875765005,
                        1.197407030111243
                    ],
                    [
                        0.0,
                        0.0,
                        0.0,
                        1e-09,
                        -5.412943945990263e-10,
                        -1.3316391404395887e-09
                    ],
                    [
                        -0.3770976018144681,
                        -0.3141960753509933,
                        -0.46153737875765005,
                        -5.412943945990263e-10,
                        1.9845440828320386,
                        1.0979958637071527
                    ],
                    [
                        -0.5667721893897957,
                        -1.1221000931776546,
                        1.197407030111243,
                        -1.3316391404395887e-09,
                        1.0979958637071527,
                        2.5802543969808935
                    ]
                ],
                "mui": [
                    0.0,
                    0.0,
                    0.0,
                    1.0,
                    -0.5412943945990263,
                    -1.3316391404395886
                ],
                "Ai": [
                    [
                        0.0,
                        0.0,
                        0.0,
                        0.0,
                        0.0,
                        0.0
                    ],
                    [
                        0.852245464879962,
                        0.0,
                        0.0,
                        0.0,
                        0.0,
                        0.0
                    ],
                    [
                        -0.5995119561210616,
                        -0.732509528945853,
                        0.0,
                        0.0,
                        0.0,
                        0.0
                    ],
                    [
                        0.0,
                        0.0,
                        0.0,
                        0.0,
                        0.0,
                        0.0
                    ],
                    [
                        -0.9334300336345461,
                        -0.665086877243491,
                        -0.9177635188219948,
                        -0.5412943945990263,
                        0.0,
                        0.0
                    ],
                    [
                        0.8595041065979032,
                        -0.0,
                        0.8814786150499172,
                        -0.8327843256943146,
                        0.9215961216720336,
                        0.0
                    ]
                ]
            },
            "est_params": {
                "mui": [
                    0.008305606684737066,
                    -0.02363476565646313,
                    0.1175705453379433,
                    1.0000229130611988,
                    -0.7819127442111677,
                    -1.3501044407812317
                ],
                "Si": [
                    [
                        1.086705738625479,
                        0.8955973095616204,
                        -1.238592904109636,
                        1.752407403070085e-05,
                        -0.5893927606316888,
                        -0.6942902154861649
                    ],
                    [
                        0.8955973095616204,
                        1.831098405057788,
                        -1.8713345679710045,
                        1.7909293942156508e-05,
                        -0.2876232527915895,
                        -1.1969754617611796
                    ],
                    [
                        -1.238592904109636,
                        -1.8713345679710045,
                        2.9236697870905948,
                        -2.4328048808332204e-05,
                        -0.1538523289398656,
                        1.4850926726940887
                    ],
                    [
                        1.752407403070085e-05,
                        1.790929394215651e-05,
                        -2.432804880833221e-05,
                        1.0593919138363323e-06,
                        -3.585009868695625e-05,
                        -2.9080776841489068e-05
                    ],
                    [
                        -0.5893927606316888,
                        -0.2876232527915895,
                        -0.1538523289398656,
                        -3.585009868695624e-05,
                        1.8412921976056478,
                        1.0999185132205154
                    ],
                    [
                        -0.6942902154861649,
                        -1.1969754617611796,
                        1.4850926726940887,
                        -2.9080776841489068e-05,
                        1.0999185132205154,
                        2.9076885536974153
                    ]
                ]
            },
            "est_tgt": [
                3,
                4,
                5
            ],
            "oracle_est_tgt": [
                3,
                4,
                5
            ]
        },
        "4": {
            "intv_type": "do",
            "inode": 4,
            "new_mui": 1.0,
            "new_vari": null,
            "true_params": {
                "Si": [
                    [
                        1.0,
                        0.852245464879962,
                        -1.223789880146522,
                        1.1191681623237155,
                        0.0,
                        -1.1512662054650578
                    ],
                    [
                        0.852245464879962,
                        1.7263223324084627,
                        -1.7754789042667185,
                        1.6236933273993088,
                        0.0,
                        -2.1847245614821964
                    ],
                    [
                        -1.223789880146522,
                        -1.7754789042667185,
                        3.034231880745514,
                        -2.7748355932077273,
                        0.0,
                        3.9335976767830507
                    ],
                    [
                        1.1191681623237155,
                        1.6236933273993088,
                        -2.7748355932077273,
                        3.5376150775400377,
                        0.0,
                        -4.4300989911163215
                    ],
                    [
                        0.0,
                        0.0,
                        0.0,
                        0.0,
                        1e-09,
                        9.215961216720337e-10
                    ],
                    [
                        -1.1512662054650578,
                        -2.1847245614821964,
                        3.9335976767830507,
                        -4.4300989911163215,
                        9.215961216720337e-10,
                        7.167181202834901
                    ]
                ],
                "mui": [
                    0.0,
                    0.0,
                    0.0,
                    0.0,
                    1.0,
                    0.9215961216720336
                ],
                "Ai": [
                    [
                        0.0,
                        0.0,
                        0.0,
                        0.0,
                        0.0,
                        0.0
                    ],
                    [
                        0.852245464879962,
                        0.0,
                        0.0,
                        0.0,
                        0.0,
                        0.0
                    ],
                    [
                        -0.5995119561210616,
                        -0.732509528945853,
                        0.0,
                        0.0,
                        0.0,
                        0.0
                    ],
                    [
                        -0.0,
                        0.0,
                        -0.914510064578831,
                        0.0,
                        0.0,
                        0.0
                    ],
                    [
                        0.0,
                        0.0,
                        0.0,
                        0.0,
                        0.0,
                        0.0
                    ],
                    [
                        0.8595041065979032,
                        -0.0,
                        0.8814786150499172,
                        -0.8327843256943146,
                        0.9215961216720336,
                        0.0
                    ]
                ]
            },
            "est_params": {
                "mui": [
                    -0.10482032931750809,
                    -0.15429442150852496,
                    0.23622823959795838,
                    -0.06149669813118318,
                    1.0000004286838762,
                    1.3262196036233094
                ],
                "Si": [
                    [
                        0.9077345800977518,
                        0.6224100556680238,
                        -1.0448284455762906,
                        1.0096129278296748,
                        1.422259460715592e-06,
                        -0.9380519928367598
                    ],
                    [
                        0.6224100556680238,
                        1.3271967193928131,
                        -1.4214802734551195,
                        1.391869064153721,
                        -1.0221258050527194e-06,
                        -1.8404647581197096
                    ],
                    [
                        -1.0448284455762906,
                        -1.4214802734551197,
                        2.5957843127542692,
                        -2.5809158878791894,
                        -2.5892557513124637e-06,
                        3.4478914111335977
                    ],
                    [
                        1.0096129278296748,
                        1.391869064153721,
                        -2.5809158878791894,
                        3.535635635404739,
                        2.5650439451598576e-06,
                        -4.351553559460793
                    ],
                    [
                        1.4222594607155919e-06,
                        -1.0221258050527187e-06,
                        -2.5892557513124637e-06,
                        2.565043945159857e-06,
                        1.0024631326125808e-06,
                        -2.9787815189352064e-07
                    ],
                    [
                        -0.9380519928367596,
                        -1.8404647581197096,
                        3.447891411133598,
                        -4.351553559460793,
                        -2.9787815189352064e-07,
                        6.791099747439005
                    ]
                ]
            },
            "est_tgt": [
                3,
                4
            ],
            "oracle_est_tgt": [
                3,
                4
            ]
        },
        "5": {
            "intv_type": "do",
            "inode": 5,
            "new_mui": 1.0,
            "new_vari": null,
            "true_params": {
                "Si": [
                    [
                        1.0,
                        0.852245464879962,
                        -1.223789880146522,
                        1.1191681623237155,
                        -0.9828970546939885,
                        0.0
                    ],
                    [
                        0.852245464879962,
                        1.7263223324084627,
                        -1.7754789042667185,
                        1.6236933273993088,
                        -1.1930921720200809,
                        0.0
                    ],
                    [
                        -1.223789880146522,
                        -1.7754789042667185,
                        3.034231880745514,
                        -2.7748355932077273,
                        1.0404655737795567,
                        0.0
                    ],
                    [
                        1.1191681623237155,
                        1.6236933273993088,
                        -2.7748355932077273,
                        3.5376150775400377,
                        -1.4928106336682192,
                        0.0
                    ],
                    [
                        -0.9828970546939885,
                        -1.1930921720200809,
                        1.0404655737795567,
                        -1.4928106336682192,
                        2.564124259772151,
                        0.0
                    ],
                    [
                        0.0,
                        0.0,
                        0.0,
                        0.0,
                        0.0,
                        1e-09
                    ]
                ],
                "mui": [
                    0.0,
                    0.0,
                    0.0,
                    0.0,
                    0.0,
                    1.0
                ],
                "Ai": [
                    [
                        0.0,
                        0.0,
                        0.0,
                        0.0,
                        0.0,
                        0.0
                    ],
                    [
                        0.852245464879962,
                        0.0,
                        0.0,
                        0.0,
                        0.0,
                        0.0
                    ],
                    [
                        -0.5995119561210616,
                        -0.732509528945853,
                        0.0,
                        0.0,
                        0.0,
                        0.0
                    ],
                    [
                        -0.0,
                        0.0,
                        -0.914510064578831,
                        0.0,
                        0.0,
                        0.0
                    ],
                    [
                        -0.9334300336345461,
                        -0.665086877243491,
                        -0.9177635188219948,
                        -0.5412943945990263,
                        0.0,
                        0.0
                    ],
                    [
                        0.0,
                        0.0,
                        0.0,
                        0.0,
                        0.0,
                        0.0
                    ]
                ]
            },
            "est_params": {
                "mui": [
                    -0.008172038019071787,
                    -0.01062931126646925,
                    0.030281026805838964,
                    -0.001615583014897005,
                    0.06590067622417961,
                    1.000003531038744
                ],
                "Si": [
                    [
                        1.1233326440313398,
                        1.0229780303200713,
                        -1.485013958398439,
                        1.5910456453576878,
                        -1.1124477687582648,
                        1.2580592158416941e-06
                    ],
                    [
                        1.0229780303200713,
                        1.9480782246903559,
                        -2.1556030083108975,
                        2.081436593636671,
                        -1.4354882831666582,
                        4.6829786975834e-06
                    ],
                    [
                        -1.485013958398439,
                        -2.1556030083108975,
                        3.733110733528609,
                        -3.697382474056388,
                        1.3982383943170245,
                        -4.1403220085426705e-06
                    ],
                    [
                        1.5910456453576878,
                        2.081436593636671,
                        -3.697382474056388,
                        4.6174606311406565,
                        -1.9975705008385598,
                        2.6906338587679467e-06
                    ],
                    [
                        -1.1124477687582648,
                        -1.4354882831666584,
                        1.3982383943170247,
                        -1.9975705008385598,
                        2.6509736613008927,
                        -2.9606650051494152e-06
                    ],
                    [
                        1.258059215841695e-06,
                        4.6829786975834e-06,
                        -4.140322008542672e-06,
                        2.6906338587679467e-06,
                        -2.960665005149415e-06,
                        1.0025226530959115e-06
                    ]
                ]
            },
            "est_tgt": [
                3,
                5
            ],
            "oracle_est_tgt": [
                3,
                5
            ]
        },
        "obs": {
            "intv_type": "obs",
            "true_params": {
                "Si": [
                    [
                        1.0,
                        0.852245464879962,
                        -1.223789880146522,
                        1.1191681623237155,
                        -0.9828970546939885,
                        -2.057100319073902
                    ],
                    [
                        0.852245464879962,
                        1.7263223324084627,
                        -1.7754789042667185,
                        1.6236933273993088,
                        -1.1930921720200809,
                        -3.2842736800131656
                    ],
                    [
                        -1.223789880146522,
                        -1.7754789042667185,
                        3.034231880745514,
                        -2.7748355932077273,
                        1.0404655737795567,
                        4.892486714311557
                    ],
                    [
                        1.1191681623237155,
                        1.6236933273993088,
                        -2.7748355932077273,
                        3.5376150775400377,
                        -1.4928106336682192,
                        -5.805867481495724
                    ],
                    [
                        -0.9828970546939885,
                        -1.1930921720200809,
                        1.0404655737795567,
                        -1.4928106336682192,
                        2.564124259772151,
                        3.6786203683497325
                    ],
                    [
                        -2.057100319073902,
                        -3.2842736800131656,
                        4.892486714311557,
                        -5.805867481495724,
                        3.6786203683497325,
                        11.769773941376421
                    ]
                ],
                "mui": [
                    0.0,
                    0.0,
                    0.0,
                    0.0,
                    0.0,
                    0.0
                ],
                "Ai": [
                    [
                        0.0,
