{
    "expt_args": {
        "save_dir": "all_expt_logs/expt_logs_11.05.24-main_plus_oracle_donoisepert-corr",
        "exp_name": "218",
        "num_nodes": 4,
        "obs_noise_mean": 0.0,
        "obs_noise_var": 1.0,
        "max_edge_strength": 1.0,
        "graph_sparsity_method": "adj_dense_prop",
        "adj_dense_prop": 0.8,
        "num_parents": null,
        "new_noise_mean": 1.0,
        "mix_samples": 4096,
        "stage2_samples": 4096,
        "gmm_tol": 0.001,
        "intv_type": "do",
        "new_noise_var": null,
        "intv_targets": [
            0,
            1,
            2,
            3
        ]
    },
    "intv_args_dict": {
        "0": {
            "intv_type": "do",
            "inode": 0,
            "new_mui": 1.0,
            "new_vari": null,
            "true_params": {
                "Si": [
                    [
                        1e-09,
                        7.289677518888293e-10,
                        -2.5054116370291202e-11,
                        -5.309245530412821e-10
                    ],
                    [
                        7.289677518888293e-10,
                        1.000000000531394,
                        -0.899105001185106,
                        -0.8822188382366242
                    ],
                    [
                        -2.5054116370291202e-11,
                        -0.899105001185106,
                        1.8083898031238552,
                        1.7744262888449291
                    ],
                    [
                        -5.309245530412821e-10,
                        -0.8822188382366242,
                        1.7744262888449291,
                        2.7411006463145715
                    ]
                ],
                "mui": [
                    1.0,
                    0.7289677518888292,
                    -0.025054116370291202,
                    -0.530924553041282
                ],
                "Ai": [
                    [
                        0.0,
                        0.0,
                        0.0,
                        0.0
                    ],
                    [
                        0.7289677518888292,
                        0.0,
                        0.0,
                        0.0
                    ],
                    [
                        0.630364435042305,
                        -0.8991050011668423,
                        0.0,
                        0.0
                    ],
                    [
                        -0.506340980044956,
                        -0.0,
                        0.9812189195974548,
                        0.0
                    ]
                ]
            },
            "est_params": {
                "mui": [
                    0.9999965277673423,
                    0.7581705218891266,
                    -0.020388195495198908,
                    -0.5030007673542264
                ],
                "Si": [
                    [
                        1.0108243293807637e-06,
                        -2.2442375636718056e-06,
                        6.678247980257438e-06,
                        5.50436865648612e-06
                    ],
                    [
                        -2.2442375636718056e-06,
                        0.9938366261098952,
                        -0.8091584209639551,
                        -0.8149446218747582
                    ],
                    [
                        6.678247980257438e-06,
                        -0.8091584209639551,
                        1.6513776024767193,
                        1.65361210583126
                    ],
                    [
                        5.50436865648612e-06,
                        -0.8149446218747582,
                        1.65361210583126,
                        2.606785809584096
                    ]
                ]
            },
            "est_tgt": [
                0
            ],
            "oracle_est_tgt": [
                0
            ]
        },
        "1": {
            "intv_type": "do",
            "inode": 1,
            "new_mui": 1.0,
            "new_vari": null,
            "true_params": {
                "Si": [
                    [
                        1.0,
                        0.0,
                        0.630364435042305,
                        0.11218452985991445
                    ],
                    [
                        0.0,
                        1e-09,
                        -8.991050011668423e-10,
                        -8.822188378495974e-10
                    ],
                    [
                        0.630364435042305,
                        -8.991050011668423e-10,
                        1.397359321774594,
                        1.0519360581762938
                    ],
                    [
                        0.11218452985991445,
                        -8.822188378495974e-10,
                        1.0519360581762938,
                        1.9753759376941966
                    ]
                ],
                "mui": [
                    0.0,
                    1.0,
                    -0.8991050011668423,
                    -0.8822188378495973
                ],
                "Ai": [
                    [
                        0.0,
                        0.0,
                        0.0,
                        0.0
                    ],
                    [
                        0.0,
                        0.0,
                        0.0,
                        0.0
                    ],
                    [
                        0.630364435042305,
                        -0.8991050011668423,
                        0.0,
                        0.0
                    ],
                    [
                        -0.506340980044956,
                        -0.0,
                        0.9812189195974548,
                        0.0
                    ]
                ]
            },
            "est_params": {
                "mui": [
                    0.06856738086170304,
                    0.9999892690596354,
                    -0.8767205763860868,
                    -0.9479585398478889
                ],
                "Si": [
                    [
                        1.0583685359361068,
                        -4.3290426930722885e-06,
                        0.5888666841423514,
                        0.07324040302137487
                    ],
                    [
                        -4.329042693072288e-06,
                        1.0315413522743947e-06,
                        -3.285751094791493e-06,
                        7.871781523755807e-07
                    ],
                    [
                        0.5888666841423514,
                        -3.285751094791494e-06,
                        1.4009232850693902,
                        1.1318034308774352
                    ],
                    [
                        0.07324040302137488,
                        7.871781523755807e-07,
                        1.1318034308774352,
                        2.0578049460841967
                    ]
                ]
            },
            "est_tgt": [
                1,
                2
            ],
            "oracle_est_tgt": [
                1,
                2
            ]
        },
        "2": {
            "intv_type": "do",
            "inode": 2,
            "new_mui": 1.0,
            "new_vari": null,
            "true_params": {
                "Si": [
                    [
                        1.0,
                        0.7289677518888292,
                        0.0,
                        -0.506340980044956
                    ],
                    [
                        0.7289677518888292,
                        1.5313939832938537,
                        0.0,
                        -0.3691062459125581
                    ],
                    [
                        0.0,
                        0.0,
                        1e-09,
                        9.812189195974548e-10
                    ],
                    [
                        -0.506340980044956,
                        -0.3691062459125581,
                        9.812189195974548e-10,
                        1.256381189035677
                    ]
                ],
                "mui": [
                    0.0,
                    0.0,
                    1.0,
                    0.9812189195974548
                ],
                "Ai": [
                    [
                        0.0,
                        0.0,
                        0.0,
                        0.0
                    ],
                    [
                        0.7289677518888292,
                        0.0,
                        0.0,
                        0.0
                    ],
                    [
                        0.0,
                        0.0,
                        0.0,
                        0.0
                    ],
                    [
                        -0.506340980044956,
                        -0.0,
                        0.9812189195974548,
                        0.0
                    ]
                ]
            },
            "est_params": {
                "mui": [
                    0.04492296524252617,
                    0.04411825228418249,
                    0.9999990361598226,
                    0.9908582587609824
                ],
                "Si": [
                    [
                        1.0341833817498103,
                        0.7914205071503485,
                        2.181051685352436e-07,
                        -0.505989878633314
                    ],
                    [
                        0.7914205071503485,
                        1.5880796569925162,
                        3.9218309114662536e-08,
                        -0.3822352612773169
                    ],
                    [
                        2.181051685352434e-07,
                        3.921830911466227e-08,
                        1.0017332502615445e-06,
                        9.052608566246529e-08
                    ],
                    [
                        -0.505989878633314,
                        -0.3822352612773169,
                        9.0526085662465e-08,
                        1.330579266328023
                    ]
                ]
            },
            "est_tgt": [
                1,
                2
            ],
            "oracle_est_tgt": [
                1,
                2
            ]
        },
        "3": {
            "intv_type": "do",
            "inode": 3,
            "new_mui": 1.0,
            "new_vari": null,
            "true_params": {
                "Si": [
                    [
                        1.0,
                        0.7289677518888292,
                        -0.025054116370291202,
                        0.0
                    ],
                    [
                        0.7289677518888292,
                        1.5313939832938537,
                        -0.9173686440528547,
                        0.0
                    ],
                    [
                        -0.025054116370291202,
                        -0.9173686440528547,
                        1.8090175118703238,
                        0.0
                    ],
                    [
                        0.0,
                        0.0,
                        0.0,
                        1e-09
                    ]
                ],
                "mui": [
                    0.0,
                    0.0,
                    0.0,
                    1.0
                ],
                "Ai": [
                    [
                        0.0,
                        0.0,
                        0.0,
                        0.0
                    ],
                    [
                        0.7289677518888292,
                        0.0,
                        0.0,
                        0.0
                    ],
                    [
                        0.630364435042305,
                        -0.8991050011668423,
                        0.0,
                        0.0
                    ],
                    [
                        0.0,
                        0.0,
                        0.0,
                        0.0
                    ]
                ]
            },
            "est_params": {
                "mui": [
                    -0.029561151665477806,
                    -0.013546286121769734,
                    0.040033623829953,
                    1.0000070619819665
                ],
                "Si": [
                    [
                        0.928738806215782,
                        0.7172197044727731,
                        -0.067689590312578,
                        -6.184151342325667e-06
                    ],
                    [
                        0.7172197044727733,
                        1.6114841375941433,
                        -0.9319285352797285,
                        -1.1692758736870921e-05
                    ],
                    [
                        -0.067689590312578,
                        -0.9319285352797284,
                        1.763965268653801,
                        8.518995899813782e-06
                    ],
                    [
                        -6.184151342325667e-06,
                        -1.1692758736870921e-05,
                        8.518995899813782e-06,
                        1.0212913420278274e-06
                    ]
                ]
            },
            "est_tgt": [
                3
            ],
            "oracle_est_tgt": [
                3
            ]
        },
        "obs": {
            "intv_type": "obs",
            "true_params": {
                "Si": [
                    [
                        1.0,
                        0.7289677518888292,
                        -0.025054116370291202,
                        -0.530924553041282
                    ],
                    [
                        0.7289677518888292,
                        1.5313939832938537,
                        -0.9173686440528547,
                        -1.2692457157026822
                    ],
                    [
                        -0.025054116370291202,
                        -0.9173686440528547,
                        1.8090175118703238,
                        1.7877281343673683
                    ],
                    [
                        -0.530924553041282,
                        -1.2692457157026822,
                        1.7877281343673683,
                        3.0229815270547755
                    ]
                ],
                "mui": [
                    0.0,
                    0.0,
                    0.0,
                    0.0
                ],
                "Ai": [
                    [
                        0.0,
                        0.0,
                        0.0,
                        0.0
                    ],
                    [
                        0.7289677518888292,
                        0.0,
                        0.0,
                        0.0
                    ],
                    [
                        0.630364435042305,
                        -0.8991050011668423,
                        0.0,
                        0.0
                    ],
                    [
                        -0.506340980044956,
                        -0.0,
                        0.9812189195974548,
                        0.0
                    ]
                ]
            },
            "est_params": {
                "mui": [
                    0.016795475314151424,
                    0.022589892642565314,
                    0.025850976163270725,
                    0.05294498993722541
                ],
                "Si": [
                    [
                        1.0798342377493357,
                        0.7993198899106947,
                        -0.09324122740555733,
                        -0.6414164612749788
                    ],
                    [
                        0.7993198899106947,
                        1.6633256335838962,
                        -1.0454877078745626,
                        -1.4529320710204527
                    ],
                    [
                        -0.09324122740555733,
                        -1.0454877078745626,
                        1.9186120980464503,
                        1.960021936490907
                    ],
                    [
                        -0.6414164612749788,
                        -1.4529320710204527,
                        1.960021936490907,
                        3.3007989599534153
                    ]
                ]
            },
            "est_tgt": [],
            "oracle_est_tgt": [
                0,
                1,
                2,
                3
            ]
        }
    },
    "metric_dict": {
        "param_est_rel_err": 4.553814709692947,
        "est_dag": {
            "amat": [
                [
                    0,
                    1,
                    0,
                    1
                ],
                [
                    0,
                    0,
                    0,
                    0
                ],
                [
                    0,
                    1,
                    0,
                    1
                ],
                [
                    0,
                    0,
                    0,
                    0
                ]
            ],
            "nodes": [
                0,
                1,
                2,
                3
            ]
        },
        "oracle_est_dag": {
            "amat": [
                [
                    0,
                    1,
                    0,
                    1
                ],
                [
                    0,
                    0,
                    0,
                    0
                ],
                [
                    0,
                    1,
                    0,
                    1
                ],
                [
                    0,
                    0,
                    0,
                    0
                ]
            ],
            "nodes": [
                0,
                1,
                2,
                3
            ]
        },
        "igsp_dag": {
            "amat": [
                [
                    0,
                    1,
                    0,
                    1
                ],
                [
                    0,
                    0,
                    0,
                    0
                ],
                [
                    0,
                    1,
                    0,
                    1
                ],
                [
                    0,
                    0,
                    0,
                    0
                ]
            ],
            "nodes": [
                0,
                1,
                2,
                3
            ]
        },
        "act_dag": {
            "amat": [
                [
                    0,
                    1,
                    1,
                    1
                ],
                [
                    0,
                    0,
                    1,
                    0
                ],
                [
                    0,
                    0,
                    0,
                    1
                ],
                [
                    0,
                    0,
                    0,
                    0
                ]
            ],
            "nodes": [
                0,
                1,
                2,
                3
            ]
        },
        "shd": 2,
        "oracle_shd": 2,
        "igsp_shd": 2,
        "avg_js": 0.8,
        "avg_oracle_js": 0.8
    }
}