{
    "expt_args": {
        "save_dir": "all_expt_logs/expt_logs_11.05.24-main_plus_oracle_donoisepert-corr",
        "exp_name": "165",
        "num_nodes": 8,
        "obs_noise_mean": 0.0,
        "obs_noise_var": 1.0,
        "max_edge_strength": 1.0,
        "graph_sparsity_method": "adj_dense_prop",
        "adj_dense_prop": 0.8,
        "num_parents": null,
        "new_noise_mean": 1.0,
        "mix_samples": 32768,
        "stage2_samples": 32768,
        "gmm_tol": 0.001,
        "intv_type": "do",
        "new_noise_var": null,
        "intv_targets": [
            0,
            1,
            2,
            3,
            4,
            5,
            6,
            7
        ]
    },
    "intv_args_dict": {
        "0": {
            "intv_type": "do",
            "inode": 0,
            "new_mui": 1.0,
            "new_vari": null,
            "true_params": {
                "Si": [
                    [
                        1e-09,
                        -8.478828387597956e-10,
                        1.2445194995606424e-09,
                        9.54860877917398e-10,
                        -3.2012387602210647e-09,
                        3.6491175100954295e-09,
                        4.314697494204891e-09,
                        -4.593942861698276e-09
                    ],
                    [
                        -8.478828387597956e-10,
                        1.0000000007189054,
                        -0.5042855625269703,
                        0.49140105100239156,
                        1.1200094437300196,
                        -2.1048354277679358,
                        -2.2345280614744203,
                        1.4645441534709118
                    ],
                    [
                        1.2445194995606424e-09,
                        -0.5042855625269703,
                        1.2543039290577207,
                        0.608577169874832,
                        -2.089450045251075,
                        2.3088651708402033,
                        3.649253162852656,
                        -2.024569052683634
                    ],
                    [
                        9.54860877917398e-10,
                        0.49140105100239156,
                        0.608577169874832,
                        1.9748679061016108,
                        -1.3969959857098164,
                        -0.3516794568893029,
                        0.916535976216889,
                        -1.5330708777775384
                    ],
                    [
                        -3.2012387602210647e-09,
                        1.1200094437300196,
                        -2.089450045251075,
                        -1.3969959857098164,
                        4.990728917345349,
                        -4.636823836341894,
                        -7.642652368063121,
                        4.391228010110622
                    ],
                    [
                        3.6491175100954295e-09,
                        -2.1048354277679358,
                        2.3088651708402033,
                        -0.3516794568893029,
                        -4.636823836341894,
                        7.5257015284002735,
                        9.44486393376994,
                        -4.385082823566028
                    ],
                    [
                        4.314697494204891e-09,
                        -2.2345280614744203,
                        3.649253162852656,
                        0.916535976216889,
                        -7.642652368063121,
                        9.44486393376994,
                        14.753440190734928,
                        -5.528222160058306
                    ],
                    [
                        -4.593942861698276e-09,
                        1.4645441534709118,
                        -2.024569052683634,
                        -1.5330708777775384,
                        4.391228010110622,
                        -4.385082823566028,
                        -5.528222160058306,
                        7.072181865228985
                    ]
                ],
                "mui": [
                    1.0,
                    -0.8478828387597955,
                    1.2445194995606423,
                    0.9548608779173979,
                    -3.2012387602210644,
                    3.6491175100954294,
                    4.314697494204891,
                    -4.593942861698276
                ],
                "Ai": [
                    [
                        0.0,
                        0.0,
                        0.0,
                        0.0,
                        0.0,
                        0.0,
                        0.0,
                        0.0
                    ],
                    [
                        -0.8478828387597955,
                        0.0,
                        0.0,
                        0.0,
                        0.0,
                        0.0,
                        0.0,
                        0.0
                    ],
                    [
                        0.816944426154386,
                        -0.5042855614717636,
                        0.0,
                        0.0,
                        0.0,
                        0.0,
                        0.0,
                        0.0
                    ],
                    [
                        0.6718935684146342,
                        0.9232629484797565,
                        0.8563836240073195,
                        0.0,
                        0.0,
                        0.0,
                        0.0,
                        0.0
                    ],
                    [
                        -0.5749050616301281,
                        0.9435998804149321,
                        -0.9751140114336505,
                        -0.6416884029679009,
                        0.0,
                        0.0,
                        0.0,
                        0.0
                    ],
                    [
                        0.745197742150884,
                        -0.5300161916714397,
                        0.968270052120394,
                        -0.7866688734768585,
                        -0.6249632267595455,
                        0.0,
                        0.0,
                        0.0
                    ],
                    [
                        -0.8410630310443403,
                        0.8372206365273146,
                        0.6436365620732516,
                        -0.5075593163481213,
                        -0.967796403582609,
                        0.6716989659984898,
                        0.0,
                        0.0
                    ],
                    [
                        -0.6039605456712221,
                        0.9635986949817671,
                        -0.7648712991221053,
                        -0.7149203905321323,
                        0.9172432618796238,
                        -0.7589539390884489,
                        0.9658637797011539,
                        0.0
                    ]
                ]
            },
            "est_params": {
                "mui": [
                    0.27947622426880536,
                    -0.07423825524789046,
                    0.4215054010957381,
                    -0.09620888767689235,
                    0.14675697269397087,
                    1.498223715937373,
                    1.020199019346109,
                    -0.6479676134470584
                ],
                "Si": [
                    [
                        0.4044204387062699,
                        -0.02464700589576288,
                        -0.09636160718599766,
                        0.2890595019477189,
                        -0.15671440199678094,
                        0.1934482864389892,
                        -0.008713804329928573,
                        -0.8910018486722515
                    ],
                    [
                        -0.024647005895762887,
                        0.2952380768864607,
                        -0.1320651365483644,
                        -0.02526989821799418,
                        0.14780427096998552,
                        -0.8486324841881311,
                        -0.005569289847826648,
                        1.1021488860239772
                    ],
                    [
                        -0.09636160718599765,
                        -0.1320651365483644,
                        0.5297537179432512,
                        0.6762675132879973,
                        -0.5408296221396246,
                        0.893128517161392,
                        0.015058743064729962,
                        -2.10598636380962
                    ],
                    [
                        0.2890595019477189,
                        -0.025269898217994205,
                        0.6762675132879973,
                        1.8257088557447603,
                        -1.2624343775287818,
                        1.315115282075611,
                        0.02008903395423771,
                        -4.025094656575341
                    ],
                    [
                        -0.15671440199678094,
                        0.14780427096998558,
                        -0.5408296221396246,
                        -1.262434377528782,
                        0.9828148040394837,
                        -1.2887772859894395,
                        -0.016043007918696273,
                        3.2388551894330324
                    ],
                    [
                        0.19344828643898923,
                        -0.8486324841881311,
                        0.893128517161392,
                        1.315115282075611,
                        -1.2887772859894395,
                        3.325138976657854,
                        0.03179569830472044,
                        -5.850738713565157
                    ],
                    [
                        -0.008713804329928571,
                        -0.005569289847826648,
                        0.015058743064729962,
                        0.02008903395423771,
                        -0.016043007918696273,
                        0.03179569830472044,
                        0.000900461880151398,
                        -0.048810570434007404
                    ],
                    [
                        -0.8910018486722514,
                        1.1021488860239772,
                        -2.10598636380962,
                        -4.025094656575341,
                        3.238855189433032,
                        -5.850738713565155,
                        -0.048810570434007404,
                        13.56149164680545
                    ]
                ]
            },
            "est_tgt": [
                0,
                1,
                2,
                3,
                4,
                5,
                6,
                7
            ],
            "oracle_est_tgt": [
                0
            ]
        },
        "1": {
            "intv_type": "do",
            "inode": 1,
            "new_mui": 1.0,
            "new_vari": null,
            "true_params": {
                "Si": [
                    [
                        1.0,
                        0.0,
                        0.816944426154386,
                        1.3715113966973074,
                        -2.2516019759348636,
                        1.8644636751007337,
                        2.4200795012553957,
                        -3.3521810106669068
                    ],
                    [
                        0.0,
                        1e-09,
                        -5.042855614717637e-10,
                        4.914010518120018e-10,
                        1.1200094410157442e-09,
                        -2.104835424673912e-09,
                        -2.2345280578160622e-09,
                        1.4645441495757865e-09
                    ],
                    [
                        0.816944426154386,
                        -5.042855614717637e-10,
                        1.667398195679023,
                        1.9768322146985953,
                        -3.364079136173764,
                        2.7705902605637682,
                        4.499483381750671,
                        -4.024566171060824
                    ],
                    [
                        1.3715113966973074,
                        4.914010518120018e-10,
                        1.9768322146985953,
                        3.614436422979984,
                        -5.035467570278056,
                        3.239772059296702,
                        5.333752025798456,
                        -6.850303868119899
                    ],
                    [
                        -2.2516019759348636,
                        1.1200094410157442e-09,
                        -3.364079136173764,
                        -5.035467570278056,
                        8.806019218421223,
                        -6.477418374514058,
                        -10.58901562273098,
                        10.298702110044298
                    ],
                    [
                        1.8644636751007337,
                        -2.104835424673912e-09,
                        2.7705902605637682,
                        3.239772059296702,
                        -6.477418374514058,
                        6.571594150322476,
                        9.253700430155959,
                        -7.5524781296096855
                    ],
                    [
                        2.4200795012553957,
                        -2.2345280578160622e-09,
                        4.499483381750671,
                        5.333752025798456,
                        -10.58901562273098,
                        9.253700430155959,
                        15.617109328340769,
                        -10.368201697784514
                    ],
                    [
                        -3.3521810106669068,
                        1.4645441495757865e-09,
                        -4.024566171060824,
                        -6.850303868119899,
                        10.298702110044298,
                        -7.5524781296096855,
                        -10.368201697784514,
                        16.164409808488706
                    ]
                ],
                "mui": [
                    0.0,
                    1.0,
                    -0.5042855614717636,
                    0.4914010518120017,
                    1.1200094410157442,
                    -2.1048354246739116,
                    -2.2345280578160622,
                    1.4645441495757865
                ],
                "Ai": [
                    [
                        0.0,
                        0.0,
                        0.0,
                        0.0,
                        0.0,
                        0.0,
                        0.0,
                        0.0
                    ],
                    [
                        0.0,
                        0.0,
                        0.0,
                        0.0,
                        0.0,
                        0.0,
                        0.0,
                        0.0
                    ],
                    [
                        0.816944426154386,
                        -0.5042855614717636,
                        0.0,
                        0.0,
                        0.0,
                        0.0,
                        0.0,
                        0.0
                    ],
                    [
                        0.6718935684146342,
                        0.9232629484797565,
                        0.8563836240073195,
                        0.0,
                        0.0,
                        0.0,
                        0.0,
                        0.0
                    ],
                    [
                        -0.5749050616301281,
                        0.9435998804149321,
                        -0.9751140114336505,
                        -0.6416884029679009,
                        0.0,
                        0.0,
                        0.0,
                        0.0
                    ],
                    [
                        0.745197742150884,
                        -0.5300161916714397,
                        0.968270052120394,
                        -0.7866688734768585,
                        -0.6249632267595455,
                        0.0,
                        0.0,
                        0.0
                    ],
                    [
                        -0.8410630310443403,
                        0.8372206365273146,
                        0.6436365620732516,
                        -0.5075593163481213,
                        -0.967796403582609,
                        0.6716989659984898,
                        0.0,
                        0.0
                    ],
                    [
                        -0.6039605456712221,
                        0.9635986949817671,
                        -0.7648712991221053,
                        -0.7149203905321323,
                        0.9172432618796238,
                        -0.7589539390884489,
                        0.9658637797011539,
                        0.0
                    ]
                ]
            },
            "est_params": {
                "mui": [
                    -0.020563968668220897,
                    1.0000007355410545,
                    -0.532241163128322,
                    0.45670056083158744,
                    1.1613085237309453,
                    -2.1459057712045637,
                    -2.30196534104322,
                    1.5078754527057046
                ],
                "Si": [
                    [
                        0.9568033239075842,
                        -1.2892303931744298e-06,
                        0.7576206957762837,
                        1.2728987396185167,
                        -2.0995063793751285,
                        1.7821323632621002,
                        2.312603692938244,
                        -3.1194720833486684
                    ],
                    [
                        -1.2892303931744298e-06,
                        1.0157588018425907e-06,
                        -5.842805284079195e-06,
                        -5.591836784865677e-06,
                        1.2577356127480138e-05,
                        -1.0640505669211337e-05,
                        -2.107109167942982e-05,
                        7.4096791702794125e-06
                    ],
                    [
                        0.7576206957762838,
                        -5.842805284079195e-06,
                        1.6179244666788837,
                        1.860480632656271,
                        -3.2184302789470784,
                        2.691079774651873,
                        4.435887174223079,
                        -3.742831514273094
                    ],
                    [
                        1.2728987396185165,
                        -5.591836784865677e-06,
                        1.8604806326562708,
                        3.4192703699031584,
                        -4.726296975674142,
                        3.0325517224189493,
                        5.082185431786271,
                        -6.355393480437462
                    ],
                    [
                        -2.0995063793751285,
                        1.2577356127480138e-05,
                        -3.2184302789470793,
                        -4.726296975674142,
                        8.355471277080804,
                        -6.227507754666749,
                        -10.306334883116952,
                        9.576127033670474
                    ],
                    [
                        1.7821323632621002,
                        -1.0640505669211337e-05,
                        2.691079774651873,
                        3.0325517224189493,
                        -6.227507754666749,
                        6.45273137751213,
                        9.168539030445942,
                        -7.114658511827313
                    ],
                    [
                        2.312603692938244,
                        -2.1071091679429817e-05,
                        4.435887174223078,
                        5.082185431786271,
                        -10.306334883116952,
                        9.168539030445942,
                        15.629022488904312,
                        -9.795091136369507
                    ],
                    [
                        -3.1194720833486684,
                        7.409679170279411e-06,
                        -3.7428315142730946,
                        -6.3553934804374626,
                        9.57612703367047,
                        -7.114658511827313,
                        -9.795091136369507,
                        15.049237482387657
                    ]
                ]
            },
            "est_tgt": [
                0,
                1,
                5,
                7
            ],
            "oracle_est_tgt": [
                1,
                3,
                4,
                5,
                6,
                7
            ]
        },
        "2": {
            "intv_type": "do",
            "inode": 2,
            "new_mui": 1.0,
            "new_vari": null,
            "true_params": {
                "Si": [
                    [
                        1.0,
                        -0.8478828387597955,
                        0.0,
                        -0.11092524126412062,
                        -1.3037877659741417,
                        2.0966702191521334,
                        1.175505427799458,
                        -2.993465175295397
                    ],
                    [
                        -0.8478828387597955,
                        1.7189053082633694,
                        0.0,
                        1.0173145569328943,
                        1.456612025639969,
                        -3.253506670536577,
                        -1.9592025206737693,
                        3.354130290793334
                    ],
                    [
                        0.0,
                        0.0,
                        1e-09,
                        8.563836240073196e-10,
                        -1.5246454514507707e-09,
                        1.247427052361464e-09,
                        2.5224129212227487e-09,
                        -1.2860205781973708e-09
                    ],
                    [
                        -0.11092524126412062,
                        1.0173145569328943,
                        8.563836240073196e-10,
                        1.8647188819184297,
                        -0.17285910522586379,
                        -1.9807401437189196,
                        -1.1646122658795643,
                        -0.06596822340533759
                    ],
                    [
                        -1.3037877659741417,
                        1.456612025639969,
                        -1.5246454514507707e-09,
                        -0.17285910522586379,
                        3.234934803812346,
                        -3.6293400752657345,
                        -3.16477265890663,
                        4.979591133364721
                    ],
                    [
                        2.0966702191521334,
                        -3.253506670536577,
                        1.247427052361464e-09,
                        -1.9807401437189196,
                        -3.6293400752657345,
                        8.113235831605998,
                        5.48012276995121,
                        -7.178817285805829
                    ],
                    [
                        1.175505427799458,
                        -1.9592025206737693,
                        2.5224129212227487e-09,
                        -1.1646122658795643,
                        -3.16477265890663,
                        5.48012276995121,
                        5.7059992631129015,
                        -3.316047982191181
                    ],
                    [
                        -2.993465175295397,
                        3.354130290793334,
                        -1.2860205781973708e-09,
                        -0.06596822340533759,
                        4.979591133364721,
                        -7.178817285805829,
                        -3.316047982191181,
                        12.900169894053109
                    ]
                ],
                "mui": [
                    0.0,
                    0.0,
                    1.0,
                    0.8563836240073195,
                    -1.5246454514507706,
                    1.247427052361464,
                    2.5224129212227484,
                    -1.2860205781973706
                ],
                "Ai": [
                    [
                        0.0,
                        0.0,
                        0.0,
                        0.0,
                        0.0,
                        0.0,
                        0.0,
                        0.0
                    ],
                    [
                        -0.8478828387597955,
                        0.0,
                        0.0,
                        0.0,
                        0.0,
                        0.0,
                        0.0,
                        0.0
                    ],
                    [
                        0.0,
                        0.0,
                        0.0,
                        0.0,
                        0.0,
                        0.0,
                        0.0,
                        0.0
                    ],
                    [
                        0.6718935684146342,
                        0.9232629484797565,
                        0.8563836240073195,
                        0.0,
                        0.0,
                        0.0,
                        0.0,
                        0.0
                    ],
                    [
                        -0.5749050616301281,
                        0.9435998804149321,
                        -0.9751140114336505,
                        -0.6416884029679009,
                        0.0,
                        0.0,
                        0.0,
                        0.0
                    ],
                    [
                        0.745197742150884,
                        -0.5300161916714397,
                        0.968270052120394,
                        -0.7866688734768585,
                        -0.6249632267595455,
                        0.0,
                        0.0,
                        0.0
                    ],
                    [
                        -0.8410630310443403,
                        0.8372206365273146,
                        0.6436365620732516,
                        -0.5075593163481213,
                        -0.967796403582609,
                        0.6716989659984898,
                        0.0,
                        0.0
                    ],
                    [
                        -0.6039605456712221,
                        0.9635986949817671,
                        -0.7648712991221053,
                        -0.7149203905321323,
                        0.9172432618796238,
                        -0.7589539390884489,
                        0.9658637797011539,
                        0.0
                    ]
                ]
            },
            "est_params": {
                "mui": [
                    -0.029821487226918686,
                    0.06097677442599773,
                    0.999999358598753,
                    0.9124020513896619,
                    -1.4887436522791508,
                    1.1053495042172072,
                    2.4199569788395974,
                    -1.166652449406172
                ],
                "Si": [
                    [
                        1.0206120499942295,
                        -0.8726409186990449,
                        3.900481145582743e-07,
                        -0.12297713265935732,
                        -1.3186964610677874,
                        2.140582548801075,
                        1.2103082208384222,
                        -3.0330027536082853
                    ],
                    [
                        -0.8726409186990449,
                        1.757835534361016,
                        -1.1476273256383115e-06,
                        1.0425558211207977,
                        1.4625620256184946,
                        -3.3029940405777003,
                        -1.9823328559424542,
                        3.395384692594516
                    ],
                    [
                        3.900481145582742e-07,
                        -1.147627325638311e-06,
                        1.0183861813659915e-06,
                        -1.4588323792182503e-06,
                        -1.1284931221044895e-06,
                        3.436505111762712e-06,
                        3.5347900265659006e-06,
                        -1.4023597098221363e-06
                    ],
                    [
                        -0.12297713265935732,
                        1.0425558211207977,
                        -1.4588323792182507e-06,
                        1.8611952851469526,
                        -0.14566702207788063,
                        -2.0055260240546997,
                        -1.1690188952824485,
                        -0.03046479489240216
                    ],
                    [
                        -1.3186964610677874,
                        1.4625620256184946,
                        -1.1284931221044895e-06,
                        -0.1456670220778806,
                        3.18563563878276,
                        -3.6062522277643994,
                        -3.11590960240618,
                        4.971010176036112
                    ],
                    [
                        2.140582548801075,
                        -3.3029940405777003,
                        3.436505111762712e-06,
                        -2.0055260240546997,
                        -3.6062522277643994,
                        8.163689886095945,
                        5.469365207520743,
                        -7.218038986536395
                    ],
                    [
                        1.2103082208384222,
                        -1.9823328559424542,
                        3.5347900265658994e-06,
                        -1.1690188952824487,
                        -3.1159096024061794,
                        5.469365207520743,
                        5.5657767091764025,
                        -3.4088962744275824
                    ],
                    [
                        -3.0330027536082853,
                        3.3953846925945155,
                        -1.4023597098221333e-06,
                        -0.03046479489240214,
                        4.971010176036112,
                        -7.218038986536395,
                        -3.4088962744275824,
                        12.903834240043864
                    ]
                ]
            },
            "est_tgt": [
                0,
                2,
                3,
                4,
                5,
                6,
                7
            ],
            "oracle_est_tgt": [
                1,
                2,
                3,
                4,
                5,
                6,
                7
            ]
        },
        "3": {
            "intv_type": "do",
            "inode": 3,
            "new_mui": 1.0,
            "new_vari": null,
            "true_params": {
                "Si": [
                    [
                        1.0,
                        -0.8478828387597955,
                        1.2445194995606423,
                        0.0,
                        -2.5885156084137213,
                        4.017347403190037,
                        4.453694404338647,
                        -3.4944946144264843
                    ],
                    [
                        -0.8478828387597955,
                        1.7189053082633694,
                        -1.5594922876511612,
                        0.0,
                        3.6300937594055993,
                        -5.3215728103450095,
                        -5.939206987166144,
                        4.99327636414069
                    ],
                    [
                        1.2445194995606423,
                        -1.5594922876511612,
                        2.8031327122955636,
                        0.0,
                        -4.920391279397867,
                        7.5432223527040145,
                        9.280551872784454,
                        -5.67280632381658
                    ],
                    [
                        0.0,
                        0.0,
                        0.0,
                        1e-09,
                        -6.416884029679009e-10,
                        -3.856372185838597e-10,
                        -1.4556770870843112e-10,
                        -1.1514224456129646e-09
                    ],
                    [
                        -2.5885156084137213,
                        3.6300937594055993,
                        -4.920391279397867,
                        -6.416884029679009e-10,
                        10.711449241344324,
                        -15.311493857874785,
                        -18.60186618053716,
                        12.30363541880426
                    ],
                    [
                        4.017347403190037,
                        -5.3215728103450095,
                        7.5432223527040145,
                        -3.856372185838597e-10,
                        -15.311493857874785,
                        23.687234877772465,
                        27.75002060684718,
                        -18.542919222215623
                    ],
                    [
                        4.453694404338647,
                        -5.939206987166144,
                        9.280551872784454,
                        -1.4556770870843112e-10,
                        -18.60186618053716,
                        27.75002060684718,
                        34.89751746979921,
                        -19.928471308428936
                    ],
                    [
                        -3.4944946144264843,
                        4.99327636414069,
                        -5.67280632381658,
                        -1.1514224456129646e-09,
                        12.30363541880426,
                        -18.542919222215623,
                        -19.928471308428936,
                        18.371477854528283
                    ]
                ],
                "mui": [
                    0.0,
                    0.0,
                    0.0,
                    1.0,
                    -0.6416884029679009,
                    -0.3856372185838597,
                    -0.1455677087084311,
                    -1.1514224456129645
                ],
                "Ai": [
                    [
                        0.0,
                        0.0,
                        0.0,
                        0.0,
                        0.0,
                        0.0,
                        0.0,
                        0.0
                    ],
                    [
                        -0.8478828387597955,
                        0.0,
                        0.0,
                        0.0,
                        0.0,
                        0.0,
                        0.0,
                        0.0
                    ],
                    [
                        0.816944426154386,
                        -0.5042855614717636,
                        0.0,
                        0.0,
                        0.0,
                        0.0,
                        0.0,
                        0.0
                    ],
                    [
                        0.0,
                        0.0,
                        0.0,
                        0.0,
                        0.0,
                        0.0,
                        0.0,
                        0.0
                    ],
                    [
                        -0.5749050616301281,
                        0.9435998804149321,
                        -0.9751140114336505,
                        -0.6416884029679009,
                        0.0,
                        0.0,
                        0.0,
                        0.0
                    ],
                    [
                        0.745197742150884,
                        -0.5300161916714397,
                        0.968270052120394,
                        -0.7866688734768585,
                        -0.6249632267595455,
                        0.0,
                        0.0,
                        0.0
                    ],
                    [
                        -0.8410630310443403,
                        0.8372206365273146,
                        0.6436365620732516,
                        -0.5075593163481213,
                        -0.967796403582609,
                        0.6716989659984898,
                        0.0,
                        0.0
                    ],
                    [
                        -0.6039605456712221,
                        0.9635986949817671,
                        -0.7648712991221053,
                        -0.7149203905321323,
                        0.9172432618796238,
                        -0.7589539390884489,
                        0.9658637797011539,
                        0.0
                    ]
                ]
            },
            "est_params": {
                "mui": [
                    0.8814702258619199,
                    -0.7221029975307244,
                    1.1187512778609225,
                    0.9349771383869987,
                    -2.8878600186406267,
                    3.2019902004020486,
                    3.8498739334411707,
                    -4.1171932655040875
                ],
                "Si": [
                    [
                        0.23665192993910464,
                        -0.20331651301413625,
                        0.2807596107845389,
                        0.10360555663195987,
                        -0.6618889075156476,
                        0.8838743177588014,
                        0.9878914596964119,
                        -0.9496596704152553
                    ],
                    [
                        -0.20331651301413625,
                        1.1675226276639004,
                        -0.7496394977676389,
                        0.2977449695710125,
                        1.7292226982260663,
                        -2.8069213980733103,
                        -3.0310023251195526,
                        2.3893683918949633
                    ],
                    [
                        0.2807596107845389,
                        -0.7496394977676389,
                        1.5945477512464843,
                        0.5724331708242828,
                        -2.7941143631901957,
                        3.4558487475493687,
                        4.8958512432518635,
                        -2.9752524849212727
                    ],
                    [
                        0.10360555663195987,
                        0.2977449695710125,
                        0.5724331708242828,
                        1.5564317700676684,
                        -1.3527885510689535,
                        0.10771001504271974,
