{
    "expt_args": {
        "save_dir": "all_expt_logs/expt_logs_11.05.24-main_plus_oracle_donoisepert-corr",
        "exp_name": "88",
        "num_nodes": 8,
        "obs_noise_mean": 0.0,
        "obs_noise_var": 1.0,
        "max_edge_strength": 1.0,
        "graph_sparsity_method": "adj_dense_prop",
        "adj_dense_prop": 0.8,
        "num_parents": null,
        "new_noise_mean": 1.0,
        "mix_samples": 1024,
        "stage2_samples": 1024,
        "gmm_tol": 0.001,
        "intv_type": "do",
        "new_noise_var": null,
        "intv_targets": [
            0,
            1,
            2,
            3,
            4,
            5,
            6,
            7
        ]
    },
    "intv_args_dict": {
        "0": {
            "intv_type": "do",
            "inode": 0,
            "new_mui": 1.0,
            "new_vari": null,
            "true_params": {
                "Si": [
                    [
                        1e-09,
                        6.754684901388225e-10,
                        2.769905250984223e-10,
                        -1.1676342224403054e-09,
                        2.636578603119466e-10,
                        9.804059163875523e-10,
                        -2.0785042720311755e-09,
                        -1.1295083148167427e-09
                    ],
                    [
                        6.754684901388225e-10,
                        1.0000000004562577,
                        -0.5781378248470861,
                        -1.3242520165563172,
                        0.5053284161163315,
                        0.8476188794805549,
                        -1.5807699705287912,
                        -0.9943419603554854
                    ],
                    [
                        2.769905250984223e-10,
                        -0.5781378248470861,
                        1.334243344811981,
                        1.5576690740560082,
                        -0.539760870691794,
                        -1.4628293251933226,
                        1.7402625781460035,
                        0.6685831275846211
                    ],
                    [
                        -1.1676342224403054e-09,
                        -1.3242520165563172,
                        1.5576690740560082,
                        3.381016535765645,
                        -0.17092555369074247,
                        -3.179238812071574,
                        4.613888889576411,
                        2.397083235452466
                    ],
                    [
                        2.636578603119466e-10,
                        0.5053284161163315,
                        -0.539760870691794,
                        -0.17092555369074247,
                        1.7988344464779773,
                        -1.0842659146986036,
                        1.5882684084632597,
                        -0.056603325353088096
                    ],
                    [
                        9.804059163875523e-10,
                        0.8476188794805549,
                        -1.4628293251933226,
                        -3.179238812071574,
                        -1.0842659146986036,
                        5.059376273915175,
                        -6.255624545295062,
                        -1.7686673617288107
                    ],
                    [
                        -2.0785042720311755e-09,
                        -1.5807699705287912,
                        1.7402625781460035,
                        4.613888889576411,
                        1.5882684084632597,
                        -6.255624545295062,
                        9.699351293647382,
                        4.0440527668097275
                    ],
                    [
                        -1.1295083148167427e-09,
                        -0.9943419603554854,
                        0.6685831275846211,
                        2.397083235452466,
                        -0.056603325353088096,
                        -1.7686673617288107,
                        4.0440527668097275,
                        4.074234380348569
                    ]
                ],
                "mui": [
                    1.0,
                    0.6754684901388224,
                    0.27699052509842226,
                    -1.1676342224403053,
                    0.26365786031194655,
                    0.9804059163875523,
                    -2.0785042720311755,
                    -1.1295083148167426
                ],
                "Ai": [
                    [
                        0.0,
                        0.0,
                        0.0,
                        0.0,
                        0.0,
                        0.0,
                        0.0,
                        0.0
                    ],
                    [
                        0.6754684901388224,
                        0.0,
                        0.0,
                        0.0,
                        0.0,
                        0.0,
                        0.0,
                        0.0
                    ],
                    [
                        0.6675044088664055,
                        -0.5781378250341844,
                        0.0,
                        0.0,
                        0.0,
                        0.0,
                        0.0,
                        0.0
                    ],
                    [
                        -0.8018531917818262,
                        -0.8663270280054559,
                        0.7920688941864074,
                        0.0,
                        0.0,
                        0.0,
                        0.0,
                        0.0
                    ],
                    [
                        0.6443984877504398,
                        0.9637367141432711,
                        -0.7976097089800286,
                        0.69438190739538,
                        0.0,
                        0.0,
                        0.0,
                        0.0
                    ],
                    [
                        0.5801949145077594,
                        -0.0,
                        -0.6401708840793667,
                        -0.6888795345794203,
                        -0.860308311049983,
                        0.0,
                        0.0,
                        0.0
                    ],
                    [
                        -0.5549595107073045,
                        -0.7354069040257124,
                        0.0,
                        0.5550380509357835,
                        0.7825791722532296,
                        -0.5967449680755312,
                        0.0,
                        0.0
                    ],
                    [
                        0.8212290904032012,
                        0.8668819486643973,
                        -0.7185747258766567,
                        0.8068867437139857,
                        -0.7642197621308746,
                        0.8414967074313473,
                        0.9711876518291394,
                        0.0
                    ]
                ]
            },
            "est_params": {
                "mui": [
                    -0.3714821597706181,
                    -0.12087481939950474,
                    -0.26457807679624806,
                    0.5446962132206953,
                    0.09604823041752418,
                    -0.6440134634781128,
                    1.0721440670204303,
                    0.6619048684872366
                ],
                "Si": [
                    [
                        1.1616778890644746,
                        -0.3521340708915365,
                        1.3050770271198513,
                        0.9713613640244919,
                        0.3058214301520491,
                        -0.5633674244300563,
                        0.1283443067466628,
                        -0.5794335655889093
                    ],
                    [
                        -0.3521340708915365,
                        1.3471346736188263,
                        -1.2549773252278276,
                        -1.8197562761357922,
                        1.1728195535258417,
                        0.36136568037314115,
                        -0.5627231731770298,
                        -1.1270762707971602
                    ],
                    [
                        1.3050770271198513,
                        -1.2549773252278276,
                        3.270058705776561,
                        2.80672064595466,
                        -1.516338747080327,
                        -1.0529672748387002,
                        0.10888958860869728,
                        0.1272391468903641
                    ],
                    [
                        0.9713613640244919,
                        -1.8197562761357922,
                        2.80672064595466,
                        3.2118445368290804,
                        -1.80972552272769,
                        -0.7028254198236965,
                        0.5890417641809416,
                        1.3335341365603421
                    ],
                    [
                        0.30582143015204916,
                        1.1728195535258417,
                        -1.5163387470803267,
                        -1.80972552272769,
                        3.5103365166126865,
                        0.6041553130937437,
                        0.5141634658915449,
                        -0.6745524709748331
                    ],
                    [
                        -0.5633674244300563,
                        0.36136568037314115,
                        -1.0529672748387002,
                        -0.7028254198236965,
                        0.6041553130937437,
                        0.7166931673883751,
                        0.14464745619063915,
                        0.6776511167401262
                    ],
                    [
                        0.1283443067466628,
                        -0.5627231731770298,
                        0.10888958860869727,
                        0.5890417641809416,
                        0.5141634658915449,
                        0.14464745619063915,
                        0.7813240092807022,
                        1.1058950636655414
                    ],
                    [
                        -0.5794335655889093,
                        -1.1270762707971602,
                        0.1272391468903641,
                        1.3335341365603421,
                        -0.6745524709748332,
                        0.6776511167401262,
                        1.1058950636655414,
                        3.2809950840491924
                    ]
                ]
            },
            "est_tgt": [
                1,
                2,
                3,
                5,
                6
            ],
            "oracle_est_tgt": [
                0
            ]
        },
        "1": {
            "intv_type": "do",
            "inode": 1,
            "new_mui": 1.0,
            "new_vari": null,
            "true_params": {
                "Si": [
                    [
                        1.0,
                        0.0,
                        0.6675044088664055,
                        -0.2731437127864609,
                        -0.0776755618260984,
                        0.40786607209897874,
                        -1.0107439677296353,
                        -0.4578616526890932
                    ],
                    [
                        0.0,
                        1e-09,
                        -5.781378250341844e-10,
                        -1.324252015767617e-09,
                        5.05328415938239e-10,
                        8.476188788183217e-10,
                        -1.5807699691248272e-09,
                        -9.943419595925382e-10
                    ],
                    [
                        0.6675044088664055,
                        -5.781378250341844e-10,
                        1.4455621361903328,
                        0.6097442624129057,
                        -0.29946017971856687,
                        -0.7005363895438964,
                        0.15168361311179468,
                        -0.21190824120753654
                    ],
                    [
                        -0.2731437127864609,
                        -1.324252015767617e-09,
                        0.6097442624129057,
                        1.701980622726094,
                        0.5194732107287559,
                        -2.168183856424175,
                        2.7966294311865414,
                        1.2053859228556758
                    ],
                    [
                        -0.0776755618260984,
                        5.05328415938239e-10,
                        -0.29946017971856687,
                        0.5194732107287559,
                        1.5495111316141688,
                        -1.5442730461814702,
                        2.4655864982287925,
                        0.48143058289531937
                    ],
                    [
                        0.40786607209897874,
                        8.476188788183217e-10,
                        -0.7005363895438964,
                        -2.168183856424175,
                        -1.5442730461814702,
                        4.5072732427126585,
                        -5.327982247713538,
                        -1.1125905783594638
                    ],
                    [
                        -1.0107439677296353,
                        -1.5807699691248272e-09,
                        0.15168361311179468,
                        2.7966294311865414,
                        2.4655864982287925,
                        -5.327982247713538,
                        8.222120964840974,
                        2.935007760779471
                    ],
                    [
                        -0.4578616526890932,
                        -9.943419595925382e-10,
                        -0.21190824120753654,
                        1.2053859228556758,
                        0.48143058289531937,
                        -1.1125905783594638,
                        2.935007760779471,
                        3.295155740458355
                    ]
                ],
                "mui": [
                    0.0,
                    1.0,
                    -0.5781378250341844,
                    -1.324252015767617,
                    0.505328415938239,
                    0.8476188788183217,
                    -1.5807699691248271,
                    -0.9943419595925381
                ],
                "Ai": [
                    [
                        0.0,
                        0.0,
                        0.0,
                        0.0,
                        0.0,
                        0.0,
                        0.0,
                        0.0
                    ],
                    [
                        0.0,
                        0.0,
                        0.0,
                        0.0,
                        0.0,
                        0.0,
                        0.0,
                        0.0
                    ],
                    [
                        0.6675044088664055,
                        -0.5781378250341844,
                        0.0,
                        0.0,
                        0.0,
                        0.0,
                        0.0,
                        0.0
                    ],
                    [
                        -0.8018531917818262,
                        -0.8663270280054559,
                        0.7920688941864074,
                        0.0,
                        0.0,
                        0.0,
                        0.0,
                        0.0
                    ],
                    [
                        0.6443984877504398,
                        0.9637367141432711,
                        -0.7976097089800286,
                        0.69438190739538,
                        0.0,
                        0.0,
                        0.0,
                        0.0
                    ],
                    [
                        0.5801949145077594,
                        -0.0,
                        -0.6401708840793667,
                        -0.6888795345794203,
                        -0.860308311049983,
                        0.0,
                        0.0,
                        0.0
                    ],
                    [
                        -0.5549595107073045,
                        -0.7354069040257124,
                        0.0,
                        0.5550380509357835,
                        0.7825791722532296,
                        -0.5967449680755312,
                        0.0,
                        0.0
                    ],
                    [
                        0.8212290904032012,
                        0.8668819486643973,
                        -0.7185747258766567,
                        0.8068867437139857,
                        -0.7642197621308746,
                        0.8414967074313473,
                        0.9711876518291394,
                        0.0
                    ]
                ]
            },
            "est_params": {
                "mui": [
                    0.3495035697832875,
                    1.0593644851269983,
                    -0.44423911607763833,
                    -1.620219074536617,
                    0.34853289566628354,
                    1.1902426641408688,
                    -2.5292995122103066,
                    -1.8576132007350967
                ],
                "Si": [
                    [
                        0.5617732018145754,
                        0.033865035680925644,
                        0.3930272287883431,
                        -0.15278914910144853,
                        0.12658009045805477,
                        0.16858706016447406,
                        -0.2508570882564619,
                        -0.4512640668019806
                    ],
                    [
                        0.03386503568092565,
                        0.13748382280361204,
                        -0.02078977403233851,
                        -0.12863299786420215,
                        0.03502719129211711,
                        0.024463948918845378,
                        -0.24496289434250673,
                        -0.21962759845913002
                    ],
                    [
                        0.3930272287883432,
                        -0.020789774032338507,
                        1.0512212396743055,
                        0.05000399157315522,
                        -0.6394195796141104,
                        0.2592364610917845,
                        -0.5342752831764277,
                        -0.4800717727204438
                    ],
                    [
                        -0.15278914910144853,
                        -0.12863299786420218,
                        0.05000399157315521,
                        0.881965226105342,
                        0.25772693417462905,
                        -0.6503816763409417,
                        1.0696108849159895,
                        0.7513851538663295
                    ],
                    [
                        0.12658009045805474,
                        0.03502719129211711,
                        -0.6394195796141104,
                        0.25772693417462905,
                        1.626856951179322,
                        -0.782929760191946,
                        1.520803098943028,
                        0.1384808175646774
                    ],
                    [
                        0.16858706016447406,
                        0.024463948918845378,
                        0.2592364610917845,
                        -0.6503816763409417,
                        -0.782929760191946,
                        1.2118276465691653,
                        -1.5434707498891163,
                        -0.29182508185526207
                    ],
                    [
                        -0.2508570882564619,
                        -0.2449628943425067,
                        -0.5342752831764278,
                        1.0696108849159895,
                        1.520803098943028,
                        -1.5434707498891165,
                        3.3324846638555057,
                        1.5411013973736638
                    ],
                    [
                        -0.4512640668019806,
                        -0.21962759845913002,
                        -0.4800717727204438,
                        0.7513851538663295,
                        0.13848081756467737,
                        -0.29182508185526207,
                        1.5411013973736638,
                        2.6671446551314593
                    ]
                ]
            },
            "est_tgt": [
                1,
                2,
                5,
                6,
                7
            ],
            "oracle_est_tgt": [
                1,
                7
            ]
        },
        "2": {
            "intv_type": "do",
            "inode": 2,
            "new_mui": 1.0,
            "new_vari": null,
            "true_params": {
                "Si": [
                    [
                        1.0,
                        0.6754684901388224,
                        0.0,
                        -1.387029801355125,
                        0.3322438718649384,
                        1.2498591942522315,
                        -2.3073980700838996,
                        -1.1554668779834363
                    ],
                    [
                        0.6754684901388224,
                        1.4562576811704204,
                        0.0,
                        -1.803221953704353,
                        0.5865951664951582,
                        1.1294533861424938,
                        -2.6615948791604014,
                        -1.7206424140370453
                    ],
                    [
                        0.0,
                        0.0,
                        1e-09,
                        7.920688941864075e-10,
                        -2.4761139944632166e-10,
                        -9.727887904069475e-10,
                        8.263596668925471e-10,
                        9.371643003842534e-11
                    ],
                    [
                        -1.387029801355125,
                        -1.803221953704353,
                        7.920688941864075e-10,
                        3.6743741899273767,
                        -0.08021214913771435,
                        -3.26694164080146,
                        6.02202337079529,
                        3.4232478536695163
                    ],
                    [
                        0.3322438718649384,
                        0.5865951664951582,
                        -2.4761139944632166e-10,
                        -0.08021214913771435,
                        1.7237228819674546,
                        -1.2349104083471079,
                        1.4255873715761924,
                        -0.2553283075091317
                    ],
                    [
                        1.2498591942522315,
                        1.1294533861424938,
                        -9.727887904069475e-10,
                        -3.26694164080146,
                        -1.2349104083471079,
                        5.038094873695243,
                        -7.310378915406989,
                        -2.5469949665923486
                    ],
                    [
                        -2.3073980700838996,
                        -2.6615948791604014,
                        8.263596668925471e-10,
                        6.02202337079529,
                        1.4255873715761924,
                        -7.310378915406989,
                        13.05838668596807,
                        6.097921926770844
                    ],
                    [
                        -1.1554668779834363,
                        -1.7206424140370453,
                        9.371643003842534e-11,
                        3.4232478536695163,
                        -0.2553283075091317,
                        -2.5469949665923486,
                        6.097921926770844,
                        5.295741988769762
                    ]
                ],
                "mui": [
                    0.0,
                    0.0,
                    1.0,
                    0.7920688941864074,
                    -0.24761139944632166,
                    -0.9727887904069474,
                    0.8263596668925471,
                    0.09371643003842534
                ],
                "Ai": [
                    [
                        0.0,
                        0.0,
                        0.0,
                        0.0,
                        0.0,
                        0.0,
                        0.0,
                        0.0
                    ],
                    [
                        0.6754684901388224,
                        0.0,
                        0.0,
                        0.0,
                        0.0,
                        0.0,
                        0.0,
                        0.0
                    ],
                    [
                        0.0,
                        0.0,
                        0.0,
                        0.0,
                        0.0,
                        0.0,
                        0.0,
                        0.0
                    ],
                    [
                        -0.8018531917818262,
                        -0.8663270280054559,
                        0.7920688941864074,
                        0.0,
                        0.0,
                        0.0,
                        0.0,
                        0.0
                    ],
                    [
                        0.6443984877504398,
                        0.9637367141432711,
                        -0.7976097089800286,
                        0.69438190739538,
                        0.0,
                        0.0,
                        0.0,
                        0.0
                    ],
                    [
                        0.5801949145077594,
                        -0.0,
                        -0.6401708840793667,
                        -0.6888795345794203,
                        -0.860308311049983,
                        0.0,
                        0.0,
                        0.0
                    ],
                    [
                        -0.5549595107073045,
                        -0.7354069040257124,
                        0.0,
                        0.5550380509357835,
                        0.7825791722532296,
                        -0.5967449680755312,
                        0.0,
                        0.0
                    ],
                    [
                        0.8212290904032012,
                        0.8668819486643973,
                        -0.7185747258766567,
                        0.8068867437139857,
                        -0.7642197621308746,
                        0.8414967074313473,
                        0.9711876518291394,
                        0.0
                    ]
                ]
            },
            "est_params": {
                "mui": [
                    0.08773912993512403,
                    0.01562984268439077,
                    1.0051820302003616,
                    0.7646405041987399,
                    -0.15012932147421784,
                    -0.9526658838793431,
                    0.57461003156761,
                    0.005959588832081814
                ],
                "Si": [
                    [
                        0.7948835097449216,
                        0.6157397635100506,
                        0.00022882951223190904,
                        -1.0861782636838893,
                        0.4096005198663624,
                        0.9490157254610808,
                        -1.7471063878313722,
                        -0.9322256170950434
                    ],
                    [
                        0.6157397635100507,
                        1.3632874395278978,
                        -0.004022843003126046,
                        -1.6452850448346499,
                        0.5320852657901562,
                        1.0542587376364223,
                        -2.5397914905728296,
                        -1.6598047622834788
                    ],
                    [
                        0.00022882951223190904,
                        -0.004022843003126045,
                        0.0008054802238266783,
                        0.006406517105147591,
                        0.0022898507610785513,
                        -0.0011154153541776731,
                        0.008287085631774603,
                        0.007716772025591416
                    ],
                    [
                        -1.0861782636838893,
                        -1.6452850448346499,
                        0.006406517105147592,
                        3.1306151332372707,
                        -0.051193148975783816,
                        -2.677891701640707,
                        5.215120191045563,
                        3.1560076767192875
                    ],
                    [
                        0.4096005198663623,
                        0.5320852657901562,
                        0.0022898507610785513,
                        -0.05119314897578385,
                        1.7779205279057546,
                        -1.2121005941029066,
                        1.7562387024919721,
                        0.11220444194483592
                    ],
                    [
                        0.9490157254610807,
                        1.0542587376364223,
                        -0.001115415354177673,
                        -2.677891701640707,
                        -1.2121005941029064,
                        4.538850160827699,
                        -6.721585921378015,
                        -2.611608871026162
                    ],
                    [
                        -1.747106387831372,
                        -2.5397914905728296,
                        0.008287085631774603,
                        5.215120191045563,
                        1.7562387024919721,
                        -6.721585921378015,
                        12.981551565306237,
                        6.418240493942665
                    ],
                    [
                        -0.9322256170950434,
                        -1.6598047622834788,
                        0.0077167720255914155,
                        3.1560076767192875,
                        0.11220444194483598,
                        -2.6116088710261622,
                        6.418240493942666,
                        5.137878678031915
                    ]
                ]
            },
            "est_tgt": [
                1,
                2,
                5,
                6
            ],
            "oracle_est_tgt": [
                1,
                2
            ]
        },
        "3": {
            "intv_type": "do",
            "inode": 3,
            "new_mui": 1.0,
            "new_vari": null,
            "true_params": {
                "Si": [
                    [
                        1.0,
                        0.6754684901388224,
                        0.27699052509842226,
                        0.0,
                        1.0744419388301671,
                        -0.5214776845423559,
                        0.10032136553097909,
                        0.04524149471389492
                    ],
                    [
                        0.6754684901388224,
                        1.4562576811704204,
                        -0.39103945326319356,
                        0.0,
                        2.1506167306825756,
                        -1.2079579918951726,
                        0.9580710986827399,
                        0.3685392794617631
                    ],
                    [
                        0.27699052509842226,
                        -0.39103945326319356,
                        1.410967095729557,
                        0.0,
                        -1.323767856898876,
                        0.39629693013977896,
                        -1.1385867652350348,
                        -0.8860469486462418
                    ],
                    [
                        0.0,
                        0.0,
                        0.0,
                        1e-09,
                        6.943819073953801e-10,
                        -1.2862620605544053e-09,
                        1.8660172815151844e-09,
                        1.0060940206732393e-09
                    ],
                    [
                        1.0744419388301671,
                        2.1506167306825756,
                        -1.323767856898876,
                        6.943819073953801e-10,
                        4.8208471575477745,
                        -2.6765914883084605,
                        3.1920869164265824,
                        0.861505728134691
                    ],
                    [
                        -0.5214776845423559,
                        -1.2079579918951726,
                        0.39629693013977896,
                        -1.2862620605544053e-09,
                        -2.6765914883084605,
                        2.7464374468372137,
                        -2.5558278309575666,
                        0.11425516812911954
                    ],
                    [
                        0.10032136553097909,
                        0.9580710986827399,
                        -1.1385867652350348,
                        1.8660172815151844e-09,
                        3.1920869164265824,
                        -2.5558278309575666,
                        4.262991738797169,
                        1.2810693670540139
                    ],
                    [
                        0.04524149471389492,
                        0.3685392794617631,
                        -0.8860469486462418,
                        1.0060940206732393e-09,
                        0.861505728134691,
                        0.11425516812911954,
                        1.2810693670540139,
                        2.675249019918304
                    ]
                ],
                "mui": [
                    0.0,
                    0.0,
                    0.0,
                    1.0,
                    0.69438190739538,
                    -1.2862620605544053,
                    1.8660172815151843,
                    1.0060940206732392
                ],
                "Ai": [
                    [
                        0.0,
                        0.0,
                        0.0,
                        0.0,
                        0.0,
                        0.0,
                        0.0,
                        0.0
                    ],
                    [
                        0.6754684901388224,
                        0.0,
                        0.0,
                        0.0,
                        0.0,
                        0.0,
                        0.0,
                        0.0
                    ],
                    [
                        0.6675044088664055,
                        -0.5781378250341844,
                        0.0,
                        0.0,
                        0.0,
                        0.0,
                        0.0,
                        0.0
                    ],
                    [
                        0.0,
                        0.0,
                        0.0,
                        0.0,
                        0.0,
                        0.0,
                        0.0,
                        0.0
                    ],
                    [
                        0.6443984877504398,
                        0.9637367141432711,
                        -0.7976097089800286,
                        0.69438190739538,
                        0.0,
                        0.0,
                        0.0,
                        0.0
                    ],
                    [
                        0.5801949145077594,
                        -0.0,
                        -0.6401708840793667,
                        -0.6888795345794203,
                        -0.860308311049983,
                        0.0,
                        0.0,
                        0.0
                    ],
                    [
                        -0.5549595107073045,
                        -0.7354069040257124,
                        0.0,
                        0.5550380509357835,
                        0.7825791722532296,
                        -0.5967449680755312,
                        0.0,
                        0.0
                    ],
                    [
                        0.8212290904032012,
                        0.8668819486643973,
                        -0.7185747258766567,
                        0.8068867437139857,
                        -0.7642197621308746,
                        0.8414967074313473,
                        0.9711876518291394,
                        0.0
                    ]
                ]
            },
            "est_params": {
                "mui": [
                    -0.1075335289559196,
                    -0.0178322297136344,
                    -0.12904104050117118,
                    0.9999988661560241,
                    0.5725539370593734,
                    -1.1154796677638497,
                    1.7185110865019322,
                    1.1837818250951242
                ],
                "Si": [
                    [
                        1.20959599686897,
                        0.7922553493260046,
                        0.24438666410656618,
                        -1.2698168042130907e-06,
                        1.2392156429728356,
                        -0.4313413330873309,
                        -0.23100943946714012,
                        -0.11917344247461949
                    ],
                    [
                        0.7922553493260045,
                        1.4572045232115975,
                        -0.5766099133093385,
                        -3.4549015911760047e-06,
                        2.192136641850534,
                        -0.971185482715735,
                        0.7606163689041513,
                        0.4878274664785399
                    ],
                    [
                        0.2443866641065662,
                        -0.5766099133093386,
                        1.6117355699500084,
                        2.662280406479166e-06,
                        -1.4868446480468707,
                        0.3196092401727966,
                        -1.056306691348542,
                        -0.906696618432449
                    ],
                    [
                        -1.2698168042130905e-06,
                        -3.4549015911760055e-06,
                        2.662280406479167e-06,
                        1.001717433468588e-06,
                        -5.254672602104137e-06,
                        3.871477530666442e-06,
                        -1.2397610859695225e-05,
                        -1.3252966535765544e-05
                    ],
                    [
                        1.2392156429728356,
                        2.192136641850534,
                        -1.4868446480468707,
                        -5.254672602104138e-06,
                        4.65499521554354,
