{
    "expt_args": {
        "save_dir": "all_expt_logs/expt_logs_11.05.24-main_plus_oracle_donoisepert-corr",
        "exp_name": "153",
        "num_nodes": 6,
        "obs_noise_mean": 0.0,
        "obs_noise_var": 1.0,
        "max_edge_strength": 1.0,
        "graph_sparsity_method": "adj_dense_prop",
        "adj_dense_prop": 0.8,
        "num_parents": null,
        "new_noise_mean": 1.0,
        "mix_samples": 2048,
        "stage2_samples": 2048,
        "gmm_tol": 0.001,
        "intv_type": "do",
        "new_noise_var": null,
        "intv_targets": [
            0,
            1,
            2,
            3,
            4,
            5
        ]
    },
    "intv_args_dict": {
        "0": {
            "intv_type": "do",
            "inode": 0,
            "new_mui": 1.0,
            "new_vari": null,
            "true_params": {
                "Si": [
                    [
                        1e-09,
                        -6.376485240426689e-10,
                        5.575066982072321e-10,
                        -7.997608324338714e-10,
                        -1.08555901331463e-09,
                        9.302960762854039e-10
                    ],
                    [
                        -6.376485240426689e-10,
                        1.0000000004065956,
                        -0.8743166139542506,
                        -0.15611154058822482,
                        1.6058318845963662,
                        -1.493422379936437
                    ],
                    [
                        5.575066982072321e-10,
                        -0.8743166139542506,
                        1.7644295411256126,
                        -0.4335409474405535,
                        -1.6472846228256952,
                        1.135555793614131
                    ],
                    [
                        -7.997608324338714e-10,
                        -0.15611154058822482,
                        -0.4335409474405535,
                        1.349307136403312,
                        -0.8427523299758498,
                        0.2723627296872357
                    ],
                    [
                        -1.08555901331463e-09,
                        1.6058318845963662,
                        -1.6472846228256952,
                        -0.8427523299758498,
                        4.171862152368263,
                        -3.2568618472948296
                    ],
                    [
                        9.302960762854039e-10,
                        -1.493422379936437,
                        1.135555793614131,
                        0.2723627296872357,
                        -3.2568618472948296,
                        4.150528574611672
                    ]
                ],
                "mui": [
                    1.0,
                    -0.6376485240426689,
                    0.5575066982072321,
                    -0.7997608324338714,
                    -1.08555901331463,
                    0.9302960762854039
                ],
                "Ai": [
                    [
                        0.0,
                        0.0,
                        0.0,
                        0.0,
                        0.0,
                        0.0
                    ],
                    [
                        -0.6376485240426689,
                        0.0,
                        0.0,
                        0.0,
                        0.0,
                        0.0
                    ],
                    [
                        -0.0,
                        -0.8743166135987573,
                        0.0,
                        0.0,
                        0.0,
                        0.0
                    ],
                    [
                        -0.8993051262011594,
                        -0.6544998674085603,
                        -0.5700318609513352,
                        0.0,
                        0.0,
                        0.0
                    ],
                    [
                        -0.7187611754203688,
                        0.9148594751694803,
                        -0.6598243774048876,
                        -0.7307402944691879,
                        0.0,
                        0.0
                    ],
                    [
                        -0.751229563350859,
                        -0.817950834757876,
                        -0.8248542422776213,
                        -0.7463529974503512,
                        -0.9422964160871247,
                        0.0
                    ]
                ]
            },
            "est_params": {
                "mui": [
                    1.0000035622440058,
                    -0.6278001470824082,
                    0.550558676096839,
                    -0.7015817815601042,
                    -1.182712467024026,
                    0.9813769921556602
                ],
                "Si": [
                    [
                        1.0079172565346248e-06,
                        9.574669513555732e-07,
                        -3.1276162832919526e-06,
                        3.05325453229976e-06,
                        1.626639926861016e-06,
                        -3.35457960663895e-06
                    ],
                    [
                        9.574669513555726e-07,
                        1.1224278977207711,
                        -1.0228315525284017,
                        -0.28009302631618366,
                        1.9966818478409303,
                        -1.7862067277603833
                    ],
                    [
                        -3.1276162832919526e-06,
                        -1.0228315525284017,
                        1.9725598928885046,
                        -0.29804307940915653,
                        -2.136612656310976,
                        1.4230141396090117
                    ],
                    [
                        3.053254532299761e-06,
                        -0.2800930263161837,
                        -0.29804307940915653,
                        1.2959408827687569,
                        -0.9070240500376806,
                        0.37158768317864876
                    ],
                    [
                        1.626639926861016e-06,
                        1.9966818478409303,
                        -2.136612656310976,
                        -0.9070240500376806,
                        5.0819618056615035,
                        -3.9774194843643067
                    ],
                    [
                        -3.35457960663895e-06,
                        -1.7862067277603833,
                        1.4230141396090117,
                        0.3715876831786487,
                        -3.9774194843643067,
                        4.737928159727304
                    ]
                ]
            },
            "est_tgt": [
                0
            ],
            "oracle_est_tgt": [
                0
            ]
        },
        "1": {
            "intv_type": "do",
            "inode": 1,
            "new_mui": 1.0,
            "new_vari": null,
            "true_params": {
                "Si": [
                    [
                        1.0,
                        0.0,
                        0.0,
                        -0.8993051262011594,
                        -0.06160268268248337,
                        -0.021982499675100818
                    ],
                    [
                        0.0,
                        1e-09,
                        -8.743166135987574e-10,
                        -1.5611154109819114e-10,
                        1.605831883904161e-09,
                        -1.4934223793432352e-09
                    ],
                    [
                        0.0,
                        -8.743166135987574e-10,
                        1.0000000007644296,
                        -0.5700318608148442,
                        -0.24327912888049533,
                        -0.17016820297876734
                    ],
                    [
                        -0.8993051262011594,
                        -1.5611154109819114e-10,
                        -0.5700318608148442,
                        2.1336860325356963,
                        -0.5366638326297355,
                        0.05899123615912416
                    ],
                    [
                        -0.06160268268248337,
                        1.605831883904161e-09,
                        -0.24327912888049533,
                        -0.5366638326297355,
                        1.5969610049190124,
                        -0.8573223948456891
                    ],
                    [
                        -0.021982499675100818,
                        -1.4934223793432352e-09,
                        -0.17016820297876734,
                        0.05899123615912416,
                        -0.8573223948456891,
                        1.9207014031452878
                    ]
                ],
                "mui": [
                    0.0,
                    1.0,
                    -0.8743166135987573,
                    -0.15611154109819114,
                    1.605831883904161,
                    -1.493422379343235
                ],
                "Ai": [
                    [
                        0.0,
                        0.0,
                        0.0,
                        0.0,
                        0.0,
                        0.0
                    ],
                    [
                        0.0,
                        0.0,
                        0.0,
                        0.0,
                        0.0,
                        0.0
                    ],
                    [
                        -0.0,
                        -0.8743166135987573,
                        0.0,
                        0.0,
                        0.0,
                        0.0
                    ],
                    [
                        -0.8993051262011594,
                        -0.6544998674085603,
                        -0.5700318609513352,
                        0.0,
                        0.0,
                        0.0
                    ],
                    [
                        -0.7187611754203688,
                        0.9148594751694803,
                        -0.6598243774048876,
                        -0.7307402944691879,
                        0.0,
                        0.0
                    ],
                    [
                        -0.751229563350859,
                        -0.817950834757876,
                        -0.8248542422776213,
                        -0.7463529974503512,
                        -0.9422964160871247,
                        0.0
                    ]
                ]
            },
            "est_params": {
                "mui": [
                    0.0028996578418686286,
                    0.9999998328474161,
                    -0.8996850038851373,
                    -0.14506866949625086,
                    1.6146377132626257,
                    -1.4347564046212562
                ],
                "Si": [
                    [
                        1.0141091404203537,
                        -6.524341904052769e-06,
                        -0.009186797479544066,
                        -0.9403560161034289,
                        -0.20438467577374786,
                        0.2290949861994751
                    ],
                    [
                        -6.52434190405277e-06,
                        1.0052568385252606e-06,
                        -5.245269390686608e-06,
                        1.5396211480889742e-05,
                        -8.05125651719749e-06,
                        5.847735003957256e-06
                    ],
                    [
                        -0.009186797479544075,
                        -5.245269390686607e-06,
                        1.0132563363929081,
                        -0.5797983805163868,
                        -0.21947680206104836,
                        -0.2504938429650483
                    ],
                    [
                        -0.9403560161034289,
                        1.539621148088974e-05,
                        -0.5797983805163868,
                        2.2217289873574884,
                        -0.5460657661817623,
                        0.02174563726183501
                    ],
                    [
                        -0.20438467577374786,
                        -8.05125651719749e-06,
                        -0.21947680206104841,
                        -0.5460657661817623,
                        1.919918319463742,
                        -1.0424745698409497
                    ],
                    [
                        0.2290949861994751,
                        5.847735003957256e-06,
                        -0.25049384296504823,
                        0.021745637261835003,
                        -1.0424745698409499,
                        2.0464470094332605
                    ]
                ]
            },
            "est_tgt": [
                1
            ],
            "oracle_est_tgt": [
                1
            ]
        },
        "2": {
            "intv_type": "do",
            "inode": 2,
            "new_mui": 1.0,
            "new_vari": null,
            "true_params": {
                "Si": [
                    [
                        1.0,
                        -0.6376485240426689,
                        0.0,
                        -0.4819642517619685,
                        -0.9499292702124759,
                        1.0251659899959042
                    ],
                    [
                        -0.6376485240426689,
                        1.4065956402137942,
                        0.0,
                        -0.3471760736312117,
                        1.9988498981055711,
                        -2.295898847875063
                    ],
                    [
                        0.0,
                        0.0,
                        1e-09,
                        -5.700318609513352e-10,
                        -2.432791274764898e-10,
                        -1.7016820428449134e-10
                    ],
                    [
                        -0.4819642517619685,
                        -0.3471760736312117,
                        -5.700318609513352e-10,
                        1.6606596167392333,
                        -1.1847110253796154,
                        0.5229494247227078
                    ],
                    [
                        -0.9499292702124759,
                        1.9988498981055711,
                        -2.432791274764898e-10,
                        -1.1847110253796154,
                        4.377155131254879,
                        -4.161710959568844
                    ],
                    [
                        1.0251659899959042,
                        -2.295898847875063,
                        -1.7016820428449134e-10,
                        0.5229494247227078,
                        -4.161710959568844,
                        5.639057831588144
                    ]
                ],
                "mui": [
                    0.0,
                    0.0,
                    1.0,
                    -0.5700318609513352,
                    -0.24327912747648983,
                    -0.17016820428449134
                ],
                "Ai": [
                    [
                        0.0,
                        0.0,
                        0.0,
                        0.0,
                        0.0,
                        0.0
                    ],
                    [
                        -0.6376485240426689,
                        0.0,
                        0.0,
                        0.0,
                        0.0,
                        0.0
                    ],
                    [
                        0.0,
                        0.0,
                        0.0,
                        0.0,
                        0.0,
                        0.0
                    ],
                    [
                        -0.8993051262011594,
                        -0.6544998674085603,
                        -0.5700318609513352,
                        0.0,
                        0.0,
                        0.0
                    ],
                    [
                        -0.7187611754203688,
                        0.9148594751694803,
                        -0.6598243774048876,
                        -0.7307402944691879,
                        0.0,
                        0.0
                    ],
                    [
                        -0.751229563350859,
                        -0.817950834757876,
                        -0.8248542422776213,
                        -0.7463529974503512,
                        -0.9422964160871247,
                        0.0
                    ]
                ]
            },
            "est_params": {
                "mui": [
                    0.030908056832495905,
                    0.011517035536748179,
                    1.0000093876253346,
                    -0.5829656210171058,
                    -0.28643996730803073,
                    -0.18446060825853564
                ],
                "Si": [
                    [
                        1.0996928908380879,
                        -0.7141436741984092,
                        -4.274545624757207e-06,
                        -0.5322817101511588,
                        -1.0771813127428354,
                        1.2589055816180608
                    ],
                    [
                        -0.7141436741984092,
                        1.3878107033642895,
                        -2.696921854266742e-06,
                        -0.21923024391178694,
                        1.9495623956755133,
                        -2.343077908341744
                    ],
                    [
                        -4.274545624757207e-06,
                        -2.6969218542667415e-06,
                        1.031599381154044e-06,
                        6.485897289241113e-06,
                        -5.968624417690971e-06,
                        1.354595928463997e-06
                    ],
                    [
                        -0.5322817101511587,
                        -0.21923024391178692,
                        6.485897289241113e-06,
                        1.6479699219902517,
                        -0.9732576260993678,
                        0.2584126087422297
                    ],
                    [
                        -1.0771813127428354,
                        1.9495623956755133,
                        -5.968624417690972e-06,
                        -0.9732576260993678,
                        4.191202435999195,
                        -4.136603124092483
                    ],
                    [
                        1.2589055816180608,
                        -2.343077908341744,
                        1.3545959284639955e-06,
                        0.2584126087422297,
                        -4.136603124092483,
                        5.68139871378027
                    ]
                ]
            },
            "est_tgt": [
                2,
                3
            ],
            "oracle_est_tgt": [
                2
            ]
        },
        "3": {
            "intv_type": "do",
            "inode": 3,
            "new_mui": 1.0,
            "new_vari": null,
            "true_params": {
                "Si": [
                    [
                        1.0,
                        -0.6376485240426689,
                        0.5575066982072321,
                        0.0,
                        -1.66997647951228,
                        0.8840866656517596
                    ],
                    [
                        -0.6376485240426689,
                        1.4065956402137942,
                        -1.2298099368545006,
                        0.0,
                        2.5566129277390077,
                        -2.0661789113126376
                    ],
                    [
                        0.5575066982072321,
                        -1.2298099368545006,
                        2.075243259360729,
                        0.0,
                        -2.8951135346684613,
                        1.6033904526259555
                    ],
                    [
                        0.0,
                        0.0,
                        0.0,
                        1e-09,
                        -7.307402944691879e-10,
                        -5.777903688158537e-11
                    ],
                    [
                        -1.66997647951228,
                        2.5566129277390077,
                        -2.8951135346684613,
                        -7.307402944691879e-10,
                        6.449522304684496,
                        -4.525963048572827
                    ],
                    [
                        0.8840866656517596,
                        -2.0661789113126376,
                        1.6033904526259555,
                        -5.777903688158537e-11,
                        -4.525963048572827,
                        4.968116068645503
                    ]
                ],
                "mui": [
                    0.0,
                    0.0,
                    0.0,
                    1.0,
                    -0.7307402944691879,
                    -0.057779036881585366
                ],
                "Ai": [
                    [
                        0.0,
                        0.0,
                        0.0,
                        0.0,
                        0.0,
                        0.0
                    ],
                    [
                        -0.6376485240426689,
                        0.0,
                        0.0,
                        0.0,
                        0.0,
                        0.0
                    ],
                    [
                        -0.0,
                        -0.8743166135987573,
                        0.0,
                        0.0,
                        0.0,
                        0.0
                    ],
                    [
                        0.0,
                        0.0,
                        0.0,
                        0.0,
                        0.0,
                        0.0
                    ],
                    [
                        -0.7187611754203688,
                        0.9148594751694803,
                        -0.6598243774048876,
                        -0.7307402944691879,
                        0.0,
                        0.0
                    ],
                    [
                        -0.751229563350859,
                        -0.817950834757876,
                        -0.8248542422776213,
                        -0.7463529974503512,
                        -0.9422964160871247,
                        0.0
                    ]
                ]
            },
            "est_params": {
                "mui": [
                    0.04561443579745916,
                    -0.22562700483221,
                    0.21732309074648704,
                    0.9999890994741596,
                    -1.2159369060605627,
                    0.3522773491425116
                ],
                "Si": [
                    [
                        0.9802725253029163,
                        -0.6338561477711552,
                        0.5155346969376469,
                        9.57538179789296e-06,
                        -1.6639309482442701,
                        0.9345589792095711
                    ],
                    [
                        -0.6338561477711552,
                        1.3021833917047914,
                        -1.0148158486778402,
                        -1.8877166928468907e-05,
                        2.343975272421905,
                        -2.024934803465387
                    ],
                    [
                        0.5155346969376469,
                        -1.0148158486778402,
                        1.7682823036577433,
                        1.7994908851924598e-05,
                        -2.3728414583740327,
                        1.2922920745594615
                    ],
                    [
                        9.575381797892962e-06,
                        -1.8877166928468907e-05,
                        1.7994908851924598e-05,
                        1.0296337134048435e-06,
                        -3.896265770907038e-05,
                        3.3353323990485527e-05
                    ],
                    [
                        -1.66393094824427,
                        2.343975272421905,
                        -2.3728414583740327,
                        -3.896265770907038e-05,
                        5.799409639934913,
                        -4.271732517502932
                    ],
                    [
                        0.9345589792095711,
                        -2.024934803465387,
                        1.2922920745594615,
                        3.335332399048552e-05,
                        -4.271732517502932,
                        4.86393471165825
                    ]
                ]
            },
            "est_tgt": [
                2,
                3
            ],
            "oracle_est_tgt": [
                3
            ]
        },
        "4": {
            "intv_type": "do",
            "inode": 4,
            "new_mui": 1.0,
            "new_vari": null,
            "true_params": {
                "Si": [
                    [
                        1.0,
                        -0.6376485240426689,
                        0.5575066982072321,
                        -0.7997608324338714,
                        0.0,
                        -0.0926222914120473
                    ],
                    [
                        -0.6376485240426689,
                        1.4065956402137942,
                        -1.2298099368545006,
                        0.35385477329040327,
                        0.0,
                        0.07880771711043336
                    ],
                    [
                        0.5575066982072321,
                        -1.2298099368545006,
                        2.075243259360729,
                        -0.8794129680403566,
                        0.0,
                        -0.46831215056383335
                    ],
                    [
                        -0.7997608324338714,
                        0.35385477329040327,
                        -0.8794129680403566,
                        1.9889245248590135,
                        0.0,
                        -0.4476840896905256
                    ],
                    [
                        0.0,
                        0.0,
                        0.0,
                        0.0,
                        1e-09,
                        -9.422964160871248e-10
                    ],
                    [
                        -0.0926222914120473,
                        0.07880771711043336,
                        -0.46831215056383335,
                        -0.4476840896905256,
                        -9.422964160871248e-10,
                        1.725539392780199
                    ]
                ],
                "mui": [
                    0.0,
                    0.0,
                    0.0,
                    0.0,
                    1.0,
                    -0.9422964160871247
                ],
                "Ai": [
                    [
                        0.0,
                        0.0,
                        0.0,
                        0.0,
                        0.0,
                        0.0
                    ],
                    [
                        -0.6376485240426689,
                        0.0,
                        0.0,
                        0.0,
                        0.0,
                        0.0
                    ],
                    [
                        -0.0,
                        -0.8743166135987573,
                        0.0,
                        0.0,
                        0.0,
                        0.0
                    ],
                    [
                        -0.8993051262011594,
                        -0.6544998674085603,
                        -0.5700318609513352,
                        0.0,
                        0.0,
                        0.0
                    ],
                    [
                        0.0,
                        0.0,
                        0.0,
                        0.0,
                        0.0,
                        0.0
                    ],
                    [
                        -0.751229563350859,
                        -0.817950834757876,
                        -0.8248542422776213,
                        -0.7463529974503512,
                        -0.9422964160871247,
                        0.0
                    ]
                ]
            },
            "est_params": {
                "mui": [
                    -0.06726925985874703,
                    0.14228474323289655,
                    -0.08615732986637126,
                    0.0033192449605850423,
                    1.0000019359793209,
                    -0.9993645890637152
                ],
                "Si": [
                    [
                        1.1455142399774543,
                        -0.8278616079180265,
                        0.657960695820555,
                        -0.8586896827522029,
                        -1.0325357201597725e-06,
                        -0.1368950673600584
                    ],
                    [
                        -0.8278616079180265,
                        1.6880713433158454,
                        -1.5062181766225144,
                        0.5743493519553592,
                        5.174748607895044e-06,
                        0.12136293358505815
                    ],
                    [
                        0.657960695820555,
                        -1.5062181766225144,
                        2.3958358612380524,
                        -1.0640778938220754,
                        -4.00747579757396e-06,
                        -0.5376979258344154
                    ],
                    [
                        -0.8586896827522031,
                        0.5743493519553591,
                        -1.0640778938220754,
                        1.9390624071682807,
                        -2.5859753358733417e-06,
                        -0.32544962930984084
                    ],
                    [
                        -1.032535720159773e-06,
                        5.174748607895045e-06,
                        -4.007475797573958e-06,
                        -2.5859753358733425e-06,
                        1.0015826800577208e-06,
                        1.9111712085312424e-07
                    ],
                    [
                        -0.13689506736005838,
                        0.12136293358505817,
                        -0.5376979258344154,
                        -0.32544962930984084,
                        1.911171208531246e-07,
                        1.7571606830153363
                    ]
                ]
            },
            "est_tgt": [
                2,
                4,
                5
            ],
            "oracle_est_tgt": [
                4,
                5
            ]
        },
        "5": {
            "intv_type": "do",
            "inode": 5,
            "new_mui": 1.0,
            "new_vari": null,
            "true_params": {
                "Si": [
                    [
                        1.0,
                        -0.6376485240426689,
                        0.5575066982072321,
                        -0.7997608324338714,
                        -1.08555901331463,
                        0.0
                    ],
                    [
                        -0.6376485240426689,
                        1.4065956402137942,
                        -1.2298099368545006,
                        0.35385477329040327,
                        2.298036986505451,
                        0.0
                    ],
                    [
                        0.5575066982072321,
                        -1.2298099368545006,
                        2.075243259360729,
                        -0.8794129680403566,
                        -2.252491043442629,
                        0.0
                    ],
                    [
                        -0.7997608324338714,
                        0.35385477329040327,
                        -0.8794129680403566,
                        1.9889245248590135,
                        0.02543524930056318,
                        0.0
                    ],
                    [
                        -1.08555901331463,
                        2.298036986505451,
                        -2.252491043442629,
                        0.02543524930056318,
                        5.350300522578458,
                        0.0
                    ],
                    [
                        0.0,
                        0.0,
                        0.0,
                        0.0,
                        0.0,
                        1e-09
                    ]
                ],
                "mui": [
                    0.0,
                    0.0,
                    0.0,
                    0.0,
                    0.0,
                    1.0
                ],
                "Ai": [
                    [
                        0.0,
                        0.0,
                        0.0,
                        0.0,
                        0.0,
                        0.0
                    ],
                    [
                        -0.6376485240426689,
                        0.0,
                        0.0,
                        0.0,
                        0.0,
                        0.0
                    ],
                    [
                        -0.0,
                        -0.8743166135987573,
                        0.0,
                        0.0,
                        0.0,
                        0.0
                    ],
                    [
                        -0.8993051262011594,
                        -0.6544998674085603,
                        -0.5700318609513352,
                        0.0,
                        0.0,
                        0.0
                    ],
                    [
                        -0.7187611754203688,
                        0.9148594751694803,
                        -0.6598243774048876,
                        -0.7307402944691879,
                        0.0,
                        0.0
                    ],
                    [
                        0.0,
                        0.0,
                        0.0,
                        0.0,
                        0.0,
                        0.0
                    ]
                ]
            },
            "est_params": {
                "mui": [
                    -0.012371827796496909,
                    0.023863928504150936,
                    0.03753648183168046,
                    0.03297341310641311,
                    -0.04154325989962996,
                    1.0000022349290987
                ],
                "Si": [
                    [
                        0.9795809553305699,
                        -0.6763208784095643,
                        0.5950028026616008,
                        -0.7279463838136703,
                        -1.1276640286746806,
                        -2.569223083636342e-06
                    ],
                    [
                        -0.6763208784095643,
                        1.4422810643030608,
                        -1.3761601660579414,
                        0.39754166736661994,
                        2.3218480540379427,
                        1.8621077621068087e-06
                    ],
                    [
                        0.5950028026616008,
                        -1.3761601660579414,
                        2.4094170214250346,
                        -0.8691440404057635,
                        -2.5435724304540894,
                        -5.496079138128524e-06
                    ],
                    [
                        -0.7279463838136703,
                        0.39754166736661994,
                        -0.8691440404057637,
                        1.6535438428244262,
                        0.21762396957430133,
                        5.864107064833452e-06
                    ],
                    [
                        -1.1276640286746806,
                        2.3218480540379427,
                        -2.54357243045409,
                        0.21762396957430127,
                        5.275111622964112,
                        2.261210787506064e-06
                    ],
                    [
                        -2.569223083636341e-06,
                        1.8621077621068084e-06,
                        -5.496079138128525e-06,
                        5.864107064833452e-06,
                        2.261210787506064e-06,
                        1.0017885600899245e-06
                    ]
                ]
            },
            "est_tgt": [
                4,
                5
            ],
            "oracle_est_tgt": [
                4,
                5
            ]
        },
        "obs": {
            "intv_type": "obs",
            "true_params": {
                "Si": [
                    [
                        1.0,
                        -0.6376485240426689,
                        0.5575066982072321,
                        -0.7997608324338714,
                        -1.08555901331463,
                        0.9302960762854039
                    ],
                    [
                        -0.6376485240426689,
                        1.4065956402137942,
                        -1.2298099368545006,
                        0.35385477329040327,
                        2.298036986505451,
                        -2.086624299309309
                    ],
                    [
                        0.5575066982072321,
                        -1.2298099368545006,
                        2.075243259360729,
                        -0.8794129680403566,
                        -2.252491043442629,
                        1.6542020869405034
                    ],
                    [
                        -0.7997608324338714,
                        0.35385477329040327,
                        -0.8794129680403566,
                        1.9889245248590135,
                        0.02543524930056318,
                        -0.47165163394872894
                    ],
                    [
                        -1.08555901331463,
                        2.298036986505451,
                        -2.252491043442629,
                        0.02543524930056318,
                        5.350300522578458,
                        -4.266753136947793
                    ],
                    [
                        0.9302960762854039,
                        -2.086624299309309,
                        1.6542020869405034,
                        -0.47165163394872894,
                        -4.266753136947793,
                        5.015979363298239
                    ]
                ],
                "mui": [
                    0.0,
                    0.0,
                    0.0,
                    0.0,
                    0.0,
                    0.0
                ],
                "Ai": [
