{
    "expt_args": {
        "save_dir": "all_expt_logs/expt_logs_11.05.24-main_plus_oracle_donoisepert-corr",
        "exp_name": "96",
        "num_nodes": 4,
        "obs_noise_mean": 0.0,
        "obs_noise_var": 1.0,
        "max_edge_strength": 1.0,
        "graph_sparsity_method": "adj_dense_prop",
        "adj_dense_prop": 0.8,
        "num_parents": null,
        "new_noise_mean": 1.0,
        "mix_samples": 1024,
        "stage2_samples": 1024,
        "gmm_tol": 0.001,
        "intv_type": "do",
        "new_noise_var": null,
        "intv_targets": [
            0,
            1,
            2,
            3
        ]
    },
    "intv_args_dict": {
        "0": {
            "intv_type": "do",
            "inode": 0,
            "new_mui": 1.0,
            "new_vari": null,
            "true_params": {
                "Si": [
                    [
                        1e-09,
                        -5.897708163941211e-10,
                        -2.2247685262218011e-10,
                        -1.4332520091097184e-09
                    ],
                    [
                        -5.897708163941211e-10,
                        1.0000000003478295,
                        -0.5268843138406207,
                        0.5912302514656577
                    ],
                    [
                        -2.2247685262218011e-10,
                        -0.5268843138406207,
                        1.2776070803590631,
                        0.2715313857883661
                    ],
                    [
                        -1.4332520091097184e-09,
                        0.5912302514656577,
                        0.2715313857883661,
                        1.6894904043355714
                    ]
                ],
                "mui": [
                    1.0,
                    -0.5897708163941211,
                    -0.2224768526221801,
                    -1.4332520091097183
                ],
                "Ai": [
                    [
                        0.0,
                        0.0,
                        0.0,
                        0.0
                    ],
                    [
                        -0.5897708163941211,
                        0.0,
                        0.0,
                        0.0
                    ],
                    [
                        -0.5332178446186033,
                        -0.5268843139718311,
                        0.0,
                        0.0
                    ],
                    [
                        -0.7736736199692633,
                        0.8984255820407001,
                        0.5830413304670068,
                        0.0
                    ]
                ]
            },
            "est_params": {
                "mui": [
                    1.0000004406254779,
                    -0.5710929255087474,
                    -0.21247367662747418,
                    -1.334286874836972
                ],
                "Si": [
                    [
                        1.0025854555252608e-06,
                        1.0622560247414477e-06,
                        -2.0210742813988117e-06,
                        -3.183509723745748e-06
                    ],
                    [
                        1.062256024741448e-06,
                        0.8395290732681361,
                        -0.5175493410225837,
                        0.5168616202616264
                    ],
                    [
                        -2.0210742813988117e-06,
                        -0.5175493410225835,
                        1.3191400400027327,
                        0.2631237195358736
                    ],
                    [
                        -3.1835097237457463e-06,
                        0.5168616202616264,
                        0.2631237195358736,
                        1.5658876442499032
                    ]
                ]
            },
            "est_tgt": [
                0
            ],
            "oracle_est_tgt": [
                0
            ]
        },
        "1": {
            "intv_type": "do",
            "inode": 1,
            "new_mui": 1.0,
            "new_vari": null,
            "true_params": {
                "Si": [
                    [
                        1.0,
                        0.0,
                        -0.5332178446186033,
                        -1.0845616615244436
                    ],
                    [
                        0.0,
                        1e-09,
                        -5.268843139718312e-10,
                        5.912302506203675e-10
                    ],
                    [
                        -0.5332178446186033,
                        -5.268843139718312e-10,
                        1.2843212700973161,
                        1.1613489616695318
                    ],
                    [
                        -1.0845616615244436,
                        5.912302506203675e-10,
                        1.1613489616695318,
                        2.516211191030952
                    ]
                ],
                "mui": [
                    0.0,
                    1.0,
                    -0.5268843139718311,
                    0.5912302506203675
                ],
                "Ai": [
                    [
                        0.0,
                        0.0,
                        0.0,
                        0.0
                    ],
                    [
                        0.0,
                        0.0,
                        0.0,
                        0.0
                    ],
                    [
                        -0.5332178446186033,
                        -0.5268843139718311,
                        0.0,
                        0.0
                    ],
                    [
                        -0.7736736199692633,
                        0.8984255820407001,
                        0.5830413304670068,
                        0.0
                    ]
                ]
            },
            "est_params": {
                "mui": [
                    0.04169309777253322,
                    0.9999988852674686,
                    -0.49354394633860466,
                    0.6816427196716346
                ],
                "Si": [
                    [
                        0.8510799659005165,
                        2.3584638866373127e-06,
                        -0.4739640960444841,
                        -0.9044390298613394
                    ],
                    [
                        2.3584638866373127e-06,
                        1.0009780692929432e-06,
                        2.4674699615872385e-06,
                        -2.7679218796012702e-06
                    ],
                    [
                        -0.4739640960444841,
                        2.4674699615872385e-06,
                        1.197955090601789,
                        1.0473009537322713
                    ],
                    [
                        -0.9044390298613394,
                        -2.76792187960127e-06,
                        1.0473009537322713,
                        2.2525904205873317
                    ]
                ]
            },
            "est_tgt": [
                1,
                2,
                3
            ],
            "oracle_est_tgt": [
                1,
                2,
                3
            ]
        },
        "2": {
            "intv_type": "do",
            "inode": 2,
            "new_mui": 1.0,
            "new_vari": null,
            "true_params": {
                "Si": [
                    [
                        1.0,
                        -0.5897708163941211,
                        0.0,
                        -1.3035388089587703
                    ],
                    [
                        -0.5897708163941211,
                        1.3478296158701881,
                        0.0,
                        1.6672147296017343
                    ],
                    [
                        0.0,
                        0.0,
                        1e-09,
                        5.830413304670069e-10
                    ],
                    [
                        -1.3035388089587703,
                        1.6672147296017343,
                        5.830413304670069e-10,
                        3.5063819532667577
                    ]
                ],
                "mui": [
                    0.0,
                    0.0,
                    1.0,
                    0.5830413304670068
                ],
                "Ai": [
                    [
                        0.0,
                        0.0,
                        0.0,
                        0.0
                    ],
                    [
                        -0.5897708163941211,
                        0.0,
                        0.0,
                        0.0
                    ],
                    [
                        0.0,
                        0.0,
                        0.0,
                        0.0
                    ],
                    [
                        -0.7736736199692633,
                        0.8984255820407001,
                        0.5830413304670068,
                        0.0
                    ]
                ]
            },
            "est_params": {
                "mui": [
                    0.049570462883090506,
                    -0.05328042648524667,
                    0.9999982464826036,
                    0.5835430995708536
                ],
                "Si": [
                    [
                        0.9862026153013401,
                        -0.6054549873365008,
                        -5.0682301689145425e-06,
                        -1.369026210733722
                    ],
                    [
                        -0.6054549873365009,
                        1.288079403798463,
                        1.380038934984883e-06,
                        1.6966939295632961
                    ],
                    [
                        -5.068230168914543e-06,
                        1.380038934984883e-06,
                        1.0010399435188341e-06,
                        7.024153749246195e-07
                    ],
                    [
                        -1.369026210733722,
                        1.6966939295632966,
                        7.02415374924619e-07,
                        3.7449639465409286
                    ]
                ]
            },
            "est_tgt": [
                2,
                3
            ],
            "oracle_est_tgt": [
                1,
                2,
                3
            ]
        },
        "3": {
            "intv_type": "do",
            "inode": 3,
            "new_mui": 1.0,
            "new_vari": null,
            "true_params": {
                "Si": [
                    [
                        1.0,
                        -0.5897708163941211,
                        -0.2224768526221801,
                        0.0
                    ],
                    [
                        -0.5897708163941211,
                        1.3478296158701881,
                        -0.3956739589720534,
                        0.0
                    ],
                    [
                        -0.2224768526221801,
                        -0.3956739589720534,
                        1.3271030302622384,
                        0.0
                    ],
                    [
                        0.0,
                        0.0,
                        0.0,
                        1e-09
                    ]
                ],
                "mui": [
                    0.0,
                    0.0,
                    0.0,
                    1.0
                ],
                "Ai": [
                    [
                        0.0,
                        0.0,
                        0.0,
                        0.0
                    ],
                    [
                        -0.5897708163941211,
                        0.0,
                        0.0,
                        0.0
                    ],
                    [
                        -0.5332178446186033,
                        -0.5268843139718311,
                        0.0,
                        0.0
                    ],
                    [
                        0.0,
                        0.0,
                        0.0,
                        0.0
                    ]
                ]
            },
            "est_params": {
                "mui": [
                    0.016775914237149768,
                    -0.013944434501767165,
                    -0.058023877908685,
                    0.999986892022696
                ],
                "Si": [
                    [
                        1.0150549652312066,
                        -0.621729032848715,
                        -0.26185088637354526,
                        -8.032830313647114e-06
                    ],
                    [
                        -0.6217290328487148,
                        1.5203493105736008,
                        -0.5516453396112334,
                        -2.0774144207220698e-06
                    ],
                    [
                        -0.2618508863735453,
                        -0.5516453396112334,
                        1.7591681373201307,
                        -6.242189920378827e-06
                    ],
                    [
                        -8.032830313647114e-06,
                        -2.07741442072207e-06,
                        -6.2421899203788296e-06,
                        1.049808507721516e-06
                    ]
                ]
            },
            "est_tgt": [
                1,
                3
            ],
            "oracle_est_tgt": [
                1,
                3
            ]
        },
        "obs": {
            "intv_type": "obs",
            "true_params": {
                "Si": [
                    [
                        1.0,
                        -0.5897708163941211,
                        -0.2224768526221801,
                        -1.4332520091097183
                    ],
                    [
                        -0.5897708163941211,
                        1.3478296158701881,
                        -0.3956739589720534,
                        1.4365204581315203
                    ],
                    [
                        -0.2224768526221801,
                        -0.3956739589720534,
                        1.3271030302622384,
                        0.590396781470647
                    ],
                    [
                        -1.4332520091097183,
                        1.4365204581315203,
                        0.590396781470647,
                        3.743701723898404
                    ]
                ],
                "mui": [
                    0.0,
                    0.0,
                    0.0,
                    0.0
                ],
                "Ai": [
                    [
                        0.0,
                        0.0,
                        0.0,
                        0.0
                    ],
                    [
                        -0.5897708163941211,
                        0.0,
                        0.0,
                        0.0
                    ],
                    [
                        -0.5332178446186033,
                        -0.5268843139718311,
                        0.0,
                        0.0
                    ],
                    [
                        -0.7736736199692633,
                        0.8984255820407001,
                        0.5830413304670068,
                        0.0
                    ]
                ]
            },
            "est_params": {
                "mui": [
                    0.015361223161056804,
                    -0.1017325412752553,
                    -0.07216521526335591,
                    -0.19778808382789273
                ],
                "Si": [
                    [
                        0.8540153027169459,
                        -0.41743168911417,
                        -0.32387581479478217,
                        -1.2754324698413415
                    ],
                    [
                        -0.41743168911417,
                        1.1702988332356197,
                        -0.37489718874408834,
                        1.261181537610432
                    ],
                    [
                        -0.32387581479478217,
                        -0.37489718874408834,
                        1.407890492908118,
                        0.73646601537862
                    ],
                    [
                        -1.2754324698413415,
                        1.261181537610432,
                        0.73646601537862,
                        3.7664487038691146
                    ]
                ]
            },
            "est_tgt": [],
            "oracle_est_tgt": [
                0,
                1,
                2,
                3
            ]
        }
    },
    "metric_dict": {
        "param_est_rel_err": 6.170129419210907,
        "est_dag": {
            "amat": [
                [
                    0,
                    0,
                    0,
                    1
                ],
                [
                    0,
                    0,
                    0,
                    0
                ],
                [
                    0,
                    1,
                    0,
                    0
                ],
                [
                    0,
                    1,
                    1,
                    0
                ]
            ],
            "nodes": [
                0,
                1,
                2,
                3
            ]
        },
        "oracle_est_dag": {
            "amat": [
                [
                    0,
                    0,
                    0,
                    1
                ],
                [
                    0,
                    0,
                    0,
                    0
                ],
                [
                    0,
                    1,
                    0,
                    0
                ],
                [
                    0,
                    1,
                    1,
                    0
                ]
            ],
            "nodes": [
                0,
                1,
                2,
                3
            ]
        },
        "igsp_dag": {
            "amat": [
                [
                    0,
                    0,
                    0,
                    0
                ],
                [
                    0,
                    0,
                    1,
                    1
                ],
                [
                    0,
                    0,
                    0,
                    1
                ],
                [
                    1,
                    0,
                    0,
                    0
                ]
            ],
            "nodes": [
                0,
                1,
                2,
                3
            ]
        },
        "act_dag": {
            "amat": [
                [
                    0,
                    1,
                    1,
                    1
                ],
                [
                    0,
                    0,
                    1,
                    1
                ],
                [
                    0,
                    0,
                    0,
                    1
                ],
                [
                    0,
                    0,
                    0,
                    0
                ]
            ],
            "nodes": [
                0,
                1,
                2,
                3
            ]
        },
        "shd": 5,
        "oracle_shd": 5,
        "igsp_shd": 3,
        "avg_js": 0.6666666666666666,
        "avg_oracle_js": 0.6333333333333333
    }
}