{
    "expt_args": {
        "save_dir": "all_expt_logs/expt_logs_11.05.24-main_plus_oracle_donoisepert-corr",
        "exp_name": "23",
        "num_nodes": 8,
        "obs_noise_mean": 0.0,
        "obs_noise_var": 1.0,
        "max_edge_strength": 1.0,
        "graph_sparsity_method": "adj_dense_prop",
        "adj_dense_prop": 0.8,
        "num_parents": null,
        "new_noise_mean": 1.0,
        "mix_samples": 131072,
        "stage2_samples": 131072,
        "gmm_tol": 0.001,
        "intv_type": "do",
        "new_noise_var": null,
        "intv_targets": [
            0,
            1,
            2,
            3,
            4,
            5,
            6,
            7
        ]
    },
    "intv_args_dict": {
        "0": {
            "intv_type": "do",
            "inode": 0,
            "new_mui": 1.0,
            "new_vari": null,
            "true_params": {
                "Si": [
                    [
                        1e-09,
                        0.0,
                        7.27046770583244e-10,
                        1.5434927661436283e-12,
                        -1.299029757228878e-09,
                        -9.48415952251809e-10,
                        -1.5055870295586303e-09,
                        -2.0394734579650053e-09
                    ],
                    [
                        0.0,
                        1.0,
                        0.0,
                        -0.7607294923701506,
                        0.10145261700724265,
                        -0.4296278897126454,
                        -0.31386705614087385,
                        -0.061611002528034864
                    ],
                    [
                        7.27046770583244e-10,
                        0.0,
                        1.000000000528597,
                        -0.9883538766759083,
                        -1.4527468339810958,
                        -0.5661389875937958,
                        -1.0901812734751026,
                        -3.6630993222102766
                    ],
                    [
                        1.5434927661436283e-12,
                        -0.7607294923701506,
                        -0.9883538766759083,
                        2.555552746104264,
                        1.9271583812479236,
                        1.8857331935667156,
                        2.0304904147416067,
                        5.527500407984563
                    ],
                    [
                        -1.299029757228878e-09,
                        0.10145261700724265,
                        -1.4527468339810958,
                        1.9271583812479236,
                        3.443967813808133,
                        1.9662137444465992,
                        3.40169635355004,
                        8.27475648171079
                    ],
                    [
                        -9.48415952251809e-10,
                        -0.4296278897126454,
                        -0.5661389875937958,
                        1.8857331935667156,
                        1.9662137444465992,
                        2.8872178357603797,
                        3.2865147344839754,
                        5.98129741565036
                    ],
                    [
                        -1.5055870295586303e-09,
                        -0.31386705614087385,
                        -1.0901812734751026,
                        2.0304904147416067,
                        3.40169635355004,
                        3.2865147344839754,
                        5.740343428099267,
                        9.780824331925015
                    ],
                    [
                        -2.0394734579650053e-09,
                        -0.061611002528034864,
                        -3.6630993222102766,
                        5.527500407984563,
                        8.27475648171079,
                        5.98129741565036,
                        9.780824331925015,
                        23.042686022500988
                    ]
                ],
                "mui": [
                    1.0,
                    0.0,
                    0.727046770583244,
                    0.0015434927661436282,
                    -1.2990297572288778,
                    -0.948415952251809,
                    -1.5055870295586302,
                    -2.039473457965005
                ],
                "Ai": [
                    [
                        0.0,
                        0.0,
                        0.0,
                        0.0,
                        0.0,
                        0.0,
                        0.0,
                        0.0
                    ],
                    [
                        -0.0,
                        0.0,
                        0.0,
                        0.0,
                        0.0,
                        0.0,
                        0.0,
                        0.0
                    ],
                    [
                        0.727046770583244,
                        -0.0,
                        0.0,
                        0.0,
                        0.0,
                        0.0,
                        0.0,
                        0.0
                    ],
                    [
                        0.7201229869976085,
                        -0.7607294923701506,
                        -0.9883538766770306,
                        0.0,
                        0.0,
                        0.0,
                        0.0,
                        0.0
                    ],
                    [
                        -0.6522108416104765,
                        0.533933734824029,
                        -0.8908593373223909,
                        0.5685084148234292,
                        0.0,
                        0.0,
                        0.0,
                        0.0
                    ],
                    [
                        -0.8526166039357705,
                        0.0,
                        0.9732004527387961,
                        0.6473358458814938,
                        0.6192011755921564,
                        0.0,
                        0.0,
                        0.0
                    ],
                    [
                        0.5044546981564602,
                        -0.5413824043111939,
                        -0.0,
                        -0.7064453619770568,
                        0.8698954685041589,
                        0.9267360308068543,
                        0.0,
                        0.0
                    ],
                    [
                        0.7849481574587859,
                        0.8312430440267526,
                        -0.9519424200564991,
                        0.8760011912816807,
                        0.5865476801309377,
                        -0.0,
                        0.9110892543494253,
                        0.0
                    ]
                ]
            },
            "est_params": {
                "mui": [
                    0.9999998722728768,
                    0.0012292364422135228,
                    0.7233165934618822,
                    -0.0015738406900855874,
                    -1.3035188990347109,
                    -0.9599524578791645,
                    -1.5156458048215142,
                    -2.0505571515239835
                ],
                "Si": [
                    [
                        1.0164710512972925e-06,
                        1.014562098328162e-06,
                        -1.8661074977356343e-06,
                        1.5983014180465816e-06,
                        1.3916262917305648e-06,
                        1.06229721832246e-06,
                        1.3971451251122389e-06,
                        6.53566084956572e-06
                    ],
                    [
                        1.014562098328162e-06,
                        1.0097860420361249,
                        0.013415125602832572,
                        -0.774542236291379,
                        0.09328787447233805,
                        -0.4294329374118311,
                        -0.3162201723312999,
                        -0.07540072615882307
                    ],
                    [
                        -1.8661074977356343e-06,
                        0.013415125602832569,
                        0.9884343572311753,
                        -0.994118826065003,
                        -1.42516311867501,
                        -0.5667476075025674,
                        -1.0737179978458367,
                        -3.6094406047239445
                    ],
                    [
                        1.5983014180465816e-06,
                        -0.774542236291379,
                        -0.994118826065003,
                        2.584311642421078,
                        1.925155347127865,
                        1.8948612861834921,
                        2.0361307367930572,
                        5.531055481965512
                    ],
                    [
                        1.3916262917305648e-06,
                        0.09328787447233805,
                        -1.42516311867501,
                        1.925155347127865,
                        3.36879933168066,
                        1.9362690574236685,
                        3.3326916726565856,
                        8.127412546840374
                    ],
                    [
                        1.0622972183224596e-06,
                        -0.4294329374118311,
                        -0.5667476075025674,
                        1.894861286183492,
                        1.9362690574236685,
                        2.8570093615603285,
                        3.2478709537870354,
                        5.941421522180691
                    ],
                    [
                        1.3971451251122389e-06,
                        -0.3162201723312999,
                        -1.0737179978458367,
                        2.0361307367930572,
                        3.3326916726565856,
                        3.2478709537870354,
                        5.660052967057312,
                        9.660404016796198
                    ],
                    [
                        6.5356608495657195e-06,
                        -0.07540072615882305,
                        -3.6094406047239445,
                        5.531055481965511,
                        8.127412546840374,
                        5.941421522180691,
                        9.660404016796198,
                        22.77434044935158
                    ]
                ]
            },
            "est_tgt": [
                0
            ],
            "oracle_est_tgt": [
                0
            ]
        },
        "1": {
            "intv_type": "do",
            "inode": 1,
            "new_mui": 1.0,
            "new_vari": null,
            "true_params": {
                "Si": [
                    [
                        1.0,
                        0.0,
                        0.727046770583244,
                        0.0015434927661436282,
                        -1.2990297572288778,
                        -0.948415952251809,
                        -1.5055870295586302,
                        -2.039473457965005
                    ],
                    [
                        0.0,
                        1e-09,
                        0.0,
                        -7.607294923701507e-10,
                        1.0145261700724265e-10,
                        -4.2962788971264547e-10,
                        -3.1386705614087385e-10,
                        -6.161100252803487e-11
                    ],
                    [
                        0.727046770583244,
                        0.0,
                        1.5285970066155241,
                        -0.9872316852459873,
                        -2.3972022229214316,
                        -1.2556817421585629,
                        -2.1848134600530917,
                        -5.145891912031182
                    ],
                    [
                        0.0015434927661436282,
                        -7.607294923701507e-10,
                        -0.9872316852459873,
                        1.9768457684911436,
                        2.0023313359750055,
                        1.5574387142842543,
                        1.7893986260040147,
                        5.477483188827902
                    ],
                    [
                        -1.2990297572288778,
                        1.0145261700724265e-10,
                        -2.3972022229214316,
                        2.0023313359750055,
                        5.121153488799447,
                        3.241821161127301,
                        5.389341339294741,
                        10.930343787473133
                    ],
                    [
                        -0.948415952251809,
                        -4.2962788971264547e-10,
                        -1.2556817421585629,
                        1.5574387142842543,
                        3.241821161127301,
                        3.602130529912232,
                        4.579591448547595,
                        7.889096770471531
                    ],
                    [
                        -1.5055870295586302,
                        -3.1386705614087385e-10,
                        -2.1848134600530917,
                        1.7893986260040147,
                        5.389341339294741,
                        4.579591448547595,
                        7.9086232005756285,
                        12.832091450325587
                    ],
                    [
                        -2.039473457965005,
                        -6.161100252803487e-11,
                        -5.145891912031182,
                        5.477483188827902,
                        10.930343787473133,
                        7.889096770471531,
                        12.832091450325587,
                        27.198342088456556
                    ]
                ],
                "mui": [
                    0.0,
                    1.0,
                    0.0,
                    -0.7607294923701506,
                    0.10145261700724265,
                    -0.4296278897126454,
                    -0.31386705614087385,
                    -0.061611002528034864
                ],
                "Ai": [
                    [
                        0.0,
                        0.0,
                        0.0,
                        0.0,
                        0.0,
                        0.0,
                        0.0,
                        0.0
                    ],
                    [
                        0.0,
                        0.0,
                        0.0,
                        0.0,
                        0.0,
                        0.0,
                        0.0,
                        0.0
                    ],
                    [
                        0.727046770583244,
                        -0.0,
                        0.0,
                        0.0,
                        0.0,
                        0.0,
                        0.0,
                        0.0
                    ],
                    [
                        0.7201229869976085,
                        -0.7607294923701506,
                        -0.9883538766770306,
                        0.0,
                        0.0,
                        0.0,
                        0.0,
                        0.0
                    ],
                    [
                        -0.6522108416104765,
                        0.533933734824029,
                        -0.8908593373223909,
                        0.5685084148234292,
                        0.0,
                        0.0,
                        0.0,
                        0.0
                    ],
                    [
                        -0.8526166039357705,
                        0.0,
                        0.9732004527387961,
                        0.6473358458814938,
                        0.6192011755921564,
                        0.0,
                        0.0,
                        0.0
                    ],
                    [
                        0.5044546981564602,
                        -0.5413824043111939,
                        -0.0,
                        -0.7064453619770568,
                        0.8698954685041589,
                        0.9267360308068543,
                        0.0,
                        0.0
                    ],
                    [
                        0.7849481574587859,
                        0.8312430440267526,
                        -0.9519424200564991,
                        0.8760011912816807,
                        0.5865476801309377,
                        -0.0,
                        0.9110892543494253,
                        0.0
                    ]
                ]
            },
            "est_params": {
                "mui": [
                    -0.49163109405951594,
                    0.06840159951760454,
                    -0.9065133492186924,
                    1.3254170977295647,
                    2.7067894490982853,
                    2.679378012717504,
                    3.6848846215741373,
                    0.9999993851377545
                ],
                "Si": [
                    [
                        1.376238169526299,
                        -0.20824701438542206,
                        0.793399172813829,
                        0.5512916209075044,
                        -1.1093766238196845,
                        -0.7054546217490286,
                        -1.4703127487188172,
                        -2.9796585749009435e-06
                    ],
                    [
                        -0.20824701438542206,
                        0.5550379993653483,
                        -0.2108668203527044,
                        -0.3536534025136293,
                        0.6831824472292812,
                        -0.09766807508440505,
                        -0.055780662397869225,
                        -1.1560705589521976e-06
                    ],
                    [
                        0.793399172813829,
                        -0.21086682035270446,
                        1.1216074523821988,
                        -0.01316307983886573,
                        -1.600204121553837,
                        -0.022787532412375036,
                        -0.881599007928883,
                        -2.3185049631965576e-06
                    ],
                    [
                        0.5512916209075044,
                        -0.3536534025136293,
                        -0.013163079838865725,
                        1.0439363236886567,
                        0.08875797417775057,
                        0.3045990691332319,
                        0.07788358820229575,
                        -5.922160688012153e-07
                    ],
                    [
                        -1.1093766238196845,
                        0.6831824472292812,
                        -1.600204121553837,
                        0.0887579741777506,
                        3.268975332013531,
                        0.3281698598939415,
                        2.305827636362997,
                        2.5382592456629432e-06
                    ],
                    [
                        -0.7054546217490286,
                        -0.09766807508440505,
                        -0.022787532412375022,
                        0.304599069133232,
                        0.3281698598939415,
                        2.1093465765791075,
                        2.2593163485179932,
                        -1.9317900239676878e-07
                    ],
                    [
                        -1.4703127487188172,
                        -0.055780662397869274,
                        -0.881599007928883,
                        0.07788358820229575,
                        2.305827636362997,
                        2.2593163485179932,
                        6.296307686720382,
                        6.370349119484098e-06
                    ],
                    [
                        -2.9796585749009435e-06,
                        -1.1560705589521978e-06,
                        -2.318504963196557e-06,
                        -5.922160688012156e-07,
                        2.538259245662944e-06,
                        -1.931790023967687e-07,
                        6.370349119484098e-06,
                        1.0013619534125076e-06
                    ]
                ]
            },
            "est_tgt": [
                0,
                1,
                2,
                3,
                4,
                5,
                6,
                7
            ],
            "oracle_est_tgt": [
                1
            ]
        },
        "2": {
            "intv_type": "do",
            "inode": 2,
            "new_mui": 1.0,
            "new_vari": null,
            "true_params": {
                "Si": [
                    [
                        1.0,
                        0.0,
                        0.0,
                        0.7201229869976085,
                        -0.2428148637945532,
                        -0.5368064301218024,
                        -0.7129742561240773,
                        0.6237710734955866
                    ],
                    [
                        0.0,
                        1.0,
                        0.0,
                        -0.7607294923701506,
                        0.10145261700724265,
                        -0.4296278897126454,
                        -0.31386705614087385,
                        -0.061611002528034864
                    ],
                    [
                        0.0,
                        0.0,
                        1e-09,
                        -9.883538766770305e-10,
                        -1.4527468330366405e-09,
                        -5.66138986904253e-10,
                        -1.0901812723804706e-09,
                        -3.6630993207274844e-09
                    ],
                    [
                        0.7201229869976085,
                        -0.7607294923701506,
                        -9.883538766770305e-10,
                        2.0972864779409486,
                        0.316473853420563,
                        0.9396208817840647,
                        0.43957637801101124,
                        2.3562538859624897
                    ],
                    [
                        -0.2428148637945532,
                        0.10145261700724265,
                        -1.4527468330366405e-09,
                        0.316473853420563,
                        1.3924535114127072,
                        1.2741017039673754,
                        1.9910597091812026,
                        2.801739658847676
                    ],
                    [
                        -0.5368064301218024,
                        -0.4296278897126454,
                        -5.66138986904253e-10,
                        0.9396208817840647,
                        1.2741017039673754,
                        2.85486562610854,
                        3.0520497777844913,
                        3.572629754247189
                    ],
                    [
                        -0.7129742561240773,
                        -0.31386705614087385,
                        -1.0901812723804706e-09,
                        0.43957637801101124,
                        1.9910597091812026,
                        3.0520497777844913,
                        5.06018051026755,
                        5.342649337403895
                    ],
                    [
                        0.6237710734955866,
                        -0.061611002528034864,
                        -3.6630993207274844e-09,
                        2.3562538859624897,
                        2.801739658847676,
                        3.572629754247189,
                        5.342649337403895,
                        10.01347975037551
                    ]
                ],
                "mui": [
                    0.0,
                    0.0,
                    1.0,
                    -0.9883538766770306,
                    -1.4527468330366404,
                    -0.566138986904253,
                    -1.0901812723804705,
                    -3.663099320727484
                ],
                "Ai": [
                    [
                        0.0,
                        0.0,
                        0.0,
                        0.0,
                        0.0,
                        0.0,
                        0.0,
                        0.0
                    ],
                    [
                        -0.0,
                        0.0,
                        0.0,
                        0.0,
                        0.0,
                        0.0,
                        0.0,
                        0.0
                    ],
                    [
                        0.0,
                        0.0,
                        0.0,
                        0.0,
                        0.0,
                        0.0,
                        0.0,
                        0.0
                    ],
                    [
                        0.7201229869976085,
                        -0.7607294923701506,
                        -0.9883538766770306,
                        0.0,
                        0.0,
                        0.0,
                        0.0,
                        0.0
                    ],
                    [
                        -0.6522108416104765,
                        0.533933734824029,
                        -0.8908593373223909,
                        0.5685084148234292,
                        0.0,
                        0.0,
                        0.0,
                        0.0
                    ],
                    [
                        -0.8526166039357705,
                        0.0,
                        0.9732004527387961,
                        0.6473358458814938,
                        0.6192011755921564,
                        0.0,
                        0.0,
                        0.0
                    ],
                    [
                        0.5044546981564602,
                        -0.5413824043111939,
                        -0.0,
                        -0.7064453619770568,
                        0.8698954685041589,
                        0.9267360308068543,
                        0.0,
                        0.0
                    ],
                    [
                        0.7849481574587859,
                        0.8312430440267526,
                        -0.9519424200564991,
                        0.8760011912816807,
                        0.5865476801309377,
                        -0.0,
                        0.9110892543494253,
                        0.0
                    ]
                ]
            },
            "est_params": {
                "mui": [
                    -0.004483296580958899,
                    0.0009423175421110835,
                    1.0000006748706272,
                    -0.9829472855946505,
                    -1.450446778005132,
                    -0.560591224857025,
                    -1.0920129044017934,
                    -3.664201439174074
                ],
                "Si": [
                    [
                        1.0284667334667337,
                        -0.01479889110801718,
                        9.750915557384498e-07,
                        0.7463589100468155,
                        -0.2631238645867981,
                        -0.552778852309879,
                        -0.7475356227605515,
                        0.6234029964743131
                    ],
                    [
                        -0.014798891108017178,
                        1.0110509879521161,
                        -8.647199427022214e-07,
                        -0.7719729267817997,
                        0.0999718817133733,
                        -0.41293654649867106,
                        -0.3175790384387445,
                        -0.07492769847671857
                    ],
                    [
                        9.750915557384498e-07,
                        -8.647199427022216e-07,
                        1.013074659861762e-06,
                        2.6789251536360993e-06,
                        -2.5673863376917593e-07,
                        1.323976236732306e-07,
                        -1.0953971373130147e-06,
                        1.8143779111797937e-06
                    ],
                    [
                        0.7463589100468155,
                        -0.7719729267817997,
                        2.6789251536360997e-06,
                        2.1395497666624883,
                        0.31100064611172545,
                        0.939667584108741,
                        0.42429093858879835,
                        2.3960337471845605
                    ],
                    [
                        -0.2631238645867981,
                        0.0999718817133733,
                        -2.56738633769176e-07,
                        0.31100064611172545,
                        1.3974363422073253,
                        1.2849726419068241,
                        1.9998970257981723,
                        2.7879818962418503
                    ],
                    [
                        -0.552778852309879,
                        -0.41293654649867106,
                        1.323976236732308e-07,
                        0.9396675841087411,
                        1.2849726419068241,
                        2.8403836624218237,
                        3.019791556351595,
                        3.552395335841546
                    ],
                    [
                        -0.7475356227605515,
                        -0.3175790384387445,
                        -1.0953971373130147e-06,
                        0.42429093858879835,
                        1.9998970257981723,
                        3.019791556351595,
                        5.027166882616156,
                        5.274676537899779
                    ],
                    [
                        0.6234029964743131,
                        -0.07492769847671857,
                        1.8143779111797927e-06,
                        2.3960337471845596,
                        2.7879818962418503,
                        3.552395335841546,
                        5.274676537899779,
                        9.989787564299936
                    ]
                ]
            },
            "est_tgt": [
                2,
                3
            ],
            "oracle_est_tgt": [
                2,
                3
            ]
        },
        "3": {
            "intv_type": "do",
            "inode": 3,
            "new_mui": 1.0,
            "new_vari": null,
            "true_params": {
                "Si": [
                    [
                        1.0,
                        0.0,
                        0.727046770583244,
                        0.0,
                        -1.2999072458546495,
                        -0.9499584524358391,
                        -1.5066894501300325,
                        -2.0423446519210477
                    ],
                    [
                        0.0,
                        1.0,
                        0.0,
                        0.0,
                        0.533933734824029,
                        0.3306123962913494,
                        0.22947455196831806,
                        1.3534924359764173
                    ],
                    [
                        0.727046770583244,
                        0.0,
                        1.5285970066155241,
                        0.0,
                        -1.8359527024787727,
                        -0.26908492125021066,
                        -1.4796954689434445,
                        -3.30945075074598
                    ],
                    [
                        0.0,
                        0.0,
                        0.0,
                        1e-09,
                        5.685084148234292e-10,
                        9.993569246741944e-10,
                        7.142376016162344e-10,
                        1.860192687016137e-09
                    ],
                    [
                        -1.2999072458546495,
                        0.533933734824029,
                        -1.8359527024787727,
                        5.685084148234292e-10,
                        3.768474440226248,
                        1.655016304077836,
                        3.8671354324457727,
                        6.904885642910395
                    ],
                    [
                        -0.9499584524358391,
                        0.3306123962913494,
                        -0.26908492125021066,
                        9.993569246741944e-10,
                        1.655016304077836,
                        2.572864824166138,
                        3.165858979078127,
                        3.6404305401548216
                    ],
                    [
                        -1.5066894501300325,
                        0.22947455196831806,
                        -1.4796954689434445,
                        7.142376016162344e-10,
                        3.8671354324457727,
                        3.165858979078127,
                        6.413629116183271,
                        8.52830878943139
                    ],
                    [
                        -2.0423446519210477,
                        1.3534924359764173,
                        -3.30945075074598,
                        1.860192687016137e-09,
                        6.904885642910395,
                        3.6404305401548216,
                        8.52830878943139,
                        15.492448210722651
                    ]
                ],
                "mui": [
                    0.0,
                    0.0,
                    0.0,
                    1.0,
                    0.5685084148234292,
                    0.9993569246741945,
                    0.7142376016162343,
                    1.860192687016137
                ],
                "Ai": [
                    [
                        0.0,
                        0.0,
                        0.0,
                        0.0,
                        0.0,
                        0.0,
                        0.0,
                        0.0
                    ],
                    [
                        -0.0,
                        0.0,
                        0.0,
                        0.0,
                        0.0,
                        0.0,
                        0.0,
                        0.0
                    ],
                    [
                        0.727046770583244,
                        -0.0,
                        0.0,
                        0.0,
                        0.0,
                        0.0,
                        0.0,
                        0.0
                    ],
                    [
                        0.0,
                        0.0,
                        0.0,
                        0.0,
                        0.0,
                        0.0,
                        0.0,
                        0.0
                    ],
                    [
                        -0.6522108416104765,
                        0.533933734824029,
                        -0.8908593373223909,
                        0.5685084148234292,
                        0.0,
                        0.0,
                        0.0,
                        0.0
                    ],
                    [
                        -0.8526166039357705,
                        0.0,
                        0.9732004527387961,
                        0.6473358458814938,
                        0.6192011755921564,
                        0.0,
                        0.0,
                        0.0
                    ],
                    [
                        0.5044546981564602,
                        -0.5413824043111939,
                        -0.0,
                        -0.7064453619770568,
                        0.8698954685041589,
                        0.9267360308068543,
                        0.0,
                        0.0
                    ],
                    [
                        0.7849481574587859,
                        0.8312430440267526,
                        -0.9519424200564991,
                        0.8760011912816807,
                        0.5865476801309377,
                        -0.0,
                        0.9110892543494253,
                        0.0
                    ]
                ]
            },
            "est_params": {
                "mui": [
                    -0.0044120415368413615,
                    0.01851645157100178,
                    0.00098292794543344,
                    0.9999993141285278,
                    0.575315610574828,
                    1.0224605704941365,
                    0.7263447287167207,
                    1.8852909977209078
                ],
                "Si": [
                    [
                        0.9936369968247503,
                        -0.004774965857913368,
                        0.7215235856849285,
                        2.5369847810674514e-07,
                        -1.3050680368206289,
                        -0.9656470866886694,
                        -1.517839637837035,
                        -2.054727024325648
                    ],
                    [
                        -0.004774965857913365,
                        0.994033366611986,
                        -0.009398921145745323,
                        1.4064029298442767e-07,
                        0.5402568078929044,
                        0.328262469594204,
                        0.22809643401288043,
                        1.355451664537352
                    ],
                    [
                        0.7215235856849284,
                        -0.00939892114574532,
                        1.5241576981611589,
                        1.6552490832660042e-07,
                        -1.829805448188427,
                        -0.2581506916336171,
                        -1.448869417943165,
                        -3.277094851528145
                    ],
                    [
                        2.5369847810674536e-07,
                        1.4064029298442762e-07,
                        1.6552490832660008e-07,
                        1.0119553647325123e-06,
                        6.953241097340087e-08,
                        -4.1700836137506766e-07,
                        -1.4405479792637386e-06,
                        -1.5598771818750028e-06
                    ],
                    [
                        -1.305068036820629,
                        0.5402568078929044,
                        -1.829805448188427,
                        6.953241097340064e-08,
                        3.787086109100545,
                        1.6774453140526244,
                        3.8801962649758672,
                        6.912126585326916
                    ],
                    [
                        -0.9656470866886693,
                        0.32826246959420396,
                        -0.2581506916336171,
                        -4.170083613750672e-07,
                        1.6774453140526244,
                        2.6322102096278734,
