{
    "expt_args": {
        "save_dir": "all_expt_logs/expt_logs_11.05.24-main_plus_oracle_donoisepert-corr",
        "exp_name": "232",
        "num_nodes": 8,
        "obs_noise_mean": 0.0,
        "obs_noise_var": 1.0,
        "max_edge_strength": 1.0,
        "graph_sparsity_method": "adj_dense_prop",
        "adj_dense_prop": 0.8,
        "num_parents": null,
        "new_noise_mean": 1.0,
        "mix_samples": 1024,
        "stage2_samples": 1024,
        "gmm_tol": 0.001,
        "intv_type": "do",
        "new_noise_var": null,
        "intv_targets": [
            0,
            1,
            2,
            3,
            4,
            5,
            6,
            7
        ]
    },
    "intv_args_dict": {
        "0": {
            "intv_type": "do",
            "inode": 0,
            "new_mui": 1.0,
            "new_vari": null,
            "true_params": {
                "Si": [
                    [
                        1e-09,
                        9.615156704954489e-10,
                        -1.2912944650327734e-09,
                        1.6751176098281119e-09,
                        6.048946351196054e-10,
                        -1.881949310578595e-09,
                        2.1299695357296584e-09,
                        6.10627459778589e-09
                    ],
                    [
                        9.615156704954489e-10,
                        1.0000000009245125,
                        -0.7574954331467866,
                        0.9620264369595135,
                        0.027976663681745687,
                        -0.42728845728254633,
                        0.7020807630153274,
                        1.6239321871729162
                    ],
                    [
                        -1.2912944650327734e-09,
                        -0.7574954331467866,
                        1.573799331024667,
                        -0.7287306323118633,
                        0.8305812217715601,
                        1.7755821055774124,
                        -2.3521189519099117,
                        -4.005456288189633
                    ],
                    [
                        1.6751176098281119e-09,
                        0.9620264369595135,
                        -0.7287306323118633,
                        1.9254948651160566,
                        0.7266779464532407,
                        -0.5430764796890895,
                        1.5860160249220137,
                        3.6726630004944463
                    ],
                    [
                        6.048946351196054e-10,
                        0.027976663681745687,
                        0.8305812217715601,
                        0.7266779464532407,
                        2.215969822247996,
                        1.7655375993703863,
                        -1.3856244908895237,
                        -1.088877977199389
                    ],
                    [
                        -1.881949310578595e-09,
                        -0.42728845728254633,
                        1.7755821055774124,
                        -0.5430764796890895,
                        1.7655375993703863,
                        3.7089577134370333,
                        -4.151650852301353,
                        -6.6953575834308925
                    ],
                    [
                        2.1299695357296584e-09,
                        0.7020807630153274,
                        -2.3521189519099117,
                        1.5860160249220137,
                        -1.3856244908895237,
                        -4.151650852301353,
                        6.481400530713531,
                        10.203498418833327
                    ],
                    [
                        6.10627459778589e-09,
                        1.6239321871729162,
                        -4.005456288189633,
                        3.6726630004944463,
                        -1.088877977199389,
                        -6.6953575834308925,
                        10.203498418833327,
                        18.815405871481886
                    ]
                ],
                "mui": [
                    1.0,
                    0.9615156704954488,
                    -1.2912944650327733,
                    1.6751176098281118,
                    0.6048946351196054,
                    -1.881949310578595,
                    2.1299695357296584,
                    6.106274597785889
                ],
                "Ai": [
                    [
                        0.0,
                        0.0,
                        0.0,
                        0.0,
                        0.0,
                        0.0,
                        0.0,
                        0.0
                    ],
                    [
                        0.9615156704954488,
                        0.0,
                        0.0,
                        0.0,
                        0.0,
                        0.0,
                        0.0,
                        0.0
                    ],
                    [
                        -0.5629507369272182,
                        -0.7574954319051868,
                        0.0,
                        0.0,
                        0.0,
                        0.0,
                        0.0,
                        0.0
                    ],
                    [
                        0.7501141168093046,
                        0.9620264353488617,
                        0.0,
                        0.0,
                        0.0,
                        0.0,
                        0.0,
                        0.0
                    ],
                    [
                        0.5325985111952254,
                        -0.0,
                        0.8517734170509561,
                        0.699763655964797,
                        0.0,
                        0.0,
                        0.0,
                        0.0
                    ],
                    [
                        -0.891948857701993,
                        0.7995297040207814,
                        0.9125964030067644,
                        -0.5750824432636155,
                        0.6331691459462346,
                        0.0,
                        0.0,
                        0.0
                    ],
                    [
                        -0.6839143565739565,
                        -0.9315474954941205,
                        -0.6921227573675697,
                        0.808017790443915,
                        0.0,
                        -0.7770253339307267,
                        0.0,
                        0.0
                    ],
                    [
                        0.6895799502019384,
                        -0.5588930750847754,
                        -0.6266368130762697,
                        0.7741437808158697,
                        0.7259509998646485,
                        -0.9354590093649655,
                        0.7739614293699801,
                        0.0
                    ]
                ]
            },
            "est_params": {
                "mui": [
                    -1.4135493350318213,
                    -1.6525425741455622,
                    2.0502378851194902,
                    -3.4650085881934922,
                    -1.7641628616401777,
                    1.620323571097505,
                    -2.2776673568660364,
                    -8.602571783143237
                ],
                "Si": [
                    [
                        0.3717787343785983,
                        -0.2738581479035396,
                        -0.16212922864156742,
                        -0.3260549683258174,
                        0.03911431498997719,
                        -0.377265581773179,
                        0.2850237009100415,
                        0.5389630672659691
                    ],
                    [
                        -0.27385814790353946,
                        0.793519980156619,
                        -0.1528316531902329,
                        0.7540404183279523,
                        0.07500544133799393,
                        0.5923345176086033,
                        -0.37743219600543404,
                        -0.38777524008447783
                    ],
                    [
                        -0.16212922864156742,
                        -0.15283165319023298,
                        1.0864457459418784,
                        0.6081331095620762,
                        1.0402960977267326,
                        1.132917551091123,
                        -0.818967174910625,
                        -1.3563848141617294
                    ],
                    [
                        -0.3260549683258174,
                        0.7540404183279523,
                        0.6081331095620762,
                        1.7059063251442992,
                        1.3090194842237979,
                        1.5497511288278978,
                        -0.9635785008788225,
                        -1.1041662790715703
                    ],
                    [
                        0.039114314989977216,
                        0.07500544133799396,
                        1.0402960977267326,
                        1.3090194842237979,
                        1.995619139462141,
                        1.8044861419173914,
                        -1.121550140032176,
                        -1.134346456727355
                    ],
                    [
                        -0.377265581773179,
                        0.5923345176086033,
                        1.132917551091123,
                        1.5497511288278978,
                        1.8044861419173917,
                        2.9315188242676995,
                        -2.085485838471095,
                        -2.397643417375984
                    ],
                    [
                        0.2850237009100415,
                        -0.3774321960054341,
                        -0.818967174910625,
                        -0.9635785008788225,
                        -1.121550140032176,
                        -2.085485838471095,
                        1.6807430943930843,
                        1.8071560194657945
                    ],
                    [
                        0.5389630672659691,
                        -0.38777524008447783,
                        -1.3563848141617292,
                        -1.1041662790715703,
                        -1.134346456727355,
                        -2.397643417375984,
                        1.8071560194657943,
                        2.9235488603572892
                    ]
                ]
            },
            "est_tgt": [
                0,
                1,
                2,
                3,
                4,
                5,
                6,
                7
            ],
            "oracle_est_tgt": [
                0,
                3,
                4
            ]
        },
        "1": {
            "intv_type": "do",
            "inode": 1,
            "new_mui": 1.0,
            "new_vari": null,
            "true_params": {
                "Si": [
                    [
                        1.0,
                        0.0,
                        -0.5629507369272182,
                        0.7501141168093046,
                        0.5779946351406586,
                        -1.4711047648194873,
                        1.4549078821062034,
                        4.54483835764251
                    ],
                    [
                        0.0,
                        1e-09,
                        -7.574954319051868e-10,
                        9.620264353488617e-10,
                        2.7976663100130015e-11,
                        -4.272884554730226e-10,
                        7.020807609673284e-10,
                        1.6239321813016375e-09
                    ],
                    [
                        -0.5629507369272182,
                        -7.574954319051868e-10,
                        1.3169135327806973,
                        -0.4222772955660381,
                        0.5263909112373515,
                        2.280072561796566,
                        -2.639337444822954,
                        -5.333855175124878
                    ],
                    [
                        0.7501141168093046,
                        9.620264353488617e-10,
                        -0.4222772955660381,
                        1.562671189162098,
                        1.1333255912507627,
                        -1.2355101386597624,
                        2.0019427112540598,
                        5.5195447148861305
                    ],
                    [
                        0.5779946351406586,
                        2.7976663100130015e-11,
                        0.5263909112373515,
                        1.1333255912507627,
                        2.5492649264560465,
                        0.9272010438666329,
                        -0.5643374185957115,
                        1.492582003917508
                    ],
                    [
                        -1.4711047648194873,
                        -4.272884554730226e-10,
                        2.280072561796566,
                        -1.2355101386597624,
                        0.9272010438666329,
                        5.690531514971953,
                        -5.99198176236166,
                        -12.687403462354037
                    ],
                    [
                        1.4549078821062034,
                        7.020807609673284e-10,
                        -2.639337444822954,
                        2.0019427112540598,
                        -0.5643374185957115,
                        -5.99198176236166,
                        8.105240077163973,
                        15.675688014792392
                    ],
                    [
                        4.54483835764251,
                        1.6239321813016375e-09,
                        -5.333855175124878,
                        5.5195447148861305,
                        1.492582003917508,
                        -12.687403462354037,
                        15.675688014792392,
                        36.83380580446402
                    ]
                ],
                "mui": [
                    0.0,
                    1.0,
                    -0.7574954319051868,
                    0.9620264353488617,
                    0.027976663100130014,
                    -0.4272884554730226,
                    0.7020807609673283,
                    1.6239321813016374
                ],
                "Ai": [
                    [
                        0.0,
                        0.0,
                        0.0,
                        0.0,
                        0.0,
                        0.0,
                        0.0,
                        0.0
                    ],
                    [
                        0.0,
                        0.0,
                        0.0,
                        0.0,
                        0.0,
                        0.0,
                        0.0,
                        0.0
                    ],
                    [
                        -0.5629507369272182,
                        -0.7574954319051868,
                        0.0,
                        0.0,
                        0.0,
                        0.0,
                        0.0,
                        0.0
                    ],
                    [
                        0.7501141168093046,
                        0.9620264353488617,
                        0.0,
                        0.0,
                        0.0,
                        0.0,
                        0.0,
                        0.0
                    ],
                    [
                        0.5325985111952254,
                        -0.0,
                        0.8517734170509561,
                        0.699763655964797,
                        0.0,
                        0.0,
                        0.0,
                        0.0
                    ],
                    [
                        -0.891948857701993,
                        0.7995297040207814,
                        0.9125964030067644,
                        -0.5750824432636155,
                        0.6331691459462346,
                        0.0,
                        0.0,
                        0.0
                    ],
                    [
                        -0.6839143565739565,
                        -0.9315474954941205,
                        -0.6921227573675697,
                        0.808017790443915,
                        0.0,
                        -0.7770253339307267,
                        0.0,
                        0.0
                    ],
                    [
                        0.6895799502019384,
                        -0.5588930750847754,
                        -0.6266368130762697,
                        0.7741437808158697,
                        0.7259509998646485,
                        -0.9354590093649655,
                        0.7739614293699801,
                        0.0
                    ]
                ]
            },
            "est_params": {
                "mui": [
                    0.37654939874761445,
                    0.9463941423354912,
                    -1.4914832598655379,
                    1.4016684779413233,
                    -0.3340434404249517,
                    -1.788750777519655,
                    2.434477776597964,
                    4.966782637074159
                ],
                "Si": [
                    [
                        0.45876301392219376,
                        0.09402663085295367,
                        0.008716883952979957,
                        0.6762854585690017,
                        0.7731245235602145,
                        0.19107543470402635,
                        -0.17558445100927336,
                        0.9591935718022185
                    ],
                    [
                        0.09402663085295367,
                        0.3289949375537058,
                        -0.1100059663066138,
                        0.541254870487374,
                        0.5209671420683387,
                        0.23330904160531318,
                        -0.04565449772391488,
                        0.47891651728481355
                    ],
                    [
                        0.008716883952979967,
                        -0.1100059663066138,
                        1.0064615350030988,
                        -0.16930528340043266,
                        0.6834968670519586,
                        0.9903358737835842,
                        -0.9881137658123755,
                        -2.1949930965243114
                    ],
                    [
                        0.6762854585690019,
                        0.541254870487374,
                        -0.16930528340043266,
                        2.4596724178821834,
                        2.3941587608533133,
                        0.40954120732753946,
                        0.6397489879117,
                        4.008585664591781
                    ],
                    [
                        0.7731245235602145,
                        0.5209671420683386,
                        0.6834968670519587,
                        2.3941587608533133,
                        3.964813860385491,
                        1.7338963497515463,
                        -0.7904854743064988,
                        1.8175663428281754
                    ],
                    [
                        0.19107543470402635,
                        0.23330904160531316,
                        0.9903358737835841,
                        0.4095412073275395,
                        1.7338963497515467,
                        2.041781414782326,
                        -1.5041606819470201,
                        -2.5529066408570564
                    ],
                    [
                        -0.17558445100927336,
                        -0.04565449772391488,
                        -0.9881137658123755,
                        0.6397489879117,
                        -0.7904854743064988,
                        -1.5041606819470201,
                        3.001681008686612,
                        4.66839209734576
                    ],
                    [
                        0.9591935718022186,
                        0.47891651728481366,
                        -2.1949930965243114,
                        4.008585664591781,
                        1.817566342828176,
                        -2.5529066408570564,
                        4.668392097345759,
                        13.666997107038727
                    ]
                ]
            },
            "est_tgt": [
                0,
                1,
                2,
                5,
                7
            ],
            "oracle_est_tgt": [
                1,
                3,
                7
            ]
        },
        "2": {
            "intv_type": "do",
            "inode": 2,
            "new_mui": 1.0,
            "new_vari": null,
            "true_params": {
                "Si": [
                    [
                        1.0,
                        0.9615156704954488,
                        0.0,
                        1.6751176098281118,
                        1.704784934019557,
                        -0.007102025378110888,
                        -0.2205685878343279,
                        2.5224997816761188
                    ],
                    [
                        0.9615156704954488,
                        1.9245123846083125,
                        0.0,
                        2.5726782671214723,
                        2.312368564418855,
                        0.6657003387478172,
                        -0.888865282142711,
                        1.9470516117303687
                    ],
                    [
                        0.0,
                        0.0,
                        1e-09,
                        0.0,
                        8.517734170509561e-10,
                        1.4519130500206245e-09,
                        -1.8202959798982252e-09,
                        -2.775335071244818e-09
                    ],
                    [
                        1.6751176098281118,
                        2.5726782671214723,
                        0.0,
                        4.7315138690662835,
                        4.203106588337321,
                        0.5030803075498631,
                        -0.10996774079068594,
                        5.87567511999667
                    ],
                    [
                        1.704784934019557,
                        2.312368564418855,
                        8.517734170509561e-10,
                        4.203106588337321,
                        4.849147151157033,
                        0.9814239342950697,
                        -0.6864143984448616,
                        5.207930649712599
                    ],
                    [
                        -0.007102025378110888,
                        0.6657003387478172,
                        1.4519130500206245e-09,
                        0.5030803075498631,
                        0.9814239342950697,
                        1.8706765414191797,
                        -1.6623395329485056,
                        -2.311558452188189
                    ],
                    [
                        -0.2205685878343279,
                        -0.888865282142711,
                        -1.8202959798982252e-09,
                        -0.10996774079068594,
                        -0.6864143984448616,
                        -1.6623395329485056,
                        3.1816942922624882,
                        3.7788060696805843
                    ],
                    [
                        2.5224997816761188,
                        1.9470516117303687,
                        -2.775335071244818e-09,
                        5.87567511999667,
                        5.207930649712599,
                        -2.311558452188189,
                        3.7788060696805843,
                        15.067609754342678
                    ]
                ],
                "mui": [
                    0.0,
                    0.0,
                    1.0,
                    0.0,
                    0.8517734170509561,
                    1.4519130500206243,
                    -1.8202959798982252,
                    -2.775335071244818
                ],
                "Ai": [
                    [
                        0.0,
                        0.0,
                        0.0,
                        0.0,
                        0.0,
                        0.0,
                        0.0,
                        0.0
                    ],
                    [
                        0.9615156704954488,
                        0.0,
                        0.0,
                        0.0,
                        0.0,
                        0.0,
                        0.0,
                        0.0
                    ],
                    [
                        0.0,
                        0.0,
                        0.0,
                        0.0,
                        0.0,
                        0.0,
                        0.0,
                        0.0
                    ],
                    [
                        0.7501141168093046,
                        0.9620264353488617,
                        0.0,
                        0.0,
                        0.0,
                        0.0,
                        0.0,
                        0.0
                    ],
                    [
                        0.5325985111952254,
                        -0.0,
                        0.8517734170509561,
                        0.699763655964797,
                        0.0,
                        0.0,
                        0.0,
                        0.0
                    ],
                    [
                        -0.891948857701993,
                        0.7995297040207814,
                        0.9125964030067644,
                        -0.5750824432636155,
                        0.6331691459462346,
                        0.0,
                        0.0,
                        0.0
                    ],
                    [
                        -0.6839143565739565,
                        -0.9315474954941205,
                        -0.6921227573675697,
                        0.808017790443915,
                        0.0,
                        -0.7770253339307267,
                        0.0,
                        0.0
                    ],
                    [
                        0.6895799502019384,
                        -0.5588930750847754,
                        -0.6266368130762697,
                        0.7741437808158697,
                        0.7259509998646485,
                        -0.9354590093649655,
                        0.7739614293699801,
                        0.0
                    ]
                ]
            },
            "est_params": {
                "mui": [
                    -0.2635023054348841,
                    -0.04578166847793038,
                    0.9109811320088375,
                    -0.3076180933620436,
                    0.7936059456165924,
                    1.8885285466237935,
                    -2.1952947173128754,
                    -3.686398845634432
                ],
                "Si": [
                    [
                        0.7693831891189843,
                        0.7239460685525381,
                        0.006763235294427208,
                        1.1722586217539144,
                        1.0940277526928566,
                        0.025658440244495342,
                        -0.33080068198443147,
                        1.6658739199043846
                    ],
                    [
                        0.7239460685525382,
                        1.518926227974723,
                        -0.11624175578985681,
                        1.9568906366045193,
                        1.4780598757525636,
                        0.22271273491501642,
                        -0.4385803142614934,
                        1.9560294488361625
                    ],
                    [
                        0.006763235294427205,
                        -0.11624175578985681,
                        0.19914273913378167,
                        -0.08990793113223267,
                        0.05501080368487624,
                        0.02865074533735236,
                        -0.14278646066953185,
                        -0.31836525830317036
                    ],
                    [
                        1.1722586217539146,
                        1.9568906366045193,
                        -0.08990793113223267,
                        3.3122758493341835,
                        2.5816097782270324,
                        0.253614652330482,
                        -0.26772089332408017,
                        4.0754999949221125
                    ],
                    [
                        1.0940277526928566,
                        1.4780598757525638,
                        0.05501080368487624,
                        2.5816097782270324,
                        3.085012943188671,
                        0.6765047593137011,
                        -0.6312895054113786,
                        3.141444065363989
                    ],
                    [
                        0.025658440244495324,
                        0.22271273491501642,
                        0.028650745337352353,
                        0.25361465233048214,
                        0.6765047593137011,
                        1.1200711590455066,
                        -0.7600543710005866,
                        -1.264653666200901
                    ],
                    [
                        -0.3308006819844315,
                        -0.4385803142614934,
                        -0.14278646066953185,
                        -0.26772089332408017,
                        -0.6312895054113788,
                        -0.7600543710005866,
                        1.8163557264566914,
                        1.5995422731196198
                    ],
                    [
                        1.6658739199043846,
                        1.9560294488361625,
                        -0.31836525830317036,
                        4.075499994922113,
                        3.141444065363989,
                        -1.264653666200901,
                        1.5995422731196198,
                        9.678124989333174
                    ]
                ]
            },
            "est_tgt": [
                1,
                2,
                3,
                5
            ],
            "oracle_est_tgt": [
                2,
                4,
                5
            ]
        },
        "3": {
            "intv_type": "do",
            "inode": 3,
            "new_mui": 1.0,
            "new_vari": null,
            "true_params": {
                "Si": [
                    [
                        1.0,
                        0.9615156704954488,
                        -1.2912944650327733,
                        0.0,
                        -0.5672917877047263,
                        -1.6608108589941908,
                        0.6046145267153602,
                        2.5711109124002083
                    ],
                    [
                        0.9615156704954488,
                        1.9245123846083125,
                        -1.9990952952582357,
                        0.0,
                        -1.1906744160558427,
                        -1.89718346554529,
                        0.4074099007858859,
                        2.065837619927866
                    ],
                    [
                        -1.2912944650327733,
                        -1.9990952952582357,
                        3.241240724781502,
                        0.0,
                        2.073061178040767,
                        3.8239755556247386,
                        -2.4692753120277926,
                        -5.78760641425537
                    ],
                    [
                        0.0,
                        0.0,
                        0.0,
                        1e-09,
                        6.99763655964797e-10,
                        -1.3201368685217024e-10,
                        9.10595769553649e-10,
                        2.110397302639803e-09
                    ],
                    [
                        -0.5672917877047263,
                        -1.1906744160558427,
                        2.073061178040767,
                        6.99763655964797e-10,
                        2.463639642320319,
                        3.0057844807104988,
                        -2.2732347398161763,
                        -3.807492325842094
                    ],
                    [
                        -1.6608108589941908,
                        -1.89718346554529,
                        3.8239755556247386,
                        -1.3201368685217024e-10,
                        3.0057844807104988,
                        6.35742014373315,
                        -4.683368120052403,
                        -9.87098300902751
                    ],
                    [
                        0.6046145267153602,
                        0.4074099007858859,
                        -2.4692753120277926,
                        9.10595769553649e-10,
                        -2.2732347398161763,
                        -4.683368120052403,
                        5.555111088069956,
                        8.766853883606203
                    ],
                    [
                        2.5711109124002083,
                        2.065837619927866,
                        -5.78760641425537,
                        2.110397302639803e-09,
                        -3.807492325842094,
                        -9.87098300902751,
                        8.766853883606203,
                        18.500185324306667
                    ]
                ],
                "mui": [
                    0.0,
                    0.0,
                    0.0,
                    1.0,
                    0.699763655964797,
                    -0.13201368685217024,
                    0.910595769553649,
                    2.110397302639803
                ],
                "Ai": [
                    [
                        0.0,
                        0.0,
                        0.0,
                        0.0,
                        0.0,
                        0.0,
                        0.0,
                        0.0
                    ],
                    [
                        0.9615156704954488,
                        0.0,
                        0.0,
                        0.0,
                        0.0,
                        0.0,
                        0.0,
                        0.0
                    ],
                    [
                        -0.5629507369272182,
                        -0.7574954319051868,
                        0.0,
                        0.0,
                        0.0,
                        0.0,
                        0.0,
                        0.0
                    ],
                    [
                        0.0,
                        0.0,
                        0.0,
                        0.0,
                        0.0,
                        0.0,
                        0.0,
                        0.0
                    ],
                    [
                        0.5325985111952254,
                        -0.0,
                        0.8517734170509561,
                        0.699763655964797,
                        0.0,
                        0.0,
                        0.0,
                        0.0
                    ],
                    [
                        -0.891948857701993,
                        0.7995297040207814,
                        0.9125964030067644,
                        -0.5750824432636155,
                        0.6331691459462346,
                        0.0,
                        0.0,
                        0.0
                    ],
                    [
                        -0.6839143565739565,
                        -0.9315474954941205,
                        -0.6921227573675697,
                        0.808017790443915,
                        0.0,
                        -0.7770253339307267,
                        0.0,
                        0.0
                    ],
                    [
                        0.6895799502019384,
                        -0.5588930750847754,
                        -0.6266368130762697,
                        0.7741437808158697,
                        0.7259509998646485,
                        -0.9354590093649655,
                        0.7739614293699801,
                        0.0
                    ]
                ]
            },
            "est_params": {
                "mui": [
                    -0.1604202774708503,
                    -0.056974638208183805,
                    -0.01905727499851029,
                    0.9999824186116769,
                    0.5907915170700699,
                    -0.062138406953672363,
                    0.8783532119371925,
                    2.0247941801657126
                ],
                "Si": [
                    [
                        1.1481284702168517,
                        0.952109204474549,
                        -1.32155997425655,
                        -1.5044783049972642e-05,
                        -0.5320881391727477,
                        -1.8104522695445637,
                        0.7930019052808213,
                        3.0700386949066925
                    ],
                    [
                        0.952109204474549,
                        1.6957498912088624,
                        -1.866635483467714,
                        -2.5824617693871786e-05,
                        -1.1379740541452261,
                        -1.9887448158874326,
                        0.6002786573191328,
                        2.4128833723458807
                    ],
                    [
                        -1.32155997425655,
                        -1.866635483467714,
                        3.232739605308196,
                        2.254321077050862e-05,
                        1.9655067574427545,
                        3.864344558738562,
                        -2.6307323005447936,
                        -6.2819245962307955
                    ],
                    [
                        -1.5044783049972639e-05,
                        -2.5824617693871782e-05,
                        2.254321077050862e-05,
                        1.031349330465281e-06,
                        1.139786538305237e-05,
                        4.02421013576518e-05,
                        1.5975879526234357e-05,
                        -8.894593422757961e-06
                    ],
                    [
                        -0.5320881391727477,
                        -1.1379740541452261,
                        1.965506757442754,
                        1.1397865383052372e-05,
                        2.3126538384695774,
                        2.771490525674763,
                        -1.9980099060005836,
