{
    "expt_args": {
        "save_dir": "all_expt_logs/expt_logs_11.05.24-half_intv_weight_error_all_comp_utigsp_large_sample",
        "exp_name": "196",
        "num_nodes": 8,
        "obs_noise_mean": 0.0,
        "obs_noise_var": 1.0,
        "max_edge_strength": 1.0,
        "graph_sparsity_method": "adj_dense_prop",
        "adj_dense_prop": 0.8,
        "num_parents": null,
        "new_noise_mean": 1.0,
        "mix_samples": 524288,
        "stage2_samples": 524288,
        "gmm_tol": 0.001,
        "intv_type": "do",
        "new_noise_var": null,
        "intv_targets": [
            6,
            0,
            4,
            7
        ]
    },
    "intv_args_dict": {
        "6": {
            "intv_type": "do",
            "inode": 6,
            "new_mui": 1.0,
            "new_vari": null,
            "true_params": {
                "Si": [
                    [
                        1.0,
                        0.6185209614274954,
                        -0.06499797562388149,
                        1.3017601827246768,
                        2.364917869909517,
                        -0.1878737240553139,
                        0.0,
                        1.5227916722187484
                    ],
                    [
                        0.6185209614274954,
                        1.3825681797251932,
                        0.7006727797052559,
                        2.164861563533562,
                        3.8607638772932065,
                        0.18528167904460824,
                        0.0,
                        2.645334200913436
                    ],
                    [
                        -0.06499797562388149,
                        0.7006727797052559,
                        1.5531210804598834,
                        1.7139848523104788,
                        2.8813742490793413,
                        0.7972449101004195,
                        0.0,
                        2.039272154701525
                    ],
                    [
                        1.3017601827246768,
                        2.164861563533562,
                        1.7139848523104788,
                        5.169399181720503,
                        8.083116602458468,
                        1.3196416671010156,
                        0.0,
                        4.569609191566652
                    ],
                    [
                        2.364917869909517,
                        3.8607638772932065,
                        2.8813742490793413,
                        8.083116602458468,
                        14.486916595748221,
                        1.5166659555876387,
                        0.0,
                        9.151304683042438
                    ],
                    [
                        -0.1878737240553139,
                        0.18528167904460824,
                        0.7972449101004195,
                        1.3196416671010156,
                        1.5166659555876387,
                        1.9455766810806936,
                        0.0,
                        0.4199330992191225
                    ],
                    [
                        0.0,
                        0.0,
                        0.0,
                        0.0,
                        0.0,
                        0.0,
                        1e-09,
                        6.986756014030747e-10
                    ],
                    [
                        1.5227916722187484,
                        2.645334200913436,
                        2.039272154701525,
                        4.569609191566652,
                        9.151304683042438,
                        0.4199330992191225,
                        6.986756014030747e-10,
                        7.626749049898761
                    ]
                ],
                "mui": [
                    0.0,
                    0.0,
                    0.0,
                    0.0,
                    0.0,
                    0.0,
                    1.0,
                    0.6986756014030746
                ],
                "Ai": [
                    [
                        0.0,
                        0.0,
                        0.0,
                        0.0,
                        0.0,
                        0.0,
                        0.0,
                        0.0
                    ],
                    [
                        0.6185209614274954,
                        0.0,
                        0.0,
                        0.0,
                        0.0,
                        0.0,
                        0.0,
                        0.0
                    ],
                    [
                        -0.5232449341935028,
                        0.74087539007898,
                        0.0,
                        0.0,
                        0.0,
                        0.0,
                        0.0,
                        0.0
                    ],
                    [
                        0.8747678865819034,
                        0.7734915700595164,
                        0.7912316181060561,
                        0.0,
                        0.0,
                        0.0,
                        0.0,
                        0.0
                    ],
                    [
                        0.8856264108824883,
                        0.8868775650426758,
                        0.6664138889381385,
                        0.7482596729131845,
                        0.0,
                        0.0,
                        0.0,
                        0.0
                    ],
                    [
                        -0.7014277503208041,
                        -0.6637193872347528,
                        0.0,
                        0.7098683705641047,
                        0.0,
                        0.0,
                        0.0,
                        0.0
                    ],
                    [
                        0.0,
                        0.0,
                        0.0,
                        0.0,
                        0.0,
                        0.0,
                        0.0,
                        0.0
                    ],
                    [
                        0.6961743749817011,
                        0.7792328177928092,
                        0.7581742527034414,
                        -0.9297341196482631,
                        0.6783390387827393,
                        0.0,
                        0.6986756014030746,
                        0.0
                    ]
                ]
            },
            "est_params": {
                "mui": [
                    0.0011617421179282755,
                    -0.0014847177752549824,
                    -0.004636683879538389,
                    0.002706460557699803,
                    0.0010458006296252818,
                    0.0020975876166219685,
                    1.0000002935829961,
                    0.6899142528784058
                ],
                "Si": [
                    [
                        0.9959132583258135,
                        0.6175555849624881,
                        -0.06963422395917805,
                        1.2876912575134698,
                        2.3491013523479567,
                        -0.19828325109850473,
                        -1.8341744624524167e-07,
                        1.5176020986684413
                    ],
                    [
                        0.6175555849624881,
                        1.3809529049532268,
                        0.6926885547658211,
                        2.149987084178933,
                        3.839395827064447,
                        0.17213330590427384,
                        -1.6732044184493316e-07,
                        2.6356165151577318
                    ],
                    [
                        -0.06963422395917805,
                        0.6926885547658209,
                        1.5540508653582723,
                        1.6987982117518128,
                        2.8566264787548605,
                        0.7964277015987514,
                        -2.0343881303023999e-07,
                        2.026644260686287
                    ],
                    [
                        1.2876912575134698,
                        2.149987084178933,
                        1.698798211751813,
                        5.122533807664669,
                        8.016985025572517,
                        1.3007126812619896,
                        -3.610159019338869e-07,
                        4.5302199184418654
                    ],
                    [
                        2.3491013523479563,
                        3.839395827064447,
                        2.8566264787548605,
                        8.016985025572517,
                        14.383979887952652,
                        1.484489581751296,
                        -6.456276868943264e-07,
                        9.087681182346007
                    ],
                    [
                        -0.19828325109850473,
                        0.17213330590427384,
                        0.7964277015987514,
                        1.3007126812619896,
                        1.4844895817512962,
                        1.9432144556199515,
                        -2.154567435682362e-08,
                        0.398842309889152
                    ],
                    [
                        -1.8341744624524157e-07,
                        -1.6732044184493294e-07,
                        -2.0343881303023988e-07,
                        -3.610159019338865e-07,
                        -6.456276868943258e-07,
                        -2.154567435682372e-08,
                        1.005181881374804e-06,
                        -3.4843593016623045e-07
                    ],
                    [
                        1.5176020986684413,
                        2.6356165151577318,
                        2.026644260686287,
                        4.530219918441866,
                        9.087681182346007,
                        0.398842309889152,
                        -3.484359301662301e-07,
                        7.591941826717885
                    ]
                ]
            },
            "est_tgt": [
                1,
                2,
                3,
                5,
                6
            ],
            "oracle_est_tgt": [
                3,
                5,
                6
            ],
            "intv_base_est_tgt": [
                0,
                1,
                2,
                3,
                4,
                5,
                6,
                7
            ]
        },
        "0": {
            "intv_type": "do",
            "inode": 0,
            "new_mui": 1.0,
            "new_vari": null,
            "true_params": {
                "Si": [
                    [
                        1e-09,
                        6.185209614274953e-10,
                        -6.49979756238815e-11,
                        1.301760182724677e-09,
                        2.364917869909517e-09,
                        -1.8787372405531393e-10,
                        2.2945777704671767e-09,
                        3.1259571759660292e-09
                    ],
                    [
                        6.185209614274953e-10,
                        1.0000000003825682,
                        0.7408753900387773,
                        1.3596956045718291,
                        2.3980126041624588,
                        0.3014855153580611,
                        1.102584064115925,
                        2.473804216794431
                    ],
                    [
                        -6.49979756238815e-11,
                        0.7408753900387773,
                        1.5488963436289054,
                        1.7985966288507451,
                        3.035089122986487,
                        0.7850334983761158,
                        1.8261361221490515,
                        3.4141272839800374
                    ],
                    [
                        1.301760182724677e-09,
                        1.3596956045718291,
                        1.7985966288507451,
                        3.4748196100876982,
                        5.004560687074758,
                        1.56420820021186,
                        3.77070874661164,
                        5.221801829324589
                    ],
                    [
                        2.364917869909517e-09,
                        2.3980126041624588,
                        3.035089122986487,
                        5.004560687074758,
                        8.894080069923689,
                        1.9609718824481943,
                        5.632472746242206,
                        9.485298732231403
                    ],
                    [
                        -1.8787372405531393e-10,
                        0.3014855153580611,
                        0.7850334983761158,
                        1.56420820021186,
                        1.9609718824481943,
                        1.910280144925578,
                        2.5293951546773714,
                        2.473252322233421
                    ],
                    [
                        2.2945777704671767e-09,
                        1.102584064115925,
                        1.8261361221490515,
                        3.77070874661164,
                        5.632472746242206,
                        2.5293951546773714,
                        6.125259816108974,
                        6.838238235922002
                    ],
                    [
                        3.1259571759660292e-09,
                        2.473804216794431,
                        3.4141272839800374,
                        5.221801829324589,
                        9.485298732231403,
                        2.473252322233421,
                        6.838238235922002,
                        11.873244144707169
                    ]
                ],
                "mui": [
                    1.0,
                    0.6185209614274954,
                    -0.06499797562388149,
                    1.3017601827246768,
                    2.364917869909517,
                    -0.1878737240553139,
                    2.2945777704671766,
                    3.125957175966029
                ],
                "Ai": [
                    [
                        0.0,
                        0.0,
                        0.0,
                        0.0,
                        0.0,
                        0.0,
                        0.0,
                        0.0
                    ],
                    [
                        0.6185209614274954,
                        0.0,
                        0.0,
                        0.0,
                        0.0,
                        0.0,
                        0.0,
                        0.0
                    ],
                    [
                        -0.5232449341935028,
                        0.74087539007898,
                        0.0,
                        0.0,
                        0.0,
                        0.0,
                        0.0,
                        0.0
                    ],
                    [
                        0.8747678865819034,
                        0.7734915700595164,
                        0.7912316181060561,
                        0.0,
                        0.0,
                        0.0,
                        0.0,
                        0.0
                    ],
                    [
                        0.8856264108824883,
                        0.8868775650426758,
                        0.6664138889381385,
                        0.7482596729131845,
                        0.0,
                        0.0,
                        0.0,
                        0.0
                    ],
                    [
                        -0.7014277503208041,
                        -0.6637193872347528,
                        0.0,
                        0.7098683705641047,
                        0.0,
                        0.0,
                        0.0,
                        0.0
                    ],
                    [
                        0.7164588419168504,
                        -0.9430220152539064,
                        -0.5668373032951434,
                        0.5969927574252545,
                        0.616183905889808,
                        0.5844947018676547,
                        0.0,
                        0.0
                    ],
                    [
                        0.6961743749817011,
                        0.7792328177928092,
                        0.7581742527034414,
                        -0.9297341196482631,
                        0.6783390387827393,
                        0.0,
                        0.6986756014030746,
                        0.0
                    ]
                ]
            },
            "est_params": {
                "mui": [
                    1.000000491163042,
                    0.6198327782397756,
                    -0.065594068247739,
                    1.300757426562042,
                    2.36749276697977,
                    -0.19149727806659436,
                    2.29003691820582,
                    3.1252995491180227
                ],
                "Si": [
                    [
                        1.0106539404074774e-06,
                        -1.651344049821941e-07,
                        1.461612226199765e-07,
                        3.5186726497240644e-07,
                        6.398483411491204e-08,
                        5.25875176392174e-07,
                        6.337776688146802e-07,
                        4.425512602570755e-07
                    ],
                    [
                        -1.651344049821941e-07,
                        1.006788965041337,
                        0.7414183757909617,
                        1.3654853335606092,
                        2.4187240367335336,
                        0.30572543324974555,
                        1.1156272047792137,
                        2.4938047349627066
                    ],
                    [
                        1.4616122261997626e-07,
                        0.7414183757909617,
                        1.5444233430823717,
                        1.8027222054049723,
                        3.0433692105393817,
                        0.7936093270959264,
                        1.8390489419560723,
                        3.420147191663654
                    ],
                    [
                        3.5186726497240654e-07,
                        1.3654853335606092,
                        1.8027222054049723,
                        3.4900774940141868,
                        5.040899498174135,
                        1.5817375345199458,
                        3.8066718298350253,
                        5.26449823457487
                    ],
                    [
                        6.398483411491203e-08,
                        2.4187240367335336,
                        3.0433692105393817,
                        5.040899498174135,
                        8.967846869872153,
                        1.9904809581592322,
                        5.69695032857388,
                        9.56574219238359
                    ],
                    [
                        5.25875176392174e-07,
                        0.30572543324974555,
                        0.7936093270959264,
                        1.5817375345199458,
                        1.9904809581592324,
                        1.9278197638395405,
                        2.555730620869314,
                        2.5132339774996844
                    ],
                    [
                        6.337776688146802e-07,
                        1.1156272047792137,
                        1.8390489419560723,
                        3.8066718298350253,
                        5.69695032857388,
                        2.555730620869314,
                        6.180311758834621,
                        6.912771310378825
                    ],
                    [
                        4.4255126025707627e-07,
                        2.4938047349627066,
                        3.420147191663654,
                        5.26449823457487,
                        9.56574219238359,
                        2.5132339774996844,
                        6.912771310378827,
                        11.959041408265914
                    ]
                ]
            },
            "est_tgt": [
                0
            ],
            "oracle_est_tgt": [
                0
            ],
            "intv_base_est_tgt": [
                0,
                1,
                2,
                3,
                4,
                5,
                6,
                7
            ]
        },
        "4": {
            "intv_type": "do",
            "inode": 4,
            "new_mui": 1.0,
            "new_vari": null,
            "true_params": {
                "Si": [
                    [
                        1.0,
                        0.6185209614274954,
                        -0.06499797562388149,
                        1.3017601827246768,
                        0.0,
                        -0.1878737240553139,
                        0.8373534402777256,
                        0.5036139760171768
                    ],
                    [
                        0.6185209614274954,
                        1.3825681797251932,
                        0.7006727797052559,
                        2.164861563533562,
                        0.0,
                        0.18528167904460824,
                        0.14288794572739005,
                        0.12625966483757534
                    ],
                    [
                        -0.06499797562388149,
                        0.7006727797052559,
                        1.5531210804598834,
                        1.7139848523104788,
                        0.0,
                        0.7972449101004195,
                        -0.0984632268217521,
                        0.015929661991932548
                    ],
                    [
                        1.3017601827246768,
                        2.164861563533562,
                        1.7139848523104788,
                        5.169399181720503,
                        0.0,
                        1.3196416671010156,
                        1.7770123615183704,
                        0.328070825470719
                    ],
                    [
                        0.0,
                        0.0,
                        0.0,
                        0.0,
                        1e-09,
                        0.0,
                        6.161839058898081e-10,
                        1.1088516998051966e-09
                    ],
                    [
                        -0.1878737240553139,
                        0.18528167904460824,
                        0.7972449101004195,
                        1.3196416671010156,
                        0.0,
                        1.9455766810806936,
                        1.1637591317921654,
                        0.2042094840445101
                    ],
                    [
                        0.8373534402777256,
                        0.14288794572739005,
                        -0.0984632268217521,
                        1.7770123615183704,
                        6.161839058898081e-10,
                        1.1637591317921654,
                        3.2620699843704357,
                        1.2466143861141024
                    ],
                    [
                        0.5036139760171768,
                        0.12625966483757534,
                        0.015929661991932548,
                        0.328070825470719,
                        1.1088516998051966e-09,
                        0.2042094840445101,
                        1.2466143861141024,
                        2.0270266955541936
                    ]
                ],
                "mui": [
                    0.0,
                    0.0,
                    0.0,
                    0.0,
                    1.0,
                    0.0,
                    0.616183905889808,
                    1.1088516998051965
                ],
                "Ai": [
                    [
                        0.0,
                        0.0,
                        0.0,
                        0.0,
                        0.0,
                        0.0,
                        0.0,
                        0.0
                    ],
                    [
                        0.6185209614274954,
                        0.0,
                        0.0,
                        0.0,
                        0.0,
                        0.0,
                        0.0,
                        0.0
                    ],
                    [
                        -0.5232449341935028,
                        0.74087539007898,
                        0.0,
                        0.0,
                        0.0,
                        0.0,
                        0.0,
                        0.0
                    ],
                    [
                        0.8747678865819034,
                        0.7734915700595164,
                        0.7912316181060561,
                        0.0,
                        0.0,
                        0.0,
                        0.0,
                        0.0
                    ],
                    [
                        0.0,
                        0.0,
                        0.0,
                        0.0,
                        0.0,
                        0.0,
                        0.0,
                        0.0
                    ],
                    [
                        -0.7014277503208041,
                        -0.6637193872347528,
                        0.0,
                        0.7098683705641047,
                        0.0,
                        0.0,
                        0.0,
                        0.0
                    ],
                    [
                        0.7164588419168504,
                        -0.9430220152539064,
                        -0.5668373032951434,
                        0.5969927574252545,
                        0.616183905889808,
                        0.5844947018676547,
                        0.0,
                        0.0
                    ],
                    [
                        0.6961743749817011,
                        0.7792328177928092,
                        0.7581742527034414,
                        -0.9297341196482631,
                        0.6783390387827393,
                        0.0,
                        0.6986756014030746,
                        0.0
                    ]
                ]
            },
            "est_params": {
                "mui": [
                    0.00311298016659627,
                    0.0011268517900181049,
                    -0.0010407960137119405,
                    0.0025650742451399514,
                    0.9999999507572765,
                    -0.00826034550603269,
                    0.6122246749097794,
                    1.1105681044228393
                ],
                "Si": [
                    [
                        1.0020871893947387,
                        0.6203435753291887,
                        -0.06170064887767022,
                        1.305611282202164,
                        -8.368956497686023e-08,
                        -0.1853229388588897,
                        0.8422015901418236,
                        0.5058077780137332
                    ],
                    [
                        0.6203435753291887,
                        1.3768149827884473,
                        0.7004109492399944,
                        2.1613946351546067,
                        -1.4526359894221843e-07,
                        0.1871686608150896,
                        0.15192982470911598,
                        0.12952471115210762
                    ],
                    [
                        -0.0617006488776702,
                        0.7004109492399945,
                        1.5566028695003,
                        1.7147752818020163,
                        -6.409850335585597e-09,
                        0.7989912972180824,
                        -0.09623974319529195,
                        0.014729887171684844
                    ],
                    [
                        1.305611282202164,
                        2.1613946351546067,
                        1.7147752818020163,
                        5.159076710308008,
                        -1.8351832702492205e-07,
                        1.316645144261281,
                        1.7818295631271106,
                        0.33322077356752833
                    ],
                    [
                        -8.368956497686023e-08,
                        -1.4526359894221845e-07,
                        -6.409850335585564e-09,
                        -1.8351832702492202e-07,
                        1.005768718611553e-06,
                        -1.763357479792441e-07,
                        -3.572165488380488e-08,
                        -4.0846184635005804e-08
                    ],
                    [
                        -0.1853229388588897,
                        0.1871686608150896,
                        0.7989912972180824,
                        1.316645144261281,
                        -1.7633574797924413e-07,
                        1.93955906050673,
                        1.1624823590733557,
                        0.21487917587427072
                    ],
                    [
                        0.8422015901418235,
                        0.15192982470911592,
                        -0.09623974319529195,
                        1.7818295631271104,
                        -3.572165488380481e-08,
                        1.1624823590733557,
                        3.2675405953477927,
                        1.2625256459381826
                    ],
                    [
                        0.5058077780137331,
                        0.12952471115210762,
                        0.014729887171684839,
                        0.3332207735675284,
                        -4.084618463500574e-08,
                        0.21487917587427072,
                        1.2625256459381826,
                        2.038570780198908
                    ]
                ]
            },
            "est_tgt": [
                1,
                2,
                3,
                4,
                6
            ],
            "oracle_est_tgt": [
                3,
                4,
                6
            ],
            "intv_base_est_tgt": [
                0,
                1,
                2,
                3,
                4,
                5,
                6,
                7
            ]
        },
        "7": {
            "intv_type": "do",
            "inode": 7,
            "new_mui": 1.0,
            "new_vari": null,
            "true_params": {
                "Si": [
                    [
                        1.0,
                        0.6185209614274954,
                        -0.06499797562388149,
                        1.3017601827246768,
                        2.364917869909517,
                        -0.1878737240553139,
                        2.2945777704671766,
                        0.0
                    ],
                    [
                        0.6185209614274954,
                        1.3825681797251932,
                        0.7006727797052559,
                        2.164861563533562,
                        3.8607638772932065,
                        0.18528167904460824,
                        2.5218285113561976,
                        0.0
                    ],
                    [
                        -0.06499797562388149,
                        0.7006727797052559,
                        1.5531210804598834,
                        1.7139848523104788,
                        2.8813742490793413,
                        0.7972449101004195,
                        1.6769932123062685,
                        0.0
                    ],
                    [
                        1.3017601827246768,
                        2.164861563533562,
                        1.7139848523104788,
                        5.169399181720503,
                        8.083116602458468,
                        1.3196416671010156,
                        6.757698721383983,
                        0.0
                    ],
                    [
                        2.364917869909517,
                        3.8607638772932065,
                        2.8813742490793413,
                        8.083116602458468,
                        14.486916595748221,
                        1.5166659555876387,
                        11.05896071409068,
                        0.0
                    ],
                    [
                        -0.1878737240553139,
                        0.18528167904460824,
                        0.7972449101004195,
                        1.3196416671010156,
                        1.5166659555876387,
                        1.9455766810806936,
                        2.0983042842362547,
                        0.0
                    ],
                    [
                        2.2945777704671766,
                        2.5218285113561976,
                        1.6769932123062685,
                        6.757698721383983,
                        11.05896071409068,
                        2.0983042842362547,
                        11.390346955566006,
                        0.0
                    ],
                    [
                        0.0,
                        0.0,
                        0.0,
                        0.0,
                        0.0,
                        0.0,
                        0.0,
                        1e-09
                    ]
                ],
                "mui": [
                    0.0,
                    0.0,
                    0.0,
                    0.0,
                    0.0,
                    0.0,
                    0.0,
                    1.0
                ],
                "Ai": [
                    [
                        0.0,
                        0.0,
                        0.0,
                        0.0,
                        0.0,
                        0.0,
                        0.0,
                        0.0
                    ],
                    [
                        0.6185209614274954,
                        0.0,
                        0.0,
                        0.0,
                        0.0,
                        0.0,
                        0.0,
                        0.0
                    ],
                    [
                        -0.5232449341935028,
                        0.74087539007898,
                        0.0,
                        0.0,
                        0.0,
                        0.0,
                        0.0,
                        0.0
                    ],
                    [
                        0.8747678865819034,
                        0.7734915700595164,
                        0.7912316181060561,
                        0.0,
                        0.0,
                        0.0,
                        0.0,
                        0.0
                    ],
                    [
                        0.8856264108824883,
                        0.8868775650426758,
                        0.6664138889381385,
                        0.7482596729131845,
                        0.0,
                        0.0,
                        0.0,
                        0.0
                    ],
                    [
                        -0.7014277503208041,
                        -0.6637193872347528,
                        0.0,
                        0.7098683705641047,
                        0.0,
                        0.0,
                        0.0,
                        0.0
                    ],
                    [
                        0.7164588419168504,
                        -0.9430220152539064,
                        -0.5668373032951434,
                        0.5969927574252545,
                        0.616183905889808,
                        0.5844947018676547,
                        0.0,
                        0.0
                    ],
                    [
                        0.0,
                        0.0,
                        0.0,
                        0.0,
                        0.0,
                        0.0,
                        0.0,
                        0.0
                    ]
                ]
            },
            "est_params": {
                "mui": [
                    0.003115179021034925,
                    -0.0003020009514363882,
                    -0.004484066644200017,
                    -0.003675862022636927,
                    0.001998037624566041,
                    -0.0011262621514345097,
                    0.001592183816498782,
                    0.9999998234240536
                ],
                "Si": [
                    [
                        0.9966774270948304,
                        0.6158548784100087,
                        -0.06680747298712042,
                        1.2945549807296184,
                        2.3532898716292943,
                        -0.19240529800731918,
                        2.2825368075586066,
                        -9.586840437160518e-08
                    ],
                    [
                        0.6158548784100087,
                        1.382589538561205,
                        0.7029053623147768,
                        2.167541353309028,
                        3.86373741787221,
                        0.18953650165195315,
                        2.5220033906282016,
                        1.416162443382495e-07
                    ],
                    [
                        -0.06680747298712043,
                        0.7029053623147768,
                        1.5628905363236107,
                        1.7203764005134037,
                        2.89140567427667,
                        0.8056716279577255,
                        1.682978929115222,
                        7.667593059955e-09
                    ],
                    [
                        1.2945549807296184,
                        2.167541353309028,
                        1.7203764005134037,
                        5.172271766151776,
                        8.083392529103678,
                        1.3231251375539008,
                        6.745151447639523,
                        3.5501010414336785e-08
                    ],
                    [
                        2.3532898716292943,
                        3.86373741787221,
                        2.89140567427667,
                        8.083392529103678,
                        14.480236270002834,
                        1.5224295969665746,
                        11.03840177842415,
                        -1.1326691958337555e-08
                    ],
                    [
                        -0.19240529800731912,
                        0.18953650165195324,
                        0.8056716279577255,
                        1.3231251375539008,
                        1.5224295969665746,
                        1.9487753014055589,
