{
    "expt_args": {
        "save_dir": "all_expt_logs/expt_logs_11.05.24-half_intv_weight_error_all_comp_utigsp_large_sample",
        "exp_name": "197",
        "num_nodes": 8,
        "obs_noise_mean": 0.0,
        "obs_noise_var": 1.0,
        "max_edge_strength": 1.0,
        "graph_sparsity_method": "adj_dense_prop",
        "adj_dense_prop": 0.8,
        "num_parents": null,
        "new_noise_mean": 1.0,
        "mix_samples": 1048576,
        "stage2_samples": 1048576,
        "gmm_tol": 0.001,
        "intv_type": "do",
        "new_noise_var": null,
        "intv_targets": [
            7,
            5,
            1,
            4
        ]
    },
    "intv_args_dict": {
        "7": {
            "intv_type": "do",
            "inode": 7,
            "new_mui": 1.0,
            "new_vari": null,
            "true_params": {
                "Si": [
                    [
                        1.0,
                        0.7482673782898415,
                        1.3478186498584017,
                        -1.3119574860599206,
                        -0.37228172662264636,
                        3.3194936359109866,
                        0.7923554636801895,
                        0.0
                    ],
                    [
                        0.7482673782898415,
                        1.5599040694127528,
                        1.6426790764452253,
                        -0.5755901813526823,
                        -0.6696985141137701,
                        3.4854926055347173,
                        0.7916601399455072,
                        0.0
                    ],
                    [
                        1.3478186498584017,
                        1.6426790764452253,
                        3.2187617779231243,
                        -2.29036628219998,
                        -1.1424721907598216,
                        6.526667121406598,
                        1.2393334620284022,
                        0.0
                    ],
                    [
                        -1.3119574860599206,
                        -0.5755901813526823,
                        -2.29036628219998,
                        3.4939562572362335,
                        1.1393741167476468,
                        -5.950403911914573,
                        -1.6163374389111884,
                        0.0
                    ],
                    [
                        -0.37228172662264636,
                        -0.6696985141137701,
                        -1.1424721907598216,
                        1.1393741167476468,
                        1.6994460620373926,
                        -3.2081084597572307,
                        -0.2676589931129932,
                        0.0
                    ],
                    [
                        3.3194936359109866,
                        3.4854926055347173,
                        6.526667121406598,
                        -5.950403911914573,
                        -3.2081084597572307,
                        16.163474945027453,
                        3.7617372327751313,
                        0.0
                    ],
                    [
                        0.7923554636801895,
                        0.7916601399455072,
                        1.2393334620284022,
                        -1.6163374389111884,
                        -0.2676589931129932,
                        3.7617372327751313,
                        2.5599601863051036,
                        0.0
                    ],
                    [
                        0.0,
                        0.0,
                        0.0,
                        0.0,
                        0.0,
                        0.0,
                        0.0,
                        1e-09
                    ]
                ],
                "mui": [
                    0.0,
                    0.0,
                    0.0,
                    0.0,
                    0.0,
                    0.0,
                    0.0,
                    1.0
                ],
                "Ai": [
                    [
                        0.0,
                        0.0,
                        0.0,
                        0.0,
                        0.0,
                        0.0,
                        0.0,
                        0.0
                    ],
                    [
                        0.7482673782898415,
                        0.0,
                        0.0,
                        0.0,
                        0.0,
                        0.0,
                        0.0,
                        0.0
                    ],
                    [
                        0.8733046308412762,
                        0.6341503489055251,
                        0.0,
                        0.0,
                        0.0,
                        0.0,
                        0.0,
                        0.0
                    ],
                    [
                        -0.9349893117349,
                        0.9004992123041795,
                        -0.7796170198255743,
                        0.0,
                        0.0,
                        0.0,
                        0.0,
                        0.0
                    ],
                    [
                        0.7342311018738709,
                        -0.5956737923574967,
                        -0.0,
                        0.5036669012482206,
                        0.0,
                        0.0,
                        0.0,
                        0.0
                    ],
                    [
                        0.9134917361761266,
                        0.569793180544541,
                        0.7180207495865956,
                        -0.6089244990663701,
                        -0.5721458316532759,
                        0.0,
                        0.0,
                        0.0
                    ],
                    [
                        -0.8091917377991444,
                        0.6712803054169509,
                        -0.84153743734632,
                        -0.5011347823463697,
                        0.7564143384893547,
                        0.5596099316206771,
                        0.0,
                        0.0
                    ],
                    [
                        0.0,
                        0.0,
                        0.0,
                        0.0,
                        0.0,
                        0.0,
                        0.0,
                        0.0
                    ]
                ]
            },
            "est_params": {
                "mui": [
                    -0.0022265778303063293,
                    0.0035950745963638725,
                    0.0006002052097418306,
                    0.006467104698120017,
                    0.0008806685329937238,
                    -0.005761614655211114,
                    -0.0029281050966518617,
                    0.9999998749186618
                ],
                "Si": [
                    [
                        1.0030440450370726,
                        0.7479308027942881,
                        1.3488584210560852,
                        -1.3168722021593273,
                        -0.37193047767487986,
                        3.326600024294457,
                        0.7973269034537191,
                        1.889606597516631e-08
                    ],
                    [
                        0.7479308027942881,
                        1.558307628460293,
                        1.6414422477768809,
                        -0.5734384343356095,
                        -0.6676004884500741,
                        3.486238083587154,
                        0.7925996315449758,
                        1.0559447984402637e-07
                    ],
                    [
                        1.3488584210560852,
                        1.6414422477768809,
                        3.2223007226048574,
                        -2.29461174536947,
                        -1.1394494647331406,
                        6.537012720134793,
                        1.2480167784085985,
                        1.0475549184893353e-07
                    ],
                    [
                        -1.3168722021593273,
                        -0.5734384343356094,
                        -2.29461174536947,
                        3.504654564213096,
                        1.1354490152925683,
                        -5.959473428386746,
                        -1.6253485321902432,
                        6.298963292950824e-08
                    ],
                    [
                        -0.37193047767487986,
                        -0.6676004884500741,
                        -1.1394494647331406,
                        1.1354490152925683,
                        1.6952861290179306,
                        -3.2009537010702966,
                        -0.27012579372394435,
                        -1.0105267742751459e-07
                    ],
                    [
                        3.326600024294457,
                        3.4862380835871534,
                        6.537012720134793,
                        -5.959473428386746,
                        -3.2009537010702966,
                        16.192353430373178,
                        3.778873477763822,
                        2.111227376660095e-07
                    ],
                    [
                        0.7973269034537191,
                        0.7925996315449758,
                        1.2480167784085985,
                        -1.6253485321902434,
                        -0.27012579372394435,
                        3.778873477763822,
                        2.557921229610568,
                        -7.102284326981475e-08
                    ],
                    [
                        1.889606597516637e-08,
                        1.055944798440263e-07,
                        1.0475549184893335e-07,
                        6.298963292950835e-08,
                        -1.0105267742751463e-07,
                        2.1112273766600957e-07,
                        -7.102284326981468e-08,
                        1.0039489777484092e-06
                    ]
                ]
            },
            "est_tgt": [
                7
            ],
            "oracle_est_tgt": [
                7
            ],
            "intv_base_est_tgt": [
                0,
                1,
                2,
                3,
                4,
                5,
                6,
                7
            ]
        },
        "5": {
            "intv_type": "do",
            "inode": 5,
            "new_mui": 1.0,
            "new_vari": null,
            "true_params": {
                "Si": [
                    [
                        1.0,
                        0.7482673782898415,
                        1.3478186498584017,
                        -1.3119574860599206,
                        -0.37228172662264636,
                        0.0,
                        -1.0652661429272303,
                        -3.8705541330851227
                    ],
                    [
                        0.7482673782898415,
                        1.5599040694127528,
                        1.6426790764452253,
                        -0.5755901813526823,
                        -0.6696985141137701,
                        0.0,
                        -1.1588561387021514,
                        -3.6769883445735356
                    ],
                    [
                        1.3478186498584017,
                        1.6426790764452253,
                        3.2187617779231243,
                        -2.29036628219998,
                        -1.1424721907598216,
                        0.0,
                        -2.4130542794928656,
                        -7.101309858258405
                    ],
                    [
                        -1.3119574860599206,
                        -0.5755901813526823,
                        -2.29036628219998,
                        3.4939562572362335,
                        1.1393741167476468,
                        0.0,
                        1.7135676873507346,
                        6.357615940503973
                    ],
                    [
                        -0.37228172662264636,
                        -0.6696985141137701,
                        -1.1424721907598216,
                        1.1393741167476468,
                        1.6994460620373926,
                        0.0,
                        1.5276303626834662,
                        1.7046410998545691
                    ],
                    [
                        0.0,
                        0.0,
                        0.0,
                        0.0,
                        0.0,
                        1e-09,
                        5.596099316206771e-10,
                        -5.12058722800789e-10
                    ],
                    [
                        -1.0652661429272303,
                        -1.1588561387021514,
                        -2.4130542794928656,
                        1.7135676873507346,
                        1.5276303626834662,
                        5.596099316206771e-10,
                        3.4115559137559335,
                        4.743141155193295
                    ],
                    [
                        -3.8705541330851227,
                        -3.6769883445735356,
                        -7.101309858258405,
                        6.357615940503973,
                        1.7046410998545691,
                        -5.12058722800789e-10,
                        4.743141155193295,
                        19.50037855391162
                    ]
                ],
                "mui": [
                    0.0,
                    0.0,
                    0.0,
                    0.0,
                    0.0,
                    1.0,
                    0.5596099316206771,
                    -0.5120587228007889
                ],
                "Ai": [
                    [
                        0.0,
                        0.0,
                        0.0,
                        0.0,
                        0.0,
                        0.0,
                        0.0,
                        0.0
                    ],
                    [
                        0.7482673782898415,
                        0.0,
                        0.0,
                        0.0,
                        0.0,
                        0.0,
                        0.0,
                        0.0
                    ],
                    [
                        0.8733046308412762,
                        0.6341503489055251,
                        0.0,
                        0.0,
                        0.0,
                        0.0,
                        0.0,
                        0.0
                    ],
                    [
                        -0.9349893117349,
                        0.9004992123041795,
                        -0.7796170198255743,
                        0.0,
                        0.0,
                        0.0,
                        0.0,
                        0.0
                    ],
                    [
                        0.7342311018738709,
                        -0.5956737923574967,
                        -0.0,
                        0.5036669012482206,
                        0.0,
                        0.0,
                        0.0,
                        0.0
                    ],
                    [
                        0.0,
                        0.0,
                        0.0,
                        0.0,
                        0.0,
                        0.0,
                        0.0,
                        0.0
                    ],
                    [
                        -0.8091917377991444,
                        0.6712803054169509,
                        -0.84153743734632,
                        -0.5011347823463697,
                        0.7564143384893547,
                        0.5596099316206771,
                        0.0,
                        0.0
                    ],
                    [
                        -0.9717735237803657,
                        -0.8659955386822445,
                        -0.9890306588285848,
                        0.9395560409556138,
                        -0.8458839858942362,
                        -0.5120587228007889,
                        -0.0,
                        0.0
                    ]
                ]
            },
            "est_params": {
                "mui": [
                    -0.013128330130197416,
                    -0.020336800598663243,
                    -0.03072367111892968,
                    0.02132871409002031,
                    0.012647961167025183,
                    1.0000001960896756,
                    0.5814832129964976,
                    -0.44195523555343336
                ],
                "Si": [
                    [
                        0.9787483009272568,
                        0.728840798603865,
                        1.3107465693367746,
                        -1.2799868306836961,
                        -0.3622968136134989,
                        1.7360613689522112e-07,
                        -1.0367756798111427,
                        -3.7723092470993493
                    ],
                    [
                        0.728840798603865,
                        1.5446167314974872,
                        1.609398187198202,
                        -0.5455745266708145,
                        -0.6578419921323299,
                        -1.4229694854167325e-07,
                        -1.1275558716710425,
                        -3.5931962100672505
                    ],
                    [
                        1.3107465693367746,
                        1.609398187198202,
                        3.154842895238877,
                        -2.2355575430599477,
                        -1.125301365522407,
                        3.127550330010787e-08,
                        -2.3637254300795028,
                        -6.931965017576798
                    ],
                    [
                        -1.2799868306836963,
                        -0.5455745266708145,
                        -2.2355575430599477,
                        3.44564968437075,
                        1.1287588374893038,
                        -5.79663132928579e-07,
                        1.6789888715831174,
                        6.2021474960700225
                    ],
                    [
                        -0.3622968136134989,
                        -0.6578419921323302,
                        -1.125301365522407,
                        1.1287588374893038,
                        1.6909868176835583,
                        -9.427109573617236e-08,
                        1.508242166873427,
                        1.6652577422640729
                    ],
                    [
                        1.7360613689522133e-07,
                        -1.422969485416732e-07,
                        3.1275503300107934e-08,
                        -5.796631329285792e-07,
                        -9.427109573617239e-08,
                        1.0047522788316328e-06,
                        5.336571120639447e-08,
                        -5.397906448258623e-07
                    ],
                    [
                        -1.0367756798111427,
                        -1.1275558716710425,
                        -2.3637254300795028,
                        1.6789888715831174,
                        1.508242166873427,
                        5.336571120639455e-08,
                        3.3702106609537417,
                        4.619448941104756
                    ],
                    [
                        -3.7723092470993493,
                        -3.593196210067251,
                        -6.931965017576798,
                        6.2021474960700225,
                        1.6652577422640729,
                        -5.397906448258623e-07,
                        4.619448941104756,
                        19.034662687152014
                    ]
                ]
            },
            "est_tgt": [
                1,
                2,
                3,
                4,
                5
            ],
            "oracle_est_tgt": [
                5
            ],
            "intv_base_est_tgt": [
                0,
                1,
                2,
                3,
                4,
                6,
                7
            ]
        },
        "1": {
            "intv_type": "do",
            "inode": 1,
            "new_mui": 1.0,
            "new_vari": null,
            "true_params": {
                "Si": [
                    [
                        1.0,
                        0.0,
                        0.8733046308412762,
                        -1.615832465431249,
                        -0.0796102289261588,
                        2.5700112170551908,
                        0.6436250548025627,
                        -4.602319375874471
                    ],
                    [
                        0.0,
                        1e-09,
                        6.341503489055252e-10,
                        4.0610480716910587e-10,
                        -3.911322425486271e-10,
                        1.0016238053417898e-09,
                        1.9876639446390005e-10,
                        -1.2936691573712038e-09
                    ],
                    [
                        0.8733046308412762,
                        6.341503489055252e-10,
                        1.7626609786509642,
                        -2.190730994292829,
                        -0.4621912703675048,
                        3.6618143030134225,
                        0.6074149533736619,
                        -6.134398368909366
                    ],
                    [
                        -1.615832465431249,
                        4.0610480716910587e-10,
                        -2.190730994292829,
                        4.21871725410826,
                        0.9384337948400436,
                        -6.154841189310693,
                        -1.6975110040451724,
                        10.05847860776486
                    ],
                    [
                        -0.0796102289261588,
                        -3.911322425486271e-10,
                        -0.4621912703675048,
                        0.9384337948400436,
                        1.4142057356017956,
                        -1.7851534540183054,
                        0.05382527458153802,
                        1.134045003809205
                    ],
                    [
                        2.5700112170551908,
                        1.0016238053417898e-09,
                        3.6618143030134225,
                        -6.154841189310693,
                        -1.7851534540183054,
                        10.746144355539297,
                        2.5865527719318817,
                        -15.89455792518928
                    ],
                    [
                        0.6436250548025627,
                        1.9876639446390005e-10,
                        0.6074149533736619,
                        -1.6975110040451724,
                        0.05382527458153802,
                        2.5865527719318817,
                        2.3068781371221867,
                        -4.1911133642848695
                    ],
                    [
                        -4.602319375874471,
                        -1.2936691573712038e-09,
                        -6.134398368909366,
                        10.05847860776486,
                        1.134045003809205,
                        -15.89455792518928,
                        -4.1911133642848695,
                        28.169701040294218
                    ]
                ],
                "mui": [
                    0.0,
                    1.0,
                    0.6341503489055251,
                    0.40610480716910585,
                    -0.39113224254862705,
                    1.0016238053417896,
                    0.19876639446390004,
                    -1.2936691573712038
                ],
                "Ai": [
                    [
                        0.0,
                        0.0,
                        0.0,
                        0.0,
                        0.0,
                        0.0,
                        0.0,
                        0.0
                    ],
                    [
                        0.0,
                        0.0,
                        0.0,
                        0.0,
                        0.0,
                        0.0,
                        0.0,
                        0.0
                    ],
                    [
                        0.8733046308412762,
                        0.6341503489055251,
                        0.0,
                        0.0,
                        0.0,
                        0.0,
                        0.0,
                        0.0
                    ],
                    [
                        -0.9349893117349,
                        0.9004992123041795,
                        -0.7796170198255743,
                        0.0,
                        0.0,
                        0.0,
                        0.0,
                        0.0
                    ],
                    [
                        0.7342311018738709,
                        -0.5956737923574967,
                        -0.0,
                        0.5036669012482206,
                        0.0,
                        0.0,
                        0.0,
                        0.0
                    ],
                    [
                        0.9134917361761266,
                        0.569793180544541,
                        0.7180207495865956,
                        -0.6089244990663701,
                        -0.5721458316532759,
                        0.0,
                        0.0,
                        0.0
                    ],
                    [
                        -0.8091917377991444,
                        0.6712803054169509,
                        -0.84153743734632,
                        -0.5011347823463697,
                        0.7564143384893547,
                        0.5596099316206771,
                        0.0,
                        0.0
                    ],
                    [
                        -0.9717735237803657,
                        -0.8659955386822445,
                        -0.9890306588285848,
                        0.9395560409556138,
                        -0.8458839858942362,
                        -0.5120587228007889,
                        -0.0,
                        0.0
                    ]
                ]
            },
            "est_params": {
                "mui": [
                    -0.0036214556181778375,
                    1.0000002637113208,
                    0.6312288252865018,
                    0.41311022342408704,
                    -0.38972352175061864,
                    0.9905662438895778,
                    0.1944685550023318,
                    -1.2739768146468036
                ],
                "Si": [
                    [
                        0.9993148327696743,
                        1.9892270971062437e-07,
                        0.8721583305520375,
                        -1.6139170753258547,
                        -0.07837682099724277,
                        2.5688805879199608,
                        0.6410752395894529,
                        -4.604400555992381
                    ],
                    [
                        1.989227097106243e-07,
                        1.0102923973938523e-06,
                        3.5574697009841243e-07,
                        -6.937397056048639e-07,
                        -1.827563766992717e-08,
                        1.1060722297652117e-06,
                        3.059058370603627e-07,
                        -1.3342212659632218e-06
                    ],
                    [
                        0.8721583305520375,
                        3.5574697009841243e-07,
                        1.7664556808764613,
                        -2.1945262114390744,
                        -0.46225036281114096,
                        3.6669886886909286,
                        0.6049214172378056,
                        -6.14645707981436
                    ],
                    [
                        -1.6139170753258547,
                        -6.937397056048639e-07,
                        -2.1945262114390744,
                        4.2181521512926645,
                        0.9410660674245014,
                        -6.156270782431548,
                        -1.6843254770308038,
                        10.069329538260575
                    ],
                    [
                        -0.07837682099724277,
                        -1.827563766992727e-08,
                        -0.4622503628111409,
                        0.9410660674245013,
                        1.4207896314548687,
                        -1.7861883650480592,
                        0.05588783859873945,
                        1.1364714250457204
                    ],
                    [
                        2.5688805879199608,
                        1.1060722297652121e-06,
                        3.6669886886909286,
                        -6.156270782431548,
                        -1.7861883650480592,
                        10.753088302384457,
                        2.574075097051287,
                        -15.91603945789961
                    ],
                    [
                        0.6410752395894529,
                        3.059058370603626e-07,
                        0.6049214172378056,
                        -1.6843254770308038,
                        0.05588783859873942,
                        2.574075097051288,
                        2.2899981956993667,
                        -4.172467234762425
                    ],
                    [
                        -4.604400555992381,
                        -1.3342212659632218e-06,
                        -6.14645707981436,
                        10.069329538260575,
                        1.1364714250457204,
                        -15.91603945789961,
                        -4.172467234762425,
                        28.219921390930622
                    ]
                ]
            },
            "est_tgt": [
                1
            ],
            "oracle_est_tgt": [
                1,
                2
            ],
            "intv_base_est_tgt": [
                0,
                1,
                2,
                3,
                4,
                5,
                6,
                7
            ]
        },
        "4": {
            "intv_type": "do",
            "inode": 4,
            "new_mui": 1.0,
            "new_vari": null,
            "true_params": {
                "Si": [
                    [
                        1.0,
                        0.7482673782898415,
                        1.3478186498584017,
                        -1.3119574860599206,
                        0.0,
                        3.106494197823155,
                        0.9547580986715594,
                        -5.7761687352016615
                    ],
                    [
                        0.7482673782898415,
                        1.5599040694127528,
                        1.6426790764452253,
                        -0.5755901813526823,
                        0.0,
                        3.102327392220131,
                        1.0838066396637807,
                        -5.8320493952096815
                    ],
                    [
                        1.3478186498584017,
                        1.6426790764452253,
                        3.2187617779231243,
                        -2.29036628219998,
                        0.0,
                        5.8730064196835805,
                        1.7377207878501348,
                        -11.075032955015654
                    ],
                    [
                        -1.3119574860599206,
                        -0.5755901813526823,
                        -2.29036628219998,
                        3.4939562572362335,
                        0.0,
                        -5.298515760323774,
                        -2.1133732737866957,
                        10.03454547277444
                    ],
                    [
                        0.0,
                        0.0,
                        0.0,
                        0.0,
                        1e-09,
                        -5.721458316532759e-10,
                        4.362358487608095e-10,
                        -5.529117220820646e-10
                    ],
                    [
                        3.106494197823155,
                        3.102327392220131,
                        5.8730064196835805,
                        -5.298515760323774,
                        -5.721458316532759e-10,
                        13.048778297359961,
                        4.583923541609286,
                        -23.173987142263933
                    ],
                    [
                        0.9547580986715594,
                        1.0838066396637807,
                        1.7377207878501348,
                        -2.1133732737866957,
                        4.362358487608095e-10,
                        4.583923541609286,
                        3.116892583993835,
                        -7.9179101529968365
                    ],
                    [
                        -5.7761687352016615,
                        -5.8320493952096815,
                        -11.075032955015654,
                        10.03454547277444,
                        -5.529117220820646e-10,
                        -23.173987142263933,
                        -7.9179101529968365,
                        43.91166381935669
                    ]
                ],
                "mui": [
                    0.0,
                    0.0,
                    0.0,
                    0.0,
                    1.0,
                    -0.5721458316532759,
                    0.4362358487608095,
                    -0.5529117220820645
                ],
                "Ai": [
                    [
                        0.0,
                        0.0,
                        0.0,
                        0.0,
                        0.0,
                        0.0,
                        0.0,
                        0.0
                    ],
                    [
                        0.7482673782898415,
                        0.0,
                        0.0,
                        0.0,
                        0.0,
                        0.0,
                        0.0,
                        0.0
                    ],
                    [
                        0.8733046308412762,
                        0.6341503489055251,
                        0.0,
                        0.0,
                        0.0,
                        0.0,
                        0.0,
                        0.0
                    ],
                    [
                        -0.9349893117349,
                        0.9004992123041795,
                        -0.7796170198255743,
                        0.0,
                        0.0,
                        0.0,
                        0.0,
                        0.0
                    ],
                    [
                        0.0,
                        0.0,
                        0.0,
                        0.0,
                        0.0,
                        0.0,
                        0.0,
                        0.0
                    ],
                    [
                        0.9134917361761266,
                        0.569793180544541,
                        0.7180207495865956,
                        -0.6089244990663701,
                        -0.5721458316532759,
                        0.0,
                        0.0,
                        0.0
                    ],
                    [
                        -0.8091917377991444,
                        0.6712803054169509,
                        -0.84153743734632,
                        -0.5011347823463697,
                        0.7564143384893547,
                        0.5596099316206771,
                        0.0,
                        0.0
                    ],
                    [
                        -0.9717735237803657,
                        -0.8659955386822445,
                        -0.9890306588285848,
                        0.9395560409556138,
                        -0.8458839858942362,
                        -0.5120587228007889,
                        -0.0,
                        0.0
                    ]
                ]
            },
            "est_params": {
                "mui": [
                    0.001775452990059083,
                    0.004250733078524106,
                    -0.0010275837951863732,
                    0.0017626596955287429,
                    0.999999718629485,
                    -0.5667734295765726,
                    0.4374413153363858,
                    -0.5554738814283828
                ],
                "Si": [
                    [
                        1.003320840208467,
                        0.7471761207599394,
                        1.3512318762350393,
                        -1.3154357017258345,
                        2.90113278151549e-07,
                        3.111602494501186,
                        0.9495950340144933,
                        -5.786578164575398
                    ],
                    [
                        0.7471761207599393,
                        1.5612201214873225,
                        1.6464428765603936,
                        -0.5723447037367124,
                        5.233760137365778e-07,
                        3.1012062026971168,
                        1.0761442626766125,
                        -5.829637659396966
                    ],
                    [
                        1.3512318762350393,
                        1.6464428765603936,
                        3.2292166797674424,
                        -2.292675579318313,
                        1.0670679866633266e-06,
                        5.885239641640232,
                        1.7321589637494037,
                        -11.100699899102045
                    ],
                    [
                        -1.3154357017258347,
                        -0.5723447037367123,
                        -2.292675579318313,
                        3.4981290421793996,
                        -8.381530848232655e-07,
                        -5.303941155520134,
                        -2.107515891174858,
                        10.043419029042115
                    ],
                    [
                        2.901132781515489e-07,
                        5.233760137365776e-07,
                        1.0670679866633266e-06,
                        -8.381530848232658e-07,
                        1.0109425855713025e-06,
                        1.982348117505989e-06,
                        3.755049525158095e-07,
                        -3.690802232996442e-06
                    ],
                    [
                        3.111602494501186,
                        3.1012062026971168,
                        5.885239641640232,
