{
    "expt_args": {
        "save_dir": "all_expt_logs/expt_logs_11.05.24-half_intv_weight_error_all_comp_utigsp_large_sample",
        "exp_name": "228",
        "num_nodes": 8,
        "obs_noise_mean": 0.0,
        "obs_noise_var": 1.0,
        "max_edge_strength": 1.0,
        "graph_sparsity_method": "adj_dense_prop",
        "adj_dense_prop": 0.8,
        "num_parents": null,
        "new_noise_mean": 1.0,
        "mix_samples": 262144,
        "stage2_samples": 262144,
        "gmm_tol": 0.001,
        "intv_type": "do",
        "new_noise_var": null,
        "intv_targets": [
            6,
            2,
            5,
            0
        ]
    },
    "intv_args_dict": {
        "6": {
            "intv_type": "do",
            "inode": 6,
            "new_mui": 1.0,
            "new_vari": null,
            "true_params": {
                "Si": [
                    [
                        1.0,
                        0.9252353449840178,
                        -0.028023335261950777,
                        0.27255457384213627,
                        -0.23053781501977508,
                        -0.3442177867107168,
                        0.0,
                        -1.5535991183647084
                    ],
                    [
                        0.9252353449840178,
                        1.8560604436076944,
                        0.6373871594969346,
                        -1.1464807149513048,
                        -0.030441844636207388,
                        2.1044906930009604,
                        0.0,
                        -0.36314799066413483
                    ],
                    [
                        -0.028023335261950777,
                        0.6373871594969346,
                        1.4407725472875947,
                        -1.827389513388754,
                        0.680575542485236,
                        2.8471425516921807,
                        0.0,
                        1.8737594149613725
                    ],
                    [
                        0.27255457384213627,
                        -1.1464807149513048,
                        -1.827389513388754,
                        3.826194507191454,
                        -1.4314639829747704,
                        -4.972575295972498,
                        0.0,
                        -3.323287138867963
                    ],
                    [
                        -0.23053781501977508,
                        -0.030441844636207388,
                        0.680575542485236,
                        -1.4314639829747704,
                        1.7762925696046992,
                        0.6670934292208353,
                        0.0,
                        0.6158776712994292
                    ],
                    [
                        -0.3442177867107168,
                        2.1044906930009604,
                        2.8471425516921807,
                        -4.972575295972498,
                        0.6670934292208353,
                        9.263237625888493,
                        0.0,
                        5.296479301524325
                    ],
                    [
                        0.0,
                        0.0,
                        0.0,
                        0.0,
                        0.0,
                        0.0,
                        1e-09,
                        8.277279892657732e-10
                    ],
                    [
                        -1.5535991183647084,
                        -0.36314799066413483,
                        1.8737594149613725,
                        -3.323287138867963,
                        0.6158776712994292,
                        5.296479301524325,
                        8.277279892657732e-10,
                        6.624688589641543
                    ]
                ],
                "mui": [
                    0.0,
                    0.0,
                    0.0,
                    0.0,
                    0.0,
                    0.0,
                    1.0,
                    0.8277279892657732
                ],
                "Ai": [
                    [
                        0.0,
                        0.0,
                        0.0,
                        0.0,
                        0.0,
                        0.0,
                        0.0,
                        0.0
                    ],
                    [
                        0.9252353449840178,
                        0.0,
                        0.0,
                        0.0,
                        0.0,
                        0.0,
                        0.0,
                        0.0
                    ],
                    [
                        -0.641746132483193,
                        0.6633153397656284,
                        0.0,
                        0.0,
                        0.0,
                        0.0,
                        0.0,
                        0.0
                    ],
                    [
                        0.9942044202836684,
                        -0.8069802752848203,
                        -0.892000424762293,
                        0.0,
                        0.0,
                        0.0,
                        0.0,
                        0.0
                    ],
                    [
                        0.5712074307929009,
                        -0.6839646889005213,
                        -0.0,
                        -0.6197545634246171,
                        0.0,
                        0.0,
                        0.0,
                        0.0
                    ],
                    [
                        -0.9615742134558916,
                        0.757642397125504,
                        0.8802644874665027,
                        -0.8749992416807352,
                        -0.778665722717945,
                        0.0,
                        0.0,
                        0.0
                    ],
                    [
                        0.0,
                        0.0,
                        0.0,
                        0.0,
                        0.0,
                        0.0,
                        0.0,
                        0.0
                    ],
                    [
                        -0.9726649437475449,
                        -0.5405011430088922,
                        0.7605114713542963,
                        -0.8990661961103215,
                        -0.8046977401605531,
                        0.0,
                        0.8277279892657732,
                        0.0
                    ]
                ]
            },
            "est_params": {
                "mui": [
                    0.006517648589291955,
                    0.006694583904602275,
                    -0.002540870241772154,
                    0.0027860486392289247,
                    -0.004690097231090656,
                    -0.0009702492473629592,
                    1.0000001556780684,
                    0.8148052401778384
                ],
                "Si": [
                    [
                        1.0013309562054244,
                        0.9249513637580927,
                        -0.031887732605675824,
                        0.27948580477627527,
                        -0.23374125272087384,
                        -0.357147228585132,
                        -2.7168187718147876e-07,
                        -1.5597670497877405
                    ],
                    [
                        0.9249513637580927,
                        1.8497264231682817,
                        0.6296890496278127,
                        -1.1285861729519417,
                        -0.04150232769692731,
                        2.0833032520242685,
                        3.515699580096976e-07,
                        -0.3696219941029749
                    ],
                    [
                        -0.031887732605675824,
                        0.6296890496278127,
                        1.435375705974246,
                        -1.826447464440374,
                        0.6778503649366846,
                        2.8459076366776213,
                        -5.76910309049717e-07,
                        1.8747293384326102
                    ],
                    [
                        0.27948580477627527,
                        -1.1285861729519417,
                        -1.826447464440374,
                        3.8228638696075197,
                        -1.4302274665928851,
                        -4.960763264018895,
                        -6.448897707826874e-07,
                        -3.3324082918758204
                    ],
                    [
                        -0.23374125272087382,
                        -0.04150232769692731,
                        0.6778503649366846,
                        -1.4302274665928851,
                        1.7844520945930218,
                        0.6453405506177511,
                        -1.1932110240018846e-07,
                        0.6038327590500048
                    ],
                    [
                        -0.357147228585132,
                        2.0833032520242685,
                        2.8459076366776213,
                        -4.960763264018895,
                        0.6453405506177512,
                        9.266469810791344,
                        4.543080833778038e-07,
                        5.326425604097198
                    ],
                    [
                        -2.716818771814788e-07,
                        3.5156995800969744e-07,
                        -5.76910309049717e-07,
                        -6.448897707826873e-07,
                        -1.1932110240018838e-07,
                        4.543080833778038e-07,
                        1.0106301095923934e-06,
                        1.1566654379184844e-06
                    ],
                    [
                        -1.5597670497877405,
                        -0.369621994102975,
                        1.8747293384326102,
                        -3.3324082918758204,
                        0.6038327590500047,
                        5.326425604097198,
                        1.156665437918484e-06,
                        6.650072389272287
                    ]
                ]
            },
            "est_tgt": [
                6
            ],
            "oracle_est_tgt": [
                0,
                2,
                5,
                6,
                7
            ],
            "intv_base_est_tgt": [
                0,
                1,
                2,
                3,
                4,
                6,
                7
            ]
        },
        "2": {
            "intv_type": "do",
            "inode": 2,
            "new_mui": 1.0,
            "new_vari": null,
            "true_params": {
                "Si": [
                    [
                        1.0,
                        0.9252353449840178,
                        0.0,
                        0.24755774688522003,
                        -0.21504591744209073,
                        -0.30974064485112746,
                        0.1305522385661337,
                        -1.4142178013544748
                    ],
                    [
                        0.9252353449840178,
                        1.8560604436076944,
                        0.0,
                        -0.5779310979420076,
                        -0.3828030643110376,
                        1.320312531763532,
                        0.7682722154616001,
                        -0.43958728531466984
                    ],
                    [
                        0.0,
                        0.0,
                        1e-09,
                        -8.920004247622931e-10,
                        5.52821333823128e-10,
                        1.2303011592771186e-09,
                        2.417087979718702e-10,
                        1.3176939594672118e-09
                    ],
                    [
                        0.24755774688522003,
                        -0.5779310979420076,
                        -8.920004247622931e-10,
                        1.7125020035373157,
                        -0.5246396433850236,
                        -1.7658292963384283,
                        -0.30460662625562296,
                        -1.2980260805973485
                    ],
                    [
                        -0.21504591744209073,
                        -0.3828030643110376,
                        5.52821333823128e-10,
                        -0.5246396433850236,
                        1.4641357659283982,
                        -0.7642582660799763,
                        -0.7342457251741032,
                        -0.8981835919295242
                    ],
                    [
                        -0.30974064485112746,
                        1.320312531763532,
                        1.2303011592771186e-09,
                        -1.7658292963384283,
                        -0.7642582660799763,
                        4.438364379885279,
                        0.7574487825659992,
                        2.417199321106853
                    ],
                    [
                        0.1305522385661337,
                        0.7682722154616001,
                        2.417087979718702e-10,
                        -0.30460662625562296,
                        -0.7342457251741032,
                        0.7574487825659992,
                        1.9823686427033544,
                        1.9633338109599654
                    ],
                    [
                        -1.4142178013544748,
                        -0.43958728531466984,
                        1.3176939594672118e-09,
                        -1.2980260805973485,
                        -0.8981835919295242,
                        2.417199321106853,
                        1.9633338109599654,
                        6.1280415343811265
                    ]
                ],
                "mui": [
                    0.0,
                    0.0,
                    1.0,
                    -0.892000424762293,
                    0.5528213338231279,
                    1.2303011592771185,
                    0.24170879797187017,
                    1.3176939594672117
                ],
                "Ai": [
                    [
                        0.0,
                        0.0,
                        0.0,
                        0.0,
                        0.0,
                        0.0,
                        0.0,
                        0.0
                    ],
                    [
                        0.9252353449840178,
                        0.0,
                        0.0,
                        0.0,
                        0.0,
                        0.0,
                        0.0,
                        0.0
                    ],
                    [
                        0.0,
                        0.0,
                        0.0,
                        0.0,
                        0.0,
                        0.0,
                        0.0,
                        0.0
                    ],
                    [
                        0.9942044202836684,
                        -0.8069802752848203,
                        -0.892000424762293,
                        0.0,
                        0.0,
                        0.0,
                        0.0,
                        0.0
                    ],
                    [
                        0.5712074307929009,
                        -0.6839646889005213,
                        -0.0,
                        -0.6197545634246171,
                        0.0,
                        0.0,
                        0.0,
                        0.0
                    ],
                    [
                        -0.9615742134558916,
                        0.757642397125504,
                        0.8802644874665027,
                        -0.8749992416807352,
                        -0.778665722717945,
                        0.0,
                        0.0,
                        0.0
                    ],
                    [
                        -0.9000447168925817,
                        0.8814414671864277,
                        0.8802580863013743,
                        -0.577209533515139,
                        -0.8905473207371318,
                        -0.5373536997297328,
                        0.0,
                        0.0
                    ],
                    [
                        -0.9726649437475449,
                        -0.5405011430088922,
                        0.7605114713542963,
                        -0.8990661961103215,
                        -0.8046977401605531,
                        0.0,
                        0.8277279892657732,
                        0.0
                    ]
                ]
            },
            "est_params": {
                "mui": [
                    -0.007603317283033686,
                    -0.007699218234643296,
                    1.0000005422898803,
                    -0.8977762599275252,
                    0.5589949161642297,
                    1.226358168362089,
                    0.24298087486077027,
                    1.3289659806745098
                ],
                "Si": [
                    [
                        1.0127336170875965,
                        0.944140229176594,
                        1.3835451592418143e-07,
                        0.24752250983932836,
                        -0.21112806050350572,
                        -0.3098373638126498,
                        0.13065638996837015,
                        -1.4431171658571813
                    ],
                    [
                        0.944140229176594,
                        1.8823726898168665,
                        3.7059510658728244e-07,
                        -0.5772118690240747,
                        -0.38155411753281626,
                        1.3151295495193853,
                        0.7765849494265654,
                        -0.4750069777757869
                    ],
                    [
                        1.3835451592418151e-07,
                        3.7059510658728244e-07,
                        1.0109580081842598e-06,
                        2.3634913058730945e-07,
                        2.5380117622147734e-07,
                        -2.5158306503200014e-08,
                        -8.475361153584781e-08,
                        -1.1992014879613105e-06
                    ],
                    [
                        0.24752250983932836,
                        -0.5772118690240747,
                        2.3634913058730942e-07,
                        1.7178695647310736,
                        -0.5204710819987473,
                        -1.7664536579826142,
                        -0.3142107927722443,
                        -1.3113494317793075
                    ],
                    [
                        -0.21112806050350572,
                        -0.3815541175328162,
                        2.5380117622147766e-07,
                        -0.5204710819987473,
                        1.4565492596314988,
                        -0.7678933751550219,
                        -0.7262471461861533,
                        -0.8823883773221689
                    ],
                    [
                        -0.30983736381264976,
                        1.3151295495193853,
                        -2.5158306503200014e-08,
                        -1.7664536579826142,
                        -0.7678933751550219,
                        4.430037058217571,
                        0.7654910703674582,
                        2.4181408662150488
                    ],
                    [
                        0.1306563899683702,
                        0.7765849494265654,
                        -8.475361153584781e-08,
                        -0.3142107927722443,
                        -0.7262471461861533,
                        0.7654910703674581,
                        1.9795947034758394,
                        1.952969615075891
                    ],
                    [
                        -1.4431171658571813,
                        -0.4750069777757867,
                        -1.1992014879613099e-06,
                        -1.3113494317793075,
                        -0.8823883773221689,
                        2.418140866215049,
                        1.9529696150758913,
                        6.1599851063119795
                    ]
                ]
            },
            "est_tgt": [
                0,
                2,
                3,
                4
            ],
            "oracle_est_tgt": [
                0,
                2,
                3,
                4,
                7
            ],
            "intv_base_est_tgt": [
                0,
                1,
                2,
                3,
                4,
                5,
                6,
                7
            ]
        },
        "5": {
            "intv_type": "do",
            "inode": 5,
            "new_mui": 1.0,
            "new_vari": null,
            "true_params": {
                "Si": [
                    [
                        1.0,
                        0.9252353449840178,
                        -0.028023335261950777,
                        0.27255457384213627,
                        -0.23053781501977508,
                        0.0,
                        -0.06118794931697888,
                        -1.6042460966201475
                    ],
                    [
                        0.9252353449840178,
                        1.8560604436076944,
                        0.6373871594969346,
                        -1.1464807149513048,
                        -0.030441844636207388,
                        0.0,
                        2.053190159557164,
                        1.3363349716863888
                    ],
                    [
                        -0.028023335261950777,
                        0.6373871594969346,
                        1.4407725472875947,
                        -1.827389513388754,
                        0.680575542485236,
                        0.0,
                        2.303995335810063,
                        3.780840841549156
                    ],
                    [
                        0.27255457384213627,
                        -1.1464807149513048,
                        -1.827389513388754,
                        3.826194507191454,
                        -1.4314639829747704,
                        0.0,
                        -3.798170875586212,
                        -6.467139480604759
                    ],
                    [
                        -0.23053781501977508,
                        -0.030441844636207388,
                        0.680575542485236,
                        -1.4314639829747704,
                        1.7762925696046992,
                        0.0,
                        0.02412583201393126,
                        0.6358472977216845
                    ],
                    [
                        0.0,
                        0.0,
                        0.0,
                        0.0,
                        0.0,
                        1e-09,
                        -5.373536997297328e-10,
                        -4.447826974018158e-10
                    ],
                    [
                        -0.06118794931697888,
                        2.053190159557164,
                        2.303995335810063,
                        -3.798170875586212,
                        0.02412583201393126,
                        -5.373536997297328e-10,
                        7.063804606856591,
                        9.94428045064443
                    ],
                    [
                        -1.6042460966201475,
                        1.3363349716863888,
                        3.780840841549156,
                        -6.467139480604759,
                        0.6358472977216845,
                        -4.447826974018158e-10,
                        9.94428045064443,
                        18.24735706213519
                    ]
                ],
                "mui": [
                    0.0,
                    0.0,
                    0.0,
                    0.0,
                    0.0,
                    1.0,
                    -0.5373536997297328,
                    -0.44478269740181575
                ],
                "Ai": [
                    [
                        0.0,
                        0.0,
                        0.0,
                        0.0,
                        0.0,
                        0.0,
                        0.0,
                        0.0
                    ],
                    [
                        0.9252353449840178,
                        0.0,
                        0.0,
                        0.0,
                        0.0,
                        0.0,
                        0.0,
                        0.0
                    ],
                    [
                        -0.641746132483193,
                        0.6633153397656284,
                        0.0,
                        0.0,
                        0.0,
                        0.0,
                        0.0,
                        0.0
                    ],
                    [
                        0.9942044202836684,
                        -0.8069802752848203,
                        -0.892000424762293,
                        0.0,
                        0.0,
                        0.0,
                        0.0,
                        0.0
                    ],
                    [
                        0.5712074307929009,
                        -0.6839646889005213,
                        -0.0,
                        -0.6197545634246171,
                        0.0,
                        0.0,
                        0.0,
                        0.0
                    ],
                    [
                        0.0,
                        0.0,
                        0.0,
                        0.0,
                        0.0,
                        0.0,
                        0.0,
                        0.0
                    ],
                    [
                        -0.9000447168925817,
                        0.8814414671864277,
                        0.8802580863013743,
                        -0.577209533515139,
                        -0.8905473207371318,
                        -0.5373536997297328,
                        0.0,
                        0.0
                    ],
                    [
                        -0.9726649437475449,
                        -0.5405011430088922,
                        0.7605114713542963,
                        -0.8990661961103215,
                        -0.8046977401605531,
                        0.0,
                        0.8277279892657732,
                        0.0
                    ]
                ]
            },
            "est_params": {
                "mui": [
                    -0.0022172551614425186,
                    0.0026820403513567997,
                    0.014817828111006955,
                    -0.020271951002879207,
                    0.015282533303763913,
                    0.9999998752170169,
                    -0.5146123614453424,
                    -0.4158926594892892
                ],
                "Si": [
                    [
                        0.994766059425502,
                        0.9279488395343084,
                        -0.026420667129862258,
                        0.26435201216016424,
                        -0.2258379336487211,
                        -4.187700588802568e-07,
                        -0.05412951481740315,
                        -1.5880710132228408
                    ],
                    [
                        0.9279488395343084,
                        1.8677761816541314,
                        0.6403336056262772,
                        -1.1559214338059318,
                        -0.02459041415750683,
                        -1.4611102774625272e-07,
                        2.0571496082303495,
                        1.339006840951772
                    ],
                    [
                        -0.026420667129862255,
                        0.6403336056262772,
                        1.4378095637076147,
                        -1.8233426787825662,
                        0.6791926042364089,
                        1.6412071746579736e-07,
                        2.3043943652655083,
                        3.7784961340373613
                    ],
                    [
                        0.26435201216016424,
                        -1.1559214338059316,
                        -1.8233426787825662,
                        3.8252849970672496,
                        -1.4212046884593135,
                        -2.10262477117317e-07,
                        -3.7989513995385447,
                        -6.465127066899575
                    ],
                    [
                        -0.2258379336487211,
                        -0.02459041415750684,
                        0.6791926042364089,
                        -1.4212046884593135,
                        1.760449463156007,
                        -5.706011467622129e-07,
                        0.03675482441817835,
                        0.6413072357849829
                    ],
                    [
                        -4.187700588802568e-07,
                        -1.461110277462528e-07,
                        1.6412071746579728e-07,
                        -2.1026247711731686e-07,
                        -5.70601146762213e-07,
                        1.0066086824120425e-06,
                        8.435592344400545e-07,
                        1.8238867626722287e-06
                    ],
                    [
                        -0.05412951481740315,
                        2.0571496082303495,
                        2.3043943652655083,
                        -3.7989513995385447,
                        0.03675482441817834,
                        8.43559234440055e-07,
                        7.040173934678896,
                        9.921070959532837
                    ],
                    [
                        -1.5880710132228408,
                        1.339006840951772,
                        3.7784961340373613,
                        -6.465127066899575,
                        0.6413072357849829,
                        1.8238867626722287e-06,
                        9.921070959532837,
                        18.220288124358838
                    ]
                ]
            },
            "est_tgt": [
                5
            ],
            "oracle_est_tgt": [
                0,
                2,
                5,
                6,
                7
            ],
            "intv_base_est_tgt": [
                0,
                1,
                2,
                3,
                4,
                5,
                6,
                7
            ]
        },
        "0": {
            "intv_type": "do",
            "inode": 0,
            "new_mui": 1.0,
            "new_vari": null,
            "true_params": {
                "Si": [
                    [
                        1e-09,
                        9.252353449840179e-10,
                        -2.8023335261950778e-11,
                        2.7255457384213627e-10,
                        -2.305378150197751e-10,
                        -3.442177867107168e-10,
                        1.2377875188480485e-10,
                        -1.4511439809532719e-09
                    ],
                    [
                        9.252353449840179e-10,
                        1.0000000008560603,
                        0.6633153397397002,
                        -1.3986578398549285,
                        0.18285988996217414,
                        2.422973155319403,
                        0.8078098235390049,
                        1.742943625092537
                    ],
                    [
                        -2.8023335261950778e-11,
                        0.6633153397397002,
                        1.4399872399691764,
                        -1.8197516251964356,
                        0.6741151040108396,
                        2.8374964212617053,
                        0.777541445459223,
                        2.47381520326907
                    ],
                    [
                        2.7255457384213627e-10,
                        -1.3986578398549285,
                        -1.8197516251964356,
                        3.7519085115434714,
                        -1.3686298471103924,
                        -4.878757163900493,
                        -1.159875608047657,
                        -3.8599080985116947
                    ],
                    [
                        -2.305378150197751e-10,
                        0.18285988996217414,
                        0.6741151040108396,
                        -1.3686298471103924,
                        1.7231448855037548,
                        0.5877382128609587,
                        -0.305803607266417,
                        0.004592120540292344
                    ],
                    [
                        -3.442177867107168e-10,
                        2.422973155319403,
                        2.8374964212617053,
                        -4.878757163900493,
                        0.5877382128609587,
                        9.144751741318956,
                        2.012128457597534,
                        6.427197894451529
                    ],
                    [
                        1.2377875188480485e-10,
                        0.8078098235390049,
                        0.777541445459223,
                        -1.159875608047657,
                        -0.305803607266417,
                        2.012128457597534,
                        2.2570733915144814,
                        3.3118342982204467
                    ],
                    [
                        -1.4511439809532719e-09,
                        1.742943625092537,
                        2.47381520326907,
                        -3.8599080985116947,
                        0.004592120540292344,
                        6.427197894451529,
                        3.3118342982204467,
                        8.147217386836136
                    ]
                ],
                "mui": [
                    1.0,
                    0.9252353449840178,
                    -0.028023335261950777,
                    0.27255457384213627,
                    -0.23053781501977508,
                    -0.3442177867107168,
                    0.12377875188480483,
                    -1.4511439809532718
                ],
                "Ai": [
                    [
                        0.0,
                        0.0,
                        0.0,
                        0.0,
                        0.0,
                        0.0,
                        0.0,
                        0.0
                    ],
                    [
                        0.9252353449840178,
                        0.0,
                        0.0,
                        0.0,
                        0.0,
                        0.0,
                        0.0,
                        0.0
                    ],
                    [
                        -0.641746132483193,
                        0.6633153397656284,
                        0.0,
                        0.0,
                        0.0,
                        0.0,
                        0.0,
                        0.0
                    ],
                    [
                        0.9942044202836684,
                        -0.8069802752848203,
                        -0.892000424762293,
                        0.0,
                        0.0,
                        0.0,
                        0.0,
                        0.0
                    ],
                    [
                        0.5712074307929009,
                        -0.6839646889005213,
                        -0.0,
                        -0.6197545634246171,
                        0.0,
                        0.0,
                        0.0,
                        0.0
                    ],
                    [
                        -0.9615742134558916,
                        0.757642397125504,
                        0.8802644874665027,
                        -0.8749992416807352,
                        -0.778665722717945,
                        0.0,
                        0.0,
                        0.0
                    ],
                    [
                        -0.9000447168925817,
                        0.8814414671864277,
                        0.8802580863013743,
                        -0.577209533515139,
                        -0.8905473207371318,
                        -0.5373536997297328,
                        0.0,
                        0.0
                    ],
                    [
                        -0.9726649437475449,
                        -0.5405011430088922,
                        0.7605114713542963,
                        -0.8990661961103215,
                        -0.8046977401605531,
                        0.0,
                        0.8277279892657732,
                        0.0
                    ]
                ]
            },
            "est_params": {
                "mui": [
                    0.9999992869047123,
                    0.9262273220686177,
                    -0.02276892582269857,
                    0.2683575417686164,
                    -0.22796035299981143,
                    -0.3366298598271191,
                    0.13812280331720897,
                    -1.4326006873741897
                ],
                "Si": [
                    [
                        1.0129695922996268e-06,
                        -8.194565504734531e-08,
                        1.3327064352132573e-07,
                        -6.003282057958665e-08,
                        1.2795338164050335e-07,
                        -1.3708668003194461e-08,
                        7.613452186440827e-07,
                        9.717022540100476e-07
                    ],
                    [
                        -8.19456550473452e-08,
                        1.0035038288759324,
                        0.672407677515442,
                        -1.413220962994715,
                        0.19110420417058535,
                        2.430582019091345,
                        0.8199667273465684,
                        1.7665759393412497
                    ],
                    [
                        1.332706435213256e-07,
                        0.6724076775154418,
                        1.4388360459504677,
                        -1.826744669662999,
                        0.664324846181114,
                        2.849941947031937,
                        0.7915760486761245,
                        2.492311151830228
                    ],
                    [
                        -6.00328205795861e-08,
                        -1.413220962994715,
                        -1.826744669662999,
                        3.772673816285683,
                        -1.3668179874552826,
                        -4.9003276734298575,
                        -1.1854104163366799,
                        -3.895912713968388
                    ],
                    [
