{
    "expt_args": {
        "save_dir": "all_expt_logs/expt_logs_11.05.24-half_intv_weight_error_all_comp_utigsp_large_sample",
        "exp_name": "127",
        "num_nodes": 8,
        "obs_noise_mean": 0.0,
        "obs_noise_var": 1.0,
        "max_edge_strength": 1.0,
        "graph_sparsity_method": "adj_dense_prop",
        "adj_dense_prop": 0.8,
        "num_parents": null,
        "new_noise_mean": 1.0,
        "mix_samples": 65536,
        "stage2_samples": 65536,
        "gmm_tol": 0.001,
        "intv_type": "do",
        "new_noise_var": null,
        "intv_targets": [
            3,
            5,
            6,
            2
        ]
    },
    "intv_args_dict": {
        "3": {
            "intv_type": "do",
            "inode": 3,
            "new_mui": 1.0,
            "new_vari": null,
            "true_params": {
                "Si": [
                    [
                        1.0,
                        0.0,
                        0.8813725441532253,
                        0.0,
                        0.5918309819135626,
                        -0.5062554263178218,
                        -0.9159519962078138,
                        -1.0355368854587654
                    ],
                    [
                        0.0,
                        1.0,
                        0.0,
                        0.0,
                        0.0,
                        0.6221512137278249,
                        -0.49438233715589347,
                        0.8104840065958636
                    ],
                    [
                        0.8813725441532253,
                        0.0,
                        1.7768175615871291,
                        0.0,
                        1.1931114590886982,
                        -1.8426987524638436,
                        -1.7420159105404496,
                        -1.7201407918301679
                    ],
                    [
                        0.0,
                        0.0,
                        0.0,
                        1e-09,
                        -6.251785415142617e-10,
                        -5.606491783725405e-10,
                        -1.5555346584955892e-10,
                        4.025851300918011e-10
                    ],
                    [
                        0.5918309819135626,
                        0.0,
                        1.1931114590886982,
                        -6.251785415142617e-10,
                        1.8011598856731719,
                        -1.8320631473697184,
                        -0.7212620948170921,
                        -1.2168073173081002
                    ],
                    [
                        -0.5062554263178218,
                        0.6221512137278249,
                        -1.8426987524638436,
                        -5.606491783725405e-10,
                        -1.8320631473697184,
                        3.9472603505590653,
                        1.7847903133625618,
                        3.144468570731852
                    ],
                    [
                        -0.9159519962078138,
                        -0.49438233715589347,
                        -1.7420159105404496,
                        -1.5555346584955892e-10,
                        -0.7212620948170921,
                        1.7847903133625618,
                        3.5063736704354262,
                        2.467116468908272
                    ],
                    [
                        -1.0355368854587654,
                        0.8104840065958636,
                        -1.7201407918301679,
                        4.025851300918011e-10,
                        -1.2168073173081002,
                        3.144468570731852,
                        2.467116468908272,
                        4.688485838116257
                    ]
                ],
                "mui": [
                    0.0,
                    0.0,
                    0.0,
                    1.0,
                    -0.6251785415142617,
                    -0.5606491783725405,
                    -0.15555346584955893,
                    0.4025851300918011
                ],
                "Ai": [
                    [
                        0.0,
                        0.0,
                        0.0,
                        0.0,
                        0.0,
                        0.0,
                        0.0,
                        0.0
                    ],
                    [
                        -0.0,
                        0.0,
                        0.0,
                        0.0,
                        0.0,
                        0.0,
                        0.0,
                        0.0
                    ],
                    [
                        0.8813725441532253,
                        -0.0,
                        0.0,
                        0.0,
                        0.0,
                        0.0,
                        0.0,
                        0.0
                    ],
                    [
                        0.0,
                        0.0,
                        0.0,
                        0.0,
                        0.0,
                        0.0,
                        0.0,
                        0.0
                    ],
                    [
                        -0.0,
                        -0.0,
                        0.67148788085084,
                        -0.6251785415142617,
                        0.0,
                        0.0,
                        0.0,
                        0.0
                    ],
                    [
                        0.7245805554367475,
                        0.6221512137278249,
                        -0.9971563677506512,
                        -0.9324511514934699,
                        -0.5947132673817914,
                        0.0,
                        0.0,
                        0.0
                    ],
                    [
                        -0.519650090284594,
                        -0.8614798583511858,
                        -0.6475025514758037,
                        0.6750155065587766,
                        0.7993883618102806,
                        0.5900454955246427,
                        0.0,
                        0.0
                    ],
                    [
                        -0.6856602375922242,
                        0.7617826552627497,
                        0.5913746348912914,
                        0.8255885007653958,
                        0.0,
                        0.5794876850098567,
                        0.6307418202478527,
                        0.0
                    ]
                ]
            },
            "est_params": {
                "mui": [
                    0.0013828264654298312,
                    -0.0003897679859699309,
                    -0.018227266239066866,
                    0.9999996519196199,
                    -0.645003824756047,
                    -0.5291246233814018,
                    -0.14573313673028954,
                    0.41924978546026914
                ],
                "Si": [
                    [
                        0.9920005497867374,
                        -0.0037552436548340933,
                        0.880503302341687,
                        2.8443069142886716e-07,
                        0.5826524861888501,
                        -0.5094126072731004,
                        -0.9129473347878537,
                        -1.0369578045919479
                    ],
                    [
                        -0.0037552436548340955,
                        1.0163627665720234,
                        0.0029101698139041197,
                        -4.509514591826172e-07,
                        0.006234035268858746,
                        0.6170950460082654,
                        -0.5111821675864406,
                        0.833481477155978
                    ],
                    [
                        0.880503302341687,
                        0.0029101698139041197,
                        1.7811821041118308,
                        -4.566351248744743e-07,
                        1.2029450809191033,
                        -1.8558129549198161,
                        -1.7456856116906196,
                        -1.7187138124134775
                    ],
                    [
                        2.8443069142886705e-07,
                        -4.5095145918261744e-07,
                        -4.5663512487447415e-07,
                        1.00790397790455e-06,
                        -5.684122095107265e-07,
                        1.5763484669518659e-06,
                        1.6978573138058472e-06,
                        1.2909488714834988e-06
                    ],
                    [
                        0.5826524861888501,
                        0.00623403526885874,
                        1.2029450809191033,
                        -5.684122095107267e-07,
                        1.836164366748706,
                        -1.8688920036822443,
                        -0.7169799094019775,
                        -1.2204120422344662
                    ],
                    [
                        -0.5094126072731004,
                        0.6170950460082654,
                        -1.8558129549198161,
                        1.5763484669518659e-06,
                        -1.8688920036822443,
                        3.9749075622718224,
                        1.7796281865219246,
                        3.169838796389111
                    ],
                    [
                        -0.9129473347878537,
                        -0.5111821675864406,
                        -1.7456856116906196,
                        1.6978573138058476e-06,
                        -0.7169799094019774,
                        1.7796281865219246,
                        3.5074141578951816,
                        2.4361213127500156
                    ],
                    [
                        -1.0369578045919479,
                        0.833481477155978,
                        -1.7187138124134775,
                        1.2909488714834988e-06,
                        -1.2204120422344662,
                        3.169838796389111,
                        2.4361213127500156,
                        4.74556995918309
                    ]
                ]
            },
            "est_tgt": [
                0,
                3,
                4,
                5,
                6,
                7
            ],
            "oracle_est_tgt": [
                1,
                2,
                3,
                4,
                5,
                6,
                7
            ],
            "intv_base_est_tgt": []
        },
        "5": {
            "intv_type": "do",
            "inode": 5,
            "new_mui": 1.0,
            "new_vari": null,
            "true_params": {
                "Si": [
                    [
                        1.0,
                        0.0,
                        0.8813725441532253,
                        1.4743681441107834,
                        -0.3299123440767057,
                        0.0,
                        -0.3588477900459315,
                        0.8264422062967886
                    ],
                    [
                        0.0,
                        1.0,
                        0.0,
                        0.7223391349353945,
                        -0.4515909268575834,
                        0.0,
                        -0.7348862725046118,
                        0.8946140335235166
                    ],
                    [
                        0.8813725441532253,
                        0.0,
                        1.7768175615871291,
                        1.9663537028190952,
                        -0.03621068094091162,
                        0.0,
                        -0.3101263829135005,
                        1.8742320549398168
                    ],
                    [
                        1.4743681441107834,
                        0.7223391349353945,
                        1.9663537028190952,
                        4.140272321435647,
                        -1.268026730477808,
                        0.0,
                        -0.8805529869879536,
                        3.564961140070713
                    ],
                    [
                        -0.3299123440767057,
                        -0.4515909268575834,
                        -0.03621068094091162,
                        -1.268026730477808,
                        1.7684280685520353,
                        0.0,
                        1.1416450862829135,
                        -0.46600542489700936
                    ],
                    [
                        0.0,
                        0.0,
                        0.0,
                        0.0,
                        0.0,
                        1e-09,
                        5.900454955246428e-10,
                        9.516540548861161e-10
                    ],
                    [
                        -0.3588477900459315,
                        -0.7348862725046118,
                        -0.3101263829135005,
                        -0.8805529869879536,
                        1.1416450862829135,
                        5.900454955246428e-10,
                        2.338603507730844,
                        0.2509037818062162
                    ],
                    [
                        0.8264422062967886,
                        0.8946140335235166,
                        1.8742320549398168,
                        3.564961140070713,
                        -0.46600542489700936,
                        9.516540548861161e-10,
                        0.2509037818062162,
                        5.3246626230716245
                    ]
                ],
                "mui": [
                    0.0,
                    0.0,
                    0.0,
                    0.0,
                    0.0,
                    1.0,
                    0.5900454955246427,
                    0.9516540548861161
                ],
                "Ai": [
                    [
                        0.0,
                        0.0,
                        0.0,
                        0.0,
                        0.0,
                        0.0,
                        0.0,
                        0.0
                    ],
                    [
                        -0.0,
                        0.0,
                        0.0,
                        0.0,
                        0.0,
                        0.0,
                        0.0,
                        0.0
                    ],
                    [
                        0.8813725441532253,
                        -0.0,
                        0.0,
                        0.0,
                        0.0,
                        0.0,
                        0.0,
                        0.0
                    ],
                    [
                        0.8865930449418822,
                        0.7223391349353945,
                        0.6668861006257047,
                        0.0,
                        0.0,
                        0.0,
                        0.0,
                        0.0
                    ],
                    [
                        -0.0,
                        -0.0,
                        0.67148788085084,
                        -0.6251785415142617,
                        0.0,
                        0.0,
                        0.0,
                        0.0
                    ],
                    [
                        0.0,
                        0.0,
                        0.0,
                        0.0,
                        0.0,
                        0.0,
                        0.0,
                        0.0
                    ],
                    [
                        -0.519650090284594,
                        -0.8614798583511858,
                        -0.6475025514758037,
                        0.6750155065587766,
                        0.7993883618102806,
                        0.5900454955246427,
                        0.0,
                        0.0
                    ],
                    [
                        -0.6856602375922242,
                        0.7617826552627497,
                        0.5913746348912914,
                        0.8255885007653958,
                        0.0,
                        0.5794876850098567,
                        0.6307418202478527,
                        0.0
                    ]
                ]
            },
            "est_params": {
                "mui": [
                    -0.002903761501011447,
                    -0.0047567500750573056,
                    0.014201481986283609,
                    0.0034177897763863845,
                    0.03130000548970007,
                    1.0000004842650272,
                    0.6137405189889379,
                    0.9773445883439746
                ],
                "Si": [
                    [
                        0.9993895355157785,
                        -0.011344279712620422,
                        0.8850896938335616,
                        1.4725100371508961,
                        -0.32139404173397523,
                        -3.1113620530474887e-07,
                        -0.33691664248808617,
                        0.820570865276041
                    ],
                    [
                        -0.011344279712620418,
                        1.0104973728222035,
                        -0.01357970981614155,
                        0.7048983214748213,
                        -0.4501071895386241,
                        3.215777314819888e-07,
                        -0.7337648706109093,
                        0.8875643620699695
                    ],
                    [
                        0.8850896938335615,
                        -0.013579709816141556,
                        1.781908104481223,
                        1.9840818900440331,
                        -0.03523513198590672,
                        -2.3071376522055362e-07,
                        -0.29529912363857186,
                        1.8649190524107184
                    ],
                    [
                        1.4725100371508961,
                        0.7048983214748213,
                        1.9840818900440331,
                        4.136255656634933,
                        -1.2440949214384172,
                        -2.542441955827642e-07,
                        -0.8464266657468739,
                        3.545541187112239
                    ],
                    [
                        -0.32139404173397523,
                        -0.4501071895386241,
                        -0.03523513198590672,
                        -1.2440949214384172,
                        1.7354409735819558,
                        -6.017538136635844e-07,
                        1.1083519540837306,
                        -0.4545816416175331
                    ],
                    [
                        -3.1113620530474897e-07,
                        3.2157773148198893e-07,
                        -2.3071376522055367e-07,
                        -2.542441955827642e-07,
                        -6.017538136635845e-07,
                        1.0063810894060773e-06,
                        -1.0984783914110823e-06,
                        -7.788539109670412e-07
                    ],
                    [
                        -0.33691664248808617,
                        -0.7337648706109093,
                        -0.29529912363857175,
                        -0.8464266657468739,
                        1.1083519540837306,
                        -1.0984783914110823e-06,
                        2.3007784532951345,
                        0.26117952850000775
                    ],
                    [
                        0.820570865276041,
                        0.8875643620699695,
                        1.8649190524107184,
                        3.545541187112239,
                        -0.4545816416175331,
                        -7.788539109670403e-07,
                        0.26117952850000775,
                        5.263407909288187
                    ]
                ]
            },
            "est_tgt": [
                3,
                5,
                6,
                7
            ],
            "oracle_est_tgt": [
                1,
                2,
                3,
                4,
                5,
                6,
                7
            ],
            "intv_base_est_tgt": [
                3,
                4,
                5,
                6,
                7
            ]
        },
        "6": {
            "intv_type": "do",
            "inode": 6,
            "new_mui": 1.0,
            "new_vari": null,
            "true_params": {
                "Si": [
                    [
                        1.0,
                        0.0,
                        0.8813725441532253,
                        1.4743681441107834,
                        -0.3299123440767057,
                        -1.3328587149321798,
                        0.0,
                        0.2804073034210173
                    ],
                    [
                        0.0,
                        1.0,
                        0.0,
                        0.7223391349353945,
                        -0.4515909268575834,
                        0.2171723712199644,
                        0.0,
                        1.4839862533645936
                    ],
                    [
                        0.8813725441532253,
                        0.0,
                        1.7768175615871291,
                        1.9663537028190952,
                        -0.03621068094091162,
                        -2.9451333403391713,
                        0.0,
                        0.36317323276706776
                    ],
                    [
                        1.4743681441107834,
                        0.7223391349353945,
                        1.9663537028190952,
                        4.140272321435647,
                        -1.268026730477808,
                        -3.549548831324235,
                        0.0,
                        2.063442898814655
                    ],
                    [
                        -0.3299123440767057,
                        -0.4515909268575834,
                        -0.03621068094091162,
                        -1.268026730477808,
                        1.7684280685520353,
                        -0.3532328515083601,
                        0.0,
                        -1.3907828120861212
                    ],
                    [
                        -1.3328587149321798,
                        0.2171723712199644,
                        -2.9451333403391713,
                        -3.549548831324235,
                        -0.3532328515083601,
                        6.625962168870041,
                        0.0,
                        0.24684599506052102
                    ],
                    [
                        0.0,
                        0.0,
                        0.0,
                        0.0,
                        0.0,
                        0.0,
                        1e-09,
                        6.307418202478528e-10
                    ],
                    [
                        0.2804073034210173,
                        1.4839862533645936,
                        0.36317323276706776,
                        2.063442898814655,
                        -1.3907828120861212,
                        0.24684599506052102,
                        6.307418202478528e-10,
                        3.999581231981969
                    ]
                ],
                "mui": [
                    0.0,
                    0.0,
                    0.0,
                    0.0,
                    0.0,
                    0.0,
                    1.0,
                    0.6307418202478527
                ],
                "Ai": [
                    [
                        0.0,
                        0.0,
                        0.0,
                        0.0,
                        0.0,
                        0.0,
                        0.0,
                        0.0
                    ],
                    [
                        -0.0,
                        0.0,
                        0.0,
                        0.0,
                        0.0,
                        0.0,
                        0.0,
                        0.0
                    ],
                    [
                        0.8813725441532253,
                        -0.0,
                        0.0,
                        0.0,
                        0.0,
                        0.0,
                        0.0,
                        0.0
                    ],
                    [
                        0.8865930449418822,
                        0.7223391349353945,
                        0.6668861006257047,
                        0.0,
                        0.0,
                        0.0,
                        0.0,
                        0.0
                    ],
                    [
                        -0.0,
                        -0.0,
                        0.67148788085084,
                        -0.6251785415142617,
                        0.0,
                        0.0,
                        0.0,
                        0.0
                    ],
                    [
                        0.7245805554367475,
                        0.6221512137278249,
                        -0.9971563677506512,
                        -0.9324511514934699,
                        -0.5947132673817914,
                        0.0,
                        0.0,
                        0.0
                    ],
                    [
                        0.0,
                        0.0,
                        0.0,
                        0.0,
                        0.0,
                        0.0,
                        0.0,
                        0.0
                    ],
                    [
                        -0.6856602375922242,
                        0.7617826552627497,
                        0.5913746348912914,
                        0.8255885007653958,
                        0.0,
                        0.5794876850098567,
                        0.6307418202478527,
                        0.0
                    ]
                ]
            },
            "est_params": {
                "mui": [
                    -0.048442592070482356,
                    0.01906308661907341,
                    -0.09056885017462553,
                    -0.10179320237320577,
                    -0.02008519082800039,
                    0.20337560736083513,
                    1.00000058162016,
                    0.6501125977238472
                ],
                "Si": [
                    [
                        0.9637031070869435,
                        -0.006516634785550331,
                        0.8284236840637089,
                        1.3879717587026887,
                        -0.32484761654097527,
                        -1.216022428314405,
                        1.0659210380454693e-07,
                        0.2576409441566526
                    ],
                    [
                        -0.006516634785550335,
                        1.012302334429997,
                        -0.014538861252645313,
                        0.7230878357826803,
                        -0.4694148934267254,
                        0.23420358869354063,
                        2.2004282843731964e-08,
                        1.5082431060094992
                    ],
                    [
                        0.8284236840637089,
                        -0.014538861252645318,
                        1.6806249046061568,
                        1.816142371229962,
                        -0.042008615030839504,
                        -2.7080672875887775,
                        -1.0109878593955964e-07,
                        0.34608563518473273
                    ],
                    [
                        1.3879717587026887,
                        0.7230878357826803,
                        1.816142371229962,
                        3.9312861246661757,
                        -1.2784470842318565,
                        -3.2080869005253705,
                        7.176114218001792e-07,
                        2.061979482195696
                    ],
                    [
                        -0.3248476165409753,
                        -0.4694148934267254,
                        -0.042008615030839504,
                        -1.278447084231857,
                        1.7551828021310503,
                        -0.33305402290337977,
                        -1.7552554283741404e-06,
                        -1.392109606895919
                    ],
                    [
                        -1.216022428314405,
                        0.23420358869354063,
                        -2.7080672875887775,
                        -3.2080869005253705,
                        -0.33305402290337977,
                        6.050530093457731,
                        8.866771342840332e-07,
                        0.262335726259771
                    ],
                    [
                        1.0659210380454691e-07,
                        2.200428284373193e-08,
                        -1.010987859395597e-07,
                        7.176114218001795e-07,
                        -1.7552554283741404e-06,
                        8.866771342840331e-07,
                        1.008452770643035e-06,
                        9.238571556505882e-07
                    ],
                    [
                        0.2576409441566526,
                        1.5082431060094992,
                        0.34608563518473273,
                        2.061979482195696,
                        -1.392109606895919,
                        0.26233572625977103,
                        9.238571556505881e-07,
                        4.040372114174013
                    ]
                ]
            },
            "est_tgt": [
                2,
                3,
                5,
                6,
                7
            ],
            "oracle_est_tgt": [
                1,
                2,
                3,
                4,
                6,
                7
            ],
            "intv_base_est_tgt": [
                3,
                4,
                5,
                6,
                7
            ]
        },
        "2": {
            "intv_type": "do",
            "inode": 2,
            "new_mui": 1.0,
            "new_vari": null,
            "true_params": {
                "Si": [
                    [
                        1.0,
                        0.0,
                        0.0,
                        0.8865930449418822,
                        -0.5542789467534541,
                        0.22751289323927243,
                        -0.230027218343221,
                        0.0330539185791387
                    ],
                    [
                        0.0,
                        1.0,
                        0.0,
                        0.7223391349353945,
                        -0.4515909268575834,
                        0.2171723712199644,
                        -0.6067446931138663,
                        1.1012870012042288
                    ],
                    [
                        0.0,
                        0.0,
                        1e-09,
                        6.668861006257048e-10,
                        2.545650011055288e-10,
                        -1.770388263762598e-09,
                        -1.0384574135997692e-09,
                        -5.389685849520554e-10
                    ],
                    [
                        0.8865930449418822,
                        0.7223391349353945,
                        6.668861006257048e-10,
                        2.3078210536432695,
                        -1.4428001999448,
                        -0.20206572801374645,
                        -0.7977694352230307,
                        1.2273932038181674
                    ],
                    [
                        -0.5542789467534541,
                        -0.4515909268575834,
                        2.545650011055288e-10,
                        -1.4428001999448,
                        1.9020077248689125,
                        -0.4683861114409342,
                        0.9472288085429912,
                        -0.829093515374757
                    ],
                    [
                        0.22751289323927243,
                        0.2171723712199644,
                        -1.770388263762598e-09,
                        -0.20206572801374645,
                        -0.4683861114409342,
                        1.7669373301554119,
                        0.22643678849698406,
                        1.0093600338269408
                    ],
                    [
                        -0.230027218343221,
                        -0.6067446931138663,
                        -1.0384574135997692e-09,
                        -0.7977694352230307,
                        0.9472288085429912,
                        0.22643678849698406,
                        1.994536950891654,
                        0.42613885852285976
                    ],
                    [
                        0.0330539185791387,
                        1.1012870012042288,
                        -5.389685849520554e-10,
                        1.2273932038181674,
                        -0.829093515374757,
                        1.0093600338269408,
                        0.42613885852285976,
                        3.6832946016354224
                    ]
                ],
                "mui": [
                    0.0,
                    0.0,
                    1.0,
                    0.6668861006257047,
                    0.25456500110552877,
                    -1.7703882637625978,
                    -1.0384574135997693,
                    -0.5389685849520554
                ],
                "Ai": [
                    [
                        0.0,
                        0.0,
                        0.0,
                        0.0,
                        0.0,
                        0.0,
                        0.0,
                        0.0
                    ],
                    [
                        -0.0,
                        0.0,
                        0.0,
                        0.0,
                        0.0,
                        0.0,
                        0.0,
                        0.0
                    ],
                    [
                        0.0,
                        0.0,
                        0.0,
                        0.0,
                        0.0,
                        0.0,
                        0.0,
                        0.0
                    ],
                    [
                        0.8865930449418822,
                        0.7223391349353945,
                        0.6668861006257047,
                        0.0,
                        0.0,
                        0.0,
                        0.0,
                        0.0
                    ],
                    [
                        -0.0,
                        -0.0,
                        0.67148788085084,
                        -0.6251785415142617,
                        0.0,
                        0.0,
                        0.0,
                        0.0
                    ],
                    [
                        0.7245805554367475,
                        0.6221512137278249,
                        -0.9971563677506512,
                        -0.9324511514934699,
                        -0.5947132673817914,
                        0.0,
                        0.0,
                        0.0
                    ],
                    [
                        -0.519650090284594,
                        -0.8614798583511858,
                        -0.6475025514758037,
                        0.6750155065587766,
                        0.7993883618102806,
                        0.5900454955246427,
                        0.0,
                        0.0
                    ],
                    [
                        -0.6856602375922242,
                        0.7617826552627497,
                        0.5913746348912914,
                        0.8255885007653958,
                        0.0,
                        0.5794876850098567,
                        0.6307418202478527,
                        0.0
                    ]
                ]
            },
            "est_params": {
                "mui": [
                    -0.014537784798616608,
                    -0.004553764132610405,
                    0.9999991912253722,
                    0.6519833251922721,
                    0.2556234445779427,
                    -1.7702174110543711,
                    -1.0380296396984714,
                    -0.5468369266981687
                ],
                "Si": [
                    [
                        0.9874348304979266,
                        -0.001106845605319837,
                        -2.172154404137544e-07,
                        0.8760940073731858,
                        -0.557293837430677,
                        0.21757676698578793,
                        -0.22803894412044454,
                        0.026088795764672785
                    ],
                    [
                        -0.001106845605319837,
                        1.0017099894918653,
                        2.7498992906366613e-07,
                        0.7268562427070744,
                        -0.44461575484750426,
                        0.2115892446839325,
                        -0.6051782424449097,
                        1.101680589517145
                    ],
                    [
                        -2.172154404137545e-07,
                        2.749899290636663e-07,
                        1.0106751387014533e-06,
                        -7.445458176830275e-07,
                        1.2730808543164762e-06,
                        -8.182447503347562e-07,
                        2.7355935394349757e-08,
                        -1.7159406298980797e-06
                    ],
                    [
                        0.8760940073731855,
                        0.7268562427070744,
                        -7.445458176830271e-07,
                        2.291366117407669,
                        -1.4417169326165598,
                        -0.20794437616751849,
                        -0.8110477742163165,
                        1.2202767711512494
                    ],
                    [
                        -0.557293837430677,
                        -0.44461575484750415,
                        1.2730808543164764e-06,
                        -1.4417169326165598,
                        1.9228199411147073,
                        -0.46965539091117914,
                        0.9586450294207709,
                        -0.8415334453585713
                    ],
                    [
                        0.21757676698578796,
                        0.2115892446839325,
                        -8.182447503347561e-07,
                        -0.20794437616751846,
                        -0.46965539091117914,
