{
    "expt_args": {
        "save_dir": "all_expt_logs/expt_logs_11.05.24-half_intv_weight_error_all_comp_utigsp_large_sample",
        "exp_name": "293",
        "num_nodes": 8,
        "obs_noise_mean": 0.0,
        "obs_noise_var": 1.0,
        "max_edge_strength": 1.0,
        "graph_sparsity_method": "adj_dense_prop",
        "adj_dense_prop": 0.8,
        "num_parents": null,
        "new_noise_mean": 1.0,
        "mix_samples": 131072,
        "stage2_samples": 131072,
        "gmm_tol": 0.001,
        "intv_type": "do",
        "new_noise_var": null,
        "intv_targets": [
            2,
            7,
            5,
            4
        ]
    },
    "intv_args_dict": {
        "2": {
            "intv_type": "do",
            "inode": 2,
            "new_mui": 1.0,
            "new_vari": null,
            "true_params": {
                "Si": [
                    [
                        1.0,
                        -0.6020918379461911,
                        0.0,
                        -0.10758202209467205,
                        -0.4838607384467998,
                        -1.011337536212353,
                        0.47010776524278447,
                        -1.1168059533410968
                    ],
                    [
                        -0.6020918379461911,
                        1.3625145813214226,
                        0.0,
                        -0.8681635687215425,
                        1.923719898897688,
                        -0.1602818480425171,
                        -0.10026282659743155,
                        -0.02824393794727731
                    ],
                    [
                        0.0,
                        0.0,
                        1e-09,
                        7.918394463954897e-10,
                        -1.1744545920380676e-09,
                        6.899759287176786e-10,
                        1.2315976992419926e-09,
                        1.3501721484686513e-10
                    ],
                    [
                        -0.10758202209467205,
                        -0.8681635687215425,
                        7.918394463954897e-10,
                        1.8819468795375387,
                        -2.216407256150391,
                        1.9539737640862893,
                        0.3317590304337284,
                        0.8572318857174621
                    ],
                    [
                        -0.4838607384467998,
                        1.923719898897688,
                        -1.1744545920380676e-09,
                        -2.216407256150391,
                        4.454656009308469,
                        -2.122228217137818,
                        -0.3412713078803694,
                        -0.6655629406484235
                    ],
                    [
                        -1.011337536212353,
                        -0.1602818480425171,
                        6.899759287176786e-10,
                        1.9539737640862893,
                        -2.122228217137818,
                        4.151387890562615,
                        0.007346383103786969,
                        1.76246543787325
                    ],
                    [
                        0.47010776524278447,
                        -0.10026282659743155,
                        1.2315976992419926e-09,
                        0.3317590304337284,
                        -0.3412713078803694,
                        0.007346383103786969,
                        1.5600675005245175,
                        -1.4985823801952172
                    ],
                    [
                        -1.1168059533410968,
                        -0.02824393794727731,
                        1.3501721484686513e-10,
                        0.8572318857174621,
                        -0.6655629406484235,
                        1.76246543787325,
                        -1.4985823801952172,
                        3.540102077697351
                    ]
                ],
                "mui": [
                    0.0,
                    0.0,
                    1.0,
                    0.7918394463954896,
                    -1.1744545920380676,
                    0.6899759287176785,
                    1.2315976992419926,
                    0.13501721484686513
                ],
                "Ai": [
                    [
                        0.0,
                        0.0,
                        0.0,
                        0.0,
                        0.0,
                        0.0,
                        0.0,
                        0.0
                    ],
                    [
                        -0.6020918379461911,
                        0.0,
                        0.0,
                        0.0,
                        0.0,
                        0.0,
                        0.0,
                        0.0
                    ],
                    [
                        0.0,
                        0.0,
                        0.0,
                        0.0,
                        0.0,
                        0.0,
                        0.0,
                        0.0
                    ],
                    [
                        -0.6692962725215121,
                        -0.9329378261344914,
                        0.7918394463954896,
                        0.0,
                        0.0,
                        0.0,
                        0.0,
                        0.0
                    ],
                    [
                        0.0,
                        0.936846607197013,
                        -0.584104723971058,
                        -0.7455423833130882,
                        0.0,
                        0.0,
                        0.0,
                        0.0
                    ],
                    [
                        -0.7197972892263509,
                        0.7654956278405147,
                        -0.5038559059565779,
                        0.7433794837538944,
                        -0.5152984541927627,
                        0.0,
                        0.0,
                        0.0
                    ],
                    [
                        0.9501893436420641,
                        0.698570554007373,
                        0.79382021775856,
                        0.5528614209310072,
                        0.0,
                        -0.0,
                        0.0,
                        0.0
                    ],
                    [
                        -0.6356513130536997,
                        0.0,
                        0.7767458104327221,
                        0.5763421697142487,
                        0.0,
                        0.0,
                        -0.8916053195476139,
                        0.0
                    ]
                ]
            },
            "est_params": {
                "mui": [
                    0.004554877207938401,
                    -0.00829164874373291,
                    1.0000010506395818,
                    0.8027461123046588,
                    -1.1899827011711919,
                    0.701809851653957,
                    1.2367956646164238,
                    0.13031016097545595
                ],
                "Si": [
                    [
                        1.0029137828944765,
                        -0.6016092318604292,
                        -1.1496147510527988e-07,
                        -0.10607372969441317,
                        -0.4897409650658178,
                        -1.0080752517441145,
                        0.47324831884343826,
                        -1.1220845615921042
                    ],
                    [
                        -0.6016092318604292,
                        1.362066083079727,
                        -3.267943964285267e-07,
                        -0.8707735190767987,
                        1.9201399616879422,
                        -0.15489915391484338,
                        -0.10027769705052285,
                        -0.03293901612330652
                    ],
                    [
                        -1.1496147510527977e-07,
                        -3.2679439642852677e-07,
                        1.0107258750817313e-06,
                        -4.803832325973767e-08,
                        -7.471821306850605e-08,
                        2.26447631598258e-07,
                        -8.61908669642746e-07,
                        3.257964451780439e-07
                    ],
                    [
                        -0.10607372969441319,
                        -0.8707735190767987,
                        -4.803832325973767e-08,
                        1.8755617787023484,
                        -2.203576474198905,
                        1.9455705019973997,
                        0.337798385103818,
                        0.8468626156251801
                    ],
                    [
                        -0.4897409650658179,
                        1.9201399616879422,
                        -7.471821306850621e-08,
                        -2.203576474198905,
                        4.433449162803732,
                        -2.1003039398964685,
                        -0.33588541041472,
                        -0.6601723867379566
                    ],
                    [
                        -1.0080752517441147,
                        -0.15489915391484335,
                        2.2644763159825813e-07,
                        1.9455705019973997,
                        -2.1003039398964685,
                        4.124121133991652,
                        0.017385011721656983,
                        1.7457713814288032
                    ],
                    [
                        0.47324831884343826,
                        -0.10027769705052285,
                        -8.619086696427457e-07,
                        0.337798385103818,
                        -0.33588541041472,
                        0.01738501172165698,
                        1.5668440674617976,
                        -1.5065897422195211
                    ],
                    [
                        -1.1220845615921042,
                        -0.032939016123306526,
                        3.257964451780435e-07,
                        0.8468626156251801,
                        -0.6601723867379566,
                        1.7457713814288032,
                        -1.5065897422195211,
                        3.5593391888752612
                    ]
                ]
            },
            "est_tgt": [
                1,
                2,
                5
            ],
            "oracle_est_tgt": [
                2
            ],
            "intv_base_est_tgt": [
                0,
                1,
                2,
                3,
                4,
                5,
                6,
                7
            ]
        },
        "7": {
            "intv_type": "do",
            "inode": 7,
            "new_mui": 1.0,
            "new_vari": null,
            "true_params": {
                "Si": [
                    [
                        1.0,
                        -0.6020918379461911,
                        -0.46983351789040806,
                        -0.47961473479905814,
                        0.06793739413298958,
                        -1.3355113540614814,
                        -0.10853811441781365,
                        0.0
                    ],
                    [
                        -0.6020918379461911,
                        1.3625145813214226,
                        -0.39072366162692745,
                        -1.1775539766378271,
                        2.382607097513361,
                        -0.42987176934552807,
                        -0.5814771892965621,
                        0.0
                    ],
                    [
                        -0.46983351789040806,
                        -0.39072366162692745,
                        1.6744893698525276,
                        2.004905441346411,
                        -2.8388672689757444,
                        2.1486557667593416,
                        1.7182995405939718,
                        0.0
                    ],
                    [
                        -0.47961473479905814,
                        -1.1775539766378271,
                        2.004905441346411,
                        4.00715221611897,
                        -5.261764000713876,
                        4.123843119448821,
                        2.528604998232047,
                        0.0
                    ],
                    [
                        0.06793739413298958,
                        2.382607097513361,
                        -2.8388672689757444,
                        -5.261764000713876,
                        8.813201231647696,
                        -5.24756217406884,
                        -3.433604007652484,
                        0.0
                    ],
                    [
                        -1.3355113540614814,
                        -0.42987176934552807,
                        2.1486557667593416,
                        4.123843119448821,
                        -5.24756217406884,
                        6.319260640265046,
                        2.4162757383660804,
                        0.0
                    ],
                    [
                        -0.10853811441781365,
                        -0.5814771892965621,
                        1.7182995405939718,
                        2.528604998232047,
                        -3.433604007652484,
                        2.4162757383660804,
                        3.2526544658161973,
                        0.0
                    ],
                    [
                        0.0,
                        0.0,
                        0.0,
                        0.0,
                        0.0,
                        0.0,
                        0.0,
                        1e-09
                    ]
                ],
                "mui": [
                    0.0,
                    0.0,
                    0.0,
                    0.0,
                    0.0,
                    0.0,
                    0.0,
                    1.0
                ],
                "Ai": [
                    [
                        0.0,
                        0.0,
                        0.0,
                        0.0,
                        0.0,
                        0.0,
                        0.0,
                        0.0
                    ],
                    [
                        -0.6020918379461911,
                        0.0,
                        0.0,
                        0.0,
                        0.0,
                        0.0,
                        0.0,
                        0.0
                    ],
                    [
                        -0.8754065464772428,
                        -0.6736065879422879,
                        0.0,
                        0.0,
                        0.0,
                        0.0,
                        0.0,
                        0.0
                    ],
                    [
                        -0.6692962725215121,
                        -0.9329378261344914,
                        0.7918394463954896,
                        0.0,
                        0.0,
                        0.0,
                        0.0,
                        0.0
                    ],
                    [
                        0.0,
                        0.936846607197013,
                        -0.584104723971058,
                        -0.7455423833130882,
                        0.0,
                        0.0,
                        0.0,
                        0.0
                    ],
                    [
                        -0.7197972892263509,
                        0.7654956278405147,
                        -0.5038559059565779,
                        0.7433794837538944,
                        -0.5152984541927627,
                        0.0,
                        0.0,
                        0.0
                    ],
                    [
                        0.9501893436420641,
                        0.698570554007373,
                        0.79382021775856,
                        0.5528614209310072,
                        0.0,
                        -0.0,
                        0.0,
                        0.0
                    ],
                    [
                        0.0,
                        0.0,
                        0.0,
                        0.0,
                        0.0,
                        0.0,
                        0.0,
                        0.0
                    ]
                ]
            },
            "est_params": {
                "mui": [
                    -0.0011790542717766675,
                    -0.003980187130918267,
                    -0.00638805335059925,
                    0.005519903444468208,
                    -0.0020240887363410223,
                    -0.0007486247691432569,
                    -0.002693701521684555,
                    1.0000003899809755
                ],
                "Si": [
                    [
                        1.0033952532876727,
                        -0.5959512399555826,
                        -0.4797451285203541,
                        -0.4914062826744422,
                        0.09071296053606878,
                        -1.341215177296444,
                        -0.1170515153494851,
                        3.912810958865014e-07
                    ],
                    [
                        -0.5959512399555826,
                        1.3542795501175497,
                        -0.37680264845955824,
                        -1.1642358259644425,
                        2.3534206961909905,
                        -0.4212605987126517,
                        -0.5698046594665037,
                        -9.429166065200963e-08
                    ],
                    [
                        -0.4797451285203541,
                        -0.37680264845955824,
                        1.6642835197807182,
                        1.9841653349998236,
                        -2.8050109907403047,
                        2.1207809041409202,
                        1.7104657556924656,
                        -6.992904655979018e-07
                    ],
                    [
                        -0.4914062826744422,
                        -1.1642358259644425,
                        1.9841653349998238,
                        3.9796581299013525,
                        -5.210046688624334,
                        4.091390331003489,
                        2.510346097091751,
                        -6.955313268892586e-07
                    ],
                    [
                        0.09071296053606875,
                        2.35342069619099,
                        -2.8050109907403047,
                        -5.210046688624334,
                        8.725253598450376,
                        -5.203613274045816,
                        -3.4075103973089327,
                        7.024137399753415e-07
                    ],
                    [
                        -1.341215177296444,
                        -0.4212605987126517,
                        2.1207809041409202,
                        4.091390331003489,
                        -5.203613274045816,
                        6.291326846354854,
                        2.394939300504506,
                        -7.440980014781893e-07
                    ],
                    [
                        -0.11705151534948513,
                        -0.5698046594665038,
                        1.7104657556924658,
                        2.510346097091751,
                        -3.4075103973089327,
                        2.394939300504506,
                        3.2522084408221508,
                        -7.466312135664529e-07
                    ],
                    [
                        3.912810958865015e-07,
                        -9.429166065200956e-08,
                        -6.992904655979018e-07,
                        -6.955313268892584e-07,
                        7.024137399753417e-07,
                        -7.440980014781893e-07,
                        -7.466312135664533e-07,
                        1.0087880296605602e-06
                    ]
                ]
            },
            "est_tgt": [
                7
            ],
            "oracle_est_tgt": [
                7
            ],
            "intv_base_est_tgt": [
                0,
                1,
                2,
                3,
                4,
                5,
                6,
                7
            ]
        },
        "5": {
            "intv_type": "do",
            "inode": 5,
            "new_mui": 1.0,
            "new_vari": null,
            "true_params": {
                "Si": [
                    [
                        1.0,
                        -0.6020918379461911,
                        -0.46983351789040806,
                        -0.47961473479905814,
                        0.06793739413298958,
                        0.0,
                        -0.10853811441781365,
                        -1.1802415663683645
                    ],
                    [
                        -0.6020918379461911,
                        1.3625145813214226,
                        -0.39072366162692745,
                        -1.1775539766378271,
                        2.382607097513361,
                        0.0,
                        -0.5814771892965621,
                        -0.0809983585149141
                    ],
                    [
                        -0.46983351789040806,
                        -0.39072366162692745,
                        1.6744893698525276,
                        2.004905441346411,
                        -2.8388672689757444,
                        0.0,
                        1.7182995405939718,
                        1.222769436378444
                    ],
                    [
                        -0.47961473479905814,
                        -1.1775539766378271,
                        2.004905441346411,
                        4.00715221611897,
                        -5.261764000713876,
                        0.0,
                        2.528604998232047,
                        1.9171427729694055
                    ],
                    [
                        0.06793739413298958,
                        2.382607097513361,
                        -2.8388672689757444,
                        -5.261764000713876,
                        8.813201231647696,
                        0.0,
                        -3.433604007652484,
                        -2.219419633590375
                    ],
                    [
                        0.0,
                        0.0,
                        0.0,
                        0.0,
                        0.0,
                        1e-09,
                        0.0,
                        0.0
                    ],
                    [
                        -0.10853811441781365,
                        -0.5814771892965621,
                        1.7182995405939718,
                        2.528604998232047,
                        -3.433604007652484,
                        0.0,
                        3.2526544658161973,
                        -0.03906796916977806
                    ],
                    [
                        -1.1802415663683645,
                        -0.0809983585149141,
                        1.222769436378444,
                        1.9171427729694055,
                        -2.219419633590375,
                        0.0,
                        -0.03906796916977806,
                        3.839766572775618
                    ]
                ],
                "mui": [
                    0.0,
                    0.0,
                    0.0,
                    0.0,
                    0.0,
                    1.0,
                    0.0,
                    0.0
                ],
                "Ai": [
                    [
                        0.0,
                        0.0,
                        0.0,
                        0.0,
                        0.0,
                        0.0,
                        0.0,
                        0.0
                    ],
                    [
                        -0.6020918379461911,
                        0.0,
                        0.0,
                        0.0,
                        0.0,
                        0.0,
                        0.0,
                        0.0
                    ],
                    [
                        -0.8754065464772428,
                        -0.6736065879422879,
                        0.0,
                        0.0,
                        0.0,
                        0.0,
                        0.0,
                        0.0
                    ],
                    [
                        -0.6692962725215121,
                        -0.9329378261344914,
                        0.7918394463954896,
                        0.0,
                        0.0,
                        0.0,
                        0.0,
                        0.0
                    ],
                    [
                        0.0,
                        0.936846607197013,
                        -0.584104723971058,
                        -0.7455423833130882,
                        0.0,
                        0.0,
                        0.0,
                        0.0
                    ],
                    [
                        0.0,
                        0.0,
                        0.0,
                        0.0,
                        0.0,
                        0.0,
                        0.0,
                        0.0
                    ],
                    [
                        0.9501893436420641,
                        0.698570554007373,
                        0.79382021775856,
                        0.5528614209310072,
                        0.0,
                        -0.0,
                        0.0,
                        0.0
                    ],
                    [
                        -0.6356513130536997,
                        0.0,
                        0.7767458104327221,
                        0.5763421697142487,
                        0.0,
                        0.0,
                        -0.8916053195476139,
                        0.0
                    ]
                ]
            },
            "est_params": {
                "mui": [
                    -0.0011581070793555263,
                    0.003342245227916635,
                    -0.007709541553790598,
                    -0.0035191172867907413,
                    0.004117936511246814,
                    1.000000525897091,
                    -0.009802212048496985,
                    0.00948618332862635
                ],
                "Si": [
                    [
                        1.007790974546553,
                        -0.6017346761382384,
                        -0.4689922044239184,
                        -0.4874956042275207,
                        0.06652095804816313,
                        2.0131876373997406e-07,
                        -0.09610170474015677,
                        -1.2082657814600513
                    ],
                    [
                        -0.6017346761382384,
                        1.3565257994683753,
                        -0.3860609399488971,
                        -1.1622637882850864,
                        2.380695558467887,
                        -3.813824941215638e-07,
                        -0.5829547162828521,
                        -0.059398975604570435
                    ],
                    [
                        -0.4689922044239184,
                        -0.3860609399488971,
                        1.6531142644597514,
                        1.983738055294232,
                        -2.806531794232779,
                        4.79079289465172e-07,
                        1.688015310432737,
                        1.2248696053792028
                    ],
                    [
                        -0.4874956042275207,
                        -1.1622637882850861,
                        1.983738055294232,
                        3.9660975076490566,
                        -5.2146696226616225,
                        1.0121051653966594e-06,
                        2.4937842272617843,
                        1.9051771632745405
                    ],
                    [
                        0.06652095804816313,
                        2.380695558467887,
                        -2.806531794232779,
                        -5.2146696226616225,
                        8.788502446291721,
                        -1.0986415857638686e-06,
                        -3.391450141977988,
                        -2.1924523778590004
                    ],
                    [
                        2.0131876373997406e-07,
                        -3.813824941215638e-07,
                        4.790792894651722e-07,
                        1.0121051653966594e-06,
                        -1.0986415857638693e-06,
                        1.006662089446578e-06,
                        1.813334857443682e-07,
                        4.0430369942143363e-07
                    ],
                    [
                        -0.09610170474015677,
                        -0.5829547162828521,
                        1.6880153104327373,
                        2.4937842272617843,
                        -3.391450141977988,
                        1.813334857443682e-07,
                        3.2286488292854285,
                        -0.0782024450036615
                    ],
                    [
                        -1.2082657814600513,
                        -0.059398975604570456,
                        1.224869605379203,
                        1.9051771632745405,
                        -2.1924523778590004,
                        4.0430369942143363e-07,
                        -0.0782024450036615,
                        3.902164076757579
                    ]
                ]
            },
            "est_tgt": [
                1,
                2,
                3,
                4,
                5
            ],
            "oracle_est_tgt": [
                5
            ],
            "intv_base_est_tgt": [
                0,
                1,
                2,
                3,
                4,
                5,
                6,
                7
            ]
        },
        "4": {
            "intv_type": "do",
            "inode": 4,
            "new_mui": 1.0,
            "new_vari": null,
            "true_params": {
                "Si": [
                    [
                        1.0,
                        -0.6020918379461911,
                        -0.46983351789040806,
                        -0.47961473479905814,
                        0.0,
                        -1.3005033198828673,
                        -0.10853811441781365,
                        -1.1802415663683645
                    ],
                    [
                        -0.6020918379461911,
                        1.3625145813214226,
                        -0.39072366162692745,
                        -1.1775539766378271,
                        0.0,
                        0.7978819849518116,
                        -0.5814771892965621,
                        -0.0809983585149141
                    ],
                    [
                        -0.46983351789040806,
                        -0.39072366162692745,
                        1.6744893698525276,
                        2.004905441346411,
                        0.0,
                        0.6857918513977107,
                        1.7182995405939718,
                        1.222769436378444
                    ],
                    [
                        -0.47961473479905814,
                        -1.1775539766378271,
                        2.004905441346411,
                        4.00715221611897,
                        0.0,
                        1.4124642635538343,
                        2.528604998232047,
                        1.9171427729694055
                    ],
                    [
                        0.0,
                        0.0,
                        0.0,
                        0.0,
                        1e-09,
                        -5.152984541927627e-10,
                        0.0,
                        0.0
                    ],
                    [
                        -1.3005033198828673,
                        0.7978819849518116,
                        0.6857918513977107,
                        1.4124642635538343,
                        -5.152984541927627e-10,
                        3.251330616038255,
                        0.6469449009126809,
                        1.596595793508817
                    ],
                    [
                        -0.10853811441781365,
                        -0.5814771892965621,
                        1.7182995405939718,
                        2.528604998232047,
                        0.0,
                        0.6469449009126809,
                        3.2526544658161973,
                        -0.03906796916977806
                    ],
                    [
                        -1.1802415663683645,
                        -0.0809983585149141,
                        1.222769436378444,
                        1.9171427729694055,
                        0.0,
                        1.596595793508817,
                        -0.03906796916977806,
                        3.839766572775618
                    ]
                ],
                "mui": [
                    0.0,
                    0.0,
                    0.0,
                    0.0,
                    1.0,
                    -0.5152984541927627,
                    0.0,
                    0.0
                ],
                "Ai": [
                    [
                        0.0,
                        0.0,
                        0.0,
                        0.0,
                        0.0,
                        0.0,
                        0.0,
                        0.0
                    ],
                    [
                        -0.6020918379461911,
                        0.0,
                        0.0,
                        0.0,
                        0.0,
                        0.0,
                        0.0,
                        0.0
                    ],
                    [
                        -0.8754065464772428,
                        -0.6736065879422879,
                        0.0,
                        0.0,
                        0.0,
                        0.0,
                        0.0,
                        0.0
                    ],
                    [
                        -0.6692962725215121,
                        -0.9329378261344914,
                        0.7918394463954896,
                        0.0,
                        0.0,
                        0.0,
                        0.0,
                        0.0
                    ],
                    [
                        0.0,
                        0.0,
                        0.0,
                        0.0,
                        0.0,
                        0.0,
                        0.0,
                        0.0
                    ],
                    [
                        -0.7197972892263509,
                        0.7654956278405147,
                        -0.5038559059565779,
                        0.7433794837538944,
                        -0.5152984541927627,
                        0.0,
                        0.0,
                        0.0
                    ],
                    [
                        0.9501893436420641,
                        0.698570554007373,
                        0.79382021775856,
                        0.5528614209310072,
                        0.0,
                        -0.0,
                        0.0,
                        0.0
                    ],
                    [
                        -0.6356513130536997,
                        0.0,
                        0.7767458104327221,
                        0.5763421697142487,
                        0.0,
                        0.0,
                        -0.8916053195476139,
                        0.0
                    ]
                ]
            },
            "est_params": {
                "mui": [
                    0.006274739076935314,
                    0.0021524986962082686,
                    -0.004153480587514287,
                    -0.021064495629921843,
                    1.000000030635553,
                    -0.5400073666058867,
                    -0.005799704435587497,
                    -0.01280846417969754
                ],
                "Si": [
                    [
                        1.0136571310194675,
                        -0.6174040916586675,
                        -0.4799636973211672,
                        -0.4879809678036527,
                        -1.8570040581640253e-07,
                        -1.3174750142302671,
                        -0.11784561443549221,
                        -1.1853982825707754
                    ],
                    [
                        -0.6174040916586675,
                        1.3694916152700225,
                        -0.36854684533563514,
                        -1.1508934277256013,
                        4.0643990566468285e-07,
                        0.8119200105113966,
                        -0.5597869057297621,
                        -0.06058426081114788
                    ],
                    [
                        -0.4799636973211672,
                        -0.36854684533563514,
                        1.6725296578784425,
                        1.9947020431764204,
                        3.6593213731067307e-07,
                        0.7024809548169704,
                        1.7176183748831162,
                        1.2090131931058559
                    ],
                    [
                        -0.4879809678036527,
                        -1.1508934277256013,
                        1.9947020431764204,
                        3.9839137125607893,
                        -6.542137439342217e-08,
                        1.4269521964467573,
                        2.512787199379257,
                        1.9039769077658115
                    ],
                    [
                        -1.8570040581640256e-07,
                        4.0643990566468275e-07,
                        3.6593213731067307e-07,
                        -6.542137439342223e-08,
                        1.0051958417277167e-06,
                        8.931959010952746e-07,
                        6.5005613483754e-07,
                        -8.108447372170096e-10
                    ],
                    [
                        -1.3174750142302671,
                        0.8119200105113966,
                        0.7024809548169704,
                        1.4269521964467573,
                        8.931959010952741e-07,
                        3.2701007164315206,
                        0.6553116341440947,
                        1.6133846868921866
                    ],
                    [
                        -0.11784561443549221,
