{
    "expt_args": {
        "save_dir": "all_expt_logs/expt_logs_11.05.24-half_intv_weight_error_all_comp_utigsp_large_sample",
        "exp_name": "49",
        "num_nodes": 6,
        "obs_noise_mean": 0.0,
        "obs_noise_var": 1.0,
        "max_edge_strength": 1.0,
        "graph_sparsity_method": "adj_dense_prop",
        "adj_dense_prop": 0.8,
        "num_parents": null,
        "new_noise_mean": 1.0,
        "mix_samples": 32768,
        "stage2_samples": 32768,
        "gmm_tol": 0.001,
        "intv_type": "do",
        "new_noise_var": null,
        "intv_targets": [
            1,
            3,
            2
        ]
    },
    "intv_args_dict": {
        "1": {
            "intv_type": "do",
            "inode": 1,
            "new_mui": 1.0,
            "new_vari": null,
            "true_params": {
                "Si": [
                    [
                        1.0,
                        0.0,
                        -0.8787954495384569,
                        -1.4616600488847356,
                        0.19810078962292482,
                        -0.21071260794335503
                    ],
                    [
                        0.0,
                        1e-09,
                        -6.363247589855639e-10,
                        -1.2679141217413303e-09,
                        5.098439830238211e-10,
                        -1.10393742729103e-09
                    ],
                    [
                        -0.8787954495384569,
                        -6.363247589855639e-10,
                        1.7722814425344078,
                        2.0046815439071786,
                        -0.9753224243958365,
                        1.2197801474546175
                    ],
                    [
                        -1.4616600488847356,
                        -1.2679141217413303e-09,
                        2.0046815439071786,
                        3.6551112674491164,
                        -0.8665886018168074,
                        1.6034489528980884
                    ],
                    [
                        0.19810078962292482,
                        5.098439830238211e-10,
                        -0.9753224243958365,
                        -0.8665886018168074,
                        1.681217204360929,
                        -1.667290789912577
                    ],
                    [
                        -0.21071260794335503,
                        -1.10393742729103e-09,
                        1.2197801474546175,
                        1.6034489528980884,
                        -1.667290789912577,
                        3.052253286815528
                    ]
                ],
                "mui": [
                    0.0,
                    1.0,
                    -0.6363247589855638,
                    -1.2679141217413303,
                    0.5098439830238211,
                    -1.1039374272910298
                ],
                "Ai": [
                    [
                        0.0,
                        0.0,
                        0.0,
                        0.0,
                        0.0,
                        0.0
                    ],
                    [
                        0.0,
                        0.0,
                        0.0,
                        0.0,
                        0.0,
                        0.0
                    ],
                    [
                        -0.8787954495384569,
                        -0.6363247589855638,
                        0.0,
                        0.0,
                        0.0,
                        0.0
                    ],
                    [
                        -0.8287679614901721,
                        -0.8096449019965912,
                        0.7201813433683095,
                        0.0,
                        0.0,
                        0.0
                    ],
                    [
                        -0.5060185549868628,
                        0.0,
                        -0.8012323516008086,
                        0.0,
                        0.0,
                        0.0
                    ],
                    [
                        0.7515228262973469,
                        -0.0,
                        0.0,
                        0.550354188250938,
                        -0.7965879633205428,
                        0.0
                    ]
                ]
            },
            "est_params": {
                "mui": [
                    0.0057949844574877165,
                    0.99999926747246,
                    -0.64930700663676,
                    -1.2918577947550787,
                    0.535502606825436,
                    -1.1381139349474367
                ],
                "Si": [
                    [
                        1.0039307006235856,
                        -1.702074708468037e-06,
                        -0.8751156864679009,
                        -1.4649458038910448,
                        0.19761436223150652,
                        -0.21502271817285235
                    ],
                    [
                        -1.7020747084680367e-06,
                        1.0093923910977225e-06,
                        1.7960241196492035e-06,
                        2.8818869563190587e-06,
                        -8.135736763959225e-07,
                        4.004050712486465e-07
                    ],
                    [
                        -0.8751156864679009,
                        1.7960241196492037e-06,
                        1.7441003947889393,
                        1.977241558305243,
                        -0.9610334094936751,
                        1.2064329267365637
                    ],
                    [
                        -1.4649458038910446,
                        2.8818869563190587e-06,
                        1.977241558305243,
                        3.642112906250029,
                        -0.8764548480334232,
                        1.604562011428877
                    ],
                    [
                        0.19761436223150652,
                        -8.135736763959225e-07,
                        -0.9610334094936749,
                        -0.8764548480334232,
                        1.6564481523853456,
                        -1.6502158621847163
                    ],
                    [
                        -0.21502271817285237,
                        4.004050712486467e-07,
                        1.2064329267365639,
                        1.604562011428877,
                        -1.650215862184716,
                        3.0072937979399677
                    ]
                ]
            },
            "est_tgt": [
                1
            ],
            "oracle_est_tgt": [
                1
            ],
            "intv_base_est_tgt": [
                1,
                2,
                3,
                4
            ]
        },
        "3": {
            "intv_type": "do",
            "inode": 3,
            "new_mui": 1.0,
            "new_vari": null,
            "true_params": {
                "Si": [
                    [
                        1.0,
                        0.6131954849484895,
                        -1.2689869187093406,
                        0.0,
                        0.5107348180412864,
                        0.34467761779695055
                    ],
                    [
                        0.6131954849484895,
                        1.3760087027612133,
                        -1.4144618079968274,
                        0.0,
                        0.8230242674527262,
                        -0.1947808210522878
                    ],
                    [
                        -1.2689869187093406,
                        -1.4144618079968274,
                        3.0152369987534624,
                        0.0,
                        -1.773774504242469,
                        0.45929478404160895
                    ],
                    [
                        0.0,
                        0.0,
                        0.0,
                        1e-09,
                        0.0,
                        5.50354188250938e-10
                    ],
                    [
                        0.5107348180412864,
                        0.8230242674527262,
                        -1.773774504242469,
                        0.0,
                        2.162764222637022,
                        -1.3390030733101137
                    ],
                    [
                        0.34467761779695055,
                        -0.1947808210522878,
                        0.45929478404160895,
                        5.50354188250938e-10,
                        -1.3390030733101137,
                        2.3256668288391418
                    ]
                ],
                "mui": [
                    0.0,
                    0.0,
                    0.0,
                    1.0,
                    0.0,
                    0.550354188250938
                ],
                "Ai": [
                    [
                        0.0,
                        0.0,
                        0.0,
                        0.0,
                        0.0,
                        0.0
                    ],
                    [
                        0.6131954849484895,
                        0.0,
                        0.0,
                        0.0,
                        0.0,
                        0.0
                    ],
                    [
                        -0.8787954495384569,
                        -0.6363247589855638,
                        0.0,
                        0.0,
                        0.0,
                        0.0
                    ],
                    [
                        0.0,
                        0.0,
                        0.0,
                        0.0,
                        0.0,
                        0.0
                    ],
                    [
                        -0.5060185549868628,
                        0.0,
                        -0.8012323516008086,
                        0.0,
                        0.0,
                        0.0
                    ],
                    [
                        0.7515228262973469,
                        -0.0,
                        0.0,
                        0.550354188250938,
                        -0.7965879633205428,
                        0.0
                    ]
                ]
            },
            "est_params": {
                "mui": [
                    -0.011604556446174029,
                    0.0018739360146116902,
                    0.016722193365520235,
                    1.0000002329928996,
                    -0.0037265341280999587,
                    0.531736108582141
                ],
                "Si": [
                    [
                        1.0075209511855951,
                        0.6118969923996691,
                        -1.2770654516360094,
                        1.0097333429597966e-06,
                        0.5186609538387194,
                        0.34720497154916385
                    ],
                    [
                        0.6118969923996692,
                        1.3486631830265685,
                        -1.4077763775706014,
                        -1.5025000717937408e-06,
                        0.8222251790610254,
                        -0.18841270904528915
                    ],
                    [
                        -1.2770654516360094,
                        -1.4077763775706014,
                        3.0374633863149088,
                        2.597649785232802e-08,
                        -1.782754764168282,
                        0.45240476882295194
                    ],
                    [
                        1.0097333429597966e-06,
                        -1.502500071793741e-06,
                        2.5976497852328286e-08,
                        1.0107824772150655e-06,
                        4.900300362088844e-07,
                        -1.6202688913287408e-07
                    ],
                    [
                        0.5186609538387195,
                        0.8222251790610254,
                        -1.782754764168282,
                        4.900300362088845e-07,
                        2.156105690751832,
                        -1.3175198930561558
                    ],
                    [
                        0.34720497154916385,
                        -0.18841270904528915,
                        0.45240476882295183,
                        -1.6202688913287392e-07,
                        -1.3175198930561558,
                        2.308096563787648
                    ]
                ]
            },
            "est_tgt": [
                2,
                3
            ],
            "oracle_est_tgt": [
                2,
                3
            ],
            "intv_base_est_tgt": [
                1,
                2,
                3,
                4
            ]
        },
        "2": {
            "intv_type": "do",
            "inode": 2,
            "new_mui": 1.0,
            "new_vari": null,
            "true_params": {
                "Si": [
                    [
                        1.0,
                        0.6131954849484895,
                        0.0,
                        -1.325238559806044,
                        -0.5060185549868628,
                        0.4252605245958385
                    ],
                    [
                        0.6131954849484895,
                        1.3760087027612133,
                        0.0,
                        -1.6222752033492962,
                        -0.31028829321810325,
                        -0.18482362920084994
                    ],
                    [
                        0.0,
                        0.0,
                        1e-09,
                        7.201813433683096e-10,
                        -8.012323516008087e-10,
                        1.0346068657311534e-09
                    ],
                    [
                        -1.325238559806044,
                        -1.6222752033492962,
                        7.201813433683096e-10,
                        3.411782108244529,
                        0.6705953004688929,
                        0.34755340007548474
                    ],
                    [
                        -0.5060185549868628,
                        -0.31028829321810325,
                        -8.012323516008087e-10,
                        0.6705953004688929,
                        1.2560547786329659,
                        -1.0117776802984446
                    ],
                    [
                        0.4252605245958385,
                        -0.18482362920084994,
                        1.0346068657311534e-09,
                        0.34755340007548474,
                        -1.0117776802984446,
                        2.3168403824114754
                    ]
                ],
                "mui": [
                    0.0,
                    0.0,
                    1.0,
                    0.7201813433683095,
                    -0.8012323516008086,
                    1.0346068657311533
                ],
                "Ai": [
                    [
                        0.0,
                        0.0,
                        0.0,
                        0.0,
                        0.0,
                        0.0
                    ],
                    [
                        0.6131954849484895,
                        0.0,
                        0.0,
                        0.0,
                        0.0,
                        0.0
                    ],
                    [
                        0.0,
                        0.0,
                        0.0,
                        0.0,
                        0.0,
                        0.0
                    ],
                    [
                        -0.8287679614901721,
                        -0.8096449019965912,
                        0.7201813433683095,
                        0.0,
                        0.0,
                        0.0
                    ],
                    [
                        -0.5060185549868628,
                        0.0,
                        -0.8012323516008086,
                        0.0,
                        0.0,
                        0.0
                    ],
                    [
                        0.7515228262973469,
                        -0.0,
                        0.0,
                        0.550354188250938,
                        -0.7965879633205428,
                        0.0
                    ]
                ]
            },
            "est_params": {
                "mui": [
                    0.004354874824447171,
                    0.015348660731970023,
                    1.0000005369644043,
                    0.6905574508437347,
                    -0.8152846174092631,
                    1.0372072108360244
                ],
                "Si": [
                    [
                        0.9947012628077673,
                        0.5998609631618197,
                        -9.213034959475542e-07,
                        -1.3000816345158495,
                        -0.4812584195130041,
                        0.41457227632070004
                    ],
                    [
                        0.5998609631618197,
                        1.3801160379383648,
                        -9.024120330854001e-07,
                        -1.5969659786763812,
                        -0.2985022705148344,
                        -0.1924780392156666
                    ],
                    [
                        -9.21303495947554e-07,
                        -9.024120330854001e-07,
                        1.0106514229418383e-06,
                        2.603839749846706e-06,
                        2.2082131663282587e-06,
                        -8.909965283699432e-07
                    ],
                    [
                        -1.3000816345158495,
                        -1.5969659786763815,
                        2.603839749846706e-06,
                        3.346443096485087,
                        0.6321101300485686,
                        0.35958019343030856
                    ],
                    [
                        -0.48125841951300413,
                        -0.2985022705148344,
                        2.2082131663282587e-06,
                        0.6321101300485686,
                        1.24828419041958,
                        -1.0043638405363626
                    ],
                    [
                        0.41457227632070004,
                        -0.1924780392156666,
                        -8.909965283699433e-07,
                        0.35958019343030856,
                        -1.0043638405363626,
                        2.3242777953619274
                    ]
                ]
            },
            "est_tgt": [
                2,
                3
            ],
            "oracle_est_tgt": [
                2,
                3
            ],
            "intv_base_est_tgt": []
        },
        "obs": {
            "intv_type": "obs",
            "true_params": {
                "Si": [
                    [
                        1.0,
                        0.6131954849484895,
                        -1.2689869187093406,
                        -2.2391392636389487,
                        0.5107348180412864,
                        -0.887642054023866
                    ],
                    [
                        0.6131954849484895,
                        1.3760087027612133,
                        -1.4144618079968274,
                        -2.640944208375619,
                        0.8230242674527262,
                        -1.6482355270688678
                    ],
                    [
                        -1.2689869187093406,
                        -1.4144618079968274,
                        3.0152369987534624,
                        4.368424926026046,
                        -1.773774504242469,
                        2.863475738139837
                    ],
                    [
                        -2.2391392636389487,
                        -2.640944208375619,
                        4.368424926026046,
                        8.140012029416447,
                        -2.3670773616705083,
                        4.682710779474329
                    ],
                    [
                        0.5107348180412864,
                        0.8230242674527262,
                        -1.773774504242469,
                        -2.3670773616705083,
                        2.162764222637022,
                        -2.641734013219458
                    ],
                    [
                        -0.887642054023866,
                        -1.6482355270688678,
                        2.863475738139837,
                        4.682710779474329,
                        -2.641734013219458,
                        5.014439741896205
                    ]
                ],
                "mui": [
                    0.0,
                    0.0,
                    0.0,
                    0.0,
                    0.0,
                    0.0
                ],
                "Ai": [
                    [
                        0.0,
                        0.0,
                        0.0,
                        0.0,
                        0.0,
                        0.0
                    ],
                    [
                        0.6131954849484895,
                        0.0,
                        0.0,
                        0.0,
                        0.0,
                        0.0
                    ],
                    [
                        -0.8787954495384569,
                        -0.6363247589855638,
                        0.0,
                        0.0,
                        0.0,
                        0.0
                    ],
                    [
                        -0.8287679614901721,
                        -0.8096449019965912,
                        0.7201813433683095,
                        0.0,
                        0.0,
                        0.0
                    ],
                    [
                        -0.5060185549868628,
                        0.0,
                        -0.8012323516008086,
                        0.0,
                        0.0,
                        0.0
                    ],
                    [
                        0.7515228262973469,
                        -0.0,
                        0.0,
                        0.550354188250938,
                        -0.7965879633205428,
                        0.0
                    ]
                ]
            },
            "est_params": {
                "mui": [
                    0.723869339256046,
                    0.8338186332373856,
                    -1.600922795800762,
                    -2.534989233461437,
                    0.9558904797463873,
                    -1.658774038457554
                ],
                "Si": [
                    [
                        0.651313467615104,
                        0.21963392868013187,
                        -0.5224354385421351,
                        -1.0234514931820453,
                        0.05192312726762711,
                        -0.08820725445649652
                    ],
                    [
                        0.21963392868013187,
                        0.9419313609011587,
                        -0.5941262955799257,
                        -1.308559155215286,
                        0.3312514250578393,
                        -0.7887989672163616
                    ],
                    [
                        -0.5224354385421351,
                        -0.5941262955799257,
                        1.440859683177743,
                        1.822918210743096,
                        -0.8597851099013146,
                        1.2398422863178005
                    ],
                    [
                        -1.0234514931820453,
                        -1.3085591552152862,
                        1.822918210743096,
                        4.003452114883444,
                        -0.8609301393413801,
                        2.043104989202547
                    ],
                    [
                        0.05192312726762709,
                        0.3312514250578393,
                        -0.8597851099013146,
                        -0.8609301393413801,
                        1.6353319277077578,
                        -1.7031213347803513
                    ],
                    [
                        -0.0882072544564965,
                        -0.7887989672163616,
                        1.2398422863178005,
                        2.043104989202547,
                        -1.7031213347803509,
                        3.357079830502674
                    ]
                ]
            },
            "est_tgt": [
                0,
                1,
                2,
                3,
                5
            ],
            "oracle_est_tgt": [],
            "intv_base_est_tgt": [
                0,
                1,
                2,
                3,
                4,
                5
            ]
        },
        "left_comp_0": {
            "true_params": {
                "mui": [
                    -0.8678770430658022,
                    -1.0887578966577574,
                    1.9452621955242395,
                    3.146530901434368,
                    -1.1841357753027477,
                    2.121664511736275
                ],
                "Si": [
                    [
                        0.7059514330268054,
                        0.2453455762813289,
                        -0.5968070305086661,
                        -1.1716955967510039,
                        0.06181367668399264,
                        -0.09711834586303762
                    ],
                    [
                        0.2453455762813289,
                        0.8733056584024698,
                        -0.5228036428031233,
                        -1.16516636920602,
                        0.23857608776410433,
                        -0.6172755921147937
                    ],
                    [
                        -0.596807030508666,
                        -0.5228036428031233,
                        1.4639240945231091,
                        1.851475263334151,
                        -0.7558117322575307,
                        1.0540266275901777
                    ],
                    [
                        -1.1716955967510039,
                        -1.1651663692060197,
                        1.851475263334151,
                        4.0662255815910875,
                        -0.7264261202111851,
                        1.7887960332068684
                    ],
                    [
                        0.06181367668399264,
                        0.23857608776410433,
                        -0.7558117322575307,
                        -0.7264261202111851,
                        1.4679964352108237,
                        -1.4605586391245942
                    ],
                    [
                        -0.09711834586303762,
                        -0.6172755921147937,
                        1.0540266275901777,
                        1.7887960332068684,
                        -1.4605586391245942,
                        3.0490828053086956
                    ]
                ]
            },
            "est_params": {
                "mui": [
                    -0.8678770430658022,
                    -1.0887578966577574,
                    1.9452621955242395,
                    3.146530901434368,
                    -1.1841357753027477,
                    2.121664511736275
                ],
                "Si": [
                    [
                        0.7059514330268054,
                        0.2453455762813289,
                        -0.5968070305086661,
                        -1.1716955967510039,
                        0.06181367668399264,
                        -0.09711834586303762
                    ],
                    [
                        0.2453455762813289,
                        0.8733056584024698,
                        -0.5228036428031233,
                        -1.16516636920602,
                        0.23857608776410433,
                        -0.6172755921147937
                    ],
                    [
                        -0.596807030508666,
                        -0.5228036428031233,
                        1.4639240945231091,
                        1.851475263334151,
                        -0.7558117322575307,
                        1.0540266275901777
                    ],
                    [
                        -1.1716955967510039,
                        -1.1651663692060197,
                        1.851475263334151,
                        4.0662255815910875,
                        -0.7264261202111851,
                        1.7887960332068684
                    ],
                    [
                        0.06181367668399264,
                        0.23857608776410433,
                        -0.7558117322575307,
                        -0.7264261202111851,
                        1.4679964352108237,
                        -1.4605586391245942
                    ],
                    [
                        -0.09711834586303762,
                        -0.6172755921147937,
                        1.0540266275901777,
                        1.7887960332068684,
                        -1.4605586391245942,
                        3.0490828053086956
                    ]
                ]
            },
            "est_tgt": [
                0,
                1,
                2,
                3,
                4,
                5
            ],
            "oracle_est_tgt": [
                0,
                1,
                2,
                3,
                4,
                5
            ],
            "intv_base_est_tgt": [
                0,
                1,
                2,
                3,
                4,
                5
            ]
        },
        "left_comp_4": {
            "true_params": {
                "mui": [
                    0.20422983307471293,
                    0.26428338613908964,
                    -0.39060536975111193,
                    -0.7178294621028033,
                    0.1305974053944961,
                    -0.3011646239372945
                ],
                "Si": [
                    [
                        0.45200938991613215,
                        0.0010800026663625826,
                        -0.08193369815897672,
                        -0.37187352530764933,
                        -0.15564614770625596,
                        0.26621074539342954
                    ],
                    [
                        0.0010800026663625839,
                        0.5739285675355538,
                        0.016451097000648843,
                        -0.3662425340800546,
                        -0.030548911599420834,
                        -0.1989976509910694
                    ],
                    [
                        -0.08193369815897673,
                        0.01645109700064884,
                        0.4233560864923325,
                        0.18798572369859093,
                        -0.29282057679869095,
                        0.25335228868485765
                    ],
                    [
                        -0.37187352530764933,
                        -0.3662425340800546,
                        0.18798572369859093,
                        1.3357282337522451,
                        0.07046984379224314,
                        0.4178481886549271
                    ],
                    [
                        -0.15564614770625596,
                        -0.03054891159942083,
                        -0.29282057679869095,
                        0.07046984379224316,
                        1.2624259063743688,
                        -1.0506608334670329
                    ],
                    [
                        0.2662107453934296,
                        -0.1989976509910694,
                        0.2533522886848576,
                        0.4178481886549271,
                        -1.0506608334670329,
                        2.2353316127286442
                    ]
                ]
            },
            "est_params": {
                "mui": [
                    0.20422983307471293,
                    0.26428338613908964,
                    -0.39060536975111193,
                    -0.7178294621028033,
                    0.1305974053944961,
                    -0.3011646239372945
                ],
                "Si": [
                    [
                        0.45200938991613215,
                        0.0010800026663625826,
                        -0.08193369815897672,
                        -0.37187352530764933,
                        -0.15564614770625596,
                        0.26621074539342954
                    ],
                    [
                        0.0010800026663625839,
                        0.5739285675355538,
                        0.016451097000648843,
                        -0.3662425340800546,
                        -0.030548911599420834,
                        -0.1989976509910694
                    ],
                    [
                        -0.08193369815897673,
                        0.01645109700064884,
                        0.4233560864923325,
                        0.18798572369859093,
                        -0.29282057679869095,
                        0.25335228868485765
                    ],
                    [
                        -0.37187352530764933,
                        -0.3662425340800546,
                        0.18798572369859093,
                        1.3357282337522451,
                        0.07046984379224314,
                        0.4178481886549271
                    ],
                    [
                        -0.15564614770625596,
                        -0.03054891159942083,
                        -0.29282057679869095,
                        0.07046984379224316,
                        1.2624259063743688,
                        -1.0506608334670329
                    ],
                    [
                        0.2662107453934296,
                        -0.1989976509910694,
                        0.2533522886848576,
                        0.4178481886549271,
                        -1.0506608334670329,
                        2.2353316127286442
                    ]
                ]
            },
            "est_tgt": [
                0,
                1,
                2,
                3,
                4,
                5
            ],
            "oracle_est_tgt": [
                0,
                1,
                2,
                3,
                4
            ],
            "intv_base_est_tgt": [
                0,
                1,
                2,
                3,
                4
            ]
        },
        "left_comp_6": {
            "true_params": {
                "mui": [
                    -0.426871329496551,
                    -0.39236217388328987,
                    0.7826229170589311,
                    1.298686039246009,
                    -0.3307229187856388,
                    0.6468665566300789
                ],
                "Si": [
                    [
                        0.47887504565523864,
                        -0.018193446024148626,
                        -0.1462462491934202,
                        -0.4155759402730824,
                        -0.13250178123469009,
                        0.2576013317155818
                    ],
                    [
                        -0.01819344602414863,
                        0.5710991429913518,
                        -0.025534233757115766,
                        -0.3730914900135012,
                        -0.0027423117839706647,
                        -0.17064251786911314
                    ],
                    [
                        -0.1462462491934202,
                        -0.025534233757115766,
                        0.5059638935383203,
                        0.2910034704358698,
                        -0.3278897327812336,
                        0.2592306207119597
                    ],
                    [
                        -0.4155759402730824,
                        -0.3730914900135012,
                        0.2910034704358698,
                        1.4799569117916354,
                        -0.039897184149299374,
                        0.4594215603648192
                    ],
                    [
                        -0.13250178123469009,
                        -0.002742311783970663,
                        -0.3278897327812336,
                        -0.03989718414929936,
                        1.245407051966672,
                        -1.062556438851212
                    ],
                    [
                        0.2576013317155818,
                        -0.17064251786911316,
                        0.2592306207119597,
                        0.4594215603648192,
                        -1.062556438851212,
                        2.214129312331742
                    ]
                ]
            },
            "est_params": {
                "mui": [
                    -0.426871329496551,
                    -0.39236217388328987,
                    0.7826229170589311,
                    1.298686039246009,
                    -0.3307229187856388,
                    0.6468665566300789
                ],
                "Si": [
                    [
                        0.47887504565523864,
                        -0.018193446024148626,
                        -0.1462462491934202,
                        -0.4155759402730824,
                        -0.13250178123469009,
                        0.2576013317155818
                    ],
                    [
                        -0.01819344602414863,
                        0.5710991429913518,
                        -0.025534233757115766,
                        -0.3730914900135012,
                        -0.0027423117839706647,
                        -0.17064251786911314
                    ],
                    [
                        -0.1462462491934202,
                        -0.025534233757115766,
                        0.5059638935383203,
                        0.2910034704358698,
                        -0.3278897327812336,
                        0.2592306207119597
                    ],
                    [
                        -0.4155759402730824,
                        -0.3730914900135012,
                        0.2910034704358698,
                        1.4799569117916354,
                        -0.039897184149299374,
                        0.4594215603648192
                    ],
                    [
                        -0.13250178123469009,
                        -0.002742311783970663,
                        -0.3278897327812336,
                        -0.03989718414929936,
                        1.245407051966672,
                        -1.062556438851212
                    ],
                    [
                        0.2576013317155818,
                        -0.17064251786911316,
