{
    "expt_args": {
        "save_dir": "all_expt_logs/expt_logs_11.05.24-half_intv_weight_error_all_comp_utigsp_large_sample",
        "exp_name": "48",
        "num_nodes": 6,
        "obs_noise_mean": 0.0,
        "obs_noise_var": 1.0,
        "max_edge_strength": 1.0,
        "graph_sparsity_method": "adj_dense_prop",
        "adj_dense_prop": 0.8,
        "num_parents": null,
        "new_noise_mean": 1.0,
        "mix_samples": 16384,
        "stage2_samples": 16384,
        "gmm_tol": 0.001,
        "intv_type": "do",
        "new_noise_var": null,
        "intv_targets": [
            4,
            5,
            2
        ]
    },
    "intv_args_dict": {
        "4": {
            "intv_type": "do",
            "inode": 4,
            "new_mui": 1.0,
            "new_vari": null,
            "true_params": {
                "Si": [
                    [
                        1.0,
                        0.0,
                        -0.9139154928138356,
                        0.6772967619088144,
                        0.0,
                        1.8467098630544416
                    ],
                    [
                        0.0,
                        1.0,
                        0.9090239292640272,
                        0.0,
                        0.0,
                        -0.503588582978825
                    ],
                    [
                        -0.9139154928138356,
                        0.9090239292640272,
                        2.661566031979767,
                        -0.6189920039411091,
                        0.0,
                        -2.6994990849275644
                    ],
                    [
                        0.6772967619088144,
                        0.0,
                        -0.6189920039411091,
                        1.4587309036921652,
                        0.0,
                        2.0630297246571465
                    ],
                    [
                        0.0,
                        0.0,
                        0.0,
                        0.0,
                        1e-09,
                        -6.065898714249225e-10
                    ],
                    [
                        1.8467098630544416,
                        -0.503588582978825,
                        -2.6994990849275644,
                        2.0630297246571465,
                        -6.065898714249225e-10,
                        5.630606638130308
                    ]
                ],
                "mui": [
                    0.0,
                    0.0,
                    0.0,
                    0.0,
                    1.0,
                    -0.6065898714249225
                ],
                "Ai": [
                    [
                        0.0,
                        0.0,
                        0.0,
                        0.0,
                        0.0,
                        0.0
                    ],
                    [
                        -0.0,
                        0.0,
                        0.0,
                        0.0,
                        0.0,
                        0.0
                    ],
                    [
                        -0.9139154928138356,
                        0.9090239292640272,
                        0.0,
                        0.0,
                        0.0,
                        0.0
                    ],
                    [
                        0.6772967619088144,
                        -0.0,
                        0.0,
                        0.0,
                        0.0,
                        0.0
                    ],
                    [
                        0.0,
                        0.0,
                        0.0,
                        0.0,
                        0.0,
                        0.0
                    ],
                    [
                        0.7902709434104431,
                        -0.0,
                        -0.5539882579180785,
                        0.8122591142253031,
                        -0.6065898714249225,
                        0.0
                    ]
                ]
            },
            "est_params": {
                "mui": [
                    -0.004414582056401129,
                    -0.011785272372347383,
                    0.007297114859764458,
                    0.011072688021358254,
                    0.9999992737201603,
                    -0.6230452134673837
                ],
                "Si": [
                    [
                        0.9742712512057379,
                        -0.002059466533745013,
                        -0.904816714161043,
                        0.6547426510742682,
                        -2.111243962622686e-06,
                        1.8067973262170398
                    ],
                    [
                        -0.0020594665337450068,
                        0.9278803370021851,
                        0.8478784994253071,
                        -0.004035895879128771,
                        -1.4481802461906425e-07,
                        -0.47984818746531643
                    ],
                    [
                        -0.904816714161043,
                        0.8478784994253072,
                        2.618585318346237,
                        -0.6229056162282045,
                        2.8835494658596776e-06,
                        -2.678109335638902
                    ],
                    [
                        0.6547426510742682,
                        -0.00403589587912877,
                        -0.6229056162282046,
                        1.448338618123625,
                        -1.3724872466519556e-06,
                        2.0135983668181403
                    ],
                    [
                        -2.1112439626226863e-06,
                        -1.4481802461906446e-07,
                        2.8835494658596776e-06,
                        -1.372487246651956e-06,
                        1.0095038042772073e-06,
                        -6.497099704220166e-06
                    ],
                    [
                        1.8067973262170398,
                        -0.47984818746531643,
                        -2.678109335638902,
                        2.0135983668181403,
                        -6.4970997042201665e-06,
                        5.510474177025919
                    ]
                ]
            },
            "est_tgt": [
                4
            ],
            "oracle_est_tgt": [
                4
            ],
            "intv_base_est_tgt": []
        },
        "5": {
            "intv_type": "do",
            "inode": 5,
            "new_mui": 1.0,
            "new_vari": null,
            "true_params": {
                "Si": [
                    [
                        1.0,
                        0.0,
                        -0.9139154928138356,
                        0.6772967619088144,
                        -0.6518530725999558,
                        0.0
                    ],
                    [
                        0.0,
                        1.0,
                        0.9090239292640272,
                        0.0,
                        1.5022672960800505,
                        0.0
                    ],
                    [
                        -0.9139154928138356,
                        0.9090239292640272,
                        2.661566031979767,
                        -0.6189920039411091,
                        2.7837749611974734,
                        0.0
                    ],
                    [
                        0.6772967619088144,
                        0.0,
                        -0.6189920039411091,
                        1.4587309036921652,
                        -1.055150290574247,
                        0.0
                    ],
                    [
                        -0.6518530725999558,
                        1.5022672960800505,
                        2.7837749611974734,
                        -1.055150290574247,
                        4.73469521878922,
                        0.0
                    ],
                    [
                        0.0,
                        0.0,
                        0.0,
                        0.0,
                        0.0,
                        1e-09
                    ]
                ],
                "mui": [
                    0.0,
                    0.0,
                    0.0,
                    0.0,
                    0.0,
                    1.0
                ],
                "Ai": [
                    [
                        0.0,
                        0.0,
                        0.0,
                        0.0,
                        0.0,
                        0.0
                    ],
                    [
                        -0.0,
                        0.0,
                        0.0,
                        0.0,
                        0.0,
                        0.0
                    ],
                    [
                        -0.9139154928138356,
                        0.9090239292640272,
                        0.0,
                        0.0,
                        0.0,
                        0.0
                    ],
                    [
                        0.6772967619088144,
                        -0.0,
                        0.0,
                        0.0,
                        0.0,
                        0.0
                    ],
                    [
                        0.5154117802275587,
                        0.7546501840003637,
                        0.8224394188225386,
                        -0.6136523152619855,
                        0.0,
                        0.0
                    ],
                    [
                        0.0,
                        0.0,
                        0.0,
                        0.0,
                        0.0,
                        0.0
                    ]
                ]
            },
            "est_params": {
                "mui": [
                    0.006683511449241378,
                    0.0018706462723221769,
                    0.010172495040720318,
                    0.01733339934214546,
                    0.008286456487807488,
                    1.0000025626407694
                ],
                "Si": [
                    [
                        0.9691097907161851,
                        0.0169065512496126,
                        -0.870314610054639,
                        0.6488256699789059,
                        -0.5716826058968373,
                        -1.0352464639612625e-06
                    ],
                    [
                        0.0169065512496126,
                        0.9961759953089689,
                        0.8816582529779504,
                        0.046092533045195436,
                        1.4588964563732056,
                        1.0665122352265674e-06
                    ],
                    [
                        -0.8703146100546391,
                        0.8816582529779504,
                        2.6015210755368403,
                        -0.5420439888496229,
                        2.6704082801316398,
                        1.383393668167687e-06
                    ],
                    [
                        0.6488256699789059,
                        0.04609253304519544,
                        -0.5420439888496229,
                        1.460583312223599,
                        -0.9781458402857921,
                        3.059242982832119e-08
                    ],
                    [
                        -0.5716826058968372,
                        1.4588964563732056,
                        2.6704082801316398,
                        -0.9781458402857921,
                        4.5990452385310725,
                        -1.4198067445675706e-06
                    ],
                    [
                        -1.0352464639612627e-06,
                        1.0665122352265679e-06,
                        1.3833936681676865e-06,
                        3.059242982832112e-08,
                        -1.419806744567571e-06,
                        1.0075947743683653e-06
                    ]
                ]
            },
            "est_tgt": [
                5
            ],
            "oracle_est_tgt": [
                5
            ],
            "intv_base_est_tgt": [
                3,
                4,
                5
            ]
        },
        "2": {
            "intv_type": "do",
            "inode": 2,
            "new_mui": 1.0,
            "new_vari": null,
            "true_params": {
                "Si": [
                    [
                        1.0,
                        0.0,
                        0.0,
                        0.6772967619088144,
                        0.09978705416276905,
                        1.2798815949516968
                    ],
                    [
                        0.0,
                        1.0,
                        0.0,
                        0.0,
                        0.7546501840003637,
                        -0.4577631580835747
                    ],
                    [
                        0.0,
                        0.0,
                        1e-09,
                        0.0,
                        8.224394188225386e-10,
                        -1.0528716792364301e-09
                    ],
                    [
                        0.6772967619088144,
                        0.0,
                        0.0,
                        1.4587309036921652,
                        -0.5460668665971226,
                        2.0513540531271497
                    ],
                    [
                        0.09978705416276905,
                        0.7546501840003637,
                        8.224394188225386e-10,
                        -0.5460668665971226,
                        1.9560235210930679,
                        -1.551193036556195
                    ],
                    [
                        1.2798815949516968,
                        -0.4577631580835747,
                        -1.0528716792364301e-09,
                        2.0513540531271497,
                        -1.551193036556195,
                        4.61862224683482
                    ]
                ],
                "mui": [
                    0.0,
                    0.0,
                    1.0,
                    0.0,
                    0.8224394188225386,
                    -1.05287167923643
                ],
                "Ai": [
                    [
                        0.0,
                        0.0,
                        0.0,
                        0.0,
                        0.0,
                        0.0
                    ],
                    [
                        -0.0,
                        0.0,
                        0.0,
                        0.0,
                        0.0,
                        0.0
                    ],
                    [
                        0.0,
                        0.0,
                        0.0,
                        0.0,
                        0.0,
                        0.0
                    ],
                    [
                        0.6772967619088144,
                        -0.0,
                        0.0,
                        0.0,
                        0.0,
                        0.0
                    ],
                    [
                        0.5154117802275587,
                        0.7546501840003637,
                        0.8224394188225386,
                        -0.6136523152619855,
                        0.0,
                        0.0
                    ],
                    [
                        0.7902709434104431,
                        -0.0,
                        -0.5539882579180785,
                        0.8122591142253031,
                        -0.6065898714249225,
                        0.0
                    ]
                ]
            },
            "est_params": {
                "mui": [
                    0.01467818182632574,
                    -0.016915606348613756,
                    1.0000008776863123,
                    -0.00478884366336125,
                    0.8286121908724933,
                    -1.050521019948635
                ],
                "Si": [
                    [
                        1.0010777713214445,
                        0.0019260406046438501,
                        4.241557495522476e-07,
                        0.6911123400718051,
                        0.10251771897590056,
                        1.2651121899763054
                    ],
                    [
                        0.0019260406046438553,
                        0.9873943879497148,
                        7.272643981275362e-07,
                        -0.022077320631805418,
                        0.7609575925745643,
                        -0.5129672313848976
                    ],
                    [
                        4.2415574955224774e-07,
                        7.272643981275358e-07,
                        1.0175867307121658e-06,
                        1.4382001746290205e-06,
                        -4.727269979606147e-06,
                        3.559296403246407e-06
                    ],
                    [
                        0.6911123400718051,
                        -0.022077320631805418,
                        1.438200174629021e-06,
                        1.482283465381281,
                        -0.5705158042722946,
                        2.0752777071637416
                    ],
                    [
                        0.10251771897590058,
                        0.7609575925745643,
                        -4.727269979606148e-06,
                        -0.5705158042722946,
                        2.0105469996535748,
                        -1.6348675559482004
                    ],
                    [
                        1.2651121899763056,
                        -0.5129672313848976,
                        3.559296403246407e-06,
                        2.075277707163742,
                        -1.6348675559482007,
                        4.666088708014094
                    ]
                ]
            },
            "est_tgt": [
                2
            ],
            "oracle_est_tgt": [
                2
            ],
            "intv_base_est_tgt": [
                2,
                4,
                5
            ]
        },
        "obs": {
            "intv_type": "obs",
            "true_params": {
                "Si": [
                    [
                        1.0,
                        0.0,
                        -0.9139154928138356,
                        0.6772967619088144,
                        -0.6518530725999558,
                        2.2421173345507897
                    ],
                    [
                        0.0,
                        1.0,
                        0.9090239292640272,
                        0.0,
                        1.5022672960800505,
                        -1.4148487089538888
                    ],
                    [
                        -0.9139154928138356,
                        0.9090239292640272,
                        2.661566031979767,
                        -0.6189920039411091,
                        2.7837749611974734,
                        -4.388108780716259
                    ],
                    [
                        0.6772967619088144,
                        0.0,
                        -0.6189920039411091,
                        1.4587309036921652,
                        -1.055150290574247,
                        2.7030732037505487
                    ],
                    [
                        -0.6518530725999558,
                        1.5022672960800505,
                        2.7837749611974734,
                        -1.055150290574247,
                        4.73469521878922,
                        -5.786392788236276
                    ],
                    [
                        2.2421173345507897,
                        -1.4148487089538888,
                        -4.388108780716259,
                        2.7030732037505487,
                        -5.786392788236276,
                        10.908404023791297
                    ]
                ],
                "mui": [
                    0.0,
                    0.0,
                    0.0,
                    0.0,
                    0.0,
                    0.0
                ],
                "Ai": [
                    [
                        0.0,
                        0.0,
                        0.0,
                        0.0,
                        0.0,
                        0.0
                    ],
                    [
                        -0.0,
                        0.0,
                        0.0,
                        0.0,
                        0.0,
                        0.0
                    ],
                    [
                        -0.9139154928138356,
                        0.9090239292640272,
                        0.0,
                        0.0,
                        0.0,
                        0.0
                    ],
                    [
                        0.6772967619088144,
                        -0.0,
                        0.0,
                        0.0,
                        0.0,
                        0.0
                    ],
                    [
                        0.5154117802275587,
                        0.7546501840003637,
                        0.8224394188225386,
                        -0.6136523152619855,
                        0.0,
                        0.0
                    ],
                    [
                        0.7902709434104431,
                        -0.0,
                        -0.5539882579180785,
                        0.8122591142253031,
                        -0.6065898714249225,
                        0.0
                    ]
                ]
            },
            "est_params": {
                "mui": [
                    0.44875279875545837,
                    -0.43285704432054956,
                    -1.2217916070880634,
                    0.5351002351492292,
                    -1.5373606250732488,
                    2.5243928918854817
                ],
                "Si": [
                    [
                        0.8562575547003761,
                        0.11284011950673391,
                        -0.6028615967114577,
                        0.4703678821476201,
                        -0.17451497214918224,
                        1.4652498111575458
                    ],
                    [
                        0.11284011950673391,
                        0.9184609388955082,
                        0.5747893267948541,
                        0.1669183189891077,
                        1.0149294970377651,
                        -0.626603322222089
                    ],
                    [
                        -0.6028615967114577,
                        0.5747893267948541,
                        1.740092842534839,
                        -0.18896939236566332,
                        1.4976696889680579,
                        -2.3466893800661004
                    ],
                    [
                        0.4703678821476201,
                        0.16691831898910775,
                        -0.1889693923656633,
                        1.2359705791879712,
                        -0.4937976411311232,
                        1.7271578907330045
                    ],
                    [
                        -0.17451497214918224,
                        1.0149294970377651,
                        1.4976696889680579,
                        -0.4937976411311232,
                        2.9674287088920304,
                        -2.968803169377977
                    ],
                    [
                        1.4652498111575458,
                        -0.626603322222089,
                        -2.3466893800661004,
                        1.7271578907330045,
                        -2.968803169377977,
                        6.414741674094505
                    ]
                ]
            },
            "est_tgt": [
                0,
                1,
                2,
                3,
                4,
                5
            ],
            "oracle_est_tgt": [],
            "intv_base_est_tgt": [
                0,
                1,
                2,
                3,
                4,
                5
            ]
        },
        "left_comp_0": {
            "true_params": {
                "mui": [
                    -0.5259688714396982,
                    0.5417953379538475,
                    1.3352789595540993,
                    -0.5663598954607658,
                    1.73497041457608,
                    -2.793146319162975
                ],
                "Si": [
                    [
                        0.838638618520009,
                        0.16208418816326395,
                        -0.5227882768550964,
                        0.45952467812368364,
                        -0.0939073756470438,
                        1.380664241950266
                    ],
                    [
                        0.16208418816326395,
                        0.8428886347890551,
                        0.5446488512459113,
                        0.2053788404742193,
                        1.0118231501572568,
                        -0.5992560382921189
                    ],
                    [
                        -0.5227882768550965,
                        0.5446488512459113,
                        1.6390086052511605,
                        -0.122715385157787,
                        1.408809668168814,
                        -2.1781097665219082
                    ],
                    [
                        0.45952467812368364,
                        0.2053788404742193,
                        -0.122715385157787,
                        1.1652507238067678,
                        -0.3290016085812886,
                        1.6052335991391202
                    ],
                    [
                        -0.0939073756470438,
                        1.0118231501572568,
                        1.408809668168814,
                        -0.3290016085812886,
                        2.861435524916738,
                        -2.7964440685797585
                    ],
                    [
                        1.380664241950266,
                        -0.5992560382921189,
                        -2.1781097665219082,
                        1.6052335991391202,
                        -2.7964440685797585,
                        6.292757926898745
                    ]
                ]
            },
            "est_params": {
                "mui": [
                    -0.5259688714396982,
                    0.5417953379538475,
                    1.3352789595540993,
                    -0.5663598954607658,
                    1.73497041457608,
                    -2.793146319162975
                ],
                "Si": [
                    [
                        0.838638618520009,
                        0.16208418816326395,
                        -0.5227882768550964,
                        0.45952467812368364,
                        -0.0939073756470438,
                        1.380664241950266
                    ],
                    [
                        0.16208418816326395,
                        0.8428886347890551,
                        0.5446488512459113,
                        0.2053788404742193,
                        1.0118231501572568,
                        -0.5992560382921189
                    ],
                    [
                        -0.5227882768550965,
                        0.5446488512459113,
                        1.6390086052511605,
                        -0.122715385157787,
                        1.408809668168814,
                        -2.1781097665219082
                    ],
                    [
                        0.45952467812368364,
                        0.2053788404742193,
                        -0.122715385157787,
                        1.1652507238067678,
                        -0.3290016085812886,
                        1.6052335991391202
                    ],
                    [
                        -0.0939073756470438,
                        1.0118231501572568,
                        1.408809668168814,
                        -0.3290016085812886,
                        2.861435524916738,
                        -2.7964440685797585
                    ],
                    [
                        1.380664241950266,
                        -0.5992560382921189,
                        -2.1781097665219082,
                        1.6052335991391202,
                        -2.7964440685797585,
                        6.292757926898745
                    ]
                ]
            },
            "est_tgt": [
                0,
                1,
                2,
                3,
                4,
                5
            ],
            "oracle_est_tgt": [
                0,
                1,
                2,
                3,
                4,
                5
            ],
            "intv_base_est_tgt": [
                0,
                1,
                2,
                3,
                4,
                5
            ]
        },
        "left_comp_3": {
            "true_params": {
                "mui": [
                    0.10455686050019748,
                    -0.055078621859661454,
                    -0.0661270561124373,
                    -0.04725998042170594,
                    0.04112952696198749,
                    -0.017915358949621433
                ],
                "Si": [
                    [
                        0.7323347104692368,
                        0.3163943503270142,
                        -0.06486466968883732,
                        0.4089490120957774,
                        0.30377312545204516,
                        0.7637193311913282
                    ],
                    [
                        0.3163943503270142,
                        0.7524625976722306,
                        0.18942750014680548,
                        0.32942305199690114,
                        0.5912578875472082,
                        0.12044372738843384
                    ],
                    [
                        -0.0648646696888373,
                        0.18942750014680548,
                        0.6189748250646517,
                        0.27637452687138325,
                        0.3162746123577571,
                        -0.31859640534278216
                    ],
                    [
                        0.4089490120957774,
                        0.3294230519969011,
                        0.27637452687138325,
                        1.2422110958704133,
                        -0.06245676422011289,
                        1.091638994725698
                    ],
                    [
                        0.30377312545204516,
                        0.5912578875472082,
                        0.3162746123577571,
                        -0.0624567642201129,
                        1.7078429300448572,
                        -0.9095695296898335
                    ],
                    [
                        0.7637193311913282,
                        0.12044372738843387,
                        -0.31859640534278216,
                        1.091638994725698,
                        -0.9095695296898334,
                        2.902629586256746
                    ]
                ]
            },
            "est_params": {
                "mui": [
                    0.10455686050019748,
                    -0.055078621859661454,
                    -0.0661270561124373,
                    -0.04725998042170594,
                    0.04112952696198749,
                    -0.017915358949621433
                ],
                "Si": [
                    [
                        0.7323347104692368,
                        0.3163943503270142,
                        -0.06486466968883732,
                        0.4089490120957774,
                        0.30377312545204516,
                        0.7637193311913282
                    ],
                    [
                        0.3163943503270142,
                        0.7524625976722306,
                        0.18942750014680548,
                        0.32942305199690114,
                        0.5912578875472082,
                        0.12044372738843384
                    ],
                    [
                        -0.0648646696888373,
                        0.18942750014680548,
                        0.6189748250646517,
                        0.27637452687138325,
                        0.3162746123577571,
                        -0.31859640534278216
                    ],
                    [
                        0.4089490120957774,
                        0.3294230519969011,
                        0.27637452687138325,
                        1.2422110958704133,
                        -0.06245676422011289,
                        1.091638994725698
                    ],
                    [
                        0.30377312545204516,
                        0.5912578875472082,
                        0.3162746123577571,
                        -0.0624567642201129,
                        1.7078429300448572,
                        -0.9095695296898335
                    ],
                    [
                        0.7637193311913282,
                        0.12044372738843387,
                        -0.31859640534278216,
                        1.091638994725698,
                        -0.9095695296898334,
                        2.902629586256746
                    ]
                ]
            },
            "est_tgt": [
                0,
                1,
                2,
                4,
                5
            ],
            "oracle_est_tgt": [
                0,
                1,
                2,
                4,
                5
            ],
            "intv_base_est_tgt": [
                0,
                1,
                2,
                3,
                4,
                5
            ]
        },
        "left_comp_4": {
            "true_params": {
                "mui": [
                    0.17840760813738016,
                    -0.208150309178371,
                    -0.438278548393853,
                    0.47872284657829905,
                    -0.7838404046611916,
                    0.9551103928015973
                ],
                "Si": [
                    [
                        1.023955249032484,
                        0.23038870836693254,
                        -0.6602000551279662,
                        0.140370993275255,
                        0.5433810206908997,
                        -0.0352732367797271
                    ],
                    [
                        0.23038870836693257,
                        0.6630879447286929,
                        0.0068084962602901,
                        0.04324826698951288,
                        0.9590590536989428,
                        -0.05120056821924121
                    ],
                    [
                        -0.6602000551279661,
                        0.006808496260290103,
                        1.1113835824274223,
                        0.27831192388556286,
                        0.3666298191592516,
                        0.018999322600941074
                    ],
                    [
                        0.140370993275255,
                        0.04324826698951288,
                        0.27831192388556286,
                        0.47012658798934015,
                        0.26413361834326304,
                        -0.0020598703708497243
                    ],
                    [
                        0.5433810206908997,
                        0.9590590536989428,
                        0.3666298191592516,
                        0.26413361834326304,
                        2.615305426000868,
                        -0.18118987888961463
                    ],
                    [
                        -0.035273236779727095,
                        -0.05120056821924121,
                        0.018999322600941077,
                        -0.0020598703708497234,
                        -0.18118987888961463,
                        0.026186066169857292
                    ]
                ]
            },
            "est_params": {
                "mui": [
                    0.17840760813738016,
                    -0.208150309178371,
                    -0.438278548393853,
                    0.47872284657829905,
                    -0.7838404046611916,
                    0.9551103928015973
                ],
                "Si": [
                    [
                        1.023955249032484,
                        0.23038870836693254,
                        -0.6602000551279662,
                        0.140370993275255,
                        0.5433810206908997,
                        -0.0352732367797271
                    ],
                    [
                        0.23038870836693257,
                        0.6630879447286929,
                        0.0068084962602901,
                        0.04324826698951288,
                        0.9590590536989428,
                        -0.05120056821924121
                    ],
                    [
                        -0.6602000551279661,
                        0.006808496260290103,
                        1.1113835824274223,
                        0.27831192388556286,
                        0.3666298191592516,
                        0.018999322600941074
                    ],
                    [
                        0.140370993275255,
                        0.04324826698951288,
                        0.27831192388556286,
                        0.47012658798934015,
                        0.26413361834326304,
                        -0.0020598703708497243
                    ],
                    [
                        0.5433810206908997,
                        0.9590590536989428,
                        0.3666298191592516,
                        0.26413361834326304,
                        2.615305426000868,
                        -0.18118987888961463
                    ],
                    [
                        -0.035273236779727095,
                        -0.05120056821924121,
                        0.018999322600941077,
                        -0.0020598703708497234,
                        -0.18118987888961463,
                        0.026186066169857292
                    ]
                ]
            },
            "est_tgt": [
                0,
                1,
                2,
                3,
                4,
                5
            ],
            "oracle_est_tgt": [
                0,
                1,
                2,
                3,
                4,
                5
            ],
            "intv_base_est_tgt": [
                0,
                1,
                2,
                3,
                4,
                5
            ]
        }
    },
    "metric_dict": {
        "param_est_rel_err": 40.7411340441859,
