{
    "expt_args": {
        "save_dir": "all_expt_logs/expt_logs_11.05.24-half_intv_weight_error_all_comp_utigsp_large_sample",
        "exp_name": "97",
        "num_nodes": 8,
        "obs_noise_mean": 0.0,
        "obs_noise_var": 1.0,
        "max_edge_strength": 1.0,
        "graph_sparsity_method": "adj_dense_prop",
        "adj_dense_prop": 0.8,
        "num_parents": null,
        "new_noise_mean": 1.0,
        "mix_samples": 524288,
        "stage2_samples": 524288,
        "gmm_tol": 0.001,
        "intv_type": "do",
        "new_noise_var": null,
        "intv_targets": [
            2,
            3,
            4,
            0
        ]
    },
    "intv_args_dict": {
        "2": {
            "intv_type": "do",
            "inode": 2,
            "new_mui": 1.0,
            "new_vari": null,
            "true_params": {
                "Si": [
                    [
                        1.0,
                        -0.6016766872278265,
                        0.0,
                        0.48298637785981346,
                        -0.8865126971168668,
                        0.547338422175006,
                        -1.2491839740625368,
                        1.0340546284382832
                    ],
                    [
                        -0.6016766872278265,
                        1.3620148359534519,
                        0.0,
                        0.5442591415327825,
                        0.9973976824454643,
                        1.018313680843455,
                        -0.27832155513526335,
                        0.4994723703284669
                    ],
                    [
                        0.0,
                        0.0,
                        1e-09,
                        -8.13760289940281e-10,
                        5.015952018094444e-10,
                        -1.999008786485497e-10,
                        -1.31877324455426e-10,
                        -6.272849747910926e-10
                    ],
                    [
                        0.48298637785981346,
                        0.5442591415327825,
                        -8.13760289940281e-10,
                        1.9302683727582728,
                        -0.6571869364431919,
                        2.7678821973935563,
                        -2.374834447983491,
                        2.552377234085696
                    ],
                    [
                        -0.8865126971168668,
                        0.9973976824454643,
                        5.015952018094444e-10,
                        -0.6571869364431919,
                        2.381143058048342,
                        -1.4840174022653894,
                        1.2848550338712692,
                        -2.5369660708393864
                    ],
                    [
                        0.547338422175006,
                        1.018313680843455,
                        -1.999008786485497e-10,
                        2.7678821973935563,
                        -1.4840174022653894,
                        5.615553360941677,
                        -4.348519823275949,
                        5.621264377382685
                    ],
                    [
                        -1.2491839740625368,
                        -0.27832155513526335,
                        -1.31877324455426e-10,
                        -2.374834447983491,
                        1.2848550338712692,
                        -4.348519823275949,
                        5.35945282782408,
                        -4.4343733903234055
                    ],
                    [
                        1.0340546284382832,
                        0.4994723703284669,
                        -6.272849747910926e-10,
                        2.552377234085696,
                        -2.5369660708393864,
                        5.621264377382685,
                        -4.4343733903234055,
                        7.457731349469432
                    ]
                ],
                "mui": [
                    0.0,
                    0.0,
                    1.0,
                    -0.8137602899402809,
                    0.5015952018094444,
                    -0.1999008786485497,
                    -0.131877324455426,
                    -0.6272849747910926
                ],
                "Ai": [
                    [
                        0.0,
                        0.0,
                        0.0,
                        0.0,
                        0.0,
                        0.0,
                        0.0,
                        0.0
                    ],
                    [
                        -0.6016766872278265,
                        0.0,
                        0.0,
                        0.0,
                        0.0,
                        0.0,
                        0.0,
                        0.0
                    ],
                    [
                        0.0,
                        0.0,
                        0.0,
                        0.0,
                        0.0,
                        0.0,
                        0.0,
                        0.0
                    ],
                    [
                        0.9853026494793911,
                        0.8348607853396424,
                        -0.8137602899402809,
                        0.0,
                        0.0,
                        0.0,
                        0.0,
                        0.0
                    ],
                    [
                        0.0,
                        0.9786050346361246,
                        0.0,
                        -0.6163918392310035,
                        0.0,
                        0.0,
                        0.0,
                        0.0
                    ],
                    [
                        0.0,
                        0.9547056743525265,
                        0.9218172607630449,
                        0.9010768946995282,
                        -0.7744442987514726,
                        0.0,
                        0.0,
                        0.0
                    ],
                    [
                        -0.9706151258496798,
                        0.5446949979687224,
                        -0.0,
                        -0.0,
                        -0.640661795202357,
                        -0.9478475496539589,
                        0.0,
                        0.0
                    ],
                    [
                        0.6087980943397773,
                        0.7709643704695623,
                        -0.5297006896260261,
                        -0.5715278503892416,
                        -0.7711407860729478,
                        0.8797882099468368,
                        -0.0,
                        0.0
                    ]
                ]
            },
            "est_params": {
                "mui": [
                    -0.0010672795785681903,
                    -0.0016644636429971236,
                    0.99999969509951,
                    -0.8177936809316487,
                    0.49949754740899216,
                    -0.20263805702148927,
                    -0.13557090665741725,
                    -0.6226704470028639
                ],
                "Si": [
                    [
                        0.9979078016792423,
                        -0.6026491157929067,
                        1.921780185518203e-08,
                        0.4813209132647487,
                        -0.8842898358128578,
                        0.5424917143979181,
                        -1.248092733646103,
                        1.0208998456054168
                    ],
                    [
                        -0.6026491157929067,
                        1.3646539757677474,
                        -4.852663653288619e-07,
                        0.5424725190627754,
                        0.9980018218168525,
                        1.0166893042515424,
                        -0.27517577284388833,
                        0.5057145922287137
                    ],
                    [
                        1.921780185518211e-08,
                        -4.852663653288619e-07,
                        1.0131578615006e-06,
                        -6.175576362826316e-07,
                        -5.955727969986298e-07,
                        -6.525678400822002e-07,
                        3.030692017949719e-07,
                        -3.693381527225579e-07
                    ],
                    [
                        0.4813209132647487,
                        0.5424725190627753,
                        -6.175576362826315e-07,
                        1.9253408854834375,
                        -0.6568766322139549,
                        2.756201524203694,
                        -2.3648793197295688,
                        2.547041536513808
                    ],
                    [
                        -0.8842898358128578,
                        0.9980018218168525,
                        -5.955727969986297e-07,
                        -0.6568766322139549,
                        2.3808277393855986,
                        -1.4780723958287365,
                        1.2810481411606423,
                        -2.5266489456966075
                    ],
                    [
                        0.5424917143979181,
                        1.0166893042515424,
                        -6.525678400821999e-07,
                        2.756201524203695,
                        -1.478072395828737,
                        5.577496986816345,
                        -4.321486551194583,
                        5.590034478613913
                    ],
                    [
                        -1.248092733646103,
                        -0.27517577284388833,
                        3.030692017949719e-07,
                        -2.3648793197295688,
                        1.2810481411606423,
                        -4.3214865511945835,
                        5.344893391642266,
                        -4.410074336500452
                    ],
                    [
                        1.020899845605417,
                        0.5057145922287138,
                        -3.693381527225576e-07,
                        2.547041536513808,
                        -2.5266489456966075,
                        5.590034478613913,
                        -4.410074336500452,
                        7.421778301831864
                    ]
                ]
            },
            "est_tgt": [
                2
            ],
            "oracle_est_tgt": [
                2
            ],
            "intv_base_est_tgt": [
                0,
                2,
                3,
                4,
                5,
                6,
                7
            ]
        },
        "3": {
            "intv_type": "do",
            "inode": 3,
            "new_mui": 1.0,
            "new_vari": null,
            "true_params": {
                "Si": [
                    [
                        1.0,
                        -0.6016766872278265,
                        0.0,
                        0.0,
                        -0.5888038353443359,
                        -0.11842837405661455,
                        -0.8088692414442686,
                        0.4947855711569786
                    ],
                    [
                        -0.6016766872278265,
                        1.3620148359534519,
                        0.0,
                        0.0,
                        1.3328745757131433,
                        0.2680861763252542,
                        0.21785251801553696,
                        -0.1082096008933063
                    ],
                    [
                        0.0,
                        0.0,
                        1.0,
                        0.0,
                        0.0,
                        0.9218172607630449,
                        -0.8737422318429766,
                        0.2813032681187897
                    ],
                    [
                        0.0,
                        0.0,
                        0.0,
                        1e-09,
                        -6.163918392310035e-10,
                        1.3784380403889132e-09,
                        -9.116504166626188e-10,
                        1.116530573120692e-09
                    ],
                    [
                        -0.5888038353443359,
                        1.3328745757131433,
                        0.0,
                        -6.163918392310035e-10,
                        2.3043577707113094,
                        -0.5120938177328889,
                        0.3065849072128002,
                        -1.5583822102934146
                    ],
                    [
                        -0.11842837405661455,
                        0.2680861763252542,
                        0.9218172607630449,
                        1.3784380403889132e-09,
                        -0.5120938177328889,
                        2.502278594805066,
                        -1.7827261195986912,
                        2.2426703170590634
                    ],
                    [
                        -0.8088692414442686,
                        0.21785251801553696,
                        -0.8737422318429766,
                        -9.116504166626188e-10,
                        0.3065849072128002,
                        -1.7827261195986912,
                        3.3970992445671473,
                        -1.6665012080040167
                    ],
                    [
                        0.4947855711569786,
                        -0.1082096008933063,
                        0.2813032681187897,
                        1.116530573120692e-09,
                        -1.5583822102934146,
                        2.2426703170590634,
                        -1.6665012080040167,
                        4.2435992166350704
                    ]
                ],
                "mui": [
                    0.0,
                    0.0,
                    0.0,
                    1.0,
                    -0.6163918392310035,
                    1.3784380403889132,
                    -0.9116504166626187,
                    1.116530573120692
                ],
                "Ai": [
                    [
                        0.0,
                        0.0,
                        0.0,
                        0.0,
                        0.0,
                        0.0,
                        0.0,
                        0.0
                    ],
                    [
                        -0.6016766872278265,
                        0.0,
                        0.0,
                        0.0,
                        0.0,
                        0.0,
                        0.0,
                        0.0
                    ],
                    [
                        -0.0,
                        -0.0,
                        0.0,
                        0.0,
                        0.0,
                        0.0,
                        0.0,
                        0.0
                    ],
                    [
                        0.0,
                        0.0,
                        0.0,
                        0.0,
                        0.0,
                        0.0,
                        0.0,
                        0.0
                    ],
                    [
                        0.0,
                        0.9786050346361246,
                        0.0,
                        -0.6163918392310035,
                        0.0,
                        0.0,
                        0.0,
                        0.0
                    ],
                    [
                        0.0,
                        0.9547056743525265,
                        0.9218172607630449,
                        0.9010768946995282,
                        -0.7744442987514726,
                        0.0,
                        0.0,
                        0.0
                    ],
                    [
                        -0.9706151258496798,
                        0.5446949979687224,
                        -0.0,
                        -0.0,
                        -0.640661795202357,
                        -0.9478475496539589,
                        0.0,
                        0.0
                    ],
                    [
                        0.6087980943397773,
                        0.7709643704695623,
                        -0.5297006896260261,
                        -0.5715278503892416,
                        -0.7711407860729478,
                        0.8797882099468368,
                        -0.0,
                        0.0
                    ]
                ]
            },
            "est_params": {
                "mui": [
                    -0.002481267610284156,
                    0.005330566353757872,
                    -0.0028364389597430903,
                    0.9999996049818418,
                    -0.6103237713389965,
                    1.3780806927638303,
                    -0.9105238496326516,
                    1.1143830718731276
                ],
                "Si": [
                    [
                        0.998835651226087,
                        -0.60092634527784,
                        0.002612821289818777,
                        -3.2692760922640443e-07,
                        -0.5860255448635812,
                        -0.11973293357839473,
                        -0.8070486272208394,
                        0.48705572465941643
                    ],
                    [
                        -0.6009263452778398,
                        1.354800929570647,
                        -6.274355744202817e-05,
                        1.7816932436500283e-07,
                        1.3262190598053643,
                        0.2654247776280466,
                        0.2240120678314451,
                        -0.11058689548133051
                    ],
                    [
                        0.002612821289818777,
                        -6.274355744202593e-05,
                        1.0030447756739305,
                        1.1517563127813266e-07,
                        0.0017092024456276324,
                        0.9262369418295837,
                        -0.8855977918442993,
                        0.2815194973751349
                    ],
                    [
                        -3.2692760922640464e-07,
                        1.7816932436500296e-07,
                        1.1517563127813266e-07,
                        1.0092907238719107e-06,
                        3.1685955630535466e-07,
                        2.6022101574500107e-07,
                        4.220279890651726e-07,
                        -1.9268509455919747e-07
                    ],
                    [
                        -0.5860255448635812,
                        1.3262190598053643,
                        0.0017092024456276356,
                        3.1685955630535466e-07,
                        2.297639119660114,
                        -0.5196322045480273,
                        0.3180391793817534,
                        -1.566498050545453
                    ],
                    [
                        -0.11973293357839469,
                        0.26542477762804667,
                        0.9262369418295837,
                        2.602210157450011e-07,
                        -0.5196322045480273,
                        2.5223949973702444,
                        -1.8091001517131262,
                        2.2569917845475898
                    ],
                    [
                        -0.8070486272208394,
                        0.22401206783144512,
                        -0.8855977918442993,
                        4.2202798906517266e-07,
                        0.31803917938175336,
                        -1.8091001517131262,
                        3.430976495581702,
                        -1.675361030645449
                    ],
                    [
                        0.4870557246594165,
                        -0.11058689548133051,
                        0.2815194973751348,
                        -1.926850945591975e-07,
                        -1.566498050545453,
                        2.2569917845475898,
                        -1.675361030645449,
                        4.256866585150104
                    ]
                ]
            },
            "est_tgt": [
                3
            ],
            "oracle_est_tgt": [
                3
            ],
            "intv_base_est_tgt": [
                0,
                1,
                2,
                3,
                4,
                5,
                6,
                7
            ]
        },
        "4": {
            "intv_type": "do",
            "inode": 4,
            "new_mui": 1.0,
            "new_vari": null,
            "true_params": {
                "Si": [
                    [
                        1.0,
                        -0.6016766872278265,
                        0.0,
                        0.48298637785981346,
                        0.0,
                        -0.1392162818779426,
                        -1.1663895961271256,
                        -0.25359420378939035
                    ],
                    [
                        -0.6016766872278265,
                        1.3620148359534519,
                        0.0,
                        0.5442591415327825,
                        0.0,
                        1.7907426296012767,
                        -0.37147185173096675,
                        1.9481802853355599
                    ],
                    [
                        0.0,
                        0.0,
                        1.0,
                        -0.8137602899402809,
                        0.0,
                        0.18855666567386883,
                        -0.17872297352989733,
                        0.10127591098242585
                    ],
                    [
                        0.48298637785981346,
                        0.5442591415327825,
                        -0.8137602899402809,
                        2.5924741815797567,
                        0.0,
                        2.1054875944756795,
                        -2.1680199091890078,
                        1.515406945250037
                    ],
                    [
                        0.0,
                        0.0,
                        0.0,
                        0.0,
                        1e-09,
                        -7.744442987514726e-10,
                        9.33933357127048e-11,
                        -1.4524877493750391e-09
                    ],
                    [
                        -0.1392162818779426,
                        1.7907426296012767,
                        0.18855666567386883,
                        2.1054875944756795,
                        -7.744442987514726e-10,
                        4.7806531628936915,
                        -3.4207964037496215,
                        4.198583051418394
                    ],
                    [
                        -1.1663895961271256,
                        -0.37147185173096675,
                        -0.17872297352989733,
                        -2.1680199091890078,
                        9.33933357127048e-11,
                        -3.4207964037496215,
                        5.1721700142099705,
                        -2.672310229785667
                    ],
                    [
                        -0.25359420378939035,
                        1.9481802853355599,
                        0.10127591098242585,
                        1.515406945250037,
                        -1.4524877493750391e-09,
                        4.198583051418394,
                        -2.672310229785667,
                        5.121710593709362
                    ]
                ],
                "mui": [
                    0.0,
                    0.0,
                    0.0,
                    0.0,
                    1.0,
                    -0.7744442987514726,
                    0.0933933357127048,
                    -1.452487749375039
                ],
                "Ai": [
                    [
                        0.0,
                        0.0,
                        0.0,
                        0.0,
                        0.0,
                        0.0,
                        0.0,
                        0.0
                    ],
                    [
                        -0.6016766872278265,
                        0.0,
                        0.0,
                        0.0,
                        0.0,
                        0.0,
                        0.0,
                        0.0
                    ],
                    [
                        -0.0,
                        -0.0,
                        0.0,
                        0.0,
                        0.0,
                        0.0,
                        0.0,
                        0.0
                    ],
                    [
                        0.9853026494793911,
                        0.8348607853396424,
                        -0.8137602899402809,
                        0.0,
                        0.0,
                        0.0,
                        0.0,
                        0.0
                    ],
                    [
                        0.0,
                        0.0,
                        0.0,
                        0.0,
                        0.0,
                        0.0,
                        0.0,
                        0.0
                    ],
                    [
                        0.0,
                        0.9547056743525265,
                        0.9218172607630449,
                        0.9010768946995282,
                        -0.7744442987514726,
                        0.0,
                        0.0,
                        0.0
                    ],
                    [
                        -0.9706151258496798,
                        0.5446949979687224,
                        -0.0,
                        -0.0,
                        -0.640661795202357,
                        -0.9478475496539589,
                        0.0,
                        0.0
                    ],
                    [
                        0.6087980943397773,
                        0.7709643704695623,
                        -0.5297006896260261,
                        -0.5715278503892416,
                        -0.7711407860729478,
                        0.8797882099468368,
                        -0.0,
                        0.0
                    ]
                ]
            },
            "est_params": {
                "mui": [
                    0.00020167672671802367,
                    -0.001074354297614011,
                    -0.004193929122090949,
                    0.0013725727563741312,
                    0.9999998074942115,
                    -0.7790305041366782,
                    0.09869229324170829,
                    -1.4565352430034695
                ],
                "Si": [
                    [
                        1.0046885111537305,
                        -0.6028707947012297,
                        0.0031200077064097074,
                        0.48367607816263,
                        3.1747966431388093e-07,
                        -0.1403736372737381,
                        -1.1716934300657902,
                        -0.255542895002708
                    ],
                    [
                        -0.6028707947012297,
                        1.3602973645800793,
                        -0.001036239468558118,
                        0.5404686421128672,
                        -7.137029898913362e-07,
                        1.7849302993852005,
                        -0.3659988072932313,
                        1.9407576563597833
                    ],
                    [
                        0.0031200077064097065,
                        -0.0010362394685581168,
                        0.9902719260092341,
                        -0.8023501547431879,
                        -3.7021615804986555e-08,
                        0.1918244043143105,
                        -0.1858701788147714,
                        0.09902406961926606
                    ],
                    [
                        0.4836760781626299,
                        0.5404686421128672,
                        -0.8023501547431879,
                        2.5813913483618323,
                        -5.3938688704886e-07,
                        2.0996249794225332,
                        -2.1646862904802253,
                        1.5024601855887727
                    ],
                    [
                        3.17479664313881e-07,
                        -7.13702989891336e-07,
                        -3.7021615804986555e-08,
                        -5.393868870488601e-07,
                        1.0088627951860214e-06,
                        -9.434402483536993e-07,
                        1.532064703320827e-07,
                        -9.882123228696374e-07
                    ],
                    [
                        -0.14037363727373808,
                        1.7849302993852005,
                        0.1918244043143105,
                        2.0996249794225332,
                        -9.434402483536992e-07,
                        4.771901656997465,
                        -3.417667799523679,
                        4.172444503940128
                    ],
                    [
                        -1.1716934300657904,
                        -0.3659988072932313,
                        -0.18587017881477141,
                        -2.1646862904802253,
                        1.53206470332083e-07,
                        -3.417667799523679,
                        5.188577902434637,
                        -2.6537300527210053
                    ],
                    [
                        -0.255542895002708,
                        1.9407576563597833,
                        0.09902406961926603,
                        1.5024601855887727,
                        -9.882123228696376e-07,
                        4.172444503940128,
                        -2.6537300527210053,
                        5.089113317870853
                    ]
                ]
            },
            "est_tgt": [
                4
            ],
            "oracle_est_tgt": [
                4
            ],
            "intv_base_est_tgt": [
                0,
                1,
                2,
                3,
                4,
                5,
                6,
                7
            ]
        },
        "0": {
            "intv_type": "do",
            "inode": 0,
            "new_mui": 1.0,
            "new_vari": null,
            "true_params": {
                "Si": [
                    [
                        1e-09,
                        -6.016766872278266e-10,
                        0.0,
                        4.829863778598135e-10,
                        -8.865126971168668e-10,
                        5.47338422175006e-10,
                        -1.2491839740625368e-09,
                        1.0340546284382833e-09
                    ],
                    [
                        -6.016766872278266e-10,
                        1.0000000003620149,
                        0.0,
                        0.8348607850490407,
                        0.4640036601921764,
                        1.3476344491608974,
                        -1.029926429635697,
                        1.1216389329576477
                    ],
                    [
                        0.0,
                        0.0,
                        1.0,
                        -0.8137602899402809,
                        0.5015952018094444,
                        -0.1999008786485497,
                        -0.131877324455426,
                        -0.6272849747910926
                    ],
                    [
                        4.829863778598135e-10,
                        0.8348607850490407,
                        -0.8137602899402809,
                        2.35919834061489,
                        -0.637191636813085,
                        2.666196592473791,
                        -1.6641790759957589,
                        2.56340253753727
                    ],
                    [
                        -8.865126971168668e-10,
                        0.4640036601921764,
                        0.5015952018094444,
                        -0.637191636813085,
                        1.8468360429114845,
                        -1.0990642633398922,
                        0.11128854782918132,
                        -1.9349066473408139
                    ],
                    [
                        5.47338422175006e-10,
                        1.3476344491608974,
                        -0.1999008786485497,
                        2.666196592473791,
                        -1.0990642633398922,
                        5.355934374096732,
                        -3.6384310455838857,
                        5.18068136667487
                    ],
                    [
                        -1.2491839740625368e-09,
                        -1.029926429635697,
                        -0.131877324455426,
                        -1.6641790759957589,
                        0.11128854782918132,
                        -3.6384310455838857,
                        3.816383857017998,
                        -3.0599242574010215
                    ],
                    [
                        1.0340546284382833e-09,
                        1.1216389329576477,
                        -0.6272849747910926,
                        2.56340253753727,
                        -1.9349066473408139,
                        5.18068136667487,
                        -3.0599242574010215,
                        6.7819488151492395
                    ]
                ],
                "mui": [
                    1.0,
                    -0.6016766872278265,
                    0.0,
                    0.48298637785981346,
                    -0.8865126971168668,
                    0.547338422175006,
                    -1.2491839740625368,
                    1.0340546284382832
                ],
                "Ai": [
                    [
                        0.0,
                        0.0,
                        0.0,
                        0.0,
                        0.0,
                        0.0,
                        0.0,
                        0.0
                    ],
                    [
                        -0.6016766872278265,
                        0.0,
                        0.0,
                        0.0,
                        0.0,
                        0.0,
                        0.0,
                        0.0
                    ],
                    [
                        -0.0,
                        -0.0,
                        0.0,
                        0.0,
                        0.0,
                        0.0,
                        0.0,
                        0.0
                    ],
                    [
                        0.9853026494793911,
                        0.8348607853396424,
                        -0.8137602899402809,
                        0.0,
                        0.0,
                        0.0,
                        0.0,
                        0.0
                    ],
                    [
                        0.0,
                        0.9786050346361246,
                        0.0,
                        -0.6163918392310035,
                        0.0,
                        0.0,
                        0.0,
                        0.0
                    ],
                    [
                        0.0,
                        0.9547056743525265,
                        0.9218172607630449,
                        0.9010768946995282,
                        -0.7744442987514726,
                        0.0,
                        0.0,
                        0.0
                    ],
                    [
                        -0.9706151258496798,
                        0.5446949979687224,
                        -0.0,
                        -0.0,
                        -0.640661795202357,
                        -0.9478475496539589,
                        0.0,
                        0.0
                    ],
                    [
                        0.6087980943397773,
                        0.7709643704695623,
                        -0.5297006896260261,
                        -0.5715278503892416,
                        -0.7711407860729478,
                        0.8797882099468368,
                        -0.0,
                        0.0
                    ]
                ]
            },
            "est_params": {
                "mui": [
                    0.9999996466906111,
                    -0.6030591857862362,
                    -0.0016523565408920649,
                    0.4886366501480973,
                    -0.8867872718471499,
                    0.5460008943152544,
                    -1.2427107974096088,
                    1.0339547789488366
                ],
                "Si": [
                    [
                        1.0110272376084557e-06,
                        3.132445281492223e-07,
                        -7.244676202929242e-07,
                        8.938258683023708e-07,
                        -4.185043871551e-07,
                        3.7356480445001217e-07,
                        -1.9594339032700735e-07,
                        6.996326197927695e-07
                    ],
                    [
                        3.132445281492223e-07,
                        1.0000528612842068,
                        -0.0005490250161345401,
                        0.8356616375586939,
                        0.47035558815852646,
                        1.3384205267431861,
                        -1.0235709946521283,
                        1.1067192563073787
                    ],
                    [
                        -7.244676202929242e-07,
                        -0.0005490250161345403,
                        1.0019679741161274,
                        -0.8227642537450639,
                        0.5096531652364797,
                        -0.21045370432044605,
                        -0.12166199876269199,
                        -0.6396017856602045
                    ],
                    [
                        8.938258683023706e-07,
                        0.8356616375586939,
                        -0.8227642537450639,
                        2.3684937171392724,
                        -0.6383007232416137,
                        2.6651977809912095,
                        -1.6638256830248617,
                        2.56175735338473
                    ],
                    [
                        -4.1850438715509997e-07,
                        0.47035558815852646,
                        0.5096531652364797,
                        -0.6383007232416137,
                        1.8603633998183757,
                        -1.0976435009296353,
                        0.10970195284767893,
                        -1.9436892094970846
                    ],
                    [
                        3.735648044500124e-07,
                        1.338420526743186,
                        -0.21045370432044605,
                        2.6651977809912095,
