{
    "expt_args": {
        "save_dir": "all_expt_logs/expt_logs_11.05.24-half_intv_weight_error_all_comp_utigsp_large_sample",
        "exp_name": "322",
        "num_nodes": 8,
        "obs_noise_mean": 0.0,
        "obs_noise_var": 1.0,
        "max_edge_strength": 1.0,
        "graph_sparsity_method": "adj_dense_prop",
        "adj_dense_prop": 0.8,
        "num_parents": null,
        "new_noise_mean": 1.0,
        "mix_samples": 8192,
        "stage2_samples": 8192,
        "gmm_tol": 0.001,
        "intv_type": "do",
        "new_noise_var": null,
        "intv_targets": [
            2,
            3,
            0,
            1
        ]
    },
    "intv_args_dict": {
        "2": {
            "intv_type": "do",
            "inode": 2,
            "new_mui": 1.0,
            "new_vari": null,
            "true_params": {
                "Si": [
                    [
                        1.0,
                        -0.7260662696705472,
                        0.0,
                        -0.6581339776495344,
                        -0.24768588425777205,
                        0.8033927641422467,
                        -1.510174447532467,
                        -0.2237637861089219
                    ],
                    [
                        -0.7260662696705472,
                        1.5271722279533038,
                        0.0,
                        1.384286772328463,
                        -0.6418700246699522,
                        -1.441606891044775,
                        2.2874211172688748,
                        1.0615041736333268
                    ],
                    [
                        0.0,
                        0.0,
                        1e-09,
                        9.624577969703705e-10,
                        7.911801124135983e-10,
                        -8.79740884248414e-10,
                        1.0339420902725554e-09,
                        1.44537890031746e-10
                    ],
                    [
                        -0.6581339776495344,
                        1.384286772328463,
                        9.624577969703705e-10,
                        2.254769982313223,
                        -0.5818153102041747,
                        -2.214214845630538,
                        3.2921040164637745,
                        1.8458716506973327
                    ],
                    [
                        -0.24768588425777205,
                        -0.6418700246699522,
                        7.911801124135983e-10,
                        -0.5818153102041747,
                        1.7365496904087436,
                        1.464771104862992,
                        -0.6040641842627201,
                        -1.9991338858416303
                    ],
                    [
                        0.8033927641422467,
                        -1.441606891044775,
                        -8.79740884248414e-10,
                        -2.214214845630538,
                        1.464771104862992,
                        4.124353704462852,
                        -3.9928485941322287,
                        -4.236160411055263
                    ],
                    [
                        -1.510174447532467,
                        2.2874211172688748,
                        1.0339420902725554e-09,
                        3.2921040164637745,
                        -0.6040641842627201,
                        -3.9928485941322287,
                        6.60918961134161,
                        4.2204461765178864
                    ],
                    [
                        -0.2237637861089219,
                        1.0615041736333268,
                        1.44537890031746e-10,
                        1.8458716506973327,
                        -1.9991338858416303,
                        -4.236160411055263,
                        4.2204461765178864,
                        6.744889983994122
                    ]
                ],
                "mui": [
                    0.0,
                    0.0,
                    1.0,
                    0.9624577969703704,
                    0.7911801124135982,
                    -0.8797408842484139,
                    1.0339420902725553,
                    0.144537890031746
                ],
                "Ai": [
                    [
                        0.0,
                        0.0,
                        0.0,
                        0.0,
                        0.0,
                        0.0,
                        0.0,
                        0.0
                    ],
                    [
                        -0.7260662696705472,
                        0.0,
                        0.0,
                        0.0,
                        0.0,
                        0.0,
                        0.0,
                        0.0
                    ],
                    [
                        0.0,
                        0.0,
                        0.0,
                        0.0,
                        0.0,
                        0.0,
                        0.0,
                        0.0
                    ],
                    [
                        0.0,
                        0.9064378902330263,
                        0.9624577969703704,
                        0.0,
                        0.0,
                        0.0,
                        0.0,
                        0.0
                    ],
                    [
                        -0.8442991781199802,
                        -0.8217063907030437,
                        0.7911801124135982,
                        -0.0,
                        0.0,
                        0.0,
                        0.0,
                        0.0
                    ],
                    [
                        0.9894755137601756,
                        0.7518941718797526,
                        -0.7646662868065357,
                        -0.9074877359198066,
                        0.9584973607788253,
                        0.0,
                        0.0,
                        0.0
                    ],
                    [
                        0.0,
                        0.5768396984487933,
                        -0.637895924047529,
                        0.6270816201045741,
                        0.625357178230235,
                        -0.6519286160410265,
                        0.0,
                        0.0
                    ],
                    [
                        0.5268200158088281,
                        -0.6063693099993313,
                        -0.0,
                        -0.8138227239868683,
                        -0.7321753363246755,
                        -0.6093841908234597,
                        0.9391147756122379,
                        0.0
                    ]
                ]
            },
            "est_params": {
                "mui": [
                    0.0075810953307681745,
                    0.03993667647460007,
                    1.0000006745042722,
                    1.0282697307012603,
                    0.7529722126094456,
                    -0.9591220113652832,
                    1.0899212013354427,
                    0.19498145096539726
                ],
                "Si": [
                    [
                        0.9812558132080316,
                        -0.7068731073765708,
                        2.3056335473970033e-06,
                        -0.6621705176491975,
                        -0.22367203558805646,
                        0.8237211346738171,
                        -1.4684377792692584,
                        -0.23833823615172106
                    ],
                    [
                        -0.7068731073765708,
                        1.5327713708635882,
                        5.648147747592016e-06,
                        1.4237838654806314,
                        -0.6522996679241831,
                        -1.4369868500139469,
                        2.2749760999974193,
                        1.022478636876562
                    ],
                    [
                        2.305633547397003e-06,
                        5.648147747592016e-06,
                        1.0208672298434113e-06,
                        -2.4030314061100375e-06,
                        -3.040731128185034e-06,
                        6.76212798427665e-07,
                        2.4001141136429357e-06,
                        -8.715650048912545e-07
                    ],
                    [
                        -0.6621705176491975,
                        1.4237838654806314,
                        -2.4030314061100375e-06,
                        2.3193946805525707,
                        -0.595798288052208,
                        -2.1970896633179438,
                        3.2984909202007353,
                        1.7561323226580745
                    ],
                    [
                        -0.22367203558805646,
                        -0.6522996679241831,
                        -3.040731128185034e-06,
                        -0.595798288052208,
                        1.7091859936475775,
                        1.4846907544866976,
                        -0.6040539039861581,
                        -2.0043532369851325
                    ],
                    [
                        0.8237211346738171,
                        -1.4369868500139473,
                        6.762127984276652e-07,
                        -2.1970896633179438,
                        1.4846907544866976,
                        4.112816232403002,
                        -3.9042393913567826,
                        -4.212122252509824
                    ],
                    [
                        -1.4684377792692582,
                        2.2749760999974193,
                        2.4001141136429357e-06,
                        3.2984909202007353,
                        -0.6040539039861581,
                        -3.9042393913567826,
                        6.460552021503701,
                        4.016411251930512
                    ],
                    [
                        -0.23833823615172106,
                        1.022478636876562,
                        -8.715650048912561e-07,
                        1.7561323226580745,
                        -2.0043532369851325,
                        -4.212122252509824,
                        4.016411251930512,
                        6.671832108143173
                    ]
                ]
            },
            "est_tgt": [
                0,
                1,
                2,
                3,
                4,
                5,
                6,
                7
            ],
            "oracle_est_tgt": [
                0,
                2,
                3,
                4,
                5,
                6,
                7
            ],
            "intv_base_est_tgt": [
                0,
                1,
                2,
                3,
                4,
                5,
                6,
                7
            ]
        },
        "3": {
            "intv_type": "do",
            "inode": 3,
            "new_mui": 1.0,
            "new_vari": null,
            "true_params": {
                "Si": [
                    [
                        1.0,
                        -0.7260662696705472,
                        -0.9711974924039279,
                        0.0,
                        -1.0160780254737165,
                        0.21228439170683122,
                        -0.5731068827654898,
                        1.0434556949212168
                    ],
                    [
                        -0.7260662696705472,
                        1.5271722279533038,
                        0.7051537404231095,
                        0.0,
                        -0.08396640905312713,
                        -0.18984177134006927,
                        0.5023731572341038,
                        -0.6595858509497547
                    ],
                    [
                        -0.9711974924039279,
                        0.7051537404231095,
                        1.9432245692516776,
                        0.0,
                        1.7779925428404062,
                        -0.21249230605957523,
                        0.4175958532649063,
                        -1.7193722653426804
                    ],
                    [
                        0.0,
                        0.0,
                        0.0,
                        1e-09,
                        0.0,
                        -9.074877359198066e-10,
                        1.2186988438569781e-09,
                        8.836840469364764e-10
                    ],
                    [
                        -1.0160780254737165,
                        -0.08396640905312713,
                        1.7779925428404062,
                        0.0,
                        3.3335819166515837,
                        0.7671403334703292,
                        0.4019492907451787,
                        -3.015148722286828
                    ],
                    [
                        0.21228439170683122,
                        -0.18984177134006927,
                        -0.21249230605957523,
                        -9.074877359198066e-10,
                        0.7671403334703292,
                        1.965096974548822,
                        -0.7753265315334115,
                        -2.260350971849116
                    ],
                    [
                        -0.5731068827654898,
                        0.5023731572341038,
                        0.4175958532649063,
                        1.2186988438569781e-09,
                        0.4019492907451787,
                        -0.7753265315334115,
                        1.780225515529594,
                        1.2434626167166893
                    ],
                    [
                        1.0434556949212168,
                        -0.6595858509497547,
                        -1.7193722653426804,
                        8.836840469364764e-10,
                        -3.015148722286828,
                        -2.260350971849116,
                        1.2434626167166893,
                        6.702459756347438
                    ]
                ],
                "mui": [
                    0.0,
                    0.0,
                    0.0,
                    1.0,
                    0.0,
                    -0.9074877359198066,
                    1.2186988438569781,
                    0.8836840469364763
                ],
                "Ai": [
                    [
                        0.0,
                        0.0,
                        0.0,
                        0.0,
                        0.0,
                        0.0,
                        0.0,
                        0.0
                    ],
                    [
                        -0.7260662696705472,
                        0.0,
                        0.0,
                        0.0,
                        0.0,
                        0.0,
                        0.0,
                        0.0
                    ],
                    [
                        -0.9711974924039279,
                        -0.0,
                        0.0,
                        0.0,
                        0.0,
                        0.0,
                        0.0,
                        0.0
                    ],
                    [
                        0.0,
                        0.0,
                        0.0,
                        0.0,
                        0.0,
                        0.0,
                        0.0,
                        0.0
                    ],
                    [
                        -0.8442991781199802,
                        -0.8217063907030437,
                        0.7911801124135982,
                        -0.0,
                        0.0,
                        0.0,
                        0.0,
                        0.0
                    ],
                    [
                        0.9894755137601756,
                        0.7518941718797526,
                        -0.7646662868065357,
                        -0.9074877359198066,
                        0.9584973607788253,
                        0.0,
                        0.0,
                        0.0
                    ],
                    [
                        0.0,
                        0.5768396984487933,
                        -0.637895924047529,
                        0.6270816201045741,
                        0.625357178230235,
                        -0.6519286160410265,
                        0.0,
                        0.0
                    ],
                    [
                        0.5268200158088281,
                        -0.6063693099993313,
                        -0.0,
                        -0.8138227239868683,
                        -0.7321753363246755,
                        -0.6093841908234597,
                        0.9391147756122379,
                        0.0
                    ]
                ]
            },
            "est_params": {
                "mui": [
                    0.0027307858669438703,
                    0.04296429468746598,
                    0.019634689057226276,
                    0.9999969058384266,
                    -0.017421366516984532,
                    -0.8855885155504395,
                    1.2177960997216124,
                    0.8806883794343872
                ],
                "Si": [
                    [
                        0.9833983860575093,
                        -0.6961793245434912,
                        -0.9649104339725163,
                        4.327014076112939e-07,
                        -1.0261453469824833,
                        0.16904259529762544,
                        -0.5100802398779412,
                        1.1346718172277566
                    ],
                    [
                        -0.6961793245434912,
                        1.5180544866620955,
                        0.6631231038555312,
                        1.8040380376159156e-06,
                        -0.15634607379838925,
                        -0.12497074298905446,
                        0.41826097416726987,
                        -0.7483391474815424
                    ],
                    [
                        -0.9649104339725163,
                        0.6631231038555312,
                        1.8964925048222983,
                        -2.311638722923476e-06,
                        1.8183942306562506,
                        -0.13277443335498929,
                        0.37088261113148985,
                        -1.8313542591546934
                    ],
                    [
                        4.327014076112939e-07,
                        1.8040380376159156e-06,
                        -2.3116387229234756e-06,
                        1.0157696214192029e-06,
                        -2.6774216708029267e-06,
                        6.499285789410311e-06,
                        -5.62188896404906e-06,
                        -1.1572029012990944e-05
                    ],
                    [
                        -1.0261453469824833,
                        -0.15634607379838925,
                        1.8183942306562506,
                        -2.677421670802926e-06,
                        3.4626657908863177,
                        0.7806904149332156,
                        0.4052385988770819,
                        -3.063638044969022
                    ],
                    [
                        0.16904259529762544,
                        -0.12497074298905446,
                        -0.13277443335498929,
                        6.499285789410309e-06,
                        0.7806904149332157,
                        1.9502978585227604,
                        -0.7556616534599764,
                        -2.289364410431656
                    ],
                    [
                        -0.5100802398779412,
                        0.41826097416726987,
                        0.37088261113148985,
                        -5.62188896404906e-06,
                        0.40523859887708197,
                        -0.7556616534599763,
                        1.7410005535495812,
                        1.2577763023712358
                    ],
                    [
                        1.1346718172277566,
                        -0.7483391474815424,
                        -1.8313542591546934,
                        -1.1572029012990944e-05,
                        -3.063638044969022,
                        -2.2893644104316566,
                        1.2577763023712354,
                        6.869774014305373
                    ]
                ]
            },
            "est_tgt": [
                1,
                2,
                3,
                4,
                5
            ],
            "oracle_est_tgt": [
                2,
                3,
                4,
                5,
                6,
                7
            ],
            "intv_base_est_tgt": [
                0,
                1,
                2,
                3,
                5,
                6,
                7
            ]
        },
        "0": {
            "intv_type": "do",
            "inode": 0,
            "new_mui": 1.0,
            "new_vari": null,
            "true_params": {
                "Si": [
                    [
                        1e-09,
                        -7.260662696705473e-10,
                        -9.71197492403928e-10,
                        -1.5928705766117669e-09,
                        -1.0160780254737165e-09,
                        1.6577949048895203e-09,
                        -2.5143364128960484e-09,
                        -3.6413862246510845e-10
                    ],
                    [
                        -7.260662696705473e-10,
                        1.0000000005271723,
                        7.051537404231096e-10,
                        0.906437891389556,
                        -0.8217063899653038,
                        -0.8582905049073732,
                        1.1909343914227715,
                        0.8990368364302525
                    ],
                    [
                        -9.71197492403928e-10,
                        7.051537404231096e-10,
                        1.0000000009432246,
                        0.9624577985173622,
                        0.7911801134004106,
                        -0.8797408858584601,
                        1.0339420927144725,
                        0.14453789038539652
                    ],
                    [
                        -1.5928705766117669e-09,
                        0.906437891389556,
                        0.9624577985173622,
                        2.7479546623363955,
                        0.0166516624389807,
                        -2.5321882453031805,
                        3.293332529773094,
                        1.8377167197511624
                    ],
                    [
                        -1.0160780254737165e-09,
                        -0.8217063899653038,
                        0.7911801134004106,
                        0.0166516624389807,
                        2.3011673638334313,
                        0.9677266593729462,
                        -0.160078656735573,
                        -1.9402015127299068
                    ],
                    [
                        1.6577949048895203e-09,
                        -0.8582905049073732,
                        -0.8797408858584601,
                        -2.5321882453031805,
                        0.9677266593729462,
                        4.252857796379254,
                        -3.689186502408814,
                        -4.183546096078722
                    ],
                    [
                        -2.5143364128960484e-09,
                        1.1909343914227715,
                        1.0339420927144725,
                        3.293332529773094,
                        -0.160078656735573,
                        -3.689186502408814,
                        5.397599000651651,
                        4.031967633362203
                    ],
                    [
                        -3.6413862246510845e-10,
                        0.8990368364302525,
                        0.14453789038539652,
                        1.8377167197511624,
                        -1.9402015127299068,
                        -4.183546096078722,
                        4.031967633362203,
                        6.715710953786858
                    ]
                ],
                "mui": [
                    1.0,
                    -0.7260662696705472,
                    -0.9711974924039279,
                    -1.5928705766117668,
                    -1.0160780254737165,
                    1.6577949048895202,
                    -2.514336412896048,
                    -0.3641386224651084
                ],
                "Ai": [
                    [
                        0.0,
                        0.0,
                        0.0,
                        0.0,
                        0.0,
                        0.0,
                        0.0,
                        0.0
                    ],
                    [
                        -0.7260662696705472,
                        0.0,
                        0.0,
                        0.0,
                        0.0,
                        0.0,
                        0.0,
                        0.0
                    ],
                    [
                        -0.9711974924039279,
                        -0.0,
                        0.0,
                        0.0,
                        0.0,
                        0.0,
                        0.0,
                        0.0
                    ],
                    [
                        0.0,
                        0.9064378902330263,
                        0.9624577969703704,
                        0.0,
                        0.0,
                        0.0,
                        0.0,
                        0.0
                    ],
                    [
                        -0.8442991781199802,
                        -0.8217063907030437,
                        0.7911801124135982,
                        -0.0,
                        0.0,
                        0.0,
                        0.0,
                        0.0
                    ],
                    [
                        0.9894755137601756,
                        0.7518941718797526,
                        -0.7646662868065357,
                        -0.9074877359198066,
                        0.9584973607788253,
                        0.0,
                        0.0,
                        0.0
                    ],
                    [
                        0.0,
                        0.5768396984487933,
                        -0.637895924047529,
                        0.6270816201045741,
                        0.625357178230235,
                        -0.6519286160410265,
                        0.0,
                        0.0
                    ],
                    [
                        0.5268200158088281,
                        -0.6063693099993313,
                        -0.0,
                        -0.8138227239868683,
                        -0.7321753363246755,
                        -0.6093841908234597,
                        0.9391147756122379,
                        0.0
                    ]
                ]
            },
            "est_params": {
                "mui": [
                    1.0000015523640586,
                    -0.7256722740644841,
                    -0.969683977932512,
                    -1.5813631667986598,
                    -1.0335921675330129,
                    1.5896464844737188,
                    -2.50799206502422,
                    -0.33636059597453527
                ],
                "Si": [
                    [
                        1.0122006800224628e-06,
                        2.2126219981948383e-07,
                        1.1419660860481203e-07,
                        2.442420415179436e-06,
                        -2.4813660593105196e-06,
                        -6.296240964391103e-06,
                        4.2474674155466484e-06,
                        5.292151283339828e-06
                    ],
                    [
                        2.2126219981948356e-07,
                        1.0003225828825946,
                        -0.013880756098176216,
                        0.8764970863479856,
                        -0.820345598775213,
                        -0.8338300996559528,
                        1.1819508324278973,
                        0.913808061928476
                    ],
                    [
                        1.1419660860481213e-07,
                        -0.013880756098176216,
                        1.0028143102187104,
                        0.9674324774046501,
                        0.8070386790615834,
                        -0.8882350842744239,
                        1.044087752720261,
                        0.1831748778173188
                    ],
                    [
                        2.442420415179436e-06,
                        0.8764970863479856,
                        0.9674324774046501,
                        2.717543794594038,
                        0.06615284651259475,
                        -2.4806172112466025,
                        3.293361692830423,
                        1.8579192912697444
                    ],
                    [
                        -2.481366059310519e-06,
                        -0.820345598775213,
                        0.8070386790615834,
                        0.06615284651259473,
                        2.259115774249665,
                        0.8524375149904466,
                        -0.09776913677204419,
                        -1.7994886953720368
                    ],
                    [
                        -6.296240964391103e-06,
                        -0.8338300996559528,
                        -0.888235084274424,
                        -2.4806172112466025,
                        0.8524375149904466,
                        4.111227161609876,
                        -3.6634615572969156,
                        -4.019796407753262
                    ],
                    [
                        4.247467415546649e-06,
                        1.1819508324278976,
                        1.044087752720261,
                        3.293361692830423,
                        -0.09776913677204416,
                        -3.663461557296915,
                        5.443115812306683,
                        4.035416544371986
                    ],
                    [
                        5.292151283339828e-06,
                        0.913808061928476,
                        0.18317487781731887,
                        1.8579192912697446,
                        -1.7994886953720368,
                        -4.019796407753261,
                        4.035416544371986,
                        6.390635056573668
                    ]
                ]
            },
            "est_tgt": [
                0,
                1,
                3,
                4,
                5,
                6,
                7
            ],
            "oracle_est_tgt": [
                0,
                1,
                3,
                4,
                6,
                7
            ],
            "intv_base_est_tgt": [
                0,
                2,
                6
            ]
        },
        "1": {
            "intv_type": "do",
            "inode": 1,
            "new_mui": 1.0,
            "new_vari": null,
            "true_params": {
                "Si": [
                    [
                        1.0,
                        0.0,
                        -0.9711974924039279,
                        -0.9347365989622325,
                        -1.6126913193359247,
                        1.0346191205717168,
                        -1.6496391232188414,
                        0.28862169946625227
                    ],
                    [
                        0.0,
                        1e-09,
                        0.0,
                        9.064378902330264e-10,
                        -8.217063907030438e-10,
                        -8.582905037037044e-10,
                        1.1909343895971968e-09,
                        8.990368361658638e-10
                    ],
                    [
                        -0.9711974924039279,
                        0.0,
                        1.9432245692516776,
                        1.8702716379406668,
                        2.3574218777742306,
                        -1.8845603797408224,
                        2.6360674701141082,
                        -0.13577078074323834
                    ],
                    [
                        -0.9347365989622325,
                        9.064378902330264e-10,
                        1.8702716379406668,
                        2.80005752121017,
                        2.2689190662675136,
                        -2.7212975680407903,
                        3.755802534887769,
                        0.7530104012243131
                    ],
                    [
                        -1.6126913193359247,
                        -8.217063907030438e-10,
                        2.3574218777742306,
                        2.2689190662675136,
                        4.226739262415441,
                        -1.4060574047753862,
                        3.478878432623063,
                        -1.6669149093849158
                    ],
                    [
                        1.0346191205717168,
                        -8.582905037037044e-10,
                        -1.8845603797408224,
                        -2.7212975680407903,
                        -1.4060574047753862,
                        4.586631930272267,
                        -4.373767001062662,
                        -3.1132977884060167
                    ],
                    [
                        -1.6496391232188414,
                        1.1909343895971968e-09,
                        2.6360674701141082,
                        3.755802534887769,
                        3.478878432623063,
                        -4.373767001062662,
                        6.700583512277068,
                        2.4851521005633024
                    ],
                    [
                        0.28862169946625227,
                        8.990368361658638e-10,
                        -0.13577078074323834,
                        0.7530104012243131,
                        -1.6669149093849158,
                        -3.1132977884060167,
                        2.4851521005633024,
                        5.99074620708219
                    ]
                ],
                "mui": [
                    0.0,
                    1.0,
                    0.0,
                    0.9064378902330263,
                    -0.8217063907030437,
                    -0.8582905037037043,
                    1.1909343895971967,
                    0.8990368361658637
                ],
                "Ai": [
                    [
                        0.0,
                        0.0,
                        0.0,
                        0.0,
                        0.0,
                        0.0,
                        0.0,
                        0.0
                    ],
                    [
                        0.0,
                        0.0,
                        0.0,
                        0.0,
                        0.0,
                        0.0,
                        0.0,
                        0.0
                    ],
                    [
                        -0.9711974924039279,
                        -0.0,
                        0.0,
                        0.0,
                        0.0,
                        0.0,
                        0.0,
                        0.0
                    ],
                    [
                        0.0,
                        0.9064378902330263,
                        0.9624577969703704,
                        0.0,
                        0.0,
                        0.0,
                        0.0,
                        0.0
                    ],
                    [
                        -0.8442991781199802,
                        -0.8217063907030437,
                        0.7911801124135982,
                        -0.0,
                        0.0,
                        0.0,
                        0.0,
                        0.0
                    ],
                    [
                        0.9894755137601756,
                        0.7518941718797526,
                        -0.7646662868065357,
                        -0.9074877359198066,
                        0.9584973607788253,
                        0.0,
                        0.0,
                        0.0
                    ],
                    [
                        0.0,
                        0.5768396984487933,
                        -0.637895924047529,
                        0.6270816201045741,
                        0.625357178230235,
                        -0.6519286160410265,
                        0.0,
                        0.0
                    ],
                    [
                        0.5268200158088281,
                        -0.6063693099993313,
                        -0.0,
                        -0.8138227239868683,
                        -0.7321753363246755,
                        -0.6093841908234597,
                        0.9391147756122379,
                        0.0
                    ]
                ]
            },
            "est_params": {
                "mui": [
                    0.00477981876135027,
                    1.0000003510696014,
                    0.0034400785242477507,
                    0.899634284149095,
                    -0.8201592853224955,
                    -0.8589243310980701,
                    1.1556276335544382,
                    0.9195550845130411
                ],
                "Si": [
                    [
                        0.9754497062864446,
                        -3.3867326760654185e-06,
                        -0.9453842569556061,
                        -0.8910674263900052,
                        -1.592193046997981,
                        0.9407763177703972,
                        -1.5740470945172258,
                        0.340663013180248
                    ],
                    [
                        -3.3867326760654185e-06,
                        1.014591448200994e-06,
                        7.822854327032931e-06,
                        5.778507523559983e-06,
                        4.313843474727118e-06,
                        -8.426288711116822e-06,
                        8.532726681546792e-06,
                        3.2769897933323116e-06
                    ],
                    [
                        -0.9453842569556061,
                        7.82285432703293e-06,
                        1.9174677833799192,
                        1.8110562646470627,
                        2.322455108184436,
                        -1.801268117733626,
                        2.595332414194712,
                        -0.1572221489932591
                    ],
