{
    "expt_args": {
        "save_dir": "all_expt_logs/expt_logs_11.05.24-half_intv_weight_error_all_comp_utigsp_large_sample",
        "exp_name": "22",
        "num_nodes": 8,
        "obs_noise_mean": 0.0,
        "obs_noise_var": 1.0,
        "max_edge_strength": 1.0,
        "graph_sparsity_method": "adj_dense_prop",
        "adj_dense_prop": 0.8,
        "num_parents": null,
        "new_noise_mean": 1.0,
        "mix_samples": 1024,
        "stage2_samples": 1024,
        "gmm_tol": 0.001,
        "intv_type": "do",
        "new_noise_var": null,
        "intv_targets": [
            3,
            1,
            5,
            4
        ]
    },
    "intv_args_dict": {
        "3": {
            "intv_type": "do",
            "inode": 3,
            "new_mui": 1.0,
            "new_vari": null,
            "true_params": {
                "Si": [
                    [
                        1.0,
                        0.0,
                        -0.9528535735370509,
                        0.0,
                        -0.5539882579180785,
                        1.379064799257979,
                        -0.12417769300513082,
                        -1.081106439687702
                    ],
                    [
                        0.0,
                        1.0,
                        -0.8683611776765786,
                        0.0,
                        0.8122591142253031,
                        -0.9383613169466856,
                        -1.3772745151164516,
                        0.2735748592540719
                    ],
                    [
                        -0.9528535735370509,
                        -0.8683611776765786,
                        2.661981067498183,
                        0.0,
                        -0.17746458975241222,
                        -1.3931185943449338,
                        1.4333772328639007,
                        1.37151164420962
                    ],
                    [
                        0.0,
                        0.0,
                        0.0,
                        1e-09,
                        -5.843268730397839e-10,
                        -2.288518798207261e-10,
                        1.9886414671287087e-10,
                        1.0622379114746495e-10
                    ],
                    [
                        -0.5539882579180785,
                        0.8122591142253031,
                        -0.17746458975241222,
                        -5.843268730397839e-10,
                        1.9666678588946191,
                        -2.4780053994468707,
                        -2.631074313949447,
                        1.7768653356616912
                    ],
                    [
                        1.379064799257979,
                        -0.9383613169466856,
                        -1.3931185943449338,
                        -2.288518798207261e-10,
                        -2.4780053994468707,
                        5.487388695191292,
                        3.443275705255682,
                        -3.1748358573654896
                    ],
                    [
                        -0.12417769300513082,
                        -1.3772745151164516,
                        1.4333772328639007,
                        1.9886414671287087e-10,
                        -2.631074313949447,
                        3.443275705255682,
                        6.279597108632489,
                        -1.6847647700004167
                    ],
                    [
                        -1.081106439687702,
                        0.2735748592540719,
                        1.37151164420962,
                        1.0622379114746495e-10,
                        1.7768653356616912,
                        -3.1748358573654896,
                        -1.6847647700004167,
                        3.492225220428387
                    ]
                ],
                "mui": [
                    0.0,
                    0.0,
                    0.0,
                    1.0,
                    -0.5843268730397839,
                    -0.22885187982072608,
                    0.19886414671287087,
                    0.10622379114746494
                ],
                "Ai": [
                    [
                        0.0,
                        0.0,
                        0.0,
                        0.0,
                        0.0,
                        0.0,
                        0.0,
                        0.0
                    ],
                    [
                        -0.0,
                        0.0,
                        0.0,
                        0.0,
                        0.0,
                        0.0,
                        0.0,
                        0.0
                    ],
                    [
                        -0.9528535735370509,
                        -0.8683611776765786,
                        0.0,
                        0.0,
                        0.0,
                        0.0,
                        0.0,
                        0.0
                    ],
                    [
                        0.0,
                        0.0,
                        0.0,
                        0.0,
                        0.0,
                        0.0,
                        0.0,
                        0.0
                    ],
                    [
                        -0.5539882579180785,
                        0.8122591142253031,
                        -0.0,
                        -0.5843268730397839,
                        0.0,
                        0.0,
                        0.0,
                        0.0
                    ],
                    [
                        -0.0,
                        -0.9414663028853401,
                        -0.8939083105027819,
                        -0.7850300689245961,
                        -0.9518271617571192,
                        0.0,
                        0.0,
                        0.0
                    ],
                    [
                        -0.8866556699761527,
                        0.8799828374658896,
                        0.944694267441772,
                        -0.0,
                        -0.7020578726910824,
                        0.9235979835308719,
                        0.0,
                        0.0
                    ],
                    [
                        0.0,
                        -0.0,
                        0.5789372967438451,
                        0.6646833255715172,
                        0.95573138972513,
                        -0.0,
                        0.0,
                        0.0
                    ]
                ]
            },
            "est_params": {
                "mui": [
                    0.10430336287651715,
                    -0.0194451019347366,
                    -0.07286189046186389,
                    1.0000025386984033,
                    -0.7052917370847209,
                    0.029339567406447237,
                    0.3731232428480964,
                    -0.11181895393260982
                ],
                "Si": [
                    [
                        0.970837669122749,
                        0.03777079780266148,
                        -0.9369739123258669,
                        2.102543123519218e-06,
                        -0.4884763752922202,
                        1.3756249001846608,
                        -0.20899796152223418,
                        -0.9942451488756935
                    ],
                    [
                        0.037770797802661474,
                        0.848838491274598,
                        -0.7885216696102892,
                        -2.432687859516925e-06,
                        0.7543086976604091,
                        -0.8683400230063166,
                        -1.4822396690106614,
                        0.26293781491078927
                    ],
                    [
                        -0.9369739123258669,
                        -0.7885216696102892,
                        2.481109781546823,
                        4.560788548878421e-07,
                        -0.13359502956337327,
                        -1.3807385006896138,
                        1.4956468296263854,
                        1.3333075116918796
                    ],
                    [
                        2.102543123519217e-06,
                        -2.4326878595169257e-06,
                        4.560788548878424e-07,
                        1.0009777011386476e-06,
                        -5.155745151317176e-06,
                        5.797701829611058e-06,
                        6.499990508864427e-06,
                        -6.26439103205189e-06
                    ],
                    [
                        -0.4884763752922202,
                        0.7543086976604091,
                        -0.13359502956337324,
                        -5.155745151317178e-06,
                        1.7662880343475753,
                        -2.3655617485485343,
                        -2.5509957274154806,
                        1.7096576172094085
                    ],
                    [
                        1.3756249001846608,
                        -0.8683400230063165,
                        -1.3807385006896138,
                        5.797701829611057e-06,
                        -2.365561748548534,
                        5.433261449685359,
                        3.268216871372672,
                        -3.1126755559310237
                    ],
                    [
                        -0.20899796152223415,
                        -1.4822396690106614,
                        1.4956468296263852,
                        6.499990508864427e-06,
                        -2.5509957274154806,
                        3.2682168713726716,
                        6.409686782942278,
                        -1.7220582155546589
                    ],
                    [
                        -0.9942451488756935,
                        0.2629378149107893,
                        1.333307511691879,
                        -6.264391032051891e-06,
                        1.7096576172094085,
                        -3.1126755559310237,
                        -1.7220582155546589,
                        3.421890145282845
                    ]
                ]
            },
            "est_tgt": [
                3,
                4
            ],
            "oracle_est_tgt": [
                3
            ],
            "intv_base_est_tgt": [
                0,
                3,
                5,
                6
            ]
        },
        "1": {
            "intv_type": "do",
            "inode": 1,
            "new_mui": 1.0,
            "new_vari": null,
            "true_params": {
                "Si": [
                    [
                        1.0,
                        0.0,
                        -0.9528535735370509,
                        -0.2682525590152325,
                        -0.39724107892378757,
                        1.4404549016553352,
                        -0.17752350925723914,
                        -1.109601243491309
                    ],
                    [
                        0.0,
                        1e-09,
                        -8.683611776765787e-10,
                        4.047572170398317e-11,
                        7.886080623279862e-10,
                        -9.476242619457429e-10,
                        -1.3692253452572016e-09,
                        2.7787434386289876e-10
                    ],
                    [
                        -0.9528535735370509,
                        -8.683611776765787e-10,
                        1.9079299333563793,
                        1.078044828255514,
                        -0.10206087294178307,
                        -2.4546677172773523,
                        0.4517899790186679,
                        1.7235874396208468
                    ],
                    [
                        -0.2682525590152325,
                        4.047572170398317e-11,
                        1.078044828255514,
                        1.748366033053014,
                        -0.8730084891390473,
                        -1.5052399461361947,
                        0.47893632551502774,
                        0.951868491238191
                    ],
                    [
                        -0.39724107892378757,
                        7.886080623279862e-10,
                        -0.10206087294178307,
                        -0.8730084891390473,
                        1.7301892145228468,
                        -0.8702701132040964,
                        -1.762672946912475,
                        1.0142351107860108
                    ],
                    [
                        1.4404549016553352,
                        -9.476242619457429e-10,
                        -2.4546677172773523,
                        -1.5052399461361947,
                        -0.8702701132040964,
                        5.204253223365729,
                        1.82151973950949,
                        -3.2533510505546306
                    ],
                    [
                        -0.17752350925723914,
                        -1.3692253452572016e-09,
                        0.4517899790186679,
                        0.47893632551502774,
                        -1.762672946912475,
                        1.82151973950949,
                        4.504056005830812,
                        -1.1047428064541926
                    ],
                    [
                        -1.109601243491309,
                        2.7787434386289876e-10,
                        1.7235874396208468,
                        0.951868491238191,
                        1.0142351107860108,
                        -3.2533510505546306,
                        -1.1047428064541926,
                        3.5998764991982175
                    ]
                ],
                "mui": [
                    0.0,
                    1.0,
                    -0.8683611776765786,
                    0.04047572170398317,
                    0.7886080623279861,
                    -0.9476242619457428,
                    -1.3692253452572014,
                    0.2778743438628987
                ],
                "Ai": [
                    [
                        0.0,
                        0.0,
                        0.0,
                        0.0,
                        0.0,
                        0.0,
                        0.0,
                        0.0
                    ],
                    [
                        0.0,
                        0.0,
                        0.0,
                        0.0,
                        0.0,
                        0.0,
                        0.0,
                        0.0
                    ],
                    [
                        -0.9528535735370509,
                        -0.8683611776765786,
                        0.0,
                        0.0,
                        0.0,
                        0.0,
                        0.0,
                        0.0
                    ],
                    [
                        0.5154117802275587,
                        0.7546501840003637,
                        0.8224394188225386,
                        0.0,
                        0.0,
                        0.0,
                        0.0,
                        0.0
                    ],
                    [
                        -0.5539882579180785,
                        0.8122591142253031,
                        -0.0,
                        -0.5843268730397839,
                        0.0,
                        0.0,
                        0.0,
                        0.0
                    ],
                    [
                        -0.0,
                        -0.9414663028853401,
                        -0.8939083105027819,
                        -0.7850300689245961,
                        -0.9518271617571192,
                        0.0,
                        0.0,
                        0.0
                    ],
                    [
                        -0.8866556699761527,
                        0.8799828374658896,
                        0.944694267441772,
                        -0.0,
                        -0.7020578726910824,
                        0.9235979835308719,
                        0.0,
                        0.0
                    ],
                    [
                        0.0,
                        -0.0,
                        0.5789372967438451,
                        0.6646833255715172,
                        0.95573138972513,
                        -0.0,
                        0.0,
                        0.0
                    ]
                ]
            },
            "est_params": {
                "mui": [
                    -0.10725407001851238,
                    0.9999996800700692,
                    -0.7371301264683756,
                    0.1481961554673883,
                    0.8894742129885149,
                    -1.314729399978863,
                    -1.5140119730013928,
                    0.42571692338386
                ],
                "Si": [
                    [
                        0.8989499407054743,
                        1.246598159205291e-06,
                        -0.9472255143243972,
                        -0.4277578158245085,
                        -0.18912158809259327,
                        1.4651597107998462,
                        -0.19387779404299832,
                        -1.017250232848483
                    ],
                    [
                        1.246598159205291e-06,
                        1.0112332175412573e-06,
                        -2.7374053900653953e-07,
                        2.917079567517867e-06,
                        -3.746365502195236e-06,
                        5.24939595163659e-08,
                        -4.774963458060611e-06,
                        -4.833876213473298e-06
                    ],
                    [
                        -0.9472255143243972,
                        -2.737405390065382e-07,
                        1.9785494646457271,
                        1.365530559481239,
                        -0.3674075343626662,
                        -2.595861873637955,
                        0.48576877226299886,
                        1.7248723715209056
                    ],
                    [
                        -0.4277578158245085,
                        2.917079567517868e-06,
                        1.365530559481239,
                        2.0128866404562173,
                        -0.9968333431019466,
                        -1.815026063719373,
                        0.634342733237584,
                        1.1121070043076648
                    ],
                    [
                        -0.18912158809259327,
                        -3.746365502195236e-06,
                        -0.3674075343626663,
                        -0.9968333431019466,
                        1.602560152934954,
                        -0.4986086937863708,
                        -1.8011991376179934,
                        0.7670330705537423
                    ],
                    [
                        1.4651597107998464,
                        5.249395951636589e-08,
                        -2.595861873637955,
                        -1.815026063719373,
                        -0.49860869378637085,
                        5.367316912620474,
                        1.7383532376838529,
                        -3.3771416943472046
                    ],
                    [
                        -0.19387779404299832,
                        -4.77496345806061e-06,
                        0.48576877226299886,
                        0.634342733237584,
                        -1.8011991376179939,
                        1.7383532376838529,
                        4.5427628123327395,
                        -1.3261572397214645
                    ],
                    [
                        -1.0172502328484831,
                        -4.833876213473298e-06,
                        1.7248723715209056,
                        1.1121070043076648,
                        0.7670330705537421,
                        -3.3771416943472046,
                        -1.3261572397214645,
                        3.5068762848386026
                    ]
                ]
            },
            "est_tgt": [
                1,
                6,
                7
            ],
            "oracle_est_tgt": [
                1,
                4,
                7
            ],
            "intv_base_est_tgt": [
                0,
                1,
                3,
                5,
                6
            ]
        },
        "5": {
            "intv_type": "do",
            "inode": 5,
            "new_mui": 1.0,
            "new_vari": null,
            "true_params": {
                "Si": [
                    [
                        1.0,
                        0.0,
                        -0.9528535735370509,
                        -0.2682525590152325,
                        -0.39724107892378757,
                        0.0,
                        -1.507924751793267,
                        -1.109601243491309
                    ],
                    [
                        0.0,
                        1.0,
                        -0.8683611776765786,
                        0.04047572170398317,
                        0.7886080623279861,
                        0.0,
                        -0.4940014877791827,
                        0.2778743438628987
                    ],
                    [
                        -0.9528535735370509,
                        -0.8683611776765786,
                        2.661981067498183,
                        1.0428972829244811,
                        -0.7868574979853611,
                        0.0,
                        3.1478878462073006,
                        1.4822921473792487
                    ],
                    [
                        -0.2682525590152325,
                        0.04047572170398317,
                        1.0428972829244811,
                        1.750004317098834,
                        -0.8410890087066618,
                        0.0,
                        1.8491778377758266,
                        0.9631156558378154
                    ],
                    [
                        -0.39724107892378757,
                        0.7886080623279861,
                        -0.7868574979853611,
                        -0.8410890087066618,
                        2.352091889869645,
                        0.0,
                        -1.348466780905098,
                        1.233369058451258
                    ],
                    [
                        0.0,
                        0.0,
                        0.0,
                        0.0,
                        0.0,
                        1e-09,
                        9.235979835308719e-10,
                        0.0
                    ],
                    [
                        -1.507924751793267,
                        -0.4940014877791827,
                        3.1478878462073006,
                        1.8491778377758266,
                        -1.348466780905098,
                        9.235979835308719e-10,
                        5.822790523458108,
                        1.762775324409442
                    ],
                    [
                        -1.109601243491309,
                        0.2778743438628987,
                        1.4822921473792487,
                        0.9631156558378154,
                        1.233369058451258,
                        0.0,
                        1.762775324409442,
                        3.6770906500982394
                    ]
                ],
                "mui": [
                    0.0,
                    0.0,
                    0.0,
                    0.0,
                    0.0,
                    1.0,
                    0.9235979835308719,
                    0.0
                ],
                "Ai": [
                    [
                        0.0,
                        0.0,
                        0.0,
                        0.0,
                        0.0,
                        0.0,
                        0.0,
                        0.0
                    ],
                    [
                        -0.0,
                        0.0,
                        0.0,
                        0.0,
                        0.0,
                        0.0,
                        0.0,
                        0.0
                    ],
                    [
                        -0.9528535735370509,
                        -0.8683611776765786,
                        0.0,
                        0.0,
                        0.0,
                        0.0,
                        0.0,
                        0.0
                    ],
                    [
                        0.5154117802275587,
                        0.7546501840003637,
                        0.8224394188225386,
                        0.0,
                        0.0,
                        0.0,
                        0.0,
                        0.0
                    ],
                    [
                        -0.5539882579180785,
                        0.8122591142253031,
                        -0.0,
                        -0.5843268730397839,
                        0.0,
                        0.0,
                        0.0,
                        0.0
                    ],
                    [
                        0.0,
                        0.0,
                        0.0,
                        0.0,
                        0.0,
                        0.0,
                        0.0,
                        0.0
                    ],
                    [
                        -0.8866556699761527,
                        0.8799828374658896,
                        0.944694267441772,
                        -0.0,
                        -0.7020578726910824,
                        0.9235979835308719,
                        0.0,
                        0.0
                    ],
                    [
                        0.0,
                        -0.0,
                        0.5789372967438451,
                        0.6646833255715172,
                        0.95573138972513,
                        -0.0,
                        0.0,
                        0.0
                    ]
                ]
            },
            "est_params": {
                "mui": [
                    0.03576082082244045,
                    0.01572870584944609,
                    -0.13596157163973258,
                    -0.04954661945957413,
                    0.015266792699718566,
                    1.0000003643616275,
                    0.7657732533873696,
                    -0.044937898083119876
                ],
                "Si": [
                    [
                        0.9623741899915856,
                        -0.03313693958868265,
                        -0.8694964583858987,
                        -0.2777580237551396,
                        -0.3774031783497063,
                        7.844016920964877e-07,
                        -1.3963942388729762,
                        -1.0690998723698897
                    ],
                    [
                        -0.03313693958868265,
                        0.853079933724026,
                        -0.7055924930741365,
                        0.0874160212487865,
                        0.7313501565806269,
                        -1.7624046668721903e-06,
                        -0.4685844250599268,
                        0.4165837742396949
                    ],
                    [
                        -0.8694964583858987,
                        -0.7055924930741365,
                        2.3279816801522615,
                        0.924103313098136,
                        -0.8494475219658737,
                        3.748550424916411e-06,
                        2.9157190498116696,
                        1.0889767530417187
                    ],
                    [
                        -0.2777580237551397,
                        0.0874160212487865,
                        0.924103313098136,
                        1.6481398287695024,
                        -0.7638893492588502,
                        3.042496815818089e-06,
                        1.8214402967964265,
                        0.8106674537385172
                    ],
                    [
                        -0.3774031783497063,
                        0.7313501565806269,
                        -0.8494475219658737,
                        -0.7638893492588502,
                        2.3612184712972235,
                        -3.433208340682479e-06,
                        -1.5804981609142938,
                        1.2139765558817543
                    ],
                    [
                        7.844016920964883e-07,
                        -1.7624046668721903e-06,
                        3.7485504249164106e-06,
                        3.042496815818089e-06,
                        -3.43320834068248e-06,
                        1.000907479610926e-06,
                        2.779035939948343e-07,
                        -2.399941078844363e-06
                    ],
                    [
                        -1.3963942388729764,
                        -0.46858442505992676,
                        2.9157190498116696,
                        1.8214402967964265,
                        -1.5804981609142938,
                        2.77903593994833e-07,
                        5.584766247839161,
                        1.380798909809101
                    ],
                    [
                        -1.0690998723698897,
                        0.41658377423969495,
                        1.0889767530417187,
                        0.8106674537385172,
                        1.2139765558817543,
                        -2.399941078844362e-06,
                        1.380798909809101,
                        3.1726090626988777
                    ]
                ]
            },
            "est_tgt": [
                3,
                4,
                5
            ],
            "oracle_est_tgt": [
                2,
                3,
                5,
                6
            ],
            "intv_base_est_tgt": []
        },
        "4": {
            "intv_type": "do",
            "inode": 4,
            "new_mui": 1.0,
            "new_vari": null,
            "true_params": {
                "Si": [
                    [
                        1.0,
                        0.0,
                        -0.9528535735370509,
                        -0.2682525590152325,
                        0.0,
                        1.0623500529699705,
                        -0.805626611881032,
                        -0.7299454750755673
                    ],
                    [
                        0.0,
                        1.0,
                        -0.8683611776765786,
                        0.04047572170398317,
                        0.0,
                        -0.19700568824131437,
                        -0.1223070455579498,
                        -0.4758231354942694
                    ],
                    [
                        -0.9528535735370509,
                        -0.8683611776765786,
                        2.661981067498183,
                        1.0428972829244811,
                        0.0,
                        -2.380739937016843,
                        0.39662173992049865,
                        2.2343165574444366
                    ],
                    [
                        -0.2682525590152325,
                        0.04047572170398317,
                        1.0428972829244811,
                        1.750004317098834,
                        0.0,
                        -2.344167085946668,
                        -0.9063833160604062,
                        1.766970823011565
                    ],
                    [
                        0.0,
                        0.0,
                        0.0,
                        0.0,
                        1e-09,
                        -9.518271617571194e-10,
                        -1.5811635199598709e-09,
                        9.557313897251301e-10
                    ],
                    [
                        1.0623500529699705,
                        -0.19700568824131437,
                        -2.380739937016843,
                        -2.344167085946668,
                        -9.518271617571194e-10,
                        5.153879081758615,
                        1.3957406346721362,
                        -2.9364279186786586
                    ],
                    [
                        -0.805626611881032,
                        -0.1223070455579498,
                        0.39662173992049865,
                        -0.9063833160604062,
                        -1.5811635199598709e-09,
                        1.3957406346721362,
                        3.270474823186869,
                        -0.37283876033332414
                    ],
                    [
                        -0.7299454750755673,
                        -0.4758231354942694,
                        2.2343165574444366,
                        1.766970823011565,
                        9.557313897251301e-10,
                        -2.9364279186786586,
                        -0.37283876033332414,
                        3.4680052315774867
                    ]
                ],
                "mui": [
                    0.0,
                    0.0,
                    0.0,
                    0.0,
                    1.0,
                    -0.9518271617571192,
                    -1.5811635199598708,
                    0.95573138972513
                ],
                "Ai": [
                    [
                        0.0,
                        0.0,
                        0.0,
                        0.0,
                        0.0,
                        0.0,
                        0.0,
                        0.0
                    ],
                    [
                        -0.0,
                        0.0,
                        0.0,
                        0.0,
                        0.0,
                        0.0,
                        0.0,
                        0.0
                    ],
                    [
                        -0.9528535735370509,
                        -0.8683611776765786,
                        0.0,
                        0.0,
                        0.0,
                        0.0,
                        0.0,
                        0.0
                    ],
                    [
                        0.5154117802275587,
                        0.7546501840003637,
                        0.8224394188225386,
                        0.0,
                        0.0,
                        0.0,
                        0.0,
                        0.0
                    ],
                    [
                        0.0,
                        0.0,
                        0.0,
                        0.0,
                        0.0,
                        0.0,
                        0.0,
                        0.0
                    ],
                    [
                        -0.0,
                        -0.9414663028853401,
                        -0.8939083105027819,
                        -0.7850300689245961,
                        -0.9518271617571192,
                        0.0,
                        0.0,
                        0.0
                    ],
                    [
                        -0.8866556699761527,
                        0.8799828374658896,
                        0.944694267441772,
                        -0.0,
                        -0.7020578726910824,
                        0.9235979835308719,
                        0.0,
                        0.0
                    ],
                    [
                        0.0,
                        -0.0,
                        0.5789372967438451,
                        0.6646833255715172,
                        0.95573138972513,
                        -0.0,
                        0.0,
                        0.0
                    ]
                ]
            },
            "est_params": {
                "mui": [
                    0.07353115473980504,
                    0.1422113277250667,
                    -0.18859136650689082,
                    0.10294949528365059,
                    1.0000005159469907,
                    -1.0613549773490272,
                    -1.7523708176857904,
                    0.93757748269218
                ],
                "Si": [
                    [
                        1.107296571926655,
                        0.05246582953775242,
                        -1.1949534322180804,
                        -0.4129640941011984,
                        4.054251154654698e-06,
                        1.3416530388453423,
                        -0.9503751922184955,
                        -0.976882506058341
                    ],
                    [
                        0.05246582953775242,
                        0.8735428226344824,
                        -0.7269052949775999,
                        0.007668240675406281,
                        -1.5385973610191906e-06,
                        -0.2079670613450325,
                        -0.13723564465925028,
                        -0.526607425894583
                    ],
                    [
                        -1.1949534322180801,
                        -0.7269052949775999,
                        2.6772583051167387,
                        1.0600473705025915,
                        -3.846898509903099e-06,
                        -2.564099286031335,
                        0.7310539408192205,
                        2.408058628209729
                    ],
                    [
                        -0.4129640941011984,
                        0.007668240675406292,
                        1.0600473705025915,
                        1.5863036203193606,
                        -3.9996273092415014e-06,
                        -2.2014499612519893,
                        -0.5424318634887914,
                        1.7555298551060385
                    ],
                    [
                        4.054251154654698e-06,
                        -1.5385973610191904e-06,
                        -3.846898509903099e-06,
                        -3.9996273092415014e-06,
                        1.0030772568405104e-06,
                        8.92818750883021e-06,
                        1.5192136517851575e-06,
                        -2.6623509020379074e-06
                    ],
                    [
                        1.3416530388453423,
                        -0.2079670613450325,
                        -2.564099286031335,
                        -2.2014499612519893,
                        8.92818750883021e-06,
                        5.190852168654664,
                        0.7267283503734228,
                        -3.1927479943489105
                    ],
                    [
                        -0.9503751922184953,
                        -0.13723564465925023,
