{
    "expt_args": {
        "save_dir": "expt_logs_29.04.24-tol",
        "exp_name": "324",
        "num_nodes": 10,
        "obs_noise_mean": 0.0,
        "obs_noise_var": 1.0,
        "max_edge_strength": 1.0,
        "num_parents": 2,
        "new_noise_mean": 1.0,
        "mix_samples": 16384,
        "stage2_samples": 16384,
        "gmm_tol": 10000,
        "intv_targets": [
            0,
            1,
            2,
            3,
            4,
            5,
            6,
            7,
            8,
            9
        ]
    },
    "intv_args_dict": {
        "0": {
            "intv_type": "do",
            "inode": 0,
            "new_mui": 1.0,
            "true_params": {
                "Si": [
                    [
                        0.0,
                        0.0,
                        0.0,
                        0.0,
                        0.0,
                        0.0,
                        0.0,
                        0.0,
                        0.0,
                        0.0
                    ],
                    [
                        0.0,
                        1.0,
                        -0.9880915563009165,
                        -0.9723540240755262,
                        -0.6154617249465152,
                        0.8441269607310892,
                        -1.708541169092021,
                        0.7993385855195577,
                        0.4276292830699316,
                        -0.33970887597224414
                    ],
                    [
                        0.0,
                        -0.9880915563009165,
                        1.9763249236331673,
                        0.9607748009242455,
                        0.6081325336460488,
                        -0.8340747223443445,
                        1.6881951027723223,
                        -1.5987918922190252,
                        -0.8553199395513392,
                        0.6794665070074657
                    ],
                    [
                        0.0,
                        -0.9723540240755262,
                        0.9607748009242455,
                        1.9454723481358691,
                        1.2314072216216236,
                        -1.6889174310556965,
                        2.606718106561717,
                        -0.777240090228781,
                        -0.4158070542055803,
                        0.3303172925657854
                    ],
                    [
                        0.0,
                        -0.6154617249465152,
                        0.6081325336460488,
                        1.2314072216216236,
                        1.779432175900547,
                        -1.0690180836121446,
                        1.6499496917690277,
                        -0.49196230466017454,
                        -0.2631894561958617,
                        0.20907781078551915
                    ],
                    [
                        0.0,
                        0.8441269607310892,
                        -0.8340747223443445,
                        -1.6889174310556965,
                        -1.0690180836121446,
                        2.4661951333602623,
                        -2.262962849222218,
                        0.6747432507897121,
                        0.36097340703743597,
                        -0.286757421007825
                    ],
                    [
                        0.0,
                        -1.708541169092021,
                        1.6881951027723223,
                        2.606718106561717,
                        1.6499496917690277,
                        -2.262962849222218,
                        4.812915311776909,
                        -1.3657028814039476,
                        -0.7306222352342837,
                        0.5804066001045544
                    ],
                    [
                        0.0,
                        0.7993385855195577,
                        -1.5987918922190252,
                        -0.777240090228781,
                        -0.49196230466017454,
                        0.6747432507897121,
                        -1.3657028814039476,
                        2.2933781707950294,
                        1.2269089479120532,
                        -0.9746569660135574
                    ],
                    [
                        0.0,
                        0.4276292830699316,
                        -0.8553199395513392,
                        -0.4158070542055803,
                        -0.2631894561958617,
                        0.36097340703743597,
                        -0.7306222352342837,
                        1.2269089479120532,
                        1.6563704083504152,
                        -1.3158213244306496
                    ],
                    [
                        0.0,
                        -0.33970887597224414,
                        0.6794665070074657,
                        0.3303172925657854,
                        0.20907781078551915,
                        -0.286757421007825,
                        0.5804066001045544,
                        -0.9746569660135574,
                        -1.3158213244306496,
                        2.045288993994237
                    ]
                ],
                "mui": [
                    1.0,
                    -0.9556047435828808,
                    -0.04942242436200284,
                    0.40853219788807715,
                    0.8328734816801072,
                    -1.1227711409603311,
                    1.1404579852617185,
                    -0.6094451515290039,
                    0.37450152278871157,
                    -1.0909476082712337
                ],
                "Ai": [
                    [
                        0.0,
                        0.0,
                        0.0,
                        0.0,
                        0.0,
                        0.0,
                        0.0,
                        0.0,
                        0.0,
                        0.0
                    ],
                    [
                        -0.9556047435828808,
                        0.0,
                        0.0,
                        0.0,
                        0.0,
                        0.0,
                        0.0,
                        0.0,
                        0.0,
                        0.0
                    ],
                    [
                        -0.9936474026573499,
                        -0.9880915563009165,
                        0.0,
                        0.0,
                        0.0,
                        0.0,
                        0.0,
                        0.0,
                        0.0,
                        0.0
                    ],
                    [
                        -0.5206539199603983,
                        -0.9723540240755262,
                        -0.0,
                        0.0,
                        0.0,
                        0.0,
                        0.0,
                        0.0,
                        0.0,
                        0.0
                    ],
                    [
                        0.5742887224434271,
                        0.0,
                        0.0,
                        0.6329605367054151,
                        0.0,
                        0.0,
                        0.0,
                        0.0,
                        0.0,
                        0.0
                    ],
                    [
                        -0.7681132344515095,
                        -0.0,
                        0.0,
                        -0.8681271839581782,
                        0.0,
                        0.0,
                        0.0,
                        0.0,
                        0.0,
                        0.0
                    ],
                    [
                        0.0,
                        -0.7892667595744349,
                        0.0,
                        0.9454112254963865,
                        0.0,
                        0.0,
                        0.0,
                        0.0,
                        0.0,
                        0.0
                    ],
                    [
                        -0.6494265181650727,
                        0.0,
                        -0.8089721852416323,
                        -0.0,
                        0.0,
                        0.0,
                        -0.0,
                        0.0,
                        0.0,
                        0.0
                    ],
                    [
                        0.700541824032767,
                        -0.0,
                        0.0,
                        -0.0,
                        0.0,
                        0.0,
                        -0.0,
                        0.5349789073324656,
                        0.0,
                        0.0
                    ],
                    [
                        -0.7934434466218501,
                        -0.0,
                        0.0,
                        -0.0,
                        0.0,
                        -0.0,
                        0.0,
                        0.0,
                        -0.7944004057287406,
                        0.0
                    ]
                ]
            },
            "est_params": {
                "mui": [
                    1.126460741010999,
                    -2.326335826064662,
                    1.2492673341454668,
                    2.37683613107432,
                    2.094718458051141,
                    -3.0314045474877913,
                    4.18031112935692,
                    -1.3756444958213163,
                    0.39198848991765234,
                    -1.0619699380248975
                ],
                "Si": [
                    [
                        0.5961945864663746,
                        -0.3108061933627891,
                        -0.22084817748348856,
                        -0.19516736941433954,
                        0.2102261400157244,
                        -0.24717737187273817,
                        -0.048926957647139356,
                        -0.21200960856857523,
                        0.2218026522721022,
                        -0.5140151164129171
                    ],
                    [
                        -0.3108061933627891,
                        0.6980189546294231,
                        -0.3695855995424664,
                        -0.1287327274706062,
                        -0.1594394083638917,
                        0.11505368126385028,
                        -0.49888874344641426,
                        0.4194159695836344,
                        0.058214316224794685,
                        0.18483678051576535
                    ],
                    [
                        -0.22084817748348862,
                        -0.3695855995424664,
                        1.5289908443414066,
                        0.1980252128078366,
                        -0.09642981199795958,
                        0.2574003400043636,
                        0.38584748062164664,
                        -0.7968022240875621,
                        -0.4189168163866274,
                        0.18848508133518374
                    ],
                    [
                        -0.19516736941433954,
                        -0.12873272747060618,
                        0.1980252128078366,
                        0.9547609749911795,
                        0.300309527000166,
                        -0.42467549332332344,
                        0.7095369119458985,
                        0.07643978496179138,
                        -0.17507628630299657,
                        0.21878314102370755
                    ],
                    [
                        0.2102261400157244,
                        -0.1594394083638917,
                        -0.0964298119979596,
                        0.300309527000166,
                        1.33237423106119,
                        -0.2718686386592422,
                        0.13297977653332965,
                        0.04269173063742137,
                        0.07435407199036383,
                        -0.1323216125885786
                    ],
                    [
                        -0.24717737187273817,
                        0.11505368126385027,
                        0.2574003400043636,
                        -0.4246754933233234,
                        -0.2718686386592422,
                        1.8898323599970417,
                        -0.09070540543619673,
                        -0.08895852637522225,
                        -0.017299716087074708,
                        0.07902306943005483
                    ],
                    [
                        -0.04892695764713937,
                        -0.49888874344641426,
                        0.38584748062164664,
                        0.7095369119458983,
                        0.13297977653332962,
                        -0.09070540543619682,
                        2.4870275774778166,
                        -0.08168476116323478,
                        -0.23805166735261402,
                        0.18083628346622288
                    ],
                    [
                        -0.21200960856857523,
                        0.4194159695836344,
                        -0.7968022240875622,
                        0.07643978496179138,
                        0.04269173063742137,
                        -0.08895852637522225,
                        -0.08168476116323471,
                        2.4849526422008625,
                        0.8726656519305223,
                        -0.3204841969784351
                    ],
                    [
                        0.2218026522721022,
                        0.058214316224794664,
                        -0.4189168163866274,
                        -0.17507628630299657,
                        0.07435407199036384,
                        -0.017299716087074715,
                        -0.23805166735261402,
                        0.8726656519305219,
                        1.5807075597086102,
                        -1.1918483544543006
                    ],
                    [
                        -0.5140151164129171,
                        0.18483678051576535,
                        0.18848508133518374,
                        0.21878314102370752,
                        -0.13232161258857858,
                        0.07902306943005485,
                        0.18083628346622288,
                        -0.3204841969784351,
                        -1.1918483544543004,
                        2.6669027616524907
                    ]
                ]
            },
            "est_tgt": [
                0,
                1,
                2,
                3,
                4,
                5,
                6,
                7,
                8,
                9
            ]
        },
        "1": {
            "intv_type": "do",
            "inode": 1,
            "new_mui": 1.0,
            "true_params": {
                "Si": [
                    [
                        1.0,
                        0.0,
                        -0.9936474026573499,
                        -0.5206539199603983,
                        0.24473533782751514,
                        -0.31611941309950214,
                        -0.4922320605292577,
                        0.15440659252231573,
                        0.7831460941852847,
                        -1.4155750215875187
                    ],
                    [
                        0.0,
                        0.0,
                        0.0,
                        0.0,
                        0.0,
                        0.0,
                        0.0,
                        0.0,
                        0.0,
                        0.0
                    ],
                    [
                        -0.9936474026573499,
                        0.0,
                        1.9873351608076977,
                        0.5173464152520175,
                        -0.24318063277077948,
                        0.3141112337558861,
                        0.48910510844957233,
                        -0.962397894854603,
                        -1.2109541381113818,
                        1.750385478525876
                    ],
                    [
                        -0.5206539199603983,
                        0.0,
                        0.5173464152520175,
                        1.2710805043701288,
                        0.505538123712687,
                        -0.703538372352342,
                        1.2016937773411285,
                        -0.08039239766447161,
                        -0.40774808383924377,
                        0.7370246839875672
                    ],
                    [
                        0.24473533782751514,
                        0.0,
                        -0.24318063277077948,
                        0.505538123712687,
                        1.4605344266079552,
                        -0.6268558396454715,
                        0.4779414170743552,
                        0.03778874958374441,
                        0.19166352392873465,
                        -0.3464412311284134
                    ],
                    [
                        -0.31611941309950214,
                        0.0,
                        0.3141112337558861,
                        -0.703538372352342,
                        -0.6268558396454715,
                        1.8535762908655302,
                        -0.6651330747893607,
                        -0.04881092140684842,
                        -0.24756768366501963,
                        0.4474907450225615
                    ],
                    [
                        -0.4922320605292577,
                        0.0,
                        0.48910510844957233,
                        1.2016937773411285,
                        0.4779414170743552,
                        -0.6651330747893607,
                        2.1360947867074582,
                        -0.07600387519656095,
                        -0.38548961563626283,
                        0.6967914097097728
                    ],
                    [
                        0.15440659252231573,
                        0.0,
                        -0.962397894854603,
                        -0.08039239766447161,
                        0.03778874958374441,
                        -0.04881092140684842,
                        -0.07600387519656095,
                        1.6782773923089742,
                        1.0060112815065019,
                        -0.9216886691484972
                    ],
                    [
                        0.7831460941852847,
                        0.0,
                        -1.2109541381113818,
                        -0.40774808383924377,
                        0.19166352392873465,
                        -0.24756768366501963,
                        -0.38548961563626283,
                        1.0060112815065019,
                        2.086821409449178,
                        -2.279153910528662
                    ],
                    [
                        -1.4155750215875187,
                        0.0,
                        1.750385478525876,
                        0.7370246839875672,
                        -0.3464412311284134,
                        0.4474907450225615,
                        0.6967914097097728,
                        -0.9216886691484972,
                        -2.279153910528662,
                        3.933739515322416
                    ]
                ],
                "mui": [
                    0.0,
                    1.0,
                    -0.9880915563009165,
                    -0.9723540240755262,
                    -0.6154617249465152,
                    0.8441269607310892,
                    -1.708541169092021,
                    0.7993385855195577,
                    0.4276292830699316,
                    -0.33970887597224414
                ],
                "Ai": [
                    [
                        0.0,
                        0.0,
                        0.0,
                        0.0,
                        0.0,
                        0.0,
                        0.0,
                        0.0,
                        0.0,
                        0.0
                    ],
                    [
                        0.0,
                        0.0,
                        0.0,
                        0.0,
                        0.0,
                        0.0,
                        0.0,
                        0.0,
                        0.0,
                        0.0
                    ],
                    [
                        -0.9936474026573499,
                        -0.9880915563009165,
                        0.0,
                        0.0,
                        0.0,
                        0.0,
                        0.0,
                        0.0,
                        0.0,
                        0.0
                    ],
                    [
                        -0.5206539199603983,
                        -0.9723540240755262,
                        -0.0,
                        0.0,
                        0.0,
                        0.0,
                        0.0,
                        0.0,
                        0.0,
                        0.0
                    ],
                    [
                        0.5742887224434271,
                        0.0,
                        0.0,
                        0.6329605367054151,
                        0.0,
                        0.0,
                        0.0,
                        0.0,
                        0.0,
                        0.0
                    ],
                    [
                        -0.7681132344515095,
                        -0.0,
                        0.0,
                        -0.8681271839581782,
                        0.0,
                        0.0,
                        0.0,
                        0.0,
                        0.0,
                        0.0
                    ],
                    [
                        0.0,
                        -0.7892667595744349,
                        0.0,
                        0.9454112254963865,
                        0.0,
                        0.0,
                        0.0,
                        0.0,
                        0.0,
                        0.0
                    ],
                    [
                        -0.6494265181650727,
                        0.0,
                        -0.8089721852416323,
                        -0.0,
                        0.0,
                        0.0,
                        -0.0,
                        0.0,
                        0.0,
                        0.0
                    ],
                    [
                        0.700541824032767,
                        -0.0,
                        0.0,
                        -0.0,
                        0.0,
                        0.0,
                        -0.0,
                        0.5349789073324656,
                        0.0,
                        0.0
                    ],
                    [
                        -0.7934434466218501,
                        -0.0,
                        0.0,
                        -0.0,
                        0.0,
                        -0.0,
                        0.0,
                        0.0,
                        -0.7944004057287406,
                        0.0
                    ]
                ]
            },
            "est_params": {
                "mui": [
                    0.4658228521971486,
                    0.9700303140403854,
                    -1.6496720733670338,
                    -1.6663356899308979,
                    -0.6601057047826134,
                    1.123118900492517,
                    -2.5494508640712334,
                    1.1675191352195353,
                    1.2744297251872696,
                    -1.6141063310958037
                ],
                "Si": [
                    [
                        0.6888962574406442,
                        -0.12937854999615905,
                        -0.4038123272876257,
                        -0.19738610934500536,
                        0.1406091030584854,
                        -0.248332316692501,
                        -0.04804561551283402,
                        -0.16526397878785243,
                        0.22693432899071378,
                        -0.5379782582592837
                    ],
                    [
                        -0.12937854999615905,
                        0.2585245115888889,
                        -0.11152437587343814,
                        -0.029219572324463833,
                        -0.031245054563061956,
                        0.035558629640256155,
                        -0.1598882415202247,
                        0.1528362475363076,
                        -0.023140843797364904,
                        0.06829837473051373
                    ],
                    [
                        -0.40381232728762567,
                        -0.11152437587343814,
                        1.3715840854449373,
                        0.10910618263668316,
                        -0.13493105255572926,
                        0.20317057438385644,
                        0.025976307583854216,
                        -0.7189905454336806,
                        -0.40121030692547005,
                        0.39905950507094967
                    ],
                    [
                        -0.19738610934500536,
                        -0.02921957232446384,
                        0.10910618263668316,
                        0.6902199519263806,
                        0.23596916802897844,
                        -0.3161622946989313,
                        0.4643887616930144,
                        0.08146766135295494,
                        0.010440217475488433,
                        0.08464697920228846
                    ],
                    [
                        0.1406091030584854,
                        -0.031245054563061956,
                        -0.13493105255572924,
                        0.2359691680289785,
                        1.341207006989546,
                        -0.17658976029267864,
                        0.11771474847976293,
                        -0.01825887000166611,
                        0.13737360043894348,
                        -0.26235521637507186
                    ],
                    [
                        -0.248332316692501,
                        0.03555862964025615,
                        0.20317057438385647,
                        -0.31616229469893137,
                        -0.17658976029267864,
                        1.1851208320475428,
                        -0.2089022605233022,
                        -0.01606353925813261,
                        -0.13097856580783546,
                        0.25552857279391233
                    ],
                    [
                        -0.048045615512834,
                        -0.1598882415202247,
                        0.025976307583854216,
                        0.4643887616930144,
                        0.11771474847976293,
                        -0.20890226052330216,
                        1.3484803623032335,
                        0.10966463253185514,
                        0.1731639050392694,
                        -0.09037186485619256
                    ],
                    [
                        -0.16526397878785248,
                        0.15283624753630753,
                        -0.7189905454336806,
                        0.08146766135295493,
                        -0.018258870001666126,
                        -0.016063539258132607,
                        0.10966463253185514,
                        1.5290380025849972,
                        0.5687268102170392,
                        -0.21097081843267432
                    ],
                    [
                        0.22693432899071372,
                        -0.0231408437973649,
                        -0.40121030692547005,
                        0.01044021747548843,
                        0.13737360043894348,
                        -0.13097856580783546,
                        0.1731639050392694,
                        0.5687268102170392,
                        1.2105140936473957,
                        -0.9495006616506108
                    ],
                    [
                        -0.5379782582592837,
                        0.06829837473051374,
                        0.39905950507094967,
                        0.08464697920228846,
                        -0.26235521637507186,
                        0.25552857279391233,
                        -0.09037186485619257,
                        -0.21097081843267432,
                        -0.9495006616506108,
                        2.1152811933241287
                    ]
                ]
            },
            "est_tgt": [
                0,
                1,
                2,
                3,
                4,
                5,
                6,
                7,
                8,
                9
            ]
        },
        "2": {
            "intv_type": "do",
            "inode": 2,
            "new_mui": 1.0,
            "true_params": {
                "Si": [
                    [
                        1.0,
                        -0.9556047435828808,
                        0.0,
                        0.40853219788807715,
                        0.8328734816801072,
                        -1.1227711409603311,
                        1.1404579852617185,
                        -0.6494265181650727,
                        0.3531123349520888,
                        -1.0739560287756125
                    ],
                    [
                        -0.9556047435828808,
                        1.9131804259581036,
                        0.0,
                        -1.3627493302837128,
                        -1.4113595748444152,
                        1.917052388990745,
                        -2.798368229665094,
                        0.6205950613670573,
                        -0.3374358222978432,
                        1.0262774754974082
                    ],
                    [
                        0.0,
                        0.0,
                        0.0,
                        0.0,
                        0.0,
                        0.0,
                        0.0,
                        0.0,
                        0.0,
                        0.0
                    ],
                    [
                        0.40853219788807715,
                        -1.3627493302837128,
                        0.0,
                        2.1123709048471317,
                        1.5716628556550931,
                        -2.1476055929975244,
                        3.0726319138796954,
                        -0.2653116428327784,
                        0.14425775829936774,
                        -0.438745616870852
                    ],
                    [
                        0.8328734816801072,
                        -1.4113595748444152,
                        0.0,
                        1.5716628556550931,
                        2.473110412386491,
                        -2.004144392913722,
                        2.5998069046638355,
                        -0.5408901252795335,
                        0.2940978998357384,
                        -0.8944694968576857
                    ],
                    [
                        -1.1227711409603311,
                        1.917052388990745,
                        0.0,
                        -2.1476055929975244,
                        -2.004144392913722,
                        3.726810168333626,
                        -3.543436162551838,
                        0.7291573527700939,
                        -0.3964643392013234,
                        1.2058068357696206
                    ],
                    [
                        1.1404579852617185,
                        -2.798368229665094,
                        0.0,
                        3.0726319138796954,
                        2.5998069046638355,
                        -3.543436162551838,
                        6.113559727924127,
                        -0.7406436584820716,
                        0.40270978209052033,
                        -1.2248017288371111
                    ],
                    [
                        -0.6494265181650727,
                        0.6205950613670573,
                        0.0,
                        -0.2653116428327784,
                        -0.5408901252795335,
                        0.7291573527700939,
                        -0.7406436584820716,
                        1.4217548024960096,
                        0.3056583931233916,
                        0.2724680633889056
                    ],
                    [
                        0.3531123349520888,
                        -0.3374358222978432,
                        0.0,
                        0.14425775829936774,
                        0.2940978998357384,
                        -0.3964643392013234,
                        0.40270978209052033,
                        0.3056583931233916,
                        1.410890752385955,
                        -1.4009868542234054
                    ],
                    [
                        -1.0739560287756125,
                        1.0262774754974082,
                        0.0,
                        -0.438745616870852,
                        -0.8944694968576857,
                        1.2058068357696206,
                        -1.2248017288371111,
                        0.2724680633889056,
                        -1.4009868542234054,
                        2.9650678984077423
                    ]
                ],
                "mui": [
                    0.0,
                    0.0,
                    1.0,
                    0.0,
                    0.0,
                    0.0,
                    0.0,
                    -0.8089721852416323,
                    -0.43278305572292536,
                    0.34380303505881604
                ],
                "Ai": [
                    [
                        0.0,
                        0.0,
                        0.0,
                        0.0,
                        0.0,
                        0.0,
                        0.0,
                        0.0,
                        0.0,
                        0.0
                    ],
                    [
                        -0.9556047435828808,
                        0.0,
                        0.0,
                        0.0,
                        0.0,
                        0.0,
                        0.0,
                        0.0,
                        0.0,
                        0.0
                    ],
                    [
                        0.0,
                        0.0,
                        0.0,
                        0.0,
                        0.0,
                        0.0,
                        0.0,
                        0.0,
                        0.0,
                        0.0
                    ],
                    [
                        -0.5206539199603983,
                        -0.9723540240755262,
                        -0.0,
                        0.0,
                        0.0,
                        0.0,
                        0.0,
                        0.0,
                        0.0,
                        0.0
                    ],
                    [
                        0.5742887224434271,
                        0.0,
                        0.0,
                        0.6329605367054151,
                        0.0,
                        0.0,
                        0.0,
                        0.0,
                        0.0,
                        0.0
                    ],
                    [
                        -0.7681132344515095,
                        -0.0,
                        0.0,
                        -0.8681271839581782,
                        0.0,
                        0.0,
                        0.0,
                        0.0,
                        0.0,
                        0.0
                    ],
                    [
                        0.0,
                        -0.7892667595744349,
                        0.0,
                        0.9454112254963865,
                        0.0,
                        0.0,
                        0.0,
                        0.0,
                        0.0,
                        0.0
                    ],
                    [
                        -0.6494265181650727,
                        0.0,
                        -0.8089721852416323,
                        -0.0,
                        0.0,
                        0.0,
                        -0.0,
                        0.0,
                        0.0,
                        0.0
                    ],
                    [
                        0.700541824032767,
                        -0.0,
                        0.0,
                        -0.0,
                        0.0,
                        0.0,
                        -0.0,
                        0.5349789073324656,
                        0.0,
                        0.0
                    ],
                    [
                        -0.7934434466218501,
                        -0.0,
                        0.0,
                        -0.0,
                        0.0,
                        -0.0,
                        0.0,
                        0.0,
                        -0.7944004057287406,
                        0.0
                    ]
                ]
            },
            "est_params": {
                "mui": [
                    -0.8968564905445132,
                    1.0276102336758328,
                    0.49690010881893254,
                    -0.8023161803313158,
                    -0.8672742743393326,
                    1.425847469627089,
                    -1.4414161182961363,
                    -0.036663786828738845,
                    -1.0628244245545104,
                    1.8046671208739127
                ],
                "Si": [
                    [
                        0.576288978384285,
                        -0.235171689855529,
                        -0.16948053956672535,
                        -0.24722553224247526,
                        0.15091410005638742,
                        -0.16040144965971942,
                        -0.17805749831287726,
                        -0.242468590480347,
                        0.11004719003005113,
                        -0.4864499445350868
                    ],
                    [
                        -0.235171689855529,
                        0.45590078314254046,
                        -0.10783356577170607,
                        0.034769400219982906,
                        -0.03681576345913163,
                        0.1363427922630858,
                        -0.11758612716484824,
                        0.13733697573907608,
                        -0.07969994924944859,
                        0.24666803671172952
                    ],
                    [
                        -0.16948053956672535,
