{
    "expt_args": {
        "save_dir": "expt_logs_29.04.24-tol",
        "exp_name": "334",
        "num_nodes": 10,
        "obs_noise_mean": 0.0,
        "obs_noise_var": 1.0,
        "max_edge_strength": 1.0,
        "num_parents": 2,
        "new_noise_mean": 1.0,
        "mix_samples": 131072,
        "stage2_samples": 131072,
        "gmm_tol": 5000,
        "intv_targets": [
            0,
            1,
            2,
            3,
            4,
            5,
            6,
            7,
            8,
            9
        ]
    },
    "intv_args_dict": {
        "0": {
            "intv_type": "do",
            "inode": 0,
            "new_mui": 1.0,
            "true_params": {
                "Si": [
                    [
                        0.0,
                        0.0,
                        0.0,
                        0.0,
                        0.0,
                        0.0,
                        0.0,
                        0.0,
                        0.0,
                        0.0
                    ],
                    [
                        0.0,
                        1.0,
                        -0.7623256618020593,
                        0.5196170651404027,
                        -0.4431310930355689,
                        -1.0597354270991535,
                        -0.9870183579500565,
                        -0.5558662457832113,
                        -0.24234703392034265,
                        1.430264565481754
                    ],
                    [
                        0.0,
                        -0.7623256618020593,
                        1.5811404146419477,
                        -1.0777382724975832,
                        0.9190986415526518,
                        2.1979983051513625,
                        0.7524294229350587,
                        1.1529227341835697,
                        0.5026522245023834,
                        -1.9096911927114968
                    ],
                    [
                        0.0,
                        0.5196170651404027,
                        -1.0777382724975832,
                        1.7346088767638665,
                        -1.479279991202517,
                        -2.1192398694765258,
                        -0.5128715823977079,
                        -0.7858561734022647,
                        -0.8545170765754275,
                        1.301685332926494
                    ],
                    [
                        0.0,
                        -0.4431310930355689,
                        0.9190986415526518,
                        -1.479279991202517,
                        2.2615347019638303,
                        2.535526321486776,
                        0.437378523804581,
                        0.6701806550452686,
                        1.3289892580677305,
                        -1.1100814100711398
                    ],
                    [
                        0.0,
                        -1.0597354270991535,
                        2.1979983051513625,
                        -2.1192398694765258,
                        2.535526321486776,
                        4.97152415475396,
                        1.0459783211169082,
                        1.6027180079890742,
                        2.278050280691326,
                        -2.6547281734575647
                    ],
                    [
                        0.0,
                        -0.9870183579500565,
                        0.7524294229350587,
                        -0.5128715823977079,
                        0.437378523804581,
                        1.0459783211169082,
                        1.974205238930426,
                        0.5486501891528077,
                        0.23920097147412325,
                        -2.2279360062847937
                    ],
                    [
                        0.0,
                        -0.5558662457832113,
                        1.1529227341835697,
                        -0.7858561734022647,
                        0.6701806550452686,
                        1.6027180079890742,
                        0.5486501891528077,
                        1.8406785499176084,
                        0.3665197421115661,
                        -1.392492640728437
                    ],
                    [
                        0.0,
                        -0.24234703392034265,
                        0.5026522245023834,
                        -0.8545170765754275,
                        1.3289892580677305,
                        2.278050280691326,
                        0.23920097147412325,
                        0.3665197421115661,
                        2.4615504534218147,
                        -0.6071001140948112
                    ],
                    [
                        0.0,
                        1.430264565481754,
                        -1.9096911927114968,
                        1.301685332926494,
                        -1.1100814100711398,
                        -2.6547281734575647,
                        -2.2279360062847937,
                        -1.392492640728437,
                        -0.6071001140948112,
                        4.383259272882688
                    ]
                ],
                "mui": [
                    1.0,
                    0.5795168046300403,
                    0.38773825698316333,
                    -1.061844686214688,
                    1.7306675644616996,
                    1.6352010459915653,
                    -1.3260951619103234,
                    0.9565849359509517,
                    1.0268146473449888,
                    0.7647113934730896
                ],
                "Ai": [
                    [
                        0.0,
                        0.0,
                        0.0,
                        0.0,
                        0.0,
                        0.0,
                        0.0,
                        0.0,
                        0.0,
                        0.0
                    ],
                    [
                        0.5795168046300403,
                        0.0,
                        0.0,
                        0.0,
                        0.0,
                        0.0,
                        0.0,
                        0.0,
                        0.0,
                        0.0
                    ],
                    [
                        0.8295187885981735,
                        -0.7623256618020593,
                        0.0,
                        0.0,
                        0.0,
                        0.0,
                        0.0,
                        0.0,
                        0.0,
                        0.0
                    ],
                    [
                        -0.7975542061330134,
                        -0.0,
                        -0.681620849430782,
                        0.0,
                        0.0,
                        0.0,
                        0.0,
                        0.0,
                        0.0,
                        0.0
                    ],
                    [
                        0.8251230240621565,
                        0.0,
                        0.0,
                        -0.8528031944367205,
                        0.0,
                        0.0,
                        0.0,
                        0.0,
                        0.0,
                        0.0
                    ],
                    [
                        0.0,
                        0.0,
                        0.9668220742027046,
                        0.0,
                        0.7282317910195362,
                        0.0,
                        0.0,
                        0.0,
                        0.0,
                        0.0
                    ],
                    [
                        -0.7541014369999173,
                        -0.9870183579500565,
                        -0.0,
                        0.0,
                        0.0,
                        -0.0,
                        0.0,
                        0.0,
                        0.0,
                        0.0
                    ],
                    [
                        0.6738571989018475,
                        0.0,
                        0.7291716304934571,
                        -0.0,
                        -0.0,
                        0.0,
                        -0.0,
                        0.0,
                        0.0,
                        0.0
                    ],
                    [
                        -0.0,
                        0.0,
                        -0.8279315180639241,
                        -0.0,
                        0.0,
                        0.8242627867469402,
                        -0.0,
                        -0.0,
                        0.0,
                        0.0
                    ],
                    [
                        -0.0,
                        0.0,
                        -0.8193638112785839,
                        0.0,
                        -0.0,
                        0.0,
                        -0.8162386234288417,
                        -0.0,
                        0.0,
                        0.0
                    ]
                ]
            },
            "est_params": {
                "mui": [
                    1.2648833373065786,
                    0.7864161265023321,
                    1.021337644503677,
                    -2.2058215883225154,
                    3.2662407705018497,
                    3.4588753613446457,
                    -2.0362403894662404,
                    1.6527420999972828,
                    2.007412288941757,
                    0.9192188948426372
                ],
                "Si": [
                    [
                        0.4203282329838599,
                        0.16920959114869447,
                        0.06903710569729675,
                        -0.24077563736671626,
                        0.3868373127579928,
                        0.2002845273126956,
                        -0.42386964765472557,
                        0.262573146584556,
                        0.02514517375941793,
                        0.21447091277436675
                    ],
                    [
                        0.16920959114869447,
                        0.6672407878010373,
                        -0.17072786969965253,
                        0.0022828840471343427,
                        0.11289597647912035,
                        -0.06692905077239207,
                        -0.62909620607306,
                        0.006907981293241709,
                        0.06110960425702355,
                        0.4390717775631439
                    ],
                    [
                        0.06903710569729675,
                        -0.17072786969965253,
                        0.6423645319155954,
                        -0.30636055257440403,
                        0.11802008290467947,
                        0.5119196416937003,
                        0.02860620977631932,
                        0.4316472426144361,
                        -0.15178368497869218,
                        -0.3663668952780308
                    ],
                    [
                        -0.24077563736671626,
                        0.0022828840471343435,
                        -0.3063605525744041,
                        1.0666824494033065,
                        -0.7644215864280269,
                        -0.491608334369449,
                        0.17471309460818005,
                        -0.2727068539967726,
                        -0.02756037019705822,
                        0.04757119697687427
                    ],
                    [
                        0.3868373127579929,
                        0.11289597647912031,
                        0.11802008290467947,
                        -0.7644215864280269,
                        1.7834474167177619,
                        0.8516971888154122,
                        -0.32533813411542745,
                        0.1459507125857255,
                        0.3856019024569792,
                        0.15191371790317068
                    ],
                    [
                        0.2002845273126956,
                        -0.06692905077239207,
                        0.5119196416937003,
                        -0.4916083343694491,
                        0.8516971888154122,
                        2.310825425576011,
                        -0.12232367171033712,
                        0.2576413093495588,
                        1.1437360121560627,
                        -0.1545814752674447
                    ],
                    [
                        -0.4238696476547257,
                        -0.62909620607306,
                        0.02860620977631932,
                        0.17471309460818008,
                        -0.3253381341154275,
                        -0.12232367171033709,
                        1.5577671662573642,
                        -0.24040527343337403,
                        -0.0323398074372987,
                        -0.9072059872569868
                    ],
                    [
                        0.262573146584556,
                        0.006907981293241714,
                        0.4316472426144361,
                        -0.2727068539967726,
                        0.14595071258572553,
                        0.2576413093495588,
                        -0.24040527343337403,
                        1.4154014548878877,
                        -0.21160365771476733,
                        -0.09804684967049275
                    ],
                    [
                        0.025145173759417935,
                        0.06110960425702355,
                        -0.15178368497869218,
                        -0.027560370197058252,
                        0.3856019024569792,
                        1.1437360121560627,
                        -0.0323398074372987,
                        -0.21160365771476733,
                        2.0548124632231155,
                        0.15911200604901632
                    ],
                    [
                        0.21447091277436675,
                        0.4390717775631439,
                        -0.3663668952780308,
                        0.04757119697687426,
                        0.15191371790317065,
                        -0.1545814752674447,
                        -0.907205987256987,
                        -0.09804684967049274,
                        0.15911200604901632,
                        1.6462466586447049
                    ]
                ]
            },
            "est_tgt": [
                0,
                1,
                2,
                3,
                4,
                5,
                6,
                7,
                8,
                9
            ]
        },
        "1": {
            "intv_type": "do",
            "inode": 1,
            "new_mui": 1.0,
            "true_params": {
                "Si": [
                    [
                        1.0,
                        0.0,
                        0.8295187885981735,
                        -1.3629715074360937,
                        1.9874694795298895,
                        2.249335534457318,
                        -0.7541014369999173,
                        1.278718766508935,
                        1.167258826054074,
                        -0.0641509572904696
                    ],
                    [
                        0.0,
                        0.0,
                        0.0,
                        0.0,
                        0.0,
                        0.0,
                        0.0,
                        0.0,
                        0.0,
                        0.0
                    ],
                    [
                        0.8295187885981735,
                        0.0,
                        1.6881014206373814,
                        -1.812231323172997,
                        2.229931712824718,
                        3.256000882046772,
                        -0.6255413105003133,
                        1.7898928726456997,
                        1.2861679888521935,
                        -0.8725782356575874
                    ],
                    [
                        -1.3629715074360937,
                        0.0,
                        -1.812231323172997,
                        3.3222983124613585,
                        -3.957885785664998,
                        -4.634363501150815,
                        1.0278187723475016,
                        -2.239875830933284,
                        -2.319529943779264,
                        0.6459313839982112
                    ],
                    [
                        1.9874694795298895,
                        0.0,
                        2.229931712824718,
                        -3.957885785664998,
                        6.015204468411742,
                        6.536410327303784,
                        -1.4987535905069673,
                        2.9652735593083914,
                        3.5414890435270414,
                        -0.6037847795366009
                    ],
                    [
                        2.249335534457318,
                        0.0,
                        3.256000882046772,
                        -4.634363501150815,
                        6.536410327303784,
                        8.907995325877323,
                        -1.6962271588292404,
                        3.889914414689977,
                        4.646783298545901,
                        -1.2833231710948798
                    ],
                    [
                        -0.7541014369999173,
                        0.0,
                        -0.6255413105003133,
                        1.0278187723475016,
                        -1.4987535905069673,
                        -1.6962271588292404,
                        1.5686689772853402,
                        -0.9642836593431496,
                        -0.8802315580782136,
                        -0.7678622943511783
                    ],
                    [
                        1.278718766508935,
                        0.0,
                        1.7898928726456997,
                        -2.239875830933284,
                        2.9652735593083914,
                        3.889914414689977,
                        -0.9642836593431496,
                        3.166812950538619,
                        1.7244029724381016,
                        -0.679487879214175
                    ],
                    [
                        1.167258826054074,
                        0.0,
                        1.2861679888521935,
                        -2.319529943779264,
                        3.5414890435270414,
                        4.646783298545901,
                        -0.8802315580782136,
                        1.7244029724381016,
                        3.765311535572962,
                        -0.33536051002605904
                    ],
                    [
                        -0.0641509572904696,
                        0.0,
                        -0.8725782356575874,
                        0.6459313839982112,
                        -0.6037847795366009,
                        -1.2833231710948798,
                        -0.7678622943511783,
                        -0.679487879214175,
                        -0.33536051002605904,
                        2.341717890931261
                    ]
                ],
                "mui": [
                    0.0,
                    1.0,
                    -0.7623256618020593,
                    0.5196170651404027,
                    -0.4431310930355689,
                    -1.0597354270991535,
                    -0.9870183579500565,
                    -0.5558662457832113,
                    -0.24234703392034265,
                    1.430264565481754
                ],
                "Ai": [
                    [
                        0.0,
                        0.0,
                        0.0,
                        0.0,
                        0.0,
                        0.0,
                        0.0,
                        0.0,
                        0.0,
                        0.0
                    ],
                    [
                        0.0,
                        0.0,
                        0.0,
                        0.0,
                        0.0,
                        0.0,
                        0.0,
                        0.0,
                        0.0,
                        0.0
                    ],
                    [
                        0.8295187885981735,
                        -0.7623256618020593,
                        0.0,
                        0.0,
                        0.0,
                        0.0,
                        0.0,
                        0.0,
                        0.0,
                        0.0
                    ],
                    [
                        -0.7975542061330134,
                        -0.0,
                        -0.681620849430782,
                        0.0,
                        0.0,
                        0.0,
                        0.0,
                        0.0,
                        0.0,
                        0.0
                    ],
                    [
                        0.8251230240621565,
                        0.0,
                        0.0,
                        -0.8528031944367205,
                        0.0,
                        0.0,
                        0.0,
                        0.0,
                        0.0,
                        0.0
                    ],
                    [
                        0.0,
                        0.0,
                        0.9668220742027046,
                        0.0,
                        0.7282317910195362,
                        0.0,
                        0.0,
                        0.0,
                        0.0,
                        0.0
                    ],
                    [
                        -0.7541014369999173,
                        -0.9870183579500565,
                        -0.0,
                        0.0,
                        0.0,
                        -0.0,
                        0.0,
                        0.0,
                        0.0,
                        0.0
                    ],
                    [
                        0.6738571989018475,
                        0.0,
                        0.7291716304934571,
                        -0.0,
                        -0.0,
                        0.0,
                        -0.0,
                        0.0,
                        0.0,
                        0.0
                    ],
                    [
                        -0.0,
                        0.0,
                        -0.8279315180639241,
                        -0.0,
                        0.0,
                        0.8242627867469402,
                        -0.0,
                        -0.0,
                        0.0,
                        0.0
                    ],
                    [
                        -0.0,
                        0.0,
                        -0.8193638112785839,
                        0.0,
                        -0.0,
                        0.0,
                        -0.8162386234288417,
                        -0.0,
                        0.0,
                        0.0
                    ]
                ]
            },
            "est_params": {
                "mui": [
                    0.43437903940065836,
                    1.2631597079891803,
                    -1.2558938744193426,
                    0.7501623810435604,
                    -0.12824838966745486,
                    -1.284169228703497,
                    -2.073616531689407,
                    -0.5474543470149476,
                    0.09549041345905304,
                    2.8912879307832213
                ],
                "Si": [
                    [
                        0.45762903681359807,
                        0.21775511978066509,
                        0.06760804194341197,
                        -0.1803430803421136,
                        0.20436078963003423,
                        0.1189094374646933,
                        -0.44351171351210644,
                        0.29211741392517265,
                        -0.023387707851515456,
                        0.23005524499263574
                    ],
                    [
                        0.21775511978066509,
                        0.6080905331222807,
                        -0.17230280569946713,
                        -0.029255088981127005,
                        0.11411201207394549,
                        -0.03541683772138313,
                        -0.5908153191860074,
                        0.03721891422168054,
                        0.08956338037853334,
                        0.5061533402486581
                    ],
                    [
                        0.06760804194341197,
                        -0.17230280569946713,
                        0.7433492106128299,
                        -0.23119013055185722,
                        -0.06816452533430187,
                        0.47321932692070673,
                        -0.009397739415312896,
                        0.48144873609862077,
                        -0.23984080911127162,
                        -0.5123740908177078
                    ],
                    [
                        -0.1803430803421136,
                        -0.029255088981126998,
                        -0.23119013055185722,
                        0.8443232666650669,
                        -0.38446937038788503,
                        -0.30423451942258595,
                        0.13851140970801898,
                        -0.22225323529901259,
                        -0.001074232661601892,
                        0.07204473558183958
                    ],
                    [
                        0.2043607896300343,
                        0.11411201207394549,
                        -0.06816452533430185,
                        -0.38446937038788503,
                        1.2730411779829884,
                        0.5019126211587039,
                        -0.12340203909674362,
                        -0.03203769271671785,
                        0.2881856397856717,
                        0.12403100675305558
                    ],
                    [
                        0.11890943746469333,
                        -0.035416837721383126,
                        0.47321932692070673,
                        -0.3042345194225859,
                        0.5019126211587039,
                        1.8420857073911416,
                        -0.11716882857643077,
                        0.19785392648367509,
                        0.8623601844276295,
                        -0.19529222321913922
                    ],
                    [
                        -0.44351171351210644,
                        -0.5908153191860075,
                        -0.009397739415312899,
                        0.13851140970801898,
                        -0.12340203909674362,
                        -0.1171688285764308,
                        1.5234776896388105,
                        -0.27866767693147537,
                        -0.013937373716662716,
                        -0.9861066405481173
                    ],
                    [
                        0.29211741392517265,
                        0.037218914221680534,
                        0.48144873609862077,
                        -0.22225323529901253,
                        -0.03203769271671785,
                        0.19785392648367509,
                        -0.2786676769314754,
                        1.6512565576281135,
                        -0.29494974636764626,
                        -0.11947361236025829
                    ],
                    [
                        -0.023387707851515466,
                        0.08956338037853334,
                        -0.23984080911127162,
                        -0.001074232661601896,
                        0.2881856397856717,
                        0.8623601844276295,
                        -0.01393737371666272,
                        -0.29494974636764626,
                        1.852409769786543,
                        0.21326266899489588
                    ],
                    [
                        0.23005524499263574,
                        0.5061533402486581,
                        -0.5123740908177077,
                        0.07204473558183959,
                        0.12403100675305558,
                        -0.19529222321913922,
                        -0.9861066405481173,
                        -0.11947361236025829,
                        0.21326266899489582,
                        2.212865451501378
                    ]
                ]
            },
            "est_tgt": [
                0,
                1,
                2,
                3,
                4,
                5,
                6,
                7,
                8,
                9
            ]
        },
        "2": {
            "intv_type": "do",
            "inode": 2,
            "new_mui": 1.0,
            "true_params": {
                "Si": [
                    [
                        1.0,
                        0.5795168046300403,
                        0.0,
                        -0.7975542061330134,
                        1.5052797987888331,
                        1.096192603857519,
                        -1.3260951619103234,
                        0.6738571989018475,
                        0.9035507704669832,
                        1.0824100894933293
                    ],
                    [
                        0.5795168046300403,
                        1.3358397268486124,
                        0.0,
                        -0.4621960650574524,
                        0.8723349390682545,
                        0.635262035046593,
                        -1.755512788815683,
                        0.39051157068454817,
                        0.5236228553220371,
                        1.43291734215464
                    ],
                    [
                        0.0,
                        0.0,
                        0.0,
                        0.0,
                        0.0,
                        0.0,
                        0.0,
                        0.0,
                        0.0,
                        0.0
                    ],
                    [
                        -0.7975542061330134,
                        -0.4621960650574524,
                        0.0,
                        1.6360927117204613,
                        -2.0533454293678104,
                        -1.495311419610299,
                        1.057632774114218,
                        -0.5374376433171791,
                        -1.2325295577825082,
                        -0.8632807196362162
                    ],
                    [
                        1.5052797987888331,
                        0.8723349390682545,
                        0.0,
                        -2.0533454293678104,
                        3.9931405610832247,
                        2.9079319025903922,
                        -1.9961442584952167,
                        1.0143436287753798,
                        2.3969000536994884,
                        1.6293300417195216
                    ],
                    [
                        1.096192603857519,
                        0.635262035046593,
                        0.0,
                        -1.495311419610299,
                        2.9079319025903922,
                        3.117648457586249,
                        -1.4536557084973356,
                        0.7386772774923502,
                        2.569761605747341,
                        1.1865299344433426
                    ],
                    [
                        -1.3260951619103234,
                        -1.755512788815683,
                        0.0,
                        1.057632774114218,
                        -1.9961442584952167,
                        -1.4536557084973356,
                        3.732733617372393,
                        -0.8935987712821825,
                        -1.1981943052566115,
                        -3.0468013494706025
                    ],
                    [
                        0.6738571989018475,
                        0.39051157068454817,
                        0.0,
                        -0.5374376433171791,
                        1.0143436287753798,
                        0.7386772774923502,
                        -0.8935987712821825,
                        1.454083524511844,
                        0.6088641912524874,
                        0.729389830969073
                    ],
                    [
                        0.9035507704669832,
                        0.5236228553220371,
                        0.0,
                        -1.2325295577825082,
                        2.3969000536994884,
                        2.569761605747341,
                        -1.1981943052566115,
                        0.6088641912524874,
                        3.118158862428595,
                        0.9780124703229339
                    ],
                    [
                        1.0824100894933293,
                        1.43291734215464,
                        0.0,
                        -0.8632807196362162,
                        1.6293300417195216,
                        1.1865299344433426,
                        -3.0468013494706025,
                        0.729389830969073,
                        0.9780124703229339,
                        3.486916939353022
                    ]
                ],
                "mui": [
                    0.0,
                    0.0,
                    1.0,
                    -0.681620849430782,
                    0.5812884377892418,
                    1.3901347943529123,
                    0.0,
                    0.7291716304934571,
                    0.31790486148329206,
                    -0.8193638112785839
                ],
                "Ai": [
                    [
                        0.0,
                        0.0,
                        0.0,
                        0.0,
                        0.0,
                        0.0,
                        0.0,
                        0.0,
                        0.0,
                        0.0
                    ],
                    [
                        0.5795168046300403,
                        0.0,
                        0.0,
                        0.0,
                        0.0,
                        0.0,
                        0.0,
                        0.0,
                        0.0,
                        0.0
                    ],
                    [
                        0.0,
                        0.0,
                        0.0,
                        0.0,
                        0.0,
                        0.0,
                        0.0,
                        0.0,
                        0.0,
                        0.0
                    ],
                    [
                        -0.7975542061330134,
                        -0.0,
                        -0.681620849430782,
                        0.0,
                        0.0,
                        0.0,
                        0.0,
                        0.0,
                        0.0,
                        0.0
                    ],
                    [
                        0.8251230240621565,
                        0.0,
                        0.0,
                        -0.8528031944367205,
                        0.0,
                        0.0,
                        0.0,
                        0.0,
                        0.0,
                        0.0
                    ],
                    [
                        0.0,
                        0.0,
                        0.9668220742027046,
                        0.0,
                        0.7282317910195362,
                        0.0,
                        0.0,
                        0.0,
                        0.0,
                        0.0
                    ],
                    [
                        -0.7541014369999173,
                        -0.9870183579500565,
                        -0.0,
                        0.0,
                        0.0,
                        -0.0,
                        0.0,
                        0.0,
                        0.0,
                        0.0
                    ],
                    [
                        0.6738571989018475,
                        0.0,
                        0.7291716304934571,
                        -0.0,
                        -0.0,
                        0.0,
                        -0.0,
                        0.0,
                        0.0,
                        0.0
                    ],
                    [
                        -0.0,
                        0.0,
                        -0.8279315180639241,
                        -0.0,
                        0.0,
                        0.8242627867469402,
                        -0.0,
                        -0.0,
                        0.0,
                        0.0
                    ],
                    [
                        -0.0,
                        0.0,
                        -0.8193638112785839,
                        0.0,
                        -0.0,
                        0.0,
                        -0.8162386234288417,
                        -0.0,
                        0.0,
                        0.0
                    ]
                ]
            },
            "est_params": {
                "mui": [
                    0.5301205319365658,
                    0.06798653710507574,
                    0.802789883126259,
                    -1.0500542224846294,
                    1.4453358282066031,
                    1.827324468408172,
                    -0.08992603402276338,
                    1.0081464349518732,
                    0.9107680008331535,
                    -0.3890362172247476
                ],
                "Si": [
                    [
                        0.41034412652663255,
                        0.16419072733460255,
                        0.016354806735537325,
                        -0.09389223389326477,
                        0.20339923962380582,
                        0.0203247990491927,
                        -0.2210440902163502,
                        0.23530491320693675,
                        -0.04178520043999394,
                        -0.010353683150032503
                    ],
                    [
                        0.16419072733460252,
                        0.7005163099527452,
                        -0.1717517824029893,
                        0.0017421955321114265,
                        0.10347344008483807,
                        -0.06877508079096614,
                        -0.28878625130463714,
                        -0.010677247323418237,
                        0.0678498236295543,
                        0.043123542447921034
                    ],
                    [
                        0.016354806735537325,
                        -0.1717517824029893,
