{
    "expt_args": {
        "save_dir": "expt_logs_29.04.24-tol",
        "exp_name": "304",
        "num_nodes": 9,
        "obs_noise_mean": 0.0,
        "obs_noise_var": 1.0,
        "max_edge_strength": 1.0,
        "num_parents": 2,
        "new_noise_mean": 1.0,
        "mix_samples": 32768,
        "stage2_samples": 32768,
        "gmm_tol": 5000,
        "intv_targets": [
            0,
            1,
            2,
            3,
            4,
            5,
            6,
            7,
            8
        ]
    },
    "intv_args_dict": {
        "0": {
            "intv_type": "do",
            "inode": 0,
            "new_mui": 1.0,
            "true_params": {
                "Si": [
                    [
                        0.0,
                        0.0,
                        0.0,
                        0.0,
                        0.0,
                        0.0,
                        0.0,
                        0.0,
                        0.0
                    ],
                    [
                        0.0,
                        1.0,
                        -0.5590054682210016,
                        -0.9971570053313368,
                        0.3829380295088214,
                        -0.49946885468272534,
                        -0.7019277756095366,
                        -0.6062682324914014,
                        0.5673473860586831
                    ],
                    [
                        0.0,
                        -0.5590054682210016,
                        1.3124871135009812,
                        1.2964514876370288,
                        -0.8990989490662447,
                        1.1727012929809166,
                        -0.12210705697188096,
                        -0.1054661635818353,
                        -0.3171502911876955
                    ],
                    [
                        0.0,
                        -0.9971570053313368,
                        1.2964514876370288,
                        2.5404952220805574,
                        -0.8881139921751701,
                        1.1583735338806735,
                        0.3197070355641206,
                        0.27613698460387803,
                        -0.5657344204648382
                    ],
                    [
                        0.0,
                        0.3829380295088214,
                        -0.8990989490662447,
                        -0.8881139921751701,
                        1.6159137959501355,
                        -0.8033408398771148,
                        0.08364754630172466,
                        0.07224796027561595,
                        0.21725889006429266
                    ],
                    [
                        0.0,
                        -0.49946885468272534,
                        1.1727012929809166,
                        1.1583735338806735,
                        -0.8033408398771148,
                        2.0478032952954286,
                        -0.6849175799775348,
                        -0.5915762063335943,
                        -0.28337234912196846
                    ],
                    [
                        0.0,
                        -0.7019277756095366,
                        -0.12210705697188096,
                        0.3197070355641206,
                        0.08364754630172466,
                        -0.6849175799775348,
                        2.088964505368396,
                        1.8042779647908913,
                        -0.3982368886940564
                    ],
                    [
                        0.0,
                        -0.6062682324914014,
                        -0.1054661635818353,
                        0.27613698460387803,
                        0.07224796027561595,
                        -0.5915762063335943,
                        1.8042779647908913,
                        2.558388840913243,
                        -0.3439646969544145
                    ],
                    [
                        0.0,
                        0.5673473860586831,
                        -0.3171502911876955,
                        -0.5657344204648382,
                        0.21725889006429266,
                        -0.28337234912196846,
                        -0.3982368886940564,
                        -0.3439646969544145,
                        1.3218830564676205
                    ]
                ],
                "mui": [
                    1.0,
                    -0.9549043983544527,
                    -0.42609497038626476,
                    0.24279575207265958,
                    1.2906502966080398,
                    -0.9289282750427024,
                    1.4797975149491518,
                    2.0710481454453116,
                    0.3765338326334467
                ],
                "Ai": [
                    [
                        0.0,
                        0.0,
                        0.0,
                        0.0,
                        0.0,
                        0.0,
                        0.0,
                        0.0,
                        0.0
                    ],
                    [
                        -0.9549043983544527,
                        0.0,
                        0.0,
                        0.0,
                        0.0,
                        0.0,
                        0.0,
                        0.0,
                        0.0
                    ],
                    [
                        -0.9598917506946895,
                        -0.5590054682210016,
                        0.0,
                        0.0,
                        0.0,
                        0.0,
                        0.0,
                        0.0,
                        0.0
                    ],
                    [
                        0.0,
                        -0.5840322487622575,
                        0.7390352689819331,
                        0.0,
                        0.0,
                        0.0,
                        0.0,
                        0.0,
                        0.0
                    ],
                    [
                        0.9987605430737725,
                        0.0,
                        -0.6850344965810382,
                        -0.0,
                        0.0,
                        0.0,
                        0.0,
                        0.0,
                        0.0
                    ],
                    [
                        -0.5482143483575361,
                        -0.0,
                        0.8934954720071923,
                        -0.0,
                        -0.0,
                        0.0,
                        0.0,
                        0.0,
                        0.0
                    ],
                    [
                        0.0,
                        -0.9895296726515799,
                        0.0,
                        0.0,
                        0.0,
                        -0.5758154774730349,
                        0.0,
                        0.0,
                        0.0
                    ],
                    [
                        0.7929191768996174,
                        -0.0,
                        0.0,
                        -0.0,
                        0.0,
                        -0.0,
                        0.8637188234429578,
                        0.0,
                        0.0
                    ],
                    [
                        0.9182963469757849,
                        0.5673473860586831,
                        -0.0,
                        0.0,
                        0.0,
                        0.0,
                        -0.0,
                        0.0,
                        0.0
                    ]
                ]
            },
            "est_params": {
                "mui": [
                    1.03761173365839,
                    0.026750891699332955,
                    -1.904468143435356,
                    -1.5519408972155417,
                    2.470652956046414,
                    -2.6876960434756154,
                    1.6623273248845087,
                    2.207592281672702,
                    1.0806923736131928
                ],
                "Si": [
                    [
                        0.3681411706761705,
                        -0.14712950705123348,
                        -0.07959963634830398,
                        0.06802800044667631,
                        0.38407496422148185,
                        -0.13426176158396225,
                        0.09097873073036652,
                        0.25925507660397396,
                        0.21332062941046434
                    ],
                    [
                        -0.14712950705123348,
                        1.0008224281997808,
                        -0.32027897354320406,
                        -0.7202904203318601,
                        0.08129784849770567,
                        -0.24762827488240363,
                        -0.48416109580942623,
                        -0.26543069508648076,
                        0.3306576939636294
                    ],
                    [
                        -0.07959963634830398,
                        -0.32027897354320406,
                        0.8036600169395963,
                        0.5943527046598474,
                        -0.5214364082154682,
                        0.5400124624878095,
                        0.06401718229535798,
                        0.03728477461888837,
                        -0.16831752735445715
                    ],
                    [
                        0.06802800044667633,
                        -0.7202904203318601,
                        0.5943527046598474,
                        1.9252176570047939,
                        -0.1894765658722503,
                        0.3589492532178907,
                        0.35858281069253,
                        0.25322284757903407,
                        -0.258361777872257
                    ],
                    [
                        0.38407496422148185,
                        0.08129784849770566,
                        -0.5214364082154681,
                        -0.1894765658722503,
                        1.7950583026096716,
                        -0.3153727971340516,
                        -0.11655971931652213,
                        0.07275033355261461,
                        0.3010985790139932
                    ],
                    [
                        -0.13426176158396225,
                        -0.2476282748824036,
                        0.5400124624878095,
                        0.3589492532178907,
                        -0.3153727971340516,
                        1.2248580535942533,
                        -0.25086649192844407,
                        -0.17992365704881813,
                        -0.1600537933412898
                    ],
                    [
                        0.09097873073036652,
                        -0.48416109580942635,
                        0.06401718229535797,
                        0.35858281069253006,
                        -0.1165597193165221,
                        -0.250866491928444,
                        1.3017444024104712,
                        0.7519099023925615,
                        -0.17422425944821515
                    ],
                    [
                        0.25925507660397396,
                        -0.26543069508648076,
                        0.03728477461888837,
                        0.25322284757903407,
                        0.0727503335526146,
                        -0.17992365704881816,
                        0.7519099023925615,
                        1.7946139966325285,
                        0.06669836648064868
                    ],
                    [
                        0.21332062941046437,
                        0.3306576939636294,
                        -0.16831752735445718,
                        -0.258361777872257,
                        0.3010985790139931,
                        -0.16005379334128986,
                        -0.17422425944821515,
                        0.06669836648064865,
                        1.1609455521163656
                    ]
                ]
            },
            "est_tgt": [
                0,
                1,
                2,
                4,
                5,
                6,
                7,
                8
            ]
        },
        "1": {
            "intv_type": "do",
            "inode": 1,
            "new_mui": 1.0,
            "true_params": {
                "Si": [
                    [
                        1.0,
                        0.0,
                        -0.9598917506946895,
                        -0.7093938581681885,
                        1.6563195052832005,
                        -1.4058732812202979,
                        0.8095235946924481,
                        1.4921199436566925,
                        0.9182963469757849
                    ],
                    [
                        0.0,
                        0.0,
                        0.0,
                        0.0,
                        0.0,
                        0.0,
                        0.0,
                        0.0,
                        0.0
                    ],
                    [
                        -0.9598917506946895,
                        0.0,
                        1.9213921730517158,
                        1.4199765814310557,
                        -2.2749219262170914,
                        2.2429816371726314,
                        -1.2915435423718082,
                        -1.8766470457162943,
                        -0.8814650881551241
                    ],
                    [
                        -0.7093938581681885,
                        0.0,
                        1.4199765814310557,
                        2.049412774805946,
                        -1.6812475376547455,
                        1.6576425375494122,
                        -0.954496229238628,
                        -1.3869083542150913,
                        -0.6514337885229056
                    ],
                    [
                        1.6563195052832005,
                        0.0,
                        -2.2749219262170914,
                        -1.6812475376547455,
                        4.2126665650876225,
                        -2.9406505585055576,
                        1.6932721054272244,
                        2.775838489480319,
                        1.5209921511263023
                    ],
                    [
                        -1.4058732812202979,
                        0.0,
                        2.2429816371726314,
                        1.6576425375494122,
                        -2.9406505585055576,
                        3.774813841346482,
                        -2.1735962344267454,
                        -2.992119867209475,
                        -1.2910082984554598
                    ],
                    [
                        0.8095235946924481,
                        0.0,
                        -1.2915435423718082,
                        -0.954496229238628,
                        1.6932721054272244,
                        -2.1735962344267454,
                        2.251590353560027,
                        2.5866277534367352,
                        0.7433825597967809
                    ],
                    [
                        1.4921199436566925,
                        0.0,
                        -1.8766470457162943,
                        -1.3869083542150913,
                        2.775838489480319,
                        -2.992119867209475,
                        2.5866277534367352,
                        4.417249597443046,
                        1.3702082935096547
                    ],
                    [
                        0.9182963469757849,
                        0.0,
                        -0.8814650881551241,
                        -0.6514337885229056,
                        1.5209921511263023,
                        -1.2910082984554598,
                        0.7433825597967809,
                        1.3702082935096547,
                        1.843268180869071
                    ]
                ],
                "mui": [
                    0.0,
                    1.0,
                    -0.5590054682210016,
                    -0.9971570053313368,
                    0.3829380295088214,
                    -0.49946885468272534,
                    -0.7019277756095366,
                    -0.6062682324914014,
                    0.5673473860586831
                ],
                "Ai": [
                    [
                        0.0,
                        0.0,
                        0.0,
                        0.0,
                        0.0,
                        0.0,
                        0.0,
                        0.0,
                        0.0
                    ],
                    [
                        0.0,
                        0.0,
                        0.0,
                        0.0,
                        0.0,
                        0.0,
                        0.0,
                        0.0,
                        0.0
                    ],
                    [
                        -0.9598917506946895,
                        -0.5590054682210016,
                        0.0,
                        0.0,
                        0.0,
                        0.0,
                        0.0,
                        0.0,
                        0.0
                    ],
                    [
                        0.0,
                        -0.5840322487622575,
                        0.7390352689819331,
                        0.0,
                        0.0,
                        0.0,
                        0.0,
                        0.0,
                        0.0
                    ],
                    [
                        0.9987605430737725,
                        0.0,
                        -0.6850344965810382,
                        -0.0,
                        0.0,
                        0.0,
                        0.0,
                        0.0,
                        0.0
                    ],
                    [
                        -0.5482143483575361,
                        -0.0,
                        0.8934954720071923,
                        -0.0,
                        -0.0,
                        0.0,
                        0.0,
                        0.0,
                        0.0
                    ],
                    [
                        0.0,
                        -0.9895296726515799,
                        0.0,
                        0.0,
                        0.0,
                        -0.5758154774730349,
                        0.0,
                        0.0,
                        0.0
                    ],
                    [
                        0.7929191768996174,
                        -0.0,
                        0.0,
                        -0.0,
                        0.0,
                        -0.0,
                        0.8637188234429578,
                        0.0,
                        0.0
                    ],
                    [
                        0.9182963469757849,
                        0.5673473860586831,
                        -0.0,
                        0.0,
                        0.0,
                        0.0,
                        -0.0,
                        0.0,
                        0.0
                    ]
                ]
            },
            "est_params": {
                "mui": [
                    0.22409236284002274,
                    0.8253249536954085,
                    -1.1776487560936995,
                    -1.3716501607276474,
                    1.1389455326146247,
                    -1.0690992228586869,
                    -0.0843526289142853,
                    0.17325120221718854,
                    0.8091745120534547
                ],
                "Si": [
                    [
                        0.463126092229683,
                        -0.20914551686816865,
                        -0.04790334823185116,
                        0.08586458408568,
                        0.38734417188791537,
                        0.014911825733706151,
                        -0.11854648008996295,
                        0.08840076643257049,
                        0.2494632814030189
                    ],
                    [
                        -0.20914551686816865,
                        0.5149370399085982,
                        -0.05038163072696235,
                        -0.17270904950256927,
                        -0.1452752316122511,
                        -0.16392334717101836,
                        -0.07138874373837356,
                        -0.08974072279895204,
                        0.07837113716591629
                    ],
                    [
                        -0.04790334823185116,
                        -0.050381630726962334,
                        0.5923053247787766,
                        0.2598268326006938,
                        -0.323391227573432,
                        0.21637754083647973,
                        0.007840083933212245,
                        0.036643013575936446,
                        -0.014217121967473267
                    ],
                    [
                        0.08586458408568,
                        -0.17270904950256927,
                        0.2598268326006938,
                        1.459593665540486,
                        0.016481512095109733,
                        -0.02406105583691546,
                        -0.02594385980833847,
                        -0.043094829274328776,
                        0.01063693879811828
                    ],
                    [
                        0.38734417188791537,
                        -0.14527523161225106,
                        -0.323391227573432,
                        0.016481512095109736,
                        1.3492146897504924,
                        0.051732746913507766,
                        -0.23798842409929558,
                        -0.09622368526392626,
                        0.17197742101827646
                    ],
                    [
                        0.01491182573370615,
                        -0.16392334717101836,
                        0.2163775408364797,
                        -0.02406105583691544,
                        0.05173274691350779,
                        1.276350620223992,
                        -0.2636647685651484,
                        -0.07791734264622106,
                        -0.011892915463956393
                    ],
                    [
                        -0.11854648008996299,
                        -0.07138874373837356,
                        0.007840083933212245,
                        -0.02594385980833847,
                        -0.23798842409929558,
                        -0.2636647685651484,
                        0.9774705375269948,
                        0.43438616203182934,
                        -0.15031849085159182
                    ],
                    [
                        0.08840076643257049,
                        -0.08974072279895205,
                        0.036643013575936446,
                        -0.04309482927432878,
                        -0.09622368526392629,
                        -0.07791734264622109,
                        0.43438616203182934,
                        1.2163688585517092,
                        -0.001627357336254484
                    ],
                    [
                        0.24946328140301888,
                        0.07837113716591629,
                        -0.014217121967473278,
                        0.010636938798118297,
                        0.17197742101827646,
                        -0.011892915463956398,
                        -0.15031849085159177,
                        -0.0016273573362544974,
                        1.1355922256320754
                    ]
                ]
            },
            "est_tgt": [
                0,
                1,
                2,
                3,
                4,
                5,
                6,
                7,
                8
            ]
        },
        "2": {
            "intv_type": "do",
            "inode": 2,
            "new_mui": 1.0,
            "true_params": {
                "Si": [
                    [
                        1.0,
                        -0.9549043983544527,
                        0.0,
                        0.5576949631239215,
                        0.9987605430737725,
                        -0.5482143483575361,
                        1.2605765434742988,
                        1.8817028658890296,
                        0.3765338326334467
                    ],
                    [
                        -0.9549043983544527,
                        1.9118424099966793,
                        0.0,
                        -1.1165776219894146,
                        -0.9537208354840272,
                        0.5234922924876314,
                        -2.193259758477641,
                        -2.6515217476581308,
                        0.20779357314774544
                    ],
                    [
                        0.0,
                        0.0,
                        0.0,
                        0.0,
                        0.0,
                        0.0,
                        0.0,
                        0.0,
                        0.0
                    ],
                    [
                        0.5576949631239215,
                        -1.1165776219894146,
                        0.0,
                        1.6521173394880915,
                        0.5570037242391553,
                        -0.3057363807912608,
                        1.2809344288634623,
                        1.5485742089268093,
                        -0.1213581478038224
                    ],
                    [
                        0.9987605430737725,
                        -0.9537208354840272,
                        0.0,
                        0.5570037242391553,
                        1.997522622401017,
                        -0.5475348602864071,
                        1.2590141131464496,
                        1.8793705762388013,
                        0.3760671351666302
                    ],
                    [
                        -0.5482143483575361,
                        0.5234922924876314,
                        0.0,
                        -0.3057363807912608,
                        -0.5475348602864071,
                        1.300538971745078,
                        -1.2668816258085929,
                        -1.528919177149117,
                        -0.20642124969171055
                    ],
                    [
                        1.2605765434742988,
                        -2.193259758477641,
                        0.0,
                        1.2809344288634623,
                        1.2590141131464496,
                        -1.2668816258085929,
                        3.8997856591130526,
                        4.367853596439451,
                        -0.08675735596417777
                    ],
                    [
                        1.8817028658890296,
                        -2.6515217476581308,
                        0.0,
                        1.5485742089268093,
                        1.8793705762388013,
                        -1.528919177149117,
                        4.367853596439451,
                        6.2646356568781565,
                        0.22362693522816943
                    ],
                    [
                        0.3765338326334467,
                        0.20779357314774544,
                        0.0,
                        -0.12135814780382242,
                        0.3760671351666302,
                        -0.20642124969171055,
                        -0.08675735596417777,
                        0.22362693522816945,
                        1.4636607835852529
                    ]
                ],
                "mui": [
                    0.0,
                    0.0,
                    1.0,
                    0.7390352689819331,
                    -0.6850344965810382,
                    0.8934954720071923,
                    -0.5144885218338161,
                    -0.4443734207532102,
                    0.0
                ],
                "Ai": [
                    [
                        0.0,
                        0.0,
                        0.0,
                        0.0,
                        0.0,
                        0.0,
                        0.0,
                        0.0,
                        0.0
                    ],
                    [
                        -0.9549043983544527,
                        0.0,
                        0.0,
                        0.0,
                        0.0,
                        0.0,
                        0.0,
                        0.0,
                        0.0
                    ],
                    [
                        0.0,
                        0.0,
                        0.0,
                        0.0,
                        0.0,
                        0.0,
                        0.0,
                        0.0,
                        0.0
                    ],
                    [
                        0.0,
                        -0.5840322487622575,
                        0.7390352689819331,
                        0.0,
                        0.0,
                        0.0,
                        0.0,
                        0.0,
                        0.0
                    ],
                    [
                        0.9987605430737725,
                        0.0,
                        -0.6850344965810382,
                        -0.0,
                        0.0,
                        0.0,
                        0.0,
                        0.0,
                        0.0
                    ],
                    [
                        -0.5482143483575361,
                        -0.0,
                        0.8934954720071923,
                        -0.0,
                        -0.0,
                        0.0,
                        0.0,
                        0.0,
                        0.0
                    ],
                    [
                        0.0,
                        -0.9895296726515799,
                        0.0,
                        0.0,
                        0.0,
                        -0.5758154774730349,
                        0.0,
                        0.0,
                        0.0
                    ],
                    [
                        0.7929191768996174,
                        -0.0,
                        0.0,
                        -0.0,
                        0.0,
                        -0.0,
                        0.8637188234429578,
                        0.0,
                        0.0
                    ],
                    [
                        0.9182963469757849,
                        0.5673473860586831,
                        -0.0,
                        0.0,
                        0.0,
                        0.0,
                        -0.0,
                        0.0,
                        0.0
                    ]
                ]
            },
            "est_params": {
                "mui": [
                    -0.45133422075877877,
                    0.5722623744613239,
                    0.5905211406126598,
                    0.5637737104627005,
                    -0.3522349798997615,
                    1.0209852053870474,
                    -1.453057965398157,
                    -1.870797229051527,
                    -0.0008193774394969278
                ],
                "Si": [
                    [
                        0.40038048640526713,
                        -0.17953859702847838,
                        -0.0207832293134881,
                        0.03028974133027539,
                        0.1716498854052592,
                        -0.04199553696491918,
                        -0.0014011496128245487,
                        0.19198630556823895,
                        0.23877566127316474
                    ],
                    [
                        -0.17953859702847838,
                        0.6443941346015933,
                        -0.16364995601427818,
                        -0.2249628079041549,
                        -0.14007667179308664,
                        -0.22308458487138683,
                        -0.23990122348051657,
                        -0.18096880115276062,
                        0.1289832152685496
                    ],
                    [
                        -0.020783229313488093,
                        -0.16364995601427818,
                        0.6522507235502452,
                        0.21270571403399888,
                        -0.1374380434721757,
                        0.39616450109664353,
                        -0.02471743015238831,
                        0.014617320925098553,
                        -0.06849517945131653
                    ],
                    [
                        0.030289741330275385,
                        -0.22496280790415493,
                        0.21270571403399888,
                        0.9183016546322887,
                        0.044692554100367904,
                        0.13406196413235213,
                        0.02978041581003457,
                        0.019178023674900412,
                        -0.056971080163923535
                    ],
                    [
                        0.1716498854052592,
                        -0.14007667179308664,
                        -0.13743804347217572,
                        0.044692554100367904,
                        1.334091197432484,
                        0.0012996593547044879,
                        0.031817868587142216,
                        0.10300745894793624,
                        -0.07504128692557371
                    ],
                    [
                        -0.04199553696491917,
                        -0.2230845848713868,
                        0.3961645010966435,
                        0.13406196413235216,
                        0.0012996593547044827,
                        0.9812212120413547,
                        -0.1651869139871821,
                        -0.04760897233204054,
                        -0.11471797989407663
                    ],
                    [
                        -0.0014011496128245489,
                        -0.2399012234805166,
                        -0.024717430152388312,
                        0.02978041581003456,
                        0.03181786858714224,
                        -0.16518691398718208,
                        0.7522482803295091,
                        0.3461284204710621,
                        -0.08171975627576575
                    ],
                    [
                        0.19198630556823895,
                        -0.18096880115276062,
                        0.014617320925098555,
                        0.019178023674900412,
                        0.10300745894793624,
                        -0.04760897233204053,
                        0.3461284204710621,
                        0.8735621174381556,
                        0.1147172341158266
                    ],
                    [
                        0.23877566127316477,
                        0.1289832152685496,
                        -0.06849517945131653,
                        -0.05697108016392355,
                        -0.07504128692557376,
                        -0.11471797989407663,
                        -0.08171975627576572,
                        0.11471723411582659,
                        1.3068323229708652
                    ]
                ]
            },
            "est_tgt": [
                0,
                1,
                2,
                3,
                4,
                5,
                6,
                7,
                8
            ]
        },
        "3": {
            "intv_type": "do",
            "inode": 3,
            "new_mui": 1.0,
            "true_params": {
                "Si": [
                    [
                        1.0,
                        -0.9549043983544527,
                        -0.42609497038626476,
                        0.0,
                        1.2906502966080398,
                        -0.9289282750427024,
                        1.4797975149491518,
                        2.0710481454453116,
                        0.3765338326334467
                    ],
                    [
                        -0.9549043983544527,
                        1.9118424099966793,
                        -0.15212550688244708,
                        0.0,
                        -0.8495096154596748,
                        0.38756884091136595,
                        -2.1149929313084703,
                        -2.5839212157809617,
                        0.20779357314774544
                    ],
                    [
                        -0.42609497038626476,
                        -0.15212550688244708,
                        1.494044037289453,
                        0.0,
                        -1.4490385489784712,
                        1.5685129588262008,
                        -0.752641335281808,
                        -0.9879293617838838,
                        -0.47758946345307074
                    ],
                    [
                        0.0,
                        0.0,
                        0.0,
                        0.0,
                        0.0,
                        0.0,
                        0.0,
                        0.0,
                        0.0
                    ],
                    [
                        1.2906502966080398,
                        -0.8495096154596748,
                        -1.4490385489784712,
                        0.0,
                        3.2816919840845564,
                        -2.0022623935885733,
                        1.9935486478906874,
                        2.745246863484138,
                        0.7032323928356126
                    ],
                    [
                        -0.9289282750427024,
                        0.38756884091136595,
                        1.5685129588262008,
                        0.0,
                        -2.0022623935885733,
                        2.910711035469239,
                        -2.059543332951728,
                        -2.5154313876124954,
                        -0.6331452727653737
                    ],
                    [
                        1.4797975149491518,
                        -2.1149929313084703,
                        -0.752641335281808,
                        0.0,
                        1.9935486478906874,
                        -2.059543332951728,
                        4.278765190618081,
                        4.869009863760913,
                        0.15895694113119782
                    ],
                    [
                        2.0710481454453116,
                        -2.5839212157809617,
                        -0.9879293617838838,
                        0.0,
                        2.745246863484138,
