{
    "expt_args": {
        "save_dir": "expt_logs_29.04.24-tol",
        "exp_name": "305",
        "num_nodes": 9,
        "obs_noise_mean": 0.0,
        "obs_noise_var": 1.0,
        "max_edge_strength": 1.0,
        "num_parents": 2,
        "new_noise_mean": 1.0,
        "mix_samples": 32768,
        "stage2_samples": 32768,
        "gmm_tol": 1000,
        "intv_targets": [
            0,
            1,
            2,
            3,
            4,
            5,
            6,
            7,
            8
        ]
    },
    "intv_args_dict": {
        "0": {
            "intv_type": "do",
            "inode": 0,
            "new_mui": 1.0,
            "true_params": {
                "Si": [
                    [
                        0.0,
                        0.0,
                        0.0,
                        0.0,
                        0.0,
                        0.0,
                        0.0,
                        0.0,
                        0.0
                    ],
                    [
                        0.0,
                        1.0,
                        0.5112187486215414,
                        -0.49209880562151653,
                        0.3496060804608025,
                        -0.1170338246223409,
                        0.011571860553228619,
                        0.35584940107078367,
                        -0.18196514151571763
                    ],
                    [
                        0.0,
                        0.5112187486215414,
                        1.2613446089421747,
                        -1.214169427884375,
                        0.8625930602734861,
                        -0.28876089570133834,
                        0.02855158181033591,
                        0.8779973834023453,
                        -0.4489677870483698
                    ],
                    [
                        0.0,
                        -0.49209880562151653,
                        -1.214169427884375,
                        2.1687586319851264,
                        -1.540770260224952,
                        1.1306681129448952,
                        0.6483450405660208,
                        -0.8840197194977047,
                        0.45204733484738185
                    ],
                    [
                        0.0,
                        0.3496060804608025,
                        0.8625930602734861,
                        -1.540770260224952,
                        2.0946229607029627,
                        -0.8032704870507272,
                        -1.4118930701279584,
                        -0.30273151918719376,
                        0.15480308120346775
                    ],
                    [
                        0.0,
                        -0.1170338246223409,
                        -0.28876089570133834,
                        1.1306681129448952,
                        -0.8032704870507272,
                        1.793215686354099,
                        0.5697476365385554,
                        -0.23413707597812378,
                        0.11972701383291326
                    ],
                    [
                        0.0,
                        0.011571860553228619,
                        0.02855158181033591,
                        0.6483450405660208,
                        -1.4118930701279584,
                        0.5697476365385554,
                        2.362331313333601,
                        1.857480410472252,
                        -0.9498307001141308
                    ],
                    [
                        0.0,
                        0.35584940107078367,
                        0.8779973834023453,
                        -0.8840197194977047,
                        -0.30273151918719376,
                        -0.23413707597812378,
                        1.857480410472252,
                        3.436349905362591,
                        -1.757192494761137
                    ],
                    [
                        0.0,
                        -0.18196514151571763,
                        -0.4489677870483698,
                        0.45204733484738185,
                        0.15480308120346775,
                        0.11972701383291326,
                        -0.9498307001141308,
                        -1.7571924947611373,
                        1.8985480375052386
                    ]
                ],
                "mui": [
                    1.0,
                    0.7267315799913715,
                    -0.23396880541178278,
                    -0.6414059970973706,
                    0.9727600860235464,
                    -0.6854138783263581,
                    -1.0828757421131714,
                    -0.6104687325988136,
                    0.9934148388951608
                ],
                "Ai": [
                    [
                        0.0,
                        0.0,
                        0.0,
                        0.0,
                        0.0,
                        0.0,
                        0.0,
                        0.0,
                        0.0
                    ],
                    [
                        0.7267315799913715,
                        0.0,
                        0.0,
                        0.0,
                        0.0,
                        0.0,
                        0.0,
                        0.0,
                        0.0
                    ],
                    [
                        -0.6054876143187273,
                        0.5112187486215414,
                        0.0,
                        0.0,
                        0.0,
                        0.0,
                        0.0,
                        0.0,
                        0.0
                    ],
                    [
                        -0.8666242036015046,
                        0.0,
                        -0.9625992922763882,
                        0.0,
                        0.0,
                        0.0,
                        0.0,
                        0.0,
                        0.0
                    ],
                    [
                        0.5170803849804761,
                        -0.0,
                        -0.0,
                        -0.7104387908831704,
                        0.0,
                        0.0,
                        0.0,
                        0.0,
                        0.0
                    ],
                    [
                        0.0,
                        -0.0,
                        0.5918842205346919,
                        0.8527070791056909,
                        0.0,
                        0.0,
                        0.0,
                        0.0,
                        0.0
                    ],
                    [
                        -0.0,
                        0.0,
                        0.6731881283385579,
                        0.0,
                        -0.9512836034331346,
                        -0.0,
                        0.0,
                        0.0,
                        0.0
                    ],
                    [
                        -0.0,
                        0.0,
                        -0.0,
                        -0.7001176025800586,
                        0.0,
                        -0.0,
                        0.978439464808295,
                        0.0,
                        0.0
                    ],
                    [
                        0.6812489929389731,
                        0.0,
                        -0.0,
                        -0.0,
                        -0.0,
                        0.0,
                        -0.0,
                        -0.5113543565569247,
                        0.0
                    ]
                ]
            },
            "est_params": {
                "mui": [
                    1.0673699838437651,
                    0.9878635274456031,
                    0.4693732260404095,
                    -2.093865684391389,
                    2.7325848890451008,
                    -1.3575557802508205,
                    -2.737534651412553,
                    -1.179038267220654,
                    1.379663873315215
                ],
                "Si": [
                    [
                        0.44832916560981445,
                        0.22902660252482177,
                        -0.13755767003129304,
                        -0.12685795009379988,
                        0.17802471214522061,
                        -0.11792878596640771,
                        -0.15531202524297658,
                        0.070935578134747,
                        0.21544842368090375
                    ],
                    [
                        0.2290266025248218,
                        0.9859817222339343,
                        0.10693375521941738,
                        -0.20450827186266557,
                        0.1961105962365678,
                        0.03060645179147772,
                        -0.05086630739166553,
                        0.1662266522911203,
                        0.08884699962185358
                    ],
                    [
                        -0.13755767003129304,
                        0.10693375521941735,
                        0.7933004722162502,
                        -0.49892560597818864,
                        0.3053361864526292,
                        0.09013497201195417,
                        0.18468158306797572,
                        0.35418054667269055,
                        -0.15558063578853437
                    ],
                    [
                        -0.12685795009379988,
                        -0.20450827186266557,
                        -0.49892560597818864,
                        1.0942501836811562,
                        -0.5953455314083985,
                        0.4367284865423239,
                        0.17841760747191165,
                        -0.5224294120035509,
                        0.13340780631307386
                    ],
                    [
                        0.17802471214522061,
                        0.1961105962365678,
                        0.3053361864526292,
                        -0.5953455314083985,
                        1.1006650021498565,
                        -0.17103981502960316,
                        -0.6129561585592467,
                        0.010413398658977209,
                        0.05525820973611466
                    ],
                    [
                        -0.11792878596640771,
                        0.03060645179147772,
                        0.0901349720119542,
                        0.4367284865423239,
                        -0.17103981502960316,
                        1.94719320841212,
                        0.14365480540378242,
                        -0.2341958285871217,
                        0.04051105202757199
                    ],
                    [
                        -0.15531202524297658,
                        -0.05086630739166553,
                        0.18468158306797572,
                        0.1784176074719117,
                        -0.6129561585592467,
                        0.14365480540378245,
                        1.2135110955794197,
                        0.6630064607260218,
                        -0.2614190532820823
                    ],
                    [
                        0.070935578134747,
                        0.16622665229112027,
                        0.35418054667269055,
                        -0.522429412003551,
                        0.010413398658977205,
                        -0.2341958285871217,
                        0.6630064607260219,
                        2.195877231521713,
                        -0.8006358312499705
                    ],
                    [
                        0.2154484236809038,
                        0.0888469996218536,
                        -0.15558063578853437,
                        0.1334078063130739,
                        0.05525820973611466,
                        0.04051105202757197,
                        -0.26141905328208237,
                        -0.8006358312499704,
                        1.3331236042269232
                    ]
                ]
            },
            "est_tgt": [
                0,
                1,
                2,
                3,
                4,
                5,
                6,
                7,
                8
            ]
        },
        "1": {
            "intv_type": "do",
            "inode": 1,
            "new_mui": 1.0,
            "true_params": {
                "Si": [
                    [
                        1.0,
                        0.0,
                        -0.6054876143187273,
                        -0.283782254576179,
                        0.7186903067956768,
                        -0.6003617020461313,
                        -1.0912853786164591,
                        -0.8690757300779675,
                        1.1256546536922318
                    ],
                    [
                        0.0,
                        0.0,
                        0.0,
                        0.0,
                        0.0,
                        0.0,
                        0.0,
                        0.0,
                        0.0
                    ],
                    [
                        -0.6054876143187273,
                        0.0,
                        1.3666152510933838,
                        -0.7907726519670678,
                        0.24870979801412418,
                        0.13458056436873037,
                        0.6833956101784804,
                        1.2222950883564292,
                        -1.0375137459208457
                    ],
                    [
                        -0.283782254576179,
                        0.0,
                        -0.7907726519670678,
                        2.0071297655033424,
                        -1.5726810811966943,
                        1.2434479049987663,
                        0.9637269644528812,
                        -0.4622783841706757,
                        0.04306169054379747
                    ],
                    [
                        0.7186903067956768,
                        0.0,
                        0.24870979801412418,
                        -1.5726810811966943,
                        2.4889143062898618,
                        -1.1938288861750823,
                        -2.200234886499111,
                        -1.0517349366082855,
                        1.0274162895173244
                    ],
                    [
                        -0.6003617020461313,
                        0.0,
                        0.13458056436873037,
                        1.2434479049987663,
                        -1.1938288861750823,
                        2.1399529435320934,
                        1.2262678829613303,
                        0.32926912493535204,
                        -0.5773690064334334
                    ],
                    [
                        -1.0912853786164591,
                        0.0,
                        0.6833956101784804,
                        0.9637269644528812,
                        -2.200234886499111,
                        1.2262678829613303,
                        3.553101182959006,
                        2.801772207969621,
                        -2.1761354898168688
                    ],
                    [
                        -0.8690757300779675,
                        0.0,
                        1.2222950883564292,
                        -0.4622783841706757,
                        -1.0517349366082855,
                        0.32926912493535204,
                        2.801772207969621,
                        4.065013733730708,
                        -2.6707194481102468
                    ],
                    [
                        1.1256546536922318,
                        0.0,
                        -1.0375137459208457,
                        0.04306169054379744,
                        1.0274162895173244,
                        -0.5773690064334334,
                        -2.1761354898168688,
                        -2.6707194481102468,
                        3.132535124157382
                    ]
                ],
                "mui": [
                    0.0,
                    1.0,
                    0.5112187486215414,
                    -0.49209880562151653,
                    0.3496060804608025,
                    -0.1170338246223409,
                    0.011571860553228619,
                    0.35584940107078367,
                    -0.18196514151571763
                ],
                "Ai": [
                    [
                        0.0,
                        0.0,
                        0.0,
                        0.0,
                        0.0,
                        0.0,
                        0.0,
                        0.0,
                        0.0
                    ],
                    [
                        0.0,
                        0.0,
                        0.0,
                        0.0,
                        0.0,
                        0.0,
                        0.0,
                        0.0,
                        0.0
                    ],
                    [
                        -0.6054876143187273,
                        0.5112187486215414,
                        0.0,
                        0.0,
                        0.0,
                        0.0,
                        0.0,
                        0.0,
                        0.0
                    ],
                    [
                        -0.8666242036015046,
                        0.0,
                        -0.9625992922763882,
                        0.0,
                        0.0,
                        0.0,
                        0.0,
                        0.0,
                        0.0
                    ],
                    [
                        0.5170803849804761,
                        -0.0,
                        -0.0,
                        -0.7104387908831704,
                        0.0,
                        0.0,
                        0.0,
                        0.0,
                        0.0
                    ],
                    [
                        0.0,
                        -0.0,
                        0.5918842205346919,
                        0.8527070791056909,
                        0.0,
                        0.0,
                        0.0,
                        0.0,
                        0.0
                    ],
                    [
                        -0.0,
                        0.0,
                        0.6731881283385579,
                        0.0,
                        -0.9512836034331346,
                        -0.0,
                        0.0,
                        0.0,
                        0.0
                    ],
                    [
                        -0.0,
                        0.0,
                        -0.0,
                        -0.7001176025800586,
                        0.0,
                        -0.0,
                        0.978439464808295,
                        0.0,
                        0.0
                    ],
                    [
                        0.6812489929389731,
                        0.0,
                        -0.0,
                        -0.0,
                        -0.0,
                        0.0,
                        -0.0,
                        -0.5113543565569247,
                        0.0
                    ]
                ]
            },
            "est_params": {
                "mui": [
                    0.536416199938112,
                    0.5653736175186256,
                    0.05125808026295226,
                    -0.5206547461669894,
                    0.9584153222813374,
                    -0.23593961390749876,
                    -1.0143199057068766,
                    -0.4467809405725391,
                    0.7640022313212376
                ],
                "Si": [
                    [
                        0.5103648410420338,
                        0.24637929436374492,
                        -0.23474877788521162,
                        0.015256987110826488,
                        0.01710225415509648,
                        -0.022381529841049463,
                        -0.0287113385695093,
                        0.09800563096720756,
                        0.20193847950405114
                    ],
                    [
                        0.24637929436374492,
                        0.9363715233517793,
                        0.05604208933968704,
                        0.00872588923223205,
                        -0.012315857545740086,
                        0.12618008118643884,
                        0.07776097548567397,
                        0.03328519760202752,
                        0.07358454635098922
                    ],
                    [
                        -0.23474877788521162,
                        0.056042089339687025,
                        0.7982033208358016,
                        -0.30787031672421467,
                        0.13947763176922082,
                        0.24793087901276653,
                        0.19272185581981774,
                        -0.016620956083568103,
                        -0.09134272679348793
                    ],
                    [
                        0.015256987110826488,
                        0.00872588923223206,
                        -0.3078703167242147,
                        0.7222345486026933,
                        -0.21132515991928735,
                        0.08225845440923558,
                        0.05151346969168681,
                        -0.09859173420327934,
                        0.040517922254355965
                    ],
                    [
                        0.01710225415509648,
                        -0.012315857545740088,
                        0.13947763176922082,
                        -0.21132515991928735,
                        0.4989065428310567,
                        0.06120285107374804,
                        -0.2087661310336368,
                        -0.03501575588040656,
                        -0.022728458919901776
                    ],
                    [
                        -0.022381529841049463,
                        0.12618008118643884,
                        0.24793087901276653,
                        0.08225845440923556,
                        0.06120285107374804,
                        1.178232098961904,
                        0.01786504869505526,
                        0.004968190139189348,
                        -0.04051252756950767
                    ],
                    [
                        -0.028711338569509307,
                        0.07776097548567397,
                        0.1927218558198177,
                        0.051513469691686804,
                        -0.2087661310336368,
                        0.01786504869505526,
                        0.8611172746183081,
                        0.21032263522263706,
                        0.050778295548536044
                    ],
                    [
                        0.09800563096720756,
                        0.03328519760202752,
                        -0.016620956083568093,
                        -0.09859173420327934,
                        -0.03501575588040656,
                        0.00496819013918935,
                        0.21032263522263706,
                        1.138428614854499,
                        -0.23354864335478337
                    ],
                    [
                        0.20193847950405114,
                        0.07358454635098922,
                        -0.09134272679348791,
                        0.04051792225435598,
                        -0.02272845891990179,
                        -0.04051252756950767,
                        0.05077829554853602,
                        -0.23354864335478337,
                        0.9436255111320897
                    ]
                ]
            },
            "est_tgt": [
                0,
                1,
                2,
                3,
                4,
                5,
                6,
                7,
                8
            ]
        },
        "2": {
            "intv_type": "do",
            "inode": 2,
            "new_mui": 1.0,
            "true_params": {
                "Si": [
                    [
                        1.0,
                        0.7267315799913715,
                        0.0,
                        -0.8666242036015046,
                        1.1327638363372197,
                        -0.7389765933353345,
                        -1.0775796640696118,
                        -0.44760761003723537,
                        0.9101350943595465
                    ],
                    [
                        0.7267315799913715,
                        1.5281387893567553,
                        0.0,
                        -0.6298031767420854,
                        0.823215252538435,
                        -0.5370376272512288,
                        -0.7831111718358803,
                        -0.32529058565852176,
                        0.6614239151295093
                    ],
                    [
                        0.0,
                        0.0,
                        0.0,
                        0.0,
                        0.0,
                        0.0,
                        0.0,
                        0.0,
                        0.0
                    ],
                    [
                        -0.8666242036015046,
                        -0.6298031767420854,
                        0.0,
                        1.751037510267942,
                        -1.6921193484174986,
                        1.493122080785078,
                        1.6096853912015257,
                        0.3490475289604055,
                        -0.7688738405393973
                    ],
                    [
                        1.1327638363372197,
                        0.823215252538435,
                        0.0,
                        -1.6921193484174986,
                        2.7878771845049566,
                        -1.4428821470873099,
                        -2.652061854004897,
                        -1.4101994395776558,
                        1.4928058497845869
                    ],
                    [
                        -0.7389765933353345,
                        -0.5370376272512288,
                        0.0,
                        1.493122080785078,
                        -1.4428821470873099,
                        2.273195768254455,
                        1.3725901282105544,
                        0.2976352988888864,
                        -0.6556241667671242
                    ],
                    [
                        -1.0775796640696118,
                        -0.7831111718358803,
                        0.0,
                        1.6096853912015257,
                        -2.652061854004897,
                        1.3725901282105544,
                        3.5228629570053376,
                        2.3199390692491146,
                        -1.9204110109660917
                    ],
                    [
                        -0.44760761003723537,
                        -0.32529058565852176,
                        0.0,
                        0.3490475289604055,
                        -1.4101994395776558,
                        0.2976352988888864,
                        2.3199390692491146,
                        3.025545622141705,
                        -1.8520581684135793
                    ],
                    [
                        0.9101350943595465,
                        0.6614239151295093,
                        0.0,
                        -0.7688738405393973,
                        1.4928058497845869,
                        -0.6556241667671242,
                        -1.920411010966092,
                        -1.8520581684135793,
                        2.567086629485981
                    ]
                ],
                "mui": [
                    0.0,
                    0.0,
                    1.0,
                    -0.9625992922763882,
                    0.6838678773098328,
                    -0.22893101033151228,
                    0.022635829739091395,
                    0.6960804978892143,
                    -0.355943795109963
                ],
                "Ai": [
                    [
                        0.0,
                        0.0,
                        0.0,
                        0.0,
                        0.0,
                        0.0,
                        0.0,
                        0.0,
                        0.0
                    ],
                    [
                        0.7267315799913715,
                        0.0,
                        0.0,
                        0.0,
                        0.0,
                        0.0,
                        0.0,
                        0.0,
                        0.0
                    ],
                    [
                        0.0,
                        0.0,
                        0.0,
                        0.0,
                        0.0,
                        0.0,
                        0.0,
                        0.0,
                        0.0
                    ],
                    [
                        -0.8666242036015046,
                        0.0,
                        -0.9625992922763882,
                        0.0,
                        0.0,
                        0.0,
                        0.0,
                        0.0,
                        0.0
                    ],
                    [
                        0.5170803849804761,
                        -0.0,
                        -0.0,
                        -0.7104387908831704,
                        0.0,
                        0.0,
                        0.0,
                        0.0,
                        0.0
                    ],
                    [
                        0.0,
                        -0.0,
                        0.5918842205346919,
                        0.8527070791056909,
                        0.0,
                        0.0,
                        0.0,
                        0.0,
                        0.0
                    ],
                    [
                        -0.0,
                        0.0,
                        0.6731881283385579,
                        0.0,
                        -0.9512836034331346,
                        -0.0,
                        0.0,
                        0.0,
                        0.0
                    ],
                    [
                        -0.0,
                        0.0,
                        -0.0,
                        -0.7001176025800586,
                        0.0,
                        -0.0,
                        0.978439464808295,
                        0.0,
                        0.0
                    ],
                    [
                        0.6812489929389731,
                        0.0,
                        -0.0,
                        -0.0,
                        -0.0,
                        0.0,
                        -0.0,
                        -0.5113543565569247,
                        0.0
                    ]
                ]
            },
            "est_params": {
                "mui": [
                    0.688318769799587,
                    0.9293875755008069,
                    0.7562837177104103,
                    -1.982451986837439,
                    1.686145181332071,
                    -1.4466087848941231,
                    -0.5694769149128162,
                    1.077971383723992,
                    0.01591930251153029
                ],
                "Si": [
                    [
                        0.5808037165970955,
                        0.32439063310919974,
                        -0.258837761157778,
                        -0.05302198450713293,
                        0.10619850566116207,
                        -0.1553467136971516,
                        0.1019897461941399,
                        0.14260167739175503,
                        0.22757064037803776
                    ],
                    [
                        0.32439063310919974,
                        1.0836119673863265,
                        0.09577327851583504,
                        -0.1630300218336722,
                        0.14152621413043556,
                        0.003416468758325593,
                        0.08953417405274074,
                        0.1322460051949139,
                        0.14193858867099385
                    ],
                    [
                        -0.258837761157778,
                        0.09577327851583507,
                        0.8453573995242369,
                        -0.4652693485954418,
                        0.2524428218039771,
                        0.2409723621364043,
                        -0.13577429682212105,
                        0.04177947777253099,
                        -0.11295518095343346
                    ],
                    [
                        -0.05302198450713293,
                        -0.1630300218336722,
                        -0.4652693485954418,
                        0.9793943863367134,
                        -0.4761659814368835,
                        0.3259331191895078,
                        0.23726034785665445,
                        -0.2547567271047682,
                        0.07807478005394472
                    ],
                    [
                        0.10619850566116207,
                        0.14152621413043556,
                        0.2524428218039771,
                        -0.4761659814368834,
                        1.0618149822559027,
                        -0.04529742761593213,
                        -0.294293617744621,
                        0.1368215379600596,
                        -0.09327945285908537
                    ],
                    [
                        -0.1553467136971516,
                        0.0034164687583255952,
                        0.24097236213640433,
                        0.32593311918950785,
                        -0.04529742761593213,
                        1.4975883732105484,
                        -0.003548223470440846,
                        -0.16480887053281182,
                        0.008023362758157524
                    ],
                    [
                        0.1019897461941399,
                        0.08953417405274074,
                        -0.1357742968221211,
                        0.23726034785665445,
                        -0.29429361774462093,
                        -0.00354822347044087,
                        1.2635380111364785,
                        0.45867524091454165,
                        0.06397373718066704
                    ],
                    [
                        0.14260167739175503,
                        0.1322460051949139,
                        0.04177947777253099,
                        -0.25475672710476815,
                        0.13682153796005958,
                        -0.16480887053281182,
                        0.4586752409145416,
                        0.9694927848347212,
                        -0.1440060790080125
                    ],
                    [
                        0.2275706403780378,
                        0.14193858867099382,
                        -0.11295518095343346,
                        0.07807478005394468,
                        -0.09327945285908537,
                        0.008023362758157522,
                        0.06397373718066703,
                        -0.14400607900801243,
                        1.0497720869371536
                    ]
                ]
            },
            "est_tgt": [
                0,
                1,
                2,
                3,
                4,
                5,
                6,
                7,
                8
            ]
        },
        "3": {
            "intv_type": "do",
            "inode": 3,
            "new_mui": 1.0,
            "true_params": {
                "Si": [
                    [
                        1.0,
                        0.7267315799913715,
                        -0.23396880541178278,
                        0.0,
                        0.5170803849804761,
                        -0.13848244402058604,
                        -0.6493951140935861,
                        -0.63539380788285,
                        1.0061603847291622
                    ],
                    [
                        0.7267315799913715,
                        1.5281387893567553,
                        0.34118622899594275,
                        0.0,
                        0.37577864515940806,
                        0.20194274520643446,
                        -0.12778954474779358,
                        -0.12503433377112683,
                        0.559022008299129
                    ],
                    [
                        -0.23396880541178278,
                        0.34118622899594275,
                        1.3160860108479913,
                        0.0,
                        -0.12098067997574675,
                        0.7789705426873754,
                        1.0010604155684375,
                        0.9794770172495515,
                        -0.6602508529838519
                    ],
                    [
                        0.0,
                        0.0,
                        0.0,
                        0.0,
                        0.0,
                        0.0,
                        0.0,
                        0.0,
                        0.0
                    ],
                    [
                        0.5170803849804761,
                        0.37577864515940806,
                        -0.12098067997574675,
                        0.0,
                        1.2673721245315575,
                        -0.07160655546720186,
                        -1.2870730790330862,
                        -1.2593230946182974,
                        0.9962208422822606
                    ],
                    [
                        -0.13848244402058604,
                        0.20194274520643446,
                        0.7789705426873754,
                        0.0,
                        -0.07160655546720186,
                        1.4610603724780031,
                        0.5925118637768594,
                        0.5797369908863957,
                        -0.3907920614757126
                    ],
                    [
                        -0.6493951140935861,
                        -0.12778954474779358,
                        1.0010604155684375,
                        0.0,
                        -1.2870730790330862,
                        0.5925118637768594,
                        2.8982735040147096,
                        2.835785176136214,
                        -1.8924908715725444
                    ],
                    [
                        -0.63539380788285,
                        -0.12503433377112683,
                        0.9794770172495515,
                        0.0,
                        -1.2593230946182974,
