{
    "expt_args": {
        "save_dir": "all_expt_logs/expt_logs_11.05.24-half_intv_weight_error",
        "exp_name": "16",
        "num_nodes": 8,
        "obs_noise_mean": 0.0,
        "obs_noise_var": 1.0,
        "max_edge_strength": 1.0,
        "graph_sparsity_method": "adj_dense_prop",
        "adj_dense_prop": 0.8,
        "num_parents": null,
        "new_noise_mean": 1.0,
        "mix_samples": 1024,
        "stage2_samples": 1024,
        "gmm_tol": 0.001,
        "intv_type": "do",
        "new_noise_var": null,
        "intv_targets": [
            7,
            0,
            3,
            2
        ]
    },
    "intv_args_dict": {
        "7": {
            "intv_type": "do",
            "inode": 7,
            "new_mui": 1.0,
            "new_vari": null,
            "true_params": {
                "Si": [
                    [
                        1.0,
                        0.5325286634510826,
                        -0.8328852566343137,
                        0.9993304732257928,
                        0.7259129023524409,
                        0.884672679959034,
                        2.1398531564721694,
                        0.0
                    ],
                    [
                        0.5325286634510826,
                        1.2835867773969964,
                        -0.443535272523583,
                        0.5321721212528694,
                        0.3865694276716416,
                        -0.2940510720991811,
                        1.3068539505732533,
                        0.0
                    ],
                    [
                        -0.8328852566343137,
                        -0.443535272523583,
                        1.6936978507188065,
                        -0.8323276176551546,
                        -1.5698573424719595,
                        -0.8125464173999656,
                        -3.2683468062857752,
                        0.0
                    ],
                    [
                        0.9993304732257928,
                        0.5321721212528694,
                        -0.8323276176551546,
                        1.998661394717687,
                        1.3692039086150896,
                        1.791886606934797,
                        3.9338501932218986,
                        0.0
                    ],
                    [
                        0.7259129023524409,
                        0.3865694276716416,
                        -1.5698573424719595,
                        1.3692039086150896,
                        2.873115977859708,
                        1.901813254581414,
                        5.485674849733263,
                        0.0
                    ],
                    [
                        0.884672679959034,
                        -0.2940510720991811,
                        -0.8125464173999656,
                        1.791886606934797,
                        1.901813254581414,
                        3.560502064152376,
                        5.0831951342617865,
                        0.0
                    ],
                    [
                        2.1398531564721694,
                        1.3068539505732533,
                        -3.2683468062857752,
                        3.9338501932218986,
                        5.485674849733263,
                        5.0831951342617865,
                        13.429361435512492,
                        0.0
                    ],
                    [
                        0.0,
                        0.0,
                        0.0,
                        0.0,
                        0.0,
                        0.0,
                        0.0,
                        1e-09
                    ]
                ],
                "mui": [
                    0.0,
                    0.0,
                    0.0,
                    0.0,
                    0.0,
                    0.0,
                    0.0,
                    1.0
                ],
                "Ai": [
                    [
                        0.0,
                        0.0,
                        0.0,
                        0.0,
                        0.0,
                        0.0,
                        0.0,
                        0.0
                    ],
                    [
                        0.5325286634510826,
                        0.0,
                        0.0,
                        0.0,
                        0.0,
                        0.0,
                        0.0,
                        0.0
                    ],
                    [
                        -0.8328852566343137,
                        0.0,
                        0.0,
                        0.0,
                        0.0,
                        0.0,
                        0.0,
                        0.0
                    ],
                    [
                        0.9993304732257928,
                        -0.0,
                        -0.0,
                        0.0,
                        0.0,
                        0.0,
                        0.0,
                        0.0
                    ],
                    [
                        -0.7213799114727093,
                        -0.0,
                        -0.9652551885019872,
                        0.643777024386516,
                        0.0,
                        0.0,
                        0.0,
                        0.0
                    ],
                    [
                        0.7562327640224272,
                        -0.7651646319494528,
                        0.505472556948793,
                        0.520182761528448,
                        0.6021082809880343,
                        0.0,
                        0.0,
                        0.0
                    ],
                    [
                        -0.5936802328681877,
                        0.7547337149232204,
                        -0.5787603801239887,
                        0.5321323778303716,
                        0.8797754522276084,
                        0.7676947956299118,
                        0.0,
                        0.0
                    ],
                    [
                        0.0,
                        0.0,
                        0.0,
                        0.0,
                        0.0,
                        0.0,
                        0.0,
                        0.0
                    ]
                ]
            },
            "est_params": {
                "mui": [
                    0.001646273713851653,
                    0.041357430734647385,
                    -0.07058052892012419,
                    -0.011563198790811637,
                    0.11679677646215127,
                    0.03267938559059449,
                    0.23902918183565583,
                    0.9999980181765692
                ],
                "Si": [
                    [
                        1.1086302777603654,
                        0.5907064673858685,
                        -0.9493792489001771,
                        1.0370963016459134,
                        0.7384896277449324,
                        0.8345735612676584,
                        2.155670384765124,
                        8.76259093324948e-07
                    ],
                    [
                        0.5907064673858685,
                        1.4099448751943757,
                        -0.4608384530539814,
                        0.5677142811896158,
                        0.43591252214594056,
                        -0.20140481688455344,
                        1.2909525714803813,
                        2.3604028781358886e-06
                    ],
                    [
                        -0.9493792489001772,
                        -0.4608384530539815,
                        1.825186730786743,
                        -0.7567325041440344,
                        -1.6251501465322613,
                        -0.723376508645694,
                        -3.128501007712759,
                        -1.2990406376073846e-07
                    ],
                    [
                        1.0370963016459134,
                        0.5677142811896159,
                        -0.7567325041440344,
                        1.895320156294301,
                        1.1077836411372912,
                        1.4746555175186922,
                        3.3089338733085203,
                        -1.8520260315562643e-07
                    ],
                    [
                        0.7384896277449324,
                        0.4359125221459406,
                        -1.6251501465322613,
                        1.1077836411372914,
                        2.734650627749652,
                        1.4222239781736588,
                        4.858953098802145,
                        1.0661457133671608e-06
                    ],
                    [
                        0.8345735612676584,
                        -0.20140481688455347,
                        -0.723376508645694,
                        1.4746555175186924,
                        1.4222239781736588,
                        2.647897825059488,
                        3.9335508882425327,
                        -3.4838363081611688e-06
                    ],
                    [
                        2.155670384765124,
                        1.2909525714803813,
                        -3.128501007712759,
                        3.3089338733085203,
                        4.858953098802146,
                        3.9335508882425323,
                        11.308853742671683,
                        3.2106096219391887e-06
                    ],
                    [
                        8.762590933249482e-07,
                        2.360402878135889e-06,
                        -1.2990406376073843e-07,
                        -1.8520260315562617e-07,
                        1.0661457133671602e-06,
                        -3.4838363081611683e-06,
                        3.21060962193919e-06,
                        1.002155618239523e-06
                    ]
                ]
            },
            "est_tgt": [
                3,
                4,
                7
            ],
            "oracle_est_tgt": [
                4,
                7
            ],
            "intv_base_est_tgt": [
                1,
                2,
                3,
                4,
                6,
                7
            ]
        },
        "0": {
            "intv_type": "do",
            "inode": 0,
            "new_mui": 1.0,
            "new_vari": null,
            "true_params": {
                "Si": [
                    [
                        1e-09,
                        5.325286634510827e-10,
                        -8.328852566343137e-10,
                        9.99330473225793e-10,
                        7.259129023524409e-10,
                        8.84672679959034e-10,
                        2.1398531564721696e-09,
                        -1.0780647630691406e-09
                    ],
                    [
                        5.325286634510827e-10,
                        1.0000000002835867,
                        -4.4353527252358306e-10,
                        5.321721212528694e-10,
                        3.865694276716416e-10,
                        -0.7651646314783392,
                        0.16732081031508161,
                        0.07822906424981298
                    ],
                    [
                        -8.328852566343137e-10,
                        -4.4353527252358306e-10,
                        1.0000000006936978,
                        -8.323276176551546e-10,
                        -0.9652551891065894,
                        -0.07571558605175034,
                        -1.4860946626799583,
                        1.3788544765547497
                    ],
                    [
                        9.99330473225793e-10,
                        5.321721212528694e-10,
                        -8.323276176551547e-10,
                        1.0000000009986614,
                        0.6437770251119428,
                        0.9078062399054854,
                        1.7954297278692797,
                        -0.6205187033907967
                    ],
                    [
                        7.259129023524409e-10,
                        3.865694276716416e-10,
                        -0.9652551891065894,
                        0.6437770251119428,
                        2.3461664365849133,
                        1.259617942482635,
                        3.932327835863865,
                        -3.3491715655921963
                    ],
                    [
                        8.84672679959034e-10,
                        -0.7651646314783392,
                        -0.07571558605175034,
                        0.9078062399054854,
                        1.259617942482635,
                        2.777856314269122,
                        3.1901255094998233,
                        -1.8232146362344954
                    ],
                    [
                        2.1398531564721696e-09,
                        0.16732081031508161,
                        -1.4860946626799583,
                        1.7954297278692797,
                        3.932327835863865,
                        3.1901255094998233,
                        8.850389908827557,
                        -6.332942012640752
                    ],
                    [
                        -1.0780647630691406e-09,
                        0.07822906424981298,
                        1.3788544765547497,
                        -0.6205187033907967,
                        -3.3491715655921963,
                        -1.8232146362344954,
                        -6.332942012640752,
                        6.769321177302817
                    ]
                ],
                "mui": [
                    1.0,
                    0.5325286634510826,
                    -0.8328852566343137,
                    0.9993304732257928,
                    0.7259129023524409,
                    0.884672679959034,
                    2.1398531564721694,
                    -1.0780647630691405
                ],
                "Ai": [
                    [
                        0.0,
                        0.0,
                        0.0,
                        0.0,
                        0.0,
                        0.0,
                        0.0,
                        0.0
                    ],
                    [
                        0.5325286634510826,
                        0.0,
                        0.0,
                        0.0,
                        0.0,
                        0.0,
                        0.0,
                        0.0
                    ],
                    [
                        -0.8328852566343137,
                        0.0,
                        0.0,
                        0.0,
                        0.0,
                        0.0,
                        0.0,
                        0.0
                    ],
                    [
                        0.9993304732257928,
                        -0.0,
                        -0.0,
                        0.0,
                        0.0,
                        0.0,
                        0.0,
                        0.0
                    ],
                    [
                        -0.7213799114727093,
                        -0.0,
                        -0.9652551885019872,
                        0.643777024386516,
                        0.0,
                        0.0,
                        0.0,
                        0.0
                    ],
                    [
                        0.7562327640224272,
                        -0.7651646319494528,
                        0.505472556948793,
                        0.520182761528448,
                        0.6021082809880343,
                        0.0,
                        0.0,
                        0.0
                    ],
                    [
                        -0.5936802328681877,
                        0.7547337149232204,
                        -0.5787603801239887,
                        0.5321323778303716,
                        0.8797754522276084,
                        0.7676947956299118,
                        0.0,
                        0.0
                    ],
                    [
                        -0.9721777368461286,
                        0.6781772823902978,
                        -0.6535506852879097,
                        0.9727958781548834,
                        -0.7386507147623236,
                        0.5834299128788523,
                        -0.9175683751867253,
                        0.0
                    ]
                ]
            },
            "est_params": {
                "mui": [
                    0.9999989802363092,
                    0.4787705001338253,
                    -0.8308722503085686,
                    0.9213576895069737,
                    0.8614847662151296,
                    0.919595511689617,
                    2.282168167230375,
                    -1.2785228743789434
                ],
                "Si": [
                    [
                        1.003408219505707e-06,
                        -6.030288485225759e-08,
                        -9.210947001910272e-07,
                        5.276529073183482e-06,
                        4.569922191738364e-06,
                        5.081070898467664e-06,
                        1.1608341370256915e-05,
                        -5.545617064973948e-06
                    ],
                    [
                        -6.030288485225813e-08,
                        0.9840455660697228,
                        0.03630320662857474,
                        0.04743252991125959,
                        0.023078283840676724,
                        -0.8272997381380809,
                        0.17115094112867787,
                        0.039005165150367435
                    ],
                    [
                        -9.21094700191028e-07,
                        0.03630320662857472,
                        0.9751300056046286,
                        -0.048223473686278856,
                        -1.0203147873630636,
                        -0.16314614560012358,
                        -1.5780904625557142,
                        1.3866628224703468
                    ],
                    [
                        5.276529073183482e-06,
                        0.0474325299112596,
                        -0.04822347368627882,
                        1.0092795244265258,
                        0.8159125456092976,
                        0.9578743490961908,
                        2.186814207989642,
                        -0.9693448409895242
                    ],
                    [
                        4.569922191738365e-06,
                        0.023078283840676717,
                        -1.0203147873630636,
                        0.8159125456092977,
                        2.6818599799209926,
                        1.590406326403829,
                        4.726751743234217,
                        -4.025297805027648
                    ],
                    [
                        5.081070898467662e-06,
                        -0.8272997381380809,
                        -0.1631461456001235,
                        0.9578743490961906,
                        1.590406326403829,
                        3.174196491551511,
                        4.008686838674829,
                        -2.5811692013174405
                    ],
                    [
                        1.1608341370256913e-05,
                        0.17115094112867787,
                        -1.5780904625557142,
                        2.186814207989642,
                        4.726751743234217,
                        4.008686838674829,
                        10.797753705285382,
                        -7.781983426055776
                    ],
                    [
                        -5.545617064973949e-06,
                        0.039005165150367394,
                        1.3866628224703468,
                        -0.9693448409895244,
                        -4.025297805027648,
                        -2.5811692013174405,
                        -7.781983426055776,
                        7.719630201516574
                    ]
                ]
            },
            "est_tgt": [
                0
            ],
            "oracle_est_tgt": [
                0,
                2,
                3
            ],
            "intv_base_est_tgt": [
                0,
                3,
                6
            ]
        },
        "3": {
            "intv_type": "do",
            "inode": 3,
            "new_mui": 1.0,
            "new_vari": null,
            "true_params": {
                "Si": [
                    [
                        1.0,
                        0.5325286634510826,
                        -0.8328852566343137,
                        0.0,
                        0.08256690392037114,
                        -0.022525758479553792,
                        0.3456255190138947,
                        -0.457961514640782
                    ],
                    [
                        0.5325286634510826,
                        1.2835867773969964,
                        -0.443535272523583,
                        0.0,
                        0.0439692429900092,
                        -0.7771602440057915,
                        0.35137630487060456,
                        -0.1656485684797757
                    ],
                    [
                        -0.8328852566343137,
                        -0.443535272523583,
                        1.6936978507188065,
                        0.0,
                        -1.0340239454632063,
                        -0.056954213182793784,
                        -1.7739610600009617,
                        1.7602838693070721
                    ],
                    [
                        0.0,
                        0.0,
                        0.0,
                        1e-09,
                        6.43777024386516e-10,
                        9.078062390214051e-10,
                        1.7954297257308591e-09,
                        -6.205187023134538e-10
                    ],
                    [
                        0.08256690392037114,
                        0.0439692429900092,
                        -1.0340239454632063,
                        6.43777024386516e-10,
                        1.9385348729674514,
                        0.6733332610120352,
                        2.8050086581611122,
                        -2.987508345836126
                    ],
                    [
                        -0.022525758479553792,
                        -0.7771602440057915,
                        -0.056954213182793784,
                        9.078062390214051e-10,
                        0.6733332610120352,
                        1.9542515564994796,
                        1.5524377255280148,
                        -1.2495879559827237
                    ],
                    [
                        0.3456255190138947,
                        0.35137630487060456,
                        -1.7739610600009617,
                        1.7954297257308591e-09,
                        2.8050086581611122,
                        1.5524377255280148,
                        5.746279006827789,
                        -5.377127474128546
                    ],
                    [
                        -0.457961514640782,
                        -0.1656485684797757,
                        1.7602838693070721,
                        -6.205187023134538e-10,
                        -2.987508345836126,
                        -1.2495879559827237,
                        -5.377127474128546,
                        6.594006465496943
                    ]
                ],
                "mui": [
                    0.0,
                    0.0,
                    0.0,
                    1.0,
                    0.643777024386516,
                    0.907806239021405,
                    1.7954297257308591,
                    -0.6205187023134537
                ],
                "Ai": [
                    [
                        0.0,
                        0.0,
                        0.0,
                        0.0,
                        0.0,
                        0.0,
                        0.0,
                        0.0
                    ],
                    [
                        0.5325286634510826,
                        0.0,
                        0.0,
                        0.0,
                        0.0,
                        0.0,
                        0.0,
                        0.0
                    ],
                    [
                        -0.8328852566343137,
                        0.0,
                        0.0,
                        0.0,
                        0.0,
                        0.0,
                        0.0,
                        0.0
                    ],
                    [
                        0.0,
                        0.0,
                        0.0,
                        0.0,
                        0.0,
                        0.0,
                        0.0,
                        0.0
                    ],
                    [
                        -0.7213799114727093,
                        -0.0,
                        -0.9652551885019872,
                        0.643777024386516,
                        0.0,
                        0.0,
                        0.0,
                        0.0
                    ],
                    [
                        0.7562327640224272,
                        -0.7651646319494528,
                        0.505472556948793,
                        0.520182761528448,
                        0.6021082809880343,
                        0.0,
                        0.0,
                        0.0
                    ],
                    [
                        -0.5936802328681877,
                        0.7547337149232204,
                        -0.5787603801239887,
                        0.5321323778303716,
                        0.8797754522276084,
                        0.7676947956299118,
                        0.0,
                        0.0
                    ],
                    [
                        -0.9721777368461286,
                        0.6781772823902978,
                        -0.6535506852879097,
                        0.9727958781548834,
                        -0.7386507147623236,
                        0.5834299128788523,
                        -0.9175683751867253,
                        0.0
                    ]
                ]
            },
            "est_params": {
                "mui": [
                    -0.06842417475266444,
                    0.03424503502846574,
                    -0.025184996213721077,
                    0.9999999582301329,
                    0.7342348998030015,
                    0.9289095961177664,
                    2.0279598846732436,
                    -0.7811609003882216
                ],
                "Si": [
                    [
                        0.9969482083873206,
                        0.5725231535824481,
                        -0.8229207450714043,
                        1.0568726261072661e-06,
                        0.04493084482246371,
                        0.023981962007452014,
                        0.4917452899426639,
                        -0.46574558406310557
                    ],
                    [
                        0.5725231535824481,
                        1.3364959113847026,
                        -0.45852355211611706,
                        -1.8682152288033355e-06,
                        0.03000299473364886,
                        -0.7975699787776859,
                        0.38619026545419294,
                        -0.11894602178843372
                    ],
                    [
                        -0.8229207450714042,
                        -0.45852355211611706,
                        1.535995984090196,
                        -4.2817042835840883e-07,
                        -0.7953028844734743,
                        -0.13979601740752542,
                        -1.5710885695907069,
                        1.3503277444501787
                    ],
                    [
                        1.0568726261072661e-06,
                        -1.8682152288033347e-06,
                        -4.281704283584091e-07,
                        1.0010632942863548e-06,
                        -3.329805950939444e-07,
                        7.060697881059293e-06,
                        4.211513791085048e-06,
                        -1.4282709419022187e-06
                    ],
                    [
                        0.044930844822463706,
                        0.03000299473364886,
                        -0.7953028844734743,
                        -3.329805950939447e-07,
                        1.697735727492635,
                        0.5562618805817282,
                        2.383393066311841,
                        -2.6218783384781554
                    ],
                    [
                        0.023981962007452003,
                        -0.7975699787776859,
                        -0.13979601740752545,
                        7.060697881059293e-06,
                        0.5562618805817282,
                        1.839836933506694,
                        1.411154675646026,
                        -1.1424966606965026
                    ],
                    [
                        0.4917452899426639,
                        0.3861902654541928,
                        -1.5710885695907069,
                        4.211513791085048e-06,
                        2.383393066311841,
                        1.411154675646026,
                        5.063135574564016,
                        -4.679096941753039
                    ],
                    [
                        -0.46574558406310557,
                        -0.11894602178843372,
                        1.3503277444501787,
                        -1.4282709419022183e-06,
                        -2.6218783384781554,
                        -1.1424966606965026,
                        -4.679096941753039,
                        6.150677083609785
                    ]
                ]
            },
            "est_tgt": [
                3,
                4,
                6,
                7
            ],
            "oracle_est_tgt": [
                0,
                3
            ],
            "intv_base_est_tgt": [
                4
            ]
        },
        "2": {
            "intv_type": "do",
            "inode": 2,
            "new_mui": 1.0,
            "new_vari": null,
            "true_params": {
                "Si": [
                    [
                        1.0,
                        0.5325286634510826,
                        0.0,
                        0.9993304732257928,
                        -0.07803391304063954,
                        0.8216102852528,
                        0.9021068234475003,
                        0.07036280074968304
                    ],
                    [
                        0.5325286634510826,
                        1.2835867773969964,
                        0.0,
                        0.5321721212528694,
                        -0.041555295415389784,
                        -0.3276336048661165,
                        0.6477185501561475,
                        0.11569927306381692
                    ],
                    [
                        0.0,
                        0.0,
                        1e-09,
                        0.0,
                        -9.652551885019872e-10,
                        -7.571558531491951e-11,
                        -1.4860946608977063e-09,
                        1.3788544756568455e-09
                    ],
                    [
                        0.9993304732257928,
                        0.5321721212528694,
                        0.0,
                        1.998661394717687,
                        0.5657953571399533,
                        1.7288664341902642,
                        2.6969325645068665,
                        -0.5502030113427808
                    ],
                    [
                        -0.07803391304063954,
                        -0.041555295415389784,
                        -9.652551885019872e-10,
                        0.5657953571399533,
                        1.4205381496441085,
                        1.1224196147851213,
                        2.4274723282940966,
                        -2.023715813998601
                    ],
                    [
                        0.8216102852528,
                        -0.3276336048661165,
                        -7.571558531491951e-11,
                        1.7288664341902642,
                        1.1224196147851213,
                        3.4471669244658156,
                        3.818785225177226,
                        -1.6610030609015745
                    ],
                    [
                        0.9021068234475003,
                        0.6477185501561475,
                        -1.4860946608977063e-09,
                        2.6969325645068665,
                        2.4274723282940966,
                        3.818785225177226,
                        7.455709286218934,
                        -4.22035897528125
                    ],
                    [
                        0.07036280074968304,
                        0.11569927306381692,
                        1.3788544756568455e-09,
                        -0.5502030113427808,
                        -2.023715813998601,
                        -1.6610030609015745,
                        -4.22035897528125,
                        4.873032436732259
                    ]
                ],
                "mui": [
                    0.0,
                    0.0,
                    1.0,
                    0.0,
                    -0.9652551885019872,
                    -0.07571558531491951,
                    -1.4860946608977061,
                    1.3788544756568455
                ],
                "Ai": [
                    [
                        0.0,
                        0.0,
                        0.0,
                        0.0,
                        0.0,
                        0.0,
                        0.0,
                        0.0
                    ],
                    [
                        0.5325286634510826,
                        0.0,
                        0.0,
                        0.0,
                        0.0,
                        0.0,
                        0.0,
                        0.0
                    ],
                    [
                        0.0,
                        0.0,
                        0.0,
                        0.0,
                        0.0,
                        0.0,
                        0.0,
                        0.0
                    ],
                    [
                        0.9993304732257928,
                        -0.0,
                        -0.0,
                        0.0,
                        0.0,
                        0.0,
                        0.0,
                        0.0
                    ],
                    [
                        -0.7213799114727093,
                        -0.0,
                        -0.9652551885019872,
                        0.643777024386516,
                        0.0,
                        0.0,
                        0.0,
                        0.0
                    ],
                    [
                        0.7562327640224272,
                        -0.7651646319494528,
                        0.505472556948793,
                        0.520182761528448,
                        0.6021082809880343,
                        0.0,
                        0.0,
                        0.0
                    ],
                    [
                        -0.5936802328681877,
                        0.7547337149232204,
                        -0.5787603801239887,
                        0.5321323778303716,
                        0.8797754522276084,
                        0.7676947956299118,
                        0.0,
                        0.0
                    ],
                    [
                        -0.9721777368461286,
                        0.6781772823902978,
                        -0.6535506852879097,
                        0.9727958781548834,
                        -0.7386507147623236,
                        0.5834299128788523,
                        -0.9175683751867253,
                        0.0
                    ]
                ]
            },
            "est_params": {
                "mui": [
                    0.043465063344985976,
                    -0.019809689836619022,
                    0.9999919462648197,
                    0.13010538634341212,
                    -0.885500256402653,
                    -0.014899265061588035,
                    -1.354280426776959,
                    1.2673238330631724
                ],
                "Si": [
                    [
                        0.842225316227966,
                        0.40971733139251826,
                        -1.083412044265454e-05,
                        0.784384165627259,
                        -0.08835735303438783,
                        0.5991031128001951,
                        0.584238515613058,
                        0.052317647121895
                    ],
                    [
                        0.40971733139251826,
                        1.1514292018348,
                        1.0523799586156482e-05,
                        0.41609100176366803,
                        -0.041807224910676725,
                        -0.4789306173516901,
                        0.42419217052067,
                        0.17711680206645433
                    ],
                    [
                        -1.0834120442654544e-05,
                        1.052379958615648e-05,
                        1.019496399235663e-06,
                        -8.531443322208144e-06,
                        7.387739291291334e-06,
                        -1.359689613924951e-05,
                        1.296052557261624e-05,
                        -4.877280894025859e-06
                    ],
                    [
                        0.784384165627259,
                        0.41609100176366803,
                        -8.531443322208145e-06,
                        1.7622274597298446,
                        0.7074200564770547,
                        1.55822835474505,
                        2.501478543083628,
                        -0.8084087086729264
                    ],
                    [
                        -0.08835735303438778,
                        -0.04180722491067673,
                        7.3877392912913335e-06,
                        0.7074200564770546,
                        1.4472381752280212,
                        1.259981505702285,
                        2.6385788222662545,
                        -2.1460810814520848
                    ],
                    [
                        0.5991031128001951,
                        -0.4789306173516901,
