{
    "expt_args": {
        "save_dir": "all_expt_logs/expt_logs_11.05.24-half_intv_weight_error",
        "exp_name": "62",
        "num_nodes": 6,
        "obs_noise_mean": 0.0,
        "obs_noise_var": 1.0,
        "max_edge_strength": 1.0,
        "graph_sparsity_method": "adj_dense_prop",
        "adj_dense_prop": 0.8,
        "num_parents": null,
        "new_noise_mean": 1.0,
        "mix_samples": 65536,
        "stage2_samples": 65536,
        "gmm_tol": 0.001,
        "intv_type": "do",
        "new_noise_var": null,
        "intv_targets": [
            5,
            1,
            0
        ]
    },
    "intv_args_dict": {
        "5": {
            "intv_type": "do",
            "inode": 5,
            "new_mui": 1.0,
            "new_vari": null,
            "true_params": {
                "Si": [
                    [
                        1.0,
                        -0.5004461292373099,
                        -0.6535911418501602,
                        0.9961139738895002,
                        2.6875463634470194,
                        0.0
                    ],
                    [
                        -0.5004461292373099,
                        1.2504463282686062,
                        0.32708715704270624,
                        -1.462885715391881,
                        -2.6643719119223803,
                        0.0
                    ],
                    [
                        -0.6535911418501602,
                        0.32708715704270624,
                        1.4271813807049962,
                        -0.6510512696073391,
                        -2.737665621847229,
                        0.0
                    ],
                    [
                        0.9961139738895002,
                        -1.462885715391881,
                        -0.6510512696073391,
                        2.922280190481729,
                        4.702557691571607,
                        0.0
                    ],
                    [
                        2.6875463634470194,
                        -2.6643719119223803,
                        -2.737665621847229,
                        4.702557691571607,
                        11.49337567305842,
                        0.0
                    ],
                    [
                        0.0,
                        0.0,
                        0.0,
                        0.0,
                        0.0,
                        1e-09
                    ]
                ],
                "mui": [
                    0.0,
                    0.0,
                    0.0,
                    0.0,
                    0.0,
                    1.0
                ],
                "Ai": [
                    [
                        0.0,
                        0.0,
                        0.0,
                        0.0,
                        0.0,
                        0.0
                    ],
                    [
                        -0.5004461292373099,
                        0.0,
                        0.0,
                        0.0,
                        0.0,
                        0.0
                    ],
                    [
                        -0.6535911418501602,
                        0.0,
                        0.0,
                        0.0,
                        0.0,
                        0.0
                    ],
                    [
                        0.513491567402756,
                        -0.964384332879686,
                        -0.0,
                        0.0,
                        0.0,
                        0.0
                    ],
                    [
                        0.9993304732257928,
                        -0.5931732320937405,
                        -0.981109125386646,
                        0.753046768114982,
                        0.0,
                        0.0
                    ],
                    [
                        0.0,
                        0.0,
                        0.0,
                        0.0,
                        0.0,
                        0.0
                    ]
                ]
            },
            "est_params": {
                "mui": [
                    0.012097755133639925,
                    -0.02244567843852408,
                    -0.011668166375304743,
                    0.036449287135029505,
                    0.06276066388904426,
                    1.0000003412478335
                ],
                "Si": [
                    [
                        0.9617387037764652,
                        -0.4742979466023781,
                        -0.6112572139516808,
                        0.935058704969004,
                        2.5509006609236105,
                        5.569436324353413e-07
                    ],
                    [
                        -0.4742979466023781,
                        1.218333011036142,
                        0.30898029280907374,
                        -1.4079136682387885,
                        -2.5568934409687327,
                        5.155784865933252e-07
                    ],
                    [
                        -0.6112572139516808,
                        0.30898029280907374,
                        1.405830670881482,
                        -0.6019391472885077,
                        -2.625654984934928,
                        -1.0641104028476742e-07
                    ],
                    [
                        0.935058704969004,
                        -1.4079136682387885,
                        -0.6019391472885078,
                        2.819919638278507,
                        4.481864613460324,
                        -1.3849751713113515e-07
                    ],
                    [
                        2.5509006609236105,
                        -2.5568934409687327,
                        -2.625654984934928,
                        4.481864613460324,
                        11.032160763866365,
                        -3.575069768504292e-08
                    ],
                    [
                        5.569436324353413e-07,
                        5.155784865933251e-07,
                        -1.064110402847675e-07,
                        -1.3849751713113504e-07,
                        -3.575069768504292e-08,
                        1.0045031661560543e-06
                    ]
                ]
            },
            "est_tgt": [
                1,
                4,
                5
            ],
            "oracle_est_tgt": [
                1,
                4,
                5
            ],
            "intv_base_est_tgt": []
        },
        "1": {
            "intv_type": "do",
            "inode": 1,
            "new_mui": 1.0,
            "new_vari": null,
            "true_params": {
                "Si": [
                    [
                        1.0,
                        0.0,
                        -0.6535911418501602,
                        0.513491567402756,
                        2.027257872053805,
                        -0.8625414038272743
                    ],
                    [
                        0.0,
                        1e-09,
                        0.0,
                        -9.64384332879686e-10,
                        -1.319399737189511e-09,
                        2.421831132523819e-09
                    ],
                    [
                        -0.6535911418501602,
                        0.0,
                        1.4271813807049962,
                        -0.33561353986919584,
                        -2.306106912807018,
                        0.7893901833139059
                    ],
                    [
                        0.513491567402756,
                        -9.64384332879686e-10,
                        -0.33561353986919584,
                        1.2636735907237764,
                        1.7940265916378744,
                        -1.6859839450782623
                    ],
                    [
                        2.027257872053805,
                        -1.319399737189511e-09,
                        -2.306106912807018,
                        1.7940265916378744,
                        6.6394290324303045,
                        -3.8713217724769455
                    ],
                    [
                        -0.8625414038272743,
                        2.421831132523819e-09,
                        0.7893901833139059,
                        -1.6859839450782623,
                        -3.8713217724769455,
                        4.2718474640065285
                    ]
                ],
                "mui": [
                    0.0,
                    1.0,
                    0.0,
                    -0.964384332879686,
                    -1.319399737189511,
                    2.4218311325238187
                ],
                "Ai": [
                    [
                        0.0,
                        0.0,
                        0.0,
                        0.0,
                        0.0,
                        0.0
                    ],
                    [
                        0.0,
                        0.0,
                        0.0,
                        0.0,
                        0.0,
                        0.0
                    ],
                    [
                        -0.6535911418501602,
                        0.0,
                        0.0,
                        0.0,
                        0.0,
                        0.0
                    ],
                    [
                        0.513491567402756,
                        -0.964384332879686,
                        -0.0,
                        0.0,
                        0.0,
                        0.0
                    ],
                    [
                        0.9993304732257928,
                        -0.5931732320937405,
                        -0.981109125386646,
                        0.753046768114982,
                        0.0,
                        0.0
                    ],
                    [
                        0.8878534730393026,
                        0.6504643755578277,
                        -0.7213799114727093,
                        -0.5161939052340065,
                        -0.9652551885019872,
                        0.0
                    ]
                ]
            },
            "est_params": {
                "mui": [
                    -0.0020569593309934862,
                    0.999999822685323,
                    0.00839828653910568,
                    -0.973437954073313,
                    -1.3327070550333018,
                    2.431719269505777
                ],
                "Si": [
                    [
                        1.011241325474953,
                        1.8958418242371288e-06,
                        -0.6589273076959503,
                        0.5234946756618307,
                        2.0638957909262285,
                        -0.880880455920718
                    ],
                    [
                        1.8958418242371282e-06,
                        1.0104157247780698e-06,
                        -6.47395031024092e-07,
                        -5.740111881629907e-07,
                        1.4316676676627657e-06,
                        1.0593805897494767e-06
                    ],
                    [
                        -0.6589273076959503,
                        -6.473950310240921e-07,
                        1.4284679663094761,
                        -0.34215526723955786,
                        -2.3372332217886918,
                        0.8116646323888514
                    ],
                    [
                        0.5234946756618307,
                        -5.740111881629905e-07,
                        -0.3421552672395578,
                        1.2947388917542355,
                        1.8545853950561109,
                        -1.7417131570303364
                    ],
                    [
                        2.0638957909262285,
                        1.4316676676627657e-06,
                        -2.3372332217886918,
                        1.8545853950561109,
                        6.814086037541901,
                        -3.991658561190683
                    ],
                    [
                        -0.880880455920718,
                        1.0593805897494767e-06,
                        0.8116646323888516,
                        -1.7417131570303364,
                        -3.991658561190683,
                        4.367062832036372
                    ]
                ]
            },
            "est_tgt": [
                1,
                3,
                5
            ],
            "oracle_est_tgt": [
                1,
                3,
                5
            ],
            "intv_base_est_tgt": [
                0,
                1,
                3,
                5
            ]
        },
        "0": {
            "intv_type": "do",
            "inode": 0,
            "new_mui": 1.0,
            "new_vari": null,
            "true_params": {
                "Si": [
                    [
                        1e-09,
                        -5.004461292373099e-10,
                        -6.535911418501603e-10,
                        9.961139738895003e-10,
                        2.6875463634470194e-09,
                        -2.0745374197652303e-09
                    ],
                    [
                        -5.004461292373099e-10,
                        1.0000000002504463,
                        3.2708715704270623e-10,
                        -0.9643843333781873,
                        -1.3193997385344831,
                        2.421831133562013
                    ],
                    [
                        -6.535911418501603e-10,
                        3.270871570427063e-10,
                        1.0000000004271814,
                        -6.510512696073391e-10,
                        -0.9811091271432024,
                        0.22564076364929675
                    ],
                    [
                        9.961139738895003e-10,
                        -0.9643843333781873,
                        -6.510512696073391e-10,
                        1.9300371424960399,
                        2.0254552061432243,
                        -3.5786522084943586
                    ],
                    [
                        2.6875463634470194e-09,
                        -1.3193997385344831,
                        -0.9811091271432024,
                        2.0254552061432243,
                        4.270470224604025,
                        -5.318091283745118
                    ],
                    [
                        -2.0745374197652303e-09,
                        2.421831133562013,
                        0.22564076364929675,
                        -3.5786522084943586,
                        -5.318091283745118,
                        9.393135823590246
                    ]
                ],
                "mui": [
                    1.0,
                    -0.5004461292373099,
                    -0.6535911418501602,
                    0.9961139738895002,
                    2.6875463634470194,
                    -2.07453741976523
                ],
                "Ai": [
                    [
                        0.0,
                        0.0,
                        0.0,
                        0.0,
                        0.0,
                        0.0
                    ],
                    [
                        -0.5004461292373099,
                        0.0,
                        0.0,
                        0.0,
                        0.0,
                        0.0
                    ],
                    [
                        -0.6535911418501602,
                        0.0,
                        0.0,
                        0.0,
                        0.0,
                        0.0
                    ],
                    [
                        0.513491567402756,
                        -0.964384332879686,
                        -0.0,
                        0.0,
                        0.0,
                        0.0
                    ],
                    [
                        0.9993304732257928,
                        -0.5931732320937405,
                        -0.981109125386646,
                        0.753046768114982,
                        0.0,
                        0.0
                    ],
                    [
                        0.8878534730393026,
                        0.6504643755578277,
                        -0.7213799114727093,
                        -0.5161939052340065,
                        -0.9652551885019872,
                        0.0
                    ]
                ]
            },
            "est_params": {
                "mui": [
                    1.000000786549373,
                    -0.5106774129655709,
                    -0.6644794935293842,
                    1.014134150742315,
                    2.7114157106402788,
                    -2.1075571871147556
                ],
                "Si": [
                    [
                        1.0124120171752008e-06,
                        -2.2524617125687562e-07,
                        -2.111739753110128e-07,
                        2.84499353275125e-07,
                        -8.659515123323797e-07,
                        1.2812544324202113e-06
                    ],
                    [
                        -2.2524617125687552e-07,
                        1.0085462209547802,
                        0.006163097077074811,
                        -0.9788951079908785,
                        -1.3422330915377811,
                        2.4496312420760535
                    ],
                    [
                        -2.111739753110128e-07,
                        0.0061630970770748155,
                        1.0016781267577979,
                        -0.01745933077106078,
                        -1.0020845450275662,
                        0.26924244186547935
                    ],
                    [
                        2.8449935327512516e-07,
                        -0.9788951079908785,
                        -0.017459330771060776,
                        1.9624039428352003,
                        2.0739701265443204,
                        -3.6326386263148622
                    ],
                    [
                        -8.659515123323796e-07,
                        -1.3422330915377811,
                        -1.0020845450275662,
                        2.07397012654432,
                        4.3201178715178195,
                        -5.406465137535007
                    ],
                    [
                        1.2812544324202116e-06,
                        2.4496312420760535,
                        0.26924244186547935,
                        -3.6326386263148622,
                        -5.406465137535006,
                        9.487522246587012
                    ]
                ]
            },
            "est_tgt": [
                0
            ],
            "oracle_est_tgt": [
                0
            ],
            "intv_base_est_tgt": [
                0,
                5
            ]
        },
        "obs": {
            "intv_type": "obs",
            "true_params": {
                "Si": [
                    [
                        1.0,
                        -0.5004461292373099,
                        -0.6535911418501602,
                        0.9961139738895002,
                        2.6875463634470194,
                        -2.07453741976523
                    ],
                    [
                        -0.5004461292373099,
                        1.2504463282686062,
                        0.32708715704270624,
                        -1.462885715391881,
                        -2.6643719119223803,
                        3.4600253542032844
                    ],
                    [
                        -0.6535911418501602,
                        0.32708715704270624,
                        1.4271813807049962,
                        -0.6510512696073391,
                        -2.737665621847229,
                        1.5815400432886393
                    ],
                    [
                        0.9961139738895002,
                        -1.462885715391881,
                        -0.6510512696073391,
                        2.922280190481729,
                        4.702557691571607,
                        -5.645127919612696
                    ],
                    [
                        2.6875463634470194,
                        -2.6643719119223803,
                        -2.737665621847229,
                        4.702557691571607,
                        11.49337567305842,
                        -10.89350677649451
                    ],
                    [
                        -2.07453741976523,
                        3.4600253542032844,
                        1.5815400432886393,
                        -5.645127919612696,
                        -10.89350677649451,
                        13.696841325292718
                    ]
                ],
                "mui": [
                    0.0,
                    0.0,
                    0.0,
                    0.0,
                    0.0,
                    0.0
                ],
                "Ai": [
                    [
                        0.0,
                        0.0,
                        0.0,
                        0.0,
                        0.0,
                        0.0
                    ],
                    [
                        -0.5004461292373099,
                        0.0,
                        0.0,
                        0.0,
                        0.0,
                        0.0
                    ],
                    [
                        -0.6535911418501602,
                        0.0,
                        0.0,
                        0.0,
                        0.0,
                        0.0
                    ],
                    [
                        0.513491567402756,
                        -0.964384332879686,
                        -0.0,
                        0.0,
                        0.0,
                        0.0
                    ],
                    [
                        0.9993304732257928,
                        -0.5931732320937405,
                        -0.981109125386646,
                        0.753046768114982,
                        0.0,
                        0.0
                    ],
                    [
                        0.8878534730393026,
                        0.6504643755578277,
                        -0.7213799114727093,
                        -0.5161939052340065,
                        -0.9652551885019872,
                        0.0
                    ]
                ]
            },
            "est_params": {
                "mui": [
                    0.7354881381771355,
                    -0.776547139503857,
                    -0.5906409139319295,
                    1.32226513094386,
                    2.9435198369062587,
                    -3.1011765288440274
                ],
                "Si": [
                    [
                        0.6816343342405102,
                        -0.1618791110389361,
                        -0.39295292382415414,
                        0.42259270662646153,
                        1.4060402904157963,
                        -0.7200318721542662
                    ],
                    [
                        -0.1618791110389361,
                        0.8838376222861486,
                        0.03002110302337962,
                        -0.8468239846112677,
                        -1.2986837642164555,
                        2.049908676244996
                    ],
                    [
                        -0.39295292382415414,
                        0.03002110302337962,
                        1.2223709315767786,
                        -0.14954928925594854,
                        -1.6606638902737885,
                        0.4112648438542013
                    ],
                    [
                        0.42259270662646153,
                        -0.8468239846112677,
                        -0.14954928925594857,
                        1.842907627877537,
                        2.3602058396527594,
                        -3.213991319268794
                    ],
                    [
                        1.406040290415796,
                        -1.2986837642164553,
                        -1.6606638902737885,
                        2.3602058396527594,
                        6.340565864832097,
                        -5.513140324665044
                    ],
                    [
                        -0.7200318721542662,
                        2.0499086762449963,
                        0.4112648438542012,
                        -3.213991319268794,
                        -5.513140324665044,
                        8.215859097562676
                    ]
                ]
            },
            "est_tgt": [
                0,
                2,
                3,
                5
            ],
            "oracle_est_tgt": [],
            "intv_base_est_tgt": [
                0,
                1,
                2,
                3,
                4,
                5
            ]
        }
    },
    "metric_dict": {
        "param_est_rel_err": 67.3920841591503,
        "weight_precision_error": 0.3695057345899041,
        "est_dag": {
            "amat": [
                [
                    0,
                    0,
                    1,
                    1,
                    1,
                    1
                ],
                [
                    0,
                    0,
                    0,
                    0,
                    0,
                    0
                ],
                [
                    0,
                    1,
                    0,
                    0,
                    1,
                    1
                ],
                [
                    0,
                    1,
                    0,
                    0,
                    1,
                    1
                ],
                [
                    0,
                    0,
                    0,
                    0,
                    0,
                    0
                ],
                [
                    0,
                    1,
                    0,
                    0,
                    1,
                    0
                ]
            ],
            "nodes": [
                0,
                1,
                2,
                3,
                4,
                5
            ]
        },
        "oracle_est_dag": {
            "amat": [
                [
                    0,
                    0,
                    1,
                    1,
                    1,
                    1
                ],
                [
                    0,
                    0,
                    0,
                    0,
                    0,
                    0
                ],
                [
                    0,
                    1,
                    0,
                    0,
                    1,
                    1
                ],
                [
                    0,
                    1,
                    0,
                    0,
                    1,
                    1
                ],
                [
                    0,
                    0,
                    0,
                    0,
                    0,
                    0
                ],
                [
                    0,
                    1,
                    0,
                    0,
                    1,
                    0
                ]
            ],
            "nodes": [
                0,
                1,
                2,
                3,
                4,
                5
            ]
        },
        "igsp_dag": {
            "amat": [
                [
                    0,
                    0,
                    1,
                    1,
                    1,
                    1
                ],
                [
                    0,
                    0,
                    0,
                    0,
                    0,
                    0
                ],
                [
                    0,
                    1,
                    0,
                    0,
                    1,
                    1
                ],
                [
                    0,
                    1,
                    0,
                    0,
                    1,
                    1
                ],
                [
                    0,
                    0,
                    0,
                    0,
                    0,
                    0
                ],
                [
                    0,
                    1,
                    0,
                    0,
                    1,
                    0
                ]
            ],
            "nodes": [
                0,
                1,
                2,
                3,
                4,
                5
            ]
        },
        "intv_base_est_dag": {
            "amat": [
                [
                    0,
                    0,
                    1,
                    1,
                    1,
                    0
                ],
                [
                    0,
                    0,
                    0,
                    0,
                    1,
                    0
                ],
                [
                    0,
                    0,
                    0,
                    0,
                    1,
                    0
                ],
                [
                    0,
                    1,
                    0,
                    0,
                    1,
                    0
                ],
                [
                    0,
                    0,
                    0,
                    0,
                    0,
                    0
                ],
                [
                    0,
                    0,
                    0,
                    0,
                    0,
                    0
                ]
            ],
            "nodes": [
                0,
                1,
                2,
                3,
                4,
                5
            ]
        },
        "act_dag": {
            "amat": [
                [
                    0,
                    1,
                    1,
                    1,
                    1,
                    1
                ],
                [
                    0,
                    0,
                    0,
                    1,
                    1,
                    1
                ],
                [
                    0,
                    0,
                    0,
                    0,
                    1,
                    1
                ],
                [
                    0,
                    0,
                    0,
                    0,
                    1,
                    1
                ],
                [
                    0,
                    0,
                    0,
                    0,
                    0,
                    1
                ],
                [
                    0,
                    0,
                    0,
                    0,
                    0,
                    0
                ]
            ],
            "nodes": [
                0,
                1,
                2,
                3,
                4,
                5
            ]
        },
        "shd": 6,
        "oracle_shd": 6,
        "intv_base_shd": 7,
        "igsp_shd": 6,
        "avg_js": 0.41666666666666663,
        "avg_oracle_js": 0.6666666666666666,
        "avg_intv_base_js": 0.1875
    }
}