{
    "expt_args": {
        "save_dir": "all_expt_logs/expt_logs_11.05.24-half_intv_weight_error",
        "exp_name": "180",
        "num_nodes": 6,
        "obs_noise_mean": 0.0,
        "obs_noise_var": 1.0,
        "max_edge_strength": 1.0,
        "graph_sparsity_method": "adj_dense_prop",
        "adj_dense_prop": 0.8,
        "num_parents": null,
        "new_noise_mean": 1.0,
        "mix_samples": 16384,
        "stage2_samples": 16384,
        "gmm_tol": 0.001,
        "intv_type": "do",
        "new_noise_var": null,
        "intv_targets": [
            2,
            0,
            3
        ]
    },
    "intv_args_dict": {
        "2": {
            "intv_type": "do",
            "inode": 2,
            "new_mui": 1.0,
            "new_vari": null,
            "true_params": {
                "Si": [
                    [
                        1.0,
                        0.6859832369694644,
                        0.0,
                        -0.1261613235893443,
                        -1.1759310048537739,
                        0.04029604409084975
                    ],
                    [
                        0.6859832369694644,
                        1.4705730014031042,
                        0.0,
                        -1.0805352636271117,
                        -0.8387691244388851,
                        -0.5597686733639561
                    ],
                    [
                        0.0,
                        0.0,
                        1e-09,
                        9.118944119163622e-10,
                        -1.4326780942558108e-09,
                        -1.539167578964896e-09
                    ],
                    [
                        -0.1261613235893443,
                        -1.0805352636271117,
                        9.118944119163622e-10,
                        2.003934212943653,
                        -0.3400269004357095,
                        0.7561919419693993
                    ],
                    [
                        -1.1759310048537739,
                        -0.8387691244388851,
                        -1.4326780942558108e-09,
                        -0.3400269004357095,
                        2.6545470621521186,
                        0.6275970288554755
                    ],
                    [
                        0.04029604409084975,
                        -0.5597686733639561,
                        -1.539167578964896e-09,
                        0.7561919419693993,
                        0.6275970288554755,
                        1.9382817370392904
                    ]
                ],
                "mui": [
                    0.0,
                    0.0,
                    1.0,
                    0.9118944119163622,
                    -1.4326780942558106,
                    -1.5391675789648958
                ],
                "Ai": [
                    [
                        0.0,
                        0.0,
                        0.0,
                        0.0,
                        0.0,
                        0.0
                    ],
                    [
                        0.6859832369694644,
                        0.0,
                        0.0,
                        0.0,
                        0.0,
                        0.0
                    ],
                    [
                        0.0,
                        0.0,
                        0.0,
                        0.0,
                        0.0,
                        0.0
                    ],
                    [
                        0.5556996415108094,
                        -0.9939907104909413,
                        0.9118944119163622,
                        0.0,
                        0.0,
                        0.0
                    ],
                    [
                        -0.8647852064191154,
                        -0.5492647661809815,
                        -0.9582274753471076,
                        -0.5202911792294425,
                        0.0,
                        0.0
                    ],
                    [
                        0.9918974381322392,
                        -0.0,
                        -0.9837729997690177,
                        0.5667925937836038,
                        0.7484232379079514,
                        0.0
                    ]
                ]
            },
            "est_params": {
                "mui": [
                    -0.006960545989114649,
                    0.010188761846789284,
                    0.9999982682331835,
                    0.9129354296149005,
                    -1.453678599121901,
                    -1.560950151545616
                ],
                "Si": [
                    [
                        1.0052642722548195,
                        0.6795793645704437,
                        9.40944326659733e-07,
                        -0.13266338011580292,
                        -1.186019549912861,
                        -0.0007031105243310523
                    ],
                    [
                        0.6795793645704438,
                        1.496908388825684,
                        6.943156850362685e-07,
                        -1.1355696360716991,
                        -0.8253443749291813,
                        -0.6047411661093636
                    ],
                    [
                        9.40944326659733e-07,
                        6.94315685036268e-07,
                        1.0101172168718369e-06,
                        -1.5999594770370107e-06,
                        -3.0323199467428465e-06,
                        -1.8024318314689156e-06
                    ],
                    [
                        -0.13266338011580292,
                        -1.135569636071699,
                        -1.5999594770370113e-06,
                        2.054439551763212,
                        -0.30664132086725326,
                        0.8008506657678983
                    ],
                    [
                        -1.1860195499128612,
                        -0.8253443749291813,
                        -3.0323199467428465e-06,
                        -0.3066413208672533,
                        2.6250431150859255,
                        0.6425540233462197
                    ],
                    [
                        -0.000703110524331063,
                        -0.6047411661093636,
                        -1.8024318314689156e-06,
                        0.8008506657678983,
                        0.6425540233462197,
                        1.9390947054163483
                    ]
                ]
            },
            "est_tgt": [
                1,
                2
            ],
            "oracle_est_tgt": [
                2
            ],
            "intv_base_est_tgt": [
                0,
                1,
                2,
                3,
                4,
                5
            ]
        },
        "0": {
            "intv_type": "do",
            "inode": 0,
            "new_mui": 1.0,
            "new_vari": null,
            "true_params": {
                "Si": [
                    [
                        1e-09,
                        6.859832369694644e-10,
                        -2.8948714068266883e-10,
                        -3.901430294995158e-10,
                        -7.611891198289643e-10,
                        4.858652655568633e-10
                    ],
                    [
                        6.859832369694644e-10,
                        1.000000000470573,
                        0.9431933845851495,
                        -0.13389793381780768,
                        -1.383392668825347,
                        -2.0391437623464492
                    ],
                    [
                        -2.8948714068266883e-10,
                        0.9431933845851495,
                        1.8896137611835975,
                        0.7856027668685657,
                        -2.737484907337336,
                        -3.4624744866880928
                    ],
                    [
                        -3.901430294995158e-10,
                        -0.13389793381780768,
                        0.7856027668685657,
                        1.849480075245507,
                        -1.6415089075850662,
                        -0.9531265936461748
                    ],
                    [
                        -7.611891198289643e-10,
                        -1.383392668825347,
                        -2.737484907337336,
                        -1.6415089075850662,
                        5.237044708238837,
                        5.6821946045184255
                    ],
                    [
                        4.858652655568633e-10,
                        -2.0391437623464492,
                        -3.4624744866880928,
                        -0.9531265936461748,
                        5.6821946045184255,
                        8.118750302994687
                    ]
                ],
                "mui": [
                    1.0,
                    0.6859832369694644,
                    -0.2894871406826688,
                    -0.39014302949951574,
                    -0.7611891198289643,
                    0.48586526555686327
                ],
                "Ai": [
                    [
                        0.0,
                        0.0,
                        0.0,
                        0.0,
                        0.0,
                        0.0
                    ],
                    [
                        0.6859832369694644,
                        0.0,
                        0.0,
                        0.0,
                        0.0,
                        0.0
                    ],
                    [
                        -0.9365019918647994,
                        0.9431933847837328,
                        0.0,
                        0.0,
                        0.0,
                        0.0
                    ],
                    [
                        0.5556996415108094,
                        -0.9939907104909413,
                        0.9118944119163622,
                        0.0,
                        0.0,
                        0.0
                    ],
                    [
                        -0.8647852064191154,
                        -0.5492647661809815,
                        -0.9582274753471076,
                        -0.5202911792294425,
                        0.0,
                        0.0
                    ],
                    [
                        0.9918974381322392,
                        -0.0,
                        -0.9837729997690177,
                        0.5667925937836038,
                        0.7484232379079514,
                        0.0
                    ]
                ]
            },
            "est_params": {
                "mui": [
                    1.0000002791715943,
                    0.6818010791344333,
                    -0.2703083874542452,
                    -0.37462925425012467,
                    -0.7873487294240875,
                    0.4432028715626206
                ],
                "Si": [
                    [
                        1.0177278349241023e-06,
                        1.1231060596305865e-06,
                        1.142213722358505e-06,
                        -1.7202504027936114e-06,
                        9.304268366029874e-07,
                        -1.5342402568044342e-06
                    ],
                    [
                        1.1231060596305868e-06,
                        0.9502674690144114,
                        0.8605070057668036,
                        -0.14898826237461135,
                        -1.2685502656731524,
                        -1.8611834959850357
                    ],
                    [
                        1.1422137223585044e-06,
                        0.8605070057668036,
                        1.7821210536556122,
                        0.7702353184684606,
                        -2.582380329143042,
                        -3.234105693636013
                    ],
                    [
                        -1.7202504027936114e-06,
                        -0.14898826237461138,
                        0.7702353184684606,
                        1.814009827753372,
                        -1.575169295695392,
                        -0.8861459612703484
                    ],
                    [
                        9.304268366029891e-07,
                        -1.2685502656731524,
                        -2.582380329143042,
                        -1.575169295695392,
                        5.001669992485148,
                        5.3563514727853185
                    ],
                    [
                        -1.5342402568044335e-06,
                        -1.8611834959850357,
                        -3.2341056936360135,
                        -0.8861459612703482,
                        5.3563514727853185,
                        7.627425968207844
                    ]
                ]
            },
            "est_tgt": [
                0
            ],
            "oracle_est_tgt": [
                0
            ],
            "intv_base_est_tgt": []
        },
        "3": {
            "intv_type": "do",
            "inode": 3,
            "new_mui": 1.0,
            "new_vari": null,
            "true_params": {
                "Si": [
                    [
                        1.0,
                        0.6859832369694644,
                        -0.2894871406826688,
                        0.0,
                        -0.9641770967154145,
                        0.5550745262757454
                    ],
                    [
                        0.6859832369694644,
                        1.4705730014031042,
                        0.744610058957201,
                        0.0,
                        -2.1144679078630513,
                        -1.634619174062155
                    ],
                    [
                        -0.2894871406826688,
                        0.744610058957201,
                        1.973416565720422,
                        0.0,
                        -2.0496258467966317,
                        -3.762523100627381
                    ],
                    [
                        0.0,
                        0.0,
                        0.0,
                        1e-09,
                        -5.202911792294425e-10,
                        1.7739458476975823e-10
                    ],
                    [
                        -0.9641770967154145,
                        -2.1144679078630513,
                        -2.0496258467966317,
                        -5.202911792294425e-10,
                        4.959216611470028,
                        4.771594729117837
                    ],
                    [
                        0.5550745262757454,
                        -1.634619174062155,
                        -3.762523100627381,
                        1.7739458476975823e-10,
                        4.771594729117837,
                        8.823218015241235
                    ]
                ],
                "mui": [
                    0.0,
                    0.0,
                    0.0,
                    1.0,
                    -0.5202911792294425,
                    0.17739458476975822
                ],
                "Ai": [
                    [
                        0.0,
                        0.0,
                        0.0,
                        0.0,
                        0.0,
                        0.0
                    ],
                    [
                        0.6859832369694644,
                        0.0,
                        0.0,
                        0.0,
                        0.0,
                        0.0
                    ],
                    [
                        -0.9365019918647994,
                        0.9431933847837328,
                        0.0,
                        0.0,
                        0.0,
                        0.0
                    ],
                    [
                        0.0,
                        0.0,
                        0.0,
                        0.0,
                        0.0,
                        0.0
                    ],
                    [
                        -0.8647852064191154,
                        -0.5492647661809815,
                        -0.9582274753471076,
                        -0.5202911792294425,
                        0.0,
                        0.0
                    ],
                    [
                        0.9918974381322392,
                        -0.0,
                        -0.9837729997690177,
                        0.5667925937836038,
                        0.7484232379079514,
                        0.0
                    ]
                ]
            },
            "est_params": {
                "mui": [
                    -0.025850704420484864,
                    -0.017300689703176213,
                    0.02784206364160822,
                    0.9999991498763544,
                    -0.5196469903551927,
                    0.1388970783232504
                ],
                "Si": [
                    [
                        0.9684300325774575,
                        0.6545710574306811,
                        -0.30479767475288744,
                        -1.946249491797204e-06,
                        -0.9204984346223706,
                        0.5802331127038176
                    ],
                    [
                        0.6545710574306811,
                        1.403882922783198,
                        0.7109912776129025,
                        -9.738721566651471e-07,
                        -2.0344055908699454,
                        -1.5709372546254192
                    ],
                    [
                        -0.30479767475288744,
                        0.7109912776129025,
                        1.9557604970457272,
                        5.14431236679314e-07,
                        -2.0108342620118744,
                        -3.7568945550630093
                    ],
                    [
                        -1.946249491797204e-06,
                        -9.73872156665147e-07,
                        5.144312366793141e-07,
                        1.0078510886115175e-06,
                        3.890923235338523e-06,
                        -1.8922420556748115e-06
                    ],
                    [
                        -0.9204984346223706,
                        -2.0344055908699454,
                        -2.0108342620118744,
                        3.890923235338523e-06,
                        4.8779202514112106,
                        4.710919385542203
                    ],
                    [
                        0.5802331127038176,
                        -1.5709372546254194,
                        -3.7568945550630093,
                        -1.8922420556748115e-06,
                        4.710919385542203,
                        8.817980407393245
                    ]
                ]
            },
            "est_tgt": [
                3,
                4
            ],
            "oracle_est_tgt": [
                3,
                4
            ],
            "intv_base_est_tgt": [
                0,
                1,
                2,
                3,
                4,
                5
            ]
        },
        "obs": {
            "intv_type": "obs",
            "true_params": {
                "Si": [
                    [
                        1.0,
                        0.6859832369694644,
                        -0.2894871406826688,
                        -0.39014302949951574,
                        -0.7611891198289643,
                        0.48586526555686327
                    ],
                    [
                        0.6859832369694644,
                        1.4705730014031042,
                        0.744610058957201,
                        -0.40152951180732716,
                        -1.9055556446693944,
                        -1.7058483350820195
                    ],
                    [
                        -0.2894871406826688,
                        0.744610058957201,
                        1.973416565720422,
                        0.8985441568227132,
                        -2.5171304457396464,
                        -3.6031262330305234
                    ],
                    [
                        -0.39014302949951574,
                        -0.40152951180732716,
                        0.8985441568227132,
                        2.0016916585603557,
                        -1.3445362786498969,
                        -1.1426835400895592
                    ],
                    [
                        -0.7611891198289643,
                        -1.9055556446693944,
                        -2.5171304457396464,
                        -1.3445362786498969,
                        5.816453583805422,
                        5.312359251043565
                    ],
                    [
                        0.48586526555686327,
                        -1.7058483350820195,
                        -3.6031262330305234,
                        -1.1426835400895592,
                        5.312359251043565,
                        8.354815359033264
                    ]
                ],
                "mui": [
                    0.0,
                    0.0,
                    0.0,
                    0.0,
                    0.0,
                    0.0
                ],
                "Ai": [
                    [
                        0.0,
                        0.0,
                        0.0,
                        0.0,
                        0.0,
                        0.0
                    ],
                    [
                        0.6859832369694644,
                        0.0,
                        0.0,
                        0.0,
                        0.0,
                        0.0
                    ],
                    [
                        -0.9365019918647994,
                        0.9431933847837328,
                        0.0,
                        0.0,
                        0.0,
                        0.0
                    ],
                    [
                        0.5556996415108094,
                        -0.9939907104909413,
                        0.9118944119163622,
                        0.0,
                        0.0,
                        0.0
                    ],
                    [
                        -0.8647852064191154,
                        -0.5492647661809815,
                        -0.9582274753471076,
                        -0.5202911792294425,
                        0.0,
                        0.0
                    ],
                    [
                        0.9918974381322392,
                        -0.0,
                        -0.9837729997690177,
                        0.5667925937836038,
                        0.7484232379079514,
                        0.0
                    ]
                ]
            },
            "est_params": {
                "mui": [
                    0.05219715964244365,
                    -0.4094952686732524,
                    -0.8357218176440102,
                    -0.44712191919846017,
                    1.2523524819570873,
                    1.601373935705836
                ],
                "Si": [
                    [
                        0.9727427954220869,
                        0.6877259143570273,
                        -0.2549289268352227,
                        -0.38667587738820436,
                        -0.7706396718153298,
                        0.4798092453923804
                    ],
                    [
                        0.6877259143570273,
                        1.3145632647940917,
                        0.4245223920779805,
                        -0.6180050312814691,
                        -1.3507692776251066,
                        -1.0577291475082549
                    ],
                    [
                        -0.2549289268352227,
                        0.4245223920779805,
                        1.2582656490109123,
                        0.46445727092554273,
                        -1.4270504337702308,
                        -2.298384217014794
                    ],
                    [
                        -0.38667587738820436,
                        -0.6180050312814692,
                        0.46445727092554273,
                        1.789530497096875,
                        -0.7261973239194368,
                        -0.34560528922444717
                    ],
                    [
                        -0.7706396718153298,
                        -1.3507692776251063,
                        -1.4270504337702308,
                        -0.7261973239194368,
                        4.116465601725904,
                        3.226724876138882
                    ],
                    [
                        0.4798092453923804,
                        -1.0577291475082549,
                        -2.298384217014794,
                        -0.34560528922444717,
                        3.226724876138882,
                        5.9395930461260305
                    ]
                ]
            },
            "est_tgt": [
                2,
                3,
                4,
                5
            ],
            "oracle_est_tgt": [],
            "intv_base_est_tgt": [
                0,
                1,
                2,
                4,
                5
            ]
        }
    },
    "metric_dict": {
        "param_est_rel_err": 31.42064188126849,
        "weight_precision_error": 0.3296747571384451,
        "est_dag": {
            "amat": [
                [
                    0,
                    1,
                    1,
                    0,
                    1,
                    1
                ],
                [
                    0,
                    0,
                    0,
                    1,
                    0,
                    0
                ],
                [
                    0,
                    1,
                    0,
                    1,
                    1,
                    1
                ],
                [
                    0,
                    0,
                    0,
                    0,
                    0,
                    1
                ],
                [
                    0,
                    0,
                    0,
                    1,
                    0,
                    1
                ],
                [
                    0,
                    0,
                    0,
                    0,
                    0,
                    0
                ]
            ],
            "nodes": [
                0,
                1,
                2,
                3,
                4,
                5
            ]
        },
        "oracle_est_dag": {
            "amat": [
                [
                    0,
                    1,
                    1,
                    0,
                    1,
                    1
                ],
                [
                    0,
                    0,
                    1,
                    1,
                    0,
                    0
                ],
                [
                    0,
                    0,
                    0,
                    1,
                    1,
                    1
                ],
                [
                    0,
                    0,
                    0,
                    0,
                    0,
                    1
                ],
                [
                    0,
                    0,
                    0,
                    1,
                    0,
                    1
                ],
                [
                    0,
                    0,
                    0,
                    0,
                    0,
                    0
                ]
            ],
            "nodes": [
                0,
                1,
                2,
                3,
                4,
                5
            ]
        },
        "igsp_dag": {
            "amat": [
                [
                    0,
                    1,
                    1,
                    0,
                    1,
                    1
                ],
                [
                    0,
                    0,
                    1,
                    1,
                    0,
                    0
                ],
                [
                    0,
                    0,
                    0,
                    1,
                    1,
                    1
                ],
                [
                    0,
                    0,
                    0,
                    0,
                    0,
                    1
                ],
                [
                    0,
                    0,
                    0,
                    1,
                    0,
                    1
                ],
                [
                    0,
                    0,
                    0,
                    0,
                    0,
                    0
                ]
            ],
            "nodes": [
                0,
                1,
                2,
                3,
                4,
                5
            ]
        },
        "intv_base_est_dag": {
            "amat": [
                [
                    0,
                    0,
                    0,
                    0,
                    0,
                    0
                ],
                [
                    0,
                    0,
                    0,
                    0,
                    0,
                    0
                ],
                [
                    0,
                    1,
                    0,
                    0,
                    0,
                    1
                ],
                [
                    0,
                    1,
                    0,
                    0,
                    1,
                    1
                ],
                [
                    0,
                    1,
                    1,
                    0,
                    0,
                    1
                ],
                [
                    0,
                    0,
                    0,
                    0,
                    0,
                    0
                ]
            ],
            "nodes": [
                0,
                1,
                2,
                3,
                4,
                5
            ]
        },
        "act_dag": {
            "amat": [
                [
                    0,
                    1,
                    1,
                    1,
                    1,
                    1
                ],
                [
                    0,
                    0,
                    1,
                    1,
                    1,
                    0
                ],
                [
                    0,
                    0,
                    0,
                    1,
                    1,
                    1
                ],
                [
                    0,
                    0,
                    0,
                    0,
                    1,
                    1
                ],
                [
                    0,
                    0,
                    0,
                    0,
                    0,
                    1
                ],
                [
                    0,
                    0,
                    0,
                    0,
                    0,
                    0
                ]
            ],
            "nodes": [
                0,
                1,
                2,
                3,
                4,
                5
            ]
        },
        "shd": 4,
        "oracle_shd": 3,
        "intv_base_shd": 10,
        "igsp_shd": 3,
        "avg_js": 0.5,
        "avg_oracle_js": 0.875,
        "avg_intv_base_js": 0.08333333333333333
    }
}