{
    "expt_args": {
        "save_dir": "all_expt_logs/expt_logs_11.05.24-half_intv_weight_error",
        "exp_name": "45",
        "num_nodes": 8,
        "obs_noise_mean": 0.0,
        "obs_noise_var": 1.0,
        "max_edge_strength": 1.0,
        "graph_sparsity_method": "adj_dense_prop",
        "adj_dense_prop": 0.8,
        "num_parents": null,
        "new_noise_mean": 1.0,
        "mix_samples": 32768,
        "stage2_samples": 32768,
        "gmm_tol": 0.001,
        "intv_type": "do",
        "new_noise_var": null,
        "intv_targets": [
            1,
            6,
            4,
            5
        ]
    },
    "intv_args_dict": {
        "1": {
            "intv_type": "do",
            "inode": 1,
            "new_mui": 1.0,
            "new_vari": null,
            "true_params": {
                "Si": [
                    [
                        1.0,
                        0.0,
                        -0.8328852566343137,
                        0.9993304732257928,
                        0.7259129023524409,
                        1.2921447787311156,
                        2.050750029594361,
                        -1.1197239824028473
                    ],
                    [
                        0.0,
                        1e-09,
                        0.0,
                        0.0,
                        0.0,
                        -7.651646319494529e-10,
                        1.673208091755485e-10,
                        7.822906482391338e-11
                    ],
                    [
                        -0.8328852566343137,
                        0.0,
                        1.6936978507188065,
                        -0.8323276176551546,
                        -1.5698573424719595,
                        -1.1519239209570733,
                        -3.194134125589232,
                        2.311456072100037
                    ],
                    [
                        0.9993304732257928,
                        0.0,
                        -0.8323276176551546,
                        1.998661394717687,
                        1.3692039086150896,
                        2.199085892227008,
                        3.8448067232732006,
                        -1.7394929995303605
                    ],
                    [
                        0.7259129023524409,
                        0.0,
                        -1.5698573424719595,
                        1.3692039086150896,
                        2.873115977859708,
                        2.1976025084286963,
                        5.420993740292715,
                        -4.1619936507093
                    ],
                    [
                        1.2921447787311156,
                        -7.651646319494529e-10,
                        -1.1519239209570733,
                        2.199085892227008,
                        2.1976025084286963,
                        3.8620175292876953,
                        5.968019416072054,
                        -3.2102020192287304
                    ],
                    [
                        2.050750029594361,
                        1.673208091755485e-10,
                        -3.194134125589232,
                        3.8448067232732006,
                        5.420993740292715,
                        5.968019416072054,
                        13.027969334974694,
                        -8.6423053507983
                    ],
                    [
                        -1.1197239824028473,
                        7.822906482391338e-11,
                        2.311456072100037,
                        -1.7394929995303605,
                        -4.1619936507093,
                        -3.2102020192287304,
                        -8.6423053507983,
                        8.01698318633158
                    ]
                ],
                "mui": [
                    0.0,
                    1.0,
                    0.0,
                    0.0,
                    0.0,
                    -0.7651646319494528,
                    0.16732080917554848,
                    0.07822906482391337
                ],
                "Ai": [
                    [
                        0.0,
                        0.0,
                        0.0,
                        0.0,
                        0.0,
                        0.0,
                        0.0,
                        0.0
                    ],
                    [
                        0.0,
                        0.0,
                        0.0,
                        0.0,
                        0.0,
                        0.0,
                        0.0,
                        0.0
                    ],
                    [
                        -0.8328852566343137,
                        0.0,
                        0.0,
                        0.0,
                        0.0,
                        0.0,
                        0.0,
                        0.0
                    ],
                    [
                        0.9993304732257928,
                        -0.0,
                        -0.0,
                        0.0,
                        0.0,
                        0.0,
                        0.0,
                        0.0
                    ],
                    [
                        -0.7213799114727093,
                        -0.0,
                        -0.9652551885019872,
                        0.643777024386516,
                        0.0,
                        0.0,
                        0.0,
                        0.0
                    ],
                    [
                        0.7562327640224272,
                        -0.7651646319494528,
                        0.505472556948793,
                        0.520182761528448,
                        0.6021082809880343,
                        0.0,
                        0.0,
                        0.0
                    ],
                    [
                        -0.5936802328681877,
                        0.7547337149232204,
                        -0.5787603801239887,
                        0.5321323778303716,
                        0.8797754522276084,
                        0.7676947956299118,
                        0.0,
                        0.0
                    ],
                    [
                        -0.9721777368461286,
                        0.6781772823902978,
                        -0.6535506852879097,
                        0.9727958781548834,
                        -0.7386507147623236,
                        0.5834299128788523,
                        -0.9175683751867253,
                        0.0
                    ]
                ]
            },
            "est_params": {
                "mui": [
                    -0.013859831806531884,
                    0.9999987890775487,
                    -0.008996318700140647,
                    -0.003473688544374351,
                    0.028933683816759325,
                    -0.7523915357343116,
                    0.20037451579012353,
                    0.03484269073521021
                ],
                "Si": [
                    [
                        1.0164598596608776,
                        -8.022768975943578e-07,
                        -0.8384858957805087,
                        1.0094439239703628,
                        0.7061418358172719,
                        1.2736367879196506,
                        2.022879199019841,
                        -1.0995087511099289
                    ],
                    [
                        -8.022768975943578e-07,
                        1.0160065857042005e-06,
                        2.5783744360838245e-08,
                        -6.135311790043736e-07,
                        -1.5790929446646548e-06,
                        -9.160977716610999e-09,
                        -1.7945604294074835e-06,
                        -4.3471388242420094e-07
                    ],
                    [
                        -0.8384858957805087,
                        2.5783744360838377e-08,
                        1.6857719629242318,
                        -0.8291095375377647,
                        -1.5313471658736773,
                        -1.114516560490934,
                        -3.1166869712328853,
                        2.252220296828593
                    ],
                    [
                        1.0094439239703628,
                        -6.135311790043733e-07,
                        -0.8291095375377647,
                        2.0063838501664253,
                        1.348280059489855,
                        2.1811706267848754,
                        3.789269656454068,
                        -1.674242105986517
                    ],
                    [
                        0.7061418358172719,
                        -1.5790929446646543e-06,
                        -1.5313471658736773,
                        1.348280059489855,
                        2.8064686727842774,
                        2.132854851888878,
                        5.265270997408969,
                        -4.038656148582767
                    ],
                    [
                        1.2736367879196508,
                        -9.16097771661123e-09,
                        -1.114516560490934,
                        2.1811706267848754,
                        2.132854851888878,
                        3.7722039413009316,
                        5.805319997079524,
                        -3.0607143114084407
                    ],
                    [
                        2.022879199019841,
                        -1.7945604294074835e-06,
                        -3.1166869712328857,
                        3.789269656454068,
                        5.265270997408971,
                        5.805319997079524,
                        12.676801245494842,
                        -8.341839698625693
                    ],
                    [
                        -1.0995087511099286,
                        -4.347138824242004e-07,
                        2.2522202968285927,
                        -1.674242105986517,
                        -4.038656148582767,
                        -3.0607143114084407,
                        -8.341839698625693,
                        7.8156603861991485
                    ]
                ]
            },
            "est_tgt": [
                1,
                5
            ],
            "oracle_est_tgt": [
                1
            ],
            "intv_base_est_tgt": [
                1,
                5,
                6,
                7
            ]
        },
        "6": {
            "intv_type": "do",
            "inode": 6,
            "new_mui": 1.0,
            "new_vari": null,
            "true_params": {
                "Si": [
                    [
                        1.0,
                        0.5325286634510826,
                        -0.8328852566343137,
                        0.9993304732257928,
                        0.7259129023524409,
                        0.884672679959034,
                        0.0,
                        0.8853968208532135
                    ],
                    [
                        0.5325286634510826,
                        1.2835867773969964,
                        -0.443535272523583,
                        0.5321721212528694,
                        0.3865694276716416,
                        -0.2940510720991811,
                        0.0,
                        0.7032565334668489
                    ],
                    [
                        -0.8328852566343137,
                        -0.443535272523583,
                        1.6936978507188065,
                        -0.8323276176551546,
                        -1.5698573424719595,
                        -0.8125464173999656,
                        0.0,
                        -0.7221729460762645
                    ],
                    [
                        0.9993304732257928,
                        0.5321721212528694,
                        -0.8323276176551546,
                        1.998661394717687,
                        1.3692039086150896,
                        1.791886606934797,
                        0.0,
                        1.9117148578632128
                    ],
                    [
                        0.7259129023524409,
                        0.3865694276716416,
                        -1.5698573424719595,
                        1.3692039086150896,
                        2.873115977859708,
                        1.901813254581414,
                        0.0,
                        0.9017290727794018
                    ],
                    [
                        0.884672679959034,
                        -0.2940510720991811,
                        -0.8125464173999656,
                        1.791886606934797,
                        1.901813254581414,
                        3.560502064152376,
                        0.0,
                        1.8872300217071163
                    ],
                    [
                        0.0,
                        0.0,
                        0.0,
                        0.0,
                        0.0,
                        0.0,
                        1e-09,
                        -9.175683751867253e-10
                    ],
                    [
                        0.8853968208532135,
                        0.7032565334668489,
                        -0.7221729460762645,
                        1.9117148578632128,
                        0.9017290727794018,
                        1.8872300217071163,
                        -9.175683751867253e-10,
                        3.382858108781645
                    ]
                ],
                "mui": [
                    0.0,
                    0.0,
                    0.0,
                    0.0,
                    0.0,
                    0.0,
                    1.0,
                    -0.9175683751867253
                ],
                "Ai": [
                    [
                        0.0,
                        0.0,
                        0.0,
                        0.0,
                        0.0,
                        0.0,
                        0.0,
                        0.0
                    ],
                    [
                        0.5325286634510826,
                        0.0,
                        0.0,
                        0.0,
                        0.0,
                        0.0,
                        0.0,
                        0.0
                    ],
                    [
                        -0.8328852566343137,
                        0.0,
                        0.0,
                        0.0,
                        0.0,
                        0.0,
                        0.0,
                        0.0
                    ],
                    [
                        0.9993304732257928,
                        -0.0,
                        -0.0,
                        0.0,
                        0.0,
                        0.0,
                        0.0,
                        0.0
                    ],
                    [
                        -0.7213799114727093,
                        -0.0,
                        -0.9652551885019872,
                        0.643777024386516,
                        0.0,
                        0.0,
                        0.0,
                        0.0
                    ],
                    [
                        0.7562327640224272,
                        -0.7651646319494528,
                        0.505472556948793,
                        0.520182761528448,
                        0.6021082809880343,
                        0.0,
                        0.0,
                        0.0
                    ],
                    [
                        0.0,
                        0.0,
                        0.0,
                        0.0,
                        0.0,
                        0.0,
                        0.0,
                        0.0
                    ],
                    [
                        -0.9721777368461286,
                        0.6781772823902978,
                        -0.6535506852879097,
                        0.9727958781548834,
                        -0.7386507147623236,
                        0.5834299128788523,
                        -0.9175683751867253,
                        0.0
                    ]
                ]
            },
            "est_params": {
                "mui": [
                    0.018875167180019935,
                    0.027085162019248078,
                    -0.012784062367188154,
                    0.04927595329546645,
                    0.015989439426138972,
                    0.01911649411640375,
                    1.0000002311034983,
                    -0.8740652851789347
                ],
                "Si": [
                    [
                        1.0393124323667227,
                        0.5382840511035504,
                        -0.8666208792548795,
                        1.0223398284907426,
                        0.7592961943402533,
                        0.9203541732323949,
                        -1.2081477414819314e-08,
                        0.8863824136959112
                    ],
                    [
                        0.5382840511035504,
                        1.2782428371644126,
                        -0.445122490418649,
                        0.5367067631442959,
                        0.38097865204217884,
                        -0.2809753235235315,
                        -1.7709681799704533e-07,
                        0.6988152946398335
                    ],
                    [
                        -0.8666208792548795,
                        -0.445122490418649,
                        1.7457501028261446,
                        -0.8611677120574031,
                        -1.621644683490069,
                        -0.8659791818625595,
                        -5.471951657857165e-07,
                        -0.734590980902014
                    ],
                    [
                        1.0223398284907426,
                        0.5367067631442959,
                        -0.8611677120574031,
                        2.040679985208143,
                        1.4302675503089695,
                        1.8337921108910318,
                        6.407387949977687e-07,
                        1.9327856676678985
                    ],
                    [
                        0.7592961943402533,
                        0.3809786520421788,
                        -1.6216446834900689,
                        1.4302675503089695,
                        2.952847060636633,
                        1.987116043045186,
                        6.450433194464259e-07,
                        0.9522511034465114
                    ],
                    [
                        0.9203541732323949,
                        -0.2809753235235315,
                        -0.8659791818625595,
                        1.8337921108910318,
                        1.987116043045186,
                        3.5767628832628637,
                        -8.618789546513067e-07,
                        1.8970852906667295
                    ],
                    [
                        -1.2081477414819132e-08,
                        -1.7709681799704506e-07,
                        -5.471951657857163e-07,
                        6.407387949977686e-07,
                        6.450433194464262e-07,
                        -8.618789546513065e-07,
                        1.0042700487247104e-06,
                        -2.5618871009335976e-07
                    ],
                    [
                        0.8863824136959115,
                        0.6988152946398335,
                        -0.734590980902014,
                        1.9327856676678985,
                        0.9522511034465114,
                        1.8970852906667295,
                        -2.5618871009335997e-07,
                        3.3718082105485974
                    ]
                ]
            },
            "est_tgt": [
                4,
                5,
                6
            ],
            "oracle_est_tgt": [
                2,
                3,
                6,
                7
            ],
            "intv_base_est_tgt": [
                5,
                6,
                7
            ]
        },
        "4": {
            "intv_type": "do",
            "inode": 4,
            "new_mui": 1.0,
            "new_vari": null,
            "true_params": {
                "Si": [
                    [
                        1.0,
                        0.5325286634510826,
                        -0.8328852566343137,
                        0.9993304732257928,
                        0.0,
                        0.44759451017657104,
                        1.1656701683017512,
                        0.0970063441813318
                    ],
                    [
                        0.5325286634510826,
                        1.2835867773969964,
                        -0.443535272523583,
                        0.5321721212528694,
                        0.0,
                        -0.5268077256770815,
                        0.7880735859260786,
                        0.1298877236370737
                    ],
                    [
                        -0.8328852566343137,
                        -0.443535272523583,
                        1.6936978507188065,
                        -0.8323276176551546,
                        0.0,
                        0.13267768847226974,
                        -1.1615812260976237,
                        -0.264446978150229
                    ],
                    [
                        0.9993304732257928,
                        0.5321721212528694,
                        -0.8323276176551546,
                        1.998661394717687,
                        0.0,
                        0.9674775951964677,
                        2.0963636975463356,
                        0.5185363939640553
                    ],
                    [
                        0.0,
                        0.0,
                        0.0,
                        0.0,
                        1e-09,
                        6.021082809880342e-10,
                        1.342010845947795e-09,
                        -1.6187494442411204e-09
                    ],
                    [
                        0.44759451017657104,
                        -0.5268077256770815,
                        0.13267768847226974,
                        0.9674775951964677,
                        6.021082809880342e-10,
                        2.3119103711087936,
                        1.5495515593254163,
                        -0.010945667682560098
                    ],
                    [
                        1.1656701683017512,
                        0.7880735859260786,
                        -1.1615812260976237,
                        2.0963636975463356,
                        1.342010845947795e-09,
                        1.5495515593254163,
                        3.8801532281427256,
                        -0.45654997563664684
                    ],
                    [
                        0.0970063441813318,
                        0.1298877236370737,
                        -0.264446978150229,
                        0.5185363939640553,
                        -1.6187494442411204e-09,
                        -0.010945667682560098,
                        -0.45654997563664684,
                        2.0835688563897685
                    ]
                ],
                "mui": [
                    0.0,
                    0.0,
                    0.0,
                    0.0,
                    1.0,
                    0.6021082809880343,
                    1.342010845947795,
                    -1.6187494442411203
                ],
                "Ai": [
                    [
                        0.0,
                        0.0,
                        0.0,
                        0.0,
                        0.0,
                        0.0,
                        0.0,
                        0.0
                    ],
                    [
                        0.5325286634510826,
                        0.0,
                        0.0,
                        0.0,
                        0.0,
                        0.0,
                        0.0,
                        0.0
                    ],
                    [
                        -0.8328852566343137,
                        0.0,
                        0.0,
                        0.0,
                        0.0,
                        0.0,
                        0.0,
                        0.0
                    ],
                    [
                        0.9993304732257928,
                        -0.0,
                        -0.0,
                        0.0,
                        0.0,
                        0.0,
                        0.0,
                        0.0
                    ],
                    [
                        0.0,
                        0.0,
                        0.0,
                        0.0,
                        0.0,
                        0.0,
                        0.0,
                        0.0
                    ],
                    [
                        0.7562327640224272,
                        -0.7651646319494528,
                        0.505472556948793,
                        0.520182761528448,
                        0.6021082809880343,
                        0.0,
                        0.0,
                        0.0
                    ],
                    [
                        -0.5936802328681877,
                        0.7547337149232204,
                        -0.5787603801239887,
                        0.5321323778303716,
                        0.8797754522276084,
                        0.7676947956299118,
                        0.0,
                        0.0
                    ],
                    [
                        -0.9721777368461286,
                        0.6781772823902978,
                        -0.6535506852879097,
                        0.9727958781548834,
                        -0.7386507147623236,
                        0.5834299128788523,
                        -0.9175683751867253,
                        0.0
                    ]
                ]
            },
            "est_params": {
                "mui": [
                    0.0014248985110584431,
                    -0.019363033255504185,
                    0.021059229380590266,
                    0.016165705657711412,
                    0.9999991160106629,
                    0.6418363454629428,
                    1.3332354704540013,
                    -1.6035190894021465
                ],
                "Si": [
                    [
                        0.9956536085327629,
                        0.5409180174231883,
                        -0.8292906181750972,
                        1.004429331424817,
                        -5.025953250037744e-07,
                        0.4341937699537417,
                        1.1409704837431995,
                        0.1174305624646081
                    ],
                    [
                        0.5409180174231883,
                        1.3158795018725196,
                        -0.45272828280690375,
                        0.5468695785233401,
                        -5.563112120988569e-07,
                        -0.5349645041393379,
                        0.8017940301484844,
                        0.1314701361928756
                    ],
                    [
                        -0.8292906181750972,
                        -0.45272828280690375,
                        1.6996076900861168,
                        -0.8341484306253221,
                        -1.6709322951423369e-07,
                        0.1489799943155908,
                        -1.1431365077028124,
                        -0.27330880267450214
                    ],
                    [
                        1.004429331424817,
                        0.5468695785233401,
                        -0.8341484306253221,
                        2.027169193015026,
                        -1.6223529545305642e-06,
                        0.9519705941382779,
                        2.1024336240220642,
                        0.5432711801715312
                    ],
                    [
                        -5.025953250037746e-07,
                        -5.563112120988571e-07,
                        -1.6709322951423358e-07,
                        -1.6223529545305642e-06,
                        1.0075077808498999e-06,
                        -1.1334190884294711e-06,
                        -2.285150815984338e-06,
                        -5.812213675993212e-07
                    ],
                    [
                        0.4341937699537417,
                        -0.5349645041393379,
                        0.1489799943155908,
                        0.9519705941382777,
                        -1.1334190884294711e-06,
                        2.2620238688801915,
                        1.4566883812460882,
                        0.05371986437861051
                    ],
                    [
                        1.1409704837431995,
                        0.8017940301484844,
                        -1.1431365077028124,
                        2.1024336240220642,
                        -2.2851508159843376e-06,
                        1.4566883812460882,
                        3.800026012806073,
                        -0.3880286947282668
                    ],
                    [
                        0.1174305624646081,
                        0.1314701361928756,
                        -0.27330880267450214,
                        0.5432711801715312,
                        -5.812213675993216e-07,
                        0.053719864378610545,
                        -0.3880286947282669,
                        2.0613814444944034
                    ]
                ]
            },
            "est_tgt": [
                4,
                6,
                7
            ],
            "oracle_est_tgt": [
                2,
                3,
                4,
                5,
                6,
                7
            ],
            "intv_base_est_tgt": [
                4,
                5,
                6
            ]
        },
        "5": {
            "intv_type": "do",
            "inode": 5,
            "new_mui": 1.0,
            "new_vari": null,
            "true_params": {
                "Si": [
                    [
                        1.0,
                        0.5325286634510826,
                        -0.8328852566343137,
                        0.9993304732257928,
                        0.7259129023524409,
                        0.0,
                        1.4606945442316526,
                        -0.9710348033363382
                    ],
                    [
                        0.5325286634510826,
                        1.2835867773969964,
                        -0.443535272523583,
                        0.5321721212528694,
                        0.3865694276716416,
                        0.0,
                        1.5325954282731906,
                        -0.5314463720956277
                    ],
                    [
                        -0.8328852566343137,
                        -0.443535272523583,
                        1.6936978507188065,
                        -0.8323276176551546,
                        -1.5698573424719595,
                        0.0,
                        -2.6445591504400916,
                        2.1784547821919227
                    ],
                    [
                        0.9993304732257928,
                        0.5321721212528694,
                        -0.8323276176551546,
                        1.998661394717687,
                        1.3692039086150896,
                        0.0,
                        2.558228170719114,
                        -1.4810746550731837
                    ],
                    [
                        0.7259129023524409,
                        0.3865694276716416,
                        -1.5698573424719595,
                        1.3692039086150896,
                        2.873115977859708,
                        0.0,
                        4.025662711931126,
                        -3.901666462289309
                    ],
                    [
                        0.0,
                        0.0,
                        0.0,
                        0.0,
                        0.0,
                        1e-09,
                        7.676947956299119e-10,
                        -1.2098255338659103e-10
                    ],
                    [
                        1.4606945442316526,
                        1.5325954282731906,
                        -2.6445591504400916,
                        2.558228170719114,
                        4.025662711931126,
                        7.676947956299119e-10,
                        7.723077296067096,
                        -6.223706173880551
                    ],
                    [
                        -0.9710348033363382,
                        -0.5314463720956277,
                        2.1784547821919227,
                        -1.4810746550731837,
                        -3.901666462289309,
                        -1.2098255338659103e-10,
                        -6.223706173880551,
                        7.311734308348004
                    ]
                ],
                "mui": [
                    0.0,
                    0.0,
                    0.0,
                    0.0,
                    0.0,
                    1.0,
                    0.7676947956299118,
                    -0.12098255338659103
                ],
                "Ai": [
                    [
                        0.0,
                        0.0,
                        0.0,
                        0.0,
                        0.0,
                        0.0,
                        0.0,
                        0.0
                    ],
                    [
                        0.5325286634510826,
                        0.0,
                        0.0,
                        0.0,
                        0.0,
                        0.0,
                        0.0,
                        0.0
                    ],
                    [
                        -0.8328852566343137,
                        0.0,
                        0.0,
                        0.0,
                        0.0,
                        0.0,
                        0.0,
                        0.0
                    ],
                    [
                        0.9993304732257928,
                        -0.0,
                        -0.0,
                        0.0,
                        0.0,
                        0.0,
                        0.0,
                        0.0
                    ],
                    [
                        -0.7213799114727093,
                        -0.0,
                        -0.9652551885019872,
                        0.643777024386516,
                        0.0,
                        0.0,
                        0.0,
                        0.0
                    ],
                    [
                        0.0,
                        0.0,
                        0.0,
                        0.0,
                        0.0,
                        0.0,
                        0.0,
                        0.0
                    ],
                    [
                        -0.5936802328681877,
                        0.7547337149232204,
                        -0.5787603801239887,
                        0.5321323778303716,
                        0.8797754522276084,
                        0.7676947956299118,
                        0.0,
                        0.0
                    ],
                    [
                        -0.9721777368461286,
                        0.6781772823902978,
                        -0.6535506852879097,
                        0.9727958781548834,
                        -0.7386507147623236,
                        0.5834299128788523,
                        -0.9175683751867253,
                        0.0
                    ]
                ]
            },
            "est_params": {
                "mui": [
                    0.007402286160328727,
                    0.006297093333365872,
                    -0.0017044105396498226,
                    0.0016399626930350803,
                    -0.0009136340808340775,
                    1.000000414705253,
                    0.7534232612538818,
                    -0.11528680680823405
                ],
                "Si": [
                    [
                        0.9970718099202505,
                        0.5414739252546362,
                        -0.8153328570019601,
                        1.0039947506088092,
                        0.7315021883043494,
                        5.231363225892589e-07,
                        1.4661970597844631,
                        -0.9829993988640657
                    ],
                    [
                        0.5414739252546361,
                        1.3108498600475995,
                        -0.4374310240311071,
                        0.5172964070368257,
                        0.36492770428222626,
                        5.1955264093879834e-08,
                        1.5195544663403062,
                        -0.4992493915755802
                    ],
                    [
                        -0.8153328570019602,
                        -0.43743102403110706,
                        1.6540967533812894,
                        -0.8391673689773699,
                        -1.560294670713105,
                        -4.942181405279571e-08,
                        -2.627278849833837,
                        2.170573545154875
                    ],
                    [
                        1.0039947506088092,
                        0.5172964070368256,
                        -0.8391673689773695,
                        2.011075227416967,
                        1.4226560168600673,
                        -1.121771584345207e-06,
                        2.5981589212952207,
                        -1.5636804090240062
                    ],
                    [
                        0.7315021883043493,
                        0.36492770428222626,
                        -1.560294670713105,
                        1.4226560168600673,
                        2.927792455446195,
                        -2.356026013567056e-06,
                        4.05451925937069,
                        -3.946558319452146
                    ],
                    [
                        5.23136322589259e-07,
                        5.1955264093879635e-08,
                        -4.942181405279577e-08,
                        -1.121771584345207e-06,
                        -2.356026013567056e-06,
                        1.0048343710704218e-06,
                        -1.810913144219953e-06,
                        2.0181880527118557e-06
                    ],
                    [
                        1.4661970597844631,
