{
    "expt_args": {
        "save_dir": "all_expt_logs/expt_logs_11.05.24-half_intv_weight_error",
        "exp_name": "39",
        "num_nodes": 6,
        "obs_noise_mean": 0.0,
        "obs_noise_var": 1.0,
        "max_edge_strength": 1.0,
        "graph_sparsity_method": "adj_dense_prop",
        "adj_dense_prop": 0.8,
        "num_parents": null,
        "new_noise_mean": 1.0,
        "mix_samples": 131072,
        "stage2_samples": 131072,
        "gmm_tol": 0.001,
        "intv_type": "do",
        "new_noise_var": null,
        "intv_targets": [
            0,
            3,
            1
        ]
    },
    "intv_args_dict": {
        "0": {
            "intv_type": "do",
            "inode": 0,
            "new_mui": 1.0,
            "new_vari": null,
            "true_params": {
                "Si": [
                    [
                        1e-09,
                        -5.004461292373099e-10,
                        -6.535911418501603e-10,
                        9.961139738895003e-10,
                        2.6875463634470194e-09,
                        -2.0745374197652303e-09
                    ],
                    [
                        -5.004461292373099e-10,
                        1.0000000002504463,
                        3.2708715704270623e-10,
                        -0.9643843333781873,
                        -1.3193997385344831,
                        2.421831133562013
                    ],
                    [
                        -6.535911418501603e-10,
                        3.270871570427063e-10,
                        1.0000000004271814,
                        -6.510512696073391e-10,
                        -0.9811091271432024,
                        0.22564076364929675
                    ],
                    [
                        9.961139738895003e-10,
                        -0.9643843333781873,
                        -6.510512696073391e-10,
                        1.9300371424960399,
                        2.0254552061432243,
                        -3.5786522084943586
                    ],
                    [
                        2.6875463634470194e-09,
                        -1.3193997385344831,
                        -0.9811091271432024,
                        2.0254552061432243,
                        4.270470224604025,
                        -5.318091283745118
                    ],
                    [
                        -2.0745374197652303e-09,
                        2.421831133562013,
                        0.22564076364929675,
                        -3.5786522084943586,
                        -5.318091283745118,
                        9.393135823590246
                    ]
                ],
                "mui": [
                    1.0,
                    -0.5004461292373099,
                    -0.6535911418501602,
                    0.9961139738895002,
                    2.6875463634470194,
                    -2.07453741976523
                ],
                "Ai": [
                    [
                        0.0,
                        0.0,
                        0.0,
                        0.0,
                        0.0,
                        0.0
                    ],
                    [
                        -0.5004461292373099,
                        0.0,
                        0.0,
                        0.0,
                        0.0,
                        0.0
                    ],
                    [
                        -0.6535911418501602,
                        0.0,
                        0.0,
                        0.0,
                        0.0,
                        0.0
                    ],
                    [
                        0.513491567402756,
                        -0.964384332879686,
                        -0.0,
                        0.0,
                        0.0,
                        0.0
                    ],
                    [
                        0.9993304732257928,
                        -0.5931732320937405,
                        -0.981109125386646,
                        0.753046768114982,
                        0.0,
                        0.0
                    ],
                    [
                        0.8878534730393026,
                        0.6504643755578277,
                        -0.7213799114727093,
                        -0.5161939052340065,
                        -0.9652551885019872,
                        0.0
                    ]
                ]
            },
            "est_params": {
                "mui": [
                    0.9999996638735944,
                    -0.4968641142749024,
                    -0.646349732955422,
                    0.9898918468267649,
                    2.6713915104517882,
                    -2.0561872781432555
                ],
                "Si": [
                    [
                        1.0117145714702733e-06,
                        7.30102623754766e-07,
                        4.7270970084645106e-07,
                        1.2411448067625646e-07,
                        -1.1317041602618814e-06,
                        5.370977157048335e-07
                    ],
                    [
                        7.301026237547657e-07,
                        0.9975124622412771,
                        0.006621147236200523,
                        -0.9643634285775436,
                        -1.330029314068025,
                        2.435498106424335
                    ],
                    [
                        4.7270970084645117e-07,
                        0.006621147236200526,
                        1.0095260062718838,
                        -0.007685549004395003,
                        -1.0061458924156417,
                        0.2539867722648347
                    ],
                    [
                        1.241144806762563e-07,
                        -0.9643634285775436,
                        -0.007685549004395005,
                        1.9450980142122274,
                        2.0545269000742836,
                        -3.6149786441984886
                    ],
                    [
                        -1.1317041602618816e-06,
                        -1.330029314068025,
                        -1.0061458924156417,
                        2.0545269000742836,
                        4.355969098109268,
                        -5.414315505617048
                    ],
                    [
                        5.370977157048332e-07,
                        2.435498106424335,
                        0.2539867722648347,
                        -3.614978644198489,
                        -5.41431550561705,
                        9.501571329069012
                    ]
                ]
            },
            "est_tgt": [
                0
            ],
            "oracle_est_tgt": [
                0
            ],
            "intv_base_est_tgt": [
                0,
                1,
                3,
                5
            ]
        },
        "3": {
            "intv_type": "do",
            "inode": 3,
            "new_mui": 1.0,
            "new_vari": null,
            "true_params": {
                "Si": [
                    [
                        1.0,
                        -0.5004461292373099,
                        -0.6535911418501602,
                        0.0,
                        1.9374259547353596,
                        -0.8362918410148825
                    ],
                    [
                        -0.5004461292373099,
                        1.2504463282686062,
                        0.32708715704270624,
                        0.0,
                        -1.562750551824951,
                        1.641546930265446
                    ],
                    [
                        -0.6535911418501602,
                        0.32708715704270624,
                        1.4271813807049962,
                        0.0,
                        -2.2473935673922663,
                        0.7722337015822872
                    ],
                    [
                        0.0,
                        0.0,
                        0.0,
                        1e-09,
                        7.53046768114982e-10,
                        -1.2430762053416458e-09
                    ],
                    [
                        1.9374259547353596,
                        -1.562750551824951,
                        -2.2473935673922663,
                        7.53046768114982e-10,
                        6.068048929838783,
                        -3.532354340486956
                    ],
                    [
                        -0.8362918410148825,
                        1.641546930265446,
                        0.7722337015822872,
                        -1.2430762053416458e-09,
                        -3.532354340486956,
                        4.177812659565031
                    ]
                ],
                "mui": [
                    0.0,
                    0.0,
                    0.0,
                    1.0,
                    0.753046768114982,
                    -1.2430762053416458
                ],
                "Ai": [
                    [
                        0.0,
                        0.0,
                        0.0,
                        0.0,
                        0.0,
                        0.0
                    ],
                    [
                        -0.5004461292373099,
                        0.0,
                        0.0,
                        0.0,
                        0.0,
                        0.0
                    ],
                    [
                        -0.6535911418501602,
                        0.0,
                        0.0,
                        0.0,
                        0.0,
                        0.0
                    ],
                    [
                        0.0,
                        0.0,
                        0.0,
                        0.0,
                        0.0,
                        0.0
                    ],
                    [
                        0.9993304732257928,
                        -0.5931732320937405,
                        -0.981109125386646,
                        0.753046768114982,
                        0.0,
                        0.0
                    ],
                    [
                        0.8878534730393026,
                        0.6504643755578277,
                        -0.7213799114727093,
                        -0.5161939052340065,
                        -0.9652551885019872,
                        0.0
                    ]
                ]
            },
            "est_params": {
                "mui": [
                    0.006544077328934358,
                    -0.013178031242054081,
                    -0.008656157076684864,
                    0.9999999071858158,
                    0.7722160242982617,
                    -1.2618138551078755
                ],
                "Si": [
                    [
                        1.0017614328224513,
                        -0.49525295817336534,
                        -0.6507658810476429,
                        -6.662590786885756e-07,
                        1.9295076734481211,
                        -0.8345620826424482
                    ],
                    [
                        -0.49525295817336545,
                        1.2450904689514315,
                        0.33126511919957213,
                        -7.348085376193474e-08,
                        -1.564404898070037,
                        1.6440337731427648
                    ],
                    [
                        -0.6507658810476429,
                        0.33126511919957213,
                        1.4202098102634284,
                        6.794242053160477e-07,
                        -2.2410154737495773,
                        0.7897641777207627
                    ],
                    [
                        -6.662590786885758e-07,
                        -7.34808537619348e-08,
                        6.794242053160476e-07,
                        1.0066799542009784e-06,
                        -1.3054039326851782e-06,
                        2.407724222863694e-08
                    ],
                    [
                        1.9295076734481211,
                        -1.5644048980700371,
                        -2.2410154737495773,
                        -1.3054039326851786e-06,
                        6.0389788538662605,
                        -3.5477197205693565
                    ],
                    [
                        -0.8345620826424481,
                        1.6440337731427648,
                        0.7897641777207626,
                        2.4077242228637283e-08,
                        -3.547719720569357,
                        4.196359122501142
                    ]
                ]
            },
            "est_tgt": [
                1,
                3,
                5
            ],
            "oracle_est_tgt": [
                1,
                3,
                5
            ],
            "intv_base_est_tgt": [
                1,
                3,
                4,
                5
            ]
        },
        "1": {
            "intv_type": "do",
            "inode": 1,
            "new_mui": 1.0,
            "new_vari": null,
            "true_params": {
                "Si": [
                    [
                        1.0,
                        0.0,
                        -0.6535911418501602,
                        0.513491567402756,
                        2.027257872053805,
                        -0.8625414038272743
                    ],
                    [
                        0.0,
                        1e-09,
                        0.0,
                        -9.64384332879686e-10,
                        -1.319399737189511e-09,
                        2.421831132523819e-09
                    ],
                    [
                        -0.6535911418501602,
                        0.0,
                        1.4271813807049962,
                        -0.33561353986919584,
                        -2.306106912807018,
                        0.7893901833139059
                    ],
                    [
                        0.513491567402756,
                        -9.64384332879686e-10,
                        -0.33561353986919584,
                        1.2636735907237764,
                        1.7940265916378744,
                        -1.6859839450782623
                    ],
                    [
                        2.027257872053805,
                        -1.319399737189511e-09,
                        -2.306106912807018,
                        1.7940265916378744,
                        6.6394290324303045,
                        -3.8713217724769455
                    ],
                    [
                        -0.8625414038272743,
                        2.421831132523819e-09,
                        0.7893901833139059,
                        -1.6859839450782623,
                        -3.8713217724769455,
                        4.2718474640065285
                    ]
                ],
                "mui": [
                    0.0,
                    1.0,
                    0.0,
                    -0.964384332879686,
                    -1.319399737189511,
                    2.4218311325238187
                ],
                "Ai": [
                    [
                        0.0,
                        0.0,
                        0.0,
                        0.0,
                        0.0,
                        0.0
                    ],
                    [
                        0.0,
                        0.0,
                        0.0,
                        0.0,
                        0.0,
                        0.0
                    ],
                    [
                        -0.6535911418501602,
                        0.0,
                        0.0,
                        0.0,
                        0.0,
                        0.0
                    ],
                    [
                        0.513491567402756,
                        -0.964384332879686,
                        -0.0,
                        0.0,
                        0.0,
                        0.0
                    ],
                    [
                        0.9993304732257928,
                        -0.5931732320937405,
                        -0.981109125386646,
                        0.753046768114982,
                        0.0,
                        0.0
                    ],
                    [
                        0.8878534730393026,
                        0.6504643755578277,
                        -0.7213799114727093,
                        -0.5161939052340065,
                        -0.9652551885019872,
                        0.0
                    ]
                ]
            },
            "est_params": {
                "mui": [
                    0.0004374452332234006,
                    1.0000001149975515,
                    -0.0009953340232908418,
                    -0.9689939048963118,
                    -1.3128418713661012,
                    2.4152093826333045
                ],
                "Si": [
                    [
                        0.9931116580892404,
                        1.4430601251941422e-07,
                        -0.6471110833738548,
                        0.5050367212520003,
                        2.01107111999848,
                        -0.8473573858662412
                    ],
                    [
                        1.4430601251941398e-07,
                        1.011144842732572e-06,
                        -4.60274991434877e-08,
                        2.8469825522565304e-07,
                        1.050794534713076e-06,
                        -9.937148789250124e-07
                    ],
                    [
                        -0.6471110833738548,
                        -4.602749914348779e-08,
                        1.428365896842623,
                        -0.33074820392415394,
                        -2.2917781933378225,
                        0.7780963806412676
                    ],
                    [
                        0.5050367212520002,
                        2.846982552256528e-07,
                        -0.33074820392415394,
                        1.2662339352945393,
                        1.7889498616231876,
                        -1.6896455333731688
                    ],
                    [
                        2.01107111999848,
                        1.0507945347130764e-06,
                        -2.2917781933378225,
                        1.7889498616231876,
                        6.611225296693473,
                        -3.8538114480220615
                    ],
                    [
                        -0.8473573858662412,
                        -9.937148789250124e-07,
                        0.7780963806412676,
                        -1.689645533373169,
                        -3.853811448022062,
                        4.271780322755892
                    ]
                ]
            },
            "est_tgt": [
                1,
                3,
                5
            ],
            "oracle_est_tgt": [
                1,
                3,
                5
            ],
            "intv_base_est_tgt": []
        },
        "obs": {
            "intv_type": "obs",
            "true_params": {
                "Si": [
                    [
                        1.0,
                        -0.5004461292373099,
                        -0.6535911418501602,
                        0.9961139738895002,
                        2.6875463634470194,
                        -2.07453741976523
                    ],
                    [
                        -0.5004461292373099,
                        1.2504463282686062,
                        0.32708715704270624,
                        -1.462885715391881,
                        -2.6643719119223803,
                        3.4600253542032844
                    ],
                    [
                        -0.6535911418501602,
                        0.32708715704270624,
                        1.4271813807049962,
                        -0.6510512696073391,
                        -2.737665621847229,
                        1.5815400432886393
                    ],
                    [
                        0.9961139738895002,
                        -1.462885715391881,
                        -0.6510512696073391,
                        2.922280190481729,
                        4.702557691571607,
                        -5.645127919612696
                    ],
                    [
                        2.6875463634470194,
                        -2.6643719119223803,
                        -2.737665621847229,
                        4.702557691571607,
                        11.49337567305842,
                        -10.89350677649451
                    ],
                    [
                        -2.07453741976523,
                        3.4600253542032844,
                        1.5815400432886393,
                        -5.645127919612696,
                        -10.89350677649451,
                        13.696841325292718
                    ]
                ],
                "mui": [
                    0.0,
                    0.0,
                    0.0,
                    0.0,
                    0.0,
                    0.0
                ],
                "Ai": [
                    [
                        0.0,
                        0.0,
                        0.0,
                        0.0,
                        0.0,
                        0.0
                    ],
                    [
                        -0.5004461292373099,
                        0.0,
                        0.0,
                        0.0,
                        0.0,
                        0.0
                    ],
                    [
                        -0.6535911418501602,
                        0.0,
                        0.0,
                        0.0,
                        0.0,
                        0.0
                    ],
                    [
                        0.513491567402756,
                        -0.964384332879686,
                        -0.0,
                        0.0,
                        0.0,
                        0.0
                    ],
                    [
                        0.9993304732257928,
                        -0.5931732320937405,
                        -0.981109125386646,
                        0.753046768114982,
                        0.0,
                        0.0
                    ],
                    [
                        0.8878534730393026,
                        0.6504643755578277,
                        -0.7213799114727093,
                        -0.5161939052340065,
                        -0.9652551885019872,
                        0.0
                    ]
                ]
            },
            "est_params": {
                "mui": [
                    -0.6094838682600966,
                    0.7696048220123877,
                    0.47034702168621956,
                    -1.3902887993507937,
                    -2.6900506456775215,
                    2.9861618086543
                ],
                "Si": [
                    [
                        0.7860119611198867,
                        -0.20122613475856793,
                        -0.4899711878954061,
                        0.45496055228936677,
                        1.684998818465483,
                        -0.9181521161868742
                    ],
                    [
                        -0.20122613475856793,
                        0.8492962435076438,
                        0.08147806197215066,
                        -0.746824147310873,
                        -1.2856761243671808,
                        1.9123120588123115
                    ],
                    [
                        -0.4899711878954061,
                        0.08147806197215066,
                        1.2960377908556282,
                        -0.2275059084080334,
                        -1.9586894080533275,
                        0.6750238388034188
                    ],
                    [
                        0.45496055228936677,
                        -0.746824147310873,
                        -0.22750590840803345,
                        1.6159839625847447,
                        2.232610647847772,
                        -2.8731769932203792
                    ],
                    [
                        1.684998818465483,
                        -1.2856761243671808,
                        -1.9586894080533275,
                        2.232610647847772,
                        6.863937609062554,
                        -5.626455553005802
                    ],
                    [
                        -0.9181521161868742,
                        1.9123120588123117,
                        0.6750238388034188,
                        -2.8731769932203792,
                        -5.626455553005802,
                        7.770098106014508
                    ]
                ]
            },
            "est_tgt": [
                0,
                1,
                2,
                3,
                4,
                5
            ],
            "oracle_est_tgt": [],
            "intv_base_est_tgt": [
                0,
                1,
                2,
                3,
                4,
                5
            ]
        }
    },
    "metric_dict": {
        "param_est_rel_err": 62.16524019121072,
        "weight_precision_error": 0.3714908936190897,
        "est_dag": {
            "amat": [
                [
                    0,
                    0,
                    1,
                    1,
                    1,
                    1
                ],
                [
                    0,
                    0,
                    0,
                    0,
                    0,
                    0
                ],
                [
                    0,
                    1,
                    0,
                    0,
                    1,
                    1
                ],
                [
                    0,
                    1,
                    0,
                    0,
                    1,
                    1
                ],
                [
                    0,
                    0,
                    0,
                    0,
                    0,
                    0
                ],
                [
                    0,
                    1,
                    0,
                    0,
                    1,
                    0
                ]
            ],
            "nodes": [
                0,
                1,
                2,
                3,
                4,
                5
            ]
        },
        "oracle_est_dag": {
            "amat": [
                [
                    0,
                    0,
                    1,
                    1,
                    1,
                    1
                ],
                [
                    0,
                    0,
                    0,
                    0,
                    0,
                    0
                ],
                [
                    0,
                    1,
                    0,
                    0,
                    1,
                    1
                ],
                [
                    0,
                    1,
                    0,
                    0,
                    1,
                    1
                ],
                [
                    0,
                    0,
                    0,
                    0,
                    0,
                    0
                ],
                [
                    0,
                    1,
                    0,
                    0,
                    1,
                    0
                ]
            ],
            "nodes": [
                0,
                1,
                2,
                3,
                4,
                5
            ]
        },
        "igsp_dag": {
            "amat": [
                [
                    0,
                    0,
                    1,
                    1,
                    1,
                    1
                ],
                [
                    0,
                    0,
                    0,
                    0,
                    0,
                    0
                ],
                [
                    0,
                    1,
                    0,
                    0,
                    1,
                    1
                ],
                [
                    0,
                    1,
                    0,
                    0,
                    1,
                    1
                ],
                [
                    0,
                    0,
                    0,
                    0,
                    0,
                    1
                ],
                [
                    0,
                    1,
                    0,
                    0,
                    0,
                    0
                ]
            ],
            "nodes": [
                0,
                1,
                2,
                3,
                4,
                5
            ]
        },
        "intv_base_est_dag": {
            "amat": [
                [
                    0,
                    0,
                    1,
                    1,
                    1,
                    1
                ],
                [
                    0,
                    0,
                    0,
                    0,
                    0,
                    0
                ],
                [
                    0,
                    0,
                    0,
                    0,
                    1,
                    1
                ],
                [
                    0,
                    0,
                    0,
                    0,
                    1,
                    1
                ],
                [
                    0,
                    0,
                    0,
                    0,
                    0,
                    0
                ],
                [
                    0,
                    0,
                    0,
                    0,
                    1,
                    0
                ]
            ],
            "nodes": [
                0,
                1,
                2,
                3,
                4,
                5
            ]
        },
        "act_dag": {
            "amat": [
                [
                    0,
                    1,
                    1,
                    1,
                    1,
                    1
                ],
                [
                    0,
                    0,
                    0,
                    1,
                    1,
                    1
                ],
                [
                    0,
                    0,
                    0,
                    0,
                    1,
                    1
                ],
                [
                    0,
                    0,
                    0,
                    0,
                    1,
                    1
                ],
                [
                    0,
                    0,
                    0,
                    0,
                    0,
                    1
                ],
                [
                    0,
                    0,
                    0,
                    0,
                    0,
                    0
                ]
            ],
            "nodes": [
                0,
                1,
                2,
                3,
                4,
                5
            ]
        },
        "shd": 6,
        "oracle_shd": 6,
        "intv_base_shd": 5,
        "igsp_shd": 5,
        "avg_js": 0.41666666666666663,
        "avg_oracle_js": 0.6666666666666666,
        "avg_intv_base_js": 0.125
    }
}