{
    "expt_args": {
        "save_dir": "all_expt_logs/expt_logs_11.05.24-half_intv_weight_error",
        "exp_name": "134",
        "num_nodes": 6,
        "obs_noise_mean": 0.0,
        "obs_noise_var": 1.0,
        "max_edge_strength": 1.0,
        "graph_sparsity_method": "adj_dense_prop",
        "adj_dense_prop": 0.8,
        "num_parents": null,
        "new_noise_mean": 1.0,
        "mix_samples": 65536,
        "stage2_samples": 65536,
        "gmm_tol": 0.001,
        "intv_type": "do",
        "new_noise_var": null,
        "intv_targets": [
            0,
            5,
            3
        ]
    },
    "intv_args_dict": {
        "0": {
            "intv_type": "do",
            "inode": 0,
            "new_mui": 1.0,
            "new_vari": null,
            "true_params": {
                "Si": [
                    [
                        1e-09,
                        -7.043569376710248e-10,
                        3.14458524579513e-10,
                        -2.558387982544098e-10,
                        8.376499282794845e-11,
                        -1.3658878752912357e-09
                    ],
                    [
                        -7.043569376710248e-10,
                        1.0000000004961187,
                        0.5791372926052496,
                        -0.47117752384853806,
                        -0.7818679382688639,
                        1.1112094953105704
                    ],
                    [
                        3.14458524579513e-10,
                        0.5791372926052496,
                        1.33540000404157,
                        -1.0864616651107561,
                        -0.26767958147437004,
                        0.4397697993560662
                    ],
                    [
                        -2.558387982544098e-10,
                        -0.47117752384853806,
                        -1.0864616651107561,
                        1.8839291195018537,
                        1.2099598105321807,
                        -0.31378002662926086
                    ],
                    [
                        8.376499282794845e-11,
                        -0.7818679382688639,
                        -0.26767958147437004,
                        1.2099598105321807,
                        2.6300108230914567,
                        -1.6216184165932428
                    ],
                    [
                        -1.3658878752912357e-09,
                        1.1112094953105704,
                        0.4397697993560662,
                        -0.31378002662926086,
                        -1.6216184165932428,
                        2.85393475807195
                    ]
                ],
                "mui": [
                    1.0,
                    -0.7043569376710247,
                    0.31445852457951295,
                    -0.2558387982544098,
                    0.08376499282794844,
                    -1.3658878752912356
                ],
                "Ai": [
                    [
                        0.0,
                        0.0,
                        0.0,
                        0.0,
                        0.0,
                        0.0
                    ],
                    [
                        -0.7043569376710247,
                        0.0,
                        0.0,
                        0.0,
                        0.0,
                        0.0
                    ],
                    [
                        0.7223778946460435,
                        0.5791372928267406,
                        0.0,
                        0.0,
                        0.0,
                        0.0
                    ],
                    [
                        -0.0,
                        0.0,
                        -0.8135851893234946,
                        0.0,
                        0.0,
                        0.0
                    ],
                    [
                        -0.6006824274621771,
                        -0.8890832195927949,
                        0.9923519822571611,
                        0.9921796675603216,
                        0.0,
                        0.0
                    ],
                    [
                        -0.8917609741868984,
                        0.554638206218419,
                        0.5849710699018438,
                        0.7968175335080621,
                        -0.7587409713006381,
                        0.0
                    ]
                ]
            },
            "est_params": {
                "mui": [
                    0.9999994965910253,
                    -0.6969780056886629,
                    0.30535673902414984,
                    -0.24481803414694442,
                    0.08438102086865717,
                    -1.3550326338957288
                ],
                "Si": [
                    [
                        1.0128290736352527e-06,
                        -7.797420994126653e-07,
                        -2.5983485993236923e-08,
                        6.583894797435653e-07,
                        1.7995812795058655e-06,
                        -1.0753003863513347e-06
                    ],
                    [
                        -7.797420994126653e-07,
                        0.9989539272138315,
                        0.5815652293656157,
                        -0.46682187854928847,
                        -0.7860035832475533,
                        1.1160151748239295
                    ],
                    [
                        -2.5983485993236923e-08,
                        0.5815652293656157,
                        1.3480851376878593,
                        -1.095701291945667,
                        -0.2736809104932774,
                        0.4550870552496883
                    ],
                    [
                        6.583894797435653e-07,
                        -0.46682187854928847,
                        -1.095701291945667,
                        1.8873348158379417,
                        1.2181825972174891,
                        -0.31807540495360836
                    ],
                    [
                        1.7995812795058655e-06,
                        -0.7860035832475533,
                        -0.2736809104932775,
                        1.2181825972174891,
                        2.6562804154106967,
                        -1.6302234042083148
                    ],
                    [
                        -1.075300386351335e-06,
                        1.1160151748239295,
                        0.4550870552496883,
                        -0.31807540495360836,
                        -1.6302234042083148,
                        2.856341089925899
                    ]
                ]
            },
            "est_tgt": [
                0,
                1,
                2,
                4,
                5
            ],
            "oracle_est_tgt": [
                0,
                1,
                2,
                4,
                5
            ],
            "intv_base_est_tgt": []
        },
        "5": {
            "intv_type": "do",
            "inode": 5,
            "new_mui": 1.0,
            "new_vari": null,
            "true_params": {
                "Si": [
                    [
                        1.0,
                        -0.7043569376710247,
                        0.31445852457951295,
                        -0.2558387982544098,
                        0.08376499282794844,
                        0.0
                    ],
                    [
                        -0.7043569376710247,
                        1.4961186956453036,
                        0.3576462494293663,
                        -0.29097569155282876,
                        -0.8408683920421925,
                        0.0
                    ],
                    [
                        0.31445852457951295,
                        0.3576462494293663,
                        1.4342841676234102,
                        -1.1669123560595829,
                        -0.24133896544462052,
                        0.0
                    ],
                    [
                        -0.2558387982544098,
                        -0.29097569155282876,
                        -1.1669123560595829,
                        1.9493826101286609,
                        1.1885294754527196,
                        0.0
                    ],
                    [
                        0.08376499282794844,
                        -0.8408683920421925,
                        -0.24133896544462052,
                        1.1885294754527196,
                        2.6370273971079063,
                        0.0
                    ],
                    [
                        0.0,
                        0.0,
                        0.0,
                        0.0,
                        0.0,
                        1e-09
                    ]
                ],
                "mui": [
                    0.0,
                    0.0,
                    0.0,
                    0.0,
                    0.0,
                    1.0
                ],
                "Ai": [
                    [
                        0.0,
                        0.0,
                        0.0,
                        0.0,
                        0.0,
                        0.0
                    ],
                    [
                        -0.7043569376710247,
                        0.0,
                        0.0,
                        0.0,
                        0.0,
                        0.0
                    ],
                    [
                        0.7223778946460435,
                        0.5791372928267406,
                        0.0,
                        0.0,
                        0.0,
                        0.0
                    ],
                    [
                        -0.0,
                        0.0,
                        -0.8135851893234946,
                        0.0,
                        0.0,
                        0.0
                    ],
                    [
                        -0.6006824274621771,
                        -0.8890832195927949,
                        0.9923519822571611,
                        0.9921796675603216,
                        0.0,
                        0.0
                    ],
                    [
                        0.0,
                        0.0,
                        0.0,
                        0.0,
                        0.0,
                        0.0
                    ]
                ]
            },
            "est_params": {
                "mui": [
                    0.012012593423322724,
                    0.0003467641666805097,
                    0.015878982479161877,
                    -0.0173161933093747,
                    -0.00617816552215195,
                    0.99999994155813
                ],
                "Si": [
                    [
                        0.9955757020698294,
                        -0.7113483574259412,
                        0.3048873921504358,
                        -0.24787083323259726,
                        0.09229767994972506,
                        -7.108464403172504e-07
                    ],
                    [
                        -0.7113483574259412,
                        1.4996513199653325,
                        0.35429870783319056,
                        -0.281689991051816,
                        -0.838899752510704,
                        7.510280099309207e-07
                    ],
                    [
                        0.30488739215043575,
                        0.35429870783319056,
                        1.39777540474351,
                        -1.1330456497126205,
                        -0.23586034073666987,
                        -8.120771631933195e-07
                    ],
                    [
                        -0.24787083323259726,
                        -0.28168999105181597,
                        -1.1330456497126205,
                        1.921920347338799,
                        1.185888455318733,
                        5.55336803679345e-07
                    ],
                    [
                        0.09229767994972506,
                        -0.8388997525107039,
                        -0.2358603407366698,
                        1.185888455318733,
                        2.62082505968108,
                        2.1319943735068043e-07
                    ],
                    [
                        -7.108464403172503e-07,
                        7.510280099309205e-07,
                        -8.120771631933196e-07,
                        5.55336803679345e-07,
                        2.1319943735068022e-07,
                        1.0074962098606285e-06
                    ]
                ]
            },
            "est_tgt": [
                0,
                1,
                4,
                5
            ],
            "oracle_est_tgt": [
                0,
                1,
                4,
                5
            ],
            "intv_base_est_tgt": [
                0,
                1,
                2,
                4,
                5
            ]
        },
        "3": {
            "intv_type": "do",
            "inode": 3,
            "new_mui": 1.0,
            "new_vari": null,
            "true_params": {
                "Si": [
                    [
                        1.0,
                        -0.7043569376710247,
                        0.31445852457951295,
                        0.0,
                        0.33760304662904095,
                        -1.3546283665845946
                    ],
                    [
                        -0.7043569376710247,
                        1.4961186956453036,
                        0.3576462494293663,
                        0.0,
                        -0.5521682271291724,
                        2.0860879847037834
                    ],
                    [
                        0.31445852457951295,
                        0.3576462494293663,
                        1.4342841676234102,
                        0.0,
                        0.9164477480626081,
                        0.06161072359048361
                    ],
                    [
                        0.0,
                        0.0,
                        0.0,
                        1e-09,
                        9.921796675603217e-10,
                        4.401016883859943e-11
                    ],
                    [
                        0.33760304662904095,
                        -0.5521682271291724,
                        0.9164477480626081,
                        9.921796675603217e-10,
                        2.1975700279745523,
                        -1.738605813818784
                    ],
                    [
                        -1.3546283665845946,
                        2.0860879847037834,
                        0.06161072359048361,
                        4.401016883859943e-11,
                        -1.738605813818784,
                        4.720220764513609
                    ]
                ],
                "mui": [
                    0.0,
                    0.0,
                    0.0,
                    1.0,
                    0.9921796675603216,
                    0.04401016883859943
                ],
                "Ai": [
                    [
                        0.0,
                        0.0,
                        0.0,
                        0.0,
                        0.0,
                        0.0
                    ],
                    [
                        -0.7043569376710247,
                        0.0,
                        0.0,
                        0.0,
                        0.0,
                        0.0
                    ],
                    [
                        0.7223778946460435,
                        0.5791372928267406,
                        0.0,
                        0.0,
                        0.0,
                        0.0
                    ],
                    [
                        0.0,
                        0.0,
                        0.0,
                        0.0,
                        0.0,
                        0.0
                    ],
                    [
                        -0.6006824274621771,
                        -0.8890832195927949,
                        0.9923519822571611,
                        0.9921796675603216,
                        0.0,
                        0.0
                    ],
                    [
                        -0.8917609741868984,
                        0.554638206218419,
                        0.5849710699018438,
                        0.7968175335080621,
                        -0.7587409713006381,
                        0.0
                    ]
                ]
            },
            "est_params": {
                "mui": [
                    -0.0020474016715771866,
                    0.012453384581291714,
                    -0.0052537861519793136,
                    1.0000010919987399,
                    0.9704812396454139,
                    0.06863752138489561
                ],
                "Si": [
                    [
                        1.0015034966904737,
                        -0.712463409496019,
                        0.31827260897637927,
                        6.49621202252354e-07,
                        0.3470639757402519,
                        -1.366188598070161
                    ],
                    [
                        -0.712463409496019,
                        1.5022956013277173,
                        0.3465464966481053,
                        -1.3357080062198743e-06,
                        -0.5629138282412344,
                        2.1053795280250465
                    ],
                    [
                        0.31827260897637927,
                        0.3465464966481053,
                        1.4439140784162816,
                        -3.286851071650035e-07,
                        0.9456505449685406,
                        0.041395606204945576
                    ],
                    [
                        6.496212022523539e-07,
                        -1.335708006219875e-06,
                        -3.2868510716500323e-07,
                        1.0097180058861943e-06,
                        1.1449498193232242e-06,
                        -2.3112815155191615e-06
                    ],
                    [
                        0.3470639757402519,
                        -0.5629138282412344,
                        0.9456505449685406,
                        1.1449498193232244e-06,
                        2.2610317832056017,
                        -1.790849206942119
                    ],
                    [
                        -1.3661885980701607,
                        2.1053795280250465,
                        0.04139560620494558,
                        -2.311281515519162e-06,
                        -1.7908492069421191,
                        4.769953271777071
                    ]
                ]
            },
            "est_tgt": [
                3
            ],
            "oracle_est_tgt": [
                3
            ],
            "intv_base_est_tgt": [
                0,
                1,
                2,
                3,
                4,
                5
            ]
        },
        "obs": {
            "intv_type": "obs",
            "true_params": {
                "Si": [
                    [
                        1.0,
                        -0.7043569376710247,
                        0.31445852457951295,
                        -0.2558387982544098,
                        0.08376499282794844,
                        -1.3658878752912356
                    ],
                    [
                        -0.7043569376710247,
                        1.4961186956453036,
                        0.3576462494293663,
                        -0.29097569155282876,
                        -0.8408683920421925,
                        2.073282095390615
                    ],
                    [
                        0.31445852457951295,
                        0.3576462494293663,
                        1.4342841676234102,
                        -1.1669123560595829,
                        -0.24133896544462052,
                        0.010254713780453506
                    ],
                    [
                        -0.2558387982544098,
                        -0.29097569155282876,
                        -1.1669123560595829,
                        1.9493826101286609,
                        1.1885294754527196,
                        0.0356670855860709
                    ],
                    [
                        0.08376499282794844,
                        -0.8408683920421925,
                        -0.24133896544462052,
                        1.1885294754527196,
                        2.6370273971079063,
                        -1.7360320045563813
                    ],
                    [
                        -1.3658878752912356,
                        2.073282095390615,
                        0.010254713780453506,
                        0.0356670855860709,
                        -1.7360320045563813,
                        4.719584444073907
                    ]
                ],
                "mui": [
                    0.0,
                    0.0,
                    0.0,
                    0.0,
                    0.0,
                    0.0
                ],
                "Ai": [
                    [
                        0.0,
                        0.0,
                        0.0,
                        0.0,
                        0.0,
                        0.0
                    ],
                    [
                        -0.7043569376710247,
                        0.0,
                        0.0,
                        0.0,
                        0.0,
                        0.0
                    ],
                    [
                        0.7223778946460435,
                        0.5791372928267406,
                        0.0,
                        0.0,
                        0.0,
                        0.0
                    ],
                    [
                        -0.0,
                        0.0,
                        -0.8135851893234946,
                        0.0,
                        0.0,
                        0.0
                    ],
                    [
                        -0.6006824274621771,
                        -0.8890832195927949,
                        0.9923519822571611,
                        0.9921796675603216,
                        0.0,
                        0.0
                    ],
                    [
                        -0.8917609741868984,
                        0.554638206218419,
                        0.5849710699018438,
                        0.7968175335080621,
                        -0.7587409713006381,
                        0.0
                    ]
                ]
            },
            "est_params": {
                "mui": [
                    0.5137406804075364,
                    -0.6970092771457242,
                    0.10649467875989042,
                    -0.13510887007831338,
                    0.59288121736158,
                    -1.673925913471283
                ],
                "Si": [
                    [
                        0.808090922704132,
                        -0.45081199809738776,
                        0.25586926786428144,
                        -0.2056196240726009,
                        -0.149295728683722,
                        -0.7490894193563126
                    ],
                    [
                        -0.45081199809738776,
                        1.125528741402903,
                        0.40795851775346237,
                        -0.357632112359706,
                        -0.5153934788835767,
                        1.2025936251736455
                    ],
                    [
                        0.25586926786428144,
                        0.40795851775346237,
                        1.4189886690066102,
                        -1.1879037192620607,
                        -0.29204940281727143,
                        0.15824614958469854
                    ],
                    [
                        -0.2056196240726009,
                        -0.3576321123597061,
                        -1.1879037192620607,
                        2.007379063260026,
                        1.2713677670632584,
                        -0.13426299472514233
                    ],
                    [
                        -0.14929572868372207,
                        -0.5153934788835767,
                        -0.29204940281727143,
                        1.271367767063258,
                        2.3704571683551574,
                        -0.9735760759455743
                    ],
                    [
                        -0.7490894193563127,
                        1.2025936251736455,
                        0.15824614958469854,
                        -0.13426299472514236,
                        -0.9735760759455743,
                        2.6363275888565516
                    ]
                ]
            },
            "est_tgt": [
                2,
                3,
                5
            ],
            "oracle_est_tgt": [],
            "intv_base_est_tgt": [
                0,
                1,
                2,
                3,
                4,
                5
            ]
        }
    },
    "metric_dict": {
        "param_est_rel_err": 15.312162748769076,
        "weight_precision_error": 0.359023209478558,
        "est_dag": {
            "amat": [
                [
                    0,
                    0,
                    0,
                    0,
                    0,
                    0
                ],
                [
                    1,
                    0,
                    0,
                    0,
                    0,
                    0
                ],
                [
                    1,
                    1,
                    0,
                    1,
                    1,
                    0
                ],
                [
                    1,
                    0,
                    0,
                    0,
                    1,
                    0
                ],
                [
                    1,
                    0,
                    0,
                    0,
                    0,
                    0
                ],
                [
                    1,
                    1,
                    0,
                    0,
                    1,
                    0
                ]
            ],
            "nodes": [
                0,
                1,
                2,
                3,
                4,
                5
            ]
        },
        "oracle_est_dag": {
            "amat": [
                [
                    0,
                    0,
                    0,
                    0,
                    0,
                    0
                ],
                [
                    1,
                    0,
                    0,
                    0,
                    0,
                    0
                ],
                [
                    1,
                    1,
                    0,
                    1,
                    1,
                    0
                ],
                [
                    1,
                    0,
                    0,
                    0,
                    1,
                    0
                ],
                [
                    1,
                    0,
                    0,
                    0,
                    0,
                    0
                ],
                [
                    1,
                    1,
                    0,
                    0,
                    1,
                    0
                ]
            ],
            "nodes": [
                0,
                1,
                2,
                3,
                4,
                5
            ]
        },
        "igsp_dag": {
            "amat": [
                [
                    0,
                    1,
                    1,
                    0,
                    1,
                    1
                ],
                [
                    0,
                    0,
                    1,
                    0,
                    1,
                    1
                ],
                [
                    0,
                    0,
                    0,
                    1,
                    1,
                    1
                ],
                [
                    0,
                    0,
                    0,
                    0,
                    1,
                    0
                ],
                [
                    0,
                    0,
                    0,
                    0,
                    0,
                    0
                ],
                [
                    0,
                    0,
                    0,
                    1,
                    1,
                    0
                ]
            ],
            "nodes": [
                0,
                1,
                2,
                3,
                4,
                5
            ]
        },
        "intv_base_est_dag": {
            "amat": [
                [
                    0,
                    0,
                    0,
                    0,
                    0,
                    0
                ],
                [
                    0,
                    0,
                    1,
                    0,
                    1,
                    1
                ],
                [
                    0,
                    0,
                    0,
                    1,
                    1,
                    1
                ],
                [
                    0,
                    0,
                    0,
                    0,
                    1,
                    0
                ],
                [
                    0,
                    0,
                    0,
                    0,
                    0,
                    0
                ],
                [
                    0,
                    0,
                    0,
                    1,
                    1,
                    0
                ]
            ],
            "nodes": [
                0,
                1,
                2,
                3,
                4,
                5
            ]
        },
        "act_dag": {
            "amat": [
                [
                    0,
                    1,
                    1,
                    0,
                    1,
                    1
                ],
                [
                    0,
                    0,
                    1,
                    0,
                    1,
                    1
                ],
                [
                    0,
                    0,
                    0,
                    1,
                    1,
                    1
                ],
                [
                    0,
                    0,
                    0,
                    0,
                    1,
                    1
                ],
                [
                    0,
                    0,
                    0,
                    0,
                    0,
                    1
                ],
                [
                    0,
                    0,
                    0,
                    0,
                    0,
                    0
                ]
            ],
            "nodes": [
                0,
                1,
                2,
                3,
                4,
                5
            ]
        },
        "shd": 11,
        "oracle_shd": 11,
        "intv_base_shd": 6,
        "igsp_shd": 2,
        "avg_js": 0.3625,
        "avg_oracle_js": 0.6125,
        "avg_intv_base_js": 0.09166666666666667
    }
}