{
    "expt_args": {
        "save_dir": "expt_logs_29.04.24-2",
        "exp_name": "714",
        "num_nodes": 8,
        "obs_noise_mean": 0.5,
        "obs_noise_var": 1.0,
        "max_edge_strength": 10.0,
        "num_parents": 2,
        "new_noise_mean": 10.0,
        "mix_samples": 4096,
        "stage2_samples": 4096,
        "intv_targets": [
            0,
            1,
            2,
            3,
            4,
            5,
            6,
            7
        ]
    },
    "intv_args_dict": {
        "0": {
            "intv_type": "do",
            "inode": 0,
            "new_mui": 10.0,
            "true_params": {
                "Si": [
                    [
                        2.3009631574810617e-30,
                        -1.5163937972480176e-15,
                        -1.3316699571332184e-14,
                        -4.418542933537223e-14,
                        2.3797968357891356e-13,
                        3.64103419746604e-14,
                        5.4384063315933256e-14,
                        -2.679086633980197e-13
                    ],
                    [
                        -1.5163937972480176e-15,
                        0.9999999999999947,
                        8.78182144737042,
                        29.16303700727064,
                        -157.0011431620899,
                        -23.983410003320873,
                        -35.863519772043794,
                        176.67211791550233
                    ],
                    [
                        -1.3316699571332184e-14,
                        8.78182144737042,
                        78.1203879334955,
                        260.0669382673591,
                        -1398.1929369501156,
                        -212.45406371611156,
                        -319.0308632489407,
                        1571.6209298156484
                    ],
                    [
                        -4.418542933537223e-14,
                        29.16303700727064,
                        260.0669382673591,
                        867.1829799297645,
                        -4658.076286977214,
                        -705.3089886766895,
                        -1062.0707604342292,
                        5232.009903509542
                    ],
                    [
                        2.3797968357891356e-13,
                        -157.0011431620899,
                        -1398.1929369501156,
                        -4658.076286977214,
                        25034.058764067828,
                        3797.7194246690647,
                        5709.990841872255,
                        -28128.755396118897
                    ],
                    [
                        3.64103419746604e-14,
                        -23.983410003320873,
                        -212.45406371611156,
                        -705.3089886766895,
                        3797.7194246690647,
                        581.5213655012222,
                        867.6275827738805,
                        -4274.1371617979885
                    ],
                    [
                        5.4384063315933256e-14,
                        -35.863519772043794,
                        -319.0308632489407,
                        -1062.0707604342292,
                        5709.990841872255,
                        867.6275827738805,
                        1303.869768030479,
                        -6423.1685810021045
                    ],
                    [
                        -2.679086633980197e-13,
                        176.67211791550233,
                        1571.6209298156484,
                        5232.009903509542,
                        -28128.755396118897,
                        -4274.1371617979885,
                        -6423.1685810021045,
                        31643.03636862618
                    ]
                ],
                "mui": [
                    9.999999999999925,
                    -67.12306557892225,
                    -501.69165930484576,
                    -1609.2321709008709,
                    8831.681835404543,
                    1449.8863369116038,
                    1955.6117239326466,
                    -9540.007232816657
                ],
                "Ai": [
                    [
                        0.0,
                        0.0,
                        0.0,
                        0.0,
                        0.0,
                        0.0,
                        0.0,
                        0.0
                    ],
                    [
                        -6.762306557892261,
                        0.0,
                        0.0,
                        0.0,
                        0.0,
                        0.0,
                        0.0,
                        0.0
                    ],
                    [
                        8.727111760938953,
                        8.781821447370477,
                        0.0,
                        0.0,
                        0.0,
                        0.0,
                        0.0,
                        0.0
                    ],
                    [
                        0.0,
                        -5.633651901385075,
                        3.9623544064511824,
                        0.0,
                        0.0,
                        0.0,
                        0.0,
                        0.0
                    ],
                    [
                        0.0,
                        0.0,
                        -9.807890871960774,
                        -2.4301308787410445,
                        0.0,
                        0.0,
                        0.0,
                        0.0
                    ],
                    [
                        0.0,
                        -0.0,
                        -7.364013077594803,
                        1.3951234903989584,
                        -0.0,
                        0.0,
                        0.0,
                        0.0
                    ],
                    [
                        -9.371480377321587,
                        0.0,
                        -4.083836136611794,
                        0.0,
                        -0.0,
                        0.0,
                        0.0,
                        0.0
                    ],
                    [
                        9.329522950863804,
                        0.0,
                        -0.0,
                        -0.0,
                        0.0,
                        0.0,
                        -4.926234765535233,
                        0.0
                    ]
                ]
            },
            "est_params": {
                "mui": [
                    9.999999999999957,
                    -67.08699446538864,
                    -501.3650315475765,
                    -1608.1591646799889,
                    8825.820790774345,
                    1448.939855062923,
                    1954.3016083083076,
                    -9533.646303090058
                ],
                "Si": [
                    [
                        1e-06,
                        -1.4794484814371431e-15,
                        -1.3077880449959737e-14,
                        -4.3394865566719385e-14,
                        2.336588636901506e-13,
                        3.5755305640599765e-14,
                        5.340187995961948e-14,
                        -2.6294170726253446e-13
                    ],
                    [
                        -1.4794484814371431e-15,
                        0.9897213027023385,
                        8.738223129210596,
                        29.02365079573849,
                        -156.20455154227912,
                        -23.852214153110214,
                        -35.647079559350885,
                        175.53326437699334
                    ],
                    [
                        -1.3077880449959737e-14,
                        8.738223129210596,
                        78.18384592150714,
                        260.3078508185995,
                        -1399.1176612277095,
                        -212.48702272250137,
                        -318.9831714962792,
                        1570.7130588153955
                    ],
                    [
                        -4.3394865566719385e-14,
                        29.02365079573849,
                        260.3078508185995,
                        868.1301067969254,
                        -4661.784554464973,
                        -705.5133059591618,
                        -1061.9980417813126,
                        5229.415341224331
                    ],
                    [
                        2.336588636901506e-13,
                        -156.20455154227912,
                        -1399.1176612277095,
                        -4661.784554464973,
                        25047.032844884307,
                        3797.7442367718227,
                        5708.1376970100155,
                        -28107.555714179725
                    ],
                    [
                        3.5755305640599765e-14,
                        -23.852214153110214,
                        -212.48702272250137,
                        -705.5133059591618,
                        3797.7442367718227,
                        581.1137409131918,
                        866.9119418808275,
                        -4268.773902562407
                    ],
                    [
                        5.340187995961948e-14,
                        -35.647079559350885,
                        -318.9831714962792,
                        -1061.9980417813126,
                        5708.1376970100155,
                        866.9119418808275,
                        1302.413085088712,
                        -6413.256477057547
                    ],
                    [
                        -2.6294170726253446e-13,
                        175.53326437699334,
                        1570.7130588153955,
                        5229.415341224331,
                        -28107.555714179725,
                        -4268.773902562407,
                        -6413.256477057547,
                        31580.64229966988
                    ]
                ]
            },
            "est_tgt": [
                0,
                2
            ]
        },
        "1": {
            "intv_type": "do",
            "inode": 1,
            "new_mui": 10.0,
            "true_params": {
                "Si": [
                    [
                        1.0000000000000018,
                        2.4273190021627816e-15,
                        8.727111760938987,
                        34.57990974154852,
                        -169.62826622571032,
                        -16.02332076087598,
                        -45.01157475489403,
                        231.0671073599108
                    ],
                    [
                        2.4273190021627816e-15,
                        5.91932956417651e-30,
                        2.1183484211325463e-14,
                        8.393431124183964e-14,
                        -4.11738558168055e-13,
                        -3.88994152965469e-14,
                        -1.094230904801365e-13,
                        5.616895608153014e-13
                    ],
                    [
                        8.727111760938987,
                        2.1183484211325463e-14,
                        77.16247968791947,
                        305.74509140412744,
                        -1499.801767833677,
                        -141.67335042940732,
                        -396.9048795584312,
                        2036.666405759752
                    ],
                    [
                        34.57990974154852,
                        8.393431124183964e-14,
                        305.74509140412744,
                        1212.4704101759633,
                        -5945.176274457783,
                        -559.9649008602653,
                        -1572.677798460325,
                        8069.994107333242
                    ],
                    [
                        -169.62826622571032,
                        -4.11738558168055e-13,
                        -1499.801767833677,
                        -5945.176274457783,
                        29158.448512605057,
                        2750.304757068382,
                        7714.612625606749,
                        -39586.54372176901
                    ],
                    [
                        -16.02332076087598,
                        -3.88994152965469e-14,
                        -141.67335042940732,
                        -559.9649008602653,
                        2750.304757068382,
                        263.06421831974626,
                        728.7329841685582,
                        -3739.3997001910334
                    ],
                    [
                        -45.01157475489403,
                        -1.094230904801365e-13,
                        -396.9048795584312,
                        -1572.677798460325,
                        7714.612625606749,
                        728.7329841685582,
                        2043.719579506106,
                        -10487.778963298333
                    ],
                    [
                        231.0671073599108,
                        5.616895608153014e-13,
                        2036.666405759752,
                        8069.994107333242,
                        -39586.54372176901,
                        -3739.3997001910334,
                        -10487.778963298333,
                        53822.00722355331
                    ]
                ],
                "mui": [
                    0.4999999999999778,
                    10.000000000000057,
                    92.68177035417455,
                    311.4015021467091,
                    -1665.2590955069368,
                    -247.56621835238406,
                    -382.68290316619425,
                    1890.350583228691
                ],
                "Ai": [
                    [
                        0.0,
                        0.0,
                        0.0,
                        0.0,
                        0.0,
                        0.0,
                        0.0,
                        0.0
                    ],
                    [
                        0.0,
                        0.0,
                        0.0,
                        0.0,
                        0.0,
                        0.0,
                        0.0,
                        0.0
                    ],
                    [
                        8.727111760938953,
                        8.781821447370477,
                        0.0,
                        0.0,
                        0.0,
                        0.0,
                        0.0,
                        0.0
                    ],
                    [
                        0.0,
                        -5.633651901385075,
                        3.9623544064511824,
                        0.0,
                        0.0,
                        0.0,
                        0.0,
                        0.0
                    ],
                    [
                        0.0,
                        0.0,
                        -9.807890871960774,
                        -2.4301308787410445,
                        0.0,
                        0.0,
                        0.0,
                        0.0
                    ],
                    [
                        0.0,
                        -0.0,
                        -7.364013077594803,
                        1.3951234903989584,
                        -0.0,
                        0.0,
                        0.0,
                        0.0
                    ],
                    [
                        -9.371480377321587,
                        0.0,
                        -4.083836136611794,
                        0.0,
                        -0.0,
                        0.0,
                        0.0,
                        0.0
                    ],
                    [
                        9.329522950863804,
                        0.0,
                        -0.0,
                        -0.0,
                        0.0,
                        0.0,
                        -4.926234765535233,
                        0.0
                    ]
                ]
            },
            "est_params": {
                "mui": [
                    0.5198979908246418,
                    10.00000000000004,
                    92.85726638763525,
                    312.02265436383306,
                    -1668.442221007487,
                    -247.8982996887939,
                    -383.5573586021316,
                    1894.7913724044954
                ],
                "Si": [
                    [
                        0.9996897223164752,
                        2.4630041486354872e-15,
                        8.736943743749006,
                        34.52834043084822,
                        -169.68192503813978,
                        -16.088468088161264,
                        -45.07346880206881,
                        231.2812742419421
                    ],
                    [
                        2.4630041486354872e-15,
                        1e-06,
                        2.1496548925170118e-14,
                        8.493610608195155e-14,
                        -4.174559853653397e-13,
                        -3.959553645184977e-14,
                        -1.1094663248752009e-13,
                        5.693297658458421e-13
                    ],
                    [
                        8.736943743749006,
                        2.1496548925170118e-14,
                        77.29062668376726,
                        305.4436913373353,
                        -1500.9936037621685,
                        -142.45660744973827,
                        -397.7707943833857,
                        2040.2114456079112
                    ],
                    [
                        34.52834043084822,
                        8.493610608195156e-14,
                        305.4436913373353,
                        1208.1097441436846,
                        -5934.26630023431,
                        -561.5298695133864,
                        -1571.9540800372488,
                        8062.797278146433
                    ],
                    [
                        -169.68192503813978,
                        -4.174559853653397e-13,
                        -1500.9936037621685,
                        -5934.26630023431,
                        29156.525024360693,
                        2762.9493663434773,
                        7724.88851135539,
                        -39622.087672644884
                    ],
                    [
                        -16.088468088161267,
                        -3.959553645184977e-14,
                        -142.45660744973827,
                        -561.5298695133864,
                        2762.949366343477,
                        265.5523695911908,
                        732.9560840659891,
                        -3759.2179245482544
                    ],
                    [
                        -45.073468802068824,
                        -1.1094663248752009e-13,
                        -397.77079438338563,
                        -1571.9540800372488,
                        7724.88851135539,
                        732.9560840659892,
                        2049.03302505411,
                        -10510.361457652785
                    ],
                    [
                        231.2812742419421,
                        5.693297658458422e-13,
                        2040.2114456079112,
                        8062.797278146433,
                        -39622.087672644884,
                        -3759.2179245482544,
                        -10510.361457652785,
                        53913.929311653534
                    ]
                ]
            },
            "est_tgt": [
                1,
                2
            ]
        },
        "2": {
            "intv_type": "do",
            "inode": 2,
            "new_mui": 10.0,
            "true_params": {
                "Si": [
                    [
                        0.9999999999999969,
                        -6.762306557892238,
                        1.4489205580201338e-15,
                        38.09648119761838,
                        -92.57943532971005,
                        53.14929582033967,
                        -9.371480377321564,
                        55.49563539015652
                    ],
                    [
                        -6.762306557892238,
                        46.72878998291251,
                        -9.616929921611944e-15,
                        -263.25373653665895,
                        639.7410341016947,
                        -367.2714717775916,
                        63.372823212720235,
                        -375.2784991332532
                    ],
                    [
                        1.4489205580201338e-15,
                        -9.616929921611944e-15,
                        2.179900145011937e-30,
                        5.417843553837617e-14,
                        -1.3166068916368916e-13,
                        7.558560809265437e-14,
                        -1.3360066180072845e-14,
                        7.93325600861536e-14
                    ],
                    [
                        38.09648119761838,
                        -263.25373653665895,
                        5.417843553837617e-14,
                        1484.0799133864748,
                        -3606.5084240398082,
                        2070.474748794724,
                        -357.02042598848163,
                        2114.1884301909895
                    ],
                    [
                        -92.57943532971005,
                        639.7410341016947,
                        -1.3166068916368916e-13,
                        -3606.5084240398082,
                        8765.287485698838,
                        -5031.524620699666,
                        867.6063615358912,
                        -5137.75458768418
                    ],
                    [
                        53.14929582033967,
                        -367.2714717775916,
                        7.558560809265437e-14,
                        2070.474748794724,
                        -5031.524620699666,
                        2889.5679583214023,
                        -498.08758284877376,
                        2949.5539420891496
                    ],
                    [
                        -9.371480377321564,
                        63.372823212720235,
                        -1.3360066180072845e-14,
                        -357.02042598848163,
                        867.6063615358912,
                        -498.08758284877376,
                        88.8246444625234,
                        -525.0024928513808
                    ],
                    [
                        55.49563539015652,
                        -375.2784991332532,
                        7.93325600861536e-14,
                        2114.1884301909895,
                        -5137.75458768418,
                        2949.5539420891496,
                        -525.0024928513808,
                        3105.0333363223704
                    ]
                ],
                "mui": [
                    0.4999999999999907,
                    -2.8811532789460688,
                    10.00000000000001,
                    56.35495871262824,
                    -234.52883405734235,
                    5.481995924503032,
                    -45.02410155477869,
                    226.96405584157162
                ],
                "Ai": [
                    [
                        0.0,
                        0.0,
                        0.0,
                        0.0,
                        0.0,
                        0.0,
                        0.0,
                        0.0
                    ],
                    [
                        -6.762306557892261,
                        0.0,
                        0.0,
                        0.0,
                        0.0,
                        0.0,
                        0.0,
                        0.0
                    ],
                    [
                        0.0,
                        0.0,
                        0.0,
                        0.0,
                        0.0,
                        0.0,
                        0.0,
                        0.0
                    ],
                    [
                        0.0,
                        -5.633651901385075,
                        3.9623544064511824,
                        0.0,
                        0.0,
                        0.0,
                        0.0,
                        0.0
                    ],
                    [
                        0.0,
                        0.0,
                        -9.807890871960774,
                        -2.4301308787410445,
                        0.0,
                        0.0,
                        0.0,
                        0.0
                    ],
                    [
                        0.0,
                        -0.0,
                        -7.364013077594803,
                        1.3951234903989584,
                        -0.0,
                        0.0,
                        0.0,
                        0.0
                    ],
                    [
                        -9.371480377321587,
                        0.0,
                        -4.083836136611794,
                        0.0,
                        -0.0,
                        0.0,
                        0.0,
                        0.0
                    ],
                    [
                        9.329522950863804,
                        0.0,
                        -0.0,
                        -0.0,
                        0.0,
                        0.0,
                        -4.926234765535233,
                        0.0
                    ]
                ]
            },
            "est_params": {
                "mui": [
                    0.4441364824260716,
                    -2.48932140185626,
                    10.000000000000005,
                    54.10519475261328,
                    -229.07479176436277,
                    2.35216803346388,
                    -44.54486156058447,
                    224.08680858286166
                ],
                "Si": [
                    [
                        1.0496398090068395,
                        -7.121597105045241,
                        1.5063258757844393e-15,
                        40.134565837868145,
                        -97.55719133816704,
                        55.97017573451362,
                        -9.863681006852303,
                        58.3114024826406
                    ],
                    [
                        -7.121597105045241,
                        49.33691345600417,
                        -1.0024596156839735e-14,
                        -278.0497220009668,
                        675.9721959410433,
                        -387.8311110258454,
                        66.86177979727752,
                        -395.30136945212917
                    ],
                    [
                        1.5063258757844393e-15,
                        -1.0024596156839735e-14,
                        1e-06,
                        5.6515092314198813e-14,
                        -1.3734084470679405e-13,
                        7.881824210659521e-14,
                        -1.4183134487545674e-14,
                        8.38446464475936e-14
                    ],
                    [
                        40.134565837868145,
                        -278.0497220009668,
                        5.6515092314198813e-14,
                        1568.02391723855,
                        -3811.9589614527863,
                        2187.145975337268,
                        -376.8104467587221,
                        2227.7903098300785
                    ],
                    [
                        -97.55719133816704,
                        675.9721959410433,
                        -1.3734084470679405e-13,
                        -3811.9589614527863,
                        9268.08630838934,
                        -5317.00336234058,
                        915.9283071671381,
                        -5415.225725852995
                    ],
                    [
                        55.97017573451362,
                        -387.8311110258454,
                        7.881824210659521e-14,
                        2187.145975337268,
                        -5317.00336234058,
                        3051.768484293392,
                        -525.5331704997594,
                        3107.043957260152
                    ],
                    [
                        -9.863681006852303,
                        66.86177979727752,
                        -1.4183134487545674e-14,
                        -376.8104467587221,
                        915.9283071671381,
                        -525.5331704997594,
                        93.6856005621216,
                        -552.8806127604151
                    ],
                    [
                        58.3114024826406,
                        -395.30136945212917,
                        8.38446464475936e-14,
                        2227.7903098300785,
                        -5415.225725852995,
                        3107.043957260152,
                        -552.8806127604151,
                        3264.7949121284364
                    ]
                ]
            },
            "est_tgt": [
                2
            ]
        },
        "3": {
            "intv_type": "do",
            "inode": 3,
            "new_mui": 10.0,
            "true_params": {
                "Si": [
                    [
                        0.9999999999999791,
                        -6.762306557892148,
                        -50.658257002852544,
                        0.0,
                        496.85065644772044,
                        373.0480670571647,
                        197.50854018869526,
                        -963.6439142168001
                    ],
                    [
                        -6.762306557892148,
                        46.7287899829121,
                        351.3484849891532,
                        0.0,
                        -3445.9875988023628,
                        -2587.334838253246,
                        -1371.4768163297908,
                        6693.127678496765
                    ],
                    [
                        -50.658257002852544,
                        351.3484849891532,
                        2644.379390500608,
                        0.0,
                        -25935.78448609211,
                        -19473.244413768654,
                        -10324.469252386307,
                        50388.14199544612
                    ],
                    [
                        0.0,
                        0.0,
                        0.0,
                        0.0,
                        0.0,
                        0.0,
                        0.0,
                        0.0
                    ],
                    [
                        496.85065644772044,
                        -3445.9875988023628,
                        -25935.78448609211,
                        0.0,
                        254376.34391828466,
                        190991.45613326275,
                        101261.26773831935,
                        -494201.39793219935
                    ],
                    [
                        373.0480670571647,
                        -2587.334838253246,
                        -19473.244413768654,
                        0.0,
                        190991.45613326275,
                        143402.22652619236,
                        76029.52659379822,
                        -371058.93661016924
                    ],
                    [
                        197.50854018869526,
                        -1371.4768163297908,
                        -10324.469252386307,
                        0.0,
                        101261.26773831935,
                        76029.52659379822,
                        40313.493215500755,
                        -196751.0713396866
                    ],
                    [
                        -963.6439142168001,
                        6693.127678496765,
                        50388.14199544612,
                        0.0,
                        -494201.39793219935,
                        -371058.93661016924,
                        -196751.0713396866,
                        960252.6297757211
                    ]
                ],
                "mui": [
                    0.499999999999995,
                    -2.8811532789461136,
                    -20.43821777774133,
                    9.999999999999998,
                    176.65450079404513,
                    164.95853790200732,
                    79.28059214002087,
                    -385.39004775695844
                ],
                "Ai": [
                    [
                        0.0,
                        0.0,
                        0.0,
                        0.0,
                        0.0,
                        0.0,
                        0.0,
                        0.0
                    ],
                    [
                        -6.762306557892261,
                        0.0,
                        0.0,
                        0.0,
                        0.0,
                        0.0,
                        0.0,
                        0.0
                    ],
                    [
                        8.727111760938953,
                        8.781821447370477,
                        0.0,
                        0.0,
                        0.0,
                        0.0,
                        0.0,
                        0.0
                    ],
                    [
                        0.0,
                        0.0,
                        0.0,
                        0.0,
                        0.0,
                        0.0,
                        0.0,
                        0.0
                    ],
                    [
                        0.0,
                        0.0,
                        -9.807890871960774,
                        -2.4301308787410445,
                        0.0,
                        0.0,
                        0.0,
                        0.0
                    ],
                    [
                        0.0,
                        -0.0,
                        -7.364013077594803,
                        1.3951234903989584,
                        -0.0,
                        0.0,
                        0.0,
                        0.0
                    ],
                    [
                        -9.371480377321587,
                        0.0,
                        -4.083836136611794,
                        0.0,
                        -0.0,
                        0.0,
                        0.0,
                        0.0
                    ],
                    [
                        9.329522950863804,
                        0.0,
                        -0.0,
                        -0.0,
                        0.0,
                        0.0,
                        -4.926234765535233,
                        0.0
                    ]
                ]
            },
            "est_params": {
                "mui": [
                    0.5197901563789527,
                    -2.966513280110923,
                    -21.106228816175097,
                    9.999999999999996,
                    183.28831559939402,
                    169.9170812807772,
                    81.84843166292384,
                    -397.8273809995378
                ],
                "Si": [
                    [
                        1.030205095585392,
                        -6.978710305111393,
                        -52.35488476508583,
                        2.4966331681512e-31,
                        513.5010525241497,
                        385.5344962983785,
                        204.1978407310564,
                        -996.425675244404
                    ],
                    [
                        -6.978710305111393,
                        48.28373785479817,
                        363.5232298451063,
                        1.4251614334863102e-30,
                        -3565.4831931292315,
                        -2676.9456613877137,
                        -1419.4106346808471,
                        6928.041509625259
                    ],
                    [
                        -52.35488476508583,
                        363.5232298451063,
                        2739.5540692097043,
                        2.0527872715909868e-30,
                        -26869.90432941212,
                        -20173.77588471286,
                        -10699.01198511019,
                        52223.464563959795
                    ],
                    [
                        2.4966331681512e-31,
                        1.4251614334863102e-30,
                        2.0527872715909868e-30,
                        1e-06,
                        -1.3936761151990701e-28,
                        -4.482843555258155e-29,
                        -3.4841902879976753e-29,
                        -1.4558145407175e-28
                    ],
                    [
                        513.5010525241497,
                        -3565.4831931292315,
                        -26869.90432941212,
                        -1.3936761151990701e-28,
                        263544.5707157082,
                        197866.95838585187,
                        104937.31555788754,
                        -512214.6096145519
                    ],
                    [
                        385.5344962983785,
                        -2676.9456613877137,
                        -20173.77588471286,
                        -4.083382248353963e-29,
                        197866.95838585187,
                        148558.53764799752,
                        78786.32236998052,
                        -384567.66977797233
                    ],
                    [
                        204.1978407310564,
                        -1419.4106346808471,
                        -10699.01198511019,
                        -3.4841902879976753e-29,
                        104937.31555788754,
                        78786.32236998052,
                        41787.118621899834,
                        -203971.86735619322
                    ],
                    [
                        -996.425675244404,
                        6928.041509625259,
                        52223.464563959795,
                        -1.4558145407175e-28,
                        -512214.6096145519,
                        -384567.66977797233,
                        -203971.86735619322,
                        995634.3106162614
                    ]
                ]
            },
            "est_tgt": [
                3
            ]
        },
        "4": {
            "intv_type": "do",
            "inode": 4,
