{
    "expt_args": {
        "save_dir": "expt_logs_29.04.24-2",
        "exp_name": "529",
        "num_nodes": 4,
        "obs_noise_mean": 0.5,
        "obs_noise_var": 1.0,
        "max_edge_strength": 10.0,
        "num_parents": 2,
        "new_noise_mean": 10.0,
        "mix_samples": 2048,
        "stage2_samples": 2048,
        "intv_targets": [
            0,
            1,
            2,
            3
        ]
    },
    "intv_args_dict": {
        "0": {
            "intv_type": "do",
            "inode": 0,
            "new_mui": 10.0,
            "true_params": {
                "Si": [
                    [
                        2.4378679766863795e-30,
                        1.5277165016636252e-15,
                        -1.496632672442404e-14,
                        -8.226105025766306e-14
                    ],
                    [
                        1.5277165016636252e-15,
                        1.0000000000000044,
                        -9.585491493448462,
                        -52.85538820100653
                    ],
                    [
                        -1.496632672442404e-14,
                        -9.585491493448462,
                        92.88164717097241,
                        511.33761464212597
                    ],
                    [
                        -8.226105025766306e-14,
                        -52.85538820100653,
                        511.33761464212597,
                        2816.7138767666884
                    ]
                ],
                "mui": [
                    10.000000000000062,
                    17.509745473468843,
                    -237.1046921230041,
                    -1250.0279011557936
                ],
                "Ai": [
                    [
                        0.0,
                        0.0,
                        0.0,
                        0.0
                    ],
                    [
                        1.700974547346881,
                        0.0,
                        0.0,
                        0.0
                    ],
                    [
                        -6.976517583462125,
                        -9.585491493448409,
                        0.0,
                        0.0
                    ],
                    [
                        -0.0,
                        -7.873162538340285,
                        4.692740658463979,
                        0.0
                    ]
                ]
            },
            "est_params": {
                "mui": [
                    10.000000000000044,
                    17.485132589984765,
                    -236.8177750331368,
                    -1248.393318464148
                ],
                "Si": [
                    [
                        1e-06,
                        1.4356742130351427e-15,
                        -1.3819359736134351e-14,
                        -7.628968069743356e-14
                    ],
                    [
                        1.4356742130351427e-15,
                        0.9451024901583833,
                        -9.041423360383146,
                        -49.95530729702641
                    ],
                    [
                        -1.3819359736134351e-14,
                        -9.041423360383146,
                        87.47818101100364,
                        482.5589499447159
                    ],
                    [
                        -7.628968069743356e-14,
                        -49.95530729702641,
                        482.5589499447159,
                        2663.481437114582
                    ]
                ]
            },
            "est_tgt": [
                0
            ]
        },
        "1": {
            "intv_type": "do",
            "inode": 1,
            "new_mui": 10.0,
            "true_params": {
                "Si": [
                    [
                        1.0000000000000004,
                        0.0,
                        -6.976517583462129,
                        -32.738987718401596
                    ],
                    [
                        0.0,
                        0.0,
                        0.0,
                        0.0
                    ],
                    [
                        -6.976517583462129,
                        0.0,
                        49.671797592356235,
                        233.09686414064328
                    ],
                    [
                        -32.738987718401596,
                        0.0,
                        233.09686414064328,
                        1094.8631317132508
                    ]
                ],
                "mui": [
                    0.499999999999995,
                    10.000000000000004,
                    -98.84317372621516,
                    -542.0770055400312
                ],
                "Ai": [
                    [
                        0.0,
                        0.0,
                        0.0,
                        0.0
                    ],
                    [
                        0.0,
                        0.0,
                        0.0,
                        0.0
                    ],
                    [
                        -6.976517583462125,
                        -9.585491493448409,
                        0.0,
                        0.0
                    ],
                    [
                        -0.0,
                        -7.873162538340285,
                        4.692740658463979,
                        0.0
                    ]
                ]
            },
            "est_params": {
                "mui": [
                    0.49060809453144816,
                    10.0,
                    -98.80276478090659,
                    -541.8791932301147
                ],
                "Si": [
                    [
                        0.9171925588913125,
                        7.715021112019392e-31,
                        -6.312936332692759,
                        -29.61499697418886
                    ],
                    [
                        7.7921713231395855e-31,
                        1e-06,
                        -1.1109630401307925e-28,
                        -6.658371820517216e-28
                    ],
                    [
                        -6.31293633269276,
                        -1.1097286367528693e-28,
                        44.477488355179815,
                        208.64571836421192
                    ],
                    [
                        -29.61499697418886,
                        -6.646027786737985e-28,
                        208.64571836421192,
                        979.8027822644691
                    ]
                ]
            },
            "est_tgt": [
                1
            ]
        },
        "2": {
            "intv_type": "do",
            "inode": 2,
            "new_mui": 10.0,
            "true_params": {
                "Si": [
                    [
                        1.0,
                        1.700974547346881,
                        0.0,
                        -13.392049084841787
                    ],
                    [
                        1.700974547346881,
                        3.8933144107219264,
                        0.0,
                        -30.652697168476255
                    ],
                    [
                        0.0,
                        0.0,
                        0.0,
                        0.0
                    ],
                    [
                        -13.392049084841787,
                        -30.652697168476255,
                        0.0,
                        242.33366704593658
                    ]
                ],
                "mui": [
                    0.5,
                    1.3504872736734406,
                    10.0,
                    36.794800773048756
                ],
                "Ai": [
                    [
                        0.0,
                        0.0,
                        0.0,
                        0.0
                    ],
                    [
                        1.700974547346881,
                        0.0,
                        0.0,
                        0.0
                    ],
                    [
                        0.0,
                        0.0,
                        0.0,
                        0.0
                    ],
                    [
                        -0.0,
                        -7.873162538340285,
                        4.692740658463979,
                        0.0
                    ]
                ]
            },
            "est_params": {
                "mui": [
                    0.5538760224472712,
                    1.4796587024474381,
                    10.000000000000004,
                    35.75202309532827
                ],
                "Si": [
                    [
                        1.0253312834584982,
                        1.7507797480026193,
                        -3.1246431264172302e-31,
                        -13.752473361270482
                    ],
                    [
                        1.7507797480026193,
                        3.964421854343302,
                        4.65996160087903e-30,
                        -31.091556915049633
                    ],
                    [
                        -3.2017948085509893e-31,
                        4.721682946586037e-30,
                        1e-06,
                        6.690593874639562e-29
                    ],
                    [
                        -13.752473361270482,
                        -31.091556915049633,
                        6.739970951205167e-29,
                        244.87706612936094
                    ]
                ]
            },
            "est_tgt": [
                2
            ]
        },
        "3": {
            "intv_type": "do",
            "inode": 3,
            "new_mui": 10.0,
            "true_params": {
                "Si": [
                    [
                        1.0,
                        1.700974547346881,
                        -23.28119463762791,
                        0.0
                    ],
                    [
                        1.700974547346881,
                        3.8933144107219264,
                        -49.18621100388217,
                        0.0
                    ],
                    [
                        -23.28119463762791,
                        -49.18621100388217,
                        634.8956709260863,
                        0.0
                    ],
                    [
                        0.0,
                        0.0,
                        0.0,
                        0.0
                    ]
                ],
                "mui": [
                    0.5,
                    1.3504872736734406,
                    -15.933343065538159,
                    10.0
                ],
                "Ai": [
                    [
                        0.0,
                        0.0,
                        0.0,
                        0.0
                    ],
                    [
                        1.700974547346881,
                        0.0,
                        0.0,
                        0.0
                    ],
                    [
                        -6.976517583462125,
                        -9.585491493448409,
                        0.0,
                        0.0
                    ],
                    [
                        0.0,
                        0.0,
                        0.0,
                        0.0
                    ]
                ]
            },
            "est_params": {
                "mui": [
                    0.41937573865212,
                    1.1341715294722217,
                    -13.297399348679473,
                    10.0
                ],
                "Si": [
                    [
                        1.0712422582958607,
                        1.7532878197948283,
                        -24.268473023681008,
                        0.0
                    ],
                    [
                        1.7532878197948283,
                        3.855517020958596,
                        -49.19156582661701,
                        0.0
                    ],
                    [
                        -24.268473023681008,
                        -49.19156582661701,
                        641.7057444756718,
                        0.0
                    ],
                    [
                        0.0,
                        0.0,
                        0.0,
                        1e-06
                    ]
                ]
            },
            "est_tgt": [
                3
            ]
        },
        "obs": {
            "intv_type": "obs",
            "true_params": {
                "Si": [
                    [
                        1.0000000000000124,
                        1.7009745473468967,
                        -23.281194637628147,
                        -122.64465773845309
                    ],
                    [
                        1.7009745473468967,
                        3.893314410721943,
                        -49.186211003882434,
                        -261.4708293821839
                    ],
                    [
                        -23.281194637628147,
                        -49.186211003882434,
                        634.8956709260906,
                        3366.6517627163003
                    ],
                    [
                        -122.64465773845309,
                        -261.4708293821839,
                        3366.6517627163003,
                        17858.425948548782
                    ]
                ],
                "mui": [
                    0.5000000000000038,
                    1.3504872736734432,
                    -15.933343065538212,
                    -84.90365264049733
                ],
                "Ai": [
                    [
                        0.0,
                        0.0,
                        0.0,
                        0.0
                    ],
                    [
                        1.700974547346881,
                        0.0,
                        0.0,
                        0.0
                    ],
                    [
                        -6.976517583462125,
                        -9.585491493448409,
                        0.0,
                        0.0
                    ],
                    [
                        -0.0,
                        -7.873162538340285,
                        4.692740658463979,
                        0.0
                    ]
                ]
            },
            "est_params": {
                "mui": [
                    0.49431798826534545,
                    1.3181090385712606,
                    -15.559410992629573,
                    -82.8777625231467
                ],
                "Si": [
                    [
                        0.9607880009446915,
                        1.7235346939486786,
                        -23.16000442021866,
                        -122.23145674812785
                    ],
                    [
                        1.7235346939486786,
                        4.251139202770062,
                        -52.711146326918566,
                        -280.86612801017316
                    ],
                    [
                        -23.16000442021866,
                        -52.711146326918566,
                        666.7896788516578,
                        3544.291183403082
                    ],
                    [
                        -122.23145674812785,
                        -280.86612801017316,
                        3544.291183403082,
                        18846.086907038334
                    ]
                ]
            }
        }
    },
    "metric_dict": {
        "param_est_rel_err": 0.3943307576010164,
        "est_dag": {
            "amat": [
                [
                    0,
                    1,
                    1,
                    0
                ],
                [
                    0,
                    0,
                    1,
                    1
                ],
                [
                    0,
                    0,
                    0,
                    1
                ],
                [
                    0,
                    0,
                    0,
                    0
                ]
            ],
            "nodes": [
                0,
                1,
                2,
                3
            ]
        },
        "act_dag": {
            "amat": [
                [
                    0,
                    1,
                    1,
                    0
                ],
                [
                    0,
                    0,
                    1,
                    1
                ],
                [
                    0,
                    0,
                    0,
                    1
                ],
                [
                    0,
                    0,
                    0,
                    0
                ]
            ],
            "nodes": [
                0,
                1,
                2,
                3
            ]
        },
        "shd": 0,
        "avg_js": 1.0
    }
}