{
    "expt_args": {
        "save_dir": "expt_logs_29.04.24-2",
        "exp_name": "698",
        "num_nodes": 4,
        "obs_noise_mean": 0.5,
        "obs_noise_var": 1.0,
        "max_edge_strength": 10.0,
        "num_parents": 2,
        "new_noise_mean": 10.0,
        "mix_samples": 4096,
        "stage2_samples": 4096,
        "intv_targets": [
            0,
            1,
            2,
            3
        ]
    },
    "intv_args_dict": {
        "0": {
            "intv_type": "do",
            "inode": 0,
            "new_mui": 10.0,
            "true_params": {
                "Si": [
                    [
                        2.813331121042132e-32,
                        -1.6294248233241704e-16,
                        6.079226197940535e-16,
                        4.624601672384363e-15
                    ],
                    [
                        -1.6294248233241704e-16,
                        0.9999999999999991,
                        -3.4867208473890368,
                        -27.06031901265752
                    ],
                    [
                        6.079226197940535e-16,
                        -3.4867208473890368,
                        13.157222267617332,
                        99.76365908559058
                    ],
                    [
                        4.624601672384363e-15,
                        -27.06031901265752,
                        99.76365908559058,
                        762.5493172058955
                    ]
                ],
                "mui": [
                    9.999999999999998,
                    27.754354020707822,
                    -110.8401836499676,
                    -826.6787106146576
                ],
                "Ai": [
                    [
                        0.0,
                        0.0,
                        0.0,
                        0.0
                    ],
                    [
                        2.7254354020707825,
                        0.0,
                        0.0,
                        0.0
                    ],
                    [
                        -1.4568498880149843,
                        -3.486720847389039,
                        0.0,
                        0.0
                    ],
                    [
                        -0.0,
                        -8.190601936624809,
                        5.411880647159619,
                        0.0
                    ]
                ]
            },
            "est_params": {
                "mui": [
                    9.999999999999998,
                    27.79747705729107,
                    -110.99080440559939,
                    -827.8339208676299
                ],
                "Si": [
                    [
                        1e-06,
                        0.0,
                        0.0,
                        0.0
                    ],
                    [
                        0.0,
                        0.972712451864572,
                        -3.3868737322722593,
                        -26.313314791567684
                    ],
                    [
                        0.0,
                        -3.3868737322722593,
                        12.795117855790169,
                        97.02957530976754
                    ],
                    [
                        0.0,
                        -26.313314791567684,
                        97.02957530976754,
                        742.0241726554333
                    ]
                ]
            },
            "est_tgt": [
                0,
                1,
                2
            ]
        },
        "1": {
            "intv_type": "do",
            "inode": 1,
            "new_mui": 10.0,
            "true_params": {
                "Si": [
                    [
                        0.9999999999999996,
                        -1.0843872362159092e-16,
                        -1.4568498880149832,
                        -7.884297714764944
                    ],
                    [
                        -1.0843872362159092e-16,
                        2.3517913561359574e-32,
                        2.664176659861934e-16,
                        1.4418206106121154e-15
                    ],
                    [
                        -1.4568498880149832,
                        2.664176659861934e-16,
                        3.1224115962092687,
                        16.898118889991714
                    ],
                    [
                        -7.884297714764944,
                        1.4418206106121154e-15,
                        16.898118889991714,
                        92.45060259414853
                    ]
                ],
                "mui": [
                    0.4999999999999938,
                    9.999999999999996,
                    -35.09563341789786,
                    -271.33939866037787
                ],
                "Ai": [
                    [
                        0.0,
                        0.0,
                        0.0,
                        0.0
                    ],
                    [
                        0.0,
                        0.0,
                        0.0,
                        0.0
                    ],
                    [
                        -1.4568498880149843,
                        -3.486720847389039,
                        0.0,
                        0.0
                    ],
                    [
                        -0.0,
                        -8.190601936624809,
                        5.411880647159619,
                        0.0
                    ]
                ]
            },
            "est_params": {
                "mui": [
                    0.49106759437155634,
                    9.999999999999993,
                    -35.1102430530598,
                    -271.3994612561457
                ],
                "Si": [
                    [
                        0.9916192727473924,
                        -6.202243156753047e-16,
                        -1.4491153903479375,
                        -7.829823122207075
                    ],
                    [
                        -6.202243156753048e-16,
                        1e-06,
                        9.314204787567755e-16,
                        5.026529013852467e-15
                    ],
                    [
                        -1.4491153903479375,
                        9.314204787567755e-16,
                        3.1065232422791342,
                        16.785845130508537
                    ],
                    [
                        -7.829823122207075,
                        5.026529013852468e-15,
                        16.785845130508537,
                        91.65446811790713
                    ]
                ]
            },
            "est_tgt": [
                1,
                2
            ]
        },
        "2": {
            "intv_type": "do",
            "inode": 2,
            "new_mui": 10.0,
            "true_params": {
                "Si": [
                    [
                        1.0,
                        2.7254354020707825,
                        0.0,
                        -22.322956482346765
                    ],
                    [
                        2.7254354020707825,
                        8.427998130860729,
                        0.0,
                        -69.03037781249814
                    ],
                    [
                        0.0,
                        0.0,
                        0.0,
                        0.0
                    ],
                    [
                        -22.322956482346765,
                        -69.03037781249814,
                        0.0,
                        566.4003461969895
                    ]
                ],
                "mui": [
                    0.5,
                    1.8627177010353912,
                    10.0,
                    39.3620272621104
                ],
                "Ai": [
                    [
                        0.0,
                        0.0,
                        0.0,
                        0.0
                    ],
                    [
                        2.7254354020707825,
                        0.0,
                        0.0,
                        0.0
                    ],
                    [
                        0.0,
                        0.0,
                        0.0,
                        0.0
                    ],
                    [
                        -0.0,
                        -8.190601936624809,
                        5.411880647159619,
                        0.0
                    ]
                ]
            },
            "est_params": {
                "mui": [
                    0.49745008121398016,
                    1.8587814156425673,
                    10.00000000000001,
                    39.42400718498872
                ],
                "Si": [
                    [
                        0.9610712852737112,
                        2.6694671077628978,
                        -7.20388929453313e-15,
                        -21.85665697270268
                    ],
                    [
                        2.6694671077628978,
                        8.45905147489138,
                        -2.0778978665519267e-14,
                        -69.23557504279874
                    ],
                    [
                        -7.20388929453313e-15,
                        -2.0778978665519267e-14,
                        1.0000000000415105e-06,
                        1.7616227568339859e-13
                    ],
                    [
                        -21.85665697270268,
                        -69.23557504279874,
                        1.7616227568339859e-13,
                        567.6284825236331
                    ]
                ]
            },
            "est_tgt": [
                2
            ]
        },
        "3": {
            "intv_type": "do",
            "inode": 3,
            "new_mui": 10.0,
            "true_params": {
                "Si": [
                    [
                        1.0,
                        2.7254354020707825,
                        -10.95968232262731,
                        0.0
                    ],
                    [
                        2.7254354020707825,
                        8.427998130860729,
                        -33.35662704492685,
                        0.0
                    ],
                    [
                        -10.95968232262731,
                        -33.35662704492685,
                        133.2718588805269,
                        0.0
                    ],
                    [
                        0.0,
                        0.0,
                        0.0,
                        0.0
                    ]
                ],
                "mui": [
                    0.5,
                    1.8627177010353912,
                    -6.723201585008175,
                    10.0
                ],
                "Ai": [
                    [
                        0.0,
                        0.0,
                        0.0,
                        0.0
                    ],
                    [
                        2.7254354020707825,
                        0.0,
                        0.0,
                        0.0
                    ],
                    [
                        -1.4568498880149843,
                        -3.486720847389039,
                        0.0,
                        0.0
                    ],
                    [
                        0.0,
                        0.0,
                        0.0,
                        0.0
                    ]
                ]
            },
            "est_params": {
                "mui": [
                    0.5347305689443532,
                    1.99628878687398,
                    -7.334828269135817,
                    10.000003706453702
                ],
                "Si": [
                    [
                        0.9808774412254255,
                        2.6641806525334983,
                        -10.736840968457114,
                        -2.1986172479352247e-06
                    ],
                    [
                        2.6641806525334983,
                        8.260192832602401,
                        -32.7241821500704,
                        -8.603914892451763e-06
                    ],
                    [
                        -10.736840968457114,
                        -32.7241821500704,
                        130.83777637220894,
                        3.296602388853647e-05
                    ],
                    [
                        -2.198617247935225e-06,
                        -8.603914892451764e-06,
                        3.296602388853646e-05,
                        1.0116407714199924e-06
                    ]
                ]
            },
            "est_tgt": [
                3
            ]
        },
        "obs": {
            "intv_type": "obs",
            "true_params": {
                "Si": [
                    [
                        0.9999999999999996,
                        2.7254354020707816,
                        -10.959682322627305,
                        -81.63544914319085
                    ],
                    [
                        2.7254354020707816,
                        8.427998130860725,
                        -33.35662704492683,
                        -249.5524621714588
                    ],
                    [
                        -10.959682322627305,
                        -33.35662704492683,
                        133.27185888052682,
                        994.4622479599601
                    ],
                    [
                        -81.63544914319085,
                        -249.5524621714588,
                        994.4622479599601,
                        7426.895874016398
                    ]
                ],
                "mui": [
                    0.49999999999999983,
                    1.8627177010353908,
                    -6.723201585008173,
                    -51.14194375434439
                ],
                "Ai": [
                    [
                        0.0,
                        0.0,
                        0.0,
                        0.0
                    ],
                    [
                        2.7254354020707825,
                        0.0,
                        0.0,
                        0.0
                    ],
                    [
                        -1.4568498880149843,
                        -3.486720847389039,
                        0.0,
                        0.0
                    ],
                    [
                        -0.0,
                        -8.190601936624809,
                        5.411880647159619,
                        0.0
                    ]
                ]
            },
            "est_params": {
                "mui": [
                    0.526532495147308,
                    1.9650573338351391,
                    -7.105726332147079,
                    -54.075065061087166
                ],
                "Si": [
                    [
                        1.0123083969955724,
                        2.705182337046026,
                        -10.83742166106981,
                        -80.80390874042881
                    ],
                    [
                        2.705182337046026,
                        8.229627392411098,
                        -32.49026217778965,
                        -243.2293816900165
                    ],
                    [
                        -10.83742166106981,
                        -32.49026217778965,
                        129.56210480051953,
                        967.2782591042522
                    ],
                    [
                        -80.80390874042881,
                        -243.2293816900165,
                        967.2782591042522,
                        7227.864508013909
                    ]
                ]
            }
        }
    },
    "metric_dict": {
        "param_est_rel_err": 0.1848816151702163,
        "est_dag": {
            "amat": [
                [
                    0,
                    0,
                    0,
                    0
                ],
                [
                    0,
                    0,
                    1,
                    1
                ],
                [
                    0,
                    0,
                    0,
                    1
                ],
                [
                    0,
                    0,
                    0,
                    0
                ]
            ],
            "nodes": [
                0,
                1,
                2,
                3
            ]
        },
        "act_dag": {
            "amat": [
                [
                    0,
                    1,
                    1,
                    0
                ],
                [
                    0,
                    0,
                    1,
                    1
                ],
                [
                    0,
                    0,
                    0,
                    1
                ],
                [
                    0,
                    0,
                    0,
                    0
                ]
            ],
            "nodes": [
                0,
                1,
                2,
                3
            ]
        },
        "shd": 2,
        "avg_js": 0.7083333333333333
    }
}