{
    "expt_args": {
        "save_dir": "expt_logs_29.04.24-2",
        "exp_name": "395",
        "num_nodes": 6,
        "obs_noise_mean": 0.5,
        "obs_noise_var": 1.0,
        "max_edge_strength": 10.0,
        "num_parents": 2,
        "new_noise_mean": 10.0,
        "mix_samples": 8192,
        "stage2_samples": 8192,
        "intv_targets": [
            0,
            1,
            2,
            3,
            4,
            5
        ]
    },
    "intv_args_dict": {
        "0": {
            "intv_type": "do",
            "inode": 0,
            "new_mui": 10.0,
            "true_params": {
                "Si": [
                    [
                        8.989818463535429e-30,
                        2.960788321907244e-15,
                        -1.49701237744136e-14,
                        1.5214264497242693e-14,
                        -4.729492392290644e-14,
                        -4.3306788241745535e-13
                    ],
                    [
                        2.960788321907244e-15,
                        0.9999999999999567,
                        -5.210258397293998,
                        5.141016107754363,
                        -16.336698606075025,
                        -149.59109528450907
                    ],
                    [
                        -1.49701237744136e-14,
                        -5.210258397293998,
                        28.1467925665738,
                        -26.786022346052032,
                        87.18552379801422,
                        798.3362068667083
                    ],
                    [
                        1.5214264497242693e-14,
                        5.141016107754363,
                        -26.786022346052032,
                        27.430046620190968,
                        -85.07000484119426,
                        -778.964924732131
                    ],
                    [
                        -4.729492392290644e-14,
                        -16.336698606075025,
                        87.18552379801422,
                        -85.07000484119426,
                        273.33303480609845,
                        2502.842773807328
                    ],
                    [
                        -4.3306788241745535e-13,
                        -149.59109528450907,
                        798.3362068667083,
                        -778.964924732131,
                        2502.842773807328,
                        22918.910214707033
                    ]
                ],
                "mui": [
                    10.000000000000023,
                    48.66166134100896,
                    -204.05179424507648,
                    310.66646171605856,
                    -757.6776322320884,
                    -6889.200637663018
                ],
                "Ai": [
                    [
                        0.0,
                        0.0,
                        0.0,
                        0.0,
                        0.0,
                        0.0
                    ],
                    [
                        4.816166134101,
                        0.0,
                        0.0,
                        0.0,
                        0.0,
                        0.0
                    ],
                    [
                        4.898803538320393,
                        -5.2102583972942424,
                        0.0,
                        0.0,
                        0.0,
                        0.0
                    ],
                    [
                        5.999607693183351,
                        5.141016107754569,
                        0.0,
                        0.0,
                        0.0,
                        0.0
                    ],
                    [
                        -0.0,
                        -0.0,
                        2.0671027016469736,
                        -1.0827741598306897,
                        0.0,
                        0.0
                    ],
                    [
                        4.816542764003201,
                        0.0,
                        0.0,
                        -0.0,
                        9.156751856148071,
                        0.0
                    ]
                ]
            },
            "est_params": {
                "mui": [
                    10.000000000000004,
                    48.6519890088034,
                    -203.98518416147456,
                    310.5981393737174,
                    -757.4560911908712,
                    -6887.181806517615
                ],
                "Si": [
                    [
                        1e-06,
                        3.0372870147695144e-15,
                        -1.5277161649984517e-14,
                        1.5570812251774707e-14,
                        -4.846300993921818e-14,
                        -4.438101674681754e-13
                    ],
                    [
                        3.0372870147695144e-15,
                        1.0187030209965109,
                        -5.239919055722529,
                        5.216288016612923,
                        -16.494134782441567,
                        -151.04872516885592
                    ],
                    [
                        -1.5277161649984517e-14,
                        -5.239919055722529,
                        27.99892490475401,
                        -26.790958145830245,
                        86.98772613490003,
                        796.6714483023267
                    ],
                    [
                        1.5570812251774707e-14,
                        5.216288016612923,
                        -26.790958145830245,
                        27.713702989357806,
                        -85.50439913068807,
                        -783.0687585113363
                    ],
                    [
                        -4.846300993921818e-14,
                        -16.494134782441567,
                        86.98772613490003,
                        -85.50439913068807,
                        273.7938268526895,
                        2507.508364395211
                    ],
                    [
                        -4.438101674681754e-13,
                        -151.04872516885592,
                        796.6714483023267,
                        -783.0687585113363,
                        2507.508364395211,
                        22965.758958945553
                    ]
                ]
            },
            "est_tgt": [
                0
            ]
        },
        "1": {
            "intv_type": "do",
            "inode": 1,
            "new_mui": 10.0,
            "true_params": {
                "Si": [
                    [
                        0.9999999999999993,
                        -9.440667782372923e-17,
                        4.898803538320389,
                        5.999607693183346,
                        3.6301098495994895,
                        38.05655786734472
                    ],
                    [
                        -9.440667782372923e-17,
                        2.3559542760247896e-32,
                        -3.444714200842966e-16,
                        -5.766715410512347e-16,
                        -6.284329365728443e-17,
                        -1.0301542467882623e-15
                    ],
                    [
                        4.898803538320389,
                        -3.444714200842966e-16,
                        24.99827610706038,
                        29.390899395900828,
                        19.85029767735666,
                        205.3595468369977
                    ],
                    [
                        5.999607693183346,
                        -5.766715410512347e-16,
                        29.390899395900828,
                        36.995292472104815,
                        20.69646082092706,
                        218.4097230591799
                    ],
                    [
                        3.6301098495994895,
                        -6.284329365728443e-17,
                        19.85029767735666,
                        20.69646082092706,
                        19.623010980512504,
                        197.16762154764703
                    ],
                    [
                        38.05655786734472,
                        -1.0301542467882623e-15,
                        205.3595468369977,
                        218.4097230591799,
                        197.16762154764703,
                        1989.7160229975457
                    ]
                ],
                "mui": [
                    0.4999999999999334,
                    9.99999999999998,
                    -49.15318220378245,
                    54.90996492413686,
                    -160.55976686504957,
                    -1467.2976718822426
                ],
                "Ai": [
                    [
                        0.0,
                        0.0,
                        0.0,
                        0.0,
                        0.0,
                        0.0
                    ],
                    [
                        0.0,
                        0.0,
                        0.0,
                        0.0,
                        0.0,
                        0.0
                    ],
                    [
                        4.898803538320393,
                        -5.2102583972942424,
                        0.0,
                        0.0,
                        0.0,
                        0.0
                    ],
                    [
                        5.999607693183351,
                        5.141016107754569,
                        0.0,
                        0.0,
                        0.0,
                        0.0
                    ],
                    [
                        -0.0,
                        -0.0,
                        2.0671027016469736,
                        -1.0827741598306897,
                        0.0,
                        0.0
                    ],
                    [
                        4.816542764003201,
                        0.0,
                        0.0,
                        -0.0,
                        9.156751856148071,
                        0.0
                    ]
                ]
            },
            "est_params": {
                "mui": [
                    0.5075468574279033,
                    9.999999999999972,
                    -49.119916493575786,
                    54.91466391025236,
                    -160.5333431573476,
                    -1467.012358744036
                ],
                "Si": [
                    [
                        0.9463538630360073,
                        7.438722513227417e-30,
                        4.6495786160902695,
                        5.68527560926778,
                        3.467482379161448,
                        36.31328360838918
                    ],
                    [
                        7.438722513227417e-30,
                        1e-06,
                        -5.599270463183509e-28,
                        7.581779018702973e-28,
                        -2.277683969532375e-27,
                        -2.545068014155766e-26
                    ],
                    [
                        4.6495786160902695,
                        -5.598407377177623e-28,
                        23.827978678729142,
                        27.96986597937057,
                        19.032476730078294,
                        196.63799656026626
                    ],
                    [
                        5.68527560926778,
                        7.582642104708859e-28,
                        27.96986597937057,
                        35.17980878896385,
                        19.826501311893846,
                        208.9485934467369
                    ],
                    [
                        3.467482379161448,
                        -2.277770278132963e-27,
                        19.032476730078294,
                        19.826501311893846,
                        18.905577588551242,
                        189.73391175851535
                    ],
                    [
                        36.31328360838918,
                        -2.5447573031936472e-26,
                        196.63799656026626,
                        208.9485934467369,
                        189.73391175851535,
                        1912.5213291883285
                    ]
                ]
            },
            "est_tgt": [
                1,
                2,
                3
            ]
        },
        "2": {
            "intv_type": "do",
            "inode": 2,
            "new_mui": 10.0,
            "true_params": {
                "Si": [
                    [
                        1.0000000000000009,
                        4.816166134101,
                        0.0,
                        30.75959536621865,
                        -33.305695029389376,
                        -300.1554420166596
                    ],
                    [
                        4.816166134101,
                        24.19545623126135,
                        0.0,
                        153.28433760918676,
                        -165.97231986999097,
                        -1496.5700778953003
                    ],
                    [
                        0.0,
                        0.0,
                        0.0,
                        0.0,
                        0.0,
                        0.0
                    ],
                    [
                        30.75959536621865,
                        153.28433760918676,
                        0.0,
                        973.5827537136909,
                        -1054.170248177991,
                        -9504.620470215068
                    ],
                    [
                        -33.305695029389376,
                        -165.97231986999097,
                        0.0,
                        -1054.170248177991,
                        1142.4283047894337,
                        10300.514196002843
                    ],
                    [
                        -300.1554420166596,
                        -1496.5700778953003,
                        0.0,
                        -9504.620470215068,
                        10300.514196002843,
                        92874.5409612071
                    ]
                ],
                "mui": [
                    0.5000000000000002,
                    2.908083067050499,
                    10.0,
                    18.450305736986603,
                    1.1935127234847127,
                    13.836971228106545
                ],
                "Ai": [
                    [
                        0.0,
                        0.0,
                        0.0,
                        0.0,
                        0.0,
                        0.0
                    ],
                    [
                        4.816166134101,
                        0.0,
                        0.0,
                        0.0,
                        0.0,
                        0.0
                    ],
                    [
                        0.0,
                        0.0,
                        0.0,
                        0.0,
                        0.0,
                        0.0
                    ],
                    [
                        5.999607693183351,
                        5.141016107754569,
                        0.0,
                        0.0,
                        0.0,
                        0.0
                    ],
                    [
                        -0.0,
                        -0.0,
                        2.0671027016469736,
                        -1.0827741598306897,
                        0.0,
                        0.0
                    ],
                    [
                        4.816542764003201,
                        0.0,
                        0.0,
                        -0.0,
                        9.156751856148071,
                        0.0
                    ]
                ]
            },
            "est_params": {
                "mui": [
                    0.5305507729255042,
                    3.089032349801018,
                    10.000000000000005,
                    19.552394406519298,
                    -0.06251921854443794,
                    2.4568034332449185
                ],
                "Si": [
                    [
                        0.9887369854713137,
                        4.803563929766403,
                        2.4461940567978674e-30,
                        30.6144898748238,
                        -33.1420969303114,
                        -298.68277332813693
                    ],
                    [
                        4.803563929766403,
                        24.408744314661053,
                        6.1276217166976346e-30,
                        154.26377019632432,
                        -167.03396911323662,
                        -1506.1780613356752
                    ],
                    [
                        2.4461940567978674e-30,
                        5.8687081230343545e-30,
                        1e-06,
                        2.2698091711147577e-29,
                        -2.330222342969523e-30,
                        4.9711409983349824e-29
                    ],
                    [
                        30.6144898748238,
                        154.26377019632432,
                        2.2611787179926483e-29,
                        977.4662849642054,
                        -1058.321241301194,
                        -9542.248170927558
                    ],
                    [
                        -33.1420969303114,
                        -167.03396911323662,
                        -7.76740780989841e-31,
                        -1058.321241301194,
                        1146.9449553232666,
                        10341.485570616309
                    ],
                    [
                        -298.68277332813693,
                        -1506.178061335675,
                        5.523489998149981e-29,
                        -9542.248170927558,
                        10341.485570616309,
                        93246.12620203248
                    ]
                ]
            },
            "est_tgt": [
                1,
                2,
                3
            ]
        },
        "3": {
            "intv_type": "do",
            "inode": 3,
            "new_mui": 10.0,
            "true_params": {
                "Si": [
                    [
                        1.0000000000000235,
                        4.816166134101059,
                        -20.194666504643685,
                        0.0,
                        -41.744449690608604,
                        -377.42702442435683
                    ],
                    [
                        4.816166134101059,
                        24.19545623126139,
                        -102.47112730642183,
                        0.0,
                        -211.8183440959156,
                        -1916.3707453230443
                    ],
                    [
                        -20.194666504643685,
                        -102.47112730642183,
                        435.971347800343,
                        0.0,
                        901.1975508787614,
                        8154.773871940795
                    ],
                    [
                        0.0,
                        0.0,
                        0.0,
                        0.0,
                        0.0,
                        0.0
                    ],
                    [
                        -41.744449690608604,
                        -211.8183440959156,
                        901.1975508787614,
                        0.0,
                        1863.8678921391238,
                        16865.91185386512
                    ],
                    [
                        -377.42702442435683,
                        -1916.3707453230443,
                        8154.773871940795,
                        0.0,
                        16865.91185386512,
                        152620.0762700788
                    ]
                ],
                "mui": [
                    0.5000000000000059,
                    2.908083067050497,
                    -12.202462450968824,
                    10.0,
                    -35.551484697450306,
                    -322.6278521101962
                ],
                "Ai": [
                    [
                        0.0,
                        0.0,
                        0.0,
                        0.0,
                        0.0,
                        0.0
                    ],
                    [
                        4.816166134101,
                        0.0,
                        0.0,
                        0.0,
                        0.0,
                        0.0
                    ],
                    [
                        4.898803538320393,
                        -5.2102583972942424,
                        0.0,
                        0.0,
                        0.0,
                        0.0
                    ],
                    [
                        0.0,
                        0.0,
                        0.0,
                        0.0,
                        0.0,
                        0.0
                    ],
                    [
                        -0.0,
                        -0.0,
                        2.0671027016469736,
                        -1.0827741598306897,
                        0.0,
                        0.0
                    ],
                    [
                        4.816542764003201,
                        0.0,
                        0.0,
                        -0.0,
                        9.156751856148071,
                        0.0
                    ]
                ]
            },
            "est_params": {
                "mui": [
                    0.48149477283579956,
                    2.823650324947469,
                    -11.835782656748266,
                    10.0,
                    -34.76181723470916,
                    -315.46672241915894
                ],
                "Si": [
                    [
                        1.0813225251853356,
                        5.2272793752125155,
                        -21.939924371445553,
                        -2.5236574649365497e-198,
                        -45.361556178077755,
                        -410.15876830324305
                    ],
                    [
                        5.2272793752125155,
                        26.19208316016096,
                        -110.85836048737004,
                        -2.6020549181694366e-197,
                        -229.19818840927996,
                        -2073.50734310681
                    ],
                    [
                        -21.939924371445553,
                        -110.85836048737004,
                        471.1285895573823,
                        4.1766031007117902e-196,
                        974.048880143774,
                        8813.343139372655
                    ],
                    [
                        -2.5236574649365494e-198,
                        -2.6020549181694372e-197,
                        4.1766031007117907e-196,
                        1e-06,
                        8.579992760902302e-196,
                        7.84869605979398e-195
                    ],
                    [
                        -45.361556178077755,
                        -229.19818840927996,
                        974.048880143774,
                        8.579992760902302e-196,
                        2014.8621186186485,
                        18230.865145423224
                    ],
                    [
                        -410.15876830324305,
                        -2073.50734310681,
                        8813.343139372655,
                        7.848696059793979e-195,
                        18230.865145423224,
                        164958.79604980888
                    ]
                ]
            },
            "est_tgt": [
                1,
                3
            ]
        },
        "4": {
            "intv_type": "do",
            "inode": 4,
            "new_mui": 10.0,
            "true_params": {
                "Si": [
                    [
                        1.0000000000000009,
                        4.816166134101001,
                        -20.1946665046435,
                        30.759595366218658,
                        -5.839883792523705e-17,
                        4.816542764003202
                    ],
                    [
                        4.816166134101001,
                        24.195456231261367,
                        -102.47112730642202,
                        153.28433760918685,
                        -2.812585054863796e-16,
                        23.197270143441436
                    ],
                    [
                        -20.1946665046435,
                        -102.47112730642202,
                        435.97134780034486,
                        -647.9657925846159,
                        1.179345056158888e-15,
                        -97.2684748243984
                    ],
                    [
                        30.759595366218658,
                        153.28433760918685,
                        -647.9657925846159,
                        973.5827537136913,
                        -1.7963246244376742e-15,
                        148.15490648482677
                    ],
                    [
                        -5.839883792523705e-17,
                        -2.812585054863796e-16,
                        1.179345056158888e-15,
                        -1.7963246244376742e-15,
                        3.410424271018102e-33,
                        -2.8128050023499606e-16
                    ],
                    [
                        4.816542764003202,
                        23.197270143441436,
                        -97.2684748243984,
                        148.15490648482677,
                        -2.8128050023499606e-16,
                        24.19908419747159
                    ]
                ],
                "mui": [
                    0.5000000000000002,
                    2.9080830670505,
                    -12.202462450968866,
                    18.450305736986607,
                    10.0,
                    94.47578994348231
                ],
                "Ai": [
                    [
                        0.0,
                        0.0,
                        0.0,
                        0.0,
                        0.0,
                        0.0
                    ],
                    [
                        4.816166134101,
                        0.0,
                        0.0,
                        0.0,
                        0.0,
                        0.0
                    ],
                    [
                        4.898803538320393,
                        -5.2102583972942424,
                        0.0,
                        0.0,
                        0.0,
                        0.0
                    ],
                    [
                        5.999607693183351,
                        5.141016107754569,
                        0.0,
                        0.0,
                        0.0,
                        0.0
                    ],
                    [
                        0.0,
                        0.0,
                        0.0,
                        0.0,
                        0.0,
                        0.0
                    ],
                    [
                        4.816542764003201,
                        0.0,
                        0.0,
                        -0.0,
                        9.156751856148071,
                        0.0
                    ]
                ]
            },
            "est_params": {
                "mui": [
                    0.442975013342326,
                    2.626155742957212,
                    -10.970265225520166,
                    16.679827202531524,
                    10.0,
                    94.15215027153324
                ],
                "Si": [
                    [
                        0.9752759896407034,
                        4.69756030620491,
                        -19.71717939028793,
                        29.980667420255777,
                        -2.422404457833415e-128,
                        4.713097246429817
                    ],
                    [
                        4.69756030620491,
                        23.613867022704188,
                        -100.11190125561168,
                        149.44436669907853,
                        -1.4476193951478005e-127,
                        22.68956713783528
                    ],
                    [
                        -19.71717939028793,
                        -100.11190125561168,
                        426.343578202659,
                        -632.2921774702486,
                        6.109819508546324e-127,
                        -95.22833237295359
                    ],
                    [
                        29.980667420255777,
                        149.44436669907853,
                        -632.2921774702486,
                        948.3324425687739,
                        -1.9935468529910724e-127,
                        144.8255305021828
                    ],
                    [
                        -2.422404457833415e-128,
                        -1.4476193951478003e-127,
                        6.109819508546325e-127,
                        -1.9935468529910724e-127,
                        1e-06,
                        -1.2044249518565134e-127
                    ],
                    [
                        4.713097246429817,
                        22.68956713783528,
                        -95.22833237295359,
                        144.8255305021828,
                        -1.2044249518565132e-127,
                        23.72946610337364
                    ]
                ]
            },
            "est_tgt": [
                4
            ]
        },
        "5": {
            "intv_type": "do",
            "inode": 5,
            "new_mui": 10.0,
            "true_params": {
                "Si": [
                    [
                        0.9999999999999996,
                        4.8161661341010005,
                        -20.194666504643493,
                        30.759595366218644,
                        -75.05014471999758,
                        0.0
                    ],
                    [
                        4.8161661341010005,
                        24.195456231261385,
                        -102.47112730642209,
                        153.28433760918693,
                        -377.79066396590724,
                        0.0
                    ],
                    [
                        -20.194666504643493,
                        -102.47112730642209,
                        435.97134780034514,
                        -647.9657925846163,
                        1602.7981675436006,
                        0.0
                    ],
                    [
                        30.759595366218644,
                        153.28433760918693,
                        -647.9657925846163,
                        973.5827537136918,
                        -2393.582088604475,
                        0.0
                    ],
                    [
                        -75.05014471999758,
                        -377.79066396590724,
                        1602.7981675436006,
                        -2393.582088604475,
                        5905.857257298692,
                        0.0
                    ],
                    [
                        0.0,
                        0.0,
                        0.0,
                        0.0,
                        0.0,
                        0.0
                    ]
                ],
                "mui": [
                    0.49999999999999983,
                    2.9080830670505007,
                    -12.20246245096887,
                    18.45030573698661,
                    -44.70125739212853,
                    10.0
                ],
                "Ai": [
                    [
                        0.0,
                        0.0,
                        0.0,
                        0.0,
                        0.0,
                        0.0
                    ],
                    [
                        4.816166134101,
                        0.0,
                        0.0,
                        0.0,
                        0.0,
                        0.0
                    ],
                    [
                        4.898803538320393,
                        -5.2102583972942424,
                        0.0,
                        0.0,
                        0.0,
                        0.0
                    ],
                    [
                        5.999607693183351,
                        5.141016107754569,
                        0.0,
                        0.0,
                        0.0,
                        0.0
                    ],
                    [
                        -0.0,
                        -0.0,
                        2.0671027016469736,
                        -1.0827741598306897,
                        0.0,
                        0.0
                    ],
                    [
                        0.0,
                        0.0,
                        0.0,
                        0.0,
                        0.0,
                        0.0
                    ]
                ]
            },
            "est_params": {
                "mui": [
                    0.5171270291623936,
                    3.012679346444625,
                    -12.68372871420677,
                    19.13723746638844,
                    -46.42635595876464,
                    10.0
                ],
                "Si": [
                    [
                        0.9565094221605025,
                        4.58883815114566,
                        -19.256925011599385,
                        29.265012369508106,
                        -71.47289655960385,
                        0.0
                    ],
                    [
                        4.58883815114566,
                        22.926127401775965,
                        -97.16306816480302,
                        145.14629866628187,
                        -357.872343644325,
                        0.0
                    ],
                    [
                        -19.256925011599385,
                        -97.16306816480302,
                        413.6758678568353,
                        -614.0610114197722,
                        1519.3972221213482,
                        0.0
                    ],
                    [
                        29.265012369508106,
                        145.14629866628187,
                        -614.0610114197722,
                        921.1093783309049,
                        -2265.8694381047426,
                        0.0
                    ],
                    [
                        -71.47289655960385,
                        -357.872343644325,
                        1519.3972221213482,
                        -2265.8694381047426,
                        5593.118824541041,
                        0.0
                    ],
                    [
                        0.0,
                        0.0,
                        0.0,
                        0.0,
                        0.0,
                        1e-06
                    ]
                ]
            },
            "est_tgt": [
                5
            ]
        },
        "obs": {
            "intv_type": "obs",
            "true_params": {
                "Si": [
                    [
                        1.0000000000000044,
                        4.816166134100911,
                        -20.194666504643003,
                        30.759595366218214,
                        -75.0501447199961,
                        -682.3990092050024
                    ],
                    [
                        4.816166134100911,
                        24.19545623126034,
                        -102.47112730641707,
                        153.28433760918102,
                        -377.79066396589053,
                        -3436.1380933616388
                    ],
                    [
                        -20.194666504643003,
                        -102.47112730641707,
                        435.97134780032144,
                        -647.9657925845876,
                        1602.7981675435205,
                        14579.156620860462
                    ],
                    [
                        30.759595366218214,
                        153.28433760918102,
                        -647.9657925845876,
                        973.582753713659,
                        -2393.58208860438,
                        -21769.28232618611
                    ],
                    [
                        -75.0501447199961,
                        -377.79066396589053,
                        1602.7981675435205,
                        -2393.58208860438,
                        5905.857257298424,
                        53716.987171424415
                    ],
                    [
                        -682.3990092050024,
                        -3436.1380933616388,
                        14579.156620860462,
                        -21769.28232618611,
                        53716.987171424415,
                        488587.3179786733
                    ]
                ],
                "mui": [
                    0.5000000000000029,
                    2.9080830670504394,
                    -12.202462450968536,
                    18.450305736986312,
                    -44.701257392127516,
                    -406.4100502155147
                ],
                "Ai": [
                    [
                        0.0,
                        0.0,
                        0.0,
                        0.0,
                        0.0,
                        0.0
                    ],
                    [
                        4.816166134101,
                        0.0,
                        0.0,
                        0.0,
                        0.0,
                        0.0
                    ],
                    [
                        4.898803538320393,
                        -5.2102583972942424,
                        0.0,
                        0.0,
                        0.0,
                        0.0
                    ],
                    [
                        5.999607693183351,
                        5.141016107754569,
                        0.0,
                        0.0,
                        0.0,
                        0.0
                    ],
                    [
                        -0.0,
                        -0.0,
                        2.0671027016469736,
                        -1.0827741598306897,
                        0.0,
                        0.0
                    ],
                    [
                        4.816542764003201,
                        0.0,
                        0.0,
                        -0.0,
