{
    "expt_args": {
        "save_dir": "expt_logs_29.04.24-2",
        "exp_name": "556",
        "num_nodes": 4,
        "obs_noise_mean": 0.5,
        "obs_noise_var": 1.0,
        "max_edge_strength": 10.0,
        "num_parents": 2,
        "new_noise_mean": 10.0,
        "mix_samples": 16384,
        "stage2_samples": 16384,
        "intv_targets": [
            0,
            1,
            2,
            3
        ]
    },
    "intv_args_dict": {
        "0": {
            "intv_type": "do",
            "inode": 0,
            "new_mui": 10.0,
            "true_params": {
                "Si": [
                    [
                        5.032033513741327e-34,
                        -2.2432194528715486e-17,
                        1.9956962414246338e-16,
                        1.3391721637641837e-15
                    ],
                    [
                        -2.2432194528715486e-17,
                        1.0000000000000004,
                        -8.896571572032068,
                        -59.698669341062825
                    ],
                    [
                        1.9956962414246338e-16,
                        -8.896571572032068,
                        80.1489857362891,
                        538.9074245330755
                    ],
                    [
                        1.3391721637641837e-15,
                        -59.698669341062825,
                        538.9074245330755,
                        3625.676621586979
                    ]
                ],
                "mui": [
                    9.999999999999993,
                    -98.48478931287421,
                    855.1768215115187,
                    5716.2369217028
                ],
                "Ai": [
                    [
                        0.0,
                        0.0,
                        0.0,
                        0.0
                    ],
                    [
                        -9.898478931287428,
                        0.0,
                        0.0,
                        0.0
                    ],
                    [
                        -2.1500155366966016,
                        -8.896571572032062,
                        0.0,
                        0.0
                    ],
                    [
                        -0.0,
                        9.640675565691934,
                        7.7939399852337665,
                        0.0
                    ]
                ]
            },
            "est_params": {
                "mui": [
                    9.999999999999998,
                    -98.47490749789364,
                    855.1099866844736,
                    5715.834819167926
                ],
                "Si": [
                    [
                        1e-06,
                        -9.777637144175256e-29,
                        -3.1309398096156437e-28,
                        4.938488876312826e-27
                    ],
                    [
                        -9.777637144175256e-29,
                        1.0123063360621827,
                        -8.994463198460858,
                        -60.31900530604581
                    ],
                    [
                        -3.1309398096156437e-28,
                        -8.994463198460858,
                        80.91236276879665,
                        543.7142663601418
                    ],
                    [
                        4.938488876312826e-27,
                        -60.31900530604581,
                        543.7142663601418,
                        3655.838271209966
                    ]
                ]
            },
            "est_tgt": [
                0,
                2
            ]
        },
        "1": {
            "intv_type": "do",
            "inode": 1,
            "new_mui": 10.0,
            "true_params": {
                "Si": [
                    [
                        0.9999999999999993,
                        -1.609173915507057e-32,
                        -2.1500155366966,
                        -16.757092060333466
                    ],
                    [
                        -1.609173915507057e-32,
                        8.487611600604214e-33,
                        9.212823454622479e-17,
                        7.180419309988162e-16
                    ],
                    [
                        -2.1500155366966,
                        9.212823454622479e-17,
                        5.622566808036771,
                        43.82194826480598
                    ],
                    [
                        -16.757092060333466,
                        7.180419309988162e-16,
                        43.82194826480598,
                        342.54563481191684
                    ]
                ],
                "mui": [
                    0.5000000000000328,
                    9.999999999999986,
                    -89.54072348866887,
                    -600.9682694481775
                ],
                "Ai": [
                    [
                        0.0,
                        0.0,
                        0.0,
                        0.0
                    ],
                    [
                        0.0,
                        0.0,
                        0.0,
                        0.0
                    ],
                    [
                        -2.1500155366966016,
                        -8.896571572032062,
                        0.0,
                        0.0
                    ],
                    [
                        -0.0,
                        9.640675565691934,
                        7.7939399852337665,
                        0.0
                    ]
                ]
            },
            "est_params": {
                "mui": [
                    0.49832099779895256,
                    9.999999098020773,
                    -89.54502556339166,
                    -601.0148458732136
                ],
                "Si": [
                    [
                        1.028212649963843,
                        1.4210903900697518e-06,
                        -2.1884158219422454,
                        -17.04764139359758
                    ],
                    [
                        1.4210903900697518e-06,
                        1.0030344136316034e-06,
                        -3.959588346951392e-06,
                        -3.1627495421929006e-05
                    ],
                    [
                        -2.188415821942246,
                        -3.959588346951392e-06,
                        5.662892282244117,
                        44.12199794144739
                    ],
                    [
                        -17.04764139359758,
                        -3.1627495421929006e-05,
                        44.12199794144739,
                        344.7155682002226
                    ]
                ]
            },
            "est_tgt": [
                1,
                2
            ]
        },
        "2": {
            "intv_type": "do",
            "inode": 2,
            "new_mui": 10.0,
            "true_params": {
                "Si": [
                    [
                        1.0,
                        -9.898478931287428,
                        0.0,
                        -95.42802397037913
                    ],
                    [
                        -9.898478931287428,
                        98.97988515314111,
                        0.0,
                        954.2329602908815
                    ],
                    [
                        0.0,
                        0.0,
                        0.0,
                        0.0
                    ],
                    [
                        -95.42802397037913,
                        954.2329602908815,
                        0.0,
                        9200.450384254184
                    ]
                ],
                "mui": [
                    0.5,
                    -4.449239465643714,
                    10.0,
                    35.54572564999406
                ],
                "Ai": [
                    [
                        0.0,
                        0.0,
                        0.0,
                        0.0
                    ],
                    [
                        -9.898478931287428,
                        0.0,
                        0.0,
                        0.0
                    ],
                    [
                        0.0,
                        0.0,
                        0.0,
                        0.0
                    ],
                    [
                        -0.0,
                        9.640675565691934,
                        7.7939399852337665,
                        0.0
                    ]
                ]
            },
            "est_params": {
                "mui": [
                    0.4938086785799104,
                    -4.381871015968472,
                    10.000000000000004,
                    36.20063949868239
                ],
                "Si": [
                    [
                        0.9906931177475563,
                        -9.80513577095132,
                        1.1105816331399007e-30,
                        -94.52742122853688
                    ],
                    [
                        -9.80513577095132,
                        98.06949005995213,
                        -1.0472023864264527e-29,
                        945.4323171827508
                    ],
                    [
                        1.102875949648904e-30,
                        -1.0402672712845557e-29,
                        1e-06,
                        6.468150722342637e-29
                    ],
                    [
                        -94.52742122853688,
                        945.4323171827508,
                        6.455821628757043e-29,
                        9115.373369171757
                    ]
                ]
            },
            "est_tgt": [
                2
            ]
        },
        "3": {
            "intv_type": "do",
            "inode": 3,
            "new_mui": 10.0,
            "true_params": {
                "Si": [
                    [
                        1.0,
                        -9.898478931287428,
                        85.91251072975345,
                        0.0
                    ],
                    [
                        -9.898478931287428,
                        98.97988515314111,
                        -859.2997489645016,
                        0.0
                    ],
                    [
                        85.91251072975345,
                        -859.2997489645016,
                        7461.108485626291,
                        0.0
                    ],
                    [
                        0.0,
                        0.0,
                        0.0,
                        0.0
                    ]
                ],
                "mui": [
                    0.5,
                    -4.449239465643714,
                    39.007969578860695,
                    10.0
                ],
                "Ai": [
                    [
                        0.0,
                        0.0,
                        0.0,
                        0.0
                    ],
                    [
                        -9.898478931287428,
                        0.0,
                        0.0,
                        0.0
                    ],
                    [
                        -2.1500155366966016,
                        -8.896571572032062,
                        0.0,
                        0.0
                    ],
                    [
                        0.0,
                        0.0,
                        0.0,
                        0.0
                    ]
                ]
            },
            "est_params": {
                "mui": [
                    0.499710820758117,
                    -4.472612093386874,
                    39.23690874523423,
                    10.0
                ],
                "Si": [
                    [
                        0.9923696182776475,
                        -9.80941927848687,
                        85.12049831486839,
                        0.0
                    ],
                    [
                        -9.80941927848687,
                        97.97923469298915,
                        -850.427513335325,
                        0.0
                    ],
                    [
                        85.12049831486839,
                        -850.427513335325,
                        7382.48685399973,
                        0.0
                    ],
                    [
                        0.0,
                        0.0,
                        0.0,
                        1e-06
                    ]
                ]
            },
            "est_tgt": [
                3
            ]
        },
        "obs": {
            "intv_type": "obs",
            "true_params": {
                "Si": [
                    [
                        0.9999999999999984,
                        -9.898478931287414,
                        85.91251072975341,
                        574.1689286380711
                    ],
                    [
                        -9.898478931287414,
                        98.97988515314097,
                        -859.2997489645013,
                        -5743.097712464884
                    ],
                    [
                        85.91251072975341,
                        -859.2997489645013,
                        7461.108485626296,
                        49867.201666842455
                    ],
                    [
                        574.1689286380711,
                        -5743.097712464884,
                        49867.201666842455,
                        333295.6352349779
                    ]
                ],
                "mui": [
                    0.4999999999999996,
                    -4.449239465643711,
                    39.00796957886071,
                    261.6320996411213
                ],
                "Ai": [
                    [
                        0.0,
                        0.0,
                        0.0,
                        0.0
                    ],
                    [
                        -9.898478931287428,
                        0.0,
                        0.0,
                        0.0
                    ],
                    [
                        -2.1500155366966016,
                        -8.896571572032062,
                        0.0,
                        0.0
                    ],
                    [
                        -0.0,
                        9.640675565691934,
                        7.7939399852337665,
                        0.0
                    ]
                ]
            },
            "est_params": {
                "mui": [
                    0.4761495830679936,
                    -4.211367532025876,
                    36.927837305416304,
                    247.72144150730054
                ],
                "Si": [
                    [
                        0.9570413528189263,
                        -9.48171075262783,
                        82.30427836882873,
                        550.0435499889585
                    ],
                    [
                        -9.48171075262783,
                        94.94307737157449,
                        -824.3408019354945,
                        -5509.315664900659
                    ],
                    [
                        82.30427836882873,
                        -824.3408019354945,
                        7158.33660405503,
                        47842.41239177744
                    ],
                    [
                        550.0435499889585,
                        -5509.315664900659,
                        47842.41239177744,
                        319754.73984672606
                    ]
                ]
            }
        }
    },
    "metric_dict": {
        "param_est_rel_err": 0.14867755966574847,
        "est_dag": {
            "amat": [
                [
                    0,
                    1,
                    0,
                    0
                ],
                [
                    0,
                    0,
                    1,
                    1
                ],
                [
                    0,
                    0,
                    0,
                    1
                ],
                [
                    0,
                    0,
                    0,
                    0
                ]
            ],
            "nodes": [
                0,
                1,
                2,
                3
            ]
        },
        "act_dag": {
            "amat": [
                [
                    0,
                    1,
                    1,
                    0
                ],
                [
                    0,
                    0,
                    1,
                    1
                ],
                [
                    0,
                    0,
                    0,
                    1
                ],
                [
                    0,
                    0,
                    0,
                    0
                ]
            ],
            "nodes": [
                0,
                1,
                2,
                3
            ]
        },
        "shd": 1,
        "avg_js": 0.75
    }
}