{
    "expt_args": {
        "save_dir": "expt_logs_29.04.24-2",
        "exp_name": "533",
        "num_nodes": 4,
        "obs_noise_mean": 0.5,
        "obs_noise_var": 1.0,
        "max_edge_strength": 10.0,
        "num_parents": 2,
        "new_noise_mean": 10.0,
        "mix_samples": 32768,
        "stage2_samples": 32768,
        "intv_targets": [
            0,
            1,
            2,
            3
        ]
    },
    "intv_args_dict": {
        "0": {
            "intv_type": "do",
            "inode": 0,
            "new_mui": 10.0,
            "true_params": {
                "Si": [
                    [
                        1.0067840400068295e-32,
                        -1.0033862865351648e-16,
                        4.313980705329395e-16,
                        6.297722869343902e-16
                    ],
                    [
                        -1.0033862865351648e-16,
                        0.9999999999999982,
                        -4.2994216317488005,
                        -6.276468947060082
                    ],
                    [
                        4.313980705329395e-16,
                        -4.2994216317488005,
                        19.485026367549548,
                        26.98518636198978
                    ],
                    [
                        6.297722869343902e-16,
                        -6.276468947060082,
                        26.98518636198978,
                        40.39406244340957
                    ]
                ],
                "mui": [
                    10.000000000000004,
                    -87.02490948302805,
                    411.99526664932404,
                    458.1910476519073
                ],
                "Ai": [
                    [
                        0.0,
                        0.0,
                        0.0,
                        0.0
                    ],
                    [
                        -8.752490948302814,
                        0.0,
                        0.0,
                        0.0
                    ],
                    [
                        3.7338488317011316,
                        -4.299421631748808,
                        0.0,
                        0.0
                    ],
                    [
                        -8.851809433903373,
                        -6.276468947060094,
                        0.0,
                        0.0
                    ]
                ]
            },
            "est_params": {
                "mui": [
                    10.000000000000002,
                    -87.03659139177597,
                    412.0265875075276,
                    458.27789799626305
                ],
                "Si": [
                    [
                        1e-06,
                        1.137173150477608e-29,
                        -4.0432823128092735e-29,
                        1.1609027799049185e-28
                    ],
                    [
                        1.137173150477608e-29,
                        1.0016696169827621,
                        -4.29632169801926,
                        -6.304319528382329
                    ],
                    [
                        -4.0432823128092735e-29,
                        -4.29632169801926,
                        19.44890972243683,
                        27.037811257151333
                    ],
                    [
                        1.1609027799049185e-28,
                        -6.304319528382329,
                        27.037811257151333,
                        40.691079181735255
                    ]
                ]
            },
            "est_tgt": [
                0
            ]
        },
        "1": {
            "intv_type": "do",
            "inode": 1,
            "new_mui": 10.0,
            "true_params": {
                "Si": [
                    [
                        1.0,
                        6.392581333810194e-17,
                        3.733848831701131,
                        -8.851809433903373
                    ],
                    [
                        6.392581333810194e-17,
                        4.0865096109378515e-33,
                        2.386893234480165e-16,
                        -5.658591175761568e-16
                    ],
                    [
                        3.733848831701131,
                        2.386893234480165e-16,
                        14.941627097995902,
                        -33.05131831322116
                    ],
                    [
                        -8.851809433903373,
                        -5.658591175761568e-16,
                        -33.05131831322116,
                        79.35453025414076
                    ]
                ],
                "mui": [
                    0.499999999999999,
                    10.0,
                    -40.62729190163752,
                    -66.69059418755262
                ],
                "Ai": [
                    [
                        0.0,
                        0.0,
                        0.0,
                        0.0
                    ],
                    [
                        0.0,
                        0.0,
                        0.0,
                        0.0
                    ],
                    [
                        3.7338488317011316,
                        -4.299421631748808,
                        0.0,
                        0.0
                    ],
                    [
                        -8.851809433903373,
                        -6.276468947060094,
                        0.0,
                        0.0
                    ]
                ]
            },
            "est_params": {
                "mui": [
                    0.4753394121349462,
                    9.999999961535039,
                    -40.70345421341636,
                    -66.45869999717914
                ],
                "Si": [
                    [
                        1.0221217941893548,
                        6.523928215306081e-08,
                        3.8118002110012337,
                        -9.03874260004117
                    ],
                    [
                        6.523928215306081e-08,
                        1.0000096995794418e-06,
                        2.0670730678854948e-07,
                        -6.503218711052513e-07
                    ],
                    [
                        3.8118002110012337,
                        2.0670730678854948e-07,
                        15.189983467390103,
                        -33.70004124454437
                    ],
                    [
                        -9.03874260004117,
                        -6.503218711052513e-07,
                        -33.70004124454437,
                        80.91799579824787
                    ]
                ]
            },
            "est_tgt": [
                1
            ]
        },
        "2": {
            "intv_type": "do",
            "inode": 2,
            "new_mui": 10.0,
            "true_params": {
                "Si": [
                    [
                        1.0000000000000022,
                        -8.75249094830283,
                        0.0,
                        46.08292821254388
                    ],
                    [
                        -8.75249094830283,
                        77.60609780012281,
                        0.0,
                        -409.61688099863863
                    ],
                    [
                        0.0,
                        0.0,
                        0.0,
                        0.0
                    ],
                    [
                        46.08292821254388,
                        -409.61688099863863,
                        0.0,
                        2164.0303350858776
                    ]
                ],
                "mui": [
                    0.5000000000000004,
                    -3.87624547415141,
                    10.0,
                    20.403229632741862
                ],
                "Ai": [
                    [
                        0.0,
                        0.0,
                        0.0,
                        0.0
                    ],
                    [
                        -8.752490948302814,
                        0.0,
                        0.0,
                        0.0
                    ],
                    [
                        0.0,
                        0.0,
                        0.0,
                        0.0
                    ],
                    [
                        -8.851809433903373,
                        -6.276468947060094,
                        0.0,
                        0.0
                    ]
                ]
            },
            "est_params": {
                "mui": [
                    0.4932419909429452,
                    -3.8240845218225523,
                    10.000000000033488,
                    20.13188983654358
                ],
                "Si": [
                    [
                        1.0208798554401801,
                        -8.940707773878819,
                        -5.955683693743374e-12,
                        47.07060842572522
                    ],
                    [
                        -8.940707773878819,
                        79.31838987667628,
                        6.635760561147421e-11,
                        -418.6181535454201
                    ],
                    [
                        -5.955683693743374e-12,
                        6.635760561147421e-11,
                        1.0000001474508364e-06,
                        -3.3930862727905187e-10
                    ],
                    [
                        47.07060842572522,
                        -418.6181535454201,
                        -3.3930862727905187e-10,
                        2211.3577987208546
                    ]
                ]
            },
            "est_tgt": [
                2
            ]
        },
        "3": {
            "intv_type": "do",
            "inode": 3,
            "new_mui": 10.0,
            "true_params": {
                "Si": [
                    [
                        1.0,
                        -8.752490948302814,
                        41.36449774651989,
                        0.0
                    ],
                    [
                        -8.752490948302814,
                        77.6060978001227,
                        -366.3418137392563,
                        0.0
                    ],
                    [
                        41.36449774651989,
                        -366.3418137392563,
                        1730.5067001893985,
                        0.0
                    ],
                    [
                        0.0,
                        0.0,
                        0.0,
                        0.0
                    ]
                ],
                "mui": [
                    0.5,
                    -3.876245474151407,
                    19.03253805738554,
                    10.0
                ],
                "Ai": [
                    [
                        0.0,
                        0.0,
                        0.0,
                        0.0
                    ],
                    [
                        -8.752490948302814,
                        0.0,
                        0.0,
                        0.0
                    ],
                    [
                        3.7338488317011316,
                        -4.299421631748808,
                        0.0,
                        0.0
                    ],
                    [
                        0.0,
                        0.0,
                        0.0,
                        0.0
                    ]
                ]
            },
            "est_params": {
                "mui": [
                    0.4968651337073117,
                    -3.833515628618979,
                    18.852423032994885,
                    10.000000200310565
                ],
                "Si": [
                    [
                        0.993402255211234,
                        -8.690068113429438,
                        41.07841167196097,
                        2.0548962678487966e-09
                    ],
                    [
                        -8.690068113429438,
                        77.03745556256926,
                        -363.7187697674445,
                        2.8296567104128223e-07
                    ],
                    [
                        41.07841167196097,
                        -363.7187697674445,
                        1718.4129579554246,
                        -1.2312434626123448e-06
                    ],
                    [
                        2.054896267848797e-09,
                        2.829656710412822e-07,
                        -1.2312434626123448e-06,
                        1.0008207187507996e-06
                    ]
                ]
            },
            "est_tgt": [
                3
            ]
        },
        "obs": {
            "intv_type": "obs",
            "true_params": {
                "Si": [
                    [
                        1.0000000000000009,
                        -8.752490948302809,
                        41.364497746519866,
                        46.082928212543756
                    ],
                    [
                        -8.752490948302809,
                        77.60609780012254,
                        -366.34181373925554,
                        -409.6168809986371
                    ],
                    [
                        41.364497746519866,
                        -366.34181373925554,
                        1730.506700189395,
                        1933.1823665627908
                    ],
                    [
                        46.082928212543756,
                        -409.6168809986371,
                        1933.1823665627908,
                        2164.0303350858685
                    ]
                ],
                "mui": [
                    0.5000000000000002,
                    -3.876245474151403,
                    19.03253805738552,
                    20.403229632741823
                ],
                "Ai": [
                    [
                        0.0,
                        0.0,
                        0.0,
                        0.0
                    ],
                    [
                        -8.752490948302814,
                        0.0,
                        0.0,
                        0.0
                    ],
                    [
                        3.7338488317011316,
                        -4.299421631748808,
                        0.0,
                        0.0
                    ],
                    [
                        -8.851809433903373,
                        -6.276468947060094,
                        0.0,
                        0.0
                    ]
                ]
            },
            "est_params": {
                "mui": [
                    0.5049804944218991,
                    -3.919237554556921,
                    19.236308711088707,
                    20.629167231584386
                ],
                "Si": [
                    [
                        0.9682758038859152,
                        -8.480712599913344,
                        40.07583170468787,
                        44.67013604641414
                    ],
                    [
                        -8.480712599913344,
                        75.28075811665093,
                        -355.30205078384125,
                        -397.54155686662165
                    ],
                    [
                        40.07583170468787,
                        -355.30205078384125,
                        1678.0971355402794,
                        1875.8551969318985
                    ],
                    [
                        44.67013604641414,
                        -397.54155686662165,
                        1875.8551969318985,
                        2101.354711680127
                    ]
                ]
            }
        }
    },
    "metric_dict": {
        "param_est_rel_err": 0.1120286410262595,
        "est_dag": {
            "amat": [
                [
                    0,
                    1,
                    1,
                    1
                ],
                [
                    0,
                    0,
                    1,
                    1
                ],
                [
                    0,
                    0,
                    0,
                    0
                ],
                [
                    0,
                    0,
                    0,
                    0
                ]
            ],
            "nodes": [
                0,
                1,
                2,
                3
            ]
        },
        "act_dag": {
            "amat": [
                [
                    0,
                    1,
                    1,
                    1
                ],
                [
                    0,
                    0,
                    1,
                    1
                ],
                [
                    0,
                    0,
                    0,
                    0
                ],
                [
                    0,
                    0,
                    0,
                    0
                ]
            ],
            "nodes": [
                0,
                1,
                2,
                3
            ]
        },
        "shd": 0,
        "avg_js": 1.0
    }
}