{
    "expt_args": {
        "save_dir": "expt_logs_29.04.24-2",
        "exp_name": "494",
        "num_nodes": 6,
        "obs_noise_mean": 0.5,
        "obs_noise_var": 1.0,
        "max_edge_strength": 10.0,
        "num_parents": 2,
        "new_noise_mean": 10.0,
        "mix_samples": 65536,
        "stage2_samples": 65536,
        "intv_targets": [
            0,
            1,
            2,
            3,
            4,
            5
        ]
    },
    "intv_args_dict": {
        "0": {
            "intv_type": "do",
            "inode": 0,
            "new_mui": 10.0,
            "true_params": {
                "Si": [
                    [
                        8.134959853955278e-31,
                        9.001347736125856e-16,
                        -8.75463129843171e-15,
                        3.422388282909224e-14,
                        -6.880585137303885e-14,
                        -2.016567654910014e-14
                    ],
                    [
                        9.001347736125856e-16,
                        0.9999999999999929,
                        -9.788411669089239,
                        38.25872804208916,
                        -76.92240495026103,
                        -22.58502017093109
                    ],
                    [
                        -8.75463129843171e-15,
                        -9.788411669089239,
                        96.81300300356307,
                        -378.40075367364614,
                        760.8066837858923,
                        223.98455821575644
                    ],
                    [
                        3.422388282909224e-14,
                        38.25872804208916,
                        -378.40075367364614,
                        1480.0072194694094,
                        -2973.6689660781785,
                        -875.4601449247637
                    ],
                    [
                        -6.880585137303885e-14,
                        -76.92240495026103,
                        760.8066837858923,
                        -2973.6689660781785,
                        5979.812681515352,
                        1760.186583088494
                    ],
                    [
                        -2.016567654910014e-14,
                        -22.58502017093109,
                        223.98455821575644,
                        -875.4601449247637,
                        1760.186583088494,
                        519.5691900146061
                    ]
                ],
                "mui": [
                    9.999999999999998,
                    53.88310047628926,
                    -516.5311172753936,
                    1940.4625484458065,
                    -3986.1664112028934,
                    -1184.7016476002138
                ],
                "Ai": [
                    [
                        0.0,
                        0.0,
                        0.0,
                        0.0,
                        0.0,
                        0.0
                    ],
                    [
                        5.338310047628944,
                        0.0,
                        0.0,
                        0.0,
                        0.0,
                        0.0
                    ],
                    [
                        1.0398852193427974,
                        -9.78841166908931,
                        0.0,
                        0.0,
                        0.0,
                        0.0
                    ],
                    [
                        -7.893737211244685,
                        -0.0,
                        -3.908573661946212,
                        0.0,
                        0.0,
                        0.0
                    ],
                    [
                        7.250244230380801,
                        -0.0,
                        7.8585175563440774,
                        0.0,
                        0.0,
                        0.0
                    ],
                    [
                        0.0,
                        5.929437691024221,
                        2.9130832279971317,
                        -0.0,
                        -0.0,
                        0.0
                    ]
                ]
            },
            "est_params": {
                "mui": [
                    10.0,
                    53.869445470670556,
                    -516.3830942746042,
                    1939.8752119424273,
                    -3984.9989129321048,
                    -1184.3511684148095
                ],
                "Si": [
                    [
                        1e-06,
                        8.844672951553288e-16,
                        -8.667207669330044e-15,
                        3.3878500182174415e-14,
                        -6.812022216231736e-14,
                        -2.0018379433776573e-14
                    ],
                    [
                        8.844672951553288e-16,
                        0.9806835949681068,
                        -9.614246345771896,
                        37.57930171686966,
                        -75.56268978512682,
                        -22.208313222717454
                    ],
                    [
                        -8.667207669330044e-15,
                        -9.614246345771896,
                        95.24639315473922,
                        -372.303181144454,
                        748.5914083161857,
                        220.61289524818787
                    ],
                    [
                        3.3878500182174415e-14,
                        37.57930171686966,
                        -372.303181144454,
                        1456.2926916581166,
                        -2926.1105183160207,
                        -862.3229567348973
                    ],
                    [
                        -6.812022216231736e-14,
                        -75.56268978512682,
                        748.5914083161857,
                        -2926.1105183160207,
                        5884.559309229944,
                        1733.8905364890288
                    ],
                    [
                        -2.0018379433776573e-14,
                        -22.208313222717454,
                        220.61289524818787,
                        -862.3229567348973,
                        1733.8905364890288,
                        512.3478807270225
                    ]
                ]
            },
            "est_tgt": [
                0
            ]
        },
        "1": {
            "intv_type": "do",
            "inode": 1,
            "new_mui": 10.0,
            "true_params": {
                "Si": [
                    [
                        0.9999999999999998,
                        -1.134221835122765e-16,
                        1.0398852193427977,
                        -11.958205191015102,
                        15.422200483168888,
                        3.0292721915096217
                    ],
                    [
                        -1.134221835122765e-16,
                        1.493096675654377e-32,
                        -1.6331492558491338e-16,
                        1.5364888819031852e-15,
                        -2.1057517415291434e-15,
                        -4.757499706030107e-16
                    ],
                    [
                        1.0398852193427977,
                        -1.6331492558491338e-16,
                        2.08136126940762,
                        -16.343734489951142,
                        23.895835888532766,
                        6.063178605314155
                    ],
                    [
                        -11.958205191015102,
                        1.5364888819031852e-15,
                        -16.343734489951142,
                        159.2756194612802,
                        -215.13743261737423,
                        -47.61065882551491
                    ],
                    [
                        15.422200483168888,
                        -2.1057517415291434e-15,
                        23.895835888532766,
                        -215.13743261737423,
                        300.60056592642286,
                        69.61055874585672
                    ],
                    [
                        3.0292721915096217,
                        -4.757499706030107e-16,
                        6.063178605314155,
                        -47.61065882551491,
                        69.61055874585672,
                        18.662543903491702
                    ]
                ],
                "mui": [
                    0.4999999999999999,
                    10.0,
                    -96.8641740812217,
                    375.15389099441376,
                    -757.0836904828593,
                    -222.3790239995592
                ],
                "Ai": [
                    [
                        0.0,
                        0.0,
                        0.0,
                        0.0,
                        0.0,
                        0.0
                    ],
                    [
                        0.0,
                        0.0,
                        0.0,
                        0.0,
                        0.0,
                        0.0
                    ],
                    [
                        1.0398852193427974,
                        -9.78841166908931,
                        0.0,
                        0.0,
                        0.0,
                        0.0
                    ],
                    [
                        -7.893737211244685,
                        -0.0,
                        -3.908573661946212,
                        0.0,
                        0.0,
                        0.0
                    ],
                    [
                        7.250244230380801,
                        -0.0,
                        7.8585175563440774,
                        0.0,
                        0.0,
                        0.0
                    ],
                    [
                        0.0,
                        5.929437691024221,
                        2.9130832279971317,
                        -0.0,
                        -0.0,
                        0.0
                    ]
                ]
            },
            "est_params": {
                "mui": [
                    0.48948289077608015,
                    9.999999550085697,
                    -96.87641307387389,
                    375.2959388268775,
                    -757.2564925233969,
                    -222.44210173239648
                ],
                "Si": [
                    [
                        0.9962884143371725,
                        -6.439727358354958e-07,
                        1.0443670200332889,
                        -11.954463828901154,
                        15.432039984381536,
                        3.0454925975679017
                    ],
                    [
                        -6.439727358354958e-07,
                        1.0014316147509942e-06,
                        -1.244683243983035e-07,
                        5.598452605477722e-06,
                        -5.668371385465203e-06,
                        1.6920110294061773e-07
                    ],
                    [
                        1.0443670200332889,
                        -1.244683243983036e-07,
                        2.111537576290666,
                        -16.511101513266947,
                        24.166830358555575,
                        6.15807519678208
                    ],
                    [
                        -11.954463828901153,
                        5.598452605477723e-06,
                        -16.511101513266947,
                        160.02018371085515,
                        -216.43208252874956,
                        -48.13868615997321
                    ],
                    [
                        15.432039984381532,
                        -5.668371385465204e-06,
                        24.166830358555575,
                        -216.43208252874956,
                        302.82732679984423,
                        70.47288580902881
                    ],
                    [
                        3.0454925975679012,
                        1.6920110294061773e-07,
                        6.158075196782079,
                        -48.13868615997321,
                        70.4728858090288,
                        18.944186664345207
                    ]
                ]
            },
            "est_tgt": [
                1
            ]
        },
        "2": {
            "intv_type": "do",
            "inode": 2,
            "new_mui": 10.0,
            "true_params": {
                "Si": [
                    [
                        1.0,
                        5.338310047628944,
                        -2.080740647181535e-16,
                        -7.893737211244685,
                        7.2502442303808,
                        31.653176802784365
                    ],
                    [
                        5.338310047628944,
                        29.49755416461614,
                        -1.1107638703359142e-15,
                        -42.13921666812998,
                        38.70405162280561,
                        174.90390945670342
                    ],
                    [
                        -2.080740647181535e-16,
                        -1.1107638703359142e-15,
                        4.397129791471456e-32,
                        1.6684912454503922e-15,
                        -1.5085877872146737e-15,
                        -6.586205158597709e-15
                    ],
                    [
                        -7.893737211244685,
                        -42.13921666812998,
                        1.6684912454503922e-15,
                        63.31108716018901,
                        -57.231522671969,
                        -249.861859582246
                    ],
                    [
                        7.2502442303808,
                        38.70405162280561,
                        -1.5085877872146737e-15,
                        -57.231522671969,
                        53.56604140017008,
                        229.49326248761074
                    ],
                    [
                        31.653176802784365,
                        174.90390945670342,
                        -6.586205158597709e-15,
                        -249.861859582246,
                        229.49326248761074,
                        1038.0818330400648
                    ]
                ],
                "mui": [
                    0.4999999999999989,
                    3.1691550238144712,
                    10.0,
                    -42.53260522508445,
                    82.71029767863116,
                    48.422139526875604
                ],
                "Ai": [
                    [
                        0.0,
                        0.0,
                        0.0,
                        0.0,
                        0.0,
                        0.0
                    ],
                    [
                        5.338310047628944,
                        0.0,
                        0.0,
                        0.0,
                        0.0,
                        0.0
                    ],
                    [
                        0.0,
                        0.0,
                        0.0,
                        0.0,
                        0.0,
                        0.0
                    ],
                    [
                        -7.893737211244685,
                        -0.0,
                        -3.908573661946212,
                        0.0,
                        0.0,
                        0.0
                    ],
                    [
                        7.250244230380801,
                        -0.0,
                        7.8585175563440774,
                        0.0,
                        0.0,
                        0.0
                    ],
                    [
                        0.0,
                        5.929437691024221,
                        2.9130832279971317,
                        -0.0,
                        -0.0,
                        0.0
                    ]
                ]
            },
            "est_params": {
                "mui": [
                    0.48167517127518256,
                    3.072909031398907,
                    10.000000000001728,
                    -42.3870543337306,
                    82.57784412246555,
                    47.85322383209218
                ],
                "Si": [
                    [
                        1.0201365385512016,
                        5.450497769176813,
                        -8.071449267365986e-13,
                        -8.048441302110655,
                        7.399375115448796,
                        32.3100749059217
                    ],
                    [
                        5.450497769176813,
                        30.13730421521517,
                        -7.080752462040581e-12,
                        -43.022930460708345,
                        39.55413694666915,
                        178.66730622951593
                    ],
                    [
                        -8.071449267365986e-13,
                        -7.080752462040581e-12,
                        1.0000000109383602e-06,
                        6.7722700470793495e-12,
                        -7.671742888231072e-12,
                        -4.2063886196246864e-11
                    ],
                    [
                        -8.048441302110655,
                        -43.022930460708345,
                        6.7722700470793495e-12,
                        64.50317461342269,
                        -58.376710134256165,
                        -255.02482912685446
                    ],
                    [
                        7.399375115448796,
                        39.55413694666915,
                        -7.67174288823107e-12,
                        -58.376710134256165,
                        54.660779821906544,
                        234.45538735137274
                    ],
                    [
                        32.3100749059217,
                        178.66730622951593,
                        -4.2063886196246864e-11,
                        -255.02482912685446,
                        234.45538735137274,
                        1060.2115686003388
                    ]
                ]
            },
            "est_tgt": [
                2
            ]
        },
        "3": {
            "intv_type": "do",
            "inode": 3,
            "new_mui": 10.0,
            "true_params": {
                "Si": [
                    [
                        1.0000000000000195,
                        5.338310047629064,
                        -51.213691144086226,
                        0.0,
                        -395.2134467506039,
                        -117.53656791287773
                    ],
                    [
                        5.338310047629064,
                        29.497554164616886,
                        -283.18297367973133,
                        0.0,
                        -2186.6943186970852,
                        -650.0316616240705
                    ],
                    [
                        -51.213691144086226,
                        -283.18297367973133,
                        2719.6551636053714,
                        0.0,
                        21001.14608166072,
                        6243.466045441682
                    ],
                    [
                        0.0,
                        0.0,
                        0.0,
                        0.0,
                        0.0,
                        0.0
                    ],
                    [
                        -395.2134467506039,
                        -2186.6943186970852,
                        21001.14608166072,
                        0.0,
                        162173.48117400493,
                        48212.218707172484
                    ],
                    [
                        -117.53656791287773,
                        -650.0316616240705,
                        6243.466045441682,
                        0.0,
                        48212.218707172484,
                        14334.41398675287
                    ]
                ],
                "mui": [
                    0.5000000000000049,
                    3.1691550238145116,
                    -30.001051406587575,
                    10.0,
                    -231.63866707225924,
                    -68.10425242790548
                ],
                "Ai": [
                    [
                        0.0,
                        0.0,
                        0.0,
                        0.0,
                        0.0,
                        0.0
                    ],
                    [
                        5.338310047628944,
                        0.0,
                        0.0,
                        0.0,
                        0.0,
                        0.0
                    ],
                    [
                        1.0398852193427974,
                        -9.78841166908931,
                        0.0,
                        0.0,
                        0.0,
                        0.0
                    ],
                    [
                        0.0,
                        0.0,
                        0.0,
                        0.0,
                        0.0,
                        0.0
                    ],
                    [
                        7.250244230380801,
                        -0.0,
                        7.8585175563440774,
                        0.0,
                        0.0,
                        0.0
                    ],
                    [
                        0.0,
                        5.929437691024221,
                        2.9130832279971317,
                        -0.0,
                        -0.0,
                        0.0
                    ]
                ]
            },
            "est_params": {
                "mui": [
                    0.4981021910749359,
                    3.1604177931893136,
                    -29.911248077602174,
                    9.999999999999993,
                    -230.94117634158226,
                    -67.89712151773503
                ],
                "Si": [
                    [
                        0.9951041980174515,
                        5.3190259139966845,
                        -51.02713491619905,
                        1.9798302298021826e-30,
                        -393.7878492562101,
                        -117.10405556784087
                    ],
                    [
                        5.3190259139966845,
                        29.44021207671273,
                        -282.63261787227117,
                        1.1416549122209657e-29,
                        -2182.5166354026414,
                        -648.7448069227622
                    ],
                    [
                        -51.02713491619905,
                        -282.63261787227117,
                        2714.3963151798357,
                        -1.7468344788219897e-28,
                        20961.22345597698,
                        6231.185714316761
                    ],
                    [
                        1.9744374338068072e-30,
                        1.1427334714200408e-29,
                        -1.75028586825903e-28,
                        1e-06,
                        -1.3010012482923172e-27,
                        -3.1761411294362777e-28
                    ],
                    [
                        -393.7878492562101,
                        -2182.5166354026414,
                        20961.22345597698,
                        -1.2954790251930528e-27,
                        161870.44771578803,
                        48118.95766062358
                    ],
                    [
                        -117.10405556784087,
                        -648.7448069227622,
                        6231.185714316761,
                        -3.1761411294362777e-28,
                        48118.95766062358,
                        14305.757177717282
                    ]
                ]
            },
            "est_tgt": [
                3
            ]
        },
        "4": {
            "intv_type": "do",
            "inode": 4,
            "new_mui": 10.0,
            "true_params": {
                "Si": [
                    [
                        0.9999999999999925,
                        5.338310047628906,
                        -51.2136911440847,
                        192.27874712557278,
                        0.0,
                        -117.53656791287422
                    ],
                    [
                        5.338310047628906,
                        29.497554164615952,
                        -283.1829736797223,
                        1064.7022957680401,
                        0.0,
                        -650.0316616240498
                    ],
                    [
                        -51.2136911440847,
                        -283.1829736797223,
                        2719.655163605283,
                        -10225.705122534371,
                        0.0,
                        6243.46604544148
                    ],
                    [
                        192.27874712557278,
                        1064.7022957680401,
                        -10225.705122534371,
                        38451.12381564966,
                        0.0,
                        -23475.244164652195
                    ],
                    [
                        0.0,
                        0.0,
                        0.0,
                        0.0,
                        0.0,
                        0.0
                    ],
                    [
                        -117.53656791287422,
                        -650.0316616240498,
                        6243.46604544148,
                        -23475.244164652195,
                        0.0,
                        14334.413986752406
                    ]
                ],
                "mui": [
                    0.4999999999999977,
                    3.169155023814462,
                    -30.001051406587088,
                    113.81445075285833,
                    10.0,
                    -68.10425242790437
                ],
                "Ai": [
                    [
                        0.0,
                        0.0,
                        0.0,
                        0.0,
                        0.0,
                        0.0
                    ],
                    [
                        5.338310047628944,
                        0.0,
                        0.0,
                        0.0,
                        0.0,
                        0.0
                    ],
                    [
                        1.0398852193427974,
                        -9.78841166908931,
                        0.0,
                        0.0,
                        0.0,
                        0.0
                    ],
                    [
                        -7.893737211244685,
                        -0.0,
                        -3.908573661946212,
                        0.0,
                        0.0,
                        0.0
                    ],
                    [
                        0.0,
                        0.0,
                        0.0,
                        0.0,
                        0.0,
                        0.0
                    ],
                    [
                        0.0,
                        5.929437691024221,
                        2.9130832279971317,
                        -0.0,
                        -0.0,
                        0.0
                    ]
                ]
            },
            "est_params": {
                "mui": [
                    0.5088713713308558,
                    3.227065991293783,
                    -30.562359561892208,
                    115.94848397562156,
                    9.999999999999996,
                    -69.4015420681301
                ],
                "Si": [
                    [
                        0.9827266825154791,
                        5.240593888373853,
                        -50.26767947583384,
                        188.71611697444496,
                        3.8019108385285077e-31,
                        -115.35473365198351
                    ],
                    [
                        5.240593888373853,
                        28.92623523168566,
                        -277.63286197216576,
                        1043.762154009812,
                        -7.172399170557327e-31,
                        -637.244860095115
                    ],
                    [
                        -50.26767947583384,
                        -277.63286197216576,
                        2665.7212533597603,
                        -10022.19964556265,
                        -2.4591082870482264e-29,
                        6119.195056436068
                    ],
                    [
                        188.71611697444496,
                        1043.762154009812,
                        -10022.19964556265,
                        37683.19929115887,
                        1.1544866273931674e-28,
                        -23006.346375012487
                    ],
                    [
                        3.8019108385285077e-31,
                        -7.172399170557327e-31,
                        -2.4591082870482264e-29,
                        1.1544866273931674e-28,
                        1e-06,
                        -7.938174119594275e-29
                    ],
                    [
                        -115.35473365198351,
                        -637.244860095115,
                        6119.195056436068,
                        -23006.346375012487,
                        -7.938174119594275e-29,
                        14048.084498441312
                    ]
                ]
            },
            "est_tgt": [
                4
            ]
        },
        "5": {
            "intv_type": "do",
            "inode": 5,
            "new_mui": 10.0,
            "true_params": {
                "Si": [
                    [
                        0.9999999999999998,
                        5.338310047628926,
                        -51.21369114408489,
                        192.2787471255735,
                        -395.2134467505935,
                        0.0
                    ],
                    [
                        5.338310047628926,
                        29.497554164615934,
                        -283.1829736797221,
                        1064.7022957680394,
                        -2186.6943186970134,
                        0.0
                    ],
                    [
                        -51.21369114408489,
                        -283.1829736797221,
                        2719.6551636052823,
                        -10225.705122534366,
                        21001.14608166003,
                        0.0
                    ],
                    [
                        192.2787471255735,
                        1064.7022957680394,
                        -10225.705122534366,
                        38451.12381564964,
                        -78964.81535446184,
                        0.0
                    ],
                    [
                        -395.2134467505935,
                        -2186.6943186970134,
                        21001.14608166003,
                        -78964.81535446184,
                        162173.48117399955,
                        0.0
                    ],
                    [
                        0.0,
                        0.0,
                        0.0,
                        0.0,
                        0.0,
                        0.0
                    ]
                ],
                "mui": [
                    0.5000000000000003,
                    3.169155023814461,
                    -30.00105140658708,
                    113.81445075285829,
                    -231.63866707225537,
                    10.0
                ],
                "Ai": [
                    [
                        0.0,
                        0.0,
                        0.0,
                        0.0,
                        0.0,
                        0.0
                    ],
                    [
                        5.338310047628944,
                        0.0,
                        0.0,
                        0.0,
                        0.0,
                        0.0
                    ],
                    [
                        1.0398852193427974,
                        -9.78841166908931,
                        0.0,
                        0.0,
                        0.0,
                        0.0
                    ],
                    [
                        -7.893737211244685,
                        -0.0,
                        -3.908573661946212,
                        0.0,
                        0.0,
                        0.0
                    ],
                    [
                        7.250244230380801,
                        -0.0,
                        7.8585175563440774,
                        0.0,
                        0.0,
                        0.0
                    ],
                    [
                        0.0,
                        0.0,
                        0.0,
                        0.0,
                        0.0,
                        0.0
                    ]
                ]
            },
            "est_params": {
                "mui": [
                    0.49024572725213117,
                    3.1275741364534886,
                    -29.616967868815625,
                    112.39742767849965,
                    -228.68091020856752,
                    10.000000042874309
                ],
                "Si": [
                    [
                        1.0089473590364229,
                        5.3845223943211415,
                        -51.652577195631736,
                        193.9355959135514,
                        -398.60832659847875,
                        -2.910929588918738e-08
                    ],
                    [
                        5.3845223943211415,
                        29.746925996962474,
                        -285.561839744578,
                        1073.7161520626578,
                        -2205.101352945885,
                        -1.5180003541497543e-07
                    ],
                    [
                        -51.652577195631736,
                        -285.561839744578,
                        2742.3354723003927,
                        -10311.65485191304,
                        21176.661723101744,
                        1.4705006942100279e-06
                    ],
                    [
                        193.9355959135514,
                        1073.7161520626578,
                        -10311.65485191304,
                        38776.88683093386,
                        -79629.96948889324,
                        -5.495662757476542e-06
                    ],
                    [
                        -398.60832659847875,
                        -2205.101352945885,
                        21176.661723101744,
                        -79629.96948889324,
                        163531.70557822147,
                        1.1396730904049297e-05
                    ],
                    [
                        -2.9109295889187372e-08,
                        -1.518000354149754e-07,
                        1.4705006942100279e-06,
                        -5.495662757476541e-06,
                        1.1396730904049297e-05,
                        1.0000172134369646e-06
                    ]
                ]
            },
            "est_tgt": [
                5
            ]
        },
        "obs": {
            "intv_type": "obs",
            "true_params": {
                "Si": [
                    [
                        0.9999999999999998,
                        5.338310047628926,
                        -51.21369114408489,
                        192.2787471255735,
                        -395.2134467505935,
                        -117.53656791287466
                    ],
                    [
                        5.338310047628926,
                        29.497554164615934,
                        -283.1829736797221,
                        1064.7022957680394,
                        -2186.6943186970134,
                        -650.0316616240494
                    ],
                    [
                        -51.21369114408489,
                        -283.1829736797221,
                        2719.6551636052823,
                        -10225.705122534366,
                        21001.14608166003,
                        6243.466045441478
                    ],
                    [
                        192.2787471255735,
                        1064.7022957680394,
                        -10225.705122534366,
                        38451.12381564964,
                        -78964.81535446184,
                        -23475.244164652184
                    ],
                    [
                        -395.2134467505935,
                        -2186.6943186970134,
                        21001.14608166003,
                        -78964.81535446184,
                        162173.48117399955,
                        48212.2187071709
                    ],
                    [
                        -117.53656791287466,
                        -650.0316616240494,
                        6243.466045441478,
                        -23475.244164652184,
                        48212.2187071709,
                        14334.413986752403
                    ]
                ],
                "mui": [
                    0.5000000000000004,
                    3.169155023814461,
                    -30.001051406587088,
                    113.81445075285829,
                    -231.63866707225537,
                    -68.10425242790436
                ],
                "Ai": [
                    [
                        0.0,
                        0.0,
                        0.0,
                        0.0,
                        0.0,
                        0.0
                    ],
                    [
                        5.338310047628944,
                        0.0,
                        0.0,
                        0.0,
                        0.0,
                        0.0
                    ],
                    [
                        1.0398852193427974,
                        -9.78841166908931,
                        0.0,
                        0.0,
                        0.0,
                        0.0
                    ],
                    [
                        -7.893737211244685,
                        -0.0,
                        -3.908573661946212,
                        0.0,
                        0.0,
                        0.0
                    ],
                    [
                        7.250244230380801,
                        -0.0,
                        7.8585175563440774,
                        0.0,
                        0.0,
