{
    "expt_args": {
        "save_dir": "expt_logs_29.04.24-2",
        "exp_name": "603",
        "num_nodes": 4,
        "obs_noise_mean": 0.5,
        "obs_noise_var": 1.0,
        "max_edge_strength": 10.0,
        "num_parents": 2,
        "new_noise_mean": 10.0,
        "mix_samples": 8192,
        "stage2_samples": 8192,
        "intv_targets": [
            0,
            1,
            2,
            3
        ]
    },
    "intv_args_dict": {
        "0": {
            "intv_type": "do",
            "inode": 0,
            "new_mui": 10.0,
            "true_params": {
                "Si": [
                    [
                        3.7763674705293896e-34,
                        3.2059825373789047e-34,
                        1.9432877992025244e-17,
                        -1.8174638222908104e-16
                    ],
                    [
                        3.2059825373789047e-34,
                        1.0000000000000004,
                        8.7867654249725,
                        -76.03795748150218
                    ],
                    [
                        1.9432877992025244e-17,
                        8.7867654249725,
                        78.20724663349213,
                        -677.4802158946862
                    ],
                    [
                        -1.8174638222908104e-16,
                        -76.03795748150218,
                        -677.4802158946862,
                        5870.240610379668
                    ]
                ],
                "mui": [
                    10.000000000000004,
                    26.365033062594517,
                    271.82962956548073,
                    -2379.899098078412
                ],
                "Ai": [
                    [
                        0.0,
                        0.0,
                        0.0,
                        0.0
                    ],
                    [
                        2.586503306259451,
                        0.0,
                        0.0,
                        0.0
                    ],
                    [
                        3.966626862281851,
                        8.786765424972497,
                        0.0,
                        0.0
                    ],
                    [
                        -0.0,
                        6.1404428635048,
                        -9.352520110694108,
                        0.0
                    ]
                ]
            },
            "est_params": {
                "mui": [
                    -0.19376712982660546,
                    -0.15625110110184504,
                    -1.6352645617036143,
                    14.892132288867288
                ],
                "Si": [
                    [
                        0.456449803346169,
                        1.0653900320760832,
                        11.133193112359768,
                        -97.62337532507979
                    ],
                    [
                        1.0653900320760832,
                        3.342785293124292,
                        33.57201348912226,
                        -293.56695710892285
                    ],
                    [
                        11.133193112359768,
                        33.57201348912227,
                        340.34428754569166,
                        -2978.0893719743835
                    ],
                    [
                        -97.62337532507979,
                        -293.56695710892285,
                        -2978.0893719743835,
                        26061.348173611204
                    ]
                ]
            },
            "est_tgt": [
                0,
                1,
                2
            ]
        },
        "1": {
            "intv_type": "do",
            "inode": 1,
            "new_mui": 10.0,
            "true_params": {
                "Si": [
                    [
                        1.000000000000003,
                        -7.216490966182265e-32,
                        3.966626862281863,
                        -37.09795750111059
                    ],
                    [
                        -7.216490966182265e-32,
                        8.37686333635626e-32,
                        2.892880658425924e-16,
                        -2.696569769276129e-15
                    ],
                    [
                        3.966626862281863,
                        2.892880658425924e-16,
                        16.734128664576016,
                        -156.50627487038992
                    ],
                    [
                        -37.09795750111059,
                        -2.696569769276129e-15,
                        -156.50627487038992,
                        1464.7280831751416
                    ]
                ],
                "mui": [
                    0.5000000000000231,
                    10.000000000000004,
                    90.35096768086602,
                    -783.1048136209249
                ],
                "Ai": [
                    [
                        0.0,
                        0.0,
                        0.0,
                        0.0
                    ],
                    [
                        0.0,
                        0.0,
                        0.0,
                        0.0
                    ],
                    [
                        3.966626862281851,
                        8.786765424972497,
                        0.0,
                        0.0
                    ],
                    [
                        -0.0,
                        6.1404428635048,
                        -9.352520110694108,
                        0.0
                    ]
                ]
            },
            "est_params": {
                "mui": [
                    10.000000000000002,
                    26.329088184722288,
                    271.5077510408216,
                    -2377.0951495955155
                ],
                "Si": [
                    [
                        1e-06,
                        -3.3249668434956445e-30,
                        1.7507125535161307e-29,
                        6.253249346080152e-28
                    ],
                    [
                        -3.3249668434956445e-30,
                        0.9624229056050139,
                        8.479711374028977,
                        -73.40859023712633
                    ],
                    [
                        1.7507125535161307e-29,
                        8.479711374028977,
                        75.74192517642642,
                        -656.424917691288
                    ],
                    [
                        6.253249346080152e-28,
                        -73.40859023712633,
                        -656.424917691288,
                        5690.544125545407
                    ]
                ]
            },
            "est_tgt": [
                0,
                3
            ]
        },
        "2": {
            "intv_type": "do",
            "inode": 2,
            "new_mui": 10.0,
            "true_params": {
                "Si": [
                    [
                        0.9999999999999996,
                        2.5865033062594502,
                        0.0,
                        15.882275768352411
                    ],
                    [
                        2.5865033062594502,
                        7.6899993532910695,
                        0.0,
                        47.22000164927268
                    ],
                    [
                        0.0,
                        0.0,
                        0.0,
                        0.0
                    ],
                    [
                        15.882275768352411,
                        47.22000164927268,
                        0.0,
                        290.9517221419613
                    ]
                ],
                "mui": [
                    0.4999999999999999,
                    1.7932516531297253,
                    10.0,
                    -82.01384179101248
                ],
                "Ai": [
                    [
                        0.0,
                        0.0,
                        0.0,
                        0.0
                    ],
                    [
                        2.586503306259451,
                        0.0,
                        0.0,
                        0.0
                    ],
                    [
                        0.0,
                        0.0,
                        0.0,
                        0.0
                    ],
                    [
                        -0.0,
                        6.1404428635048,
                        -9.352520110694108,
                        0.0
                    ]
                ]
            },
            "est_params": {
                "mui": [
                    0.4937048320968487,
                    9.999999999999991,
                    90.3663952775586,
                    -783.2258252239264
                ],
                "Si": [
                    [
                        0.9944349906606362,
                        -2.518283039241971e-18,
                        3.942153571567825,
                        -36.867265103799994
                    ],
                    [
                        -2.5182830392420172e-18,
                        1e-06,
                        3.3207160274722124e-17,
                        -3.029440744269385e-16
                    ],
                    [
                        3.942153571567824,
                        3.320716027472262e-17,
                        16.6642236710836,
                        -155.80888299140437
                    ],
                    [
                        -36.867265103799994,
                        -3.029440744269385e-16,
                        -155.80888299140437,
                        1457.792065367719
                    ]
                ]
            },
            "est_tgt": [
                1,
                3
            ]
        },
        "3": {
            "intv_type": "do",
            "inode": 3,
            "new_mui": 10.0,
            "true_params": {
                "Si": [
                    [
                        1.0000000000000009,
                        2.5865033062594525,
                        26.693624685299458,
                        0.0
                    ],
                    [
                        2.5865033062594525,
                        7.689999353291072,
                        77.82991392954843,
                        0.0
                    ],
                    [
                        26.693624685299458,
                        77.82991392954843,
                        790.7568454731202,
                        0.0
                    ],
                    [
                        0.0,
                        0.0,
                        0.0,
                        0.0
                    ]
                ],
                "mui": [
                    0.5000000000000002,
                    1.7932516531297256,
                    18.24019505513597,
                    10.0
                ],
                "Ai": [
                    [
                        0.0,
                        0.0,
                        0.0,
                        0.0
                    ],
                    [
                        2.586503306259451,
                        0.0,
                        0.0,
                        0.0
                    ],
                    [
                        3.966626862281851,
                        8.786765424972497,
                        0.0,
                        0.0
                    ],
                    [
                        0.0,
                        0.0,
                        0.0,
                        0.0
                    ]
                ]
            },
            "est_params": {
                "mui": [
                    0.4926878640826633,
                    1.7722550237367658,
                    14.083945075726826,
                    -33.362369276267536
                ],
                "Si": [
                    [
                        1.0682218867115592,
                        2.799557020859067,
                        13.804969986932045,
                        8.80533122992726
                    ],
                    [
                        2.799557020859067,
                        8.340418782534769,
                        40.60540569512102,
                        24.99627005181493
                    ],
                    [
                        13.804969986932045,
                        40.60540569512102,
                        428.06402365803086,
                        177.07104818425648
                    ],
                    [
                        8.80533122992726,
                        24.99627005181493,
                        177.07104818425648,
                        2270.8503520454306
                    ]
                ]
            },
            "est_tgt": [
                2,
                3
            ]
        },
        "obs": {
            "intv_type": "obs",
            "true_params": {
                "Si": [
                    [
                        1.0000000000000009,
                        2.586503306259453,
                        26.69362468529946,
                        -233.7703859282315
                    ],
                    [
                        2.586503306259453,
                        7.689999353291075,
                        77.82991392954844,
                        -680.6858335904207
                    ],
                    [
                        26.69362468529946,
                        77.82991392954844,
                        790.7568454731203,
                        -6917.6591604005025
                    ],
                    [
                        -233.7703859282315,
                        -680.6858335904207,
                        -6917.6591604005025,
                        60518.83394741391
                    ]
                ],
                "mui": [
                    0.5000000000000002,
                    1.793251653129726,
                    18.240195055135974,
                    -159.08043176021383
                ],
                "Ai": [
                    [
                        0.0,
                        0.0,
                        0.0,
                        0.0
                    ],
                    [
                        2.586503306259451,
                        0.0,
                        0.0,
                        0.0
                    ],
                    [
                        3.966626862281851,
                        8.786765424972497,
                        0.0,
                        0.0
                    ],
                    [
                        -0.0,
                        6.1404428635048,
                        -9.352520110694108,
                        0.0
                    ]
                ]
            },
            "est_params": {
                "mui": [
                    0.827669371966392,
                    2.722974962881616,
                    27.779150462126335,
                    -242.6170157483758
                ],
                "Si": [
                    [
                        0.7395642519280042,
                        1.8538047428264959,
                        19.191689599689873,
                        -168.09236105534137
                    ],
                    [
                        1.8538047428264959,
                        5.6126564451637915,
                        56.5157272456066,
                        -494.0552129389342
                    ],
                    [
                        19.191689599689877,
                        56.515727245606605,
                        572.796260560129,
                        -5009.632386332997
                    ],
                    [
                        -168.09236105534137,
                        -494.0552129389342,
                        -5009.632386332997,
                        43816.22334031117
                    ]
                ]
            }
        }
    },
    "metric_dict": {
        "param_est_rel_err": 27.265032866800656,
        "est_dag": {
            "amat": [
                [
                    0,
                    1,
                    0,
                    0
                ],
                [
                    0,
                    0,
                    1,
                    1
                ],
                [
                    0,
                    0,
                    0,
                    0
                ],
                [
                    0,
                    0,
                    1,
                    0
                ]
            ],
            "nodes": [
                0,
                1,
                2,
                3
            ]
        },
        "act_dag": {
            "amat": [
                [
                    0,
                    1,
                    1,
                    0
                ],
                [
                    0,
                    0,
                    1,
                    1
                ],
                [
                    0,
                    0,
                    0,
                    1
                ],
                [
                    0,
                    0,
                    0,
                    0
                ]
            ],
            "nodes": [
                0,
                1,
                2,
                3
            ]
        },
        "shd": 2,
        "avg_js": 0.20833333333333331
    }
}