{
    "expt_args": {
        "save_dir": "expt_logs_29.04.24-8",
        "exp_name": "235",
        "num_nodes": 8,
        "obs_noise_mean": 0.5,
        "obs_noise_var": 1.0,
        "max_edge_strength": 10.0,
        "num_parents": 2,
        "new_noise_mean": 10.0,
        "mix_samples": 8192,
        "stage2_samples": 8192,
        "intv_targets": [
            0,
            1,
            2,
            3,
            4,
            5,
            6,
            7
        ]
    },
    "intv_args_dict": {
        "0": {
            "intv_type": "do",
            "inode": 0,
            "new_mui": 10.0,
            "true_params": {
                "Si": [
                    [
                        1.1700597578667289e-26,
                        -8.897379675426743e-14,
                        -8.377488473570613e-13,
                        7.429581167669351e-12,
                        4.479043435307337e-11,
                        3.74963902912454e-10,
                        -3.744991239890594e-10,
                        -3.0073933631435448e-09
                    ],
                    [
                        -8.897379675426743e-14,
                        1.0000000000002172,
                        8.724642234469936,
                        -77.84331434696182,
                        -469.9246248949071,
                        -3933.4368899333695,
                        3928.404743310337,
                        31546.28360011212
                    ],
                    [
                        -8.377488473570613e-13,
                        8.724642234469936,
                        77.1193821194789,
                        -687.3536504669445,
                        -4148.4017128189225,
                        -34724.47649097441,
                        34680.30397464652,
                        278494.21321871394
                    ],
                    [
                        7.429581167669351e-12,
                        -77.84331434696182,
                        -687.3536504669445,
                        6127.798342617435,
                        36983.84985018834,
                        309575.2918695694,
                        -309181.33602209244,
                        -2482825.9713962795
                    ],
                    [
                        4.479043435307337e-11,
                        -469.9246248949071,
                        -4148.4017128189225,
                        36983.84985018834,
                        223215.18199312335,
                        1868432.8613464069,
                        -1866054.6481724621,
                        -14985020.56272939
                    ],
                    [
                        3.74963902912454e-10,
                        -3933.4368899333695,
                        -34724.47649097441,
                        309575.2918695694,
                        1868432.8613464069,
                        15639804.986353071,
                        -15619897.475777129,
                        -125432814.34705476
                    ],
                    [
                        -3.744991239890594e-10,
                        3928.404743310337,
                        34680.30397464652,
                        -309181.33602209244,
                        -1866054.6481724621,
                        -15619897.475777129,
                        15600017.427156148,
                        125273171.33947171
                    ],
                    [
                        -3.0073933631435448e-09,
                        31546.28360011212,
                        278494.21321871394,
                        -2482825.9713962795,
                        -14985020.56272939,
                        -125432814.34705476,
                        125273171.33947171,
                        1005983972.219869
                    ]
                ],
                "mui": [
                    10.000000000029678,
                    -69.56135677078858,
                    -513.3613137142706,
                    4648.5187277541545,
                    28157.63014922599,
                    235607.8808205676,
                    -235281.83906632138,
                    -1889305.43315702
                ],
                "Ai": [
                    [
                        0.0,
                        0.0,
                        0.0,
                        0.0,
                        0.0,
                        0.0,
                        0.0,
                        0.0
                    ],
                    [
                        -7.006135677076101,
                        0.0,
                        0.0,
                        0.0,
                        0.0,
                        0.0,
                        0.0,
                        0.0
                    ],
                    [
                        9.303663745482856,
                        8.724642234468815,
                        0.0,
                        0.0,
                        0.0,
                        0.0,
                        0.0,
                        0.0
                    ],
                    [
                        0.0,
                        -6.313615689081571,
                        -8.198582444478928,
                        0.0,
                        0.0,
                        0.0,
                        0.0,
                        0.0
                    ],
                    [
                        -0.0,
                        -9.644081513030617,
                        -0.0,
                        5.912910405257415,
                        0.0,
                        0.0,
                        0.0,
                        0.0
                    ],
                    [
                        -0.0,
                        -0.0,
                        -0.0,
                        5.188689226252268,
                        7.510847349689021,
                        0.0,
                        0.0,
                        0.0
                    ],
                    [
                        -0.0,
                        -0.0,
                        -0.0,
                        -6.676178545390447,
                        -7.253735381344152,
                        0.0,
                        0.0,
                        0.0
                    ],
                    [
                        0.0,
                        0.0,
                        8.575752171401152,
                        0.0,
                        0.0,
                        0.0,
                        8.011257822686876,
                        0.0
                    ]
                ]
            },
            "est_params": {
                "mui": [
                    10.000000000029672,
                    -69.54021108229699,
                    -513.2170785508076,
                    4647.225202531297,
                    28149.767155522906,
                    235542.14684315203,
                    -235216.17481769502,
                    -1888778.1536004965
                ],
                "Si": [
                    [
                        1e-06,
                        -8.567619508414046e-14,
                        -8.115550327890311e-13,
                        7.199815093501022e-12,
                        4.3401496682683033e-11,
                        3.633432161517559e-10,
                        -3.628907750734953e-10,
                        -2.914167777906884e-09
                    ],
                    [
                        -8.567619508414046e-14,
                        0.9741430149571083,
                        8.483230219319537,
                        -75.76442390653185,
                        -457.3875941138827,
                        -3828.5598114468357,
                        3823.589087161026,
                        30704.455155988275
                    ],
                    [
                        -8.115550327890311e-13,
                        8.483230219319537,
                        74.93891426145358,
                        -668.507883794265,
                        -4034.6977063572945,
                        -33773.26863363084,
                        33729.74429399076,
                        270859.893674005
                    ],
                    [
                        7.199815093501022e-12,
                        -75.76442390653185,
                        -668.507883794265,
                        5965.049338271764,
                        36001.9649368972,
                        301361.33594454976,
                        -300972.7918700885,
                        -2416899.5355602927
                    ],
                    [
                        4.3401496682683033e-11,
                        -457.3875941138827,
                        -4034.6977063572945,
                        36001.9649368972,
                        217291.3783242743,
                        1818877.4224772712,
                        -1816531.6563564902,
                        -14587279.506907461
                    ],
                    [
                        3.633432161517559e-10,
                        -3828.5598114468357,
                        -33773.26863363084,
                        301361.33594454976,
                        1818877.4224772712,
                        15225250.034167407,
                        -15205614.06246183,
                        -122105520.73584402
                    ],
                    [
                        -3.628907750734953e-10,
                        3823.589087161026,
                        33729.74429399076,
                        -300972.7918700885,
                        -1816531.6563564902,
                        -15205614.06246183,
                        15186005.29804979,
                        121948056.83185239
                    ],
                    [
                        -2.914167777906884e-09,
                        30704.455155988275,
                        270859.893674005,
                        -2416899.5355602927,
                        -14587279.506907461,
                        -122105520.73584402,
                        121948056.83185239,
                        979278507.8379502
                    ]
                ]
            },
            "est_tgt": [
                0,
                1,
                2,
                3,
                4,
                6
            ]
        },
        "1": {
            "intv_type": "do",
            "inode": 1,
            "new_mui": 10.0,
            "true_params": {
                "Si": [
                    [
                        0.9999999999996017,
                        -6.719302135071287e-13,
                        9.303663745473202,
                        -76.27685425296573,
                        -451.018205192658,
                        -3783.3057830075513,
                        3780.8046105098433,
                        30368.786426564817
                    ],
                    [
                        -6.719302135071287e-13,
                        4.516489321214263e-25,
                        -6.260990719501706e-12,
                        5.133935301938304e-11,
                        3.035661125309487e-10,
                        2.54642267965291e-09,
                        -2.5447391659239847e-09,
                        -2.0440254254464084e-08
                    ],
                    [
                        9.303663745473202,
                        -6.260990719501706e-12,
                        87.55815908886676,
                        -717.8527859768207,
                        -4244.599207645306,
                        -35605.25172586797,
                        35581.71282060932,
                        285805.1522516346
                    ],
                    [
                        -76.27685425296573,
                        5.133935301938304e-11,
                        -717.8527859768207,
                        5886.375248829396,
                        34805.60945805255,
                        291962.19138760417,
                        -291769.17294147454,
                        -2343594.196734355
                    ],
                    [
                        -451.018205192658,
                        3.035661125309487e-10,
                        -4244.599207645306,
                        34805.60945805255,
                        205803.45032584187,
                        1726353.7902448464,
                        -1725212.2323543518,
                        -13857520.623115579
                    ],
                    [
                        -3783.3057830075513,
                        2.54642267965291e-09,
                        -35605.25172586797,
                        291962.19138760417,
                        1726353.7902448464,
                        14481281.867011966,
                        -14471705.287223727,
                        -116241904.0046915
                    ],
                    [
                        3780.8046105098433,
                        -2.5447391659239847e-09,
                        35581.71282060932,
                        -291769.17294147454,
                        -1725212.2323543518,
                        -14471705.287223727,
                        14462137.102754677,
                        116165048.94819702
                    ],
                    [
                        30368.786426564817,
                        -2.0440254254464084e-08,
                        285805.1522516346,
                        -2343594.196734355,
                        -13857520.623115579,
                        -116241904.0046915,
                        116165048.94819702,
                        933079152.2640669
                    ]
                ],
                "mui": [
                    0.5000000000020762,
                    9.999999999988194,
                    92.39825421734592,
                    -820.1708618175845,
                    -4945.53763806033,
                    -41400.28997601168,
                    41349.72845618835,
                    332056.22008985514
                ],
                "Ai": [
                    [
                        0.0,
                        0.0,
                        0.0,
                        0.0,
                        0.0,
                        0.0,
                        0.0,
                        0.0
                    ],
                    [
                        0.0,
                        0.0,
                        0.0,
                        0.0,
                        0.0,
                        0.0,
                        0.0,
                        0.0
                    ],
                    [
                        9.303663745482856,
                        8.724642234468815,
                        0.0,
                        0.0,
                        0.0,
                        0.0,
                        0.0,
                        0.0
                    ],
                    [
                        0.0,
                        -6.313615689081571,
                        -8.198582444478928,
                        0.0,
                        0.0,
                        0.0,
                        0.0,
                        0.0
                    ],
                    [
                        -0.0,
                        -9.644081513030617,
                        -0.0,
                        5.912910405257415,
                        0.0,
                        0.0,
                        0.0,
                        0.0
                    ],
                    [
                        -0.0,
                        -0.0,
                        -0.0,
                        5.188689226252268,
                        7.510847349689021,
                        0.0,
                        0.0,
                        0.0
                    ],
                    [
                        -0.0,
                        -0.0,
                        -0.0,
                        -6.676178545390447,
                        -7.253735381344152,
                        0.0,
                        0.0,
                        0.0
                    ],
                    [
                        0.0,
                        0.0,
                        8.575752171401152,
                        0.0,
                        0.0,
                        0.0,
                        8.011257822686876,
                        0.0
                    ]
                ]
            },
            "est_params": {
                "mui": [
                    0.4634555815541338,
                    9.999999999988216,
                    92.08479858504481,
                    -817.6125526388018,
                    -4930.385082670098,
                    -41273.19443036087,
                    41222.75347918838,
                    331036.292590751
                ],
                "Si": [
                    [
                        1.1253713478404883,
                        -7.565636116948071e-13,
                        10.503878136893995,
                        -86.13272770030221,
                        -509.2360478843791,
                        -4271.727320843709,
                        4268.942638388319,
                        34289.69728213097
                    ],
                    [
                        -7.565636116948071e-13,
                        1e-06,
                        -7.071238506456254e-12,
                        5.799291613693906e-11,
                        3.428682692195162e-10,
                        2.876149685511328e-09,
                        -2.8742745485898854e-09,
                        -2.308720702673598e-08
                    ],
                    [
                        10.503878136893995,
                        -7.071238506456254e-12,
                        99.01445588480472,
                        -811.9720104479542,
                        -4800.583189575861,
                        -40269.64209322622,
                        40243.425642789996,
                        323249.7361062177
                    ],
                    [
                        -86.13272770030221,
                        5.799291613693906e-11,
                        -811.9720104479542,
                        6659.569530534197,
                        39373.02986149156,
                        330280.2719771416,
                        -330065.2256960696,
                        -2651202.0613166904
                    ],
                    [
                        -509.2360478843791,
                        3.428682692195162e-10,
                        -4800.583189575861,
                        39373.02986149156,
                        232784.13917642637,
                        1952706.5822469732,
                        -1951434.881812561,
                        -15674623.414953288
                    ],
                    [
                        -4271.727320843709,
                        2.876149685511328e-09,
                        -40269.64209322622,
                        330280.2719771416,
                        1952706.5822469732,
                        16380254.325689178,
                        -16369585.988067018,
                        -131486373.70817123
                    ],
                    [
                        4268.94263838832,
                        -2.8742745485898854e-09,
                        40243.425642789996,
                        -330065.2256960696,
                        -1951434.881812561,
                        -16369585.988067018,
                        16358926.64860375,
                        131400754.21878868
                    ],
                    [
                        34289.69728213097,
                        -2.308720702673598e-08,
                        323249.7361062177,
                        -2651202.0613166904,
                        -15674623.414953288,
                        -131486373.70817123,
                        131400754.21878868,
                        1055457892.6578594
                    ]
                ]
            },
            "est_tgt": [
                0,
                1,
                2,
                3,
                4,
                6
            ]
        },
        "2": {
            "intv_type": "do",
            "inode": 2,
            "new_mui": 10.0,
            "true_params": {
                "Si": [
                    [
                        0.9999999999998539,
                        -7.006135677075063,
                        0.0,
                        44.23404813061433,
                        329.1197070192307,
                        2701.4846081646588,
                        -2682.6616666083905,
                        -21491.494262238677
                    ],
                    [
                        -7.006135677075063,
                        50.08593712559122,
                        0.0,
                        -316.2233584384795,
                        -2352.8332467920595,
                        -19312.5560889474,
                        19177.993369816686,
                        153639.84940738094
                    ],
                    [
                        0.0,
                        0.0,
                        0.0,
                        0.0,
                        0.0,
                        0.0,
                        0.0,
                        0.0
                    ],
                    [
                        44.23404813061433,
                        -316.2233584384795,
                        0.0,
                        1997.5127570912093,
                        14860.797811144037,
                        121981.65677611622,
                        -121132.04669073327,
                        -970420.0566292087
                    ],
                    [
                        329.1197070192307,
                        -2352.8332467920595,
                        0.0,
                        14860.797811144037,
                        110562.4816265713,
                        907525.9835961706,
                        -901204.3243380181,
                        -7219780.193192187
                    ],
                    [
                        2701.4846081646588,
                        -19312.5560889474,
                        0.0,
                        121981.65677611622,
                        907525.9835961706,
                        7449215.0369818555,
                        -7397324.656600582,
                        -59261875.02214593
                    ],
                    [
                        -2682.6616666083905,
                        19177.993369816686,
                        0.0,
                        -121132.04669073327,
                        -901204.3243380181,
                        -7397324.656600582,
                        7345797.86454694,
                        58849080.60622822
                    ],
                    [
                        -21491.494262238677,
                        153639.84940738094,
                        0.0,
                        -970420.0566292087,
                        -7219780.193192187,
                        -59261875.02214593,
                        58849080.60622822,
                        471455158.3645763
                    ]
                ],
                "mui": [
                    0.5000000000000551,
                    -3.0030678385384366,
                    9.99999999999963,
                    -62.52560822401448,
                    -340.24648843879856,
                    -2879.4653856883615,
                    2885.990115729271,
                    23206.66841254713
                ],
                "Ai": [
                    [
                        0.0,
                        0.0,
                        0.0,
                        0.0,
                        0.0,
                        0.0,
                        0.0,
                        0.0
                    ],
                    [
                        -7.006135677076101,
                        0.0,
                        0.0,
                        0.0,
                        0.0,
                        0.0,
                        0.0,
                        0.0
                    ],
                    [
                        0.0,
                        0.0,
                        0.0,
                        0.0,
                        0.0,
                        0.0,
                        0.0,
                        0.0
                    ],
                    [
                        0.0,
                        -6.313615689081571,
                        -8.198582444478928,
                        0.0,
                        0.0,
                        0.0,
                        0.0,
                        0.0
                    ],
                    [
                        -0.0,
                        -9.644081513030617,
                        -0.0,
                        5.912910405257415,
                        0.0,
                        0.0,
                        0.0,
                        0.0
                    ],
                    [
                        -0.0,
                        -0.0,
                        -0.0,
                        5.188689226252268,
                        7.510847349689021,
                        0.0,
                        0.0,
                        0.0
                    ],
                    [
                        -0.0,
                        -0.0,
                        -0.0,
                        -6.676178545390447,
                        -7.253735381344152,
                        0.0,
                        0.0,
                        0.0
                    ],
                    [
                        0.0,
                        0.0,
                        8.575752171401152,
                        0.0,
                        0.0,
                        0.0,
                        8.011257822686876,
                        0.0
                    ]
                ]
            },
            "est_params": {
                "mui": [
                    0.5099879727021354,
                    -3.096896139240915,
                    9.999999999999593,
                    -61.90760829902868,
                    -335.6946126182232,
                    -2842.049032754802,
                    2848.7793494988714,
                    22908.605177005113
                ],
                "Si": [
                    [
                        0.9402159561837413,
                        -6.559716073695089,
                        0.0,
                        41.42196385251657,
                        308.24309218782025,
                        2530.1000629414125,
                        -2512.467758113957,
                        -20127.98012372036
                    ],
                    [
                        -6.559716073695089,
                        46.77725308124137,
                        -2.66311064028435e-30,
                        -295.37663947032206,
                        -2198.105310514924,
                        -18042.361793238386,
                        17916.513195381453,
                        143533.47101968015
                    ],
                    [
                        -1.1096294334518126e-31,
                        -2.66311064028435e-30,
                        1e-06,
                        -3.302257193952594e-28,
                        2.84065134963664e-29,
                        -2.9542774036221055e-27,
                        4.317790051447693e-27,
                        1.472593659651634e-25
                    ],
                    [
                        41.42196385251657,
                        -295.37663947032206,
                        -3.337765335823052e-28,
                        1866.2091269152552,
                        13886.19795971887,
                        113981.04153756611,
                        -113186.23003390679,
                        -906761.9874112054
                    ],
                    [
                        308.24309218782025,
                        -2198.105310514924,
                        2.84065134963664e-29,
                        13886.19795971887,
                        103328.62424057859,
                        848142.1368071,
                        -842227.4682073039,
                        -6747285.842331202
                    ],
                    [
                        2530.1000629414125,
                        -18042.361793238386,
                        -2.9542774036221055e-27,
                        113981.04153756611,
                        848142.1368071,
                        6961724.132169836,
                        -6913174.645097122,
                        -55383096.875747144
                    ],
                    [
                        -2512.467758113957,
                        17916.513195381453,
                        4.545042159418624e-27,
                        -113186.23003390679,
                        -842227.4682073039,
                        -6913174.645097122,
                        6864965.776766952,
                        54996884.04804573
                    ],
                    [
                        -20127.98012372036,
                        143533.47101968015,
                        1.472593659651634e-25,
                        -906761.9874112054,
                        -6747285.842331202,
                        -55383096.875747144,
                        54996884.04804573,
                        440593203.2114213
                    ]
                ]
            },
            "est_tgt": [
                1,
                2,
                3,
                4,
                6,
                7
            ]
        },
        "3": {
            "intv_type": "do",
            "inode": 3,
            "new_mui": 10.0,
            "true_params": {
                "Si": [
                    [
                        0.9999999999999927,
                        -7.006135677076084,
                        -51.82236348315398,
                        -8.514364688472153e-15,
                        67.56774356107366,
                        507.49100765015737,
                        -490.11853210654834,
                        -4370.881670550191
                    ],
                    [
                        -7.006135677076084,
                        50.08593712559871,
                        371.79915190420144,
                        6.178138538366003e-14,
                        -483.03286029580005,
                        -3627.9860785654164,
                        3503.792549079511,
                        31258.242852152784
                    ],
                    [
                        -51.82236348315398,
                        371.79915190420144,
                        2762.676739099628,
                        4.598383283267762e-13,
                        -3585.6613274397682,
                        -26931.3548780834,
                        26009.43843636728,
                        232060.34818125315
                    ],
                    [
                        -8.514364688472153e-15,
                        6.178138538366003e-14,
                        4.598383283267762e-13,
                        7.704517616092738e-29,
                        -5.956916796797178e-13,
                        -4.47414927355421e-12,
                        4.3209565540280326e-12,
                        3.855975653758902e-11
                    ],
                    [
                        67.56774356107366,
                        -483.03286029580005,
                        -3585.6613274397682,
                        -5.956916796797178e-13,
                        4659.408278165022,
                        34996.10431717484,
                        -33798.11468345345,
                        -301515.1535645853
                    ],
                    [
                        507.49100765015737,
                        -3627.9860785654164,
                        -26931.3548780834,
                        -4.47414927355421e-12,
                        34996.10431717484,
                        262851.39736009313,
                        -253852.4800947019,
                        -2264634.2920416435
                    ],
                    [
                        -490.11853210654834,
                        3503.792549079511,
                        26009.43843636728,
                        4.3209565540280326e-12,
                        -33798.11468345345,
                        -253852.4800947019,
                        245163.58030209353,
                        2187119.14868067
                    ],
                    [
                        -4370.881670550191,
                        31258.242852152784,
                        232060.34818125315,
                        3.855975653758902e-11,
                        -301515.1535645853,
                        -2264634.2920416435,
                        2187119.14868067,
                        19511668.423827767
                    ]
                ],
                "mui": [
                    0.4999999999999936,
                    -3.0030678385380494,
                    -21.048860624342673,
                    10.000000000000002,
                    88.59093507659577,
                    717.7798821890442,
                    -708.8769856853698,
                    -5859.006109099339
                ],
                "Ai": [
                    [
                        0.0,
                        0.0,
                        0.0,
                        0.0,
                        0.0,
                        0.0,
                        0.0,
                        0.0
                    ],
                    [
                        -7.006135677076101,
                        0.0,
                        0.0,
                        0.0,
                        0.0,
                        0.0,
                        0.0,
                        0.0
                    ],
                    [
                        9.303663745482856,
                        8.724642234468815,
                        0.0,
                        0.0,
                        0.0,
                        0.0,
                        0.0,
                        0.0
                    ],
                    [
                        0.0,
                        0.0,
                        0.0,
                        0.0,
                        0.0,
                        0.0,
                        0.0,
                        0.0
                    ],
                    [
                        -0.0,
                        -9.644081513030617,
                        -0.0,
                        5.912910405257415,
                        0.0,
                        0.0,
                        0.0,
                        0.0
                    ],
                    [
                        -0.0,
                        -0.0,
                        -0.0,
                        5.188689226252268,
                        7.510847349689021,
                        0.0,
                        0.0,
                        0.0
                    ],
                    [
                        -0.0,
                        -0.0,
                        -0.0,
                        -6.676178545390447,
                        -7.253735381344152,
                        0.0,
                        0.0,
                        0.0
                    ],
                    [
                        0.0,
                        0.0,
                        8.575752171401152,
                        0.0,
                        0.0,
                        0.0,
                        8.011257822686876,
                        0.0
                    ]
                ]
            },
            "est_params": {
                "mui": [
                    0.5076333898252718,
                    -3.0778930358311505,
                    -21.614567827673575,
                    9.999996740833861,
                    89.31818999299028,
                    723.2194298219163,
                    -714.1194882385128,
                    -5905.823376290307
                ],
                "Si": [
                    [
                        0.9945610416681855,
                        -6.900317027481439,
                        -50.95424171812948,
                        1.7850218876531936e-06,
                        66.54449063148812,
                        499.8172272483764,
                        -482.6949630260821,
                        -4303.946574744157
                    ],
                    [
                        -6.900317027481439,
                        48.87613329116378,
                        362.18626635362284,
                        -9.597904389270423e-06,
                        -471.4181111312072,
                        -3540.7685136857963,
                        3419.47331445438,
                        30500.103129477407
                    ],
                    [
                        -50.95424171812948,
                        362.18626635362284,
                        2686.476200296666,
                        -6.753806752798588e-05,
                        -3493.4075056836386,
                        -26238.530029239293,
                        25339.674525165417,
                        226039.68145966207
                    ],
                    [
                        1.7850218876531936e-06,
                        -9.597904389270423e-06,
                        -6.753806752798588e-05,
                        1.0099863455197242e-06,
                        9.633562364961805e-05,
                        0.0007270964509294809,
                        -0.0007001754721927073,
                        -0.0061891165360969435
                    ],
                    [
                        66.54449063148812,
                        -471.4181111312072,
                        -3493.4075056836386,
                        9.633562364961805e-05,
                        4547.966140456068,
                        34159.29683648967,
                        -32989.12385934456,
                        -294241.035281612
                    ],
                    [
                        499.8172272483764,
                        -3540.7685136857963,
                        -26238.530029239293,
                        0.0007270964509294809,
                        34159.29683648967,
                        256567.8799963616,
                        -247777.88636010847,
                        -2210013.110556215
                    ],
                    [
                        -482.6949630260821,
                        3419.47331445438,
                        25339.674525165417,
                        -0.0007001754721927073,
                        -32989.12385934456,
                        -247777.88636010847,
                        239290.91312932456,
                        2134313.905004757
                    ],
                    [
                        -4303.946574744157,
                        30500.103129477407,
                        226039.68145966207,
                        -0.0061891165360969435,
                        -294241.035281612,
                        -2210013.110556215,
                        2134313.905004757,
                        19036874.42444172
