{
    "expt_args": {
        "save_dir": "expt_logs_29.04.24-8",
        "exp_name": "117",
        "num_nodes": 8,
        "obs_noise_mean": 0.5,
        "obs_noise_var": 1.0,
        "max_edge_strength": 10.0,
        "num_parents": 2,
        "new_noise_mean": 10.0,
        "mix_samples": 32768,
        "stage2_samples": 32768,
        "intv_targets": [
            0,
            1,
            2,
            3,
            4,
            5,
            6,
            7
        ]
    },
    "intv_args_dict": {
        "0": {
            "intv_type": "do",
            "inode": 0,
            "new_mui": 10.0,
            "true_params": {
                "Si": [
                    [
                        4.2121251437879515e-32,
                        -2.0425815140089615e-16,
                        -1.7396631573785793e-15,
                        1.2563699326484937e-14,
                        -1.2510026507237826e-14,
                        1.1582748155004554e-13,
                        1.7236501543651735e-14,
                        1.5242845551228952e-13
                    ],
                    [
                        -2.0425815140089615e-16,
                        1.000000000000004,
                        8.419084723379237,
                        -60.80191364639046,
                        60.45570487616535,
                        -560.5460898159768,
                        -83.52026598692127,
                        -738.5106376425887
                    ],
                    [
                        -1.7396631573785793e-15,
                        8.419084723379237,
                        71.88098757943737,
                        -519.118377260847,
                        517.0559237069064,
                        -4785.865428800654,
                        -712.0060741469741,
                        -6296.67946078508
                    ],
                    [
                        1.2563699326484937e-14,
                        -60.80191364639046,
                        -519.118377260847,
                        3750.028758294702,
                        -3734.1338941845747,
                        34572.33220297415,
                        5142.047295921926,
                        45474.083396560374
                    ],
                    [
                        -1.2510026507237826e-14,
                        60.45570487616535,
                        517.0559237069064,
                        -3734.1338941845747,
                        3721.085318515944,
                        -34425.793987468205,
                        -5120.667846106676,
                        -45285.81850213363
                    ],
                    [
                        1.1582748155004554e-13,
                        -560.5460898159768,
                        -4785.865428800654,
                        34572.33220297415,
                        -34425.793987468205,
                        318730.86342012277,
                        47405.65440326342,
                        419235.48301708413
                    ],
                    [
                        1.7236501543651735e-14,
                        -83.52026598692127,
                        -712.0060741469741,
                        5142.047295921926,
                        -5120.667846106676,
                        47405.65440326342,
                        7054.813649187164,
                        62387.95604863809
                    ],
                    [
                        1.5242845551228952e-13,
                        -738.5106376425887,
                        -6296.67946078508,
                        45474.083396560374,
                        -45285.81850213363,
                        419235.48301708413,
                        62387.95604863809,
                        551719.039116672
                    ]
                ],
                "mui": [
                    10.0,
                    -97.33704741374244,
                    -762.2983595577944,
                    5409.905243280739,
                    -5422.31108511751,
                    49973.17610753241,
                    7624.444721740742,
                    67365.41323507235
                ],
                "Ai": [
                    [
                        0.0,
                        0.0,
                        0.0,
                        0.0,
                        0.0,
                        0.0,
                        0.0,
                        0.0
                    ],
                    [
                        -9.783704741374244,
                        0.0,
                        0.0,
                        0.0,
                        0.0,
                        0.0,
                        0.0,
                        0.0
                    ],
                    [
                        5.669048934208355,
                        8.419084723379209,
                        0.0,
                        0.0,
                        0.0,
                        0.0,
                        0.0,
                        0.0
                    ],
                    [
                        -9.584865942788538,
                        0.0,
                        -7.22191492829946,
                        0.0,
                        0.0,
                        0.0,
                        0.0,
                        0.0
                    ],
                    [
                        -0.0,
                        -7.521857103782931,
                        8.07422234286099,
                        0.0,
                        0.0,
                        0.0,
                        0.0,
                        0.0
                    ],
                    [
                        9.75809249649896,
                        -0.0,
                        -0.0,
                        9.21921788639713,
                        0.0,
                        0.0,
                        0.0,
                        0.0
                    ],
                    [
                        -0.0,
                        -9.07974023317943,
                        -8.841878683917436,
                        -0.0,
                        -0.0,
                        0.0,
                        0.0,
                        0.0
                    ],
                    [
                        -0.0,
                        0.0,
                        -8.401515188395495,
                        0.0,
                        -0.0,
                        0.0,
                        7.995395627347488,
                        0.0
                    ]
                ]
            },
            "est_params": {
                "mui": [
                    10.0,
                    -97.3208998102151,
                    -762.1790721301825,
                    5409.055115217454,
                    -5421.488662085053,
                    49965.31730658204,
                    7623.241353274818,
                    67354.78298983327
                ],
                "Si": [
                    [
                        1e-06,
                        0.0,
                        0.0,
                        0.0,
                        0.0,
                        0.0,
                        0.0,
                        0.0
                    ],
                    [
                        0.0,
                        0.9662410110241401,
                        8.144148161178796,
                        -58.835876672420326,
                        58.495228465611184,
                        -542.4459093828411,
                        -80.79291663984863,
                        -714.4066272379931
                    ],
                    [
                        0.0,
                        8.144148161178796,
                        69.64054272333298,
                        -503.124550444083,
                        501.06014230737713,
                        -4638.6229598696455,
                        -689.7682113923782,
                        -6100.1809657458325
                    ],
                    [
                        0.0,
                        -58.835876672420326,
                        -503.124550444083,
                        3635.859703400302,
                        -3619.980250694725,
                        33521.287347748075,
                        4983.276674369945,
                        44071.19580848828
                    ],
                    [
                        0.0,
                        58.495228465611184,
                        501.06014230737713,
                        -3619.980250694725,
                        3606.831930058944,
                        -33374.87520628673,
                        -4961.900992983913,
                        -43882.942668943055
                    ],
                    [
                        0.0,
                        -542.4459093828411,
                        -4638.6229598696455,
                        33521.287347748075,
                        -33374.87520628673,
                        309054.8862047955,
                        45943.99253467721,
                        406320.3341068077
                    ],
                    [
                        0.0,
                        -80.79291663984863,
                        -689.7682113923782,
                        4983.276674369945,
                        -4961.900992983913,
                        45943.99253467721,
                        6834.079995639997,
                        60437.4797666765
                    ],
                    [
                        0.0,
                        -714.4066272379931,
                        -6100.1809657458325,
                        44071.19580848828,
                        -43882.942668943055,
                        406320.3341068077,
                        60437.4797666765,
                        534484.0781050824
                    ]
                ]
            },
            "est_tgt": [
                0,
                1,
                2,
                3
            ]
        },
        "1": {
            "intv_type": "do",
            "inode": 1,
            "new_mui": 10.0,
            "true_params": {
                "Si": [
                    [
                        1.0000000000000409,
                        -4.6953506433827065e-15,
                        5.669048934208534,
                        -50.52625507000964,
                        45.773161567358876,
                        -456.05446197759727,
                        -50.12504292946325,
                        -448.39814978334584
                    ],
                    [
                        -4.6953506433827065e-15,
                        2.2091288096707904e-29,
                        -2.6422532950462045e-14,
                        2.3581677689164903e-13,
                        -2.1333438508097012e-13,
                        2.1282281917420474e-12,
                        2.335438829806068e-13,
                        2.0892690365269035e-12
                    ],
                    [
                        5.669048934208534,
                        -2.6422532950462045e-14,
                        33.138115818449606,
                        -293.6577273824745,
                        267.56451514164127,
                        -2651.9754688960556,
                        -293.0031998803365,
                        -2621.086886485578
                    ],
                    [
                        -50.52625507000964,
                        2.3581677689164903e-13,
                        -293.6577273824745,
                        2606.058506631166,
                        -2371.057783585359,
                        23532.781326856584,
                        2596.4860001107363,
                        23227.102668547916
                    ],
                    [
                        45.773161567358876,
                        -2.1333438508097012e-13,
                        267.56451514164127,
                        -2371.057783585359,
                        2161.3753863134093,
                        -21412.6395836798,
                        -2365.7729830035796,
                        -21163.238301441816
                    ],
                    [
                        -456.05446197759727,
                        2.1282281917420474e-12,
                        -2651.9754688960556,
                        23532.781326856584,
                        -21412.6395836798,
                        212504.61690181014,
                        23448.445368703957,
                        209760.20975021456
                    ],
                    [
                        -50.12504292946325,
                        2.335438829806068e-13,
                        -293.0031998803365,
                        2596.4860001107363,
                        -2365.7729830035796,
                        23448.445368703957,
                        2591.6987473415447,
                        23183.327665939676
                    ],
                    [
                        -448.39814978334584,
                        2.0892690365269035e-12,
                        -2621.086886485578,
                        23227.102668547916,
                        -21163.238301441816,
                        209760.20975021456,
                        23183.327665939676,
                        207381.97793453097
                    ]
                ],
                "mui": [
                    0.5000000000001275,
                    9.999999999999941,
                    87.52537170089721,
                    -636.3932214630647,
                    631.9807407167683,
                    -5861.668723845925,
                    -864.1861206759072,
                    -7644.355670181586
                ],
                "Ai": [
                    [
                        0.0,
                        0.0,
                        0.0,
                        0.0,
                        0.0,
                        0.0,
                        0.0,
                        0.0
                    ],
                    [
                        0.0,
                        0.0,
                        0.0,
                        0.0,
                        0.0,
                        0.0,
                        0.0,
                        0.0
                    ],
                    [
                        5.669048934208355,
                        8.419084723379209,
                        0.0,
                        0.0,
                        0.0,
                        0.0,
                        0.0,
                        0.0
                    ],
                    [
                        -9.584865942788538,
                        0.0,
                        -7.22191492829946,
                        0.0,
                        0.0,
                        0.0,
                        0.0,
                        0.0
                    ],
                    [
                        -0.0,
                        -7.521857103782931,
                        8.07422234286099,
                        0.0,
                        0.0,
                        0.0,
                        0.0,
                        0.0
                    ],
                    [
                        9.75809249649896,
                        -0.0,
                        -0.0,
                        9.21921788639713,
                        0.0,
                        0.0,
                        0.0,
                        0.0
                    ],
                    [
                        -0.0,
                        -9.07974023317943,
                        -8.841878683917436,
                        -0.0,
                        -0.0,
                        0.0,
                        0.0,
                        0.0
                    ],
                    [
                        -0.0,
                        0.0,
                        -8.401515188395495,
                        0.0,
                        -0.0,
                        0.0,
                        7.995395627347488,
                        0.0
                    ]
                ]
            },
            "est_params": {
                "mui": [
                    0.5112146447173377,
                    9.99999999999996,
                    87.5952328803817,
                    -637.0118685754925,
                    632.5380927428095,
                    -5867.256833974812,
                    -864.8301660454046,
                    -7650.071347449183
                ],
                "Si": [
                    [
                        1.000992606413286,
                        -4.700805089975794e-15,
                        5.689900384444228,
                        -50.674632414358015,
                        45.92395848866923,
                        -457.40879625202143,
                        -50.31396042315788,
                        -450.06980711047044
                    ],
                    [
                        -4.700805089975794e-15,
                        1e-06,
                        -2.6724438837097615e-14,
                        2.380125612834756e-13,
                        -2.1569221856348143e-13,
                        2.1483985059349506e-12,
                        2.3631223541992395e-13,
                        2.113864542974452e-12
                    ],
                    [
                        5.689900384444228,
                        -2.672443883709761e-14,
                        33.33418671685906,
                        -295.19004474128275,
                        269.0342668502317,
                        -2665.889978720654,
                        -294.7710273848808,
                        -2636.7941681333987
                    ],
                    [
                        -50.674632414358015,
                        2.380125612834756e-13,
                        -295.19004474128275,
                        2617.8167696904607,
                        -2382.4736237752295,
                        23639.610699123914,
                        2610.3321315487738,
                        23350.01841301864
                    ],
                    [
                        45.92395848866923,
                        -2.1569221856348143e-13,
                        269.0342668502317,
                        -2382.4736237752295,
                        2172.335082032763,
                        -21516.32911186781,
                        -2379.0411173864018,
                        -21281.056357550122
                    ],
                    [
                        -457.40879625202143,
                        2.1483985059349506e-12,
                        -2665.889978720654,
                        23639.610699123914,
                        -21516.32911186781,
                        213475.1556994811,
                        23574.159105492046,
                        210876.23480921
                    ],
                    [
                        -50.31396042315789,
                        2.3631223541992395e-13,
                        -294.77102738488077,
                        2610.3321315487733,
                        -2379.0411173864018,
                        23574.159105492046,
                        2607.6121604494997,
                        23324.757672163138
                    ],
                    [
                        -450.06980711047044,
                        2.113864542974452e-12,
                        -2636.7941681333987,
                        23350.01841301864,
                        -21281.056357550122,
                        210876.23480920997,
                        23324.757672163138,
                        208638.87269580635
                    ]
                ]
            },
            "est_tgt": [
                1,
                2
            ]
        },
        "2": {
            "intv_type": "do",
            "inode": 2,
            "new_mui": 10.0,
            "true_params": {
                "Si": [
                    [
                        1.0000000000000027,
                        -9.783704741374269,
                        3.5025192412938256e-16,
                        -9.584865942788468,
                        73.5916290102208,
                        -78.60687504197517,
                        88.83349756980431,
                        710.2589580315971
                    ],
                    [
                        -9.783704741374269,
                        96.72087846638911,
                        -2.7388999430914848e-15,
                        93.77549836989603,
                        -727.5206267765345,
                        769.0664560527852,
                        -878.2004515997312,
                        -7021.56005065508
                    ],
                    [
                        3.5025192412938256e-16,
                        -2.7388999430914848e-15,
                        6.708884921210487e-31,
                        -3.3571177389838517e-15,
                        2.0601613993493357e-14,
                        -2.753220923324977e-14,
                        2.4594531610065976e-14,
                        1.966430104917811e-13
                    ],
                    [
                        -9.584865942788468,
                        93.77549836989603,
                        -3.3571177389838517e-15,
                        92.86965514122603,
                        -705.3658985743872,
                        762.6555773452519,
                        -851.4571654355972,
                        -6807.736897397461
                    ],
                    [
                        73.5916290102208,
                        -727.5206267765345,
                        2.0601613993493357e-14,
                        -705.3658985743872,
                        5473.306194667686,
                        -5784.807985741805,
                        6605.698305410817,
                        52815.17134665836
                    ],
                    [
                        -78.60687504197517,
                        769.0664560527852,
                        -2.753220923324977e-14,
                        762.6555773452519,
                        -5784.807985741805,
                        6265.034782301548,
                        -6982.923643011194,
                        -55831.23716143309
                    ],
                    [
                        88.83349756980431,
                        -878.2004515997312,
                        2.4594531610065976e-14,
                        -851.4571654355972,
                        6605.698305410817,
                        -6982.923643011194,
                        7974.831973186426,
                        63761.93668724568
                    ],
                    [
                        710.2589580315971,
                        -7021.56005065508,
                        1.966430104917811e-13,
                        -6807.736897397461,
                        52815.17134665836,
                        -55831.23716143309,
                        63761.93668724568,
                        509802.9097804116
                    ]
                ],
                "mui": [
                    0.5000000000000001,
                    -4.391852370687122,
                    10.000000000000007,
                    -76.51158225438893,
                    114.27710938182882,
                    -699.9979013879582,
                    -48.04190817086209,
                    -467.62921440269537
                ],
                "Ai": [
                    [
                        0.0,
                        0.0,
                        0.0,
                        0.0,
                        0.0,
                        0.0,
                        0.0,
                        0.0
                    ],
                    [
                        -9.783704741374244,
                        0.0,
                        0.0,
                        0.0,
                        0.0,
                        0.0,
                        0.0,
                        0.0
                    ],
                    [
                        0.0,
                        0.0,
                        0.0,
                        0.0,
                        0.0,
                        0.0,
                        0.0,
                        0.0
                    ],
                    [
                        -9.584865942788538,
                        0.0,
                        -7.22191492829946,
                        0.0,
                        0.0,
                        0.0,
                        0.0,
                        0.0
                    ],
                    [
                        -0.0,
                        -7.521857103782931,
                        8.07422234286099,
                        0.0,
                        0.0,
                        0.0,
                        0.0,
                        0.0
                    ],
                    [
                        9.75809249649896,
                        -0.0,
                        -0.0,
                        9.21921788639713,
                        0.0,
                        0.0,
                        0.0,
                        0.0
                    ],
                    [
                        -0.0,
                        -9.07974023317943,
                        -8.841878683917436,
                        -0.0,
                        -0.0,
                        0.0,
                        0.0,
                        0.0
                    ],
                    [
                        -0.0,
                        0.0,
                        -8.401515188395495,
                        0.0,
                        -0.0,
                        0.0,
                        7.995395627347488,
                        0.0
                    ]
                ]
            },
            "est_params": {
                "mui": [
                    0.5221320263459136,
                    -4.6187104490239825,
                    10.000000000000009,
                    -76.76607216177187,
                    116.0041937913296,
                    -702.1237043857531,
                    -45.96526752154044,
                    -451.0115487701059
                ],
                "Si": [
                    [
                        1.0520798513193537,
                        -10.30454901063985,
                        3.532176210585286e-16,
                        -10.125254446192884,
                        77.50238433435146,
                        -83.04201954372547,
                        93.55813819364005,
                        748.0203391857237
                    ],
                    [
                        -10.30454901063985,
                        101.91301914193485,
                        -2.8083968457594354e-15,
                        99.15746635430816,
                        -766.5253509602265,
                        813.2383381522886,
                        -925.3054282352435,
                        -7398.081294303743
                    ],
                    [
                        3.532176210585286e-16,
                        -2.8083968457594354e-15,
                        1e-06,
                        -3.4015580466248605e-15,
                        2.111947812887975e-14,
                        -2.7888328739579297e-14,
                        2.5474823695888255e-14,
                        2.0364985098464165e-13
                    ],
                    [
                        -10.125254446192884,
                        99.15746635430816,
                        -3.4015580466248617e-15,
                        98.46703447980956,
                        -745.7485318942736,
                        808.5830590382409,
                        -900.2967922896729,
                        -7198.086296789038
                    ],
                    [
                        77.50238433435146,
                        -766.5253509602264,
                        2.111947812887975e-14,
                        -745.7485318942735,
                        5766.37537826713,
                        -6116.171395287856,
                        6959.577176005789,
                        55643.84664694151
                    ],
                    [
                        -83.04201954372547,
                        813.2383381522886,
                        -2.7888328739579297e-14,
                        808.5830590382409,
                        -6116.171395287856,
                        6641.79639821179,
                        -7383.736323931909,
                        -59034.70775559683
                    ],
                    [
                        93.55813819364005,
                        -925.3054282352435,
                        2.547482369588825e-14,
                        -900.2967922896729,
                        6959.5771760057905,
                        -7383.736323931909,
                        8402.154301038057,
                        67177.61010761322
                    ],
                    [
                        748.0203391857237,
                        -7398.081294303743,
                        2.0364985098464168e-13,
                        -7198.086296789038,
                        55643.84664694151,
                        -59034.70775559683,
                        67177.61010761322,
                        537105.1204640843
                    ]
                ]
            },
            "est_tgt": [
                2,
                3
            ]
        },
        "3": {
            "intv_type": "do",
            "inode": 3,
            "new_mui": 10.0,
            "true_params": {
                "Si": [
                    [
                        1.0,
                        -9.783704741374244,
                        -76.7007901919484,
                        -1.0737677657396414e-15,
                        -545.7076048727023,
                        9.758092496498964,
                        767.0125794076162,
                        6776.971877275763
                    ],
                    [
                        -9.783704741374244,
                        96.72087846638887,
                        758.8369693914959,
                        1.058972418290398e-14,
                        5399.497786073205,
                        -95.47029582476534,
                        -7587.744875830904,
                        -67042.40252550539
                    ],
                    [
                        -76.7007901919484,
                        758.8369693914959,
                        5954.892203648726,
                        8.307721533584275e-14,
                        42373.260431198716,
                        -748.453405247593,
                        -59542.4770018757,
                        -526095.7775564481
                    ],
                    [
                        -1.0737677657396414e-15,
                        1.058972418290398e-14,
                        8.307721533584275e-14,
                        1.1601584746750615e-30,
                        5.911295161750572e-13,
                        -1.0477925177846452e-14,
                        -8.307106041189933e-13,
                        -7.339834418217875e-12
                    ],
                    [
                        -545.7076048727023,
                        5399.497786073205,
                        42373.260431198716,
                        5.911295161750572e-13,
                        301517.87533441733,
                        -5325.065284390737,
                        -423685.2654618703,
                        -3743530.9099399513
                    ],
                    [
                        9.758092496498964,
                        -95.47029582476534,
                        -748.453405247593,
                        -1.0477925177846452e-14,
                        -5325.065284390737,
                        96.22036917022939,
                        7484.579695837775,
                        66130.31842462912
                    ],
                    [
                        767.0125794076162,
                        -7587.744875830904,
                        -59542.4770018757,
                        -8.307106041189933e-13,
                        -423685.2654618703,
                        7484.579695837775,
                        595363.1106187119,
                        5260410.636210796
                    ],
                    [
                        6776.971877275763,
                        -67042.40252550539,
                        -526095.7775564481,
                        -7.339834418217875e-12,
                        -3743530.9099399513,
                        66130.31842462912,
                        5260410.636210796,
                        46479066.86450325
                    ]
                ],
                "mui": [
                    0.4999999999999999,
                    -4.391852370687121,
                    -33.64085273428459,
                    10.0,
                    -238.088838826838,
                    97.57122511222079,
                    337.8252173683888,
                    2984.1804009525986
                ],
                "Ai": [
                    [
                        0.0,
                        0.0,
                        0.0,
                        0.0,
                        0.0,
                        0.0,
                        0.0,
                        0.0
                    ],
                    [
                        -9.783704741374244,
                        0.0,
                        0.0,
                        0.0,
                        0.0,
                        0.0,
                        0.0,
                        0.0
                    ],
                    [
                        5.669048934208355,
                        8.419084723379209,
                        0.0,
                        0.0,
                        0.0,
                        0.0,
                        0.0,
                        0.0
                    ],
                    [
                        0.0,
                        0.0,
                        0.0,
                        0.0,
                        0.0,
                        0.0,
                        0.0,
                        0.0
                    ],
                    [
                        -0.0,
                        -7.521857103782931,
                        8.07422234286099,
                        0.0,
                        0.0,
                        0.0,
                        0.0,
                        0.0
                    ],
                    [
                        9.75809249649896,
                        -0.0,
                        -0.0,
                        9.21921788639713,
                        0.0,
                        0.0,
                        0.0,
                        0.0
                    ],
                    [
                        -0.0,
                        -9.07974023317943,
                        -8.841878683917436,
                        -0.0,
                        -0.0,
                        0.0,
                        0.0,
                        0.0
                    ],
                    [
                        -0.0,
                        0.0,
                        -8.401515188395495,
                        0.0,
                        -0.0,
                        0.0,
                        7.995395627347488,
                        0.0
                    ]
                ]
            },
            "est_params": {
                "mui": [
                    0.517940773155072,
                    -4.563010020466697,
                    -34.982373939627315,
                    9.999999999999998,
                    -247.66041455788329,
                    97.74676665438679,
                    351.23200964397375,
                    3102.6734406633036
                ],
                "Si": [
                    [
                        1.0025404926981278,
                        -9.816185511060626,
                        -76.94632908809152,
                        -1.0638921899032859e-15,
                        -547.4808025551876,
                        9.765967265408166,
                        769.4731342926059,
                        6798.709415829939
                    ],
                    [
                        -9.816185511060626,
                        97.04723291408527,
                        761.2548444788995,
                        1.0498723919677124e-14,
                        5416.899919658847,
                        -95.6243050226491,
                        -7612.024490546004,
                        -67256.86391021217
                    ],
                    [
                        -76.94632908809152,
                        761.2548444788995,
                        5972.734455960389,
                        8.235395316163655e-14,
                        42501.76177788358,
                        -749.5432699743624,
                        -59721.70548312225,
                        -527678.8253470131
                    ],
                    [
                        -1.0638921899032859e-15,
                        1.0498723919677124e-14,
                        8.235395316163655e-14,
                        1e-06,
                        5.860102517628689e-13,
                        -1.0363392759918887e-14,
                        -8.234767301916847e-13,
                        -7.2759231399385944e-12
                    ],
                    [
                        -547.4808025551876,
                        5416.899919658847,
                        42501.76177788358,
                        5.860102517628689e-13,
                        302443.20184471575,
                        -5333.027913708907,
                        -424976.02033008845,
                        -3754931.614050756
                    ],
                    [
                        9.765967265408166,
                        -95.6243050226491,
                        -749.5432699743624,
                        -1.0363392759918887e-14,
                        -5333.027913708907,
                        96.15548387224645,
                        7495.533579132633,
                        66227.0763538678
                    ],
                    [
                        769.4731342926059,
                        -7612.024490546004,
                        -59721.70548312225,
                        -8.234767301916847e-13,
                        -424976.02033008845,
                        7495.533579132633,
                        597163.4658519268,
                        5276312.468926373
                    ],
                    [
                        6798.709415829939,
                        -67256.86391021217,
                        -527678.8253470131,
                        -7.2759231399385944e-12,
                        -3754931.614050756,
                        66227.0763538678,
                        5276312.468926373,
                        46619521.39134895
                    ]
                ]
            },
            "est_tgt": [
                3,
                5
            ]
        },
        "4": {
            "intv_type": "do",
            "inode": 4,
            "new_mui": 10.0,
            "true_params": {
