{
    "expt_args": {
        "save_dir": "expt_logs_29.04.24-8",
        "exp_name": "170",
        "num_nodes": 4,
        "obs_noise_mean": 0.5,
        "obs_noise_var": 1.0,
        "max_edge_strength": 10.0,
        "num_parents": 2,
        "new_noise_mean": 10.0,
        "mix_samples": 4096,
        "stage2_samples": 4096,
        "intv_targets": [
            0,
            1,
            2,
            3
        ]
    },
    "intv_args_dict": {
        "0": {
            "intv_type": "do",
            "inode": 0,
            "new_mui": 10.0,
            "true_params": {
                "Si": [
                    [
                        3.736392672233769e-32,
                        -5.882618424935982e-32,
                        -1.928968302778677e-16,
                        1.9068509905691293e-15
                    ],
                    [
                        -5.882618424935982e-32,
                        0.9999999999999969,
                        -5.811559316496615,
                        57.07447394538325
                    ],
                    [
                        -1.928968302778677e-16,
                        -5.811559316496615,
                        34.77422168915869,
                        -341.5125445136675
                    ],
                    [
                        1.9068509905691293e-15,
                        57.07447394538325,
                        -341.5125445136675,
                        3354.9447439757027
                    ]
                ],
                "mui": [
                    10.000000000000044,
                    -77.93373663511967,
                    533.7722884104584,
                    -5149.511124356702
                ],
                "Ai": [
                    [
                        0.0,
                        0.0,
                        0.0,
                        0.0
                    ],
                    [
                        -7.843373663511987,
                        0.0,
                        0.0,
                        0.0
                    ],
                    [
                        8.035575519923349,
                        -5.811559316496643,
                        0.0,
                        0.0
                    ],
                    [
                        9.208844110301884,
                        0.0,
                        -9.82085372223121,
                        0.0
                    ]
                ]
            },
            "est_params": {
                "mui": [
                    10.000000000000014,
                    -77.96653732803031,
                    533.9806531618316,
                    -5151.536687236717
                ],
                "Si": [
                    [
                        1e-06,
                        7.105180595713705e-28,
                        2.0505529007098792e-27,
                        -3.549162846519687e-26
                    ],
                    [
                        7.105180595713705e-28,
                        0.9351221692091202,
                        -5.493122526789254,
                        53.93951415849148
                    ],
                    [
                        2.0505529007098792e-27,
                        -5.493122526789254,
                        33.29723407230954,
                        -326.9613455076845
                    ],
                    [
                        -3.549162846519687e-26,
                        53.93951415849148,
                        -326.9613455076845,
                        3211.6303045891214
                    ]
                ]
            },
            "est_tgt": [
                0
            ]
        },
        "1": {
            "intv_type": "do",
            "inode": 1,
            "new_mui": 10.0,
            "true_params": {
                "Si": [
                    [
                        0.9999999999999964,
                        0.0,
                        8.03557551992332,
                        -69.70736764480706
                    ],
                    [
                        0.0,
                        9.342757473214852e-32,
                        3.056592461093697e-16,
                        -3.0018347448875885e-15
                    ],
                    [
                        8.03557551992332,
                        3.056592461093697e-16,
                        65.57047393639117,
                        -569.9596707271397
                    ],
                    [
                        -69.70736764480706,
                        -3.0018347448875885e-15,
                        -569.9596707271397,
                        4956.566271801775
                    ]
                ],
                "mui": [
                    0.5000000000000068,
                    9.999999999999996,
                    -53.597805405004664,
                    531.480628770315
                ],
                "Ai": [
                    [
                        0.0,
                        0.0,
                        0.0,
                        0.0
                    ],
                    [
                        0.0,
                        0.0,
                        0.0,
                        0.0
                    ],
                    [
                        8.035575519923349,
                        -5.811559316496643,
                        0.0,
                        0.0
                    ],
                    [
                        9.208844110301884,
                        0.0,
                        -9.82085372223121,
                        0.0
                    ]
                ]
            },
            "est_params": {
                "mui": [
                    1.67950094776593,
                    -12.78503295651827,
                    88.38018480744249,
                    -852.0741080232244
                ],
                "Si": [
                    [
                        0.367674753643304,
                        -2.7628185508778604,
                        18.895439823763944,
                        -182.01045221346376
                    ],
                    [
                        -2.7628185508778595,
                        21.869162711824696,
                        -148.62594518966296,
                        1432.7785394863074
                    ],
                    [
                        18.895439823763944,
                        -148.62594518966296,
                        1011.3067122022741,
                        -9748.300503964943
                    ],
                    [
                        -182.01045221346376,
                        1432.7785394863076,
                        -9748.300503964943,
                        93968.77361130143
                    ]
                ]
            },
            "est_tgt": [
                0,
                1,
                2,
                3
            ]
        },
        "2": {
            "intv_type": "do",
            "inode": 2,
            "new_mui": 10.0,
            "true_params": {
                "Si": [
                    [
                        1.0,
                        -7.843373663511987,
                        -2.082073728131681e-16,
                        9.208844110301886
                    ],
                    [
                        -7.843373663511987,
                        62.51851042547345,
                        1.6330482244718244e-15,
                        -72.2284053661293
                    ],
                    [
                        -2.082073728131681e-16,
                        1.6330482244718244e-15,
                        4.335031009376157e-32,
                        -1.917349238851972e-15
                    ],
                    [
                        9.208844110301886,
                        -72.2284053661293,
                        -1.917349238851972e-15,
                        85.80280984784173
                    ]
                ],
                "mui": [
                    0.5,
                    -3.4216868317559936,
                    10.000000000000002,
                    -93.10411516716117
                ],
                "Ai": [
                    [
                        0.0,
                        0.0,
                        0.0,
                        0.0
                    ],
                    [
                        -7.843373663511987,
                        0.0,
                        0.0,
                        0.0
                    ],
                    [
                        0.0,
                        0.0,
                        0.0,
                        0.0
                    ],
                    [
                        9.208844110301884,
                        0.0,
                        -9.82085372223121,
                        0.0
                    ]
                ]
            },
            "est_params": {
                "mui": [
                    0.49818737760614085,
                    9.999999999999995,
                    -53.669984307530136,
                    532.1374707368506
                ],
                "Si": [
                    [
                        0.966998023394839,
                        -3.7367772434208584e-18,
                        7.788907983362084,
                        -67.56140629388528
                    ],
                    [
                        -3.736777243420851e-18,
                        1e-06,
                        6.0914373160736726e-18,
                        -9.578669706597318e-17
                    ],
                    [
                        7.788907983362084,
                        6.09143731607358e-18,
                        63.822877354295734,
                        -554.8055187232068
                    ],
                    [
                        -67.56140629388528,
                        -9.578669706597392e-17,
                        -554.8055187232068,
                        4825.141875564332
                    ]
                ]
            },
            "est_tgt": [
                1,
                2
            ]
        },
        "3": {
            "intv_type": "do",
            "inode": 3,
            "new_mui": 10.0,
            "true_params": {
                "Si": [
                    [
                        1.0,
                        -7.843373663511986,
                        53.61780680687084,
                        0.0
                    ],
                    [
                        -7.843373663511986,
                        62.51851042547344,
                        -426.3560531207811,
                        0.0
                    ],
                    [
                        53.61780680687084,
                        -426.3560531207811,
                        2909.6434284680836,
                        0.0
                    ],
                    [
                        0.0,
                        0.0,
                        0.0,
                        0.0
                    ]
                ],
                "mui": [
                    0.5,
                    -3.421686831755993,
                    24.4031237451871,
                    10.0
                ],
                "Ai": [
                    [
                        0.0,
                        0.0,
                        0.0,
                        0.0
                    ],
                    [
                        -7.843373663511987,
                        0.0,
                        0.0,
                        0.0
                    ],
                    [
                        8.035575519923349,
                        -5.811559316496643,
                        0.0,
                        0.0
                    ],
                    [
                        0.0,
                        0.0,
                        0.0,
                        0.0
                    ]
                ]
            },
            "est_params": {
                "mui": [
                    0.5295229709567195,
                    -3.6443102444654714,
                    16.80927253055477,
                    -39.58109102887026
                ],
                "Si": [
                    [
                        0.9897500516438693,
                        -7.74715654212733,
                        26.269542239354852,
                        1.8624903330267077
                    ],
                    [
                        -7.74715654212733,
                        61.625260267479646,
                        -208.7088976109332,
                        -14.457224256456998
                    ],
                    [
                        26.269542239354852,
                        -208.7088976109332,
                        1486.0941675821284,
                        337.6045181747903
                    ],
                    [
                        1.8624903330267082,
                        -14.457224256456998,
                        337.6045181747903,
                        2655.9760843832546
                    ]
                ]
            },
            "est_tgt": [
                2,
                3
            ]
        },
        "obs": {
            "intv_type": "obs",
            "true_params": {
                "Si": [
                    [
                        1.0000000000000089,
                        -7.8433736635120015,
                        53.61780680687091,
                        -517.3637934468301
                    ],
                    [
                        -7.8433736635120015,
                        62.51851042547313,
                        -426.3560531207787,
                        4114.9520259208775
                    ],
                    [
                        53.61780680687091,
                        -426.3560531207787,
                        2909.6434284680654,
                        -28081.42447041542
                    ],
                    [
                        -517.3637934468301,
                        4114.9520259208775,
                        -28081.42447041542,
                        271020.2395136676
                    ]
                ],
                "mui": [
                    0.5000000000000021,
                    -3.4216868317559843,
                    24.403123745187017,
                    -234.55508661183782
                ],
                "Ai": [
                    [
                        0.0,
                        0.0,
                        0.0,
                        0.0
                    ],
                    [
                        -7.843373663511987,
                        0.0,
                        0.0,
                        0.0
                    ],
                    [
                        8.035575519923349,
                        -5.811559316496643,
                        0.0,
                        0.0
                    ],
                    [
                        9.208844110301884,
                        0.0,
                        -9.82085372223121,
                        0.0
                    ]
                ]
            },
            "est_params": {
                "mui": [
                    0.3030371602428189,
                    -1.870565182425976,
                    13.828044116355324,
                    -132.4854309255524
                ],
                "Si": [
                    [
                        0.7578828520594795,
                        -5.950105131821815,
                        40.64161956169595,
                        -392.17475652143736
                    ],
                    [
                        -5.950105131821815,
                        47.63709232915263,
                        -324.47591618188864,
                        3132.0042043564267
                    ],
                    [
                        40.64161956169595,
                        -324.4759161818886,
                        2212.363960288446,
                        -21354.119544141122
                    ],
                    [
                        -392.17475652143736,
                        3132.0042043564267,
                        -21354.11954414112,
                        206115.65348706077
                    ]
                ]
            }
        }
    },
    "metric_dict": {
        "param_est_rel_err": 49.63173397385066,
        "est_dag": {
            "amat": [
                [
                    0,
                    1,
                    1,
                    1
                ],
                [
                    0,
                    0,
                    0,
                    0
                ],
                [
                    0,
                    0,
                    0,
                    1
                ],
                [
                    0,
                    0,
                    0,
                    0
                ]
            ],
            "nodes": [
                0,
                1,
                2,
                3
            ]
        },
        "act_dag": {
            "amat": [
                [
                    0,
                    1,
                    1,
                    1
                ],
                [
                    0,
                    0,
                    1,
                    0
                ],
                [
                    0,
                    0,
                    0,
                    1
                ],
                [
                    0,
                    0,
                    0,
                    0
                ]
            ],
            "nodes": [
                0,
                1,
                2,
                3
            ]
        },
        "shd": 1,
        "avg_js": 0.5625
    }
}