{
    "expt_args": {
        "save_dir": "expt_logs_29.04.24-8",
        "exp_name": "156",
        "num_nodes": 6,
        "obs_noise_mean": 0.5,
        "obs_noise_var": 1.0,
        "max_edge_strength": 10.0,
        "num_parents": 2,
        "new_noise_mean": 10.0,
        "mix_samples": 16384,
        "stage2_samples": 16384,
        "intv_targets": [
            0,
            1,
            2,
            3,
            4,
            5
        ]
    },
    "intv_args_dict": {
        "0": {
            "intv_type": "do",
            "inode": 0,
            "new_mui": 10.0,
            "true_params": {
                "Si": [
                    [
                        1.2686979610800592e-34,
                        -1.1153067313939733e-17,
                        7.824735785381492e-17,
                        6.464084767354624e-16,
                        1.105442546416742e-16,
                        4.277333234216911e-15
                    ],
                    [
                        -1.1153067313939733e-17,
                        0.9999999999999998,
                        -6.875693122108374,
                        -56.783560639235624,
                        -9.911556303754189,
                        -375.5727662008212
                    ],
                    [
                        7.824735785381492e-17,
                        -6.875693122108374,
                        48.27515590940841,
                        398.68493172508977,
                        68.14881950711259,
                        2638.154397939881
                    ],
                    [
                        6.464084767354624e-16,
                        -56.783560639235624,
                        398.68493172508977,
                        3293.577140152987,
                        562.8134584034243,
                        21794.207497560958
                    ],
                    [
                        1.105442546416742e-16,
                        -9.911556303754189,
                        68.14881950711259,
                        562.8134584034243,
                        99.23894836248944,
                        3722.510618356149
                    ],
                    [
                        4.277333234216911e-15,
                        -375.5727662008212,
                        2638.154397939881,
                        21794.207497560958,
                        3722.510618356149,
                        144218.74103210375
                    ]
                ],
                "mui": [
                    10.0,
                    100.04418756511376,
                    -740.0216120711401,
                    -6014.942636924219,
                    -1073.6009761202226,
                    -39831.86583049348
                ],
                "Ai": [
                    [
                        0.0,
                        0.0,
                        0.0,
                        0.0,
                        0.0,
                        0.0
                    ],
                    [
                        9.954418756511377,
                        0.0,
                        0.0,
                        0.0,
                        0.0,
                        0.0
                    ],
                    [
                        -5.264847972276713,
                        -6.875693122108375,
                        0.0,
                        0.0,
                        0.0,
                        0.0
                    ],
                    [
                        9.609569631964032,
                        -0.0,
                        8.258594389073522,
                        0.0,
                        0.0,
                        0.0
                    ],
                    [
                        -8.250737820525258,
                        -9.911556303754192,
                        -0.0,
                        0.0,
                        0.0,
                        0.0
                    ],
                    [
                        0.0,
                        8.306205302763352,
                        0.0,
                        6.760389225016941,
                        0.0,
                        0.0
                    ]
                ]
            },
            "est_params": {
                "mui": [
                    10.0,
                    100.02944489687034,
                    -739.9016204444346,
                    -6013.976086798546,
                    -1073.441660940635,
                    -39825.464119216886
                ],
                "Si": [
                    [
                        1e-06,
                        0.0,
                        0.0,
                        0.0,
                        0.0,
                        0.0
                    ],
                    [
                        0.0,
                        0.9250119702299991,
                        -6.3604745635732405,
                        -52.5138089522609,
                        -9.172025673042803,
                        -347.31253241070146
                    ],
                    [
                        0.0,
                        -6.3604745635732405,
                        44.732112646831446,
                        369.3196153090524,
                        63.061981457670385,
                        2443.787018167459
                    ],
                    [
                        0.0,
                        -52.5138089522609,
                        369.3196153090524,
                        3050.2156785025186,
                        520.6684198710549,
                        20183.43649497784
                    ],
                    [
                        0.0,
                        -9.172025673042803,
                        63.061981457670385,
                        520.6684198710549,
                        91.92120258140375,
                        3443.5758470611017
                    ],
                    [
                        0.0,
                        -347.31253241070146,
                        2443.787018167459,
                        20183.43649497784,
                        3443.5758470611017,
                        133557.2978057093
                    ]
                ]
            },
            "est_tgt": [
                0
            ]
        },
        "1": {
            "intv_type": "do",
            "inode": 1,
            "new_mui": 10.0,
            "true_params": {
                "Si": [
                    [
                        0.9999999999999931,
                        2.1506493450205156e-15,
                        -5.264847972276694,
                        -33.870674291205454,
                        -8.250737820525222,
                        -228.97894152232362
                    ],
                    [
                        2.1506493450205156e-15,
                        5.664927347137279e-30,
                        -1.2308556126343959e-14,
                        -8.123202083330217e-14,
                        -1.7826685041108692e-14,
                        -5.491593055247188e-13
                    ],
                    [
                        -5.264847972276694,
                        -1.2308556126343959e-14,
                        28.718624171186224,
                        186.58254525077226,
                        43.438880284179156,
                        1261.3706284895563
                    ],
                    [
                        -33.870674291205454,
                        -8.123202083330217e-14,
                        186.58254525077226,
                        1216.4269582241714,
                        279.4580533811422,
                        8223.519701398822
                    ],
                    [
                        -8.250737820525222,
                        -1.7826685041108692e-14,
                        43.438880284179156,
                        279.4580533811422,
                        69.07467458304576,
                        1889.2452129220821
                    ],
                    [
                        -228.97894152232362,
                        -5.491593055247188e-13,
                        1261.3706284895563,
                        8223.519701398822,
                        1889.2452129220821,
                        55595.19398105112
                    ]
                ],
                "mui": [
                    0.4999999999998809,
                    10.00000000000009,
                    -70.88935520722207,
                    -580.1416463434231,
                    -102.74093194780444,
                    -3838.421281896032
                ],
                "Ai": [
                    [
                        0.0,
                        0.0,
                        0.0,
                        0.0,
                        0.0,
                        0.0
                    ],
                    [
                        0.0,
                        0.0,
                        0.0,
                        0.0,
                        0.0,
                        0.0
                    ],
                    [
                        -5.264847972276713,
                        -6.875693122108375,
                        0.0,
                        0.0,
                        0.0,
                        0.0
                    ],
                    [
                        9.609569631964032,
                        -0.0,
                        8.258594389073522,
                        0.0,
                        0.0,
                        0.0
                    ],
                    [
                        -8.250737820525258,
                        -9.911556303754192,
                        -0.0,
                        0.0,
                        0.0,
                        0.0
                    ],
                    [
                        0.0,
                        8.306205302763352,
                        0.0,
                        6.760389225016941,
                        0.0,
                        0.0
                    ]
                ]
            },
            "est_params": {
                "mui": [
                    0.5191855078818668,
                    9.999999657278236,
                    -71.01670237776229,
                    -580.9656283580048,
                    -102.9152390333855,
                    -3843.983324649965
                ],
                "Si": [
                    [
                        0.985431172426316,
                        -1.711332974455961e-07,
                        -5.211272177891724,
                        -33.53388618865493,
                        -8.15200144144673,
                        -226.73030031825138
                    ],
                    [
                        -1.711332974455961e-07,
                        1.000144198586509e-06,
                        6.249085960587844e-07,
                        3.929790310723688e-06,
                        1.419605087757541e-06,
                        2.7020072097484533e-05
                    ],
                    [
                        -5.211272177891724,
                        6.249085960587844e-07,
                        28.597913029976066,
                        185.9483323398085,
                        43.10764215292949,
                        1257.223113863451
                    ],
                    [
                        -33.53388618865493,
                        3.929790310723688e-06,
                        185.9483323398085,
                        1213.5283261743432,
                        277.36426029709486,
                        8204.793639932857
                    ],
                    [
                        -8.15200144144673,
                        1.419605087757541e-06,
                        43.10764215292949,
                        277.36426029709486,
                        68.44066042767771,
                        1875.3319707588585
                    ],
                    [
                        -226.73030031825138,
                        2.7020072097484533e-05,
                        1257.223113863451,
                        8204.793639932857,
                        1875.3319707588585,
                        55474.46326377813
                    ]
                ]
            },
            "est_tgt": [
                1
            ]
        },
        "2": {
            "intv_type": "do",
            "inode": 2,
            "new_mui": 10.0,
            "true_params": {
                "Si": [
                    [
                        1.0,
                        9.954418756511377,
                        2.1509190979889356e-16,
                        9.609569631964034,
                        -106.91451979683455,
                        147.64787685824143
                    ],
                    [
                        9.954418756511377,
                        100.0904527799855,
                        2.133160816792899e-15,
                        95.6576801864249,
                        -1074.183457512771,
                        1478.055000059524
                    ],
                    [
                        2.1509190979889356e-16,
                        2.133160816792899e-15,
                        4.6341258853487003e-32,
                        2.0669406844845945e-15,
                        -2.2921279432337906e-14,
                        3.1691795220230976e-14
                    ],
                    [
                        9.609569631964034,
                        95.6576801864249,
                        2.0669406844845945e-15,
                        93.34382851156538,
                        -1027.402522655679,
                        1425.592942905939
                    ],
                    [
                        -106.91451979683455,
                        -1074.183457512771,
                        -2.2921279432337906e-14,
                        -1027.402522655679,
                        11529.953491750219,
                        -15868.029274849925
                    ],
                    [
                        147.64787685824143,
                        1478.055000059524,
                        3.1691795220230976e-14,
                        1425.592942905939,
                        -15868.029274849925,
                        21915.591449751806
                    ]
                ],
                "mui": [
                    0.5,
                    5.477209378255688,
                    10.0,
                    87.89072870671724,
                    -57.913038050294375,
                    640.1703609097909
                ],
                "Ai": [
                    [
                        0.0,
                        0.0,
                        0.0,
                        0.0,
                        0.0,
                        0.0
                    ],
                    [
                        9.954418756511377,
                        0.0,
                        0.0,
                        0.0,
                        0.0,
                        0.0
                    ],
                    [
                        0.0,
                        0.0,
                        0.0,
                        0.0,
                        0.0,
                        0.0
                    ],
                    [
                        9.609569631964032,
                        -0.0,
                        8.258594389073522,
                        0.0,
                        0.0,
                        0.0
                    ],
                    [
                        -8.250737820525258,
                        -9.911556303754192,
                        -0.0,
                        0.0,
                        0.0,
                        0.0
                    ],
                    [
                        0.0,
                        8.306205302763352,
                        0.0,
                        6.760389225016941,
                        0.0,
                        0.0
                    ]
                ]
            },
            "est_params": {
                "mui": [
                    0.4730502023881133,
                    5.189433365893517,
                    9.999999999999998,
                    87.6439682821027,
                    -54.83935792013973,
                    636.1326230823056
                ],
                "Si": [
                    [
                        0.9766840771548787,
                        9.713342970347863,
                        8.293259479554497e-32,
                        9.395335670032795,
                        -104.35273288961622,
                        144.20480602226476
                    ],
                    [
                        9.713342970347863,
                        97.57412626094373,
                        1.4725592441745546e-30,
                        93.44997659152898,
                        -1047.4379453294173,
                        1442.330877211422
                    ],
                    [
                        8.832658470094627e-32,
                        1.4725592441745546e-30,
                        1e-06,
                        5.095162864642067e-29,
                        -1.7260767697284158e-31,
                        3.367144258547707e-28
                    ],
                    [
                        9.395335670032795,
                        93.44997659152898,
                        5.104872046471789e-29,
                        91.34691073837548,
                        -1003.9258922600345,
                        1393.822853564983
                    ],
                    [
                        -104.35273288961622,
                        -1047.4379453294173,
                        -1.7260767697284158e-31,
                        -1003.9258922600345,
                        11245.71855108869,
                        -15488.239512218393
                    ],
                    [
                        144.20480602226476,
                        1442.330877211422,
                        3.3654181817779783e-28,
                        1393.822853564983,
                        -15488.239512218393,
                        21405.339154761466
                    ]
                ]
            },
            "est_tgt": [
                2
            ]
        },
        "3": {
            "intv_type": "do",
            "inode": 3,
            "new_mui": 10.0,
            "true_params": {
                "Si": [
                    [
                        0.9999999999999996,
                        9.954418756511373,
                        -73.70837655100857,
                        2.102076410425376e-15,
                        -106.91451979683451,
                        82.68344586126176
                    ],
                    [
                        9.954418756511373,
                        100.09045277998547,
                        -740.5997391734714,
                        2.0859258959732677e-14,
                        -1074.1834575127707,
                        831.3718496371004
                    ],
                    [
                        -73.70837655100857,
                        -740.5997391734714,
                        5481.199929694681,
                        -1.5448897608871024e-13,
                        7948.644503462455,
                        -6151.573480747845
                    ],
                    [
                        2.102076410425376e-15,
                        2.0859258959732677e-14,
                        -1.5448897608871024e-13,
                        4.4230403966294015e-30,
                        -2.2409140097511016e-13,
                        1.7326128738304557e-13
                    ],
                    [
                        -106.91451979683451,
                        -1074.1834575127707,
                        7948.644503462455,
                        -2.2409140097511016e-13,
                        11529.953491750215,
                        -8922.388330933249
                    ],
                    [
                        82.68344586126176,
                        831.3718496371004,
                        -6151.573480747845,
                        1.7326128738304557e-13,
                        -8922.388330933249,
                        6906.545266023861
                    ]
                ],
                "mui": [
                    0.4999999999999999,
                    5.477209378255687,
                    -39.79203483655848,
                    10.000000000000002,
                    -57.91303805029437,
                    113.59871783218196
                ],
                "Ai": [
                    [
                        0.0,
                        0.0,
                        0.0,
                        0.0,
                        0.0,
                        0.0
                    ],
                    [
                        9.954418756511377,
                        0.0,
                        0.0,
                        0.0,
                        0.0,
                        0.0
                    ],
                    [
                        -5.264847972276713,
                        -6.875693122108375,
                        0.0,
                        0.0,
                        0.0,
                        0.0
                    ],
                    [
                        0.0,
                        0.0,
                        0.0,
                        0.0,
                        0.0,
                        0.0
                    ],
                    [
                        -8.250737820525258,
                        -9.911556303754192,
                        -0.0,
                        0.0,
                        0.0,
                        0.0
                    ],
                    [
                        0.0,
                        8.306205302763352,
                        0.0,
                        6.760389225016941,
                        0.0,
                        0.0
                    ]
                ]
            },
            "est_params": {
                "mui": [
                    0.5038138383013044,
                    5.536726340438874,
                    -40.20596951332457,
                    -158.8418416898675,
                    -58.54319884862239,
                    61.8995789708659
                ],
                "Si": [
                    [
                        0.9849206182247326,
                        9.815712532738477,
                        -72.6905251377749,
                        -298.5348461552963,
                        -105.41131695536505,
                        40.2806944615234
                    ],
                    [
                        9.815712532738477,
                        98.78884374416978,
                        -731.0692305629007,
                        -2999.0802976128552,
                        -1060.097617095742,
                        406.3309680185661
                    ],
                    [
                        -72.6905251377749,
                        -731.0692305629007,
                        5411.397198589823,
                        22192.860991190708,
                        7845.49967108113,
                        -3007.8694357437694
                    ],
                    [
                        -298.5348461552963,
                        -2999.0802976128552,
                        22192.860991190708,
                        208749.4666072095,
                        32192.204476092098,
                        8762.82022693472
                    ],
                    [
                        -105.41131695536505,
                        -1060.097617095742,
                        7845.49967108113,
                        32192.204476092098,
                        11377.49182732756,
                        -4358.594754332247
                    ],
                    [
                        40.2806944615234,
                        406.3309680185661,
                        -3007.8694357437694,
                        8762.82022693472,
                        -4358.594754332247,
                        6085.361465115556
                    ]
                ]
            },
            "est_tgt": [
                3,
                5
            ]
        },
        "4": {
            "intv_type": "do",
            "inode": 4,
            "new_mui": 10.0,
            "true_params": {
                "Si": [
                    [
                        1.0000000000000284,
                        9.95441875651166,
                        -73.70837655101043,
                        -599.1180153799287,
                        0.0,
                        -3967.5875298267397
                    ],
                    [
                        9.95441875651166,
                        100.09045277998833,
                        -740.5997391734901,
                        -6020.65517030107,
                        0.0,
                        -39870.60049120877
                    ],
                    [
                        -73.70837655101043,
                        -740.5997391734901,
                        5481.199929694799,
                        44558.70120784168,
                        0.0,
                        295082.59004549426
                    ],
                    [
                        -599.1180153799287,
                        -6020.65517030107,
                        44558.70120784168,
                        362235.9734929273,
                        0.0,
                        2398847.374213444
                    ],
                    [
                        0.0,
                        0.0,
                        0.0,
                        0.0,
                        0.0,
                        0.0
                    ],
                    [
                        -3967.5875298267397,
                        -39870.60049120877,
                        295082.59004549426,
                        2398847.374213444,
                        0.0,
                        15885969.54786831
                    ]
                ],
                "mui": [
                    0.5000000000000072,
                    5.47720937825576,
                    -39.792034836558905,
                    -323.32149081504133,
                    10.0,
                    -2139.7842971404066
                ],
                "Ai": [
                    [
                        0.0,
                        0.0,
                        0.0,
                        0.0,
                        0.0,
                        0.0
                    ],
                    [
                        9.954418756511377,
                        0.0,
                        0.0,
                        0.0,
                        0.0,
                        0.0
                    ],
                    [
                        -5.264847972276713,
                        -6.875693122108375,
                        0.0,
                        0.0,
                        0.0,
                        0.0
                    ],
                    [
                        9.609569631964032,
                        -0.0,
                        8.258594389073522,
                        0.0,
                        0.0,
                        0.0
                    ],
                    [
                        0.0,
                        0.0,
                        0.0,
                        0.0,
                        0.0,
                        0.0
                    ],
                    [
                        0.0,
                        8.306205302763352,
                        0.0,
                        6.760389225016941,
                        0.0,
                        0.0
                    ]
                ]
            },
            "est_params": {
                "mui": [
                    0.49697217824894707,
                    5.473582375906842,
                    -39.752260212145785,
                    -323.054116432434,
                    10.000000000000005,
                    -2138.005280453141
                ],
                "Si": [
                    [
                        0.976178531832538,
                        9.7405448067942,
                        -72.09798752812611,
                        -586.0007051528399,
                        1.3484942653100124e-31,
                        -3880.6647068386997
                    ],
                    [
                        9.7405448067942,
                        98.2433146743096,
                        -726.6566232568557,
                        -5907.123453932949,
                        1.0270132324601055e-29,
                        -39118.191525266724
                    ],
                    [
                        -72.09798752812611,
                        -726.6566232568557,
                        5376.009232759883,
                        43702.16749870584,
                        -5.35082524475013e-29,
                        289406.1692064925
                    ],
                    [
                        -586.0007051528399,
                        -5907.123453932949,
                        43702.16749870584,
                        355261.6135479024,
                        -8.450851741386011e-28,
                        2352626.8722592695
                    ],
                    [
                        1.3484942653100124e-31,
                        1.0270132324601055e-29,
                        -5.35082524475013e-29,
                        -8.450851741386011e-28,
                        1e-06,
                        -3.51290307681144e-27
                    ],
                    [
                        -3880.6647068386997,
                        -39118.191525266724,
                        289406.1692064925,
                        2352626.8722592695,
                        -3.51290307681144e-27,
                        15579657.002982117
                    ]
                ]
            },
            "est_tgt": [
                4
            ]
        },
        "5": {
            "intv_type": "do",
            "inode": 5,
            "new_mui": 10.0,
            "true_params": {
                "Si": [
                    [
                        1.0,
                        9.954418756511377,
                        -73.7083765510086,
                        -599.1180153799139,
                        -106.91451979683455,
                        0.0
                    ],
                    [
                        9.954418756511377,
                        100.0904527799855,
                        -740.5997391734717,
                        -6020.655170300922,
                        -1074.183457512771,
                        0.0
                    ],
                    [
                        -73.7083765510086,
                        -740.5997391734717,
                        5481.199929694682,
                        44558.70120784074,
                        7948.644503462457,
                        0.0
                    ],
                    [
                        -599.1180153799139,
                        -6020.655170300922,
                        44558.70120784074,
                        362235.97349291976,
                        64617.22837437946,
                        0.0
                    ],
                    [
                        -106.91451979683455,
                        -1074.183457512771,
                        7948.644503462457,
                        64617.22837437946,
                        11529.953491750219,
                        0.0
                    ],
                    [
                        0.0,
                        0.0,
                        0.0,
                        0.0,
                        0.0,
                        0.0
                    ]
                ],
                "mui": [
                    0.5,
                    5.477209378255688,
                    -39.792034836558486,
                    -323.321490815038,
                    -57.913038050294375,
                    10.0
                ],
                "Ai": [
                    [
                        0.0,
                        0.0,
                        0.0,
                        0.0,
                        0.0,
                        0.0
                    ],
                    [
                        9.954418756511377,
                        0.0,
                        0.0,
                        0.0,
                        0.0,
                        0.0
                    ],
                    [
                        -5.264847972276713,
                        -6.875693122108375,
                        0.0,
                        0.0,
                        0.0,
                        0.0
                    ],
                    [
                        9.609569631964032,
                        -0.0,
                        8.258594389073522,
                        0.0,
                        0.0,
                        0.0
                    ],
                    [
                        -8.250737820525258,
                        -9.911556303754192,
                        -0.0,
                        0.0,
                        0.0,
                        0.0
                    ],
                    [
                        0.0,
                        0.0,
                        0.0,
                        0.0,
                        0.0,
                        0.0
                    ]
                ]
            },
            "est_params": {
                "mui": [
                    2.0860231361320256,
                    21.47846667985664,
                    -158.50877149854284,
                    -1288.54591396222,
                    -229.68271720644222,
                    -8532.199434933289
                ],
                "Si": [
                    [
                        0.2758956099311235,
                        2.5759657509622156,
                        -19.05654478795032,
                        -154.7603979641254,
                        -27.759753386788844,
                        -1024.726606038432
                    ],
                    [
                        2.5759657509622156,
                        25.123398802480644,
                        -185.09463174086417,
                        -1503.8879209067052,
                        -269.5611295828129,
                        -9957.007571648996
                    ],
                    [
                        -19.05654478795032,
                        -185.09463174086417,
                        1364.7117600656013,
                        11087.785258595342,
                        1986.9629517912324,
                        73411.69677264056
                    ],
                    [
                        -154.7603979641254,
                        -1503.8879209067052,
                        11087.785258595342,
                        90085.49507996229,
                        16143.211406819408,
                        596451.5683924927
                    ],
                    [
                        -27.759753386788844,
                        -269.56112958281284,
                        1986.962951791232,
                        16143.211406819408,
                        2894.574487353864,
                        106882.8616553452
                    ],
                    [
                        -1024.726606038432,
                        -9957.007571648996,
                        73411.69677264054,
                        596451.5683924927,
                        106882.8616553452,
                        3949078.4283296117
                    ]
                ]
            },
            "est_tgt": [
                0,
                1,
                2,
                3,
                4,
                5
            ]
        },
        "obs": {
            "intv_type": "obs",
            "true_params": {
                "Si": [
                    [
                        1.0,
                        9.954418756511377,
                        -73.70837655100858,
                        -599.1180153799138,
                        -106.91451979683455,
                        -3967.5875298266415
                    ],
                    [
                        9.954418756511377,
                        100.0904527799855,
                        -740.5997391734716,
                        -6020.655170300921,
                        -1074.183457512771,
                        -39870.600491207784
                    ],
                    [
                        -73.70837655100858,
                        -740.5997391734716,
                        5481.199929694681,
                        44558.70120784073,
                        7948.644503462456,
                        295082.590045488
                    ],
                    [
                        -599.1180153799138,
                        -6020.655170300921,
                        44558.70120784073,
                        362235.9734929196,
                        64617.22837437945,
                        2398847.3742133933
                    ],
                    [
                        -106.91451979683455,
                        -1074.183457512771,
                        7948.644503462456,
                        64617.22837437945,
                        11529.953491750219,
                        427915.2261216805
                    ],
                    [
                        -3967.5875298266415,
                        -39870.600491207784,
                        295082.590045488,
                        2398847.3742133933,
                        427915.2261216805,
                        15885969.547867974
                    ]
                ],
                "mui": [
                    0.5,
                    5.477209378255688,
                    -39.79203483655848,
                    -323.3214908150379,
                    -57.913038050294375,
                    -2139.784297140384
                ],
                "Ai": [
                    [
                        0.0,
                        0.0,
                        0.0,
                        0.0,
                        0.0,
                        0.0
                    ],
                    [
                        9.954418756511377,
                        0.0,
                        0.0,
                        0.0,
                        0.0,
                        0.0
                    ],
                    [
                        -5.264847972276713,
                        -6.875693122108375,
                        0.0,
                        0.0,
                        0.0,
                        0.0
                    ],
                    [
                        9.609569631964032,
                        -0.0,
                        8.258594389073522,
                        0.0,
                        0.0,
                        0.0
                    ],
                    [
                        -8.250737820525258,
                        -9.911556303754192,
                        -0.0,
                        0.0,
                        0.0,
                        0.0
                    ],
                    [
                        0.0,
                        8.306205302763352,
