{
    "expt_args": {
        "save_dir": "expt_logs_29.04.24-8",
        "exp_name": "205",
        "num_nodes": 6,
        "obs_noise_mean": 0.5,
        "obs_noise_var": 1.0,
        "max_edge_strength": 10.0,
        "num_parents": 2,
        "new_noise_mean": 10.0,
        "mix_samples": 32768,
        "stage2_samples": 32768,
        "intv_targets": [
            0,
            1,
            2,
            3,
            4,
            5
        ]
    },
    "intv_args_dict": {
        "0": {
            "intv_type": "do",
            "inode": 0,
            "new_mui": 10.0,
            "true_params": {
                "Si": [
                    [
                        1.3893406791910397e-32,
                        -7.29636898578872e-32,
                        6.387240441213213e-31,
                        -1.175019795264646e-16,
                        7.677702876212049e-16,
                        8.5723111354548675e-16
                    ],
                    [
                        -7.29636898578872e-32,
                        0.9999999999999569,
                        -6.973633759727783,
                        -31.78189434567924,
                        200.66405363832752,
                        229.34518123641394
                    ],
                    [
                        6.387240441213213e-31,
                        -6.973633759727783,
                        49.63156781481715,
                        227.40969422513558,
                        -1437.0881742388408,
                        -1641.0386671640208
                    ],
                    [
                        -1.175019795264646e-16,
                        -31.78189434567924,
                        227.40969422513558,
                        1044.432536681879,
                        -6601.889284286805,
                        -7536.856261907434
                    ],
                    [
                        7.677702876212049e-16,
                        200.66405363832752,
                        -1437.0881742388408,
                        -6601.889284286805,
                        41733.35176496947,
                        47640.693721371594
                    ],
                    [
                        8.5723111354548675e-16,
                        229.34518123641394,
                        -1641.0386671640208,
                        -7536.856261907434,
                        47640.693721371594,
                        54388.62229020365
                    ]
                ],
                "mui": [
                    10.000000000000188,
                    -66.31343259675809,
                    536.2450331384855,
                    2534.2142114381154,
                    -16093.983141573413,
                    -18211.362056868587
                ],
                "Ai": [
                    [
                        0.0,
                        0.0,
                        0.0,
                        0.0,
                        0.0,
                        0.0
                    ],
                    [
                        -6.681343259675963,
                        0.0,
                        0.0,
                        0.0,
                        0.0,
                        0.0
                    ],
                    [
                        7.329944085828148,
                        -6.973633759728111,
                        0.0,
                        0.0,
                        0.0,
                        0.0
                    ],
                    [
                        -0.0,
                        8.486676436845128,
                        5.774402867995737,
                        0.0,
                        0.0,
                        0.0
                    ],
                    [
                        -0.0,
                        -7.002185358379004,
                        -0.0,
                        -6.53410513350783,
                        0.0,
                        0.0
                    ],
                    [
                        7.558837930045769,
                        -0.0,
                        0.0,
                        -7.2162212466606315,
                        0.0,
                        0.0
                    ]
                ]
            },
            "est_params": {
                "mui": [
                    10.000000000000172,
                    -66.3229013374434,
                    536.3038979413244,
                    2534.4813521295005,
                    -16095.660150034948,
                    -18213.2904714227
                ],
                "Si": [
                    [
                        1e-06,
                        3.34189858895423e-29,
                        -3.324145595320477e-27,
                        3.6658745444649844e-27,
                        -3.4140969725413197e-26,
                        -1.5377932137944908e-26
                    ],
                    [
                        3.34189858895423e-29,
                        0.95805073601461,
                        -6.677524929540628,
                        -30.427523737007217,
                        192.11659873127223,
                        219.5677236575606
                    ],
                    [
                        -3.324145595320477e-27,
                        -6.677524929540628,
                        47.537294417872715,
                        217.83050058692874,
                        -1376.6210420486073,
                        -1571.878671259838
                    ],
                    [
                        3.6658745444649844e-27,
                        -30.427523737007217,
                        217.83050058692874,
                        1000.6196048930881,
                        -6325.316233177076,
                        -7220.536664591884
                    ],
                    [
                        -3.4140969725413197e-26,
                        192.11659873127223,
                        -1376.6210420486073,
                        -6325.316233177076,
                        39987.450853887814,
                        45643.8765139526
                    ],
                    [
                        -1.5377932137944908e-26,
                        219.5677236575606,
                        -1571.878671259838,
                        -7220.536664591884,
                        45643.8765139526,
                        52104.85436033351
                    ]
                ]
            },
            "est_tgt": [
                0
            ]
        },
        "1": {
            "intv_type": "do",
            "inode": 1,
            "new_mui": 10.0,
            "true_params": {
                "Si": [
                    [
                        0.9999999999999925,
                        2.511734980287186e-15,
                        7.329944085828062,
                        42.32605015145398,
                        -276.5628615757253,
                        -297.87530446009987
                    ],
                    [
                        2.511734980287186e-15,
                        8.525838420665464e-30,
                        1.9876055702424513e-14,
                        1.1503744948573587e-13,
                        -7.516667892303944e-13,
                        -8.111508666452417e-13
                    ],
                    [
                        7.329944085828062,
                        1.9876055702424513e-14,
                        54.72808030136617,
                        316.02198385211,
                        -2064.9208669894006,
                        -2225.0786949043672
                    ],
                    [
                        42.32605015145398,
                        1.1503744948573587e-13,
                        316.02198385211,
                        1825.8382499053275,
                        -11930.219081661353,
                        -12855.717018618656
                    ],
                    [
                        -276.5628615757253,
                        -7.516667892303944e-13,
                        -2064.9208669894006,
                        -11930.219081661353,
                        77954.30574535651,
                        84000.60656628014
                    ],
                    [
                        -297.87530446009987,
                        -8.111508666452417e-13,
                        -2225.0786949043672,
                        -12855.717018618656,
                        84000.60656628014,
                        90519.10714103568
                    ]
                ],
                "mui": [
                    0.49999999999996053,
                    9.999999999999982,
                    -65.57136555436664,
                    -293.26871694708046,
                    1846.7267753173833,
                    2120.571365179447
                ],
                "Ai": [
                    [
                        0.0,
                        0.0,
                        0.0,
                        0.0,
                        0.0,
                        0.0
                    ],
                    [
                        0.0,
                        0.0,
                        0.0,
                        0.0,
                        0.0,
                        0.0
                    ],
                    [
                        7.329944085828148,
                        -6.973633759728111,
                        0.0,
                        0.0,
                        0.0,
                        0.0
                    ],
                    [
                        -0.0,
                        8.486676436845128,
                        5.774402867995737,
                        0.0,
                        0.0,
                        0.0
                    ],
                    [
                        -0.0,
                        -7.002185358379004,
                        -0.0,
                        -6.53410513350783,
                        0.0,
                        0.0
                    ],
                    [
                        7.558837930045769,
                        -0.0,
                        0.0,
                        -7.2162212466606315,
                        0.0,
                        0.0
                    ]
                ]
            },
            "est_params": {
                "mui": [
                    0.4847496863453497,
                    9.99999999999999,
                    -65.70527114020894,
                    -294.0209763537773,
                    1851.6384690659265,
                    2125.8699314741084
                ],
                "Si": [
                    [
                        0.9811344073527295,
                        2.447345988211253e-15,
                        7.183430231345253,
                        41.48919733869213,
                        -271.08730013027764,
                        -291.99333708459255
                    ],
                    [
                        2.447345988211253e-15,
                        1.0000000000000008e-06,
                        1.9434299951581893e-14,
                        1.1228938294186081e-13,
                        -7.337198928348293e-13,
                        -7.918154222977076e-13
                    ],
                    [
                        7.183430231345253,
                        1.943429995158189e-14,
                        53.619066136335825,
                        309.7100733057604,
                        -2023.6227992973213,
                        -2180.729494051344
                    ],
                    [
                        41.48919733869213,
                        1.1228938294186081e-13,
                        309.7100733057604,
                        1789.9247423059437,
                        -11695.249882836088,
                        -12603.385919988843
                    ],
                    [
                        -271.08730013027764,
                        -7.337198928348294e-13,
                        -2023.6227992973213,
                        -11695.249882836088,
                        76417.00125922207,
                        82349.70834007622
                    ],
                    [
                        -291.99333708459255,
                        -7.918154222977076e-13,
                        -2180.729494051344,
                        -12603.385919988843,
                        82349.70834007622,
                        88746.20139852689
                    ]
                ]
            },
            "est_tgt": [
                1
            ]
        },
        "2": {
            "intv_type": "do",
            "inode": 2,
            "new_mui": 10.0,
            "true_params": {
                "Si": [
                    [
                        1.0000000000000075,
                        -6.681343259676052,
                        2.3862016825364783e-14,
                        -56.70239840836664,
                        417.2834364695226,
                        416.7358900611172
                    ],
                    [
                        -6.681343259676052,
                        45.64034775361831,
                        -1.6241307738159697e-13,
                        387.334863850049,
                        -2850.4688970608736,
                        -2845.5972649420214
                    ],
                    [
                        2.3862016825364783e-14,
                        -1.6241307738159697e-13,
                        5.786054782467303e-28,
                        -1.3789065028692446e-12,
                        1.0147166531475954e-11,
                        1.0130870054282425e-11
                    ],
                    [
                        -56.70239840836664,
                        387.334863850049,
                        -1.3789065028692446e-12,
                        3288.185662204819,
                        -24197.54132777989,
                        -24156.879478381004
                    ],
                    [
                        417.2834364695226,
                        -2850.4688970608736,
                        1.0147166531475954e-11,
                        -24197.54132777989,
                        178069.7905836288,
                        177768.9897136396
                    ],
                    [
                        416.7358900611172,
                        -2845.5972649420214,
                        1.0130870054282425e-11,
                        -24156.879478381004,
                        177768.9897136396,
                        177472.42599751853
                    ]
                ],
                "mui": [
                    0.5000000000000018,
                    -2.840671629837956,
                    10.000000000000004,
                    34.13616769419716,
                    -202.6583992745239,
                    -242.05471962941297
                ],
                "Ai": [
                    [
                        0.0,
                        0.0,
                        0.0,
                        0.0,
                        0.0,
                        0.0
                    ],
                    [
                        -6.681343259675963,
                        0.0,
                        0.0,
                        0.0,
                        0.0,
                        0.0
                    ],
                    [
                        0.0,
                        0.0,
                        0.0,
                        0.0,
                        0.0,
                        0.0
                    ],
                    [
                        -0.0,
                        8.486676436845128,
                        5.774402867995737,
                        0.0,
                        0.0,
                        0.0
                    ],
                    [
                        -0.0,
                        -7.002185358379004,
                        -0.0,
                        -6.53410513350783,
                        0.0,
                        0.0
                    ],
                    [
                        7.558837930045769,
                        -0.0,
                        0.0,
                        -7.2162212466606315,
                        0.0,
                        0.0
                    ]
                ]
            },
            "est_params": {
                "mui": [
                    0.5119718895051701,
                    -2.909290518541678,
                    10.0,
                    33.57527620504597,
                    -198.50529802553453,
                    -237.92635233698647
                ],
                "Si": [
                    [
                        0.9840196688248263,
                        -6.581055102506047,
                        2.3517053570546415e-14,
                        -55.87356134834414,
                        411.1694600205989,
                        410.6372868984793
                    ],
                    [
                        -6.581055102506047,
                        45.009917177308374,
                        -1.6025657406843119e-13,
                        382.1471519502607,
                        -2812.178612263415,
                        -2807.4099377877915
                    ],
                    [
                        2.3517053570546415e-14,
                        -1.6025657406843119e-13,
                        1e-06,
                        -1.3610967141969475e-12,
                        1.0015766294076983e-11,
                        9.999788005456476e-12
                    ],
                    [
                        -55.87356134834414,
                        382.1471519502607,
                        -1.3610967141969475e-12,
                        3245.509059001763,
                        -23882.537412607355,
                        -23842.71189123746
                    ],
                    [
                        411.1694600205989,
                        -2812.178612263415,
                        1.0015766294076983e-11,
                        -23882.537412607355,
                        175744.72868989877,
                        175450.0721359996
                    ],
                    [
                        410.6372868984793,
                        -2807.4099377877915,
                        9.999788005456476e-12,
                        -23842.71189123746,
                        175450.0721359996,
                        175159.70782846914
                    ]
                ]
            },
            "est_tgt": [
                2
            ]
        },
        "3": {
            "intv_type": "do",
            "inode": 3,
            "new_mui": 10.0,
            "true_params": {
                "Si": [
                    [
                        1.0000000000000004,
                        -6.681343259675966,
                        53.92318500183634,
                        -1.7738758239082629e-16,
                        46.784003947207296,
                        7.558837930045772
                    ],
                    [
                        -6.681343259675966,
                        45.64034775361744,
                        -367.25294241200726,
                        1.1851873279571616e-15,
                        -319.5821747917061,
                        -50.50319085489433
                    ],
                    [
                        53.92318500183634,
                        -367.25294241200726,
                        2957.3414485570856,
                        -9.565303422289007e-15,
                        2571.5731761789652,
                        407.5966161007556
                    ],
                    [
                        -1.7738758239082629e-16,
                        1.1851873279571616e-15,
                        -9.565303422289007e-15,
                        3.1466354386462167e-32,
                        -8.298901354757973e-15,
                        -1.3408439860948965e-15
                    ],
                    [
                        46.784003947207296,
                        -319.5821747917061,
                        2571.5731761789652,
                        -8.298901354757973e-15,
                        2238.7736251254046,
                        353.63270355556153
                    ],
                    [
                        7.558837930045772,
                        -50.50319085489433,
                        407.5966161007556,
                        -1.3408439860948965e-15,
                        353.63270355556153,
                        58.13603085269863
                    ]
                ],
                "mui": [
                    0.4999999999999977,
                    -2.8406716298379644,
                    23.974775621053965,
                    10.0,
                    -44.950142040664275,
                    -67.88279350158345
                ],
                "Ai": [
                    [
                        0.0,
                        0.0,
                        0.0,
                        0.0,
                        0.0,
                        0.0
                    ],
                    [
                        -6.681343259675963,
                        0.0,
                        0.0,
                        0.0,
                        0.0,
                        0.0
                    ],
                    [
                        7.329944085828148,
                        -6.973633759728111,
                        0.0,
                        0.0,
                        0.0,
                        0.0
                    ],
                    [
                        0.0,
                        0.0,
                        0.0,
                        0.0,
                        0.0,
                        0.0
                    ],
                    [
                        -0.0,
                        -7.002185358379004,
                        -0.0,
                        -6.53410513350783,
                        0.0,
                        0.0
                    ],
                    [
                        7.558837930045769,
                        -0.0,
                        0.0,
                        -7.2162212466606315,
                        0.0,
                        0.0
                    ]
                ]
            },
            "est_params": {
                "mui": [
                    0.5059973100031686,
                    -2.8888107645890333,
                    24.354592904817594,
                    9.999999999999998,
                    -44.603512530886896,
                    -67.83256517210258
                ],
                "Si": [
                    [
                        1.0239951736703385,
                        -6.869099912130499,
                        55.45853299045179,
                        2.713245092486365e-31,
                        48.097472035634645,
                        7.741382895287338
                    ],
                    [
                        -6.869099912130499,
                        47.100458323498714,
                        -379.16005858103284,
                        -9.383446381965267e-31,
                        -329.77667151068215,
                        -51.943862458402194
                    ],
                    [
                        55.45853299045179,
                        -379.16005858103284,
                        3054.4387403744645,
                        1.5984215561002902e-29,
                        2654.717429879668,
                        419.3536972218783
                    ],
                    [
                        2.713245092486365e-31,
                        -9.491302087505097e-31,
                        1.5984215561002902e-29,
                        1e-06,
                        -2.1474070972980283e-29,
                        -4.1184701160384333e-29
                    ],
                    [
                        48.097472035634645,
                        -329.77667151068215,
                        2654.717429879668,
                        -2.138778640854842e-29,
                        2309.9750443534563,
                        363.7244422599753
                    ],
                    [
                        7.741382895287338,
                        -51.943862458402194,
                        419.3536972218783,
                        -4.1227843442600266e-29,
                        363.7244422599753,
                        59.504255155650604
                    ]
                ]
            },
            "est_tgt": [
                3
            ]
        },
        "4": {
            "intv_type": "do",
            "inode": 4,
            "new_mui": 10.0,
            "true_params": {
                "Si": [
                    [
                        0.9999999999999174,
                        -6.68134325967517,
                        53.92318500182993,
                        254.67179571767218,
                        0.0,
                        -1830.2091852530368
                    ],
                    [
                        -6.68134325967517,
                        45.64034775361044,
                        -367.2529424119509,
                        -1733.3315800934597,
                        0.0,
                        12457.600984923378
                    ],
                    [
                        53.92318500182993,
                        -367.2529424119509,
                        2957.341448556632,
                        13960.124049458536,
                        0.0,
                        -100331.74715562002
                    ],
                    [
                        254.67179571767218,
                        -1733.3315800934597,
                        13960.124049458536,
                        65902.15607075093,
                        0.0,
                        -473639.51600931416
                    ],
                    [
                        0.0,
                        0.0,
                        0.0,
                        0.0,
                        0.0,
                        0.0
                    ],
                    [
                        -1830.2091852530368,
                        12457.600984923378,
                        -100331.74715562002,
                        -473639.51600931416,
                        0.0,
                        3404054.2840750623
                    ]
                ],
                "mui": [
                    0.4999999999999807,
                    -2.8406716298377503,
                    23.97477562105224,
                    114.83215211999986,
                    10.0,
                    -824.3747969630858
                ],
                "Ai": [
                    [
                        0.0,
                        0.0,
                        0.0,
                        0.0,
                        0.0,
                        0.0
                    ],
                    [
                        -6.681343259675963,
                        0.0,
                        0.0,
                        0.0,
                        0.0,
                        0.0
                    ],
                    [
                        7.329944085828148,
                        -6.973633759728111,
                        0.0,
                        0.0,
                        0.0,
                        0.0
                    ],
                    [
                        -0.0,
                        8.486676436845128,
                        5.774402867995737,
                        0.0,
                        0.0,
                        0.0
                    ],
                    [
                        0.0,
                        0.0,
                        0.0,
                        0.0,
                        0.0,
                        0.0
                    ],
                    [
                        7.558837930045769,
                        -0.0,
                        0.0,
                        -7.2162212466606315,
                        0.0,
                        0.0
                    ]
                ]
            },
            "est_params": {
                "mui": [
                    0.4971156220818529,
                    -2.8237863351412154,
                    23.844328563503094,
                    114.21168850037469,
                    10.0,
                    -819.9108975624939
                ],
                "Si": [
                    [
                        0.9991761864472573,
                        -6.6938853826304925,
                        53.96680489630477,
                        254.82181712487653,
                        0.0,
                        -1831.3118080534286
                    ],
                    [
                        -6.6938853826304925,
                        45.84376448080377,
                        -368.5170280458966,
                        -1738.9362039434156,
                        0.0,
                        12498.031087209243
                    ],
                    [
                        53.96680489630477,
                        -368.5170280458966,
                        2964.52698750917,
                        13991.166677832245,
                        0.0,
                        -100556.08665710493
                    ],
                    [
                        254.82181712487653,
                        -1738.9362039434156,
                        13991.166677832245,
                        66035.18131660341,
                        0.0,
                        -474601.4385993883
                    ],
                    [
                        0.0,
                        0.0,
                        0.0,
                        0.0,
                        1e-06,
                        0.0
                    ],
                    [
                        -1831.3118080534286,
                        12498.031087209243,
                        -100556.08665710493,
                        -474601.4385993883,
                        0.0,
                        3411009.778532168
                    ]
                ]
            },
            "est_tgt": [
                4
            ]
        },
        "5": {
            "intv_type": "do",
            "inode": 5,
            "new_mui": 10.0,
            "true_params": {
                "Si": [
                    [
                        0.9999999999999858,
                        -6.681343259675969,
                        53.92318500183624,
                        254.67179571770183,
                        -1617.2682838114856,
                        0.0
                    ],
                    [
                        -6.681343259675969,
                        45.64034775361814,
                        -367.2529424120121,
                        -1733.3315800937476,
                        11006.188600770083,
                        0.0
                    ],
                    [
                        53.92318500183624,
                        -367.2529424120121,
                        2957.3414485571184,
                        13960.124049460826,
                        -88645.34503980911,
                        0.0
                    ],
                    [
                        254.67179571770183,
                        -1733.3315800937476,
                        13960.124049460826,
                        65902.15607076173,
                        -418474.50727984996,
                        0.0
                    ],
                    [
                        -1617.2682838114856,
                        11006.188600770083,
                        -88645.34503980911,
                        -418474.50727984996,
                        2657290.0535875573,
                        0.0
                    ],
                    [
                        0.0,
                        0.0,
                        0.0,
                        0.0,
                        0.0,
                        0.0
                    ]
                ],
                "mui": [
                    0.4999999999999962,
                    -2.8406716298380066,
                    23.974775621054242,
                    114.83215212000923,
                    -729.9344453646902,
                    10.0
                ],
                "Ai": [
                    [
                        0.0,
                        0.0,
                        0.0,
                        0.0,
                        0.0,
                        0.0
                    ],
                    [
                        -6.681343259675963,
                        0.0,
                        0.0,
                        0.0,
                        0.0,
                        0.0
                    ],
                    [
                        7.329944085828148,
                        -6.973633759728111,
                        0.0,
                        0.0,
                        0.0,
                        0.0
                    ],
                    [
                        -0.0,
                        8.486676436845128,
                        5.774402867995737,
                        0.0,
                        0.0,
                        0.0
                    ],
                    [
                        -0.0,
                        -7.002185358379004,
                        -0.0,
                        -6.53410513350783,
                        0.0,
                        0.0
                    ],
                    [
                        0.0,
                        0.0,
                        0.0,
                        0.0,
                        0.0,
                        0.0
                    ]
                ]
            },
            "est_params": {
                "mui": [
                    0.483237098033306,
                    -2.7178748724619095,
                    22.996175828327505,
                    110.22358809470192,
                    -700.7138060914299,
                    10.0
                ],
                "Si": [
                    [
                        0.9944077543214598,
                        -6.655997030435151,
                        53.718285869591874,
                        253.69077124060067,
                        -1611.035946060216,
                        0.0
                    ],
                    [
                        -6.655997030435151,
                        45.552779061116226,
                        -366.55022334922313,
                        -1729.9634459407807,
                        10984.809149654351,
                        0.0
                    ],
                    [
                        53.718285869591874,
                        -366.55022334922313,
                        2951.710122158085,
                        13933.098647885829,
                        -88473.80568934714,
                        0.0
                    ],
                    [
                        253.69077124060067,
                        -1729.9634459407807,
                        13933.098647885829,
                        65772.40879941155,
                        -417650.9247170687,
                        0.0
                    ],
                    [
                        -1611.035946060216,
                        10984.809149654351,
                        -88473.80568934714,
                        -417650.9247170687,
                        2652062.2837324133,
                        0.0
                    ],
                    [
                        0.0,
                        0.0,
                        0.0,
                        0.0,
                        0.0,
                        1e-06
                    ]
                ]
            },
            "est_tgt": [
                5
            ]
        },
        "obs": {
            "intv_type": "obs",
            "true_params": {
                "Si": [
                    [
                        1.0000000000000377,
                        -6.681343259675934,
                        53.92318500183597,
                        254.67179571770055,
                        -1617.2682838114774,
                        -1830.2091852532408
                    ],
                    [
                        -6.681343259675934,
                        45.64034775361531,
                        -367.25294241198935,
                        -1733.33158009364,
                        11006.188600769401,
                        12457.600984924677
                    ],
                    [
                        53.92318500183597,
                        -367.25294241198935,
                        2957.341448556935,
                        13960.124049459962,
                        -88645.3450398036,
                        -100331.74715563029
                    ],
                    [
                        254.67179571770055,
                        -1733.33158009364,
                        13960.124049459962,
                        65902.15607075764,
                        -418474.507279824,
                        -473639.51600936236
                    ],
                    [
                        -1617.2682838114774,
                        11006.188600769401,
                        -88645.3450398036,
                        -418474.507279824,
                        2657290.0535873924,
                        3007579.9617717713
                    ],
                    [
                        -1830.2091852532408,
                        12457.600984924677,
                        -100331.74715563029,
                        -473639.51600936236,
                        3007579.9617717713,
                        3404054.2840754087
                    ]
                ],
                "mui": [
                    0.5000000000000093,
                    -2.840671629837912,
                    23.97477562105349,
                    114.83215212000567,
                    -729.9344453646675,
                    -824.3747969631277
                ],
                "Ai": [
                    [
                        0.0,
                        0.0,
                        0.0,
                        0.0,
                        0.0,
                        0.0
                    ],
                    [
                        -6.681343259675963,
                        0.0,
                        0.0,
                        0.0,
                        0.0,
                        0.0
                    ],
                    [
                        7.329944085828148,
                        -6.973633759728111,
                        0.0,
                        0.0,
                        0.0,
                        0.0
                    ],
                    [
                        -0.0,
                        8.486676436845128,
                        5.774402867995737,
                        0.0,
                        0.0,
                        0.0
                    ],
                    [
                        -0.0,
                        -7.002185358379004,
                        -0.0,
                        -6.53410513350783,
                        0.0,
                        0.0
                    ],
                    [
                        7.558837930045769,
                        -0.0,
                        0.0,
