{
    "expt_args": {
        "save_dir": "expt_logs_29.04.24-8",
        "exp_name": "236",
        "num_nodes": 8,
        "obs_noise_mean": 0.5,
        "obs_noise_var": 1.0,
        "max_edge_strength": 10.0,
        "num_parents": 2,
        "new_noise_mean": 10.0,
        "mix_samples": 16384,
        "stage2_samples": 16384,
        "intv_targets": [
            0,
            1,
            2,
            3,
            4,
            5,
            6,
            7
        ]
    },
    "intv_args_dict": {
        "0": {
            "intv_type": "do",
            "inode": 0,
            "new_mui": 10.0,
            "true_params": {
                "Si": [
                    [
                        2.991479409471184e-34,
                        2.5438389324683458e-33,
                        -1.378201357515943e-17,
                        -1.3051670465792936e-32,
                        6.778620221798585e-18,
                        4.591457752084034e-17,
                        7.95326037860359e-18,
                        -1.131017251083729e-16
                    ],
                    [
                        2.5438389324683458e-33,
                        0.9999999999999882,
                        -7.911054995148205,
                        -6.4685104298951375,
                        47.70524930624604,
                        260.8734263244269,
                        34.194758680165506,
                        -14.731512122473102
                    ],
                    [
                        -1.378201357515943e-17,
                        -7.911054995148205,
                        63.584791136260094,
                        51.17274174759079,
                        -377.3988508189726,
                        -2063.7840224253086,
                        -270.5166164646139,
                        124.74827576706198
                    ],
                    [
                        -1.3051670465792936e-32,
                        -6.4685104298951375,
                        51.17274174759079,
                        42.841627181662666,
                        -317.3744827470449,
                        -1737.3941410834677,
                        -226.47549521943384,
                        87.53175796385581
                    ],
                    [
                        6.778620221798585e-18,
                        47.70524930624604,
                        -377.3988508189726,
                        -317.3744827470449,
                        2354.100275286392,
                        12890.833415500922,
                        1677.7500734359153,
                        -634.5472309442177
                    ],
                    [
                        4.591457752084034e-17,
                        260.8734263244269,
                        -2063.7840224253086,
                        -1737.3941410834677,
                        12890.833415500922,
                        70594.99492423223,
                        9184.45970375373,
                        -3455.631196707996
                    ],
                    [
                        7.95326037860359e-18,
                        34.194758680165506,
                        -270.5166164646139,
                        -226.47549521943384,
                        1677.7500734359153,
                        9184.45970375373,
                        1198.2269334541463,
                        -462.72281275014143
                    ],
                    [
                        -1.131017251083729e-16,
                        -14.731512122473102,
                        124.74827576706198,
                        87.53175796385581,
                        -634.5472309442177,
                        -3455.631196707996,
                        -462.72281275014143,
                        345.56855482840416
                    ]
                ],
                "mui": [
                    10.000000000000037,
                    63.46643491533399,
                    -433.0245586075128,
                    -332.6515097641685,
                    2343.4002586475685,
                    12671.826015128803,
                    1839.5131758670414,
                    -972.0008806611547
                ],
                "Ai": [
                    [
                        0.0,
                        0.0,
                        0.0,
                        0.0,
                        0.0,
                        0.0,
                        0.0,
                        0.0
                    ],
                    [
                        6.296643491533433,
                        0.0,
                        0.0,
                        0.0,
                        0.0,
                        0.0,
                        0.0,
                        0.0
                    ],
                    [
                        6.856189835369472,
                        -7.911054995148297,
                        0.0,
                        0.0,
                        0.0,
                        0.0,
                        0.0,
                        0.0
                    ],
                    [
                        7.738178643393541,
                        -6.468510429895211,
                        -0.0,
                        0.0,
                        0.0,
                        0.0,
                        0.0,
                        0.0
                    ],
                    [
                        0.0,
                        -9.169646445369924,
                        -0.0,
                        -8.792580048840993,
                        0.0,
                        0.0,
                        0.0,
                        0.0
                    ],
                    [
                        -0.0,
                        0.0,
                        -0.0,
                        9.624351599541296,
                        6.773440024444659,
                        0.0,
                        0.0,
                        0.0
                    ],
                    [
                        8.050351212628668,
                        0.0,
                        0.0,
                        -5.286342049033358,
                        -0.0,
                        0.0,
                        0.0,
                        0.0
                    ],
                    [
                        -0.0,
                        0.0,
                        8.206473204483451,
                        -7.759181848489227,
                        -0.0,
                        -0.0,
                        0.0,
                        0.0
                    ]
                ]
            },
            "est_params": {
                "mui": [
                    10.000000000000012,
                    63.45109458579887,
                    -432.8998042646638,
                    -332.55186751745026,
                    2342.692450281853,
                    12668.009770397484,
                    1838.9932605347367,
                    -971.7348750875487
                ],
                "Si": [
                    [
                        1e-06,
                        1.728905702607457e-28,
                        -2.4687636086522784e-27,
                        -4.681430026025423e-28,
                        7.43613924209812e-27,
                        -8.822881121530576e-26,
                        -1.2628210201514607e-26,
                        -7.752155186969427e-27
                    ],
                    [
                        1.728905702607457e-28,
                        1.0022621517866104,
                        -7.937095933971263,
                        -6.460687514782365,
                        47.60041105419313,
                        260.1720763240798,
                        34.18757798502992,
                        -14.976833656116247
                    ],
                    [
                        -2.4687636086522784e-27,
                        -7.937095933971263,
                        63.874089155200316,
                        51.167782326320705,
                        -376.9996124628321,
                        -2060.5698661120855,
                        -270.7566524215833,
                        126.94664049407127
                    ],
                    [
                        -4.681430026025423e-28,
                        -6.460687514782365,
                        51.167782326320705,
                        42.66005842405795,
                        -315.76567877144817,
                        -1727.8304917862529,
                        -225.72130542139368,
                        88.72492913737827
                    ],
                    [
                        7.43613924209812e-27,
                        47.60041105419313,
                        -376.9996124628321,
                        -315.76567877144817,
                        2340.369568105922,
                        12810.264125647169,
                        1670.6993011579855,
                        -642.5058950018083
                    ],
                    [
                        -8.822881121530576e-26,
                        260.1720763240798,
                        -2060.5698661120855,
                        -1727.8304917862529,
                        12810.264125647169,
                        70124.64985815603,
                        9141.777537583119,
                        -3496.712162126832
                    ],
                    [
                        -1.2628210201514607e-26,
                        34.18757798502992,
                        -270.7566524215833,
                        -225.72130542139368,
                        1670.6993011579855,
                        9141.777537583119,
                        1195.3335066054394,
                        -469.57018246563547
                    ],
                    [
                        -7.752155186969427e-27,
                        -14.976833656116247,
                        126.94664049407127,
                        88.72492913737827,
                        -642.5058950018083,
                        -3496.712162126832,
                        -469.57018246563547,
                        353.94976793342124
                    ]
                ]
            },
            "est_tgt": [
                0,
                3
            ]
        },
        "1": {
            "intv_type": "do",
            "inode": 1,
            "new_mui": 10.0,
            "true_params": {
                "Si": [
                    [
                        1.0000000000000004,
                        -7.460925624933424e-34,
                        6.856189835369472,
                        7.738178643393546,
                        -68.03855515426955,
                        -386.3801206832338,
                        -32.856307932874536,
                        -3.7767971013748167
                    ],
                    [
                        -7.460925624933424e-34,
                        4.238024350288867e-34,
                        1.0885948235840287e-17,
                        -6.717155037938691e-33,
                        1.4001591852735886e-17,
                        9.54800533860277e-17,
                        -1.0432783361283819e-17,
                        8.933524250281724e-17
                    ],
                    [
                        6.856189835369472,
                        1.0885948235840287e-17,
                        48.00733905862364,
                        53.05442175910793,
                        -466.48525026192783,
                        -2649.0954560172163,
                        -225.26908447714362,
                        -17.687964692215434
                    ],
                    [
                        7.738178643393546,
                        -6.717155037938691e-33,
                        53.05442175910793,
                        60.879408717071954,
                        -535.2870744709633,
                        -3039.8100601242313,
                        -259.5343223959649,
                        -36.98471251877847
                    ],
                    [
                        -68.03855515426955,
                        1.4001591852735886e-17,
                        -466.48525026192783,
                        -535.2870744709633,
                        4707.554451395854,
                        26734.546726938897,
                        2281.976305088227,
                        325.1910454047313
                    ],
                    [
                        -386.3801206832338,
                        9.54800533860277e-17,
                        -2649.0954560172163,
                        -3039.8100601242313,
                        26734.546726938897,
                        151829.6480211755,
                        12958.98006883146,
                        1846.7081654467268
                    ],
                    [
                        -32.856307932874536,
                        -1.0432783361283819e-17,
                        -225.26908447714362,
                        -259.5343223959649,
                        2281.976305088227,
                        12958.98006883146,
                        1108.482383239252,
                        165.1092978345239
                    ],
                    [
                        -3.7767971013748167,
                        8.933524250281724e-17,
                        -17.687964692215434,
                        -36.98471251877847,
                        325.1910454047313,
                        1846.7081654467268,
                        165.1092978345239,
                        142.81530175878288
                    ]
                ],
                "mui": [
                    0.49999999999999134,
                    9.999999999999996,
                    -75.1824550337982,
                    -60.31601497725536,
                    439.13692546091073,
                    2394.465091904199,
                    323.3762618107051,
                    -148.4798740974228
                ],
                "Ai": [
                    [
                        0.0,
                        0.0,
                        0.0,
                        0.0,
                        0.0,
                        0.0,
                        0.0,
                        0.0
                    ],
                    [
                        0.0,
                        0.0,
                        0.0,
                        0.0,
                        0.0,
                        0.0,
                        0.0,
                        0.0
                    ],
                    [
                        6.856189835369472,
                        -7.911054995148297,
                        0.0,
                        0.0,
                        0.0,
                        0.0,
                        0.0,
                        0.0
                    ],
                    [
                        7.738178643393541,
                        -6.468510429895211,
                        -0.0,
                        0.0,
                        0.0,
                        0.0,
                        0.0,
                        0.0
                    ],
                    [
                        0.0,
                        -9.169646445369924,
                        -0.0,
                        -8.792580048840993,
                        0.0,
                        0.0,
                        0.0,
                        0.0
                    ],
                    [
                        -0.0,
                        0.0,
                        -0.0,
                        9.624351599541296,
                        6.773440024444659,
                        0.0,
                        0.0,
                        0.0
                    ],
                    [
                        8.050351212628668,
                        0.0,
                        0.0,
                        -5.286342049033358,
                        -0.0,
                        0.0,
                        0.0,
                        0.0
                    ],
                    [
                        -0.0,
                        0.0,
                        8.206473204483451,
                        -7.759181848489227,
                        -0.0,
                        -0.0,
                        0.0,
                        0.0
                    ]
                ]
            },
            "est_params": {
                "mui": [
                    0.4817241724432974,
                    9.999999999999984,
                    -75.32434153341421,
                    -60.44869686738104,
                    440.26413325242686,
                    2400.8360969936152,
                    323.9426554110555,
                    -148.62443246616104
                ],
                "Si": [
                    [
                        0.9974580742383047,
                        8.275713240956592e-30,
                        6.80589126740583,
                        7.683533979414103,
                        -67.5458148335977,
                        -383.5811579598027,
                        -32.59772164335104,
                        -3.785400132653642
                    ],
                    [
                        8.275713240956592e-30,
                        1e-06,
                        -1.319734449782216e-27,
                        -1.0780182823027917e-27,
                        7.842010195124713e-27,
                        3.256236645663317e-26,
                        5.824736741910762e-27,
                        -2.6255858359894194e-27
                    ],
                    [
                        6.80589126740583,
                        -1.3200118531623544e-27,
                        47.40956436970695,
                        52.391788647658494,
                        -460.5843069263467,
                        -2615.637469178853,
                        -222.22348240878696,
                        -17.5479116040581
                    ],
                    [
                        7.683533979414103,
                        -1.078129243654847e-27,
                        52.391788647658494,
                        60.15736316724814,
                        -528.8284331602644,
                        -3003.0763816394356,
                        -256.24427843160527,
                        -36.99047596264857
                    ],
                    [
                        -67.5458148335977,
                        7.838903277267164e-27,
                        -460.5843069263467,
                        -528.8284331602644,
                        4649.834158633598,
                        26406.330931987228,
                        2252.556583652279,
                        324.9956098125879
                    ],
                    [
                        -383.5811579598027,
                        3.2549938785202977e-26,
                        -2615.6374691788533,
                        -3003.0763816394356,
                        26406.330931987228,
                        149963.4098905582,
                        12791.603147652677,
                        1844.7163424601342
                    ],
                    [
                        -32.59772164335104,
                        5.8269559689518685e-27,
                        -222.22348240878696,
                        -256.24427843160527,
                        2252.556583652279,
                        12791.603147652677,
                        1093.5456900892439,
                        165.2999053747473
                    ],
                    [
                        -3.785400132653642,
                        -2.6238381946945482e-27,
                        -17.5479116040581,
                        -36.99047596264857,
                        324.9956098125879,
                        1844.7163424601342,
                        165.2999053747473,
                        144.52299604530603
                    ]
                ]
            },
            "est_tgt": [
                1,
                3
            ]
        },
        "2": {
            "intv_type": "do",
            "inode": 2,
            "new_mui": 10.0,
            "true_params": {
                "Si": [
                    [
                        1.0000000000000004,
                        6.296643491533407,
                        3.4633281218631595e-15,
                        -32.99172545492211,
                        232.3443924018867,
                        1256.246841296508,
                        182.45589675514762,
                        255.98879730017165
                    ],
                    [
                        6.296643491533407,
                        40.64771925946999,
                        2.180734247757427e-14,
                        -214.20564379008738,
                        1510.6950555178692,
                        8171.011923333481,
                        1183.0544934753566,
                        1662.0605431399954
                    ],
                    [
                        3.4633281218631595e-15,
                        2.180734247757427e-14,
                        1.20415920072451e-29,
                        -1.1447762856443677e-13,
                        8.065901866706997e-13,
                        4.361617306133775e-12,
                        6.33039324257061e-13,
                        8.882527376152699e-13
                    ],
                    [
                        -32.99172545492211,
                        -214.20564379008738,
                        -1.1447762856443677e-13,
                        1131.2955756746178,
                        -7982.8168878607785,
                        -43183.145032750945,
                        -6246.010348596876,
                        -8777.928096050666
                    ],
                    [
                        232.3443924018867,
                        1510.6950555178692,
                        8.065901866706997e-13,
                        -7982.8168878607785,
                        56338.01695588827,
                        304772.7424633273,
                        44070.35454515205,
                        61940.12789610262
                    ],
                    [
                        1256.246841296508,
                        8171.011923333481,
                        4.361617306133775e-12,
                        -43183.145032750945,
                        304772.7424633273,
                        1648751.1211916853,
                        238394.10367832961,
                        335065.87509879895
                    ],
                    [
                        182.45589675514762,
                        1183.0544934753566,
                        6.33039324257061e-13,
                        -6246.010348596876,
                        44070.35454515205,
                        238394.10367832961,
                        34488.38119417922,
                        48463.93012230875
                    ],
                    [
                        255.98879730017165,
                        1662.0605431399954,
                        8.882527376152699e-13,
                        -8777.928096050666,
                        61940.12789610262,
                        335065.87509879895,
                        48463.93012230875,
                        68110.54035021993
                    ]
                ],
                "mui": [
                    0.5000000000000001,
                    3.6483217457667005,
                    10.000000000000002,
                    -19.230117942408643,
                    136.12853082964602,
                    737.4810228119846,
                    106.18215669314,
                    231.7747141278787
                ],
                "Ai": [
                    [
                        0.0,
                        0.0,
                        0.0,
                        0.0,
                        0.0,
                        0.0,
                        0.0,
                        0.0
                    ],
                    [
                        6.296643491533433,
                        0.0,
                        0.0,
                        0.0,
                        0.0,
                        0.0,
                        0.0,
                        0.0
                    ],
                    [
                        0.0,
                        0.0,
                        0.0,
                        0.0,
                        0.0,
                        0.0,
                        0.0,
                        0.0
                    ],
                    [
                        7.738178643393541,
                        -6.468510429895211,
                        -0.0,
                        0.0,
                        0.0,
                        0.0,
                        0.0,
                        0.0
                    ],
                    [
                        0.0,
                        -9.169646445369924,
                        -0.0,
                        -8.792580048840993,
                        0.0,
                        0.0,
                        0.0,
                        0.0
                    ],
                    [
                        -0.0,
                        0.0,
                        -0.0,
                        9.624351599541296,
                        6.773440024444659,
                        0.0,
                        0.0,
                        0.0
                    ],
                    [
                        8.050351212628668,
                        0.0,
                        0.0,
                        -5.286342049033358,
                        -0.0,
                        0.0,
                        0.0,
                        0.0
                    ],
                    [
                        -0.0,
                        0.0,
                        8.206473204483451,
                        -7.759181848489227,
                        -0.0,
                        -0.0,
                        0.0,
                        0.0
                    ]
                ]
            },
            "est_params": {
                "mui": [
                    -1.7197656730572415,
                    -10.80000659429457,
                    74.55766107080102,
                    57.286682550728266,
                    -403.093860254465,
                    -2177.826688857873,
                    9.999999999999998,
                    165.84775706005192
                ],
                "Si": [
                    [
                        0.35289344145969614,
                        2.0858942486217638,
                        -14.465973292131993,
                        -10.932825034372732,
                        76.67733768349133,
                        414.3617279018844,
                        1.2539558511624454e-30,
                        -33.19849502402293
                    ],
                    [
                        2.0858942486217638,
                        12.809993214678084,
                        -89.47339217789497,
                        -67.70007958631116,
                        475.9800895475076,
                        2573.67991936596,
                        8.663694971667806e-30,
                        -205.02106117724634
                    ],
                    [
                        -14.465973292131993,
                        -89.47339217789498,
                        625.9791517927506,
                        473.6746221536525,
                        -3331.8170616409993,
                        -18017.39341663699,
                        -3.8302651453689243e-29,
                        1434.4537372794343
                    ],
                    [
                        -10.932825034372732,
                        -67.70007958631116,
                        473.6746221536525,
                        358.69386194270345,
                        -2523.499514250204,
                        -13646.592888093255,
                        -5.107020193825232e-29,
                        1083.4168707672102
                    ],
                    [
                        76.67733768349133,
                        475.9800895475076,
                        -3331.8170616409993,
                        -2523.499514250204,
                        17756.743407387956,
                        96029.09744269954,
                        1.7509783521686512e-28,
                        -7618.011892775538
                    ],
                    [
                        414.3617279018844,
                        2573.67991936596,
                        -18017.39341663699,
                        -13646.592888093255,
                        96029.09744269954,
                        519335.8505944632,
                        4.66927560578307e-28,
                        -41194.47001782098
                    ],
                    [
                        1.1969578579277888e-30,
                        8.663694971667806e-30,
                        -4.0126587237198253e-29,
                        -5.107020193825232e-29,
                        1.7509783521686512e-28,
                        4.085616155060186e-28,
                        1e-06,
                        -9.48446607424686e-29
                    ],
                    [
                        -33.19849502402293,
                        -205.02106117724634,
                        1434.4537372794343,
                        1083.41687076721,
                        -7618.011892775539,
                        -41194.47001782098,
                        -9.48446607424686e-29,
                        3303.3198542506916
                    ]
                ]
            },
            "est_tgt": [
                0,
                1,
                2,
                3,
                4,
                5,
                6,
                7
            ]
        },
        "3": {
            "intv_type": "do",
            "inode": 3,
            "new_mui": 10.0,
            "true_params": {
                "Si": [
                    [
                        0.9999999999999996,
                        6.296643491533434,
                        -42.95690311099412,
                        -7.370152079400202e-16,
                        -57.73799460990122,
                        -391.0848436218749,
                        8.050351212628668,
                        -352.52467432796504
                    ],
                    [
                        6.296643491533434,
                        40.64771925947038,
                        -278.3953593854219,
                        -4.744568695228911e-15,
                        -372.72521441999714,
                        -2524.631885472126,
                        50.69019156755661,
                        -2284.6440570490054
                    ],
                    [
                        -42.95690311099412,
                        -278.3953593854219,
                        1908.8803160235977,
                        3.248142769902382e-14,
                        2552.787017596016,
                        17291.149758867567,
                        -345.8181570503638,
                        15665.175164013557
                    ],
                    [
                        -7.370152079400202e-16,
                        -4.744568695228911e-15,
                        3.248142769902382e-14,
                        5.540763812476367e-31,
                        4.351598139087948e-14,
                        2.94752890055972e-13,
                        -5.933231272965714e-15,
                        2.665592115453881e-13
                    ],
                    [
                        -57.73799460990122,
                        -372.72521441999714,
                        2552.787017596016,
                        4.351598139087948e-14,
                        3418.7584375060696,
                        23156.755234511496,
                        -464.811134922566,
                        20949.37825665493
                    ],
                    [
                        -391.0848436218749,
                        -2524.631885472126,
                        17291.149758867567,
                        2.94752890055972e-13,
                        23156.755234511496,
                        156851.89274170852,
                        -3148.370345092055,
                        141899.35717085717
                    ],
                    [
                        8.050351212628668,
                        50.69019156755661,
                        -345.8181570503638,
                        -5.933231272965714e-15,
                        -464.811134922566,
                        -3148.370345092055,
                        65.80815464667188,
                        -2837.9474394576605
                    ],
                    [
                        -352.52467432796504,
                        -2284.6440570490054,
                        15665.175164013557,
                        2.665592115453881e-13,
                        20949.37825665493,
                        141899.35717085717,
                        -2837.9474394576605,
                        128556.84022701692
                    ]
                ],
                "mui": [
                    0.4999999999999999,
                    3.6483217457667276,
                    -24.93397905307129,
                    10.0,
                    -120.8796210160456,
                    -722.027347134372,
                    -48.33824488401925,
                    -281.71184946507344
                ],
                "Ai": [
                    [
                        0.0,
                        0.0,
                        0.0,
                        0.0,
                        0.0,
                        0.0,
                        0.0,
                        0.0
                    ],
                    [
                        6.296643491533433,
                        0.0,
                        0.0,
                        0.0,
                        0.0,
                        0.0,
                        0.0,
                        0.0
                    ],
                    [
                        6.856189835369472,
                        -7.911054995148297,
                        0.0,
                        0.0,
                        0.0,
                        0.0,
                        0.0,
                        0.0
                    ],
                    [
                        0.0,
                        0.0,
                        0.0,
                        0.0,
                        0.0,
                        0.0,
                        0.0,
                        0.0
                    ],
                    [
                        0.0,
                        -9.169646445369924,
                        -0.0,
                        -8.792580048840993,
                        0.0,
                        0.0,
                        0.0,
                        0.0
                    ],
                    [
                        -0.0,
                        0.0,
                        -0.0,
                        9.624351599541296,
                        6.773440024444659,
                        0.0,
                        0.0,
                        0.0
                    ],
                    [
                        8.050351212628668,
                        0.0,
                        0.0,
                        -5.286342049033358,
                        -0.0,
                        0.0,
                        0.0,
                        0.0
                    ],
                    [
                        -0.0,
                        0.0,
                        8.206473204483451,
                        -7.759181848489227,
                        -0.0,
                        -0.0,
                        0.0,
                        0.0
                    ]
                ]
            },
            "est_params": {
                "mui": [
                    0.4636833104489554,
                    3.422870881811812,
                    -23.387520876646523,
                    10.000001139966024,
                    -118.82547707613008,
                    -708.0843929369373,
                    -48.611407823814574,
                    -269.00190760036475
                ],
                "Si": [
                    [
                        0.9763720108246483,
                        6.1199230806570295,
                        -41.698767733168424,
                        -1.0287086856780052e-06,
                        -56.10468683568029,
                        -380.0108724696604,
                        7.852095816304362,
                        -342.1980939828497
                    ],
                    [
                        6.1199230806570295,
                        39.4060477931747,
                        -269.6720983843928,
                        -6.332932384593416e-06,
                        -361.23297277900224,
                        -2446.7548509539197,
                        49.23048136280476,
                        -2213.0572490384366
                    ],
                    [
                        -41.698767733168424,
                        -269.6720983843928,
                        1847.7723081571855,
                        4.2290552531372235e-05,
                        2472.0191951136435,
                        16743.874858041712,
                        -335.46796185618314,
                        15163.677025369068
                    ],
                    [
                        -1.0287086856780052e-06,
                        -6.332932384593416e-06,
                        4.229055253137223e-05,
                        1.0062472299694886e-06,
                        5.826409497012376e-05,
                        0.00039562418721397053,
                        -9.289804729507337e-06,
                        0.0003445599781714233
                    ],
                    [
                        -56.10468683568029,
                        -361.23297277900224,
                        2472.0191951136435,
                        5.826409497012377e-05,
                        3312.3981614829454,
                        22436.045149773152,
                        -451.33723131789645,
                        20286.56777072757
                    ],
                    [
                        -380.0108724696604,
                        -2446.7548509539197,
                        16743.874858041712,
                        0.0003956241872139706,
                        22436.045149773152,
                        151968.26163050608,
                        -3056.993920880977,
                        137408.19852434078
                    ],
                    [
                        7.852095816304362,
                        49.23048136280476,
                        -335.46796185618314,
                        -9.289804729507337e-06,
                        -451.33723131789645,
                        -3056.993920880977,
                        64.18412411428356,
                        -2752.973492988356
                    ],
                    [
                        -342.1980939828497,
                        -2213.0572490384366,
                        15163.677025369068,
