{
    "expt_args": {
        "save_dir": "expt_logs_29.04.24-8",
        "exp_name": "124",
        "num_nodes": 4,
        "obs_noise_mean": 0.5,
        "obs_noise_var": 1.0,
        "max_edge_strength": 10.0,
        "num_parents": 2,
        "new_noise_mean": 10.0,
        "mix_samples": 16384,
        "stage2_samples": 16384,
        "intv_targets": [
            0,
            1,
            2,
            3
        ]
    },
    "intv_args_dict": {
        "0": {
            "intv_type": "do",
            "inode": 0,
            "new_mui": 10.0,
            "true_params": {
                "Si": [
                    [
                        5.31993019983498e-32,
                        -2.3054918372571217e-16,
                        2.101012447453667e-15,
                        1.6706414503388978e-15
                    ],
                    [
                        -2.3054918372571217e-16,
                        0.9999999999999987,
                        -9.113076930054415,
                        -7.216817858449132
                    ],
                    [
                        2.101012447453667e-15,
                        -9.113076930054415,
                        84.04817113309011,
                        65.76741633423758
                    ],
                    [
                        1.6706414503388978e-15,
                        -7.216817858449132,
                        65.76741633423758,
                        53.08246000203038
                    ]
                ],
                "mui": [
                    10.00000000000001,
                    73.81268460618256,
                    -749.2096052927257,
                    -481.4989685273304
                ],
                "Ai": [
                    [
                        0.0,
                        0.0,
                        0.0,
                        0.0
                    ],
                    [
                        7.331268460618263,
                        0.0,
                        0.0,
                        0.0
                    ],
                    [
                        -7.704893206273971,
                        -9.113076930054428,
                        0.0,
                        0.0
                    ],
                    [
                        5.069373191864212,
                        -7.216817858449142,
                        -0.0,
                        0.0
                    ]
                ]
            },
            "est_params": {
                "mui": [
                    10.000000000000002,
                    73.80105996955501,
                    -749.1055265408045,
                    -481.3984328384231
                ],
                "Si": [
                    [
                        1e-06,
                        -3.4944900661072415e-29,
                        1.5867990084527718e-27,
                        -1.4773178290497912e-28
                    ],
                    [
                        -3.4944900661072415e-29,
                        0.9771799468078546,
                        -8.922239530967476,
                        -7.032953226782114
                    ],
                    [
                        1.5867990084527718e-27,
                        -8.922239530967476,
                        82.51396741367903,
                        64.23333549817116
                    ],
                    [
                        -1.4773178290497912e-28,
                        -7.032953226782114,
                        64.23333549817116,
                        51.63834581569264
                    ]
                ]
            },
            "est_tgt": [
                0
            ]
        },
        "1": {
            "intv_type": "do",
            "inode": 1,
            "new_mui": 10.0,
            "true_params": {
                "Si": [
                    [
                        0.9999999999999998,
                        6.7221597470994e-17,
                        -7.704893206273971,
                        5.069373191864211
                    ],
                    [
                        6.7221597470994e-17,
                        4.518743166552348e-33,
                        -5.179352296691453e-16,
                        3.4077136413374416e-16
                    ],
                    [
                        -7.704893206273971,
                        -5.179352296691453e-16,
                        60.3653793200868,
                        -39.058979066061966
                    ],
                    [
                        5.069373191864211,
                        3.4077136413374416e-16,
                        -39.058979066061966,
                        26.69854455839155
                    ]
                ],
                "mui": [
                    0.5000000000000022,
                    9.999999999999998,
                    -94.48321590368126,
                    -69.13349198855931
                ],
                "Ai": [
                    [
                        0.0,
                        0.0,
                        0.0,
                        0.0
                    ],
                    [
                        0.0,
                        0.0,
                        0.0,
                        0.0
                    ],
                    [
                        -7.704893206273971,
                        -9.113076930054428,
                        0.0,
                        0.0
                    ],
                    [
                        5.069373191864212,
                        -7.216817858449142,
                        -0.0,
                        0.0
                    ]
                ]
            },
            "est_params": {
                "mui": [
                    0.478148703380882,
                    9.999999999999991,
                    -94.3325958226148,
                    -69.26725234406892
                ],
                "Si": [
                    [
                        0.9938820693828965,
                        3.236648131014306e-30,
                        -7.647801834598934,
                        5.045157030375732
                    ],
                    [
                        3.273253080115063e-30,
                        1e-06,
                        -5.875286988298349e-28,
                        -3.953411565932498e-28
                    ],
                    [
                        -7.647801834598934,
                        -5.876674123211642e-28,
                        59.83997293540009,
                        -38.832188205739456
                    ],
                    [
                        5.045157030375732,
                        -3.9559931781322355e-28,
                        -38.832188205739456,
                        26.5933644139884
                    ]
                ]
            },
            "est_tgt": [
                1
            ]
        },
        "2": {
            "intv_type": "do",
            "inode": 2,
            "new_mui": 10.0,
            "true_params": {
                "Si": [
                    [
                        1.0,
                        7.331268460618264,
                        0.0,
                        -47.83905595981062
                    ],
                    [
                        7.331268460618264,
                        54.74749724165609,
                        0.0,
                        -357.93778000236097
                    ],
                    [
                        0.0,
                        0.0,
                        0.0,
                        0.0
                    ],
                    [
                        -47.83905595981062,
                        -357.93778000236097,
                        0.0,
                        2341.657735127923
                    ]
                ],
                "mui": [
                    0.5,
                    4.1656342303091325,
                    10.0,
                    -27.02793690912988
                ],
                "Ai": [
                    [
                        0.0,
                        0.0,
                        0.0,
                        0.0
                    ],
                    [
                        7.331268460618263,
                        0.0,
                        0.0,
                        0.0
                    ],
                    [
                        0.0,
                        0.0,
                        0.0,
                        0.0
                    ],
                    [
                        5.069373191864212,
                        -7.216817858449142,
                        -0.0,
                        0.0
                    ]
                ]
            },
            "est_params": {
                "mui": [
                    0.49396401545471297,
                    4.152818411986884,
                    9.999999999999996,
                    -26.967264986463206
                ],
                "Si": [
                    [
                        1.0356165241594937,
                        7.628196625473316,
                        2.8318396560067325e-31,
                        -49.808960213950115
                    ],
                    [
                        7.628196625473316,
                        57.184109937255556,
                        2.951277791158037e-30,
                        -374.05984671739657
                    ],
                    [
                        2.8318396560067325e-31,
                        2.8279868129373355e-30,
                        1e-06,
                        -4.0254504389058966e-29
                    ],
                    [
                        -49.808960213950115,
                        -374.05984671739657,
                        -4.0254504389058966e-29,
                        2448.266810268127
                    ]
                ]
            },
            "est_tgt": [
                2
            ]
        },
        "3": {
            "intv_type": "do",
            "inode": 3,
            "new_mui": 10.0,
            "true_params": {
                "Si": [
                    [
                        1.0000000000000022,
                        7.3312684606182765,
                        -74.51530668277005,
                        0.0
                    ],
                    [
                        7.3312684606182765,
                        54.747497241656156,
                        -555.4047946467435,
                        0.0
                    ],
                    [
                        -74.51530668277005,
                        -555.4047946467435,
                        5636.5791011603515,
                        0.0
                    ],
                    [
                        0.0,
                        0.0,
                        0.0,
                        0.0
                    ]
                ],
                "mui": [
                    0.5000000000000007,
                    4.165634230309134,
                    -41.3141918064122,
                    10.0
                ],
                "Ai": [
                    [
                        0.0,
                        0.0,
                        0.0,
                        0.0
                    ],
                    [
                        7.331268460618263,
                        0.0,
                        0.0,
                        0.0
                    ],
                    [
                        -7.704893206273971,
                        -9.113076930054428,
                        0.0,
                        0.0
                    ],
                    [
                        0.0,
                        0.0,
                        0.0,
                        0.0
                    ]
                ]
            },
            "est_params": {
                "mui": [
                    0.4664359899541806,
                    3.901719089347194,
                    -38.67500317910953,
                    9.999999999999998
                ],
                "Si": [
                    [
                        1.000148265391477,
                        7.327267078243188,
                        -74.47169432184188,
                        -3.3821263666831677e-18
                    ],
                    [
                        7.327267078243188,
                        54.708070442597005,
                        -554.9930495584239,
                        -2.282205224868968e-17
                    ],
                    [
                        -74.47169432184188,
                        -554.9930495584239,
                        5632.2828219540515,
                        2.3511578463029647e-16
                    ],
                    [
                        -3.3821263666831734e-18,
                        -2.2822052248689695e-17,
                        2.351157846302964e-16,
                        1.0000000000000353e-06
                    ]
                ]
            },
            "est_tgt": [
                3
            ]
        },
        "obs": {
            "intv_type": "obs",
            "true_params": {
                "Si": [
                    [
                        1.0000000000000022,
                        7.331268460618264,
                        -74.51530668276993,
                        -47.83905595981063
                    ],
                    [
                        7.331268460618264,
                        54.74749724165598,
                        -555.4047946467417,
                        -357.9377800023602
                    ],
                    [
                        -74.51530668276993,
                        -555.4047946467417,
                        5636.579101160335,
                        3630.5093425937116
                    ],
                    [
                        -47.83905595981063,
                        -357.9377800023602,
                        3630.5093425937116,
                        2341.657735127919
                    ]
                ],
                "mui": [
                    0.5000000000000004,
                    4.165634230309128,
                    -41.31419180641213,
                    -27.027936909129856
                ],
                "Ai": [
                    [
                        0.0,
                        0.0,
                        0.0,
                        0.0
                    ],
                    [
                        7.331268460618263,
                        0.0,
                        0.0,
                        0.0
                    ],
                    [
                        -7.704893206273971,
                        -9.113076930054428,
                        0.0,
                        0.0
                    ],
                    [
                        5.069373191864212,
                        -7.216817858449142,
                        -0.0,
                        0.0
                    ]
                ]
            },
            "est_params": {
                "mui": [
                    0.4740711361301569,
                    4.004659917394356,
                    -39.640348777654495,
                    -26.006490649055287
                ],
                "Si": [
                    [
                        0.9937196880717161,
                        7.291091358854391,
                        -74.06743966760308,
                        -47.57716379301316
                    ],
                    [
                        7.291091358854391,
                        54.50386911450614,
                        -552.620632248367,
                        -356.3521359486463
                    ],
                    [
                        -74.06743966760308,
                        -552.620632248367,
                        5605.163442989888,
                        3612.3661362221137
                    ],
                    [
                        -47.57716379301316,
                        -356.3521359486463,
                        3612.3661362221137,
                        2331.3069792873953
                    ]
                ]
            }
        }
    },
    "metric_dict": {
        "param_est_rel_err": 0.17595218059264076,
        "est_dag": {
            "amat": [
                [
                    0,
                    1,
                    1,
                    1
                ],
                [
                    0,
                    0,
                    1,
                    1
                ],
                [
                    0,
                    0,
                    0,
                    0
                ],
                [
                    0,
                    0,
                    0,
                    0
                ]
            ],
            "nodes": [
                0,
                1,
                2,
                3
            ]
        },
        "act_dag": {
            "amat": [
                [
                    0,
                    1,
                    1,
                    1
                ],
                [
                    0,
                    0,
                    1,
                    1
                ],
                [
                    0,
                    0,
                    0,
                    0
                ],
                [
                    0,
                    0,
                    0,
                    0
                ]
            ],
            "nodes": [
                0,
                1,
                2,
                3
            ]
        },
        "shd": 0,
        "avg_js": 1.0
    }
}