{
    "expt_args": {
        "save_dir": "all_expt_logs/expt_logs_sim_compsel_backward_cameraready_new_var_largemean",
        "exp_name": "20",
        "num_nodes": 6,
        "num_tgt_prior": 7,
        "obs_noise_mean": 0.0,
        "obs_noise_var": 1.0,
        "obs_noise_gamma_shape": null,
        "noise_type": "gaussian",
        "max_edge_strength": 1.0,
        "graph_sparsity_method": "adj_dense_prop",
        "adj_dense_prop": 0.8,
        "num_parents": null,
        "new_noise_mean": 100,
        "mix_samples": 524288,
        "stage2_samples": 524288,
        "gmm_tol": 0.001,
        "intv_type": "hard",
        "new_noise_var": 1.0,
        "dtype": "simulation",
        "cutoff_drop_ratio": 0.07,
        "intv_targets": [
            0,
            1,
            2,
            3,
            4,
            5
        ]
    },
    "intv_args_dict": {
        "0": {
            "intv_type": "hard",
            "inode": 0,
            "new_mui": 100,
            "new_vari": 1.0,
            "noise_type": "gaussian",
            "obs_noise_gamma_shape": null,
            "true_params": {
                "Si": [
                    [
                        1.0,
                        -0.7037812622904867,
                        -0.21442162341784876,
                        -1.4364988588616288,
                        0.3790299434491306,
                        -0.743560674269576
                    ],
                    [
                        -0.7037812622904867,
                        1.4953080651511907,
                        -0.6016254362308093,
                        0.9941061153087858,
                        1.3648011934153512,
                        -2.3121084734890305
                    ],
                    [
                        -0.21442162341784876,
                        -0.6016254362308093,
                        1.612280075890817,
                        1.1812468771346327,
                        -2.211613138715909,
                        4.87427706025505
                    ],
                    [
                        -1.4364988588616288,
                        0.9941061153087858,
                        1.1812468771346327,
                        3.804328358270643,
                        -1.3486762861831008,
                        4.266176329383036
                    ],
                    [
                        0.3790299434491306,
                        1.3648011934153512,
                        -2.211613138715909,
                        -1.3486762861831008,
                        4.6202229117552776,
                        -8.236392723597511
                    ],
                    [
                        -0.743560674269576,
                        -2.3121084734890305,
                        4.87427706025505,
                        4.266176329383036,
                        -8.236392723597511,
                        18.115478546132156
                    ]
                ],
                "mui": [
                    100.0,
                    -70.37812622904866,
                    -21.442162341784876,
                    -143.64988588616288,
                    37.90299434491306,
                    -74.3560674269576
                ],
                "Ai": [
                    [
                        0.0,
                        0.0,
                        0.0,
                        0.0,
                        0.0,
                        0.0
                    ],
                    [
                        -0.7037812622904867,
                        0.0,
                        0.0,
                        0.0,
                        0.0,
                        0.0
                    ],
                    [
                        -0.7440390917761044,
                        -0.7525313570221983,
                        0.0,
                        0.0,
                        0.0,
                        0.0
                    ],
                    [
                        -0.8081059262936919,
                        0.6307021439560963,
                        0.8605315948272025,
                        0.0,
                        0.0,
                        0.0
                    ],
                    [
                        0.8557597598199245,
                        0.9523624412171651,
                        -0.9025443496896995,
                        -0.0,
                        0.0,
                        0.0
                    ],
                    [
                        0.7869594439472449,
                        -0.5277415323602677,
                        0.880077830252249,
                        0.9290829009445202,
                        -0.998866929846817,
                        0.0
                    ]
                ]
            },
            "est_params": {
                "mui": [
                    100.00053887973156,
                    -70.37638873090604,
                    -21.44699089714788,
                    -143.65005175859508,
                    37.90668024157563,
                    -74.37022921544188
                ],
                "Si": [
                    [
                        1.0017990706863353,
                        -0.7087176663532425,
                        -0.21747855138850633,
                        -1.4460388290111366,
                        0.37821028016409575,
                        -0.7451439467455304
                    ],
                    [
                        -0.7087176663532425,
                        1.503921401417746,
                        -0.6070648305478071,
                        0.996426003264145,
                        1.3681637942608846,
                        -2.3313240211754565
                    ],
                    [
                        -0.21747855138850633,
                        -0.6070648305478071,
                        1.645891902384581,
                        1.2186855424501735,
                        -2.2425466332767505,
                        4.967967575544345
                    ],
                    [
                        -1.4460388290111366,
                        0.996426003264145,
                        1.2186855424501735,
                        3.844186774711278,
                        -1.3796555857936417,
                        4.351919185055552
                    ],
                    [
                        0.37821028016409575,
                        1.3681637942608846,
                        -2.2425466332767505,
                        -1.3796555857936417,
                        4.634010116646395,
                        -8.301488650760797
                    ],
                    [
                        -0.7451439467455304,
                        -2.3313240211754565,
                        4.967967575544345,
                        4.351919185055552,
                        -8.301488650760797,
                        18.33855728633051
                    ]
                ]
            },
            "est_tgt": [
                0,
                2
            ],
            "oracle_est_tgt": [
                0,
                2
            ]
        },
        "1": {
            "intv_type": "hard",
            "inode": 1,
            "new_mui": 100,
            "new_vari": 1.0,
            "noise_type": "gaussian",
            "obs_noise_gamma_shape": null,
            "true_params": {
                "Si": [
                    [
                        1.0,
                        0.0,
                        -0.7440390917761044,
                        -1.4483750725535662,
                        1.5272880380507032,
                        -2.7390708931891945
                    ],
                    [
                        0.0,
                        1.0,
                        -0.7525313570221983,
                        -0.016874864859695027,
                        1.6315553654618722,
                        -2.835412543416038
                    ],
                    [
                        -0.7440390917761044,
                        -0.7525313570221983,
                        2.1198976133926815,
                        1.9508781333135397,
                        -3.2667029276293245,
                        6.752817393047349
                    ],
                    [
                        -1.4483750725535662,
                        -0.016874864859695027,
                        1.9508781333135397,
                        3.83858973755443,
                        -3.016286127865918,
                        7.165254272952668
                    ],
                    [
                        1.5272880380507032,
                        1.6315553654618722,
                        -3.2667029276293245,
                        -3.016286127865918,
                        6.809167964896993,
                        -12.137911173818829
                    ],
                    [
                        -2.7390708931891945,
                        -2.835412543416038,
                        6.752817393047349,
                        7.165254272952668,
                        -12.137911173818829,
                        25.06510542772818
                    ]
                ],
                "mui": [
                    0.0,
                    100.0,
                    -75.25313570221984,
                    -1.6874864859695027,
                    163.15553654618722,
                    -283.5412543416038
                ],
                "Ai": [
                    [
                        0.0,
                        0.0,
                        0.0,
                        0.0,
                        0.0,
                        0.0
                    ],
                    [
                        0.0,
                        0.0,
                        0.0,
                        0.0,
                        0.0,
                        0.0
                    ],
                    [
                        -0.7440390917761044,
                        -0.7525313570221983,
                        0.0,
                        0.0,
                        0.0,
                        0.0
                    ],
                    [
                        -0.8081059262936919,
                        0.6307021439560963,
                        0.8605315948272025,
                        0.0,
                        0.0,
                        0.0
                    ],
                    [
                        0.8557597598199245,
                        0.9523624412171651,
                        -0.9025443496896995,
                        -0.0,
                        0.0,
                        0.0
                    ],
                    [
                        0.7869594439472449,
                        -0.5277415323602677,
                        0.880077830252249,
                        0.9290829009445202,
                        -0.998866929846817,
                        0.0
                    ]
                ]
            },
            "est_params": {
                "mui": [
                    -0.003210035013493526,
                    99.990771536116,
                    -75.246076658461,
                    -1.690516411572731,
                    163.14342755891695,
                    -283.52796530410103
                ],
                "Si": [
                    [
                        1.0101126495273782,
                        0.004912870316951169,
                        -0.7612808929020954,
                        -1.470799079023443,
                        1.555150324832803,
                        -2.8031904178957023
                    ],
                    [
                        0.004912870316951169,
                        1.0005241282856618,
                        -0.758212655072736,
                        -0.021373745225643236,
                        1.6434774868225253,
                        -2.853787610913887
                    ],
                    [
                        -0.7612808929020954,
                        -0.758212655072736,
                        2.144771980896066,
                        1.9805171844164917,
                        -3.3101459064077927,
                        6.836799218365155
                    ],
                    [
                        -1.470799079023443,
                        -0.021373745225643236,
                        1.9805171844164917,
                        3.883046135682704,
                        -3.0678966406336694,
                        7.276872078631963
                    ],
                    [
                        1.555150324832803,
                        1.6434774868225253,
                        -3.3101459064077927,
                        -3.0678966406336694,
                        6.890130468627933,
                        -12.293464101619909
                    ],
                    [
                        -2.8031904178957023,
                        -2.853787610913887,
                        6.836799218365155,
                        7.276872078631963,
                        -12.293464101619909,
                        25.369440332370598
                    ]
                ]
            },
            "est_tgt": [
                1
            ],
            "oracle_est_tgt": [
                1
            ]
        },
        "2": {
            "intv_type": "hard",
            "inode": 2,
            "new_mui": 100,
            "new_vari": 1.0,
            "noise_type": "gaussian",
            "obs_noise_gamma_shape": null,
            "true_params": {
                "Si": [
                    [
                        1.0,
                        -0.7037812622904867,
                        0.0,
                        -1.2519822772964295,
                        0.18550491878205863,
                        -0.19011600906214154
                    ],
                    [
                        -0.7037812622904867,
                        1.4953080651511907,
                        0.0,
                        1.5118238114370954,
                        0.8218075553156337,
                        -0.7592502177422353
                    ],
                    [
                        0.0,
                        0.0,
                        1.0,
                        0.8605315948272025,
                        -0.9025443496896995,
                        2.581104724353863
                    ],
                    [
                        -1.2519822772964295,
                        1.5118238114370954,
                        0.8605315948272025,
                        3.705759442751019,
                        -0.4082597658082808,
                        2.824978199286038
                    ],
                    [
                        0.18550491878205863,
                        0.8218075553156337,
                        -0.9025443496896995,
                        -0.4082597658082808,
                        2.755992597490259,
                        -4.214203435886386
                    ],
                    [
                        -0.19011600906214154,
                        -0.7592502177422353,
                        2.581104724353863,
                        2.824978199286038,
                        -4.214203435886386,
                        10.356714718293759
                    ]
                ],
                "mui": [
                    0.0,
                    0.0,
                    100.0,
                    86.05315948272025,
                    -90.25443496896996,
                    258.11047243538627
                ],
                "Ai": [
                    [
                        0.0,
                        0.0,
                        0.0,
                        0.0,
                        0.0,
                        0.0
                    ],
                    [
                        -0.7037812622904867,
                        0.0,
                        0.0,
                        0.0,
                        0.0,
                        0.0
                    ],
                    [
                        0.0,
                        0.0,
                        0.0,
                        0.0,
                        0.0,
                        0.0
                    ],
                    [
                        -0.8081059262936919,
                        0.6307021439560963,
                        0.8605315948272025,
                        0.0,
                        0.0,
                        0.0
                    ],
                    [
                        0.8557597598199245,
                        0.9523624412171651,
                        -0.9025443496896995,
                        -0.0,
                        0.0,
                        0.0
                    ],
                    [
                        0.7869594439472449,
                        -0.5277415323602677,
                        0.880077830252249,
                        0.9290829009445202,
                        -0.998866929846817,
                        0.0
                    ]
                ]
            },
            "est_params": {
                "mui": [
                    -0.0022684895161071647,
                    0.0016044840321468472,
                    99.9989604011709,
                    86.05771879296408,
                    -90.24821963069816,
                    258.09879075352075
                ],
                "Si": [
                    [
                        1.0037238289768284,
                        -0.7001657579300936,
                        0.0026641109404233632,
                        -1.245379648427293,
                        0.18896848726209556,
                        -0.18362937874147928
                    ],
                    [
                        -0.7001657579300936,
                        1.4967822000880213,
                        -0.00023458156833707836,
                        1.5079215586174197,
                        0.826636059604279,
                        -0.7731297466686389
                    ],
                    [
                        0.0026641109404233632,
                        -0.00023458156833707836,
                        1.001157255931647,
                        0.8606332265434885,
                        -0.8984670531047454,
                        2.580254415287888
                    ],
                    [
                        -1.245379648427293,
                        1.5079215586174197,
                        0.8606332265434885,
                        3.6998314368745673,
                        -0.4047256337437663,
                        2.816790204035903
                    ],
                    [
                        0.18896848726209556,
                        0.826636059604279,
                        -0.8984670531047454,
                        -0.4047256337437663,
                        2.756054918036382,
                        -4.211647186767995
                    ],
                    [
                        -0.18362937874147928,
                        -0.7731297466686389,
                        2.580254415287888,
                        2.816790204035903,
                        -4.211647186767995,
                        10.363287634092071
                    ]
                ]
            },
            "est_tgt": [
                2,
                4,
                5
            ],
            "oracle_est_tgt": [
                2,
                3,
                5
            ]
        },
        "3": {
            "intv_type": "hard",
            "inode": 3,
            "new_mui": 100,
            "new_vari": 1.0,
            "noise_type": "gaussian",
            "obs_noise_gamma_shape": null,
            "true_params": {
                "Si": [
                    [
                        1.0,
                        -0.7037812622904867,
                        -0.21442162341784876,
                        0.0,
                        0.3790299434491306,
                        0.5910658527250789
                    ],
                    [
                        -0.7037812622904867,
                        1.4953080651511907,
                        -0.6016254362308093,
                        0.0,
                        1.3648011934153512,
                        -3.235715466946805
                    ],
                    [
                        -0.21442162341784876,
                        -0.6016254362308093,
                        1.612280075890817,
                        0.0,
                        -2.211613138715909,
                        3.7768007849151504
                    ],
                    [
                        0.0,
                        0.0,
                        0.0,
                        1.0,
                        0.0,
                        0.9290829009445202
                    ],
                    [
                        0.3790299434491306,
                        1.3648011934153512,
                        -2.211613138715909,
                        0.0,
                        4.6202229117552776,
                        -6.9833606471954335
                    ],
                    [
                        0.5910658527250789,
                        -3.235715466946805,
                        3.7768007849151504,
                        0.9290829009445202,
                        -6.9833606471954335,
                        14.335287980192843
                    ]
                ],
                "mui": [
                    0.0,
                    0.0,
                    0.0,
                    100.0,
                    0.0,
                    92.90829009445201
                ],
                "Ai": [
                    [
                        0.0,
                        0.0,
                        0.0,
                        0.0,
                        0.0,
                        0.0
                    ],
                    [
                        -0.7037812622904867,
                        0.0,
                        0.0,
                        0.0,
                        0.0,
                        0.0
                    ],
                    [
                        -0.7440390917761044,
                        -0.7525313570221983,
                        0.0,
                        0.0,
                        0.0,
                        0.0
                    ],
                    [
                        0.0,
                        0.0,
                        0.0,
                        0.0,
                        0.0,
                        0.0
                    ],
                    [
                        0.8557597598199245,
                        0.9523624412171651,
                        -0.9025443496896995,
                        -0.0,
                        0.0,
                        0.0
                    ],
                    [
                        0.7869594439472449,
                        -0.5277415323602677,
                        0.880077830252249,
                        0.9290829009445202,
                        -0.998866929846817,
                        0.0
                    ]
                ]
            },
            "est_params": {
                "mui": [
                    0.0027195492235916265,
                    -0.0021378986818077596,
                    0.0048311894612169835,
                    99.99535420016223,
                    -0.0011475887522093074,
                    92.91396009924863
                ],
                "Si": [
                    [
                        1.0083203581501978,
                        -0.7137118360034838,
                        -0.21548432461988903,
                        0.0028627578320599848,
                        0.37589281450328466,
                        0.6077577413500163
                    ],
                    [
                        -0.7137118360034838,
                        1.5077474729351628,
                        -0.6054792034977476,
                        -0.00893313630916549,
                        1.3729985836316305,
                        -3.2756071305865055
                    ],
                    [
                        -0.21548432461988903,
                        -0.6054792034977476,
                        1.6202946116539836,
                        0.0063052237636087825,
                        -2.228235282195934,
                        3.808792707530459
                    ],
                    [
                        0.0028627578320599848,
                        -0.00893313630916549,
                        0.0063052237636087825,
                        1.0039456036651515,
                        -0.013931447686423428,
                        0.9618615203079383
                    ],
                    [
                        0.37589281450328466,
                        1.3729985836316305,
                        -2.228235282195934,
                        -0.013931447686423428,
                        4.643937742369632,
                        -7.0487861046472045
                    ],
                    [
                        0.6077577413500163,
                        -3.2756071305865055,
                        3.808792707530459,
                        0.9618615203079383,
                        -7.0487861046472045,
                        14.505542086676359
                    ]
                ]
            },
            "est_tgt": [
                2,
                3,
                5
            ],
            "oracle_est_tgt": [
                2,
                3,
                5
            ]
        },
        "4": {
            "intv_type": "hard",
            "inode": 4,
            "new_mui": 100,
            "new_vari": 1.0,
            "noise_type": "gaussian",
            "obs_noise_gamma_shape": null,
            "true_params": {
                "Si": [
                    [
                        1.0,
                        -0.7037812622904867,
                        -0.21442162341784876,
                        -1.4364988588616288,
                        0.0,
                        -0.36496019833653015
                    ],
                    [
                        -0.7037812622904867,
                        1.4953080651511907,
                        -0.6016254362308093,
                        0.9941061153087858,
                        0.0,
                        -0.948853695570967
                    ],
                    [
                        -0.21442162341784876,
                        -0.6016254362308093,
                        1.612280075890817,
                        1.1812468771346327,
                        0.0,
                        2.665169834377007
                    ],
                    [
                        -1.4364988588616288,
                        0.9941061153087858,
                        1.1812468771346327,
                        3.804328358270643,
                        0.0,
                        2.9190281880461146
                    ],
                    [
                        0.0,
                        0.0,
                        0.0,
                        0.0,
                        1.0,
                        -0.998866929846817
                    ],
                    [
                        -0.36496019833653015,
                        -0.948853695570967,
                        2.665169834377007,
                        2.9190281880461146,
                        -0.998866929846817,
                        7.268851834063112
                    ]
                ],
                "mui": [
                    0.0,
                    0.0,
                    0.0,
                    0.0,
                    100.0,
                    -99.8866929846817
                ],
                "Ai": [
                    [
                        0.0,
                        0.0,
                        0.0,
                        0.0,
                        0.0,
                        0.0
                    ],
                    [
                        -0.7037812622904867,
                        0.0,
                        0.0,
                        0.0,
                        0.0,
                        0.0
                    ],
                    [
                        -0.7440390917761044,
                        -0.7525313570221983,
                        0.0,
                        0.0,
                        0.0,
                        0.0
                    ],
                    [
                        -0.8081059262936919,
                        0.6307021439560963,
                        0.8605315948272025,
                        0.0,
                        0.0,
                        0.0
                    ],
                    [
                        0.0,
                        0.0,
                        0.0,
                        0.0,
                        0.0,
                        0.0
                    ],
                    [
                        0.7869594439472449,
                        -0.5277415323602677,
                        0.880077830252249,
                        0.9290829009445202,
                        -0.998866929846817,
                        0.0
                    ]
                ]
            },
            "est_params": {
                "mui": [
                    0.0023941194104033286,
                    0.004418710629253392,
                    -0.004755668983538263,
                    -0.0018988465037163469,
                    100.00268599174967,
                    -99.89373354518835
                ],
                "Si": [
                    [
                        1.0022818390923038,
                        -0.7049804726963276,
                        -0.21327844562994638,
                        -1.43481905311888,
                        0.0003611885135550936,
                        -0.3585921198012341
                    ],
                    [
                        -0.7049804726963276,
                        1.4900622349605739,
                        -0.5987039867479648,
                        0.9917455155362819,
                        -0.0072806113744888585,
                        -0.9384250100924344
                    ],
                    [
                        -0.21327844562994638,
                        -0.5987039867479648,
                        1.6080119978860141,
                        1.1769071641934985,
                        0.010611031132363825,
                        2.641348721008163
                    ],
                    [
                        -1.43481905311888,
                        0.9917455155362819,
                        1.1769071641934985,
                        3.7895525835407584,
                        0.006461565357997267,
                        2.88662506973477
                    ],
                    [
                        0.0003611885135550936,
                        -0.0072806113744888585,
                        0.010611031132363825,
                        0.006461565357997267,
                        1.0075522739389917,
                        -0.9848094569925464
                    ],
                    [
                        -0.3585921198012341,
                        -0.9384250100924344,
                        2.641348721008163,
                        2.88662506973477,
                        -0.9848094569925464,
                        7.188778227982336
                    ]
                ]
            },
            "est_tgt": [
                2,
                4,
                5
            ],
            "oracle_est_tgt": [
                2,
                4,
                5
            ]
        },
        "5": {
            "intv_type": "hard",
            "inode": 5,
            "new_mui": 100,
            "new_vari": 1.0,
            "noise_type": "gaussian",
            "obs_noise_gamma_shape": null,
            "true_params": {
                "Si": [
                    [
                        1.0,
                        -0.7037812622904867,
                        -0.21442162341784876,
                        -1.4364988588616288,
                        0.3790299434491306,
                        0.0
                    ],
                    [
                        -0.7037812622904867,
                        1.4953080651511907,
                        -0.6016254362308093,
                        0.9941061153087858,
                        1.3648011934153512,
                        0.0
                    ],
                    [
                        -0.21442162341784876,
                        -0.6016254362308093,
                        1.612280075890817,
                        1.1812468771346327,
                        -2.211613138715909,
                        0.0
                    ],
                    [
                        -1.4364988588616288,
                        0.9941061153087858,
                        1.1812468771346327,
                        3.804328358270643,
                        -1.3486762861831008,
                        0.0
                    ],
                    [
                        0.3790299434491306,
                        1.3648011934153512,
                        -2.211613138715909,
                        -1.3486762861831008,
                        4.6202229117552776,
                        0.0
                    ],
                    [
                        0.0,
                        0.0,
                        0.0,
                        0.0,
                        0.0,
                        1.0
                    ]
                ],
                "mui": [
                    0.0,
                    0.0,
                    0.0,
                    0.0,
                    0.0,
                    100.0
                ],
                "Ai": [
                    [
                        0.0,
                        0.0,
                        0.0,
                        0.0,
                        0.0,
                        0.0
                    ],
                    [
                        -0.7037812622904867,
                        0.0,
                        0.0,
                        0.0,
                        0.0,
                        0.0
                    ],
                    [
                        -0.7440390917761044,
                        -0.7525313570221983,
                        0.0,
                        0.0,
                        0.0,
                        0.0
                    ],
                    [
                        -0.8081059262936919,
                        0.6307021439560963,
                        0.8605315948272025,
                        0.0,
                        0.0,
                        0.0
                    ],
                    [
                        0.8557597598199245,
                        0.9523624412171651,
                        -0.9025443496896995,
                        -0.0,
                        0.0,
                        0.0
                    ],
                    [
                        0.0,
                        0.0,
                        0.0,
                        0.0,
                        0.0,
                        0.0
                    ]
                ]
            },
            "est_params": {
                "mui": [
                    0.0006760639172139633,
                    0.0026481546873963306,
                    -0.0003038069870849526,
                    -0.0016829458743435755,
                    0.0030822862814227324,
                    100.00075766151798
                ],
                "Si": [
                    [
                        0.9993928505874564,
                        -0.7075654603333393,
                        -0.20394098232064306,
                        -1.4332156041246273,
                        0.357201758532876,
                        -0.0025807284488858478
                    ],
                    [
                        -0.7075654603333393,
                        1.4992657986071671,
                        -0.6061190496985113,
                        0.9998236118234187,
                        1.375575294435426,
                        0.004793926756494427
                    ],
                    [
                        -0.20394098232064306,
                        -0.6061190496985113,
                        1.6075073088301828,
                        1.1703758753410098,
                        -2.205009350245774,
                        -0.0036435378718432175
                    ],
                    [
                        -1.4332156041246273,
                        0.9998236118234187,
                        1.1703758753410098,
                        3.8043449451322413,
                        -1.3209491176728014,
                        -0.0002426999058554426
                    ],
                    [
                        0.357201758532876,
                        1.375575294435426,
                        -2.205009350245774,
                        -1.3209491176728014,
                        4.604672734924142,
                        0.0012034152689649287
                    ],
                    [
                        -0.0025807284488858478,
                        0.004793926756494427,
                        -0.0036435378718432175,
                        -0.0002426999058554426,
                        0.0012034152689649287,
                        0.9986307158266337
                    ]
                ]
            },
            "est_tgt": [
                2,
                3,
                5
            ],
            "oracle_est_tgt": [
                2,
                4,
                5
            ]
        },
        "obs": {
            "intv_type": "obs",
            "noise_type": "gaussian",
            "obs_noise_gamma_shape": null,
            "true_params": {
                "Si": [
                    [
                        1.0,
                        -0.7037812622904867,
                        -0.21442162341784876,
                        -1.4364988588616288,
                        0.3790299434491306,
                        -0.743560674269576
                    ],
                    [
                        -0.7037812622904867,
                        1.4953080651511907,
                        -0.6016254362308093,
                        0.9941061153087858,
                        1.3648011934153512,
                        -2.3121084734890305
                    ],
                    [
                        -0.21442162341784876,
                        -0.6016254362308093,
                        1.612280075890817,
                        1.1812468771346327,
                        -2.211613138715909,
                        4.87427706025505
                    ],
                    [
                        -1.4364988588616288,
                        0.9941061153087858,
                        1.1812468771346327,
                        3.804328358270643,
                        -1.3486762861831008,
                        4.266176329383036
                    ],
                    [
                        0.3790299434491306,
                        1.3648011934153512,
                        -2.211613138715909,
                        -1.3486762861831008,
                        4.6202229117552776,
