{
    "expt_args": {
        "save_dir": "all_expt_logs/expt_logs_sim_compsel_backward_cameraready_new_var_largemean",
        "exp_name": "89",
        "num_nodes": 6,
        "num_tgt_prior": 7,
        "obs_noise_mean": 0.0,
        "obs_noise_var": 1.0,
        "obs_noise_gamma_shape": null,
        "noise_type": "gaussian",
        "max_edge_strength": 1.0,
        "graph_sparsity_method": "adj_dense_prop",
        "adj_dense_prop": 0.8,
        "num_parents": null,
        "new_noise_mean": 100,
        "mix_samples": 2048,
        "stage2_samples": 2048,
        "gmm_tol": 0.001,
        "intv_type": "hard",
        "new_noise_var": 8.0,
        "dtype": "simulation",
        "cutoff_drop_ratio": 0.07,
        "intv_targets": [
            0,
            1,
            2,
            3,
            4,
            5
        ]
    },
    "intv_args_dict": {
        "0": {
            "intv_type": "hard",
            "inode": 0,
            "new_mui": 100,
            "new_vari": 8.0,
            "noise_type": "gaussian",
            "obs_noise_gamma_shape": null,
            "true_params": {
                "Si": [
                    [
                        8.0,
                        7.395562408798197,
                        13.322163659699852,
                        17.773597806083835,
                        19.889603860209363,
                        -22.40989545166746
                    ],
                    [
                        7.395562408798197,
                        7.836792917803624,
                        13.09081618445133,
                        17.10138362869152,
                        18.47276398305917,
                        -22.114136226470453
                    ],
                    [
                        13.322163659699852,
                        13.09081618445133,
                        23.7859477264124,
                        30.982895026249555,
                        34.542351710000645,
                        -39.7570913144074
                    ],
                    [
                        17.773597806083835,
                        17.10138362869152,
                        30.982895026249555,
                        41.68586494301706,
                        45.9684775271308,
                        -52.79624442744873
                    ],
                    [
                        19.889603860209363,
                        18.47276398305917,
                        34.542351710000645,
                        45.9684775271308,
                        52.59385608854736,
                        -58.82387748082014
                    ],
                    [
                        -22.40989545166746,
                        -22.114136226470453,
                        -39.7570913144074,
                        -52.79624442744873,
                        -58.82387748082014,
                        68.80567443970361
                    ]
                ],
                "mui": [
                    100.0,
                    92.44453010997746,
                    166.52704574624815,
                    222.16997257604794,
                    248.62004825261704,
                    -280.1236931458432
                ],
                "Ai": [
                    [
                        0.0,
                        0.0,
                        0.0,
                        0.0,
                        0.0,
                        0.0
                    ],
                    [
                        0.9244453010997746,
                        0.0,
                        0.0,
                        0.0,
                        0.0,
                        0.0
                    ],
                    [
                        0.9486362179926615,
                        0.7752045887596266,
                        0.0,
                        0.0,
                        0.0,
                        0.0
                    ],
                    [
                        0.7809987159036054,
                        0.0,
                        0.865145360263099,
                        0.0,
                        0.0,
                        0.0
                    ],
                    [
                        0.6921604181686738,
                        -0.963854729557944,
                        0.8778611149906426,
                        0.5505671379927121,
                        0.0,
                        0.0
                    ],
                    [
                        0.9336659526300035,
                        -0.9813709304664411,
                        -0.0,
                        -0.536006001922136,
                        -0.6583679646153437,
                        0.0
                    ]
                ]
            },
            "est_params": {
                "mui": [
                    99.75175853829205,
                    92.25573604317131,
                    166.15168070029546,
                    221.63172108514598,
                    248.05679502637267,
                    -279.418969343335
                ],
                "Si": [
                    [
                        7.51475127397059,
                        7.289911681164314,
                        12.602726109210728,
                        16.76279730206131,
                        18.699643632262127,
                        -21.392837529245515
                    ],
                    [
                        7.289911681164314,
                        8.044988955266687,
                        12.991508591434323,
                        16.91649207754618,
                        18.1485666493368,
                        -22.06455585759214
                    ],
                    [
                        12.602726109210728,
                        12.991508591434323,
                        22.809603618836054,
                        29.62385188082282,
                        32.74451323759629,
                        -38.32208276808646
                    ],
                    [
                        16.76279730206131,
                        16.91649207754618,
                        29.62385188082282,
                        39.82336796593273,
                        43.599209122237994,
                        -50.928697635959075
                    ],
                    [
                        18.699643632262127,
                        18.1485666493368,
                        32.74451323759629,
                        43.599209122237994,
                        49.688594990833,
                        -56.3092414986496
                    ],
                    [
                        -21.392837529245515,
                        -22.06455585759214,
                        -38.32208276808646,
                        -50.928697635959075,
                        -56.3092414986496,
                        66.8575935822975
                    ]
                ]
            },
            "est_tgt": [
                0
            ],
            "oracle_est_tgt": [
                0
            ]
        },
        "1": {
            "intv_type": "hard",
            "inode": 1,
            "new_mui": 100,
            "new_vari": 8.0,
            "noise_type": "gaussian",
            "obs_noise_gamma_shape": null,
            "true_params": {
                "Si": [
                    [
                        1.0,
                        0.0,
                        0.9486362179926615,
                        1.6017069384774902,
                        2.4067784712368385,
                        -1.5094044231024868
                    ],
                    [
                        0.0,
                        8.0,
                        6.201636710077013,
                        5.365317225760437,
                        0.6873052300214761,
                        -11.179309424314066
                    ],
                    [
                        0.9486362179926615,
                        6.201636710077013,
                        6.707447909559275,
                        6.54380110627355,
                        4.170141114629784,
                        -11.453400636556582
                    ],
                    [
                        1.6017069384774902,
                        5.365317225760437,
                        6.54380110627355,
                        7.912270227781911,
                        6.0380362704574715,
                        -11.986181104120108
                    ],
                    [
                        2.4067784712368385,
                        0.6873052300214761,
                        4.170141114629784,
                        6.0380362704574715,
                        8.988563473563723,
                        -7.581580178678628
                    ],
                    [
                        -1.5094044231024868,
                        -11.179309424314066,
                        -11.453400636556582,
                        -11.986181104120108,
                        -7.581580178678628,
                        21.977904295850184
                    ]
                ],
                "mui": [
                    0.0,
                    100.0,
                    77.52045887596266,
                    67.06646532200547,
                    8.591315375268453,
                    -139.74136780392584
                ],
                "Ai": [
                    [
                        0.0,
                        0.0,
                        0.0,
                        0.0,
                        0.0,
                        0.0
                    ],
                    [
                        0.0,
                        0.0,
                        0.0,
                        0.0,
                        0.0,
                        0.0
                    ],
                    [
                        0.9486362179926615,
                        0.7752045887596266,
                        0.0,
                        0.0,
                        0.0,
                        0.0
                    ],
                    [
                        0.7809987159036054,
                        0.0,
                        0.865145360263099,
                        0.0,
                        0.0,
                        0.0
                    ],
                    [
                        0.6921604181686738,
                        -0.963854729557944,
                        0.8778611149906426,
                        0.5505671379927121,
                        0.0,
                        0.0
                    ],
                    [
                        0.9336659526300035,
                        -0.9813709304664411,
                        -0.0,
                        -0.536006001922136,
                        -0.6583679646153437,
                        0.0
                    ]
                ]
            },
            "est_params": {
                "mui": [
                    -0.042006202951501585,
                    100.05013847111012,
                    77.50482451173298,
                    66.91924875224784,
                    8.355987867482561,
                    -139.54823770383973
                ],
                "Si": [
                    [
                        1.0776171860942272,
                        0.2096944913272822,
                        1.1549516685735806,
                        1.8145513571346188,
                        2.5430818718484094,
                        -1.8388138295267573
                    ],
                    [
                        0.2096944913272822,
                        8.052396235953742,
                        6.5570500127471,
                        5.876293979557788,
                        1.2959475874229278,
                        -11.48796354046541
                    ],
                    [
                        1.1549516685735806,
                        6.5570500127471,
                        7.256829421414203,
                        7.226574746153725,
                        4.744272867773986,
                        -12.144388649636987
                    ],
                    [
                        1.8145513571346188,
                        5.876293979557788,
                        7.226574746153725,
                        8.650763569056549,
                        6.4961611845549845,
                        -12.745189952725832
                    ],
                    [
                        2.5430818718484094,
                        1.2959475874229278,
                        4.744272867773986,
                        6.4961611845549845,
                        9.048380968927582,
                        -8.250190072701777
                    ],
                    [
                        -1.8388138295267573,
                        -11.48796354046541,
                        -12.144388649636987,
                        -12.745189952725832,
                        -8.250190072701777,
                        22.48309728412485
                    ]
                ]
            },
            "est_tgt": [
                1,
                3,
                4
            ],
            "oracle_est_tgt": [
                1,
                3,
                4
            ]
        },
        "2": {
            "intv_type": "hard",
            "inode": 2,
            "new_mui": 100,
            "new_vari": 8.0,
            "noise_type": "gaussian",
            "obs_noise_gamma_shape": null,
            "true_params": {
                "Si": [
                    [
                        1.0,
                        0.9244453010997746,
                        0.0,
                        0.7809987159036054,
                        0.2311216702770696,
                        -0.5443408955322381
                    ],
                    [
                        0.9244453010997746,
                        1.854599114725453,
                        0.0,
                        0.7219905930820458,
                        -0.7501953874879757,
                        -0.8500132370537257
                    ],
                    [
                        0.0,
                        0.0,
                        8.0,
                        6.921162882104792,
                        10.833453759506966,
                        -10.842183746489923
                    ],
                    [
                        0.7809987159036054,
                        0.7219905930820458,
                        6.921162882104792,
                        7.597770949321219,
                        10.103585121358877,
                        -10.70367627176673
                    ],
                    [
                        0.2311216702770696,
                        -0.7501953874879757,
                        10.833453759506966,
                        10.103585121358877,
                        16.956022384522317,
                        -15.626873831346334
                    ],
                    [
                        -0.5443408955322381,
                        -0.8500132370537257,
                        -10.842183746489923,
                        -10.70367627176673,
                        -15.626873831346334,
                        17.351413562516413
                    ]
                ],
                "mui": [
                    0.0,
                    0.0,
                    100.0,
                    86.5145360263099,
                    135.41817199383706,
                    -135.52729683112403
                ],
                "Ai": [
                    [
                        0.0,
                        0.0,
                        0.0,
                        0.0,
                        0.0,
                        0.0
                    ],
                    [
                        0.9244453010997746,
                        0.0,
                        0.0,
                        0.0,
                        0.0,
                        0.0
                    ],
                    [
                        0.0,
                        0.0,
                        0.0,
                        0.0,
                        0.0,
                        0.0
                    ],
                    [
                        0.7809987159036054,
                        0.0,
                        0.865145360263099,
                        0.0,
                        0.0,
                        0.0
                    ],
                    [
                        0.6921604181686738,
                        -0.963854729557944,
                        0.8778611149906426,
                        0.5505671379927121,
                        0.0,
                        0.0
                    ],
                    [
                        0.9336659526300035,
                        -0.9813709304664411,
                        -0.0,
                        -0.536006001922136,
                        -0.6583679646153437,
                        0.0
                    ]
                ]
            },
            "est_params": {
                "mui": [
                    0.06756796332410014,
                    0.09216029255645482,
                    100.21421081460393,
                    86.75806644349395,
                    135.74373157513827,
                    -135.9788253079491
                ],
                "Si": [
                    [
                        0.9676388076994915,
                        0.9904720755266463,
                        -0.17094978527294727,
                        0.6293176330793464,
                        -0.1237403514133284,
                        -0.410114003236363
                    ],
                    [
                        0.9904720755266463,
                        1.9788376370483185,
                        -0.03892793772210765,
                        0.7854668367442958,
                        -0.8530782547631697,
                        -0.9359171800383724
                    ],
                    [
                        -0.17094978527294727,
                        -0.03892793772210765,
                        8.025418246255207,
                        6.4794799144231074,
                        10.497975503954773,
                        -10.282601774496317
                    ],
                    [
                        0.6293176330793464,
                        0.7854668367442958,
                        6.4794799144231074,
                        6.74417495095973,
                        8.966680652486763,
                        -9.55533430628089
                    ],
                    [
                        -0.1237403514133284,
                        -0.8530782547631697,
                        10.497975503954773,
                        8.966680652486763,
                        15.740525894459953,
                        -14.177419706978084
                    ],
                    [
                        -0.410114003236363,
                        -0.9359171800383724,
                        -10.282601774496317,
                        -9.55533430628089,
                        -14.177419706978084,
                        15.72853493090798
                    ]
                ]
            },
            "est_tgt": [
                2,
                4
            ],
            "oracle_est_tgt": [
                2,
                4
            ]
        },
        "3": {
            "intv_type": "hard",
            "inode": 3,
            "new_mui": 100,
            "new_vari": 8.0,
            "noise_type": "gaussian",
            "obs_noise_gamma_shape": null,
            "true_params": {
                "Si": [
                    [
                        1.0,
                        0.9244453010997746,
                        1.6652704574624815,
                        0.0,
                        1.2630056230350297,
                        -0.8050802340109182
                    ],
                    [
                        0.9244453010997746,
                        1.854599114725453,
                        2.3146560382210897,
                        0.0,
                        0.8842468485537707,
                        -1.5390863540545823
                    ],
                    [
                        1.6652704574624815,
                        2.3146560382210897,
                        4.374067850931285,
                        0.0,
                        2.7614662071251797,
                        -2.5347907080245458
                    ],
                    [
                        0.0,
                        0.0,
                        0.0,
                        8.0,
                        4.4045371039416965,
                        -7.187854143571943
                    ],
                    [
                        1.2630056230350297,
                        0.8842468485537707,
                        2.7614662071251797,
                        4.4045371039416965,
                        5.871094184209833,
                        -5.914747455843882
                    ],
                    [
                        -0.8050802340109182,
                        -1.5390863540545823,
                        -2.5347907080245458,
                        -7.187854143571943,
                        -5.914747455843882,
                        9.505551809328534
                    ]
                ],
                "mui": [
                    0.0,
                    0.0,
                    0.0,
                    100.0,
                    55.05671379927121,
                    -89.84817679464929
                ],
                "Ai": [
                    [
                        0.0,
                        0.0,
                        0.0,
                        0.0,
                        0.0,
                        0.0
                    ],
                    [
                        0.9244453010997746,
                        0.0,
                        0.0,
                        0.0,
                        0.0,
                        0.0
                    ],
                    [
                        0.9486362179926615,
                        0.7752045887596266,
                        0.0,
                        0.0,
                        0.0,
                        0.0
                    ],
                    [
                        0.0,
                        0.0,
                        0.0,
                        0.0,
                        0.0,
                        0.0
                    ],
                    [
                        0.6921604181686738,
                        -0.963854729557944,
                        0.8778611149906426,
                        0.5505671379927121,
                        0.0,
                        0.0
                    ],
                    [
                        0.9336659526300035,
                        -0.9813709304664411,
                        -0.0,
                        -0.536006001922136,
                        -0.6583679646153437,
                        0.0
                    ]
                ]
            },
            "est_params": {
                "mui": [
                    -0.029503127343303133,
                    -0.036661612737703665,
                    -0.05215976584730696,
                    99.97278835687067,
                    55.01355102161114,
                    -89.78514449498454
                ],
                "Si": [
                    [
                        0.9695391009088966,
                        0.9021374402599628,
                        1.539399624142588,
                        0.010030073062411405,
                        1.2076063935607682,
                        -0.8819228669320374
                    ],
                    [
                        0.9021374402599628,
                        1.8850557209957508,
                        2.253987670229154,
                        0.0033113072475659177,
                        0.78138934114684,
                        -1.5289605812071934
                    ],
                    [
                        1.539399624142588,
                        2.253987670229154,
                        4.185376027246107,
                        -0.09266598450513713,
                        2.5529573548363755,
                        -2.5098851294895073
                    ],
                    [
                        0.010030073062411405,
                        0.0033113072475659177,
                        -0.09266598450513713,
                        7.6130703381794795,
                        4.107082331982502,
                        -6.835773393579141
                    ],
                    [
                        1.2076063935607682,
                        0.78138934114684,
                        2.5529573548363755,
                        4.107082331982502,
                        5.687814055772071,
                        -5.849142466217824
                    ],
                    [
                        -0.8819228669320374,
                        -1.5289605812071934,
                        -2.5098851294895073,
                        -6.835773393579141,
                        -5.849142466217824,
                        9.317757954241614
                    ]
                ]
            },
            "est_tgt": [
                2,
                3,
                4,
                5
            ],
            "oracle_est_tgt": [
                2,
                3,
                4,
                5
            ]
        },
        "4": {
            "intv_type": "hard",
            "inode": 4,
            "new_mui": 100,
            "new_vari": 8.0,
            "noise_type": "gaussian",
            "obs_noise_gamma_shape": null,
            "true_params": {
                "Si": [
                    [
                        1.0,
                        0.9244453010997746,
                        1.6652704574624815,
                        2.2216997257604794,
                        0.0,
                        -1.1644021801519921
                    ],
                    [
                        0.9244453010997746,
                        1.854599114725453,
                        2.3146560382210897,
                        2.7245045251539874,
                        0.0,
                        -2.4172773339012608
                    ],
                    [
                        1.6652704574624815,
                        2.3146560382210897,
                        4.374067850931285,
                        5.084778595619593,
                        0.0,
                        -3.442201667582798
                    ],
                    [
                        2.2216997257604794,
                        2.7245045251539874,
                        5.084778595619593,
                        7.134217242907733,
                        0.0,
                        -4.4234074112153605
                    ],
                    [
                        0.0,
                        0.0,
                        0.0,
                        0.0,
                        8.0,
                        -5.26694371692275
                    ],
                    [
                        -1.1644021801519921,
                        -2.4172773339012608,
                        -3.442201667582798,
                        -4.4234074112153605,
                        -5.26694371692275,
                        8.12364297160235
                    ]
                ],
                "mui": [
                    0.0,
                    0.0,
                    0.0,
                    0.0,
                    100.0,
                    -65.83679646153438
                ],
                "Ai": [
                    [
                        0.0,
                        0.0,
                        0.0,
                        0.0,
                        0.0,
                        0.0
                    ],
                    [
                        0.9244453010997746,
                        0.0,
                        0.0,
                        0.0,
                        0.0,
                        0.0
                    ],
                    [
                        0.9486362179926615,
                        0.7752045887596266,
                        0.0,
                        0.0,
                        0.0,
                        0.0
                    ],
                    [
                        0.7809987159036054,
                        0.0,
                        0.865145360263099,
                        0.0,
                        0.0,
                        0.0
                    ],
                    [
                        0.0,
                        0.0,
                        0.0,
                        0.0,
                        0.0,
                        0.0
                    ],
                    [
                        0.9336659526300035,
                        -0.9813709304664411,
                        -0.0,
                        -0.536006001922136,
                        -0.6583679646153437,
                        0.0
                    ]
                ]
            },
            "est_params": {
                "mui": [
                    0.0002523785343243251,
                    -0.020744464702799247,
                    -0.04288571708225726,
                    0.007941966504673673,
                    99.96011115608489,
                    -65.71970296562118
                ],
                "Si": [
                    [
                        1.1592258840684393,
                        1.076885527890289,
                        1.9397832626808633,
                        2.573487703485655,
                        0.22914166415709117,
                        -1.4893455878385549
                    ],
                    [
                        1.076885527890289,
                        2.1020915651459666,
                        2.6834607797801016,
                        3.0954836314252843,
                        0.4958072744590651,
                        -3.080221815251554
                    ],
                    [
                        1.9397832626808633,
                        2.6834607797801016,
                        4.969547867066075,
                        5.712388125146485,
                        0.6969711083930716,
                        -4.306961915169013
                    ],
                    [
                        2.573487703485655,
                        3.0954836314252843,
                        5.712388125146485,
                        7.910691766309567,
                        0.41421014555796304,
                        -5.069457335229399
                    ],
                    [
                        0.22914166415709117,
                        0.4958072744590651,
                        0.6969711083930716,
                        0.41421014555796304,
                        8.54798960019501,
                        -6.111843229733842
                    ],
                    [
                        -1.4893455878385549,
                        -3.080221815251554,
                        -4.306961915169013,
                        -5.069457335229399,
                        -6.111843229733842,
                        9.266659289216406
                    ]
                ]
            },
            "est_tgt": [
                2,
                3,
                4,
                5
            ],
            "oracle_est_tgt": [
                2,
                3,
                4,
                5
            ]
        },
        "5": {
            "intv_type": "hard",
            "inode": 5,
            "new_mui": 100,
            "new_vari": 8.0,
            "noise_type": "gaussian",
            "obs_noise_gamma_shape": null,
            "true_params": {
                "Si": [
                    [
                        1.0,
                        0.9244453010997746,
                        1.6652704574624815,
                        2.2216997257604794,
                        2.4862004825261703,
                        0.0
                    ],
                    [
                        0.9244453010997746,
                        1.854599114725453,
                        2.3146560382210897,
                        2.7245045251539874,
                        2.384269507415995,
                        0.0
                    ],
                    [
                        1.6652704574624815,
                        2.3146560382210897,
                        4.374067850931285,
                        5.084778595619593,
                        5.560978205842061,
                        0.0
                    ],
                    [
                        2.2216997257604794,
                        2.7245045251539874,
                        5.084778595619593,
                        7.134217242907733,
                        7.3033410156330465,
                        0.0
                    ],
                    [
                        2.4862004825261703,
                        2.384269507415995,
                        5.560978205842061,
                        7.3033410156330465,
                        9.325506213353824,
                        0.0
                    ],
                    [
                        0.0,
                        0.0,
                        0.0,
                        0.0,
                        0.0,
                        8.0
                    ]
                ],
                "mui": [
                    0.0,
                    0.0,
                    0.0,
                    0.0,
                    0.0,
                    100.0
                ],
                "Ai": [
                    [
                        0.0,
                        0.0,
                        0.0,
                        0.0,
                        0.0,
                        0.0
                    ],
                    [
                        0.9244453010997746,
                        0.0,
                        0.0,
                        0.0,
                        0.0,
                        0.0
                    ],
                    [
                        0.9486362179926615,
                        0.7752045887596266,
                        0.0,
                        0.0,
                        0.0,
                        0.0
                    ],
                    [
                        0.7809987159036054,
                        0.0,
                        0.865145360263099,
                        0.0,
                        0.0,
                        0.0
                    ],
                    [
                        0.6921604181686738,
                        -0.963854729557944,
                        0.8778611149906426,
                        0.5505671379927121,
                        0.0,
                        0.0
                    ],
                    [
                        0.0,
                        0.0,
                        0.0,
                        0.0,
                        0.0,
                        0.0
                    ]
                ]
            },
            "est_params": {
                "mui": [
                    0.03708713670362261,
                    0.0742102555110694,
                    0.15297982791816964,
                    0.14607631382028405,
                    0.19958412680416238,
                    50.0507603417185
                ],
                "Si": [
                    [
                        0.9822122917699845,
                        0.8945707774377007,
                        1.614106588573621,
                        2.1202935658065543,
                        2.3467235935163733,
                        -0.8655406559102022
                    ],
                    [
                        0.8945707774377007,
                        1.6985925853852712,
                        2.202374688533905,
                        2.624037914466521,
                        2.2985845600526833,
                        3.2066130338688272
                    ],
                    [
                        1.614106588573621,
                        2.202374688533905,
                        4.267278412066879,
                        5.0197661656023875,
                        5.42682710486344,
                        2.3353140148483864
                    ],
                    [
                        2.1202935658065543,
                        2.624037914466521,
                        5.0197661656023875,
                        6.9724668669664185,
                        7.064645829974655,
                        1.2263735982403592
                    ],
                    [
                        2.3467235935163733,
                        2.2985845600526833,
                        5.42682710486344,
                        7.064645829974655,
                        8.834727802785162,
                        -2.407817668006067
                    ],
                    [
                        -0.8655406559102022,
                        3.2066130338688272,
                        2.3353140148483864,
                        1.2263735982403592,
                        -2.407817668006067,
                        2517.735143757715
                    ]
                ]
            },
            "est_tgt": [
                3,
                5
            ],
            "oracle_est_tgt": [
                3,
                5
            ]
        },
        "obs": {
            "intv_type": "obs",
            "noise_type": "gaussian",
            "obs_noise_gamma_shape": null,
            "true_params": {
                "Si": [
                    [
                        1.0,
                        0.9244453010997746,
                        1.6652704574624815,
                        2.2216997257604794,
                        2.4862004825261703,
                        -2.8012369314584324
                    ],
                    [
                        0.9244453010997746,
                        1.854599114725453,
                        2.3146560382210897,
                        2.7245045251539874,
                        2.384269507415995,
                        -3.987003996593158
                    ],
                    [
                        1.6652704574624815,
                        2.3146560382210897,
                        4.374067850931285,
                        5.084778595619593,
                        5.560978205842061,
                        -7.103371570233323
                    ],
                    [
                        2.2216997257604794,
                        2.7245045251539874,
                        5.084778595619593,
                        7.134217242907733,
                        7.3033410156330465,
                        -9.231693170569446
                    ],
                    [
                        2.4862004825261703,
                        2.384269507415995,
                        5.560978205842061,
                        7.3033410156330465,
                        9.325506213353824,
                        -10.072821206185548
                    ],
                    [
                        -2.8012369314584324,
                        -3.987003996593158,
                        -7.103371570233323,
                        -9.231693170569446,
                        -10.072821206185548,
