{
    "expt_args": {
        "save_dir": "all_expt_logs/expt_logs_sim_compsel_backward_cameraready_new_var_largemean",
        "exp_name": "45",
        "num_nodes": 6,
        "num_tgt_prior": 7,
        "obs_noise_mean": 0.0,
        "obs_noise_var": 1.0,
        "obs_noise_gamma_shape": null,
        "noise_type": "gaussian",
        "max_edge_strength": 1.0,
        "graph_sparsity_method": "adj_dense_prop",
        "adj_dense_prop": 0.8,
        "num_parents": null,
        "new_noise_mean": 100,
        "mix_samples": 2048,
        "stage2_samples": 2048,
        "gmm_tol": 0.001,
        "intv_type": "hard",
        "new_noise_var": 32.0,
        "dtype": "simulation",
        "cutoff_drop_ratio": 0.07,
        "intv_targets": [
            0,
            1,
            2,
            3,
            4,
            5
        ]
    },
    "intv_args_dict": {
        "0": {
            "intv_type": "hard",
            "inode": 0,
            "new_mui": 100,
            "new_vari": 32.0,
            "noise_type": "gaussian",
            "obs_noise_gamma_shape": null,
            "true_params": {
                "Si": [
                    [
                        32.0,
                        0.0,
                        0.0,
                        -28.086057820501566,
                        49.80681642014842,
                        -13.684644346593657
                    ],
                    [
                        0.0,
                        1.0,
                        0.8597401669665647,
                        -0.5431326259253194,
                        -0.3929556130060707,
                        0.8585874637261989
                    ],
                    [
                        0.0,
                        0.8597401669665647,
                        1.7391531546956966,
                        -1.098693368170749,
                        0.2581532130785705,
                        0.3032711423808239
                    ],
                    [
                        -28.086057820501566,
                        -0.5431326259253194,
                        -1.098693368170749,
                        26.34492164664895,
                        -44.82141027082381,
                        12.50767874970149
                    ],
                    [
                        49.80681642014842,
                        -0.3929556130060707,
                        0.2581532130785705,
                        -44.82141027082381,
                        79.9221197318712,
                        -23.27536068777391
                    ],
                    [
                        -13.684644346593657,
                        0.8585874637261989,
                        0.3032711423808239,
                        12.50767874970149,
                        -23.27536068777391,
                        8.784820356580852
                    ]
                ],
                "mui": [
                    100.0,
                    0.0,
                    0.0,
                    -87.76893068906739,
                    155.64630131296383,
                    -42.76451358310518
                ],
                "Ai": [
                    [
                        0.0,
                        0.0,
                        0.0,
                        0.0,
                        0.0,
                        0.0
                    ],
                    [
                        -0.0,
                        0.0,
                        0.0,
                        0.0,
                        0.0,
                        0.0
                    ],
                    [
                        0.0,
                        0.8597401669665647,
                        0.0,
                        0.0,
                        0.0,
                        0.0
                    ],
                    [
                        -0.8776893068906739,
                        -0.0,
                        -0.6317404336727259,
                        0.0,
                        0.0,
                        0.0
                    ],
                    [
                        0.7284384000614568,
                        -0.9053546805300146,
                        0.0,
                        -0.9434142658084373,
                        0.0,
                        0.0
                    ],
                    [
                        0.7080927120115212,
                        0.5718510887218275,
                        -0.0,
                        0.0,
                        -0.7296915109848339,
                        0.0
                    ]
                ]
            },
            "est_params": {
                "mui": [
                    99.8904867656185,
                    -0.11297263829921718,
                    -0.11948139012453213,
                    -87.49066456949062,
                    155.31278713808126,
                    -42.45089723383323
                ],
                "Si": [
                    [
                        31.832992936797474,
                        0.22481554957123626,
                        -0.6283039802772579,
                        -27.914127318907944,
                        49.18536723851955,
                        -13.422069880968651
                    ],
                    [
                        0.22481554957123626,
                        0.9377501070869806,
                        0.7157695909726939,
                        -0.6992732018712041,
                        -0.010730404008116435,
                        0.6764009257273771
                    ],
                    [
                        -0.6283039802772579,
                        0.7157695909726939,
                        1.5336458962178483,
                        -0.42222222501044115,
                        -0.7759991562251186,
                        0.5392004134285476
                    ],
                    [
                        -27.914127318907944,
                        -0.6992732018712041,
                        -0.42222222501044115,
                        25.9840424716186,
                        -44.10374859276008,
                        12.234584866035393
                    ],
                    [
                        49.18536723851955,
                        -0.010730404008116435,
                        -0.7759991562251186,
                        -44.10374859276008,
                        78.20412901979688,
                        -22.634019593587546
                    ],
                    [
                        -13.422069880968651,
                        0.6764009257273771,
                        0.5392004134285476,
                        12.234584866035393,
                        -22.634019593587546,
                        8.4416047357914
                    ]
                ]
            },
            "est_tgt": [
                0,
                1
            ],
            "oracle_est_tgt": [
                0,
                1
            ]
        },
        "1": {
            "intv_type": "hard",
            "inode": 1,
            "new_mui": 100,
            "new_vari": 32.0,
            "noise_type": "gaussian",
            "obs_noise_gamma_shape": null,
            "true_params": {
                "Si": [
                    [
                        1.0,
                        0.0,
                        0.0,
                        -0.8776893068906739,
                        1.5564630131296382,
                        -0.4276451358310518
                    ],
                    [
                        0.0,
                        32.0,
                        27.511685342930072,
                        -17.38024402961022,
                        -12.574579616194262,
                        27.474798839238364
                    ],
                    [
                        0.0,
                        27.511685342930072,
                        24.652900950262293,
                        -15.574234337609457,
                        -10.214878241346359,
                        23.18629715438103
                    ],
                    [
                        -0.8776893068906739,
                        -17.38024402961022,
                        -15.574234337609457,
                        11.609212073992289,
                        4.143646401099081,
                        -13.583980475608232
                    ],
                    [
                        1.5564630131296382,
                        -12.574579616194262,
                        -10.214878241346359,
                        4.143646401099081,
                        9.609066810995113,
                        -13.100321408096644
                    ],
                    [
                        -0.4276451358310518,
                        27.474798839238364,
                        23.18629715438103,
                        -13.583980475608232,
                        -13.100321408096644,
                        25.96787454728352
                    ]
                ],
                "mui": [
                    0.0,
                    100.0,
                    85.97401669665648,
                    -54.31326259253194,
                    -39.29556130060707,
                    85.85874637261989
                ],
                "Ai": [
                    [
                        0.0,
                        0.0,
                        0.0,
                        0.0,
                        0.0,
                        0.0
                    ],
                    [
                        0.0,
                        0.0,
                        0.0,
                        0.0,
                        0.0,
                        0.0
                    ],
                    [
                        0.0,
                        0.8597401669665647,
                        0.0,
                        0.0,
                        0.0,
                        0.0
                    ],
                    [
                        -0.8776893068906739,
                        -0.0,
                        -0.6317404336727259,
                        0.0,
                        0.0,
                        0.0
                    ],
                    [
                        0.7284384000614568,
                        -0.9053546805300146,
                        0.0,
                        -0.9434142658084373,
                        0.0,
                        0.0
                    ],
                    [
                        0.7080927120115212,
                        0.5718510887218275,
                        -0.0,
                        0.0,
                        -0.7296915109848339,
                        0.0
                    ]
                ]
            },
            "est_params": {
                "mui": [
                    0.04139587096186295,
                    99.73878585249781,
                    85.74006258703922,
                    -54.27626161192038,
                    -39.088796696594315,
                    85.70743000527459
                ],
                "Si": [
                    [
                        1.0270722156482845,
                        -0.7796909285001493,
                        -0.7121672824554385,
                        -0.4656890607917368,
                        1.8076968360109282,
                        -0.9740961039981721
                    ],
                    [
                        -0.7796909285001493,
                        31.504497039747392,
                        26.853650888387765,
                        -15.845573689595867,
                        -13.615765090235216,
                        27.306165096942912
                    ],
                    [
                        -0.7121672824554385,
                        26.853650888387765,
                        23.85095830819322,
                        -14.123917659906118,
                        -11.105435428475879,
                        22.865495732881186
                    ],
                    [
                        -0.4656890607917368,
                        -15.845573689595867,
                        -14.123917659906118,
                        10.228901590753663,
                        4.169502424236758,
                        -12.502483503176142
                    ],
                    [
                        1.8076968360109282,
                        -13.615765090235216,
                        -11.105435428475879,
                        4.169502424236758,
                        10.545933235452267,
                        -13.9120325217982
                    ],
                    [
                        -0.9740961039981721,
                        27.306165096942912,
                        22.865495732881186,
                        -12.502483503176142,
                        -13.9120325217982,
                        25.81244076176611
                    ]
                ]
            },
            "est_tgt": [
                1,
                2,
                4,
                5
            ],
            "oracle_est_tgt": [
                1,
                2,
                4,
                5
            ]
        },
        "2": {
            "intv_type": "hard",
            "inode": 2,
            "new_mui": 100,
            "new_vari": 32.0,
            "noise_type": "gaussian",
            "obs_noise_gamma_shape": null,
            "true_params": {
                "Si": [
                    [
                        1.0,
                        0.0,
                        0.0,
                        -0.8776893068906739,
                        1.5564630131296382,
                        -0.4276451358310518
                    ],
                    [
                        0.0,
                        1.0,
                        0.0,
                        0.0,
                        -0.9053546805300146,
                        1.2324807135349656
                    ],
                    [
                        0.0,
                        0.0,
                        32.0,
                        -20.21569387752723,
                        19.07177399727547,
                        -13.916511585233204
                    ],
                    [
                        -0.8776893068906739,
                        0.0,
                        -20.21569387752723,
                        14.541409736614353,
                        -14.357915984950184,
                        9.85536400803187
                    ],
                    [
                        1.5564630131296382,
                        -0.9053546805300146,
                        19.07177399727547,
                        -14.357915984950184,
                        16.498917292077593,
                        -11.454727832097806
                    ],
                    [
                        -0.4276451358310518,
                        1.2324807135349656,
                        -13.916511585233204,
                        9.85536400803187,
                        -11.454727832097806,
                        9.760400693577958
                    ]
                ],
                "mui": [
                    0.0,
                    0.0,
                    100.0,
                    -63.17404336727259,
                    59.59929374148585,
                    -43.48909870385376
                ],
                "Ai": [
                    [
                        0.0,
                        0.0,
                        0.0,
                        0.0,
                        0.0,
                        0.0
                    ],
                    [
                        -0.0,
                        0.0,
                        0.0,
                        0.0,
                        0.0,
                        0.0
                    ],
                    [
                        0.0,
                        0.0,
                        0.0,
                        0.0,
                        0.0,
                        0.0
                    ],
                    [
                        -0.8776893068906739,
                        -0.0,
                        -0.6317404336727259,
                        0.0,
                        0.0,
                        0.0
                    ],
                    [
                        0.7284384000614568,
                        -0.9053546805300146,
                        0.0,
                        -0.9434142658084373,
                        0.0,
                        0.0
                    ],
                    [
                        0.7080927120115212,
                        0.5718510887218275,
                        -0.0,
                        0.0,
                        -0.7296915109848339,
                        0.0
                    ]
                ]
            },
            "est_params": {
                "mui": [
                    0.025516924433387256,
                    -0.027111059489469572,
                    100.09242502771188,
                    -63.3008558033851,
                    59.6955242758133,
                    -43.60330675854558
                ],
                "Si": [
                    [
                        1.0488908107870352,
                        0.0002327066955260777,
                        -0.5936222402743693,
                        -0.6045845285296598,
                        1.3886657332150034,
                        -0.30419553114799835
                    ],
                    [
                        0.0002327066955260777,
                        0.9164676782337784,
                        -0.23493159810418243,
                        0.18344833362048832,
                        -1.02514501803563,
                        1.3006440401321422
                    ],
                    [
                        -0.5936222402743693,
                        -0.23493159810418243,
                        32.27497180739746,
                        -19.665457750675955,
                        18.09457167600506,
                        -13.633096672283378
                    ],
                    [
                        -0.6045845285296598,
                        0.18344833362048832,
                        -19.665457750675955,
                        13.886534365435972,
                        -13.670869129779259,
                        9.5354262256214
                    ],
                    [
                        1.3886657332150034,
                        -1.02514501803563,
                        18.09457167600506,
                        -13.670869129779259,
                        15.763197770744782,
                        -11.05088828255953
                    ],
                    [
                        -0.30419553114799835,
                        1.3006440401321422,
                        -13.633096672283378,
                        9.5354262256214,
                        -11.05088828255953,
                        9.497686503065102
                    ]
                ]
            },
            "est_tgt": [
                1,
                2,
                4,
                5
            ],
            "oracle_est_tgt": [
                1,
                2,
                4,
                5
            ]
        },
        "3": {
            "intv_type": "hard",
            "inode": 3,
            "new_mui": 100,
            "new_vari": 32.0,
            "noise_type": "gaussian",
            "obs_noise_gamma_shape": null,
            "true_params": {
                "Si": [
                    [
                        1.0,
                        0.0,
                        0.0,
                        0.0,
                        0.7284384000614568,
                        0.17655739521130198
                    ],
                    [
                        0.0,
                        1.0,
                        0.8597401669665647,
                        0.0,
                        -0.9053546805300146,
                        1.2324807135349656
                    ],
                    [
                        0.0,
                        0.8597401669665647,
                        1.7391531546956966,
                        0.0,
                        -0.7783697842028356,
                        1.0596131744376223
                    ],
                    [
                        0.0,
                        0.0,
                        0.0,
                        32.0,
                        -30.189256505869995,
                        22.028844195277003
                    ],
                    [
                        0.7284384000614568,
                        -0.9053546805300146,
                        -0.7783697842028356,
                        -30.189256505869995,
                        30.83126486202963,
                        -22.49923838025566
                    ],
                    [
                        0.17655739521130198,
                        1.2324807135349656,
                        1.0596131744376223,
                        22.028844195277003,
                        -22.49923838025566,
                        18.247317692361204
                    ]
                ],
                "mui": [
                    0.0,
                    0.0,
                    0.0,
                    100.0,
                    -94.34142658084373,
                    68.84013811024063
                ],
                "Ai": [
                    [
                        0.0,
                        0.0,
                        0.0,
                        0.0,
                        0.0,
                        0.0
                    ],
                    [
                        -0.0,
                        0.0,
                        0.0,
                        0.0,
                        0.0,
                        0.0
                    ],
                    [
                        0.0,
                        0.8597401669665647,
                        0.0,
                        0.0,
                        0.0,
                        0.0
                    ],
                    [
                        0.0,
                        0.0,
                        0.0,
                        0.0,
                        0.0,
                        0.0
                    ],
                    [
                        0.7284384000614568,
                        -0.9053546805300146,
                        0.0,
                        -0.9434142658084373,
                        0.0,
                        0.0
                    ],
                    [
                        0.7080927120115212,
                        0.5718510887218275,
                        -0.0,
                        0.0,
                        -0.7296915109848339,
                        0.0
                    ]
                ]
            },
            "est_params": {
                "mui": [
                    0.012827781999340185,
                    0.07212791304089396,
                    0.025687017766283363,
                    99.35213480635007,
                    -93.7918249668676,
                    68.49754322692613
                ],
                "Si": [
                    [
                        0.8989013864041249,
                        0.0546471110615239,
                        -0.011886881565164879,
                        -0.1749214487868211,
                        0.7747441299064558,
                        0.17348766169539867
                    ],
                    [
                        0.0546471110615239,
                        0.9796902715893072,
                        0.809565483429301,
                        -0.5728820257652912,
                        -0.2469942742694611,
                        0.7264285090573219
                    ],
                    [
                        -0.011886881565164879,
                        0.809565483429301,
                        1.6572137747284355,
                        -0.8772796086441097,
                        0.1200672601889092,
                        0.34729204098128275
                    ],
                    [
                        -0.1749214487868211,
                        -0.5728820257652912,
                        -0.8772796086441097,
                        30.25322094557038,
                        -27.840747523413278,
                        19.224661206485283
                    ],
                    [
                        0.7747441299064558,
                        -0.2469942742694611,
                        0.1200672601889092,
                        -27.840747523413278,
                        27.71091184394674,
                        -19.035662767166013
                    ],
                    [
                        0.17348766169539867,
                        0.7264285090573219,
                        0.34729204098128275,
                        19.224661206485283,
                        -19.035662767166013,
                        14.886873797545814
                    ]
                ]
            },
            "est_tgt": [
                1,
                3,
                4
            ],
            "oracle_est_tgt": [
                1,
                3,
                4
            ]
        },
        "4": {
            "intv_type": "hard",
            "inode": 4,
            "new_mui": 100,
            "new_vari": 32.0,
            "noise_type": "gaussian",
            "obs_noise_gamma_shape": null,
            "true_params": {
                "Si": [
                    [
                        1.0,
                        0.0,
                        0.0,
                        -0.8776893068906739,
                        0.0,
                        0.7080927120115212
                    ],
                    [
                        0.0,
                        1.0,
                        0.8597401669665647,
                        -0.5431326259253194,
                        0.0,
                        0.5718510887218275
                    ],
                    [
                        0.0,
                        0.8597401669665647,
                        1.7391531546956966,
                        -1.098693368170749,
                        0.0,
                        0.49164335049771585
                    ],
                    [
                        -0.8776893068906739,
                        -0.5431326259253194,
                        -1.098693368170749,
                        2.4644275443117682,
                        0.0,
                        -0.9320763850754686
                    ],
                    [
                        0.0,
                        0.0,
                        0.0,
                        0.0,
                        32.0,
                        -23.350128351514684
                    ],
                    [
                        0.7080927120115212,
                        0.5718510887218275,
                        0.49164335049771585,
                        -0.9320763850754686,
                        -23.350128351514684,
                        18.866799394982728
                    ]
                ],
                "mui": [
                    0.0,
                    0.0,
                    0.0,
                    0.0,
                    100.0,
                    -72.9691510984834
                ],
                "Ai": [
                    [
                        0.0,
                        0.0,
                        0.0,
                        0.0,
                        0.0,
                        0.0
                    ],
                    [
                        -0.0,
                        0.0,
                        0.0,
                        0.0,
                        0.0,
                        0.0
                    ],
                    [
                        0.0,
                        0.8597401669665647,
                        0.0,
                        0.0,
                        0.0,
                        0.0
                    ],
                    [
                        -0.8776893068906739,
                        -0.0,
                        -0.6317404336727259,
                        0.0,
                        0.0,
                        0.0
                    ],
                    [
                        0.0,
                        0.0,
                        0.0,
                        0.0,
                        0.0,
                        0.0
                    ],
                    [
                        0.7080927120115212,
                        0.5718510887218275,
                        -0.0,
                        0.0,
                        -0.7296915109848339,
                        0.0
                    ]
                ]
            },
            "est_params": {
                "mui": [
                    -0.1255489189259174,
                    -0.044393439901980664,
                    -0.13717974273714018,
                    0.20111429572737885,
                    99.31916688324091,
                    -72.65193572162043
                ],
                "Si": [
                    [
                        0.9497538991095278,
                        -0.007476165023695283,
                        0.09030803387047684,
                        -0.8624135413873937,
                        -0.028562751075367637,
                        0.6915110388342269
                    ],
                    [
                        -0.007476165023695283,
                        0.8748587581258122,
                        0.748919175983399,
                        -0.4043657977279391,
                        -0.5627831096699375,
                        0.8694864365342299
                    ],
                    [
                        0.09030803387047684,
                        0.748919175983399,
                        1.5913838408952379,
                        -1.023066755439608,
                        -1.0761890569636192,
                        1.2203623703280873
                    ],
                    [
                        -0.8624135413873937,
                        -0.4043657977279391,
                        -1.023066755439608,
                        2.160279053501163,
                        1.1894999004836952,
                        -1.5964377296009935
                    ],
                    [
                        -0.028562751075367637,
                        -0.5627831096699375,
                        -1.0761890569636192,
                        1.1894999004836952,
                        30.78679059175027,
                        -22.513701397681757
                    ],
                    [
                        0.6915110388342269,
                        0.8694864365342299,
                        1.2203623703280873,
                        -1.5964377296009935,
                        -22.513701397681757,
                        18.151505582909092
                    ]
                ]
            },
            "est_tgt": [
                1,
                3,
                4
            ],
            "oracle_est_tgt": [
                1,
                3,
                4
            ]
        },
        "5": {
            "intv_type": "hard",
            "inode": 5,
            "new_mui": 100,
            "new_vari": 32.0,
            "noise_type": "gaussian",
            "obs_noise_gamma_shape": null,
            "true_params": {
                "Si": [
                    [
                        1.0,
                        0.0,
                        0.0,
                        -0.8776893068906739,
                        1.5564630131296382,
                        0.0
                    ],
                    [
                        0.0,
                        1.0,
                        0.8597401669665647,
                        -0.5431326259253194,
                        -0.3929556130060707,
                        0.0
                    ],
                    [
                        0.0,
                        0.8597401669665647,
                        1.7391531546956966,
                        -1.098693368170749,
                        0.2581532130785705,
                        0.0
                    ],
                    [
                        -0.8776893068906739,
                        -0.5431326259253194,
                        -1.098693368170749,
                        2.4644275443117682,
                        -2.4725910317874233,
                        0.0
                    ],
                    [
                        1.5564630131296382,
                        -0.3929556130060707,
                        0.2581532130785705,
                        -2.4725910317874233,
                        4.822229283412833,
                        0.0
                    ],
                    [
                        0.0,
                        0.0,
                        0.0,
                        0.0,
                        0.0,
                        32.0
                    ]
                ],
                "mui": [
                    0.0,
                    0.0,
                    0.0,
                    0.0,
                    0.0,
                    100.0
                ],
                "Ai": [
                    [
                        0.0,
                        0.0,
                        0.0,
                        0.0,
                        0.0,
                        0.0
                    ],
                    [
                        -0.0,
                        0.0,
                        0.0,
                        0.0,
                        0.0,
                        0.0
                    ],
                    [
                        0.0,
                        0.8597401669665647,
                        0.0,
                        0.0,
                        0.0,
                        0.0
                    ],
                    [
                        -0.8776893068906739,
                        -0.0,
                        -0.6317404336727259,
                        0.0,
                        0.0,
                        0.0
                    ],
                    [
                        0.7284384000614568,
                        -0.9053546805300146,
                        0.0,
                        -0.9434142658084373,
                        0.0,
                        0.0
                    ],
                    [
                        0.0,
                        0.0,
                        0.0,
                        0.0,
                        0.0,
                        0.0
                    ]
                ]
            },
            "est_params": {
                "mui": [
                    0.0154914143654371,
                    0.03616997642881045,
                    0.06027799045852304,
                    0.03300699874273808,
                    -0.0773924301924895,
                    49.96767198199242
                ],
                "Si": [
                    [
                        1.1478738343683073,
                        0.019501529704630018,
                        -0.015179339697205448,
                        -0.998403830940384,
                        1.8030542231703004,
                        0.7236944278525324
                    ],
                    [
                        0.019501529704630018,
                        1.0577658132080572,
                        0.9737259266281448,
                        -0.6656126625098406,
                        -0.37338250099483206,
                        0.6715954468219826
                    ],
                    [
                        -0.015179339697205448,
                        0.9737259266281448,
                        1.9953095184080143,
                        -1.3574722077356656,
                        0.329211669677668,
                        -1.8588345466381218
                    ],
                    [
                        -0.998403830940384,
                        -0.6656126625098406,
                        -1.3574722077356656,
                        2.913793538734496,
                        -2.86763976416718,
                        4.116750715826647
                    ],
                    [
                        1.8030542231703004,
                        -0.37338250099483206,
                        0.329211669677668,
                        -2.86763976416718,
                        5.448796947692706,
                        -3.8842591913000155
                    ],
                    [
                        0.7236944278525324,
                        0.6715954468219826,
                        -1.8588345466381218,
                        4.116750715826647,
                        -3.8842591913000155,
                        2508.6796101995897
                    ]
                ]
            },
            "est_tgt": [
                1,
                5
            ],
            "oracle_est_tgt": [
                1,
                5
            ]
        },
        "obs": {
            "intv_type": "obs",
            "noise_type": "gaussian",
            "obs_noise_gamma_shape": null,
            "true_params": {
                "Si": [
                    [
                        1.0,
                        0.0,
                        0.0,
                        -0.8776893068906739,
                        1.5564630131296382,
                        -0.4276451358310518
                    ],
                    [
                        0.0,
                        1.0,
                        0.8597401669665647,
                        -0.5431326259253194,
                        -0.3929556130060707,
                        0.8585874637261989
                    ],
                    [
                        0.0,
                        0.8597401669665647,
                        1.7391531546956966,
                        -1.098693368170749,
                        0.2581532130785705,
                        0.3032711423808239
                    ],
                    [
                        -0.8776893068906739,
                        -0.5431326259253194,
                        -1.098693368170749,
                        2.4644275443117682,
                        -2.4725910317874233,
                        0.8721523009570455
                    ],
                    [
                        1.5564630131296382,
                        -0.3929556130060707,
                        0.2581532130785705,
                        -2.4725910317874233,
                        4.822229283412833,
                        -2.641331751133108
                    ],
                    [
                        -0.4276451358310518,
                        0.8585874637261989,
                        0.3032711423808239,
                        0.8721523009570455,
                        -2.641331751133108,
                        3.1155291283821294
                    ]
                ],
                "mui": [
                    0.0,
                    0.0,
                    0.0,
                    0.0,
                    0.0,
                    0.0
                ],
                "Ai": [
                    [
                        0.0,
                        0.0,
                        0.0,
                        0.0,
                        0.0,
                        0.0
                    ],
