{
    "expt_args": {
        "save_dir": "all_expt_logs/expt_logs_sim_compsel_backward_cameraready_new_var_largemean",
        "exp_name": "463",
        "num_nodes": 6,
        "num_tgt_prior": 7,
        "obs_noise_mean": 0.0,
        "obs_noise_var": 1.0,
        "obs_noise_gamma_shape": null,
        "noise_type": "gaussian",
        "max_edge_strength": 1.0,
        "graph_sparsity_method": "adj_dense_prop",
        "adj_dense_prop": 0.8,
        "num_parents": null,
        "new_noise_mean": 100,
        "mix_samples": 2048,
        "stage2_samples": 2048,
        "gmm_tol": 0.001,
        "intv_type": "hard",
        "new_noise_var": 4.0,
        "dtype": "simulation",
        "cutoff_drop_ratio": 0.07,
        "intv_targets": [
            0,
            1,
            2,
            3,
            4,
            5
        ]
    },
    "intv_args_dict": {
        "0": {
            "intv_type": "hard",
            "inode": 0,
            "new_mui": 100,
            "new_vari": 4.0,
            "noise_type": "gaussian",
            "obs_noise_gamma_shape": null,
            "true_params": {
                "Si": [
                    [
                        4.0,
                        -2.71098568472898,
                        1.3781105261603868,
                        -1.0090883992127582,
                        -7.628094333268432,
                        5.991471251948733
                    ],
                    [
                        -2.71098568472898,
                        2.8373608457013644,
                        -1.4423524513620931,
                        1.056128009050693,
                        6.629814114042258,
                        -6.184464347225899
                    ],
                    [
                        1.3781105261603868,
                        -1.4423524513620931,
                        1.733209735061383,
                        0.09278823057820329,
                        -3.5971089608277462,
                        4.693011202493645
                    ],
                    [
                        -1.0090883992127582,
                        1.056128009050693,
                        0.09278823057820329,
                        1.7895901382049255,
                        2.996726767560755,
                        -1.0132402934587816
                    ],
                    [
                        -7.628094333268432,
                        6.629814114042258,
                        -3.5971089608277462,
                        2.996726767560755,
                        18.181097503500776,
                        -15.341198126232161
                    ],
                    [
                        5.991471251948733,
                        -6.184464347225899,
                        4.693011202493645,
                        -1.0132402934587816,
                        -15.341198126232161,
                        17.436960681006042
                    ]
                ],
                "mui": [
                    100.0,
                    -67.7746421182245,
                    34.452763154009666,
                    -25.227209980318953,
                    -190.7023583317108,
                    149.78678129871832
                ],
                "Ai": [
                    [
                        0.0,
                        0.0,
                        0.0,
                        0.0,
                        0.0,
                        0.0
                    ],
                    [
                        -0.677746421182245,
                        0.0,
                        0.0,
                        0.0,
                        0.0,
                        0.0
                    ],
                    [
                        -0.0,
                        -0.5083429742633103,
                        0.0,
                        0.0,
                        0.0,
                        0.0
                    ],
                    [
                        0.0,
                        0.6923069660193752,
                        0.6296634839018209,
                        0.0,
                        0.0,
                        0.0
                    ],
                    [
                        -0.9175812582373992,
                        0.8794512737288357,
                        -0.6499153671439699,
                        0.6718284332449844,
                        0.0,
                        0.0
                    ],
                    [
                        -0.5597895051104204,
                        -0.9605531259224127,
                        0.9139907158560413,
                        0.765979501458784,
                        -0.673817611142927,
                        0.0
                    ]
                ]
            },
            "est_params": {
                "mui": [
                    100.18797549391643,
                    -67.82498068689424,
                    34.4942961191262,
                    -25.17236586340856,
                    -190.93110684323366,
                    149.98064244982695
                ],
                "Si": [
                    [
                        3.7447773675711176,
                        -2.5209282911372797,
                        1.3513305510855653,
                        -0.7658588461570066,
                        -6.698325821387617,
                        5.499826814830046
                    ],
                    [
                        -2.5209282911372797,
                        2.752169386363696,
                        -1.4068343839331447,
                        0.9395372654626003,
                        6.030466746488244,
                        -5.838965782109303
                    ],
                    [
                        1.3513305510855653,
                        -1.4068343839331447,
                        1.5783753889623435,
                        0.06058020159309108,
                        -3.284297626154204,
                        4.197837922026966
                    ],
                    [
                        -0.7658588461570066,
                        0.9395372654626003,
                        0.06058020159309108,
                        1.6166976335968244,
                        2.569817879240822,
                        -1.0080579900623
                    ],
                    [
                        -6.698325821387617,
                        6.030466746488244,
                        -3.284297626154204,
                        2.569817879240822,
                        15.667546383601216,
                        -13.647327730297354
                    ],
                    [
                        5.499826814830046,
                        -5.838965782109303,
                        4.197837922026966,
                        -1.0080579900623,
                        -13.647327730297354,
                        15.567923439210558
                    ]
                ]
            },
            "est_tgt": [
                0,
                1
            ],
            "oracle_est_tgt": [
                0,
                1
            ]
        },
        "1": {
            "intv_type": "hard",
            "inode": 1,
            "new_mui": 100,
            "new_vari": 4.0,
            "noise_type": "gaussian",
            "obs_noise_gamma_shape": null,
            "true_params": {
                "Si": [
                    [
                        1.0,
                        0.0,
                        0.0,
                        0.0,
                        -0.9175812582373992,
                        0.05849290634462523
                    ],
                    [
                        0.0,
                        4.0,
                        -2.0333718970532413,
                        1.4888878313109024,
                        5.839601916916057,
                        -8.49506459440536
                    ],
                    [
                        0.0,
                        -2.0333718970532413,
                        2.033650317931474,
                        -0.12720218461121302,
                        -3.195410142241468,
                        5.867588604478393
                    ],
                    [
                        0.0,
                        1.4888878313109024,
                        -0.12720218461121302,
                        1.9506728465157992,
                        2.702592436447092,
                        -1.8732964412211477
                    ],
                    [
                        -0.9175812582373992,
                        5.839601916916057,
                        -3.195410142241468,
                        2.702592436447092,
                        10.87002530741813,
                        -13.270454798941476
                    ],
                    [
                        0.05849290634462523,
                        -8.49506459440536,
                        5.867588604478393,
                        -1.8732964412211477,
                        -13.270454798941476,
                        21.99709812220156
                    ]
                ],
                "mui": [
                    0.0,
                    100.0,
                    -50.834297426331034,
                    37.22219578277256,
                    145.99004792290143,
                    -212.376614860134
                ],
                "Ai": [
                    [
                        0.0,
                        0.0,
                        0.0,
                        0.0,
                        0.0,
                        0.0
                    ],
                    [
                        0.0,
                        0.0,
                        0.0,
                        0.0,
                        0.0,
                        0.0
                    ],
                    [
                        -0.0,
                        -0.5083429742633103,
                        0.0,
                        0.0,
                        0.0,
                        0.0
                    ],
                    [
                        0.0,
                        0.6923069660193752,
                        0.6296634839018209,
                        0.0,
                        0.0,
                        0.0
                    ],
                    [
                        -0.9175812582373992,
                        0.8794512737288357,
                        -0.6499153671439699,
                        0.6718284332449844,
                        0.0,
                        0.0
                    ],
                    [
                        -0.5597895051104204,
                        -0.9605531259224127,
                        0.9139907158560413,
                        0.765979501458784,
                        -0.673817611142927,
                        0.0
                    ]
                ]
            },
            "est_params": {
                "mui": [
                    0.08374418827883864,
                    100.05684655760953,
                    -50.90066234233367,
                    37.23705670368707,
                    145.99630516520955,
                    -212.57511215929262
                ],
                "Si": [
                    [
                        0.9280696872451555,
                        -0.14864838193952462,
                        0.09182218474285686,
                        -0.054078720939654136,
                        -1.0887320613460532,
                        0.40666479666541194
                    ],
                    [
                        -0.14864838193952462,
                        4.746836539439286,
                        -2.2578872508333396,
                        1.8112901191756732,
                        7.0006982923672245,
                        -9.770422475119508
                    ],
                    [
                        0.09182218474285686,
                        -2.2578872508333396,
                        2.028104116802818,
                        -0.21398187345866113,
                        -3.556208948679092,
                        6.168979816185112
                    ],
                    [
                        -0.054078720939654136,
                        1.8112901191756732,
                        -0.21398187345866113,
                        1.9582550505538971,
                        3.1496530735958306,
                        -2.4281341854457987
                    ],
                    [
                        -1.0887320613460532,
                        7.0006982923672245,
                        -3.556208948679092,
                        3.1496530735958306,
                        12.536822584798827,
                        -15.183680791521201
                    ],
                    [
                        0.40666479666541194,
                        -9.770422475119508,
                        6.168979816185112,
                        -2.4281341854457987,
                        -15.183680791521201,
                        23.905748667175583
                    ]
                ]
            },
            "est_tgt": [
                1,
                3,
                5
            ],
            "oracle_est_tgt": [
                1,
                3,
                5
            ]
        },
        "2": {
            "intv_type": "hard",
            "inode": 2,
            "new_mui": 100,
            "new_vari": 4.0,
            "noise_type": "gaussian",
            "obs_noise_gamma_shape": null,
            "true_params": {
                "Si": [
                    [
                        1.0,
                        -0.677746421182245,
                        0.0,
                        -0.4692085685791697,
                        -1.82885386910495,
                        0.9641317381082479
                    ],
                    [
                        -0.677746421182245,
                        1.459340211425341,
                        0.0,
                        1.0103113941619515,
                        2.5840619426854032,
                        -1.9896870954122474
                    ],
                    [
                        0.0,
                        0.0,
                        4.0,
                        2.5186539356072837,
                        -0.9075581411305244,
                        6.196728807997722
                    ],
                    [
                        -0.4692085685791697,
                        1.0103113941619515,
                        2.5186539356072837,
                        3.2853500278645806,
                        1.8893362958039421,
                        2.8376692851576206
                    ],
                    [
                        -1.82885386910495,
                        2.5840619426854032,
                        -0.9075581411305244,
                        1.8893362958039421,
                        6.809824427214733,
                        -5.429242043311628
                    ],
                    [
                        0.9641317381082479,
                        -1.9896870954122474,
                        6.196728807997722,
                        2.8376692851576206,
                        -5.429242043311628,
                        13.86715733804737
                    ]
                ],
                "mui": [
                    0.0,
                    0.0,
                    100.0,
                    62.96634839018209,
                    -22.68895352826311,
                    154.91822019994305
                ],
                "Ai": [
                    [
                        0.0,
                        0.0,
                        0.0,
                        0.0,
                        0.0,
                        0.0
                    ],
                    [
                        -0.677746421182245,
                        0.0,
                        0.0,
                        0.0,
                        0.0,
                        0.0
                    ],
                    [
                        0.0,
                        0.0,
                        0.0,
                        0.0,
                        0.0,
                        0.0
                    ],
                    [
                        0.0,
                        0.6923069660193752,
                        0.6296634839018209,
                        0.0,
                        0.0,
                        0.0
                    ],
                    [
                        -0.9175812582373992,
                        0.8794512737288357,
                        -0.6499153671439699,
                        0.6718284332449844,
                        0.0,
                        0.0
                    ],
                    [
                        -0.5597895051104204,
                        -0.9605531259224127,
                        0.9139907158560413,
                        0.765979501458784,
                        -0.673817611142927,
                        0.0
                    ]
                ]
            },
            "est_params": {
                "mui": [
                    -0.08941001264771474,
                    0.04618815910063549,
                    100.21222033255829,
                    63.097252757852935,
                    -22.62362456649107,
                    155.19182182545012
                ],
                "Si": [
                    [
                        0.9603777281346046,
                        -0.7236204674682395,
                        0.08012318897730382,
                        -0.49630192110899685,
                        -1.9095698233930674,
                        1.1008705521152635
                    ],
                    [
                        -0.7236204674682395,
                        1.6700338781417328,
                        0.019182488274314843,
                        1.1445411592115764,
                        2.926457616449596,
                        -2.264698263278948
                    ],
                    [
                        0.08012318897730382,
                        0.019182488274314843,
                        4.184743436613971,
                        2.8115010496328505,
                        -0.8928103282929134,
                        6.59537331064698
                    ],
                    [
                        -0.49630192110899685,
                        1.1445411592115764,
                        2.8115010496328505,
                        3.6536267888466316,
                        2.0864022050881257,
                        3.1018887317900656
                    ],
                    [
                        -1.9095698233930674,
                        2.926457616449596,
                        -0.8928103282929134,
                        2.0864022050881257,
                        7.435365916954607,
                        -6.02232175757828
                    ],
                    [
                        1.1008705521152635,
                        -2.264698263278948,
                        6.59537331064698,
                        3.1018887317900656,
                        -6.02232175757828,
                        15.076280206241632
                    ]
                ]
            },
            "est_tgt": [
                1,
                2,
                3,
                5
            ],
            "oracle_est_tgt": [
                1,
                2,
                3,
                5
            ]
        },
        "3": {
            "intv_type": "hard",
            "inode": 3,
            "new_mui": 100,
            "new_vari": 4.0,
            "noise_type": "gaussian",
            "obs_noise_gamma_shape": null,
            "true_params": {
                "Si": [
                    [
                        1.0,
                        -0.677746421182245,
                        0.3445276315400967,
                        0.0,
                        -1.7375400137549089,
                        1.5769020562560139
                    ],
                    [
                        -0.677746421182245,
                        1.459340211425341,
                        -0.741845343538006,
                        0.0,
                        2.387442710465571,
                        -3.3091191686661974
                    ],
                    [
                        0.3445276315400967,
                        -0.741845343538006,
                        1.3771118683774972,
                        0.0,
                        -1.8635550954652975,
                        3.034082616381577
                    ],
                    [
                        0.0,
                        0.0,
                        0.0,
                        4.0,
                        2.6873137329799377,
                        1.2531586858870127
                    ],
                    [
                        -1.7375400137549089,
                        2.387442710465571,
                        -1.8635550954652975,
                        2.6873137329799377,
                        7.710540553660614,
                        -6.16095173286741
                    ],
                    [
                        1.5769020562560139,
                        -3.3091191686661974,
                        3.034082616381577,
                        1.2531586858870127,
                        -6.16095173286741,
                        11.180226526817975
                    ]
                ],
                "mui": [
                    0.0,
                    0.0,
                    0.0,
                    100.0,
                    67.18284332449844,
                    31.32896714717532
                ],
                "Ai": [
                    [
                        0.0,
                        0.0,
                        0.0,
                        0.0,
                        0.0,
                        0.0
                    ],
                    [
                        -0.677746421182245,
                        0.0,
                        0.0,
                        0.0,
                        0.0,
                        0.0
                    ],
                    [
                        -0.0,
                        -0.5083429742633103,
                        0.0,
                        0.0,
                        0.0,
                        0.0
                    ],
                    [
                        0.0,
                        0.0,
                        0.0,
                        0.0,
                        0.0,
                        0.0
                    ],
                    [
                        -0.9175812582373992,
                        0.8794512737288357,
                        -0.6499153671439699,
                        0.6718284332449844,
                        0.0,
                        0.0
                    ],
                    [
                        -0.5597895051104204,
                        -0.9605531259224127,
                        0.9139907158560413,
                        0.765979501458784,
                        -0.673817611142927,
                        0.0
                    ]
                ]
            },
            "est_params": {
                "mui": [
                    0.10993882379636061,
                    -0.053606418840112253,
                    -0.0006173181390170436,
                    99.85925753187168,
                    66.93901788221237,
                    31.325275748212086
                ],
                "Si": [
                    [
                        0.8939940989358118,
                        -0.585507421833076,
                        0.34256248897532204,
                        0.037479462591565635,
                        -1.504337871144456,
                        1.3869202037641282
                    ],
                    [
                        -0.585507421833076,
                        1.2160599489172794,
                        -0.6366828896588164,
                        0.017180841746250973,
                        2.098797437277142,
                        -2.7606192601493023
                    ],
                    [
                        0.34256248897532204,
                        -0.6366828896588164,
                        1.2646262601013718,
                        -0.09374102943352612,
                        -1.8355253076594382,
                        2.6017107969487734
                    ],
                    [
                        0.037479462591565635,
                        0.017180841746250973,
                        -0.09374102943352612,
                        3.682997294978349,
                        2.5618501884607956,
                        1.0233943084328643
                    ],
                    [
                        -1.504337871144456,
                        2.098797437277142,
                        -1.8355253076594382,
                        2.5618501884607956,
                        7.409144437639458,
                        -5.814454989028245
                    ],
                    [
                        1.3869202037641282,
                        -2.7606192601493023,
                        2.6017107969487734,
                        1.0233943084328643,
                        -5.814454989028245,
                        9.719730142453667
                    ]
                ]
            },
            "est_tgt": [
                1,
                2,
                3,
                5
            ],
            "oracle_est_tgt": [
                1,
                2,
                3,
                5
            ]
        },
        "4": {
            "intv_type": "hard",
            "inode": 4,
            "new_mui": 100,
            "new_vari": 4.0,
            "noise_type": "gaussian",
            "obs_noise_gamma_shape": null,
            "true_params": {
                "Si": [
                    [
                        1.0,
                        -0.677746421182245,
                        0.3445276315400967,
                        -0.25227209980318954,
                        0.0,
                        0.2128817376832249
                    ],
                    [
                        -0.677746421182245,
                        1.459340211425341,
                        -0.741845343538006,
                        0.5431984706334675,
                        0.0,
                        -1.2843393310306943
                    ],
                    [
                        0.3445276315400967,
                        -0.741845343538006,
                        1.3771118683774972,
                        0.35353235772472263,
                        0.0,
                        2.0491849128414525
                    ],
                    [
                        -0.25227209980318954,
                        0.5431984706334675,
                        0.35353235772472263,
                        1.5986665011875942,
                        0.0,
                        1.1671193472323682
                    ],
                    [
                        0.0,
                        0.0,
                        0.0,
                        0.0,
                        4.0,
                        -2.695270444571708
                    ],
                    [
                        0.2128817376832249,
                        -1.2843393310306943,
                        2.0491849128414525,
                        1.1671193472323682,
                        -2.695270444571708,
                        6.697553370072648
                    ]
                ],
                "mui": [
                    0.0,
                    0.0,
                    0.0,
                    0.0,
                    100.0,
                    -67.3817611142927
                ],
                "Ai": [
                    [
                        0.0,
                        0.0,
                        0.0,
                        0.0,
                        0.0,
                        0.0
                    ],
                    [
                        -0.677746421182245,
                        0.0,
                        0.0,
                        0.0,
                        0.0,
                        0.0
                    ],
                    [
                        -0.0,
                        -0.5083429742633103,
                        0.0,
                        0.0,
                        0.0,
                        0.0
                    ],
                    [
                        0.0,
                        0.6923069660193752,
                        0.6296634839018209,
                        0.0,
                        0.0,
                        0.0
                    ],
                    [
                        0.0,
                        0.0,
                        0.0,
                        0.0,
                        0.0,
                        0.0
                    ],
                    [
                        -0.5597895051104204,
                        -0.9605531259224127,
                        0.9139907158560413,
                        0.765979501458784,
                        -0.673817611142927,
                        0.0
                    ]
                ]
            },
            "est_params": {
                "mui": [
                    -0.009435833818891966,
                    -0.042917342881402976,
                    0.0008741583764187547,
                    -0.019381966061503074,
                    100.13664181954202,
                    -67.42364616721837
                ],
                "Si": [
                    [
                        0.9378779855381437,
                        -0.6684559913276829,
                        0.36300296468307286,
                        -0.16158652261662482,
                        0.0008230832198223148,
                        0.25006531723951914
                    ],
                    [
                        -0.6684559913276829,
                        1.5323729022214814,
                        -0.7745592340921325,
                        0.584377207451798,
                        0.12411185716253269,
                        -1.4602539791023672
                    ],
                    [
                        0.36300296468307286,
                        -0.7745592340921325,
                        1.3490387748264077,
                        0.34190627464332934,
                        -0.33676974109969887,
                        2.253192134376075
                    ],
                    [
                        -0.16158652261662482,
                        0.584377207451798,
                        0.34190627464332934,
                        1.6418168369962218,
                        -0.07566171358246174,
                        1.0002794419240242
                    ],
                    [
                        0.0008230832198223148,
                        0.12411185716253269,
                        -0.33676974109969887,
                        -0.07566171358246174,
                        4.280381965332979,
                        -3.1881358364828603
                    ],
                    [
                        0.25006531723951914,
                        -1.4602539791023672,
                        2.253192134376075,
                        1.0002794419240242,
                        -3.1881358364828603,
                        7.1187406178991
                    ]
                ]
            },
            "est_tgt": [
                1,
                2,
                4,
                5
            ],
            "oracle_est_tgt": [
                1,
                2,
                4,
                5
            ]
        },
        "5": {
            "intv_type": "hard",
            "inode": 5,
            "new_mui": 100,
            "new_vari": 4.0,
            "noise_type": "gaussian",
            "obs_noise_gamma_shape": null,
            "true_params": {
                "Si": [
                    [
                        1.0,
                        -0.677746421182245,
                        0.3445276315400967,
                        -0.25227209980318954,
                        -1.907023583317108,
                        0.0
                    ],
                    [
                        -0.677746421182245,
                        1.459340211425341,
                        -0.741845343538006,
                        0.5431984706334675,
                        2.752378887932325,
                        0.0
                    ],
                    [
                        0.3445276315400967,
                        -0.741845343538006,
                        1.3771118683774972,
                        0.35353235772472263,
                        -1.6260420054736917,
                        0.0
                    ],
                    [
                        -0.25227209980318954,
                        0.5431984706334675,
                        0.35353235772472263,
                        1.5986665011875942,
                        1.553460236347926,
                        0.0
                    ],
                    [
                        -1.907023583317108,
                        2.752378887932325,
                        -1.6260420054736917,
                        1.553460236347926,
                        7.270880661517907,
                        0.0
                    ],
                    [
                        0.0,
                        0.0,
                        0.0,
                        0.0,
                        0.0,
                        4.0
                    ]
                ],
                "mui": [
                    0.0,
                    0.0,
                    0.0,
                    0.0,
                    0.0,
                    100.0
                ],
                "Ai": [
                    [
                        0.0,
                        0.0,
                        0.0,
                        0.0,
                        0.0,
                        0.0
                    ],
                    [
                        -0.677746421182245,
                        0.0,
                        0.0,
                        0.0,
                        0.0,
                        0.0
                    ],
                    [
                        -0.0,
                        -0.5083429742633103,
                        0.0,
                        0.0,
                        0.0,
                        0.0
                    ],
                    [
                        0.0,
                        0.6923069660193752,
                        0.6296634839018209,
                        0.0,
                        0.0,
                        0.0
                    ],
                    [
                        -0.9175812582373992,
                        0.8794512737288357,
                        -0.6499153671439699,
                        0.6718284332449844,
                        0.0,
                        0.0
                    ],
                    [
                        0.0,
                        0.0,
                        0.0,
                        0.0,
                        0.0,
                        0.0
                    ]
                ]
            },
            "est_params": {
                "mui": [
                    -0.04685133990023938,
                    -0.1164167697300815,
                    0.09616332382996243,
                    -0.034934835968325036,
                    -0.21491625420715418,
                    100.07731478023516
                ],
                "Si": [
                    [
                        1.0072592462057484,
                        -0.6815627075388433,
                        0.39399644835724695,
                        -0.2788604178765523,
                        -1.8565473846588005,
                        -0.09820278275792879
                    ],
                    [
                        -0.6815627075388433,
                        1.3716913232338992,
                        -0.7237055326845265,
                        0.5733643886026931,
                        2.5003888630238755,
                        0.15082466442135595
                    ],
                    [
                        0.39399644835724695,
                        -0.7237055326845265,
                        1.4807144556081078,
                        0.44154030005553335,
                        -1.623260767814997,
                        -0.1957487335457484
                    ],
                    [
                        -0.2788604178765523,
                        0.5733643886026931,
                        0.44154030005553335,
                        1.6906186632620703,
                        1.5113423675296322,
                        0.0827122052874314
                    ],
                    [
                        -1.8565473846588005,
                        2.5003888630238755,
                        -1.623260767814997,
                        1.5113423675296322,
                        6.595950583152671,
                        0.5564369002225827
                    ],
                    [
                        -0.09820278275792879,
                        0.15082466442135595,
                        -0.1957487335457484,
                        0.0827122052874314,
                        0.5564369002225827,
                        4.002619939863563
                    ]
                ]
            },
            "est_tgt": [
                1,
                2,
                4,
                5
            ],
            "oracle_est_tgt": [
                1,
                2,
                4,
                5
            ]
        },
        "obs": {
            "intv_type": "obs",
            "noise_type": "gaussian",
            "obs_noise_gamma_shape": null,
            "true_params": {
                "Si": [
                    [
                        1.0,
                        -0.677746421182245,
                        0.3445276315400967,
                        -0.25227209980318954,
                        -1.907023583317108,
                        1.4978678129871832
                    ],
                    [
                        -0.677746421182245,
                        1.459340211425341,
                        -0.741845343538006,
                        0.5431984706334675,
                        2.752378887932325,
                        -3.1389406982574797
                    ],
                    [
                        0.3445276315400967,
                        -0.741845343538006,
                        1.3771118683774972,
                        0.35353235772472263,
                        -1.6260420054736917,
                        3.14484065258779
                    ],
                    [
                        -0.25227209980318954,
                        0.5431984706334675,
                        0.35353235772472263,
                        1.5986665011875942,
                        1.553460236347926,
                        0.12037048177088194
                    ],
                    [
                        -1.907023583317108,
                        2.752378887932325,
                        -1.6260420054736917,
                        1.553460236347926,
                        7.270880661517907,
