{
    "expt_args": {
        "save_dir": "all_expt_logs/expt_logs_sim_compsel_backward_cameraready_new_var_largemean",
        "exp_name": "303",
        "num_nodes": 6,
        "num_tgt_prior": 7,
        "obs_noise_mean": 0.0,
        "obs_noise_var": 1.0,
        "obs_noise_gamma_shape": null,
        "noise_type": "gaussian",
        "max_edge_strength": 1.0,
        "graph_sparsity_method": "adj_dense_prop",
        "adj_dense_prop": 0.8,
        "num_parents": null,
        "new_noise_mean": 100,
        "mix_samples": 65536,
        "stage2_samples": 65536,
        "gmm_tol": 0.001,
        "intv_type": "hard",
        "new_noise_var": 4.0,
        "dtype": "simulation",
        "cutoff_drop_ratio": 0.07,
        "intv_targets": [
            0,
            1,
            2,
            3,
            4,
            5
        ]
    },
    "intv_args_dict": {
        "0": {
            "intv_type": "hard",
            "inode": 0,
            "new_mui": 100,
            "new_vari": 4.0,
            "noise_type": "gaussian",
            "obs_noise_gamma_shape": null,
            "true_params": {
                "Si": [
                    [
                        4.0,
                        -2.535578000834482,
                        3.475380319407215,
                        -1.7390170502793505,
                        4.902532924244553,
                        -3.0998646124790925
                    ],
                    [
                        -2.535578000834482,
                        2.607288949578947,
                        -2.780268568506216,
                        1.2823952213457805,
                        -4.381298602084016,
                        1.9007794131829199
                    ],
                    [
                        3.475380319407215,
                        -2.780268568506216,
                        4.352777839691946,
                        -0.8039308209087672,
                        5.826443988799948,
                        -1.2538571072433382
                    ],
                    [
                        -1.7390170502793505,
                        1.2823952213457805,
                        -0.8039308209087672,
                        2.4460736156430256,
                        -1.686231607760769,
                        3.3466080742451703
                    ],
                    [
                        4.902532924244553,
                        -4.381298602084016,
                        5.826443988799948,
                        -1.686231607760769,
                        9.322545313936738,
                        -1.7164373971548672
                    ],
                    [
                        -3.0998646124790925,
                        1.9007794131829199,
                        -1.2538571072433382,
                        3.3466080742451703,
                        -1.7164373971548672,
                        6.832372607339234
                    ]
                ],
                "mui": [
                    100.0,
                    -63.38945002086205,
                    86.88450798518036,
                    -43.47542625698376,
                    122.56332310611381,
                    -77.49661531197731
                ],
                "Ai": [
                    [
                        0.0,
                        0.0,
                        0.0,
                        0.0,
                        0.0,
                        0.0
                    ],
                    [
                        -0.6338945002086205,
                        0.0,
                        0.0,
                        0.0,
                        0.0,
                        0.0
                    ],
                    [
                        0.5029332209146615,
                        -0.5772440979007032,
                        0.0,
                        0.0,
                        0.0,
                        0.0
                    ],
                    [
                        -0.728472203415309,
                        0.6481485684284272,
                        0.8109336981116579,
                        0.0,
                        0.0,
                        0.0
                    ],
                    [
                        -0.0,
                        -0.7935053171084923,
                        0.8317185553758619,
                        0.0,
                        0.0,
                        0.0
                    ],
                    [
                        -0.8848326686897909,
                        0.8416495470829555,
                        0.0,
                        0.8732503950310738,
                        0.8346973957403261,
                        0.0
                    ]
                ]
            },
            "est_params": {
                "mui": [
                    100.00956903375678,
                    -63.41616233680932,
                    86.88692673927704,
                    -43.49108983798637,
                    122.59099355061336,
                    -77.51082620381496
                ],
                "Si": [
                    [
                        4.040251378199434,
                        -2.536620429807673,
                        3.5163522820075537,
                        -1.7405497046479668,
                        4.940226806517992,
                        -3.1205018167682046
                    ],
                    [
                        -2.536620429807673,
                        2.600919317314511,
                        -2.8208676664666346,
                        1.2571535376192733,
                        -4.412702517826242,
                        1.8662000148949678
                    ],
                    [
                        3.5163522820075537,
                        -2.8208676664666346,
                        4.417042490861457,
                        -0.8177020695121479,
                        5.924227119349809,
                        -1.283495150254136
                    ],
                    [
                        -1.7405497046479668,
                        1.2571535376192733,
                        -0.8177020695121479,
                        2.4095195212388854,
                        -1.6673485470272347,
                        3.309963735280648
                    ],
                    [
                        4.940226806517992,
                        -4.412702517826242,
                        5.924227119349809,
                        -1.6673485470272347,
                        9.41265937456695,
                        -1.7189284489880472
                    ],
                    [
                        -3.1205018167682046,
                        1.8662000148949678,
                        -1.283495150254136,
                        3.309963735280648,
                        -1.7189284489880472,
                        6.781967907006892
                    ]
                ]
            },
            "est_tgt": [
                0,
                1,
                2,
                4
            ],
            "oracle_est_tgt": [
                0
            ]
        },
        "1": {
            "intv_type": "hard",
            "inode": 1,
            "new_mui": 100,
            "new_vari": 4.0,
            "noise_type": "gaussian",
            "obs_noise_gamma_shape": null,
            "true_params": {
                "Si": [
                    [
                        1.0,
                        0.0,
                        0.5029332209146615,
                        -0.32062670667577514,
                        0.4182988919496715,
                        -0.8156670712004689
                    ],
                    [
                        0.0,
                        4.0,
                        -2.3089763916028128,
                        0.7201675096187281,
                        -5.094439777254831,
                        -0.25683086423561363
                    ],
                    [
                        0.5029332209146615,
                        -2.3089763916028128,
                        2.585784818944382,
                        0.23396743138469123,
                        3.9828302579400683,
                        1.1404095176070175
                    ],
                    [
                        -0.32062670667577514,
                        0.7201675096187281,
                        0.23396743138469123,
                        1.8900752582444134,
                        -0.37686169405496545,
                        2.225773134134033
                    ],
                    [
                        0.4182988919496715,
                        -5.094439777254831,
                        3.9828302579400683,
                        -0.37686169405496545,
                        8.355058879381897,
                        1.9869938086298469
                    ],
                    [
                        -0.8156670712004689,
                        -0.25683086423561363,
                        1.1404095176070175,
                        2.225773134134033,
                        1.9869938086298469,
                        5.1077631168594495
                    ]
                ],
                "mui": [
                    0.0,
                    100.0,
                    -57.72440979007032,
                    18.004187740468204,
                    -127.36099443137077,
                    -6.420771605890341
                ],
                "Ai": [
                    [
                        0.0,
                        0.0,
                        0.0,
                        0.0,
                        0.0,
                        0.0
                    ],
                    [
                        0.0,
                        0.0,
                        0.0,
                        0.0,
                        0.0,
                        0.0
                    ],
                    [
                        0.5029332209146615,
                        -0.5772440979007032,
                        0.0,
                        0.0,
                        0.0,
                        0.0
                    ],
                    [
                        -0.728472203415309,
                        0.6481485684284272,
                        0.8109336981116579,
                        0.0,
                        0.0,
                        0.0
                    ],
                    [
                        -0.0,
                        -0.7935053171084923,
                        0.8317185553758619,
                        0.0,
                        0.0,
                        0.0
                    ],
                    [
                        -0.8848326686897909,
                        0.8416495470829555,
                        0.0,
                        0.8732503950310738,
                        0.8346973957403261,
                        0.0
                    ]
                ]
            },
            "est_params": {
                "mui": [
                    -0.003649182990585509,
                    100.00472398439828,
                    -57.75074828534688,
                    18.00242231631806,
                    -127.37314683913283,
                    -6.42329928965265
                ],
                "Si": [
                    [
                        1.0092166550872077,
                        0.008411006451700932,
                        0.5165212272639026,
                        -0.3081277547314248,
                        0.4365030117873255,
                        -0.7808999328506242
                    ],
                    [
                        0.008411006451700932,
                        4.035220747548068,
                        -2.3399983343914035,
                        0.7326708030266125,
                        -5.12227759069062,
                        -0.26401012502154925
                    ],
                    [
                        0.5165212272639026,
                        -2.3399983343914035,
                        2.608186973553533,
                        0.2183726766834743,
                        4.013930760671565,
                        1.149205735602072
                    ],
                    [
                        -0.3081277547314248,
                        0.7326708030266125,
                        0.2183726766834743,
                        1.9208488596417423,
                        -0.4034022653137703,
                        2.2264525560405457
                    ],
                    [
                        0.4365030117873255,
                        -5.12227759069062,
                        4.013930760671565,
                        -0.4034022653137703,
                        8.38049551737333,
                        1.9982949872397406
                    ],
                    [
                        -0.7808999328506242,
                        -0.26401012502154925,
                        1.149205735602072,
                        2.2264525560405457,
                        1.9982949872397406,
                        5.099184442026953
                    ]
                ]
            },
            "est_tgt": [
                0,
                1,
                2,
                4
            ],
            "oracle_est_tgt": [
                1
            ]
        },
        "2": {
            "intv_type": "hard",
            "inode": 2,
            "new_mui": 100,
            "new_vari": 4.0,
            "noise_type": "gaussian",
            "obs_noise_gamma_shape": null,
            "true_params": {
                "Si": [
                    [
                        1.0,
                        -0.6338945002086205,
                        0.0,
                        -1.1393300162601796,
                        0.5029986564013706,
                        -1.993418405899607
                    ],
                    [
                        -0.6338945002086205,
                        1.4018222373947369,
                        0.0,
                        1.3703635996583532,
                        -1.1123533990136467,
                        2.008925682919741
                    ],
                    [
                        0.0,
                        0.0,
                        4.0,
                        3.2437347924466318,
                        3.3268742215034477,
                        5.609525937524612
                    ],
                    [
                        -1.1393300162601796,
                        1.3703635996583532,
                        3.2437347924466318,
                        5.348623303639439,
                        1.6104836128952973,
                        8.176436212139022
                    ],
                    [
                        0.5029986564013706,
                        -1.1123533990136467,
                        3.3268742215034477,
                        1.6104836128952973,
                        4.649681358047076,
                        3.906150993769101
                    ],
                    [
                        -1.993418405899607,
                        2.008925682919741,
                        5.609525937524612,
                        8.176436212139022,
                        3.906150993769101,
                        14.855183333124549
                    ]
                ],
                "mui": [
                    0.0,
                    0.0,
                    100.0,
                    81.0933698111658,
                    83.1718555375862,
                    140.2381484381153
                ],
                "Ai": [
                    [
                        0.0,
                        0.0,
                        0.0,
                        0.0,
                        0.0,
                        0.0
                    ],
                    [
                        -0.6338945002086205,
                        0.0,
                        0.0,
                        0.0,
                        0.0,
                        0.0
                    ],
                    [
                        0.0,
                        0.0,
                        0.0,
                        0.0,
                        0.0,
                        0.0
                    ],
                    [
                        -0.728472203415309,
                        0.6481485684284272,
                        0.8109336981116579,
                        0.0,
                        0.0,
                        0.0
                    ],
                    [
                        -0.0,
                        -0.7935053171084923,
                        0.8317185553758619,
                        0.0,
                        0.0,
                        0.0
                    ],
                    [
                        -0.8848326686897909,
                        0.8416495470829555,
                        0.0,
                        0.8732503950310738,
                        0.8346973957403261,
                        0.0
                    ]
                ]
            },
            "est_params": {
                "mui": [
                    -0.004859359650610458,
                    -0.009835913878653586,
                    100.00825125903074,
                    81.1007562736044,
                    83.17991141896574,
                    140.26362995214106
                ],
                "Si": [
                    [
                        1.0028135085263619,
                        -0.6478269959451881,
                        0.003455121461760615,
                        -1.1441273614493817,
                        0.5068695457380665,
                        -2.004401354072958
                    ],
                    [
                        -0.6478269959451881,
                        1.4398948848518232,
                        -0.01363001474200155,
                        1.3961683754189618,
                        -1.1638131349447864,
                        2.011772272097007
                    ],
                    [
                        0.003455121461760615,
                        -0.01363001474200155,
                        3.893245322141308,
                        3.153583640476216,
                        3.243924288718817,
                        5.472616882331636
                    ],
                    [
                        -1.1441273614493817,
                        1.3961683754189618,
                        3.153583640476216,
                        5.2887948538929,
                        1.5184047870184763,
                        8.09121662372515
                    ],
                    [
                        0.5068695457380665,
                        -1.1638131349447864,
                        3.243924288718817,
                        1.5184047870184763,
                        4.602471596380717,
                        3.7912342371545256
                    ],
                    [
                        -2.004401354072958,
                        2.011772272097007,
                        5.472616882331636,
                        8.09121662372515,
                        3.7912342371545256,
                        14.727159653793066
                    ]
                ]
            },
            "est_tgt": [
                0,
                2,
                4
            ],
            "oracle_est_tgt": [
                2
            ]
        },
        "3": {
            "intv_type": "hard",
            "inode": 3,
            "new_mui": 100,
            "new_vari": 4.0,
            "noise_type": "gaussian",
            "obs_noise_gamma_shape": null,
            "true_params": {
                "Si": [
                    [
                        1.0,
                        -0.6338945002086205,
                        0.8688450798518037,
                        0.0,
                        1.2256332310611382,
                        -0.3953168215892193
                    ],
                    [
                        -0.6338945002086205,
                        1.4018222373947369,
                        -1.1280002155520812,
                        0.0,
                        -2.0505321087562844,
                        0.029159802420680447
                    ],
                    [
                        0.8688450798518037,
                        -1.1280002155520812,
                        2.0881025213438837,
                        0.0,
                        2.6317877812689314,
                        0.4785830259542371
                    ],
                    [
                        0.0,
                        0.0,
                        0.0,
                        4.0,
                        0.0,
                        3.4930015801242953
                    ],
                    [
                        1.2256332310611382,
                        -2.0505321087562844,
                        2.6317877812689314,
                        0.0,
                        4.816014862692642,
                        1.2096053204477497
                    ],
                    [
                        -0.3953168215892193,
                        0.029159802420680447,
                        0.4785830259542371,
                        3.4930015801242953,
                        1.2096053204477497,
                        5.434250993264234
                    ]
                ],
                "mui": [
                    0.0,
                    0.0,
                    0.0,
                    100.0,
                    0.0,
                    87.32503950310738
                ],
                "Ai": [
                    [
                        0.0,
                        0.0,
                        0.0,
                        0.0,
                        0.0,
                        0.0
                    ],
                    [
                        -0.6338945002086205,
                        0.0,
                        0.0,
                        0.0,
                        0.0,
                        0.0
                    ],
                    [
                        0.5029332209146615,
                        -0.5772440979007032,
                        0.0,
                        0.0,
                        0.0,
                        0.0
                    ],
                    [
                        0.0,
                        0.0,
                        0.0,
                        0.0,
                        0.0,
                        0.0
                    ],
                    [
                        -0.0,
                        -0.7935053171084923,
                        0.8317185553758619,
                        0.0,
                        0.0,
                        0.0
                    ],
                    [
                        -0.8848326686897909,
                        0.8416495470829555,
                        0.0,
                        0.8732503950310738,
                        0.8346973957403261,
                        0.0
                    ]
                ]
            },
            "est_params": {
                "mui": [
                    0.009634131392727511,
                    -0.013280861811075505,
                    0.012060157311819647,
                    99.99108400889692,
                    0.035058254005223194,
                    87.32821921111535
                ],
                "Si": [
                    [
                        0.994900407060603,
                        -0.6279120852538751,
                        0.8607938975733992,
                        0.0011976715205260602,
                        1.1995078904416012,
                        -0.4231278648868262
                    ],
                    [
                        -0.6279120852538751,
                        1.383922283462133,
                        -1.1125730876009046,
                        0.013964701054887564,
                        -2.0112804340074737,
                        0.08185412531054079
                    ],
                    [
                        0.8607938975733992,
                        -1.1125730876009046,
                        2.064086562108783,
                        -0.023768667021857585,
                        2.558601358841552,
                        0.39087402321530645
                    ],
                    [
                        0.0011976715205260602,
                        0.013964701054887564,
                        -0.023768667021857585,
                        3.99477176307026,
                        -0.04918751875151005,
                        3.503442108984942
                    ],
                    [
                        1.1995078904416012,
                        -2.0112804340074737,
                        2.558601358841552,
                        -0.04918751875151005,
                        4.680351953662031,
                        1.059965210775481
                    ],
                    [
                        -0.4231278648868262,
                        0.08185412531054079,
                        0.39087402321530645,
                        3.503442108984942,
                        1.059965210775481,
                        5.434301250554162
                    ]
                ]
            },
            "est_tgt": [
                3
            ],
            "oracle_est_tgt": [
                3
            ]
        },
        "4": {
            "intv_type": "hard",
            "inode": 4,
            "new_mui": 100,
            "new_vari": 4.0,
            "noise_type": "gaussian",
            "obs_noise_gamma_shape": null,
            "true_params": {
                "Si": [
                    [
                        1.0,
                        -0.6338945002086205,
                        0.8688450798518037,
                        -0.4347542625698376,
                        0.0,
                        -1.7979990192193065
                    ],
                    [
                        -0.6338945002086205,
                        1.4018222373947369,
                        -1.1280002155520812,
                        0.45563021338995663,
                        0.0,
                        2.138612877312342
                    ],
                    [
                        0.8688450798518037,
                        -1.1280002155520812,
                        2.0881025213438837,
                        0.32927148502644066,
                        0.0,
                        -1.4306269268403435
                    ],
                    [
                        -0.4347542625698376,
                        0.45563021338995663,
                        0.32927148502644066,
                        1.8790398091750955,
                        0.0,
                        2.4090379927521646
                    ],
                    [
                        0.0,
                        0.0,
                        0.0,
                        0.0,
                        4.0,
                        3.3387895829613043
                    ],
                    [
                        -1.7979990192193065,
                        2.138612877312342,
                        -1.4306269268403435,
                        2.4090379927521646,
                        3.3387895829613043,
                        9.281463178691578
                    ]
                ],
                "mui": [
                    0.0,
                    0.0,
                    0.0,
                    0.0,
                    100.0,
                    83.46973957403262
                ],
                "Ai": [
                    [
                        0.0,
                        0.0,
                        0.0,
                        0.0,
                        0.0,
                        0.0
                    ],
                    [
                        -0.6338945002086205,
                        0.0,
                        0.0,
                        0.0,
                        0.0,
                        0.0
                    ],
                    [
                        0.5029332209146615,
                        -0.5772440979007032,
                        0.0,
                        0.0,
                        0.0,
                        0.0
                    ],
                    [
                        -0.728472203415309,
                        0.6481485684284272,
                        0.8109336981116579,
                        0.0,
                        0.0,
                        0.0
                    ],
                    [
                        0.0,
                        0.0,
                        0.0,
                        0.0,
                        0.0,
                        0.0
                    ],
                    [
                        -0.8848326686897909,
                        0.8416495470829555,
                        0.0,
                        0.8732503950310738,
                        0.8346973957403261,
                        0.0
                    ]
                ]
            },
            "est_params": {
                "mui": [
                    0.0025960752944724622,
                    0.00870887069971199,
                    -0.007853710848932624,
                    -0.028395871357620218,
                    100.01801561451651,
                    83.46241110579197
                ],
                "Si": [
                    [
                        1.0215172824237109,
                        -0.6365305351659465,
                        0.8498264838266762,
                        -0.4705190606602218,
                        -0.012395225026656622,
                        -1.8730426118051307
                    ],
                    [
                        -0.6365305351659465,
                        1.3555222245769016,
                        -1.074432556346503,
                        0.47649619796447884,
                        -0.010903123212836928,
                        2.09797767119581
                    ],
                    [
                        0.8498264838266762,
                        -1.074432556346503,
                        2.0139304699491496,
                        0.33036026033845833,
                        -0.013802319603228384,
                        -1.3679603400007287
                    ],
                    [
                        -0.4705190606602218,
                        0.47649619796447884,
                        0.33036026033845833,
                        1.948414596643357,
                        -0.04222229944338785,
                        2.4962867086892175
                    ],
                    [
                        -0.012395225026656622,
                        -0.010903123212836928,
                        -0.013802319603228384,
                        -0.04222229944338785,
                        4.064251363002958,
                        3.3488454456456007
                    ],
                    [
                        -1.8730426118051307,
                        2.09797767119581,
                        -1.3679603400007287,
                        2.4962867086892175,
                        3.3488454456456007,
                        9.408392358754323
                    ]
                ]
            },
            "est_tgt": [
                2,
                4
            ],
            "oracle_est_tgt": [
                4
            ]
        },
        "5": {
            "intv_type": "hard",
            "inode": 5,
            "new_mui": 100,
            "new_vari": 4.0,
            "noise_type": "gaussian",
            "obs_noise_gamma_shape": null,
            "true_params": {
                "Si": [
                    [
                        1.0,
                        -0.6338945002086205,
                        0.8688450798518037,
                        -0.4347542625698376,
                        1.2256332310611382,
                        0.0
                    ],
                    [
                        -0.6338945002086205,
                        1.4018222373947369,
                        -1.1280002155520812,
                        0.45563021338995663,
                        -2.0505321087562844,
                        0.0
                    ],
                    [
                        0.8688450798518037,
                        -1.1280002155520812,
                        2.0881025213438837,
                        0.32927148502644066,
                        2.6317877812689314,
                        0.0
                    ],
                    [
                        -0.4347542625698376,
                        0.45563021338995663,
                        0.32927148502644066,
                        1.8790398091750955,
                        -0.08768379310755152,
                        0.0
                    ],
                    [
                        1.2256332310611382,
                        -2.0505321087562844,
                        2.6317877812689314,
                        -0.08768379310755152,
                        4.816014862692642,
                        0.0
                    ],
                    [
                        0.0,
                        0.0,
                        0.0,
                        0.0,
                        0.0,
                        4.0
                    ]
                ],
                "mui": [
                    0.0,
                    0.0,
                    0.0,
                    0.0,
                    0.0,
                    100.0
                ],
                "Ai": [
                    [
                        0.0,
                        0.0,
                        0.0,
                        0.0,
                        0.0,
                        0.0
                    ],
                    [
                        -0.6338945002086205,
                        0.0,
                        0.0,
                        0.0,
                        0.0,
                        0.0
                    ],
                    [
                        0.5029332209146615,
                        -0.5772440979007032,
                        0.0,
                        0.0,
                        0.0,
                        0.0
                    ],
                    [
                        -0.728472203415309,
                        0.6481485684284272,
                        0.8109336981116579,
                        0.0,
                        0.0,
                        0.0
                    ],
                    [
                        -0.0,
                        -0.7935053171084923,
                        0.8317185553758619,
                        0.0,
                        0.0,
                        0.0
                    ],
                    [
                        0.0,
                        0.0,
                        0.0,
                        0.0,
                        0.0,
                        0.0
                    ]
                ]
            },
            "est_params": {
                "mui": [
                    -0.009911021828711074,
                    0.01116836608114962,
                    -0.026556188316158826,
                    -0.0035194535799961285,
                    -0.031493092877318114,
                    99.96997926094771
                ],
                "Si": [
                    [
                        0.997251889855496,
                        -0.6247998901127563,
                        0.8792864090355742,
                        -0.42255067532813334,
                        1.2116648976530366,
                        0.009451813262725671
                    ],
                    [
                        -0.6247998901127563,
                        1.4054781374976182,
                        -1.1457607579767175,
                        0.4504406663444226,
                        -2.05179941795534,
                        0.03520737014933911
                    ],
                    [
                        0.8792864090355742,
                        -1.1457607579767175,
                        2.095676054245771,
                        0.31071187758159463,
                        2.635309694169856,
                        -0.026854227385313817
                    ],
                    [
                        -0.42255067532813334,
                        0.4504406663444226,
                        0.31071187758159463,
                        1.8726264009131568,
                        -0.07180857830733052,
                        0.008961844232011257
                    ],
                    [
                        1.2116648976530366,
                        -2.05179941795534,
                        2.635309694169856,
                        -0.07180857830733052,
                        4.77516027778561,
                        -0.047396848023313336
                    ],
                    [
                        0.009451813262725671,
                        0.03520737014933911,
                        -0.026854227385313817,
                        0.008961844232011257,
                        -0.047396848023313336,
                        4.016136988347804
                    ]
                ]
            },
            "est_tgt": [
                5
            ],
            "oracle_est_tgt": [
                5
            ]
        },
        "obs": {
            "intv_type": "obs",
            "noise_type": "gaussian",
            "obs_noise_gamma_shape": null,
            "true_params": {
                "Si": [
                    [
                        1.0,
                        -0.6338945002086205,
                        0.8688450798518037,
                        -0.4347542625698376,
                        1.2256332310611382,
                        -0.7749661531197731
                    ],
                    [
                        -0.6338945002086205,
                        1.4018222373947369,
                        -1.1280002155520812,
                        0.45563021338995663,
                        -2.0505321087562844,
                        0.4270390662515524
                    ],
                    [
                        0.8688450798518037,
                        -1.1280002155520812,
                        2.0881025213438837,
                        0.32927148502644066,
                        2.6317877812689314,
                        0.7661194803260448
                    ],
                    [
                        -0.4347542625698376,
                        0.45563021338995663,
                        0.32927148502644066,
                        1.8790398091750955,
                        -0.08768379310755152,
                        2.3358485589966578
                    ],
                    [
                        1.2256332310611382,
                        -2.0505321087562844,
                        2.6317877812689314,
                        -0.08768379310755152,
                        4.816014862692642,
                        1.1330354134787577
                    ],
                    [
                        -0.7749661531197731,
                        0.4270390662515524,
                        0.7661194803260448,
                        2.3358485589966578,
                        1.1330354134787577,
                        5.030654991895456
                    ]
                ],
                "mui": [
