{
    "expt_args": {
        "save_dir": "all_expt_logs/expt_logs_sim_compsel_backward_cameraready_new_var_largemean",
        "exp_name": "525",
        "num_nodes": 6,
        "num_tgt_prior": 7,
        "obs_noise_mean": 0.0,
        "obs_noise_var": 1.0,
        "obs_noise_gamma_shape": null,
        "noise_type": "gaussian",
        "max_edge_strength": 1.0,
        "graph_sparsity_method": "adj_dense_prop",
        "adj_dense_prop": 0.8,
        "num_parents": null,
        "new_noise_mean": 100,
        "mix_samples": 262144,
        "stage2_samples": 262144,
        "gmm_tol": 0.001,
        "intv_type": "hard",
        "new_noise_var": 4.0,
        "dtype": "simulation",
        "cutoff_drop_ratio": 0.07,
        "intv_targets": [
            0,
            1,
            2,
            3,
            4,
            5
        ]
    },
    "intv_args_dict": {
        "0": {
            "intv_type": "hard",
            "inode": 0,
            "new_mui": 100,
            "new_vari": 4.0,
            "noise_type": "gaussian",
            "obs_noise_gamma_shape": null,
            "true_params": {
                "Si": [
                    [
                        4.0,
                        3.336564119032916,
                        3.7417237120751867,
                        -7.126177497646138,
                        6.632878636886259,
                        4.2892159670841306
                    ],
                    [
                        3.336564119032916,
                        3.783165030104475,
                        3.1211252702611794,
                        -6.509628025925259,
                        6.424115274836618,
                        4.071015255791233
                    ],
                    [
                        3.7417237120751867,
                        3.1211252702611794,
                        4.500124084376429,
                        -7.400695709256008,
                        7.18243844793409,
                        4.37587806449875
                    ],
                    [
                        -7.126177497646138,
                        -6.509628025925259,
                        -7.400695709256008,
                        14.554977379348005,
                        -13.039102055174329,
                        -8.702520486756416
                    ],
                    [
                        6.632878636886259,
                        6.424115274836618,
                        7.18243844793409,
                        -13.039102055174329,
                        13.749459108659517,
                        7.050392528335661
                    ],
                    [
                        4.2892159670841306,
                        4.071015255791233,
                        4.37587806449875,
                        -8.702520486756416,
                        7.050392528335661,
                        6.975018770578232
                    ]
                ],
                "mui": [
                    100.0,
                    83.4141029758229,
                    93.54309280187967,
                    -178.15443744115345,
                    165.82196592215647,
                    107.23039917710327
                ],
                "Ai": [
                    [
                        0.0,
                        0.0,
                        0.0,
                        0.0,
                        0.0,
                        0.0
                    ],
                    [
                        0.834141029758229,
                        0.0,
                        0.0,
                        0.0,
                        0.0,
                        0.0
                    ],
                    [
                        0.9354309280187967,
                        0.0,
                        0.0,
                        0.0,
                        0.0,
                        0.0
                    ],
                    [
                        -0.6227152689338228,
                        -0.5653909897987894,
                        -0.7346488794062155,
                        0.0,
                        0.0,
                        0.0
                    ],
                    [
                        0.0,
                        0.8913590584029552,
                        0.9778386291955253,
                        -0.0,
                        0.0,
                        0.0
                    ],
                    [
                        0.0,
                        0.9660794901163303,
                        0.8234357586092538,
                        -0.5151109508383538,
                        -0.8572464049267035,
                        0.0
                    ]
                ]
            },
            "est_params": {
                "mui": [
                    99.99127641966294,
                    83.40607850743245,
                    93.53060480190382,
                    -178.1295091153599,
                    165.81063464639456,
                    107.20885807359991
                ],
                "Si": [
                    [
                        4.026122783838189,
                        3.372113104787531,
                        3.7505537692638953,
                        -7.157144450559894,
                        6.671893524473063,
                        4.320290371279649
                    ],
                    [
                        3.372113104787531,
                        3.8381178684008175,
                        3.1451025639188854,
                        -6.56869921832361,
                        6.490166926097778,
                        4.120223858793184
                    ],
                    [
                        3.7505537692638953,
                        3.1451025639188854,
                        4.506684274567333,
                        -7.420270141959067,
                        7.210290061972882,
                        4.4035161327025065
                    ],
                    [
                        -7.157144450559894,
                        -6.56869921832361,
                        -7.420270141959067,
                        14.608554137288582,
                        -13.111661358445742,
                        -8.755004397226466
                    ],
                    [
                        6.671893524473063,
                        6.490166926097778,
                        7.210290061972882,
                        -13.111661358445742,
                        13.826290136274004,
                        7.1219302538062745
                    ],
                    [
                        4.320290371279649,
                        4.120223858793184,
                        4.4035161327025065,
                        -8.755004397226466,
                        7.1219302538062745,
                        7.0159482606525545
                    ]
                ]
            },
            "est_tgt": [
                0
            ],
            "oracle_est_tgt": [
                0
            ]
        },
        "1": {
            "intv_type": "hard",
            "inode": 1,
            "new_mui": 100,
            "new_vari": 4.0,
            "noise_type": "gaussian",
            "obs_noise_gamma_shape": null,
            "true_params": {
                "Si": [
                    [
                        1.0,
                        0.0,
                        0.9354309280187967,
                        -1.309928551964748,
                        0.9147004963609983,
                        0.6609021056824482
                    ],
                    [
                        0.0,
                        4.0,
                        0.0,
                        -2.2615639591951577,
                        3.5654362336118206,
                        1.9728169286089523
                    ],
                    [
                        0.9354309280187967,
                        0.0,
                        1.8750310210941072,
                        -1.9599965604089182,
                        1.8334777633657477,
                        0.9818410619843101
                    ],
                    [
                        -1.309928551964748,
                        -2.2615639591951577,
                        -1.9599965604089182,
                        4.534289672647889,
                        -3.9324258710444564,
                        -2.7633861352171345
                    ],
                    [
                        0.9147004963609983,
                        3.5654362336118206,
                        1.8334777633657477,
                        -3.9324258710444564,
                        5.970929266778052,
                        1.8613239530981989
                    ],
                    [
                        0.6609021056824482,
                        1.9728169286089523,
                        0.9818410619843101,
                        -2.7633861352171345,
                        1.8613239530981989,
                        3.542218204639998
                    ]
                ],
                "mui": [
                    0.0,
                    100.0,
                    0.0,
                    -56.53909897987894,
                    89.13590584029552,
                    49.320423215223805
                ],
                "Ai": [
                    [
                        0.0,
                        0.0,
                        0.0,
                        0.0,
                        0.0,
                        0.0
                    ],
                    [
                        0.0,
                        0.0,
                        0.0,
                        0.0,
                        0.0,
                        0.0
                    ],
                    [
                        0.9354309280187967,
                        0.0,
                        0.0,
                        0.0,
                        0.0,
                        0.0
                    ],
                    [
                        -0.6227152689338228,
                        -0.5653909897987894,
                        -0.7346488794062155,
                        0.0,
                        0.0,
                        0.0
                    ],
                    [
                        0.0,
                        0.8913590584029552,
                        0.9778386291955253,
                        -0.0,
                        0.0,
                        0.0
                    ],
                    [
                        0.0,
                        0.9660794901163303,
                        0.8234357586092538,
                        -0.5151109508383538,
                        -0.8572464049267035,
                        0.0
                    ]
                ]
            },
            "est_params": {
                "mui": [
                    -0.00019593529905783015,
                    100.00146391531709,
                    0.002185029170322132,
                    -56.54066580525153,
                    89.14177689029627,
                    49.30723411823149
                ],
                "Si": [
                    [
                        0.9992395233706681,
                        0.012777633350163827,
                        0.9453176612806653,
                        -1.320707319932945,
                        0.9353292727076193,
                        0.6661671249159239
                    ],
                    [
                        0.012777633350163827,
                        4.0137988693908975,
                        0.010314653949201696,
                        -2.2780637524038676,
                        3.596702792231358,
                        1.9570190245355823
                    ],
                    [
                        0.9453176612806653,
                        0.010314653949201696,
                        1.8860589957852374,
                        -1.9695085555865421,
                        1.8581880008088862,
                        0.9748623587295069
                    ],
                    [
                        -1.320707319932945,
                        -2.2780637524038676,
                        -1.9695085555865421,
                        4.551660009683236,
                        -3.9602528085191335,
                        -2.7539411481132903
                    ],
                    [
                        0.9353292727076193,
                        3.596702792231358,
                        1.8581880008088862,
                        -3.9602528085191335,
                        6.036959578057466,
                        1.8457562426998537
                    ],
                    [
                        0.6661671249159239,
                        1.9570190245355823,
                        0.9748623587295069,
                        -2.7539411481132903,
                        1.8457562426998537,
                        3.525535872712636
                    ]
                ]
            },
            "est_tgt": [
                1
            ],
            "oracle_est_tgt": [
                1
            ]
        },
        "2": {
            "intv_type": "hard",
            "inode": 2,
            "new_mui": 100,
            "new_vari": 4.0,
            "noise_type": "gaussian",
            "obs_noise_gamma_shape": null,
            "true_params": {
                "Si": [
                    [
                        1.0,
                        0.834141029758229,
                        0.0,
                        -1.0943310913806092,
                        0.7435191628605664,
                        0.7321693403706468
                    ],
                    [
                        0.834141029758229,
                        1.6957912575261187,
                        0.0,
                        -1.4782174532594574,
                        1.5115588985564443,
                        1.1039367196864127
                    ],
                    [
                        0.0,
                        0.0,
                        4.0,
                        -2.938595517624862,
                        3.9113545167821013,
                        1.4544511677448027
                    ],
                    [
                        -1.0943310913806092,
                        -1.4782174532594574,
                        -2.938595517624862,
                        4.676063412959163,
                        -4.191094729966575,
                        -2.663710773685871
                    ],
                    [
                        0.7435191628605664,
                        1.5115588985564443,
                        3.9113545167821013,
                        -4.191094729966575,
                        6.1720152555258165,
                        1.5489761261688335
                    ],
                    [
                        0.7321693403706468,
                        1.1039367196864127,
                        1.4544511677448027,
                        -2.663710773685871,
                        1.5489761261688335,
                        3.3083900978635725
                    ]
                ],
                "mui": [
                    0.0,
                    0.0,
                    100.0,
                    -73.46488794062155,
                    97.78386291955253,
                    36.361279193620064
                ],
                "Ai": [
                    [
                        0.0,
                        0.0,
                        0.0,
                        0.0,
                        0.0,
                        0.0
                    ],
                    [
                        0.834141029758229,
                        0.0,
                        0.0,
                        0.0,
                        0.0,
                        0.0
                    ],
                    [
                        0.0,
                        0.0,
                        0.0,
                        0.0,
                        0.0,
                        0.0
                    ],
                    [
                        -0.6227152689338228,
                        -0.5653909897987894,
                        -0.7346488794062155,
                        0.0,
                        0.0,
                        0.0
                    ],
                    [
                        0.0,
                        0.8913590584029552,
                        0.9778386291955253,
                        -0.0,
                        0.0,
                        0.0
                    ],
                    [
                        0.0,
                        0.9660794901163303,
                        0.8234357586092538,
                        -0.5151109508383538,
                        -0.8572464049267035,
                        0.0
                    ]
                ]
            },
            "est_params": {
                "mui": [
                    -0.005690721468552977,
                    -0.007305373571191238,
                    100.00967099049043,
                    -73.47161673183084,
                    97.79560772492829,
                    36.3560160568657
                ],
                "Si": [
                    [
                        1.006851835226602,
                        0.8315633160450796,
                        -0.011541475468438001,
                        -1.0816789596284977,
                        0.7323855155162691,
                        0.7303973531277091
                    ],
                    [
                        0.8315633160450796,
                        1.6947978315875925,
                        -0.016719465526819046,
                        -1.4637274242804517,
                        1.4939639142906656,
                        1.0976821036087154
                    ],
                    [
                        -0.011541475468438001,
                        -0.016719465526819046,
                        4.018132014164831,
                        -2.932581785019066,
                        3.9036383087616917,
                        1.448807260074776
                    ],
                    [
                        -1.0816789596284977,
                        -1.4637274242804517,
                        -2.932581785019066,
                        4.653620713739003,
                        -4.170186305081127,
                        -2.647041634987651
                    ],
                    [
                        0.7323855155162691,
                        1.4939639142906656,
                        3.9036383087616917,
                        -4.170186305081127,
                        6.147123971302946,
                        1.5300019275729153
                    ],
                    [
                        0.7303973531277091,
                        1.0976821036087154,
                        1.448807260074776,
                        -2.647041634987651,
                        1.5300019275729153,
                        3.2953215737976937
                    ]
                ]
            },
            "est_tgt": [
                2
            ],
            "oracle_est_tgt": [
                2
            ]
        },
        "3": {
            "intv_type": "hard",
            "inode": 3,
            "new_mui": 100,
            "new_vari": 4.0,
            "noise_type": "gaussian",
            "obs_noise_gamma_shape": null,
            "true_params": {
                "Si": [
                    [
                        1.0,
                        0.834141029758229,
                        0.9354309280187967,
                        0.0,
                        1.6582196592215648,
                        0.15461097510718713
                    ],
                    [
                        0.834141029758229,
                        1.6957912575261187,
                        0.7802813175652948,
                        0.0,
                        2.274548112511371,
                        0.33093249978937855
                    ],
                    [
                        0.9354309280187967,
                        0.7802813175652948,
                        1.8750310210941072,
                        0.0,
                        2.5289885838801665,
                        0.12981499705934096
                    ],
                    [
                        0.0,
                        0.0,
                        0.0,
                        4.0,
                        0.0,
                        -2.060443803353415
                    ],
                    [
                        1.6582196592215648,
                        2.274548112511371,
                        2.5289885838801665,
                        0.0,
                        5.50038179397287,
                        -0.4353286047459797
                    ],
                    [
                        0.15461097510718713,
                        0.33093249978937855,
                        0.12981499705934096,
                        -2.060443803353415,
                        -0.4353286047459797,
                        2.8611424593164827
                    ]
                ],
                "mui": [
                    0.0,
                    0.0,
                    0.0,
                    100.0,
                    0.0,
                    -51.51109508383538
                ],
                "Ai": [
                    [
                        0.0,
                        0.0,
                        0.0,
                        0.0,
                        0.0,
                        0.0
                    ],
                    [
                        0.834141029758229,
                        0.0,
                        0.0,
                        0.0,
                        0.0,
                        0.0
                    ],
                    [
                        0.9354309280187967,
                        0.0,
                        0.0,
                        0.0,
                        0.0,
                        0.0
                    ],
                    [
                        0.0,
                        0.0,
                        0.0,
                        0.0,
                        0.0,
                        0.0
                    ],
                    [
                        0.0,
                        0.8913590584029552,
                        0.9778386291955253,
                        -0.0,
                        0.0,
                        0.0
                    ],
                    [
                        0.0,
                        0.9660794901163303,
                        0.8234357586092538,
                        -0.5151109508383538,
                        -0.8572464049267035,
                        0.0
                    ]
                ]
            },
            "est_params": {
                "mui": [
                    0.008481680762675177,
                    0.009838648984733776,
                    0.011048135490362411,
                    99.99301319021963,
                    0.01849941980354095,
                    -51.503530769611956
                ],
                "Si": [
                    [
                        1.0089684212716759,
                        0.8419659733738172,
                        0.945260868761409,
                        -0.004872952787820285,
                        1.668278433140244,
                        0.15988963535503273
                    ],
                    [
                        0.8419659733738172,
                        1.6990035025498567,
                        0.7885007718980177,
                        -0.020301509599503633,
                        2.2827988080422674,
                        0.3346307140431419
                    ],
                    [
                        0.945260868761409,
                        0.7885007718980177,
                        1.8834469109683922,
                        -0.0013909820284531316,
                        2.533937778193489,
                        0.13642580834877985
                    ],
                    [
                        -0.004872952787820285,
                        -0.020301509599503633,
                        -0.0013909820284531316,
                        4.02274043165096,
                        -0.023668561043312757,
                        -2.0730640854072186
                    ],
                    [
                        1.668278433140244,
                        2.2827988080422674,
                        2.533937778193489,
                        -0.023668561043312757,
                        5.491309494858075,
                        -0.41661504068212996
                    ],
                    [
                        0.15988963535503273,
                        0.3346307140431419,
                        0.13642580834877985,
                        -2.0730640854072186,
                        -0.41661504068212996,
                        2.86308750175624
                    ]
                ]
            },
            "est_tgt": [
                3
            ],
            "oracle_est_tgt": [
                3
            ]
        },
        "4": {
            "intv_type": "hard",
            "inode": 4,
            "new_mui": 100,
            "new_vari": 4.0,
            "noise_type": "gaussian",
            "obs_noise_gamma_shape": null,
            "true_params": {
                "Si": [
                    [
                        1.0,
                        0.834141029758229,
                        0.9354309280187967,
                        -1.7815443744115345,
                        0.0,
                        2.4938068332175023
                    ],
                    [
                        0.834141029758229,
                        1.6957912575261187,
                        0.7802813175652948,
                        -2.051450248830407,
                        0.0,
                        3.337505180345178
                    ],
                    [
                        0.9354309280187967,
                        0.7802813175652948,
                        1.8750310210941072,
                        -2.401160586868664,
                        0.0,
                        3.534645481708785
                    ],
                    [
                        -1.7815443744115345,
                        -2.051450248830407,
                        -2.401160586868664,
                        5.033276305355849,
                        0.0,
                        -6.551761243263944
                    ],
                    [
                        0.0,
                        0.0,
                        0.0,
                        0.0,
                        4.0,
                        -3.428985619706814
                    ],
                    [
                        2.4938068332175023,
                        3.337505180345178,
                        3.534645481708785,
                        -6.551761243263944,
                        -3.428985619706814,
                        13.449218345256723
                    ]
                ],
                "mui": [
                    0.0,
                    0.0,
                    0.0,
                    0.0,
                    100.0,
                    -85.72464049267035
                ],
                "Ai": [
                    [
                        0.0,
                        0.0,
                        0.0,
                        0.0,
                        0.0,
                        0.0
                    ],
                    [
                        0.834141029758229,
                        0.0,
                        0.0,
                        0.0,
                        0.0,
                        0.0
                    ],
                    [
                        0.9354309280187967,
                        0.0,
                        0.0,
                        0.0,
                        0.0,
                        0.0
                    ],
                    [
                        -0.6227152689338228,
                        -0.5653909897987894,
                        -0.7346488794062155,
                        0.0,
                        0.0,
                        0.0
                    ],
                    [
                        0.0,
                        0.0,
                        0.0,
                        0.0,
                        0.0,
                        0.0
                    ],
                    [
                        0.0,
                        0.9660794901163303,
                        0.8234357586092538,
                        -0.5151109508383538,
                        -0.8572464049267035,
                        0.0
                    ]
                ]
            },
            "est_params": {
                "mui": [
                    0.0030983100363753853,
                    0.012728199738886285,
                    -0.005224304548108228,
                    -0.006631123496554582,
                    100.01105661378867,
                    -85.72619994819725
                ],
                "Si": [
                    [
                        1.0143639523572203,
                        0.8437015614639759,
                        0.9488488230096992,
                        -1.7996858549581014,
                        -0.010242950613545066,
                        2.5308168626771357
                    ],
                    [
                        0.8437015614639759,
                        1.6891519524978642,
                        0.7922692199361951,
                        -2.0543895740142895,
                        -0.01993566150641294,
                        3.3579247247370168
                    ],
                    [
                        0.9488488230096992,
                        0.7922692199361951,
                        1.8873268485856003,
                        -2.422502980883869,
                        -0.0003061476543922662,
                        3.5589052724370043
                    ],
                    [
                        -1.7996858549581014,
                        -2.0543895740142895,
                        -2.422502980883869,
                        5.044339912573901,
                        0.020026281514737117,
                        -6.59501499361997
                    ],
                    [
                        -0.010242950613545066,
                        -0.01993566150641294,
                        -0.0003061476543922662,
                        0.020026281514737117,
                        4.072591482287987,
                        -3.5284463881506754
                    ],
                    [
                        2.5308168626771357,
                        3.3579247247370168,
                        3.5589052724370043,
                        -6.59501499361997,
                        -3.5284463881506754,
                        13.593106307198886
                    ]
                ]
            },
            "est_tgt": [
                4
            ],
            "oracle_est_tgt": [
                4
            ]
        },
        "5": {
            "intv_type": "hard",
            "inode": 5,
            "new_mui": 100,
            "new_vari": 4.0,
            "noise_type": "gaussian",
            "obs_noise_gamma_shape": null,
            "true_params": {
                "Si": [
                    [
                        1.0,
                        0.834141029758229,
                        0.9354309280187967,
                        -1.7815443744115345,
                        1.6582196592215648,
                        0.0
                    ],
                    [
                        0.834141029758229,
                        1.6957912575261187,
                        0.7802813175652948,
                        -2.051450248830407,
                        2.274548112511371,
                        0.0
                    ],
                    [
                        0.9354309280187967,
                        0.7802813175652948,
                        1.8750310210941072,
                        -2.401160586868664,
                        2.5289885838801665,
                        0.0
                    ],
                    [
                        -1.7815443744115345,
                        -2.051450248830407,
                        -2.401160586868664,
                        5.033276305355849,
                        -4.176526338899957,
                        0.0
                    ],
                    [
                        1.6582196592215648,
                        2.274548112511371,
                        2.5289885838801665,
                        -4.176526338899957,
                        5.50038179397287,
                        0.0
                    ],
                    [
                        0.0,
                        0.0,
                        0.0,
                        0.0,
                        0.0,
                        4.0
                    ]
                ],
                "mui": [
                    0.0,
                    0.0,
                    0.0,
                    0.0,
                    0.0,
                    100.0
                ],
                "Ai": [
                    [
                        0.0,
                        0.0,
                        0.0,
                        0.0,
                        0.0,
                        0.0
                    ],
                    [
                        0.834141029758229,
                        0.0,
                        0.0,
                        0.0,
                        0.0,
                        0.0
                    ],
                    [
                        0.9354309280187967,
                        0.0,
                        0.0,
                        0.0,
                        0.0,
                        0.0
                    ],
                    [
                        -0.6227152689338228,
                        -0.5653909897987894,
                        -0.7346488794062155,
                        0.0,
                        0.0,
                        0.0
                    ],
                    [
                        0.0,
                        0.8913590584029552,
                        0.9778386291955253,
                        -0.0,
                        0.0,
                        0.0
                    ],
                    [
                        0.0,
                        0.0,
                        0.0,
                        0.0,
                        0.0,
                        0.0
                    ]
                ]
            },
            "est_params": {
                "mui": [
                    0.0001341089823094711,
                    0.0005982462779245151,
                    0.00973003183029462,
                    -0.0038255109191988267,
                    0.009451976372098325,
                    100.01793694048894
                ],
                "Si": [
                    [
                        0.9909165553331923,
                        0.8302150065326016,
                        0.928042871687403,
                        -1.7678456945364431,
                        1.6519790434965371,
                        0.009538802172845766
                    ],
                    [
                        0.8302150065326016,
                        1.695877782003354,
                        0.7718073898815863,
                        -2.0452991090788237,
                        2.262609675721149,
                        0.015731747881843536
                    ],
                    [
                        0.928042871687403,
                        0.7718073898815863,
                        1.869966509537924,
                        -2.387389331582448,
                        2.5280894832809993,
                        0.008750201910238254
                    ],
                    [
                        -1.7678456945364431,
                        -2.0452991090788237,
                        -2.387389331582448,
                        5.011183398239289,
                        -4.163133786281118,
                        -0.028059573946381925
                    ],
                    [
                        1.6519790434965371,
                        2.262609675721149,
                        2.5280894832809993,
                        -4.163133786281118,
                        5.492282736183361,
                        0.0386158157952731
                    ],
                    [
                        0.009538802172845766,
                        0.015731747881843536,
                        0.008750201910238254,
                        -0.028059573946381925,
                        0.0386158157952731,
                        4.009637370242411
                    ]
                ]
            },
            "est_tgt": [
                4,
                5
            ],
            "oracle_est_tgt": [
                5
            ]
        },
        "obs": {
            "intv_type": "obs",
            "noise_type": "gaussian",
            "obs_noise_gamma_shape": null,
            "true_params": {
                "Si": [
                    [
                        1.0,
                        0.834141029758229,
                        0.9354309280187967,
                        -1.7815443744115345,
                        1.6582196592215648,
                        1.0723039917710326
                    ],
                    [
                        0.834141029758229,
                        1.6957912575261187,
                        0.7802813175652948,
                        -2.051450248830407,
                        2.274548112511371,
                        1.3876569880619867
                    ],
                    [
                        0.9354309280187967,
                        0.7802813175652948,
                        1.8750310210941072,
                        -2.401160586868664,
                        2.5289885838801665,
                        1.3666791100768378
                    ],
                    [
                        -1.7815443744115345,
                        -2.051450248830407,
                        -2.401160586868664,
                        5.033276305355849,
                        -4.176526338899957,
                        -2.9714490541602703
                    ],
                    [
                        1.6582196592215648,
                        2.274548112511371,
                        2.5289885838801665,
                        -4.176526338899957,
                        5.50038179397287,
                        1.7160458488862054
                    ],
                    [
                        1.0723039917710326,
                        1.3876569880619867,
                        1.3666791100768378,
                        -2.9714490541602703,
                        1.7160458488862054,
                        3.5255112182739587
                    ]
                ],
                "mui": [
                    0.0,
                    0.0,
                    0.0,
                    0.0,
                    0.0,
                    0.0
                ],
                "Ai": [
                    [
                        0.0,
                        0.0,
                        0.0,
                        0.0,
                        0.0,
