{
    "expt_args": {
        "save_dir": "all_expt_logs/expt_logs_sim_compsel_backward_cameraready_new_var_largemean",
        "exp_name": "228",
        "num_nodes": 6,
        "num_tgt_prior": 7,
        "obs_noise_mean": 0.0,
        "obs_noise_var": 1.0,
        "obs_noise_gamma_shape": null,
        "noise_type": "gaussian",
        "max_edge_strength": 1.0,
        "graph_sparsity_method": "adj_dense_prop",
        "adj_dense_prop": 0.8,
        "num_parents": null,
        "new_noise_mean": 100,
        "mix_samples": 262144,
        "stage2_samples": 262144,
        "gmm_tol": 0.001,
        "intv_type": "hard",
        "new_noise_var": 0.1,
        "dtype": "simulation",
        "cutoff_drop_ratio": 0.07,
        "intv_targets": [
            0,
            1,
            2,
            3,
            4,
            5
        ]
    },
    "intv_args_dict": {
        "0": {
            "intv_type": "hard",
            "inode": 0,
            "new_mui": 100,
            "new_vari": 0.1,
            "noise_type": "gaussian",
            "obs_noise_gamma_shape": null,
            "true_params": {
                "Si": [
                    [
                        0.1,
                        0.0,
                        -0.06835802067445,
                        -0.04265831431261127,
                        0.09467607425966276,
                        -0.07531706022596221
                    ],
                    [
                        0.0,
                        1.0,
                        -0.8473596552726943,
                        -1.1722044995724274,
                        1.372181157366339,
                        -2.1413463678645646
                    ],
                    [
                        -0.06835802067445,
                        -0.8473596552726943,
                        1.7647465752891447,
                        1.6464817413648651,
                        -1.2551586271507094,
                        2.2409720434089095
                    ],
                    [
                        -0.04265831431261127,
                        -1.1722044995724274,
                        1.6464817413648651,
                        2.781689825032596,
                        -2.613349074284068,
                        3.8605813203263324
                    ],
                    [
                        0.09467607425966276,
                        1.372181157366339,
                        -1.2551586271507094,
                        -2.613349074284068,
                        3.8704597387628517,
                        -4.582577437562194
                    ],
                    [
                        -0.07531706022596221,
                        -2.1413463678645646,
                        2.2409720434089095,
                        3.8605813203263324,
                        -4.582577437562194,
                        7.245253421432527
                    ]
                ],
                "mui": [
                    100.0,
                    0.0,
                    -68.35802067444999,
                    -42.658314312611274,
                    94.67607425966276,
                    -75.31706022596221
                ],
                "Ai": [
                    [
                        0.0,
                        0.0,
                        0.0,
                        0.0,
                        0.0,
                        0.0
                    ],
                    [
                        0.0,
                        0.0,
                        0.0,
                        0.0,
                        0.0,
                        0.0
                    ],
                    [
                        -0.6835802067444999,
                        -0.8473596552726943,
                        0.0,
                        0.0,
                        0.0,
                        0.0
                    ],
                    [
                        -0.0,
                        -0.6434160098852315,
                        0.6240425613808851,
                        0.0,
                        0.0,
                        0.0
                    ],
                    [
                        0.9278194294096132,
                        0.7392623196812838,
                        0.5633799765960571,
                        -0.9471933445452756,
                        0.0,
                        0.0
                    ],
                    [
                        0.0,
                        -0.7300444648111482,
                        0.0,
                        0.5771378950784742,
                        -0.5354819672490967,
                        0.0
                    ]
                ]
            },
            "est_params": {
                "mui": [
                    99.99986191843279,
                    0.005682306103583262,
                    -68.36342909147493,
                    -42.67283224816803,
                    94.68886559971654,
                    -75.33565826666863
                ],
                "Si": [
                    [
                        0.09912129475013201,
                        -0.0026448056159227022,
                        -0.06405633712071421,
                        -0.038913298967678506,
                        0.0922450253806421,
                        -0.06975093336806397
                    ],
                    [
                        -0.0026448056159227022,
                        0.9924472497588083,
                        -0.8426473577040329,
                        -1.173272144908987,
                        1.3687922594515862,
                        -2.1351860433291416
                    ],
                    [
                        -0.06405633712071421,
                        -0.8426473577040329,
                        1.757358779769229,
                        1.6453811102300326,
                        -1.2496296433800507,
                        2.239924315674111
                    ],
                    [
                        -0.038913298967678506,
                        -1.173272144908987,
                        1.6453811102300326,
                        2.7820474584782815,
                        -2.6077962135540296,
                        3.8636745869072326
                    ],
                    [
                        0.0922450253806421,
                        1.3687922594515862,
                        -1.2496296433800507,
                        -2.6077962135540296,
                        3.861880030603102,
                        -4.57246057214888
                    ],
                    [
                        -0.06975093336806397,
                        -2.1351860433291416,
                        2.239924315674111,
                        3.8636745869072326,
                        -4.57246057214888,
                        7.233326311231324
                    ]
                ]
            },
            "est_tgt": [
                0
            ],
            "oracle_est_tgt": [
                0
            ]
        },
        "1": {
            "intv_type": "hard",
            "inode": 1,
            "new_mui": 100,
            "new_vari": 0.1,
            "noise_type": "gaussian",
            "obs_noise_gamma_shape": null,
            "true_params": {
                "Si": [
                    [
                        1.0,
                        0.0,
                        -0.6835802067444999,
                        -0.42658314312611273,
                        0.9467607425966276,
                        -0.7531706022596221
                    ],
                    [
                        0.0,
                        0.1,
                        -0.08473596552726943,
                        -0.11722044995724275,
                        0.1372181157366339,
                        -0.21413463678645647
                    ],
                    [
                        -0.6835802067444999,
                        -0.08473596552726943,
                        1.5390837375912392,
                        1.014974234619431,
                        -0.7911689836664456,
                        1.071297839730932
                    ],
                    [
                        -0.42658314312611273,
                        -0.11722044995724275,
                        1.014974234619431,
                        1.708808635295954,
                        -1.5292047961088309,
                        1.8906559520676949
                    ],
                    [
                        0.9467607425966276,
                        0.1372181157366339,
                        -0.7911689836664456,
                        -1.5292047961088309,
                        2.982587036344655,
                        -2.579858936748992
                    ],
                    [
                        -0.7531706022596221,
                        -0.21413463678645647,
                        1.071297839730932,
                        1.8906559520676949,
                        -2.579858936748992,
                        3.62896494147975
                    ]
                ],
                "mui": [
                    0.0,
                    100.0,
                    -84.73596552726943,
                    -117.22044995724275,
                    137.2181157366339,
                    -214.13463678645647
                ],
                "Ai": [
                    [
                        0.0,
                        0.0,
                        0.0,
                        0.0,
                        0.0,
                        0.0
                    ],
                    [
                        0.0,
                        0.0,
                        0.0,
                        0.0,
                        0.0,
                        0.0
                    ],
                    [
                        -0.6835802067444999,
                        -0.8473596552726943,
                        0.0,
                        0.0,
                        0.0,
                        0.0
                    ],
                    [
                        -0.0,
                        -0.6434160098852315,
                        0.6240425613808851,
                        0.0,
                        0.0,
                        0.0
                    ],
                    [
                        0.9278194294096132,
                        0.7392623196812838,
                        0.5633799765960571,
                        -0.9471933445452756,
                        0.0,
                        0.0
                    ],
                    [
                        0.0,
                        -0.7300444648111482,
                        0.0,
                        0.5771378950784742,
                        -0.5354819672490967,
                        0.0
                    ]
                ]
            },
            "est_params": {
                "mui": [
                    -0.009292094592910999,
                    100.00183190112779,
                    -84.7258445979652,
                    -117.21382895342161,
                    137.209532451821,
                    -214.1222147182933
                ],
                "Si": [
                    [
                        0.9920466031205583,
                        -0.0008926979233374493,
                        -0.6784623283590918,
                        -0.4293921323440094,
                        0.944084358393665,
                        -0.7530278061597532
                    ],
                    [
                        -0.0008926979233374493,
                        0.09991668677241233,
                        -0.08616190971583902,
                        -0.11677661790234126,
                        0.13467187766534908,
                        -0.21169469538337596
                    ],
                    [
                        -0.6784623283590918,
                        -0.08616190971583902,
                        1.5537146500069083,
                        1.0279187466450845,
                        -0.7910759957640366,
                        1.082367820332745
                    ],
                    [
                        -0.4293921323440094,
                        -0.11677661790234126,
                        1.0279187466450845,
                        1.7170943779147174,
                        -1.5247419596229321,
                        1.884870713783598
                    ],
                    [
                        0.944084358393665,
                        0.13467187766534908,
                        -0.7910759957640366,
                        -1.5247419596229321,
                        2.9634395313463986,
                        -2.551596765909595
                    ],
                    [
                        -0.7530278061597532,
                        -0.21169469538337596,
                        1.082367820332745,
                        1.884870713783598,
                        -2.551596765909595,
                        3.5851830310878268
                    ]
                ]
            },
            "est_tgt": [
                1,
                5
            ],
            "oracle_est_tgt": [
                1
            ]
        },
        "2": {
            "intv_type": "hard",
            "inode": 2,
            "new_mui": 100,
            "new_vari": 0.1,
            "noise_type": "gaussian",
            "obs_noise_gamma_shape": null,
            "true_params": {
                "Si": [
                    [
                        1.0,
                        0.0,
                        0.0,
                        0.0,
                        0.9278194294096132,
                        -0.49683057331219405
                    ],
                    [
                        0.0,
                        1.0,
                        0.0,
                        -0.6434160098852315,
                        1.3487016820184523,
                        -1.8235896563355078
                    ],
                    [
                        0.0,
                        0.0,
                        0.1,
                        0.06240425613808851,
                        -0.0027708984256903896,
                        0.03749962717151047
                    ],
                    [
                        0.0,
                        -0.6434160098852315,
                        0.06240425613808851,
                        1.452927073618114,
                        -1.8166987578659826,
                        2.2810709943191405
                    ],
                    [
                        0.9278194294096132,
                        1.3487016820184523,
                        -0.0027708984256903896,
                        -1.8166987578659826,
                        4.577097131401102,
                        -4.484050870958368
                    ],
                    [
                        -0.49683057331219405,
                        -1.8235896563355078,
                        0.03749962717151047,
                        2.2810709943191405,
                        -4.484050870958368,
                        6.048922428506325
                    ]
                ],
                "mui": [
                    0.0,
                    0.0,
                    100.0,
                    62.40425613808851,
                    -2.7708984256903895,
                    37.499627171510475
                ],
                "Ai": [
                    [
                        0.0,
                        0.0,
                        0.0,
                        0.0,
                        0.0,
                        0.0
                    ],
                    [
                        0.0,
                        0.0,
                        0.0,
                        0.0,
                        0.0,
                        0.0
                    ],
                    [
                        0.0,
                        0.0,
                        0.0,
                        0.0,
                        0.0,
                        0.0
                    ],
                    [
                        -0.0,
                        -0.6434160098852315,
                        0.6240425613808851,
                        0.0,
                        0.0,
                        0.0
                    ],
                    [
                        0.9278194294096132,
                        0.7392623196812838,
                        0.5633799765960571,
                        -0.9471933445452756,
                        0.0,
                        0.0
                    ],
                    [
                        0.0,
                        -0.7300444648111482,
                        0.0,
                        0.5771378950784742,
                        -0.5354819672490967,
                        0.0
                    ]
                ]
            },
            "est_params": {
                "mui": [
                    0.00041032208677984705,
                    -0.003897274868218697,
                    100.00275909693622,
                    62.41172048117275,
                    -2.774022915902528,
                    37.506787354615874
                ],
                "Si": [
                    [
                        1.0097135700395077,
                        -0.004626534169059937,
                        -0.0009640496644797973,
                        0.008705155304171057,
                        0.9326895239839967,
                        -0.49678468544393534
                    ],
                    [
                        -0.004626534169059937,
                        0.9990116152598301,
                        -0.0006272219358768646,
                        -0.6478568260170515,
                        1.3437845460155908,
                        -1.8222621778964632
                    ],
                    [
                        -0.0009640496644797973,
                        -0.0006272219358768646,
                        0.10093258777901241,
                        0.06396801971036635,
                        -0.0041010106075150534,
                        0.039864002068605756
                    ],
                    [
                        0.008705155304171057,
                        -0.6478568260170515,
                        0.06396801971036635,
                        1.4646117452653686,
                        -1.8080945552104377,
                        2.2790484471642505
                    ],
                    [
                        0.9326895239839967,
                        1.3437845460155908,
                        -0.0041010106075150534,
                        -1.8080945552104377,
                        4.559315933993934,
                        -4.465726623295329
                    ],
                    [
                        -0.49678468544393534,
                        -1.8222621778964632,
                        0.039864002068605756,
                        2.2790484471642505,
                        -4.465726623295329,
                        6.024738913862189
                    ]
                ]
            },
            "est_tgt": [
                2,
                4
            ],
            "oracle_est_tgt": [
                2
            ]
        },
        "3": {
            "intv_type": "hard",
            "inode": 3,
            "new_mui": 100,
            "new_vari": 0.1,
            "noise_type": "gaussian",
            "obs_noise_gamma_shape": null,
            "true_params": {
                "Si": [
                    [
                        1.0,
                        0.0,
                        -0.6835802067444999,
                        0.0,
                        0.5427040285323689,
                        -0.2906082208325228
                    ],
                    [
                        0.0,
                        1.0,
                        -0.8473596552726943,
                        0.0,
                        0.2618768569253102,
                        -0.8702747993345235
                    ],
                    [
                        -0.6835802067444999,
                        -0.8473596552726943,
                        2.1853002844367126,
                        0.0,
                        -0.029505638637300158,
                        0.6344099634585556
                    ],
                    [
                        0.0,
                        0.0,
                        0.0,
                        0.1,
                        -0.09471933445452757,
                        0.108434285058083
                    ],
                    [
                        0.5427040285323689,
                        0.2618768569253102,
                        -0.029505638637300158,
                        -0.09471933445452757,
                        1.7702216720028021,
                        -1.1937696505618294
                    ],
                    [
                        -0.2906082208325228,
                        -0.8702747993345235,
                        0.6344099634585556,
                        0.108434285058083,
                        -1.1937696505618294,
                        2.3371629560766776
                    ]
                ],
                "mui": [
                    0.0,
                    0.0,
                    0.0,
                    100.0,
                    -94.71933445452756,
                    108.43428505808299
                ],
                "Ai": [
                    [
                        0.0,
                        0.0,
                        0.0,
                        0.0,
                        0.0,
                        0.0
                    ],
                    [
                        0.0,
                        0.0,
                        0.0,
                        0.0,
                        0.0,
                        0.0
                    ],
                    [
                        -0.6835802067444999,
                        -0.8473596552726943,
                        0.0,
                        0.0,
                        0.0,
                        0.0
                    ],
                    [
                        0.0,
                        0.0,
                        0.0,
                        0.0,
                        0.0,
                        0.0
                    ],
                    [
                        0.9278194294096132,
                        0.7392623196812838,
                        0.5633799765960571,
                        -0.9471933445452756,
                        0.0,
                        0.0
                    ],
                    [
                        0.0,
                        -0.7300444648111482,
                        0.0,
                        0.5771378950784742,
                        -0.5354819672490967,
                        0.0
                    ]
                ]
            },
            "est_params": {
                "mui": [
                    -0.002318494992208267,
                    0.0008287194479745733,
                    0.005406528860713379,
                    100.00187301760718,
                    -94.71131673519665,
                    108.42545102646737
                ],
                "Si": [
                    [
                        1.0091239152410507,
                        -0.00037855333079808825,
                        -0.6872220444775314,
                        -0.0016446841168882254,
                        0.5454962327914715,
                        -0.2874633334346941
                    ],
                    [
                        -0.00037855333079808825,
                        0.9958860868602547,
                        -0.8471039903068621,
                        -0.00015978789775107264,
                        0.263241876272418,
                        -0.8720466701688913
                    ],
                    [
                        -0.6872220444775314,
                        -0.8471039903068621,
                        2.181985543895909,
                        0.003333269141489591,
                        -0.030227969349583828,
                        0.6311863468342688
                    ],
                    [
                        -0.0016446841168882254,
                        -0.00015978789775107264,
                        0.003333269141489591,
                        0.1001586137812886,
                        -0.09674832085920161,
                        0.10858104426050469
                    ],
                    [
                        0.5454962327914715,
                        0.263241876272418,
                        -0.030227969349583828,
                        -0.09674832085920161,
                        1.783723401542602,
                        -1.1983708769283636
                    ],
                    [
                        -0.2874633334346941,
                        -0.8720466701688913,
                        0.6311863468342688,
                        0.10858104426050469,
                        -1.1983708769283636,
                        2.3493867532875794
                    ]
                ]
            },
            "est_tgt": [
                3
            ],
            "oracle_est_tgt": [
                3
            ]
        },
        "4": {
            "intv_type": "hard",
            "inode": 4,
            "new_mui": 100,
            "new_vari": 0.1,
            "noise_type": "gaussian",
            "obs_noise_gamma_shape": null,
            "true_params": {
                "Si": [
                    [
                        1.0,
                        0.0,
                        -0.6835802067444999,
                        -0.42658314312611273,
                        0.0,
                        -0.2461972972997642
                    ],
                    [
                        0.0,
                        1.0,
                        -0.8473596552726943,
                        -1.1722044995724274,
                        0.0,
                        -1.4065681022958951
                    ],
                    [
                        -0.6835802067444999,
                        -0.8473596552726943,
                        2.1853002844367126,
                        1.9089251552195452,
                        0.0,
                        1.720323271981871
                    ],
                    [
                        -0.42658314312611273,
                        -1.1722044995724274,
                        1.9089251552195452,
                        2.9454656852320147,
                        0.0,
                        2.555701272140253
                    ],
                    [
                        0.0,
                        0.0,
                        0.0,
                        0.0,
                        0.1,
                        -0.05354819672490967
                    ],
                    [
                        -0.2461972972997642,
                        -1.4065681022958951,
                        1.720323271981871,
                        2.555701272140253,
                        -0.05354819672490967,
                        3.5305234038383397
                    ]
                ],
                "mui": [
                    0.0,
                    0.0,
                    0.0,
                    0.0,
                    100.0,
                    -53.54819672490967
                ],
                "Ai": [
                    [
                        0.0,
                        0.0,
                        0.0,
                        0.0,
                        0.0,
                        0.0
                    ],
                    [
                        0.0,
                        0.0,
                        0.0,
                        0.0,
                        0.0,
                        0.0
                    ],
                    [
                        -0.6835802067444999,
                        -0.8473596552726943,
                        0.0,
                        0.0,
                        0.0,
                        0.0
                    ],
                    [
                        -0.0,
                        -0.6434160098852315,
                        0.6240425613808851,
                        0.0,
                        0.0,
                        0.0
                    ],
                    [
                        0.0,
                        0.0,
                        0.0,
                        0.0,
                        0.0,
                        0.0
                    ],
                    [
                        0.0,
                        -0.7300444648111482,
                        0.0,
                        0.5771378950784742,
                        -0.5354819672490967,
                        0.0
                    ]
                ]
            },
            "est_params": {
                "mui": [
                    0.0037168610761189667,
                    -0.003417432990698584,
                    -0.0013912455696725727,
                    0.00040605128751802517,
                    100.00070484037894,
                    -53.546145327848045
                ],
                "Si": [
                    [
                        0.995841703661156,
                        -0.009393238941230545,
                        -0.6657926695557675,
                        -0.41887172400528033,
                        0.002744789762095245,
                        -0.23772584730649796
                    ],
                    [
                        -0.009393238941230545,
                        0.9943443502866735,
                        -0.8348801523709287,
                        -1.1616628841696488,
                        0.0008197582915219215,
                        -1.3995047833057677
                    ],
                    [
                        -0.6657926695557675,
                        -0.8348801523709287,
                        2.1540645674412633,
                        1.8918333423472016,
                        -0.004107237840244212,
                        1.7064466260562945
                    ],
                    [
                        -0.41887172400528033,
                        -1.1616628841696488,
                        1.8918333423472016,
                        2.9377322655079867,
                        -0.0027594235030147995,
                        2.552877167775195
                    ],
                    [
                        0.002744789762095245,
                        0.0008197582915219215,
                        -0.004107237840244212,
                        -0.0027594235030147995,
                        0.1003606731164365,
                        -0.052548608942876565
                    ],
                    [
                        -0.23772584730649796,
                        -1.3995047833057677,
                        1.7064466260562945,
                        2.552877167775195,
                        -0.052548608942876565,
                        3.5293838743058616
                    ]
                ]
            },
            "est_tgt": [
                4
            ],
            "oracle_est_tgt": [
                4
            ]
        },
        "5": {
            "intv_type": "hard",
            "inode": 5,
            "new_mui": 100,
            "new_vari": 0.1,
            "noise_type": "gaussian",
            "obs_noise_gamma_shape": null,
            "true_params": {
                "Si": [
                    [
                        1.0,
                        0.0,
                        -0.6835802067444999,
                        -0.42658314312611273,
                        0.9467607425966276,
                        0.0
                    ],
                    [
                        0.0,
                        1.0,
                        -0.8473596552726943,
                        -1.1722044995724274,
                        1.372181157366339,
                        0.0
                    ],
                    [
                        -0.6835802067444999,
                        -0.8473596552726943,
                        2.1853002844367126,
                        1.9089251552195452,
                        -1.8376268408963103,
                        0.0
                    ],
                    [
                        -0.42658314312611273,
                        -1.1722044995724274,
                        1.9089251552195452,
                        2.9454656852320147,
                        -2.9768340303128227,
                        0.0
                    ],
                    [
                        0.9467607425966276,
                        1.372181157366339,
                        -1.8376268408963103,
                        -2.9768340303128227,
                        4.677180052112758,
                        0.0
                    ],
                    [
                        0.0,
                        0.0,
                        0.0,
                        0.0,
                        0.0,
                        0.1
                    ]
                ],
                "mui": [
                    0.0,
                    0.0,
                    0.0,
                    0.0,
                    0.0,
                    100.0
                ],
                "Ai": [
                    [
                        0.0,
                        0.0,
                        0.0,
                        0.0,
                        0.0,
                        0.0
                    ],
                    [
                        0.0,
                        0.0,
                        0.0,
                        0.0,
                        0.0,
                        0.0
                    ],
                    [
                        -0.6835802067444999,
                        -0.8473596552726943,
                        0.0,
                        0.0,
                        0.0,
                        0.0
                    ],
                    [
                        -0.0,
                        -0.6434160098852315,
                        0.6240425613808851,
                        0.0,
                        0.0,
                        0.0
                    ],
                    [
                        0.9278194294096132,
                        0.7392623196812838,
                        0.5633799765960571,
                        -0.9471933445452756,
                        0.0,
                        0.0
                    ],
                    [
                        0.0,
                        0.0,
                        0.0,
                        0.0,
                        0.0,
                        0.0
                    ]
                ]
            },
            "est_params": {
                "mui": [
                    -0.002552796790958362,
                    -0.005834119123902851,
                    -0.0010516490345142027,
                    0.006047412124970542,
                    -0.0073777208724459115,
                    100.00221733807953
                ],
                "Si": [
                    [
                        1.0052149541403028,
                        0.00017838591692119032,
                        -0.6779666335184438,
                        -0.42698838418048385,
                        0.9645392556298649,
                        0.0012711341325387848
                    ],
                    [
                        0.00017838591692119032,
                        1.005263673647933,
                        -0.8632104770048608,
                        -1.1802574712147003,
                        1.3757456496061429,
                        -0.0003099247566718033
                    ],
                    [
                        -0.6779666335184438,
                        -0.8632104770048608,
                        2.188075430825018,
                        1.9234264418798,
                        -1.8633467069195784,
                        0.0004205401917320978
                    ],
                    [
                        -0.42698838418048385,
                        -1.1802574712147003,
                        1.9234264418798,
                        2.967680249189597,
                        -3.0027026644908226,
                        0.0002115912245108973
                    ],
                    [
                        0.9645392556298649,
                        1.3757456496061429,
                        -1.8633467069195784,
                        -3.0027026644908226,
                        4.70370910499336,
                        0.0022355116587082255
                    ],
                    [
                        0.0012711341325387848,
                        -0.0003099247566718033,
                        0.0004205401917320978,
                        0.0002115912245108973,
                        0.0022355116587082255,
                        0.09992280209851487
                    ]
                ]
            },
            "est_tgt": [
                5
            ],
            "oracle_est_tgt": [
                5
            ]
        },
        "obs": {
            "intv_type": "obs",
            "noise_type": "gaussian",
            "obs_noise_gamma_shape": null,
            "true_params": {
                "Si": [
                    [
                        1.0,
                        0.0,
                        -0.6835802067444999,
                        -0.42658314312611273,
                        0.9467607425966276,
                        -0.7531706022596221
                    ],
                    [
                        0.0,
                        1.0,
                        -0.8473596552726943,
                        -1.1722044995724274,
                        1.372181157366339,
                        -2.1413463678645646
                    ],
                    [
                        -0.6835802067444999,
                        -0.8473596552726943,
                        2.1853002844367126,
                        1.9089251552195452,
                        -1.8376268408963103,
                        2.70433930781477
                    ],
                    [
                        -0.42658314312611273,
                        -1.1722044995724274,
                        1.9089251552195452,
                        2.9454656852320147,
                        -2.9768340303128227,
                        4.14974221486622
                    ],
                    [
                        0.9467607425966276,
                        1.372181157366339,
                        -1.8376268408963103,
                        -2.9768340303128227,
                        4.677180052112758,
                        -5.224342560389736
                    ],
                    [
                        -0.7531706022596221,
                        -2.1413463678645646,
                        2.70433930781477,
                        4.14974221486622,
                        -5.224342560389736,
                        7.755792781929837
                    ]
                ],
                "mui": [
                    0.0,
                    0.0,
                    0.0,
                    0.0,
                    0.0,
                    0.0
                ],
                "Ai": [
                    [
                        0.0,
