{
    "expt_args": {
        "save_dir": "all_expt_logs/expt_logs_sim_compsel_backward_cameraready_new_var_largemean",
        "exp_name": "388",
        "num_nodes": 6,
        "num_tgt_prior": 7,
        "obs_noise_mean": 0.0,
        "obs_noise_var": 1.0,
        "obs_noise_gamma_shape": null,
        "noise_type": "gaussian",
        "max_edge_strength": 1.0,
        "graph_sparsity_method": "adj_dense_prop",
        "adj_dense_prop": 0.8,
        "num_parents": null,
        "new_noise_mean": 100,
        "mix_samples": 8192,
        "stage2_samples": 8192,
        "gmm_tol": 0.001,
        "intv_type": "hard",
        "new_noise_var": 0.1,
        "dtype": "simulation",
        "cutoff_drop_ratio": 0.07,
        "intv_targets": [
            0,
            1,
            2,
            3,
            4,
            5
        ]
    },
    "intv_args_dict": {
        "0": {
            "intv_type": "hard",
            "inode": 0,
            "new_mui": 100,
            "new_vari": 0.1,
            "noise_type": "gaussian",
            "obs_noise_gamma_shape": null,
            "true_params": {
                "Si": [
                    [
                        0.1,
                        0.09794058248335928,
                        -0.09673610207244959,
                        0.0362746613859413,
                        0.023057771728271698,
                        -0.17340717364165367
                    ],
                    [
                        0.09794058248335928,
                        1.095923576971797,
                        -0.0947439018414541,
                        0.5505686877601107,
                        -0.18729208088215576,
                        -0.7181099945636217
                    ],
                    [
                        -0.09673610207244959,
                        -0.0947439018414541,
                        1.0935787344417138,
                        0.7413404636779054,
                        -0.0011577265316373084,
                        1.6766815677947915
                    ],
                    [
                        0.0362746613859413,
                        0.5505686877601107,
                        0.7413404636779054,
                        1.881271159353513,
                        0.6659288938847018,
                        2.1162268419877828
                    ],
                    [
                        0.023057771728271698,
                        -0.18729208088215576,
                        -0.0011577265316373084,
                        0.6659288938847018,
                        1.6111711057229363,
                        1.8802477357900638
                    ],
                    [
                        -0.17340717364165367,
                        -0.7181099945636217,
                        1.6766815677947915,
                        2.1162268419877828,
                        1.8802477357900638,
                        6.1930100821708045
                    ]
                ],
                "mui": [
                    100.0,
                    97.94058248335928,
                    -96.73610207244958,
                    36.2746613859413,
                    23.057771728271696,
                    -173.40717364165366
                ],
                "Ai": [
                    [
                        0.0,
                        0.0,
                        0.0,
                        0.0,
                        0.0,
                        0.0
                    ],
                    [
                        0.9794058248335927,
                        0.0,
                        0.0,
                        0.0,
                        0.0,
                        0.0
                    ],
                    [
                        -0.9673610207244958,
                        -0.0,
                        0.0,
                        0.0,
                        0.0,
                        0.0
                    ],
                    [
                        0.6094016235277855,
                        0.5150410731048536,
                        0.776431157142645,
                        0.0,
                        0.0,
                        0.0
                    ],
                    [
                        0.0,
                        -0.5957640921212358,
                        -0.5605853975549853,
                        0.7492394596307603,
                        0.0,
                        0.0
                    ],
                    [
                        -0.5234901409655752,
                        -0.7319866116329206,
                        0.9596650757328183,
                        0.6854537800177456,
                        0.8067861345440044,
                        0.0
                    ]
                ]
            },
            "est_params": {
                "mui": [
                    99.98104184952741,
                    97.89342889835048,
                    -96.69185771111637,
                    36.2399092535564,
                    23.03842479490733,
                    -173.32894347177722
                ],
                "Si": [
                    [
                        0.1025942204583684,
                        0.10192546423484179,
                        -0.10431680358344733,
                        0.02786333383918123,
                        0.010776175444607121,
                        -0.21563994681669066
                    ],
                    [
                        0.10192546423484179,
                        1.076214520397582,
                        -0.09745655845551345,
                        0.5160369243656175,
                        -0.20922137364605792,
                        -0.7579177221357707
                    ],
                    [
                        -0.10431680358344733,
                        -0.09745655845551345,
                        1.1393634052793207,
                        0.7871777577907418,
                        0.05900597787371618,
                        1.8293239262719398
                    ],
                    [
                        0.02786333383918123,
                        0.5160369243656175,
                        0.7871777577907418,
                        1.8811894615271925,
                        0.6217859684220939,
                        2.2106191443334327
                    ],
                    [
                        0.010776175444607121,
                        -0.20922137364605792,
                        0.05900597787371618,
                        0.6217859684220939,
                        1.4935892759541955,
                        1.8916223967736074
                    ],
                    [
                        -0.21563994681669066,
                        -0.7579177221357707,
                        1.8293239262719398,
                        2.2106191443334327,
                        1.8916223967736074,
                        6.574221213150533
                    ]
                ]
            },
            "est_tgt": [
                0,
                1
            ],
            "oracle_est_tgt": [
                0,
                1
            ]
        },
        "1": {
            "intv_type": "hard",
            "inode": 1,
            "new_mui": 100,
            "new_vari": 0.1,
            "noise_type": "gaussian",
            "obs_noise_gamma_shape": null,
            "true_params": {
                "Si": [
                    [
                        1.0,
                        0.0,
                        -0.9673610207244958,
                        -0.14168761316802503,
                        0.4361305116556546,
                        -1.1970889885524754
                    ],
                    [
                        0.0,
                        0.1,
                        0.0,
                        0.05150410731048536,
                        -0.02098749968205084,
                        -0.054827399863105586
                    ],
                    [
                        -0.9673610207244958,
                        0.0,
                        1.9357873444171383,
                        0.9134942312408831,
                        -0.4007481938612546,
                        2.666951453164028
                    ],
                    [
                        -0.14168761316802503,
                        0.05150410731048536,
                        0.9134942312408831,
                        1.6494474522056186,
                        0.6930552932631698,
                        2.602887654332335
                    ],
                    [
                        0.4361305116556546,
                        -0.02098749968205084,
                        -0.4007481938612546,
                        0.6930552932631698,
                        1.756421557687861,
                        1.2945824296265485
                    ],
                    [
                        -1.1970889885524754,
                        -0.054827399863105586,
                        2.666951453164028,
                        2.602887654332335,
                        1.2945824296265485,
                        7.0547877101631284
                    ]
                ],
                "mui": [
                    0.0,
                    100.0,
                    0.0,
                    51.50410731048536,
                    -20.98749968205084,
                    -54.82739986310558
                ],
                "Ai": [
                    [
                        0.0,
                        0.0,
                        0.0,
                        0.0,
                        0.0,
                        0.0
                    ],
                    [
                        0.0,
                        0.0,
                        0.0,
                        0.0,
                        0.0,
                        0.0
                    ],
                    [
                        -0.9673610207244958,
                        -0.0,
                        0.0,
                        0.0,
                        0.0,
                        0.0
                    ],
                    [
                        0.6094016235277855,
                        0.5150410731048536,
                        0.776431157142645,
                        0.0,
                        0.0,
                        0.0
                    ],
                    [
                        0.0,
                        -0.5957640921212358,
                        -0.5605853975549853,
                        0.7492394596307603,
                        0.0,
                        0.0
                    ],
                    [
                        -0.5234901409655752,
                        -0.7319866116329206,
                        0.9596650757328183,
                        0.6854537800177456,
                        0.8067861345440044,
                        0.0
                    ]
                ]
            },
            "est_params": {
                "mui": [
                    -0.013506524361266292,
                    99.99308341180149,
                    0.03734285771721012,
                    51.47957059692448,
                    -21.000634863695314,
                    -54.78820488863118
                ],
                "Si": [
                    [
                        1.0286714514046362,
                        -0.0020926578834535876,
                        -1.0051137961285908,
                        -0.12960411783612458,
                        0.4488984716698675,
                        -1.232345559085797
                    ],
                    [
                        -0.0020926578834535876,
                        0.10969951651662557,
                        -0.01417164065250828,
                        0.029299868033780332,
                        -0.04317893696979981,
                        -0.11899987724498277
                    ],
                    [
                        -1.0051137961285908,
                        -0.01417164065250828,
                        2.0664152551136965,
                        0.9857223879306705,
                        -0.3905628107434347,
                        2.88976922782254
                    ],
                    [
                        -0.12960411783612458,
                        0.029299868033780332,
                        0.9857223879306705,
                        1.7046926471279649,
                        0.7128166142828469,
                        2.725294153826863
                    ],
                    [
                        0.4488984716698675,
                        -0.04317893696979981,
                        -0.3905628107434347,
                        0.7128166142828469,
                        1.77435970996545,
                        1.2974105781283511
                    ],
                    [
                        -1.232345559085797,
                        -0.11899987724498277,
                        2.88976922782254,
                        2.725294153826863,
                        1.2974105781283511,
                        7.445989467304718
                    ]
                ]
            },
            "est_tgt": [
                1,
                3,
                4,
                5
            ],
            "oracle_est_tgt": [
                1,
                3,
                4,
                5
            ]
        },
        "2": {
            "intv_type": "hard",
            "inode": 2,
            "new_mui": 100,
            "new_vari": 0.1,
            "noise_type": "gaussian",
            "obs_noise_gamma_shape": null,
            "true_params": {
                "Si": [
                    [
                        1.0,
                        0.9794058248335927,
                        0.0,
                        1.1138358505552235,
                        0.25103494873712845,
                        -0.27438758208962355
                    ],
                    [
                        0.9794058248335927,
                        1.95923576971797,
                        0.0,
                        1.6059383930471185,
                        0.03599009420943758,
                        -0.8170107947916387
                    ],
                    [
                        0.0,
                        0.0,
                        0.1,
                        0.07764311571426451,
                        0.0021147463063056027,
                        0.15089342272998518
                    ],
                    [
                        1.1138358505552235,
                        1.6059383930471185,
                        0.07764311571426451,
                        2.566182143145264,
                        0.9223988966178224,
                        0.8190817878275269
                    ],
                    [
                        0.25103494873712845,
                        0.03599009420943758,
                        0.0021147463063056027,
                        0.9223988966178224,
                        1.6684705491650553,
                        1.8226315756920666
                    ],
                    [
                        -0.27438758208962355,
                        -0.8170107947916387,
                        0.15089342272998518,
                        0.8190817878275269,
                        1.8226315756920666,
                        3.9184038965866286
                    ]
                ],
                "mui": [
                    0.0,
                    0.0,
                    100.0,
                    77.6431157142645,
                    2.1147463063056025,
                    150.89342272998516
                ],
                "Ai": [
                    [
                        0.0,
                        0.0,
                        0.0,
                        0.0,
                        0.0,
                        0.0
                    ],
                    [
                        0.9794058248335927,
                        0.0,
                        0.0,
                        0.0,
                        0.0,
                        0.0
                    ],
                    [
                        0.0,
                        0.0,
                        0.0,
                        0.0,
                        0.0,
                        0.0
                    ],
                    [
                        0.6094016235277855,
                        0.5150410731048536,
                        0.776431157142645,
                        0.0,
                        0.0,
                        0.0
                    ],
                    [
                        0.0,
                        -0.5957640921212358,
                        -0.5605853975549853,
                        0.7492394596307603,
                        0.0,
                        0.0
                    ],
                    [
                        -0.5234901409655752,
                        -0.7319866116329206,
                        0.9596650757328183,
                        0.6854537800177456,
                        0.8067861345440044,
                        0.0
                    ]
                ]
            },
            "est_params": {
                "mui": [
                    -0.00859571015842801,
                    0.0011134114335966247,
                    100.0119184573773,
                    77.6715099749025,
                    2.153703101576292,
                    150.94641891471795
                ],
                "Si": [
                    [
                        1.018220138549809,
                        0.9765563636567209,
                        0.003934846189385794,
                        1.15042010574031,
                        0.28574452387141386,
                        -0.2573671242852519
                    ],
                    [
                        0.9765563636567209,
                        1.9701193328235918,
                        -0.0003747290057538119,
                        1.6599599538306924,
                        0.07481679156829747,
                        -0.8178177588671856
                    ],
                    [
                        0.003934846189385794,
                        -0.0003747290057538119,
                        0.09663927891623683,
                        0.09267066252993691,
                        0.026212224377143985,
                        0.1770274638290381
                    ],
                    [
                        1.15042010574031,
                        1.6599599538306924,
                        0.09267066252993691,
                        2.654927051559396,
                        0.9499875264329875,
                        0.8091224001391634
                    ],
                    [
                        0.28574452387141386,
                        0.07481679156829747,
                        0.026212224377143985,
                        0.9499875264329875,
                        1.6227847470962558,
                        1.7431962483204808
                    ],
                    [
                        -0.2573671242852519,
                        -0.8178177588671856,
                        0.1770274638290381,
                        0.8091224001391634,
                        1.7431962483204808,
                        3.854753923636958
                    ]
                ]
            },
            "est_tgt": [
                2,
                4
            ],
            "oracle_est_tgt": [
                2,
                4
            ]
        },
        "3": {
            "intv_type": "hard",
            "inode": 3,
            "new_mui": 100,
            "new_vari": 0.1,
            "noise_type": "gaussian",
            "obs_noise_gamma_shape": null,
            "true_params": {
                "Si": [
                    [
                        1.0,
                        0.9794058248335927,
                        -0.9673610207244958,
                        0.0,
                        -0.04120635966819768,
                        -2.2019893989489474
                    ],
                    [
                        0.9794058248335927,
                        1.95923576971797,
                        -0.947439018414541,
                        0.0,
                        -0.6361218408004566,
                        -3.3692820641679515
                    ],
                    [
                        -0.9673610207244958,
                        -0.947439018414541,
                        1.9357873444171383,
                        0.0,
                        -0.5207239714060169,
                        2.6375112623493906
                    ],
                    [
                        0.0,
                        0.0,
                        0.0,
                        0.1,
                        0.07492394596307604,
                        0.12899297875010854
                    ],
                    [
                        -0.04120635966819768,
                        -0.6361218408004566,
                        -0.5207239714060169,
                        0.07492394596307604,
                        1.7270247822768057,
                        1.4321797347383969
                    ],
                    [
                        -2.2019893989489474,
                        -3.3692820641679515,
                        2.6375112623493906,
                        0.12899297875010854,
                        1.4321797347383969,
                        8.393998025016906
                    ]
                ],
                "mui": [
                    0.0,
                    0.0,
                    0.0,
                    100.0,
                    74.92394596307604,
                    128.99297875010853
                ],
                "Ai": [
                    [
                        0.0,
                        0.0,
                        0.0,
                        0.0,
                        0.0,
                        0.0
                    ],
                    [
                        0.9794058248335927,
                        0.0,
                        0.0,
                        0.0,
                        0.0,
                        0.0
                    ],
                    [
                        -0.9673610207244958,
                        -0.0,
                        0.0,
                        0.0,
                        0.0,
                        0.0
                    ],
                    [
                        0.0,
                        0.0,
                        0.0,
                        0.0,
                        0.0,
                        0.0
                    ],
                    [
                        0.0,
                        -0.5957640921212358,
                        -0.5605853975549853,
                        0.7492394596307603,
                        0.0,
                        0.0
                    ],
                    [
                        -0.5234901409655752,
                        -0.7319866116329206,
                        0.9596650757328183,
                        0.6854537800177456,
                        0.8067861345440044,
                        0.0
                    ]
                ]
            },
            "est_params": {
                "mui": [
                    0.0003114369725389799,
                    0.001939629038839991,
                    0.044728096320997245,
                    99.98546991693584,
                    74.93157454817134,
                    129.0567182919704
                ],
                "Si": [
                    [
                        1.0549861739608553,
                        1.0342263308988984,
                        -0.9737170077542371,
                        0.0014376480591982948,
                        -0.0735519840358448,
                        -2.3164327879825675
                    ],
                    [
                        1.0342263308988984,
                        2.0067872533549145,
                        -0.9077793803632829,
                        -0.013827841996088807,
                        -0.6764103677571165,
                        -3.4274083908209545
                    ],
                    [
                        -0.9737170077542371,
                        -0.9077793803632829,
                        1.9000824941964458,
                        -0.004056478983919749,
                        -0.5235968330607691,
                        2.6120305897185627
                    ],
                    [
                        0.0014376480591982948,
                        -0.013827841996088807,
                        -0.004056478983919749,
                        0.09810271436502953,
                        0.08740636615985803,
                        0.16048077607448824
                    ],
                    [
                        -0.0735519840358448,
                        -0.6764103677571165,
                        -0.5235968330607691,
                        0.08740636615985803,
                        1.8071482010263071,
                        1.6004507814405524
                    ],
                    [
                        -2.3164327879825675,
                        -3.4274083908209545,
                        2.6120305897185627,
                        0.16048077607448824,
                        1.6004507814405524,
                        8.751010635156836
                    ]
                ]
            },
            "est_tgt": [
                1,
                3,
                4,
                5
            ],
            "oracle_est_tgt": [
                1,
                3,
                4,
                5
            ]
        },
        "4": {
            "intv_type": "hard",
            "inode": 4,
            "new_mui": 100,
            "new_vari": 0.1,
            "noise_type": "gaussian",
            "obs_noise_gamma_shape": null,
            "true_params": {
                "Si": [
                    [
                        1.0,
                        0.9794058248335927,
                        -0.9673610207244958,
                        0.362746613859413,
                        0.0,
                        -1.92009864165504
                    ],
                    [
                        0.9794058248335927,
                        1.95923576971797,
                        -0.947439018414541,
                        0.8703172196574247,
                        0.0,
                        -2.259505555100818
                    ],
                    [
                        -0.9673610207244958,
                        -0.947439018414541,
                        1.9357873444171383,
                        0.4255242224952487,
                        0.0,
                        3.349301329202934
                    ],
                    [
                        0.362746613859413,
                        0.8703172196574247,
                        0.4255242224952487,
                        1.9996977546333359,
                        0.0,
                        0.9521062913265981
                    ],
                    [
                        0.0,
                        0.0,
                        0.0,
                        0.0,
                        0.1,
                        0.08067861345440044
                    ],
                    [
                        -1.92009864165504,
                        -2.259505555100818,
                        3.349301329202934,
                        0.9521062913265981,
                        0.08067861345440044,
                        7.591003280631118
                    ]
                ],
                "mui": [
                    0.0,
                    0.0,
                    0.0,
                    0.0,
                    100.0,
                    80.67861345440043
                ],
                "Ai": [
                    [
                        0.0,
                        0.0,
                        0.0,
                        0.0,
                        0.0,
                        0.0
                    ],
                    [
                        0.9794058248335927,
                        0.0,
                        0.0,
                        0.0,
                        0.0,
                        0.0
                    ],
                    [
                        -0.9673610207244958,
                        -0.0,
                        0.0,
                        0.0,
                        0.0,
                        0.0
                    ],
                    [
                        0.6094016235277855,
                        0.5150410731048536,
                        0.776431157142645,
                        0.0,
                        0.0,
                        0.0
                    ],
                    [
                        0.0,
                        0.0,
                        0.0,
                        0.0,
                        0.0,
                        0.0
                    ],
                    [
                        -0.5234901409655752,
                        -0.7319866116329206,
                        0.9596650757328183,
                        0.6854537800177456,
                        0.8067861345440044,
                        0.0
                    ]
                ]
            },
            "est_params": {
                "mui": [
                    -0.020796757024358768,
                    -0.025388587897846746,
                    0.02478207378500901,
                    -0.03136051932842411,
                    99.99321656292138,
                    80.6904893059506
                ],
                "Si": [
                    [
                        0.9768022399731245,
                        0.9426844234678161,
                        -0.9521220699876944,
                        0.33258717468400134,
                        0.006465954297144312,
                        -1.807149475413198
                    ],
                    [
                        0.9426844234678161,
                        1.8910564801068641,
                        -0.9384667577464475,
                        0.8315892902327363,
                        0.002373516175742774,
                        -2.1215261595193025
                    ],
                    [
                        -0.9521220699876944,
                        -0.9384667577464475,
                        1.9741016651040766,
                        0.4824384387315317,
                        0.0008145108009679236,
                        3.395344381338367
                    ],
                    [
                        0.33258717468400134,
                        0.8315892902327363,
                        0.4824384387315317,
                        2.025243842870905,
                        0.0085687562694627,
                        1.1206800372931471
                    ],
                    [
                        0.006465954297144312,
                        0.002373516175742774,
                        0.0008145108009679236,
                        0.0085687562694627,
                        0.09552172686996786,
                        0.08377904923023102
                    ],
                    [
                        -1.807149475413198,
                        -2.1215261595193025,
                        3.395344381338367,
                        1.1206800372931471,
                        0.08377904923023102,
                        7.464886411264935
                    ]
                ]
            },
            "est_tgt": [
                1,
                3,
                4,
                5
            ],
            "oracle_est_tgt": [
                1,
                3,
                4,
                5
            ]
        },
        "5": {
            "intv_type": "hard",
            "inode": 5,
            "new_mui": 100,
            "new_vari": 0.1,
            "noise_type": "gaussian",
            "obs_noise_gamma_shape": null,
            "true_params": {
                "Si": [
                    [
                        1.0,
                        0.9794058248335927,
                        -0.9673610207244958,
                        0.362746613859413,
                        0.23057771728271698,
                        0.0
                    ],
                    [
                        0.9794058248335927,
                        1.95923576971797,
                        -0.947439018414541,
                        0.8703172196574247,
                        0.015954162563017987,
                        0.0
                    ],
                    [
                        -0.9673610207244958,
                        -0.947439018414541,
                        1.9357873444171383,
                        0.4255242224952487,
                        -0.20190443288387727,
                        0.0
                    ],
                    [
                        0.362746613859413,
                        0.8703172196574247,
                        0.4255242224952487,
                        1.9996977546333359,
                        0.7412060514428666,
                        0.0
                    ],
                    [
                        0.23057771728271698,
                        0.015954162563017987,
                        -0.20190443288387727,
                        0.7412060514428666,
                        1.659020581059514,
                        0.0
                    ],
                    [
                        0.0,
                        0.0,
                        0.0,
                        0.0,
                        0.0,
                        0.1
                    ]
                ],
                "mui": [
                    0.0,
                    0.0,
                    0.0,
                    0.0,
                    0.0,
                    100.0
                ],
                "Ai": [
                    [
                        0.0,
                        0.0,
                        0.0,
                        0.0,
                        0.0,
                        0.0
                    ],
                    [
                        0.9794058248335927,
                        0.0,
                        0.0,
                        0.0,
                        0.0,
                        0.0
                    ],
                    [
                        -0.9673610207244958,
                        -0.0,
                        0.0,
                        0.0,
                        0.0,
                        0.0
                    ],
                    [
                        0.6094016235277855,
                        0.5150410731048536,
                        0.776431157142645,
                        0.0,
                        0.0,
                        0.0
                    ],
                    [
                        0.0,
                        -0.5957640921212358,
                        -0.5605853975549853,
                        0.7492394596307603,
                        0.0,
                        0.0
                    ],
                    [
                        0.0,
                        0.0,
                        0.0,
                        0.0,
                        0.0,
                        0.0
                    ]
                ]
            },
            "est_params": {
                "mui": [
                    0.019489064860276403,
                    0.04689120759556438,
                    -0.009916235243863994,
                    0.034301941197532784,
                    -0.018760404347385514,
                    100.01253981345634
                ],
                "Si": [
                    [
                        1.0031477720869835,
                        0.969666055845197,
                        -0.9705301785613349,
                        0.3257460051366302,
                        0.1624692214179643,
                        -0.005255955226810772
                    ],
                    [
                        0.969666055845197,
                        1.8987859158024023,
                        -0.9865866929500613,
                        0.8140505940917008,
                        0.007996659697364787,
                        0.014628977727343178
                    ],
                    [
                        -0.9705301785613349,
                        -0.9865866929500613,
                        1.9612375347106752,
                        0.4688609139326695,
                        -0.0682342087639758,
                        -0.000724329896376595
                    ],
                    [
                        0.3257460051366302,
                        0.8140505940917008,
                        0.4688609139326695,
                        1.9731012790607705,
                        0.742285096152234,
                        0.004267962558497837
                    ],
                    [
                        0.1624692214179643,
                        0.007996659697364787,
                        -0.0682342087639758,
                        0.742285096152234,
                        1.6085426285807907,
                        -0.021478643397787198
                    ],
                    [
                        -0.005255955226810772,
                        0.014628977727343178,
                        -0.000724329896376595,
                        0.004267962558497837,
                        -0.021478643397787198,
                        0.10287591314595436
                    ]
                ]
            },
            "est_tgt": [
                1,
                5
            ],
            "oracle_est_tgt": [
                1,
                5
            ]
        },
        "obs": {
            "intv_type": "obs",
            "noise_type": "gaussian",
            "obs_noise_gamma_shape": null,
            "true_params": {
                "Si": [
                    [
                        1.0,
                        0.9794058248335927,
                        -0.9673610207244958,
                        0.362746613859413,
                        0.23057771728271698,
                        -1.7340717364165366
                    ],
                    [
                        0.9794058248335927,
                        1.95923576971797,
                        -0.947439018414541,
                        0.8703172196574247,
                        0.015954162563017987,
                        -2.246633957956714
                    ],
                    [
                        -0.9673610207244958,
                        -0.947439018414541,
                        1.9357873444171383,
                        0.4255242224952487,
                        -0.20190443288387727,
                        3.186407632249251
                    ],
                    [
                        0.362746613859413,
                        0.8703172196574247,
                        0.4255242224952487,
                        1.9996977546333359,
                        0.7412060514428666,
                        1.5501010564708129
                    ],
                    [
                        0.23057771728271698,
                        0.015954162563017987,
                        -0.20190443288387727,
                        0.7412060514428666,
