{
    "expt_args": {
        "save_dir": "all_expt_logs/expt_logs_sim_compsel_backward_cameraready_new_var_largemean",
        "exp_name": "78",
        "num_nodes": 6,
        "num_tgt_prior": 7,
        "obs_noise_mean": 0.0,
        "obs_noise_var": 1.0,
        "obs_noise_gamma_shape": null,
        "noise_type": "gaussian",
        "max_edge_strength": 1.0,
        "graph_sparsity_method": "adj_dense_prop",
        "adj_dense_prop": 0.8,
        "num_parents": null,
        "new_noise_mean": 100,
        "mix_samples": 2048,
        "stage2_samples": 2048,
        "gmm_tol": 0.001,
        "intv_type": "hard",
        "new_noise_var": 4.0,
        "dtype": "simulation",
        "cutoff_drop_ratio": 0.07,
        "intv_targets": [
            0,
            1,
            2,
            3,
            4,
            5
        ]
    },
    "intv_args_dict": {
        "0": {
            "intv_type": "hard",
            "inode": 0,
            "new_mui": 100,
            "new_vari": 4.0,
            "noise_type": "gaussian",
            "obs_noise_gamma_shape": null,
            "true_params": {
                "Si": [
                    [
                        4.0,
                        0.0,
                        0.0,
                        -3.5107572275626957,
                        6.225852052518553,
                        -1.7105805433242072
                    ],
                    [
                        0.0,
                        1.0,
                        0.8597401669665647,
                        -0.5431326259253194,
                        -0.3929556130060707,
                        0.8585874637261989
                    ],
                    [
                        0.0,
                        0.8597401669665647,
                        1.7391531546956966,
                        -1.098693368170749,
                        0.2581532130785705,
                        0.3032711423808239
                    ],
                    [
                        -3.5107572275626957,
                        -0.5431326259253194,
                        -1.098693368170749,
                        4.775443102602463,
                        -6.570863861371589,
                        1.9981709895452175
                    ],
                    [
                        6.225852052518553,
                        -0.3929556130060707,
                        0.2581532130785705,
                        -6.570863861371589,
                        12.08996061713461,
                        -4.638173261130605
                    ],
                    [
                        -1.7105805433242072,
                        0.8585874637261989,
                        0.3032711423808239,
                        1.9981709895452175,
                        -4.638173261130605,
                        3.664170214982006
                    ]
                ],
                "mui": [
                    100.0,
                    0.0,
                    0.0,
                    -87.76893068906739,
                    155.64630131296383,
                    -42.76451358310518
                ],
                "Ai": [
                    [
                        0.0,
                        0.0,
                        0.0,
                        0.0,
                        0.0,
                        0.0
                    ],
                    [
                        -0.0,
                        0.0,
                        0.0,
                        0.0,
                        0.0,
                        0.0
                    ],
                    [
                        0.0,
                        0.8597401669665647,
                        0.0,
                        0.0,
                        0.0,
                        0.0
                    ],
                    [
                        -0.8776893068906739,
                        -0.0,
                        -0.6317404336727259,
                        0.0,
                        0.0,
                        0.0
                    ],
                    [
                        0.7284384000614568,
                        -0.9053546805300146,
                        0.0,
                        -0.9434142658084373,
                        0.0,
                        0.0
                    ],
                    [
                        0.7080927120115212,
                        0.5718510887218275,
                        -0.0,
                        0.0,
                        -0.7296915109848339,
                        0.0
                    ]
                ]
            },
            "est_params": {
                "mui": [
                    99.96128122466963,
                    -0.11297263829921718,
                    -0.11948139012453213,
                    -87.55280010918693,
                    155.42297609512877,
                    -42.4811721398902
                ],
                "Si": [
                    [
                        3.9791249920996843,
                        0.07948429980900083,
                        -0.2221390025502737,
                        -3.483472244032377,
                        6.065547183765078,
                        -1.6340697763573753
                    ],
                    [
                        0.07948429980900083,
                        0.9377501070869806,
                        0.7157695909726939,
                        -0.571717517997831,
                        -0.2369331189149417,
                        0.7385511277724447
                    ],
                    [
                        -0.2221390025502737,
                        0.7157695909726939,
                        1.5336458962178483,
                        -0.7787088827949034,
                        -0.14381839116444378,
                        0.36550593635867523
                    ],
                    [
                        -3.483472244032377,
                        -0.571717517997831,
                        -0.7787088827949034,
                        4.555900425436926,
                        -6.283449337273755,
                        1.895391035054094
                    ],
                    [
                        6.065547183765078,
                        -0.2369331189149417,
                        -0.14381839116444378,
                        -6.283449337273755,
                        11.453461866077916,
                        -4.386372036319515
                    ],
                    [
                        -1.6340697763573753,
                        0.7385511277724447,
                        0.36550593635867523,
                        1.895391035054094,
                        -4.386372036319515,
                        3.453368382361665
                    ]
                ]
            },
            "est_tgt": [
                0
            ],
            "oracle_est_tgt": [
                0,
                2,
                4,
                5
            ]
        },
        "1": {
            "intv_type": "hard",
            "inode": 1,
            "new_mui": 100,
            "new_vari": 4.0,
            "noise_type": "gaussian",
            "obs_noise_gamma_shape": null,
            "true_params": {
                "Si": [
                    [
                        1.0,
                        0.0,
                        0.0,
                        -0.8776893068906739,
                        1.5564630131296382,
                        -0.4276451358310518
                    ],
                    [
                        0.0,
                        4.0,
                        3.438960667866259,
                        -2.1725305037012776,
                        -1.5718224520242827,
                        3.4343498549047955
                    ],
                    [
                        0.0,
                        3.438960667866259,
                        3.9566126187827866,
                        -2.4995521716648175,
                        -0.7553659599302935,
                        2.5177575306389084
                    ],
                    [
                        -0.8776893068906739,
                        -2.1725305037012776,
                        -2.4995521716648175,
                        3.349406692345367,
                        -1.832309989895181,
                        -0.5268282903234653
                    ],
                    [
                        1.5564630131296382,
                        -1.5718224520242827,
                        -0.7553659599302935,
                        -1.832309989895181,
                        5.2854716247917635,
                        -3.653492040516676
                    ],
                    [
                        -0.4276451358310518,
                        3.4343498549047955,
                        2.5177575306389084,
                        -0.5268282903234653,
                        -3.653492040516676,
                        5.327046426985491
                    ]
                ],
                "mui": [
                    0.0,
                    100.0,
                    85.97401669665648,
                    -54.31326259253194,
                    -39.29556130060707,
                    85.85874637261989
                ],
                "Ai": [
                    [
                        0.0,
                        0.0,
                        0.0,
                        0.0,
                        0.0,
                        0.0
                    ],
                    [
                        0.0,
                        0.0,
                        0.0,
                        0.0,
                        0.0,
                        0.0
                    ],
                    [
                        0.0,
                        0.8597401669665647,
                        0.0,
                        0.0,
                        0.0,
                        0.0
                    ],
                    [
                        -0.8776893068906739,
                        -0.0,
                        -0.6317404336727259,
                        0.0,
                        0.0,
                        0.0
                    ],
                    [
                        0.7284384000614568,
                        -0.9053546805300146,
                        0.0,
                        -0.9434142658084373,
                        0.0,
                        0.0
                    ],
                    [
                        0.7080927120115212,
                        0.5718510887218275,
                        -0.0,
                        0.0,
                        -0.7296915109848339,
                        0.0
                    ]
                ]
            },
            "est_params": {
                "mui": [
                    0.04139587096186295,
                    99.90764685247964,
                    85.88523917135777,
                    -54.36797553025693,
                    -39.155151574355,
                    85.85241194297124
                ],
                "Si": [
                    [
                        1.0270722156482845,
                        -0.27566237138604555,
                        -0.27883368660624175,
                        -0.7394434145584697,
                        1.609635985377589,
                        -0.5413435034999972
                    ],
                    [
                        -0.27566237138604555,
                        3.938063004968424,
                        3.3036751642203908,
                        -1.6914518881355938,
                        -1.9844389801164357,
                        3.471963089816314
                    ],
                    [
                        -0.27883368660624175,
                        3.3036751642203908,
                        3.733054866402528,
                        -2.036517729695219,
                        -1.164458504795717,
                        2.5030586395437258
                    ],
                    [
                        -0.7394434145584697,
                        -1.6914518881355938,
                        -2.036517729695219,
                        2.9856773428401686,
                        -1.826370176320516,
                        -0.25976796991356754
                    ],
                    [
                        1.609635985377589,
                        -1.9844389801164357,
                        -1.164458504795717,
                        -1.826370176320516,
                        5.661389954014739,
                        -3.860288226889684
                    ],
                    [
                        -0.5413435034999972,
                        3.471963089816314,
                        2.5030586395437258,
                        -0.25976796991356754,
                        -3.860288226889684,
                        5.206161902200055
                    ]
                ]
            },
            "est_tgt": [
                1
            ],
            "oracle_est_tgt": [
                1,
                4
            ]
        },
        "2": {
            "intv_type": "hard",
            "inode": 2,
            "new_mui": 100,
            "new_vari": 4.0,
            "noise_type": "gaussian",
            "obs_noise_gamma_shape": null,
            "true_params": {
                "Si": [
                    [
                        1.0,
                        0.0,
                        0.0,
                        -0.8776893068906739,
                        1.5564630131296382,
                        -0.4276451358310518
                    ],
                    [
                        0.0,
                        1.0,
                        0.0,
                        0.0,
                        -0.9053546805300146,
                        1.2324807135349656
                    ],
                    [
                        0.0,
                        0.0,
                        4.0,
                        -2.5269617346909037,
                        2.383971749659434,
                        -1.7395639481541505
                    ],
                    [
                        -0.8776893068906739,
                        0.0,
                        -2.5269617346909037,
                        3.3667224215782467,
                        -3.815556555996537,
                        2.162693826973473
                    ],
                    [
                        1.5564630131296382,
                        -0.9053546805300146,
                        2.383971749659434,
                        -3.815556555996537,
                        6.553105011522636,
                        -4.1973530411281414
                    ],
                    [
                        -0.4276451358310518,
                        1.2324807135349656,
                        -1.7395639481541505,
                        2.162693826973473,
                        -4.1973530411281414,
                        4.464755916572061
                    ]
                ],
                "mui": [
                    0.0,
                    0.0,
                    100.0,
                    -63.17404336727259,
                    59.59929374148585,
                    -43.48909870385376
                ],
                "Ai": [
                    [
                        0.0,
                        0.0,
                        0.0,
                        0.0,
                        0.0,
                        0.0
                    ],
                    [
                        -0.0,
                        0.0,
                        0.0,
                        0.0,
                        0.0,
                        0.0
                    ],
                    [
                        0.0,
                        0.0,
                        0.0,
                        0.0,
                        0.0,
                        0.0
                    ],
                    [
                        -0.8776893068906739,
                        -0.0,
                        -0.6317404336727259,
                        0.0,
                        0.0,
                        0.0
                    ],
                    [
                        0.7284384000614568,
                        -0.9053546805300146,
                        0.0,
                        -0.9434142658084373,
                        0.0,
                        0.0
                    ],
                    [
                        0.7080927120115212,
                        0.5718510887218275,
                        -0.0,
                        0.0,
                        -0.7296915109848339,
                        0.0
                    ]
                ]
            },
            "est_params": {
                "mui": [
                    0.025516924433387256,
                    -0.027111059489469572,
                    100.03267718192325,
                    -63.26311067337553,
                    59.65991498169756,
                    -43.5773229589171
                ],
                "Si": [
                    [
                        1.0488908107870352,
                        0.0002327066955260777,
                        -0.2098771557805785,
                        -0.8470118146275442,
                        1.6173750933409703,
                        -0.47108280971469
                    ],
                    [
                        0.0002327066955260777,
                        0.9164676782337784,
                        -0.08306086306722997,
                        0.08750544960604861,
                        -0.9346311325536029,
                        1.2345968262696527
                    ],
                    [
                        -0.2098771557805785,
                        -0.08306086306722997,
                        4.034372350924683,
                        -2.2927218364560766,
                        2.00102307536489,
                        -1.6120306987112236
                    ],
                    [
                        -0.8470118146275442,
                        0.08750544960604861,
                        -2.2927218364560766,
                        3.2071245142047475,
                        -3.782844061859559,
                        2.1447585726171923
                    ],
                    [
                        1.6173750933409703,
                        -0.9346311325536029,
                        2.00102307536489,
                        -3.782844061859559,
                        6.611190194482599,
                        -4.207214861130137
                    ],
                    [
                        -0.47108280971469,
                        1.2345968262696527,
                        -1.6120306987112236,
                        2.1447585726171923,
                        -4.207214861130137,
                        4.383129403317387
                    ]
                ]
            },
            "est_tgt": [
                2
            ],
            "oracle_est_tgt": [
                2,
                4,
                5
            ]
        },
        "3": {
            "intv_type": "hard",
            "inode": 3,
            "new_mui": 100,
            "new_vari": 4.0,
            "noise_type": "gaussian",
            "obs_noise_gamma_shape": null,
            "true_params": {
                "Si": [
                    [
                        1.0,
                        0.0,
                        0.0,
                        0.0,
                        0.7284384000614568,
                        0.17655739521130198
                    ],
                    [
                        0.0,
                        1.0,
                        0.8597401669665647,
                        0.0,
                        -0.9053546805300146,
                        1.2324807135349656
                    ],
                    [
                        0.0,
                        0.8597401669665647,
                        1.7391531546956966,
                        0.0,
                        -0.7783697842028356,
                        1.0596131744376223
                    ],
                    [
                        0.0,
                        0.0,
                        0.0,
                        4.0,
                        -3.7736570632337494,
                        2.7536055244096254
                    ],
                    [
                        0.7284384000614568,
                        -0.9053546805300146,
                        -0.7783697842028356,
                        -3.7736570632337494,
                        5.9104115079651915,
                        -4.314703241296911
                    ],
                    [
                        0.17655739521130198,
                        1.2324807135349656,
                        1.0596131744376223,
                        2.7536055244096254,
                        -4.314703241296911,
                        4.978216770257589
                    ]
                ],
                "mui": [
                    0.0,
                    0.0,
                    0.0,
                    100.0,
                    -94.34142658084373,
                    68.84013811024063
                ],
                "Ai": [
                    [
                        0.0,
                        0.0,
                        0.0,
                        0.0,
                        0.0,
                        0.0
                    ],
                    [
                        -0.0,
                        0.0,
                        0.0,
                        0.0,
                        0.0,
                        0.0
                    ],
                    [
                        0.0,
                        0.8597401669665647,
                        0.0,
                        0.0,
                        0.0,
                        0.0
                    ],
                    [
                        0.0,
                        0.0,
                        0.0,
                        0.0,
                        0.0,
                        0.0
                    ],
                    [
                        0.7284384000614568,
                        -0.9053546805300146,
                        0.0,
                        -0.9434142658084373,
                        0.0,
                        0.0
                    ],
                    [
                        0.7080927120115212,
                        0.5718510887218275,
                        -0.0,
                        0.0,
                        -0.7296915109848339,
                        0.0
                    ]
                ]
            },
            "est_params": {
                "mui": [
                    0.012827781999340185,
                    0.07212791304089396,
                    0.025687017766283363,
                    99.77094506413769,
                    -94.18693653873135,
                    68.78585278680697
                ],
                "Si": [
                    [
                        0.8989013864041249,
                        0.0546471110615239,
                        -0.011886881565164879,
                        -0.06184407130606833,
                        0.6680653188509079,
                        0.25133028452458667
                    ],
                    [
                        0.0546471110615239,
                        0.9796902715893072,
                        0.809565483429301,
                        -0.2025443826192616,
                        -0.5963760899792996,
                        0.9813694540732593
                    ],
                    [
                        -0.011886881565164879,
                        0.809565483429301,
                        1.6572137747284355,
                        -0.31016518013446487,
                        -0.4149565820128887,
                        0.7376943968104237
                    ],
                    [
                        -0.06184407130606833,
                        -0.2025443826192616,
                        -0.31016518013446487,
                        3.7816534931962953,
                        -3.3199753893526056,
                        2.0370093280546153
                    ],
                    [
                        0.6680653188509079,
                        -0.5963760899792996,
                        -0.4149565820128887,
                        -3.3199753893526056,
                        5.004921168869334,
                        -3.1323515479853343
                    ],
                    [
                        0.25133028452458667,
                        0.9813694540732593,
                        0.7376943968104237,
                        2.0370093280546153,
                        -3.1323515479853343,
                        3.7676493616443367
                    ]
                ]
            },
            "est_tgt": [
                3,
                4
            ],
            "oracle_est_tgt": [
                0,
                2,
                3,
                4,
                5
            ]
        },
        "4": {
            "intv_type": "hard",
            "inode": 4,
            "new_mui": 100,
            "new_vari": 4.0,
            "noise_type": "gaussian",
            "obs_noise_gamma_shape": null,
            "true_params": {
                "Si": [
                    [
                        1.0,
                        0.0,
                        0.0,
                        -0.8776893068906739,
                        0.0,
                        0.7080927120115212
                    ],
                    [
                        0.0,
                        1.0,
                        0.8597401669665647,
                        -0.5431326259253194,
                        0.0,
                        0.5718510887218275
                    ],
                    [
                        0.0,
                        0.8597401669665647,
                        1.7391531546956966,
                        -1.098693368170749,
                        0.0,
                        0.49164335049771585
                    ],
                    [
                        -0.8776893068906739,
                        -0.5431326259253194,
                        -1.098693368170749,
                        2.4644275443117682,
                        0.0,
                        -0.9320763850754686
                    ],
                    [
                        0.0,
                        0.0,
                        0.0,
                        0.0,
                        4.0,
                        -2.9187660439393355
                    ],
                    [
                        0.7080927120115212,
                        0.5718510887218275,
                        0.49164335049771585,
                        -0.9320763850754686,
                        -2.9187660439393355,
                        3.9582077612894904
                    ]
                ],
                "mui": [
                    0.0,
                    0.0,
                    0.0,
                    0.0,
                    100.0,
                    -72.9691510984834
                ],
                "Ai": [
                    [
                        0.0,
                        0.0,
                        0.0,
                        0.0,
                        0.0,
                        0.0
                    ],
                    [
                        -0.0,
                        0.0,
                        0.0,
                        0.0,
                        0.0,
                        0.0
                    ],
                    [
                        0.0,
                        0.8597401669665647,
                        0.0,
                        0.0,
                        0.0,
                        0.0
                    ],
                    [
                        -0.8776893068906739,
                        -0.0,
                        -0.6317404336727259,
                        0.0,
                        0.0,
                        0.0
                    ],
                    [
                        0.0,
                        0.0,
                        0.0,
                        0.0,
                        0.0,
                        0.0
                    ],
                    [
                        0.7080927120115212,
                        0.5718510887218275,
                        -0.0,
                        0.0,
                        -0.7296915109848339,
                        0.0
                    ]
                ]
            },
            "est_params": {
                "mui": [
                    -0.1255489189259174,
                    -0.044393439901980664,
                    -0.13717974273714018,
                    0.20111429572737885,
                    99.75928914314164,
                    -72.97308919846546
                ],
                "Si": [
                    [
                        0.9497538991095278,
                        -0.007476165023695283,
                        0.09030803387047684,
                        -0.8624135413873937,
                        -0.010098457487367957,
                        0.6780378005467317
                    ],
                    [
                        -0.007476165023695283,
                        0.8748587581258122,
                        0.748919175983399,
                        -0.4043657977279391,
                        -0.19897387659243307,
                        0.6040179275396722
                    ],
                    [
                        0.09030803387047684,
                        0.748919175983399,
                        1.5913838408952379,
                        -1.023066755439608,
                        -0.3804902900088659,
                        0.7127168858785883
                    ],
                    [
                        -0.8624135413873937,
                        -0.4043657977279391,
                        -1.023066755439608,
                        2.160279053501163,
                        0.4205517229263725,
                        -1.0353427720501562
                    ],
                    [
                        -0.010098457487367957,
                        -0.19897387659243307,
                        -0.3804902900088659,
                        0.4205517229263725,
                        3.8483496989687827,
                        -2.8253757667450494
                    ],
                    [
                        0.6780378005467317,
                        0.6040179275396722,
                        0.7127168858785883,
                        -1.0353427720501562,
                        -2.8253757667450494,
                        3.762062230354865
                    ]
                ]
            },
            "est_tgt": [
                3,
                4
            ],
            "oracle_est_tgt": [
                0,
                2,
                3,
                4,
                5
            ]
        },
        "5": {
            "intv_type": "hard",
            "inode": 5,
            "new_mui": 100,
            "new_vari": 4.0,
            "noise_type": "gaussian",
            "obs_noise_gamma_shape": null,
            "true_params": {
                "Si": [
                    [
                        1.0,
                        0.0,
                        0.0,
                        -0.8776893068906739,
                        1.5564630131296382,
                        0.0
                    ],
                    [
                        0.0,
                        1.0,
                        0.8597401669665647,
                        -0.5431326259253194,
                        -0.3929556130060707,
                        0.0
                    ],
                    [
                        0.0,
                        0.8597401669665647,
                        1.7391531546956966,
                        -1.098693368170749,
                        0.2581532130785705,
                        0.0
                    ],
                    [
                        -0.8776893068906739,
                        -0.5431326259253194,
                        -1.098693368170749,
                        2.4644275443117682,
                        -2.4725910317874233,
                        0.0
                    ],
                    [
                        1.5564630131296382,
                        -0.3929556130060707,
                        0.2581532130785705,
                        -2.4725910317874233,
                        4.822229283412833,
                        0.0
                    ],
                    [
                        0.0,
                        0.0,
                        0.0,
                        0.0,
                        0.0,
                        4.0
                    ]
                ],
                "mui": [
                    0.0,
                    0.0,
                    0.0,
                    0.0,
                    0.0,
                    100.0
                ],
                "Ai": [
                    [
                        0.0,
                        0.0,
                        0.0,
                        0.0,
                        0.0,
                        0.0
                    ],
                    [
                        -0.0,
                        0.0,
                        0.0,
                        0.0,
                        0.0,
                        0.0
                    ],
                    [
                        0.0,
                        0.8597401669665647,
                        0.0,
                        0.0,
                        0.0,
                        0.0
                    ],
                    [
                        -0.8776893068906739,
                        -0.0,
                        -0.6317404336727259,
                        0.0,
                        0.0,
                        0.0
                    ],
                    [
                        0.7284384000614568,
                        -0.9053546805300146,
                        0.0,
                        -0.9434142658084373,
                        0.0,
                        0.0
                    ],
                    [
                        0.0,
                        0.0,
                        0.0,
                        0.0,
                        0.0,
                        0.0
                    ]
                ]
            },
            "est_params": {
                "mui": [
                    0.037336451189380046,
                    0.04189722228919893,
                    0.023358715654976242,
                    0.09822311837479225,
                    -0.12038928573596128,
                    99.9587988318709
                ],
                "Si": [
                    [
                        1.1311994948895592,
                        0.0065185825422503585,
                        0.011066020216678836,
                        -1.0328964645928955,
                        1.751904974668108,
                        -0.10647841306991922
                    ],
                    [
                        0.0065185825422503585,
                        1.1145793990180632,
                        0.9959557983202243,
                        -0.6649663839895779,
                        -0.4620442064485331,
                        -0.033130258624949366
                    ],
                    [
                        0.011066020216678836,
                        0.9959557983202243,
                        1.9289574660058488,
                        -1.3190467230349776,
                        0.27999167605770375,
                        -0.09165029466571184
                    ],
                    [
                        -1.0328964645928955,
                        -0.6649663839895779,
                        -1.3190467230349776,
                        2.9548780082769386,
                        -2.8108233272062795,
                        0.27977881097013735
                    ],
                    [
                        1.751904974668108,
                        -0.4620442064485331,
                        0.27999167605770375,
                        -2.8108233272062795,
                        5.239330993878057,
                        -0.2728463034501254
                    ],
                    [
                        -0.10647841306991922,
                        -0.033130258624949366,
                        -0.09165029466571184,
                        0.27977881097013735,
                        -0.2728463034501254,
                        3.8909179771081805
                    ]
                ]
            },
            "est_tgt": [
                5
            ],
            "oracle_est_tgt": [
                0,
                2,
                5
            ]
        },
        "obs": {
            "intv_type": "obs",
            "noise_type": "gaussian",
            "obs_noise_gamma_shape": null,
            "true_params": {
                "Si": [
                    [
                        1.0,
                        0.0,
                        0.0,
                        -0.8776893068906739,
                        1.5564630131296382,
                        -0.4276451358310518
                    ],
                    [
                        0.0,
                        1.0,
                        0.8597401669665647,
                        -0.5431326259253194,
                        -0.3929556130060707,
                        0.8585874637261989
                    ],
                    [
                        0.0,
                        0.8597401669665647,
                        1.7391531546956966,
                        -1.098693368170749,
                        0.2581532130785705,
                        0.3032711423808239
                    ],
                    [
                        -0.8776893068906739,
                        -0.5431326259253194,
                        -1.098693368170749,
                        2.4644275443117682,
                        -2.4725910317874233,
                        0.8721523009570455
                    ],
                    [
                        1.5564630131296382,
                        -0.3929556130060707,
                        0.2581532130785705,
                        -2.4725910317874233,
                        4.822229283412833,
                        -2.641331751133108
                    ],
                    [
                        -0.4276451358310518,
                        0.8585874637261989,
                        0.3032711423808239,
                        0.8721523009570455,
                        -2.641331751133108,
                        3.1155291283821294
                    ]
                ],
                "mui": [
                    0.0,
                    0.0,
                    0.0,
                    0.0,
                    0.0,
                    0.0
                ],
                "Ai": [
                    [
                        0.0,
                        0.0,
                        0.0,
                        0.0,
                        0.0,
                        0.0
                    ],
                    [
                        -0.0,
                        0.0,
