{
    "expt_args": {
        "save_dir": "all_expt_logs/expt_logs_sim_compsel_backward_cameraready_new_var_largemean",
        "exp_name": "269",
        "num_nodes": 6,
        "num_tgt_prior": 7,
        "obs_noise_mean": 0.0,
        "obs_noise_var": 1.0,
        "obs_noise_gamma_shape": null,
        "noise_type": "gaussian",
        "max_edge_strength": 1.0,
        "graph_sparsity_method": "adj_dense_prop",
        "adj_dense_prop": 0.8,
        "num_parents": null,
        "new_noise_mean": 100,
        "mix_samples": 32768,
        "stage2_samples": 32768,
        "gmm_tol": 0.001,
        "intv_type": "hard",
        "new_noise_var": 32.0,
        "dtype": "simulation",
        "cutoff_drop_ratio": 0.07,
        "intv_targets": [
            0,
            1,
            2,
            3,
            4,
            5
        ]
    },
    "intv_args_dict": {
        "0": {
            "intv_type": "hard",
            "inode": 0,
            "new_mui": 100,
            "new_vari": 32.0,
            "noise_type": "gaussian",
            "obs_noise_gamma_shape": null,
            "true_params": {
                "Si": [
                    [
                        32.0,
                        20.31741769976814,
                        43.13044922803381,
                        -30.185084258423302,
                        4.0988620918106085,
                        40.938619925117216
                    ],
                    [
                        20.31741769976814,
                        13.899920687089114,
                        28.204280749688984,
                        -20.428324594661312,
                        3.6267023966858702,
                        27.617721787623516
                    ],
                    [
                        43.13044922803381,
                        28.204280749688984,
                        59.804642698682564,
                        -42.51055652138536,
                        6.268445180970695,
                        57.70207727218832
                    ],
                    [
                        -30.185084258423302,
                        -20.428324594661312,
                        -42.51055652138536,
                        31.693815393493086,
                        -5.948189090500659,
                        -43.05099302867675
                    ],
                    [
                        4.0988620918106085,
                        3.6267023966858702,
                        6.268445180970695,
                        -5.948189090500659,
                        3.329399696963976,
                        8.835036586242989
                    ],
                    [
                        40.938619925117216,
                        27.617721787623516,
                        57.70207727218832,
                        -43.05099302867675,
                        8.835036586242989,
                        60.143066952889995
                    ]
                ],
                "mui": [
                    100.0,
                    63.491930311775434,
                    134.78265383760566,
                    -94.32838830757282,
                    12.808944036908152,
                    127.9331872659913
                ],
                "Ai": [
                    [
                        0.0,
                        0.0,
                        0.0,
                        0.0,
                        0.0,
                        0.0
                    ],
                    [
                        0.6349193031177544,
                        0.0,
                        0.0,
                        0.0,
                        0.0,
                        0.0
                    ],
                    [
                        0.8272397048510347,
                        0.819925982670072,
                        0.0,
                        0.0,
                        0.0,
                        0.0
                    ],
                    [
                        0.5127343606127102,
                        -0.6150458335866675,
                        -0.7905422109627762,
                        0.0,
                        0.0,
                        0.0
                    ],
                    [
                        -0.0,
                        0.5716555159328577,
                        -0.7787608237486568,
                        -0.8637578129808869,
                        0.0,
                        0.0
                    ],
                    [
                        0.0,
                        -0.6933618092399138,
                        0.6747393451205772,
                        -0.7505187335565509,
                        0.7976992322417216,
                        0.0
                    ]
                ]
            },
            "est_params": {
                "mui": [
                    99.97191435108587,
                    63.46931970946274,
                    134.75417141747297,
                    -94.31081866439145,
                    12.8061144329864,
                    127.89701785000592
                ],
                "Si": [
                    [
                        31.974242051846353,
                        20.31441749656892,
                        43.20846396634026,
                        -30.403915687885824,
                        4.263057872396223,
                        41.1963883896044
                    ],
                    [
                        20.31441749656892,
                        13.866483111102598,
                        28.22167417525099,
                        -20.52696908049209,
                        3.72838196011517,
                        27.77728667011363
                    ],
                    [
                        43.20846396634026,
                        28.22167417525099,
                        59.98347271132093,
                        -42.83823924303766,
                        6.496796930337309,
                        58.13721336633781
                    ],
                    [
                        -30.403915687885824,
                        -20.52696908049209,
                        -42.83823924303766,
                        32.080853567112946,
                        -6.1448846170606695,
                        -43.599532254670656
                    ],
                    [
                        4.263057872396223,
                        3.72838196011517,
                        6.496796930337309,
                        -6.1448846170606695,
                        3.4092365073501023,
                        9.129843584403664
                    ],
                    [
                        41.1963883896044,
                        27.77728667011363,
                        58.13721336633781,
                        -43.599532254670656,
                        9.129843584403664,
                        60.856449284519485
                    ]
                ]
            },
            "est_tgt": [
                0
            ],
            "oracle_est_tgt": [
                0
            ]
        },
        "1": {
            "intv_type": "hard",
            "inode": 1,
            "new_mui": 100,
            "new_vari": 32.0,
            "noise_type": "gaussian",
            "obs_noise_gamma_shape": null,
            "true_params": {
                "Si": [
                    [
                        1.0,
                        0.0,
                        0.8272397048510347,
                        -0.14123354465642124,
                        -0.5222302963354186,
                        0.2475868913400363
                    ],
                    [
                        0.0,
                        32.0,
                        26.237631445442304,
                        -40.423421848079784,
                        32.77618348088633,
                        52.00005613329544
                    ],
                    [
                        0.8272397048510347,
                        26.237631445442304,
                        23.19724127512149,
                        -34.051590088433095,
                        26.34611099999715,
                        44.03254856340808
                    ],
                    [
                        -0.14123354465642124,
                        -40.423421848079784,
                        -34.051590088433095,
                        52.70906121106932,
                        -42.118091161064775,
                        -68.1045975380855
                    ],
                    [
                        -0.5222302963354186,
                        32.77618348088633,
                        26.34611099999715,
                        -42.118091161064775,
                        35.59919728135569,
                        55.058872582106105
                    ],
                    [
                        0.2475868913400363,
                        52.00005613329544,
                        44.03254856340808,
                        -68.1045975380855,
                        55.058872582106105,
                        89.68983666100853
                    ]
                ],
                "mui": [
                    0.0,
                    100.0,
                    81.9925982670072,
                    -126.32319327524932,
                    102.42557337776978,
                    162.50017541654825
                ],
                "Ai": [
                    [
                        0.0,
                        0.0,
                        0.0,
                        0.0,
                        0.0,
                        0.0
                    ],
                    [
                        0.0,
                        0.0,
                        0.0,
                        0.0,
                        0.0,
                        0.0
                    ],
                    [
                        0.8272397048510347,
                        0.819925982670072,
                        0.0,
                        0.0,
                        0.0,
                        0.0
                    ],
                    [
                        0.5127343606127102,
                        -0.6150458335866675,
                        -0.7905422109627762,
                        0.0,
                        0.0,
                        0.0
                    ],
                    [
                        -0.0,
                        0.5716555159328577,
                        -0.7787608237486568,
                        -0.8637578129808869,
                        0.0,
                        0.0
                    ],
                    [
                        0.0,
                        -0.6933618092399138,
                        0.6747393451205772,
                        -0.7505187335565509,
                        0.7976992322417216,
                        0.0
                    ]
                ]
            },
            "est_params": {
                "mui": [
                    0.02738732284532817,
                    100.18417265058365,
                    82.18324272457198,
                    -126.58100425789674,
                    102.58805871287457,
                    162.8139677124181
                ],
                "Si": [
                    [
                        1.006830683660068,
                        0.16696308028547727,
                        0.9673914646933448,
                        -0.3828533349795296,
                        -0.3144803659268928,
                        0.5951662304490989
                    ],
                    [
                        0.16696308028547727,
                        32.83181913255723,
                        27.061336017390122,
                        -41.38232220619115,
                        33.46635581215974,
                        53.22721212357842
                    ],
                    [
                        0.9673914646933448,
                        27.061336017390122,
                        23.98264043983022,
                        -35.03557861791552,
                        27.12395385224322,
                        45.3444153778694
                    ],
                    [
                        -0.3828533349795296,
                        -41.38232220619115,
                        -35.03557861791552,
                        53.806180160225416,
                        -42.888518060224484,
                        -69.50422929475843
                    ],
                    [
                        -0.3144803659268928,
                        33.46635581215974,
                        27.12395385224322,
                        -42.888518060224484,
                        36.055746864319076,
                        56.0169789688391
                    ],
                    [
                        0.5951662304490989,
                        53.22721212357842,
                        45.3444153778694,
                        -69.50422929475843,
                        56.0169789688391,
                        91.50490476870542
                    ]
                ]
            },
            "est_tgt": [
                1,
                2
            ],
            "oracle_est_tgt": [
                1,
                2
            ]
        },
        "2": {
            "intv_type": "hard",
            "inode": 2,
            "new_mui": 100,
            "new_vari": 32.0,
            "noise_type": "gaussian",
            "obs_noise_gamma_shape": null,
            "true_params": {
                "Si": [
                    [
                        1.0,
                        0.6349193031177544,
                        0.0,
                        0.12222988856638489,
                        0.2573781005705122,
                        -0.32665430467974266
                    ],
                    [
                        0.6349193031177544,
                        1.4031225214715348,
                        0.0,
                        -0.5374397179179377,
                        1.266320484286685,
                        0.4406298844694411
                    ],
                    [
                        0.0,
                        0.0,
                        32.0,
                        -25.29735075080884,
                        -3.0695620012279785,
                        38.12920743999346
                    ],
                    [
                        0.12222988856638489,
                        -0.5374397179179377,
                        -25.29735075080884,
                        21.391845117116535,
                        0.915981976142962,
                        -32.02078009033302
                    ],
                    [
                        0.2573781005705122,
                        1.266320484286685,
                        -3.0695620012279785,
                        0.915981976142962,
                        3.3231671339619715,
                        -0.9857462779012094
                    ],
                    [
                        -0.32665430467974266,
                        0.4406298844694411,
                        38.12920743999346,
                        -32.02078009033302,
                        -0.9857462779012094,
                        49.667626795949545
                    ]
                ],
                "mui": [
                    0.0,
                    0.0,
                    100.0,
                    -79.05422109627762,
                    -9.592381253837432,
                    119.15377324997955
                ],
                "Ai": [
                    [
                        0.0,
                        0.0,
                        0.0,
                        0.0,
                        0.0,
                        0.0
                    ],
                    [
                        0.6349193031177544,
                        0.0,
                        0.0,
                        0.0,
                        0.0,
                        0.0
                    ],
                    [
                        0.0,
                        0.0,
                        0.0,
                        0.0,
                        0.0,
                        0.0
                    ],
                    [
                        0.5127343606127102,
                        -0.6150458335866675,
                        -0.7905422109627762,
                        0.0,
                        0.0,
                        0.0
                    ],
                    [
                        -0.0,
                        0.5716555159328577,
                        -0.7787608237486568,
                        -0.8637578129808869,
                        0.0,
                        0.0
                    ],
                    [
                        0.0,
                        -0.6933618092399138,
                        0.6747393451205772,
                        -0.7505187335565509,
                        0.7976992322417216,
                        0.0
                    ]
                ]
            },
            "est_params": {
                "mui": [
                    0.019549126326203044,
                    -0.004817167354610315,
                    99.97640085960343,
                    -79.05901185781043,
                    -9.570904338125574,
                    119.16255841044374
                ],
                "Si": [
                    [
                        1.0316566486523846,
                        0.6530543925719838,
                        0.010110188670708963,
                        0.12389100332764465,
                        0.248674384509495,
                        -0.3262460120974097
                    ],
                    [
                        0.6530543925719838,
                        1.4223180786979612,
                        -0.03393204000138413,
                        -0.5195497731337966,
                        1.2621370310950288,
                        0.3822435209207157
                    ],
                    [
                        0.010110188670708963,
                        -0.03393204000138413,
                        33.01991030497516,
                        -25.977056719421906,
                        -3.282542046677361,
                        39.12336349085868
                    ],
                    [
                        0.12389100332764465,
                        -0.5195497731337966,
                        -25.977056719421906,
                        21.875735022697505,
                        1.0297893421471374,
                        -32.723515452296326
                    ],
                    [
                        0.248674384509495,
                        1.2621370310950288,
                        -3.282542046677361,
                        1.0297893421471374,
                        3.355758004596346,
                        -1.1881855501675
                    ],
                    [
                        -0.3262460120974097,
                        0.3822435209207157,
                        39.12336349085868,
                        -32.723515452296326,
                        -1.1881855501675,
                        50.693103298222866
                    ]
                ]
            },
            "est_tgt": [
                1,
                2
            ],
            "oracle_est_tgt": [
                1,
                2
            ]
        },
        "3": {
            "intv_type": "hard",
            "inode": 3,
            "new_mui": 100,
            "new_vari": 32.0,
            "noise_type": "gaussian",
            "obs_noise_gamma_shape": null,
            "true_params": {
                "Si": [
                    [
                        1.0,
                        0.6349193031177544,
                        1.3478265383760566,
                        0.0,
                        -0.6866793834965281,
                        -0.0785608179024756
                    ],
                    [
                        0.6349193031177544,
                        1.4031225214715348,
                        1.675687069139413,
                        0.0,
                        -0.5028567133791594,
                        -0.24334798860477702
                    ],
                    [
                        1.3478265383760566,
                        1.675687069139413,
                        3.4889149946082667,
                        0.0,
                        -1.759114559139265,
                        -0.21099353258571402
                    ],
                    [
                        0.0,
                        0.0,
                        0.0,
                        32.0,
                        -27.640250015388382,
                        -46.06520569005417
                    ],
                    [
                        -0.6866793834965281,
                        -0.5028567133791594,
                        -1.759114559139265,
                        -27.640250015388382,
                        25.95695059275328,
                        40.61208283086262
                    ],
                    [
                        -0.0785608179024756,
                        -0.24334798860477702,
                        -0.21099353258571402,
                        -46.06520569005417,
                        40.61208283086262,
                        67.99538969309013
                    ]
                ],
                "mui": [
                    0.0,
                    0.0,
                    0.0,
                    100.0,
                    -86.3757812980887,
                    -143.9537677814193
                ],
                "Ai": [
                    [
                        0.0,
                        0.0,
                        0.0,
                        0.0,
                        0.0,
                        0.0
                    ],
                    [
                        0.6349193031177544,
                        0.0,
                        0.0,
                        0.0,
                        0.0,
                        0.0
                    ],
                    [
                        0.8272397048510347,
                        0.819925982670072,
                        0.0,
                        0.0,
                        0.0,
                        0.0
                    ],
                    [
                        0.0,
                        0.0,
                        0.0,
                        0.0,
                        0.0,
                        0.0
                    ],
                    [
                        -0.0,
                        0.5716555159328577,
                        -0.7787608237486568,
                        -0.8637578129808869,
                        0.0,
                        0.0
                    ],
                    [
                        0.0,
                        -0.6933618092399138,
                        0.6747393451205772,
                        -0.7505187335565509,
                        0.7976992322417216,
                        0.0
                    ]
                ]
            },
            "est_params": {
                "mui": [
                    -0.025896117182063777,
                    -0.012566716618209621,
                    -0.044622858043478236,
                    99.94983467189586,
                    -86.30963328116648,
                    -143.89031812601544
                ],
                "Si": [
                    [
                        0.9761645420173047,
                        0.6312347004376876,
                        1.328682461205693,
                        0.08383080797390062,
                        -0.7603407348066725,
                        -0.22330063768968864
                    ],
                    [
                        0.6312347004376876,
                        1.3872990379107304,
                        1.6575534583856009,
                        0.12836888632340607,
                        -0.6264187872013467,
                        -0.4408397860222456
                    ],
                    [
                        1.328682461205693,
                        1.6575534583856009,
                        3.439520888921481,
                        0.13703258812807956,
                        -1.8628985111861354,
                        -0.4522958440123721
                    ],
                    [
                        0.08383080797390062,
                        0.12836888632340607,
                        0.13703258812807956,
                        31.946560037917752,
                        -27.69813105844447,
                        -46.13135934632834
                    ],
                    [
                        -0.7603407348066725,
                        -0.6264187872013467,
                        -1.8628985111861354,
                        -27.69813105844447,
                        26.058887338184018,
                        40.83737297631407
                    ],
                    [
                        -0.22330063768968864,
                        -0.4408397860222456,
                        -0.4522958440123721,
                        -46.13135934632834,
                        40.83737297631407,
                        68.28708602292478
                    ]
                ]
            },
            "est_tgt": [
                3
            ],
            "oracle_est_tgt": [
                3
            ]
        },
        "4": {
            "intv_type": "hard",
            "inode": 4,
            "new_mui": 100,
            "new_vari": 32.0,
            "noise_type": "gaussian",
            "obs_noise_gamma_shape": null,
            "true_params": {
                "Si": [
                    [
                        1.0,
                        0.6349193031177544,
                        1.3478265383760566,
                        -0.9432838830757282,
                        0.0,
                        1.1771550244192248
                    ],
                    [
                        0.6349193031177544,
                        1.4031225214715348,
                        1.675687069139413,
                        -1.8621410784371437,
                        0.0,
                        1.555352189477649
                    ],
                    [
                        1.3478265383760566,
                        1.675687069139413,
                        3.4889149946082667,
                        -3.097681945596962,
                        0.0,
                        3.517119131435337
                    ],
                    [
                        -0.9432838830757282,
                        -1.8621410784371437,
                        -3.097681945596962,
                        4.110496387309938,
                        0.0,
                        -3.8839949230514206
                    ],
                    [
                        0.0,
                        0.0,
                        0.0,
                        0.0,
                        32.0,
                        25.52637543173509
                    ],
                    [
                        1.1771550244192248,
                        1.555352189477649,
                        3.517119131435337,
                        -3.8839949230514206,
                        25.52637543173509,
                        25.572097885951898
                    ]
                ],
                "mui": [
                    0.0,
                    0.0,
                    0.0,
                    0.0,
                    100.0,
                    79.76992322417216
                ],
                "Ai": [
                    [
                        0.0,
                        0.0,
                        0.0,
                        0.0,
                        0.0,
                        0.0
                    ],
                    [
                        0.6349193031177544,
                        0.0,
                        0.0,
                        0.0,
                        0.0,
                        0.0
                    ],
                    [
                        0.8272397048510347,
                        0.819925982670072,
                        0.0,
                        0.0,
                        0.0,
                        0.0
                    ],
                    [
                        0.5127343606127102,
                        -0.6150458335866675,
                        -0.7905422109627762,
                        0.0,
                        0.0,
                        0.0
                    ],
                    [
                        0.0,
                        0.0,
                        0.0,
                        0.0,
                        0.0,
                        0.0
                    ],
                    [
                        0.0,
                        -0.6933618092399138,
                        0.6747393451205772,
                        -0.7505187335565509,
                        0.7976992322417216,
                        0.0
                    ]
                ]
            },
            "est_params": {
                "mui": [
                    -0.0041771317317399305,
                    -0.0025425435610160084,
                    0.01339144499613645,
                    -0.014537753212740213,
                    100.06785940615269,
                    79.85463497800747
                ],
                "Si": [
                    [
                        1.001534821979863,
                        0.6321044763227597,
                        1.3429064641833601,
                        -0.9280813321355105,
                        -0.12320224972287164,
                        1.0506845229755002
                    ],
                    [
                        0.6321044763227597,
                        1.4471160837510615,
                        1.69227645552159,
                        -1.8904377436444424,
                        -0.08933115264081508,
                        1.475870385087259
                    ],
                    [
                        1.3429064641833601,
                        1.69227645552159,
                        3.4827146623485326,
                        -3.0898439579621613,
                        -0.28350581908181993,
                        3.251024647948904
                    ],
                    [
                        -0.9280813321355105,
                        -1.8904377436444424,
                        -3.0898439579621613,
                        4.127010274886067,
                        0.36609015816555585,
                        -3.543362683168064
                    ],
                    [
                        -0.12320224972287164,
                        -0.08933115264081508,
                        -0.28350581908181993,
                        0.36609015816555585,
                        31.761351291125543,
                        24.904288167564356
                    ],
                    [
                        1.0506845229755002,
                        1.475870385087259,
                        3.251024647948904,
                        -3.543362683168064,
                        24.904288167564356,
                        24.63381697932922
                    ]
                ]
            },
            "est_tgt": [
                4
            ],
            "oracle_est_tgt": [
                4
            ]
        },
        "5": {
            "intv_type": "hard",
            "inode": 5,
            "new_mui": 100,
            "new_vari": 32.0,
            "noise_type": "gaussian",
            "obs_noise_gamma_shape": null,
            "true_params": {
                "Si": [
                    [
                        1.0,
                        0.6349193031177544,
                        1.3478265383760566,
                        -0.9432838830757282,
                        0.12808944036908151,
                        0.0
                    ],
                    [
                        0.6349193031177544,
                        1.4031225214715348,
                        1.675687069139413,
                        -1.8621410784371437,
                        1.1055821919935782,
                        0.0
                    ],
                    [
                        1.3478265383760566,
                        1.675687069139413,
                        3.4889149946082667,
                        -3.097681945596962,
                        0.9165324234999457,
                        0.0
                    ],
                    [
                        -0.9432838830757282,
                        -1.8621410784371437,
                        -3.097681945596962,
                        4.110496387309938,
                        -2.2026232450379903,
                        0.0
                    ],
                    [
                        0.12808944036908151,
                        1.1055821919935782,
                        0.9165324234999457,
                        -2.2026232450379903,
                        2.8207856502079767,
                        0.0
                    ],
                    [
                        0.0,
                        0.0,
                        0.0,
                        0.0,
                        0.0,
                        32.0
                    ]
                ],
                "mui": [
                    0.0,
                    0.0,
                    0.0,
                    0.0,
                    0.0,
                    100.0
                ],
                "Ai": [
                    [
                        0.0,
                        0.0,
                        0.0,
                        0.0,
                        0.0,
                        0.0
                    ],
                    [
                        0.6349193031177544,
                        0.0,
                        0.0,
                        0.0,
                        0.0,
                        0.0
                    ],
                    [
                        0.8272397048510347,
                        0.819925982670072,
                        0.0,
                        0.0,
                        0.0,
                        0.0
                    ],
                    [
                        0.5127343606127102,
                        -0.6150458335866675,
                        -0.7905422109627762,
                        0.0,
                        0.0,
                        0.0
                    ],
                    [
                        -0.0,
                        0.5716555159328577,
                        -0.7787608237486568,
                        -0.8637578129808869,
                        0.0,
                        0.0
                    ],
                    [
                        0.0,
                        0.0,
                        0.0,
                        0.0,
                        0.0,
                        0.0
                    ]
                ]
            },
            "est_params": {
                "mui": [
                    0.007835468370300082,
                    -0.005744688604489655,
                    0.0027420782294446267,
                    0.022210141978209943,
                    -0.011777456455706225,
                    49.99367212505786
                ],
                "Si": [
                    [
                        0.9969057538527578,
                        0.6294182722914033,
                        1.3460123843580414,
                        -0.943923442189514,
                        0.1307980974704673,
                        0.8713404828443129
                    ],
                    [
                        0.6294182722914033,
                        1.3853885833903368,
                        1.6658229528438813,
                        -1.8425164212483753,
                        1.086816599678901,
                        1.3583573575437262
                    ],
                    [
                        1.3460123843580414,
                        1.6658229528438813,
                        3.5046023755429694,
                        -3.1014218067068233,
                        0.9049389390514153,
                        3.2271207774390027
                    ],
                    [
                        -0.943923442189514,
                        -1.8425164212483753,
                        -3.1014218067068233,
                        4.110622444837751,
                        -2.19223324944809,
                        -3.401350742886348
                    ],
                    [
                        0.1307980974704673,
                        1.086816599678901,
                        0.9049389390514153,
                        -2.19223324944809,
                        2.810531335250053,
                        2.078946847451926
                    ],
                    [
                        0.8713404828443129,
                        1.3583573575437262,
                        3.2271207774390027,
                        -3.401350742886348,
                        2.078946847451926,
                        2526.1352959899823
                    ]
                ]
            },
            "est_tgt": [
                5
            ],
            "oracle_est_tgt": [
                5
            ]
        },
        "obs": {
            "intv_type": "obs",
            "noise_type": "gaussian",
            "obs_noise_gamma_shape": null,
            "true_params": {
                "Si": [
                    [
                        1.0,
                        0.6349193031177544,
                        1.3478265383760566,
                        -0.9432838830757282,
                        0.12808944036908151,
                        1.279331872659913
                    ],
                    [
                        0.6349193031177544,
                        1.4031225214715348,
                        1.675687069139413,
                        -1.8621410784371437,
                        1.1055821919935782,
                        2.437274255211046
                    ],
                    [
                        1.3478265383760566,
                        1.675687069139413,
                        3.4889149946082667,
                        -3.097681945596962,
                        0.9165324234999457,
                        4.248236341985888
                    ],
                    [
                        -0.9432838830757282,
                        -1.8621410784371437,
                        -3.097681945596962,
                        4.110496387309938,
                        -2.2026232450379903,
                        -5.641025794535994
                    ],
                    [
                        0.12808944036908151,
                        1.1055821919935782,
                        0.9165324234999457,
                        -2.2026232450379903,
                        2.8207856502079767,
                        3.755100574167533
                    ],
                    [
                        1.279331872659913,
                        2.437274255211046,
                        4.248236341985888,
                        -5.641025794535994,
                        3.755100574167533,
                        9.405675700380879
                    ]
                ],
                "mui": [
                    0.0,
                    0.0,
                    0.0,
                    0.0,
