{
    "expt_args": {
        "save_dir": "all_expt_logs/expt_logs_sim_compsel_backward_cameraready_new_var_largemean",
        "exp_name": "187",
        "num_nodes": 6,
        "num_tgt_prior": 7,
        "obs_noise_mean": 0.0,
        "obs_noise_var": 1.0,
        "obs_noise_gamma_shape": null,
        "noise_type": "gaussian",
        "max_edge_strength": 1.0,
        "graph_sparsity_method": "adj_dense_prop",
        "adj_dense_prop": 0.8,
        "num_parents": null,
        "new_noise_mean": 100,
        "mix_samples": 1024,
        "stage2_samples": 1024,
        "gmm_tol": 0.001,
        "intv_type": "hard",
        "new_noise_var": 4.0,
        "dtype": "simulation",
        "cutoff_drop_ratio": 0.07,
        "intv_targets": [
            0,
            1,
            2,
            3,
            4,
            5
        ]
    },
    "intv_args_dict": {
        "0": {
            "intv_type": "hard",
            "inode": 0,
            "new_mui": 100,
            "new_vari": 4.0,
            "noise_type": "gaussian",
            "obs_noise_gamma_shape": null,
            "true_params": {
                "Si": [
                    [
                        4.0,
                        0.0,
                        0.0,
                        0.0,
                        0.0,
                        3.9270221866552735
                    ],
                    [
                        0.0,
                        1.0,
                        -0.6254884075425727,
                        0.8928625014042928,
                        0.39946682828448415,
                        0.20001331895771418
                    ],
                    [
                        0.0,
                        -0.6254884075425727,
                        1.3912357479701436,
                        -0.5584751441578492,
                        -0.24986187028974435,
                        0.8023609871282975
                    ],
                    [
                        0.0,
                        0.8928625014042928,
                        -0.5584751441578492,
                        1.7972034464139308,
                        -0.27182133186020657,
                        -0.20403841954392088
                    ],
                    [
                        0.0,
                        0.39946682828448415,
                        -0.24986187028974435,
                        -0.27182133186020657,
                        1.5545737832157231,
                        0.9291701076612011
                    ],
                    [
                        3.9270221866552735,
                        0.20001331895771418,
                        0.8023609871282975,
                        -0.20403841954392088,
                        0.9291701076612011,
                        6.272609817125903
                    ]
                ],
                "mui": [
                    100.0,
                    0.0,
                    0.0,
                    0.0,
                    0.0,
                    98.17555466638184
                ],
                "Ai": [
                    [
                        0.0,
                        0.0,
                        0.0,
                        0.0,
                        0.0,
                        0.0
                    ],
                    [
                        -0.0,
                        0.0,
                        0.0,
                        0.0,
                        0.0,
                        0.0
                    ],
                    [
                        0.0,
                        -0.6254884075425727,
                        0.0,
                        0.0,
                        0.0,
                        0.0
                    ],
                    [
                        0.0,
                        0.8928625014042928,
                        -0.0,
                        0.0,
                        0.0,
                        0.0
                    ],
                    [
                        -0.0,
                        0.9606222348206672,
                        0.0,
                        -0.6284902833903302,
                        0.0,
                        0.0
                    ],
                    [
                        0.9817555466638184,
                        0.5369390878639573,
                        0.9274669994904629,
                        -0.0,
                        0.6087967020884688,
                        0.0
                    ]
                ]
            },
            "est_params": {
                "mui": [
                    99.72148338851024,
                    -0.03072123655344694,
                    0.015774494921537596,
                    -0.08844193759586633,
                    -0.011878510546064107,
                    97.91267574449179
                ],
                "Si": [
                    [
                        3.509837781785995,
                        0.05304153972443316,
                        -0.00819008806724392,
                        0.3307825865842678,
                        -0.30530641653104074,
                        3.3464741136013103
                    ],
                    [
                        0.05304153972443316,
                        0.8787136829392006,
                        -0.5277015811414438,
                        0.7366886299557521,
                        0.2939420481595962,
                        0.31420634438789435
                    ],
                    [
                        -0.00819008806724392,
                        -0.5277015811414438,
                        1.2846309416991046,
                        -0.46020658384563545,
                        -0.16859486685639416,
                        0.5346288432654767
                    ],
                    [
                        0.3307825865842678,
                        0.7366886299557521,
                        -0.46020658384563545,
                        1.7811829418813196,
                        -0.4957090012148008,
                        -0.03508413410459379
                    ],
                    [
                        -0.30530641653104074,
                        0.2939420481595962,
                        -0.16859486685639416,
                        -0.4957090012148008,
                        1.7616047336332514,
                        0.9899586080444478
                    ],
                    [
                        3.3464741136013103,
                        0.31420634438789435,
                        0.5346288432654767,
                        -0.03508413410459379,
                        0.9899586080444478,
                        5.483665348627087
                    ]
                ]
            },
            "est_tgt": [
                0,
                1
            ],
            "oracle_est_tgt": [
                0,
                1
            ]
        },
        "1": {
            "intv_type": "hard",
            "inode": 1,
            "new_mui": 100,
            "new_vari": 4.0,
            "noise_type": "gaussian",
            "obs_noise_gamma_shape": null,
            "true_params": {
                "Si": [
                    [
                        1.0,
                        0.0,
                        0.0,
                        0.0,
                        0.0,
                        0.9817555466638184
                    ],
                    [
                        0.0,
                        4.0,
                        -2.501953630170291,
                        3.571450005617171,
                        1.5978673131379366,
                        0.8000532758308567
                    ],
                    [
                        0.0,
                        -2.501953630170291,
                        2.5649429918805744,
                        -2.2339005766313966,
                        -0.9994474811589774,
                        0.4270429500418016
                    ],
                    [
                        0.0,
                        3.571450005617171,
                        -2.2339005766313966,
                        4.188813785655723,
                        0.7981855227301643,
                        0.3317147572923571
                    ],
                    [
                        0.0,
                        1.5978673131379366,
                        -0.9994474811589774,
                        0.7981855227301643,
                        2.03329502391472,
                        1.1688661660772741
                    ],
                    [
                        0.9817555466638184,
                        0.8000532758308567,
                        0.4270429500418016,
                        0.3317147572923571,
                        1.1688661660772741,
                        3.5010939401918266
                    ]
                ],
                "mui": [
                    0.0,
                    100.0,
                    -62.54884075425727,
                    89.28625014042927,
                    39.94668282844842,
                    20.00133189577142
                ],
                "Ai": [
                    [
                        0.0,
                        0.0,
                        0.0,
                        0.0,
                        0.0,
                        0.0
                    ],
                    [
                        0.0,
                        0.0,
                        0.0,
                        0.0,
                        0.0,
                        0.0
                    ],
                    [
                        0.0,
                        -0.6254884075425727,
                        0.0,
                        0.0,
                        0.0,
                        0.0
                    ],
                    [
                        0.0,
                        0.8928625014042928,
                        -0.0,
                        0.0,
                        0.0,
                        0.0
                    ],
                    [
                        -0.0,
                        0.9606222348206672,
                        0.0,
                        -0.6284902833903302,
                        0.0,
                        0.0
                    ],
                    [
                        0.9817555466638184,
                        0.5369390878639573,
                        0.9274669994904629,
                        -0.0,
                        0.6087967020884688,
                        0.0
                    ]
                ]
            },
            "est_params": {
                "mui": [
                    0.17342107964771153,
                    99.90642888811966,
                    -62.39114375733835,
                    89.13031525080142,
                    39.98292728136043,
                    20.183469313659955
                ],
                "Si": [
                    [
                        0.8409662374446614,
                        0.29599139902761884,
                        -0.15757900744593878,
                        0.13932192208040858,
                        0.3145683275728284,
                        1.0447524678513755
                    ],
                    [
                        0.29599139902761884,
                        4.287465745715469,
                        -2.7197673689091237,
                        3.969196731524657,
                        1.9355763666563546,
                        1.0620771881931046
                    ],
                    [
                        -0.15757900744593878,
                        -2.7197673689091237,
                        2.9548591915393114,
                        -2.341870297729577,
                        -1.3343187950228526,
                        0.24869158834132282
                    ],
                    [
                        0.13932192208040858,
                        3.969196731524657,
                        -2.341870297729577,
                        4.64951598121742,
                        1.1189397817559847,
                        0.5040062251289659
                    ],
                    [
                        0.3145683275728284,
                        1.9355763666563546,
                        -1.3343187950228526,
                        1.1189397817559847,
                        2.3054650811644435,
                        1.4175300344099553
                    ],
                    [
                        1.0447524678513755,
                        1.0620771881931046,
                        0.24869158834132282,
                        0.5040062251289659,
                        1.4175300344099553,
                        3.401996209053377
                    ]
                ]
            },
            "est_tgt": [
                1,
                2,
                4,
                5
            ],
            "oracle_est_tgt": [
                1,
                2,
                4,
                5
            ]
        },
        "2": {
            "intv_type": "hard",
            "inode": 2,
            "new_mui": 100,
            "new_vari": 4.0,
            "noise_type": "gaussian",
            "obs_noise_gamma_shape": null,
            "true_params": {
                "Si": [
                    [
                        1.0,
                        0.0,
                        0.0,
                        0.0,
                        0.0,
                        0.9817555466638184
                    ],
                    [
                        0.0,
                        1.0,
                        0.0,
                        0.8928625014042928,
                        0.39946682828448415,
                        0.7801331755172919
                    ],
                    [
                        0.0,
                        0.0,
                        4.0,
                        0.0,
                        0.0,
                        3.7098679979618514
                    ],
                    [
                        0.0,
                        0.8928625014042928,
                        0.0,
                        1.7972034464139308,
                        -0.27182133186020657,
                        0.31392884669816323
                    ],
                    [
                        0.0,
                        0.39946682828448415,
                        0.0,
                        -0.27182133186020657,
                        1.5545737832157231,
                        1.1609087467859056
                    ],
                    [
                        0.9817555466638184,
                        0.7801331755172919,
                        3.7098679979618514,
                        0.31392884669816323,
                        1.1609087467859056,
                        6.530265506124125
                    ]
                ],
                "mui": [
                    0.0,
                    0.0,
                    100.0,
                    0.0,
                    0.0,
                    92.74669994904629
                ],
                "Ai": [
                    [
                        0.0,
                        0.0,
                        0.0,
                        0.0,
                        0.0,
                        0.0
                    ],
                    [
                        -0.0,
                        0.0,
                        0.0,
                        0.0,
                        0.0,
                        0.0
                    ],
                    [
                        0.0,
                        0.0,
                        0.0,
                        0.0,
                        0.0,
                        0.0
                    ],
                    [
                        0.0,
                        0.8928625014042928,
                        -0.0,
                        0.0,
                        0.0,
                        0.0
                    ],
                    [
                        -0.0,
                        0.9606222348206672,
                        0.0,
                        -0.6284902833903302,
                        0.0,
                        0.0
                    ],
                    [
                        0.9817555466638184,
                        0.5369390878639573,
                        0.9274669994904629,
                        -0.0,
                        0.6087967020884688,
                        0.0
                    ]
                ]
            },
            "est_params": {
                "mui": [
                    -0.0597905300418508,
                    0.025316498455538,
                    100.19147411626108,
                    0.15503664390301553,
                    -0.057105811908492426,
                    92.77233995262131
                ],
                "Si": [
                    [
                        1.0034838981692624,
                        -0.11900154426778393,
                        0.3032103563353711,
                        -0.1333440689544926,
                        -0.016384952224116855,
                        1.0734693731817342
                    ],
                    [
                        -0.11900154426778393,
                        0.9001924326435142,
                        -0.12070084437784372,
                        0.6525106123632344,
                        0.4615760741022357,
                        0.5415041527912182
                    ],
                    [
                        0.3032103563353711,
                        -0.12070084437784372,
                        3.4949344828142075,
                        0.04851458992630772,
                        0.027803407505274654,
                        3.5907490525416756
                    ],
                    [
                        -0.1333440689544926,
                        0.6525106123632344,
                        0.04851458992630772,
                        1.292249347174691,
                        -0.2549590114980505,
                        0.20543822593764743
                    ],
                    [
                        -0.016384952224116855,
                        0.4615760741022357,
                        0.027803407505274654,
                        -0.2549590114980505,
                        1.6423799943255086,
                        1.297184833268382
                    ],
                    [
                        1.0734693731817342,
                        0.5415041527912182,
                        3.5907490525416756,
                        0.20543822593764743,
                        1.297184833268382,
                        6.142330593708337
                    ]
                ]
            },
            "est_tgt": [
                1,
                2
            ],
            "oracle_est_tgt": [
                1,
                2
            ]
        },
        "3": {
            "intv_type": "hard",
            "inode": 3,
            "new_mui": 100,
            "new_vari": 4.0,
            "noise_type": "gaussian",
            "obs_noise_gamma_shape": null,
            "true_params": {
                "Si": [
                    [
                        1.0,
                        0.0,
                        0.0,
                        0.0,
                        0.0,
                        0.9817555466638184
                    ],
                    [
                        0.0,
                        1.0,
                        -0.6254884075425727,
                        0.0,
                        0.9606222348206672,
                        0.5416428798160564
                    ],
                    [
                        0.0,
                        -0.6254884075425727,
                        1.3912357479701436,
                        0.0,
                        -0.6008580719079665,
                        0.5886756571375447
                    ],
                    [
                        0.0,
                        0.0,
                        0.0,
                        4.0,
                        -2.513961133561321,
                        -1.5304912472907208
                    ],
                    [
                        0.0,
                        0.9606222348206672,
                        -0.6008580719079665,
                        -2.513961133561321,
                        3.5027952232960833,
                        2.091009773508236
                    ],
                    [
                        0.9817555466638184,
                        0.5416428798160564,
                        0.5886756571375447,
                        -1.5304912472907208,
                        2.091009773508236,
                        4.073650286786618
                    ]
                ],
                "mui": [
                    0.0,
                    0.0,
                    0.0,
                    100.0,
                    -62.84902833903302,
                    -38.26228118226802
                ],
                "Ai": [
                    [
                        0.0,
                        0.0,
                        0.0,
                        0.0,
                        0.0,
                        0.0
                    ],
                    [
                        -0.0,
                        0.0,
                        0.0,
                        0.0,
                        0.0,
                        0.0
                    ],
                    [
                        0.0,
                        -0.6254884075425727,
                        0.0,
                        0.0,
                        0.0,
                        0.0
                    ],
                    [
                        0.0,
                        0.0,
                        0.0,
                        0.0,
                        0.0,
                        0.0
                    ],
                    [
                        -0.0,
                        0.9606222348206672,
                        0.0,
                        -0.6284902833903302,
                        0.0,
                        0.0
                    ],
                    [
                        0.9817555466638184,
                        0.5369390878639573,
                        0.9274669994904629,
                        -0.0,
                        0.6087967020884688,
                        0.0
                    ]
                ]
            },
            "est_params": {
                "mui": [
                    0.09686019673508081,
                    0.10911934145913321,
                    -0.011473098999410113,
                    100.21767821945889,
                    -62.90891887110798,
                    -38.0497967716721
                ],
                "Si": [
                    [
                        0.9590953538884261,
                        -0.10181827074822125,
                        -0.001150748176999739,
                        0.0771868951581061,
                        -0.1321952912691214,
                        0.7276980762011344
                    ],
                    [
                        -0.10181827074822125,
                        0.9799391766532494,
                        -0.6605429705110298,
                        0.1708948782929347,
                        0.7299216337883225,
                        0.26630684889700523
                    ],
                    [
                        -0.001150748176999739,
                        -0.6605429705110298,
                        1.5211948803219362,
                        0.25254210392534726,
                        -0.7886084774900078,
                        0.5425693914249977
                    ],
                    [
                        0.0771868951581061,
                        0.1708948782929347,
                        0.25254210392534726,
                        4.057091085283716,
                        -2.38724624029135,
                        -1.002059939875808
                    ],
                    [
                        -0.1321952912691214,
                        0.7299216337883225,
                        -0.7886084774900078,
                        -2.38724624029135,
                        3.1064321213456325,
                        1.561366227955285
                    ],
                    [
                        0.7276980762011344,
                        0.26630684889700523,
                        0.5425693914249977,
                        -1.002059939875808,
                        1.561366227955285,
                        3.3589597206855104
                    ]
                ]
            },
            "est_tgt": [
                1,
                3,
                4
            ],
            "oracle_est_tgt": [
                1,
                3,
                4
            ]
        },
        "4": {
            "intv_type": "hard",
            "inode": 4,
            "new_mui": 100,
            "new_vari": 4.0,
            "noise_type": "gaussian",
            "obs_noise_gamma_shape": null,
            "true_params": {
                "Si": [
                    [
                        1.0,
                        0.0,
                        0.0,
                        0.0,
                        0.0,
                        0.9817555466638184
                    ],
                    [
                        0.0,
                        1.0,
                        -0.6254884075425727,
                        0.8928625014042928,
                        0.0,
                        -0.04318076869562045
                    ],
                    [
                        0.0,
                        -0.6254884075425727,
                        1.3912357479701436,
                        -0.5584751441578492,
                        0.0,
                        0.9544760697383506
                    ],
                    [
                        0.0,
                        0.8928625014042928,
                        -0.5584751441578492,
                        1.7972034464139308,
                        0.0,
                        -0.038554489150131856
                    ],
                    [
                        0.0,
                        0.0,
                        0.0,
                        0.0,
                        4.0,
                        2.4351868083538752
                    ],
                    [
                        0.9817555466638184,
                        -0.04318076869562045,
                        0.9544760697383506,
                        -0.038554489150131856,
                        2.4351868083538752,
                        4.308437265229343
                    ]
                ],
                "mui": [
                    0.0,
                    0.0,
                    0.0,
                    0.0,
                    100.0,
                    60.87967020884688
                ],
                "Ai": [
                    [
                        0.0,
                        0.0,
                        0.0,
                        0.0,
                        0.0,
                        0.0
                    ],
                    [
                        -0.0,
                        0.0,
                        0.0,
                        0.0,
                        0.0,
                        0.0
                    ],
                    [
                        0.0,
                        -0.6254884075425727,
                        0.0,
                        0.0,
                        0.0,
                        0.0
                    ],
                    [
                        0.0,
                        0.8928625014042928,
                        -0.0,
                        0.0,
                        0.0,
                        0.0
                    ],
                    [
                        0.0,
                        0.0,
                        0.0,
                        0.0,
                        0.0,
                        0.0
                    ],
                    [
                        0.9817555466638184,
                        0.5369390878639573,
                        0.9274669994904629,
                        -0.0,
                        0.6087967020884688,
                        0.0
                    ]
                ]
            },
            "est_params": {
                "mui": [
                    -0.03682367417728797,
                    0.026612161563754393,
                    -0.003612949262911442,
                    0.015414237697934223,
                    99.82757663249022,
                    60.759353837340086
                ],
                "Si": [
                    [
                        0.7296230551630283,
                        -0.000356654053930199,
                        0.08161987049444501,
                        0.08427152508863035,
                        0.01220682720144127,
                        0.7151925084863258
                    ],
                    [
                        -0.000356654053930199,
                        0.9050048571164547,
                        -0.6116813270029884,
                        0.9166473608079033,
                        0.12223548322495498,
                        -0.06918465857976748
                    ],
                    [
                        0.08161987049444501,
                        -0.6116813270029884,
                        1.340095195418243,
                        -0.5870363497510748,
                        -0.23884061877083107,
                        1.0377125131323144
                    ],
                    [
                        0.08427152508863035,
                        0.9166473608079033,
                        -0.5870363497510748,
                        1.874098018641396,
                        0.046219552216382354,
                        -0.0760613429240437
                    ],
                    [
                        0.01220682720144127,
                        0.12223548322495498,
                        -0.23884061877083107,
                        0.046219552216382354,
                        4.361287076737578,
                        2.6282307710465376
                    ],
                    [
                        0.7151925084863258,
                        -0.06918465857976748,
                        1.0377125131323144,
                        -0.0760613429240437,
                        2.6282307710465376,
                        4.472683453288222
                    ]
                ]
            },
            "est_tgt": [
                1,
                3,
                4
            ],
            "oracle_est_tgt": [
                1,
                3,
                4
            ]
        },
        "5": {
            "intv_type": "hard",
            "inode": 5,
            "new_mui": 100,
            "new_vari": 4.0,
            "noise_type": "gaussian",
            "obs_noise_gamma_shape": null,
            "true_params": {
                "Si": [
                    [
                        1.0,
                        0.0,
                        0.0,
                        0.0,
                        0.0,
                        0.0
                    ],
                    [
                        0.0,
                        1.0,
                        -0.6254884075425727,
                        0.8928625014042928,
                        0.39946682828448415,
                        0.0
                    ],
                    [
                        0.0,
                        -0.6254884075425727,
                        1.3912357479701436,
                        -0.5584751441578492,
                        -0.24986187028974435,
                        0.0
                    ],
                    [
                        0.0,
                        0.8928625014042928,
                        -0.5584751441578492,
                        1.7972034464139308,
                        -0.27182133186020657,
                        0.0
                    ],
                    [
                        0.0,
                        0.39946682828448415,
                        -0.24986187028974435,
                        -0.27182133186020657,
                        1.5545737832157231,
                        0.0
                    ],
                    [
                        0.0,
                        0.0,
                        0.0,
                        0.0,
                        0.0,
                        4.0
                    ]
                ],
                "mui": [
                    0.0,
                    0.0,
                    0.0,
                    0.0,
                    0.0,
                    100.0
                ],
                "Ai": [
                    [
                        0.0,
                        0.0,
                        0.0,
                        0.0,
                        0.0,
                        0.0
                    ],
                    [
                        -0.0,
                        0.0,
                        0.0,
                        0.0,
                        0.0,
                        0.0
                    ],
                    [
                        0.0,
                        -0.6254884075425727,
                        0.0,
                        0.0,
                        0.0,
                        0.0
                    ],
                    [
                        0.0,
                        0.8928625014042928,
                        -0.0,
                        0.0,
                        0.0,
                        0.0
                    ],
                    [
                        -0.0,
                        0.9606222348206672,
                        0.0,
                        -0.6284902833903302,
                        0.0,
                        0.0
                    ],
                    [
                        0.0,
                        0.0,
                        0.0,
                        0.0,
                        0.0,
                        0.0
                    ]
                ]
            },
            "est_params": {
                "mui": [
                    -0.051721873403613165,
                    0.08678518816526724,
                    0.0011609292334073178,
                    0.10936702201475214,
                    0.07358559363551231,
                    100.0717128338193
                ],
                "Si": [
                    [
                        1.0643024703627302,
                        0.1611947513314366,
                        -0.03492503083482182,
                        0.20723311983288584,
                        -0.023944060496022868,
                        -0.0630870126663874
                    ],
                    [
                        0.1611947513314366,
                        1.0893241808649137,
                        -0.6907547673531746,
                        0.902307226799354,
                        0.36546716446350724,
                        -0.004803058701604046
                    ],
                    [
                        -0.03492503083482182,
                        -0.6907547673531746,
                        1.4361766782720515,
                        -0.4943365532116063,
                        -0.2588160690542948,
                        -0.21188797258653558
                    ],
                    [
                        0.20723311983288584,
                        0.902307226799354,
                        -0.4943365532116063,
                        1.760099115653892,
                        -0.4406054821378296,
                        -0.017669957081207107
                    ],
                    [
                        -0.023944060496022868,
                        0.36546716446350724,
                        -0.2588160690542948,
                        -0.4406054821378296,
                        1.7124250730670245,
                        0.11715894785124285
                    ],
                    [
                        -0.0630870126663874,
                        -0.004803058701604046,
                        -0.21188797258653558,
                        -0.017669957081207107,
                        0.11715894785124285,
                        4.581188386838143
                    ]
                ]
            },
            "est_tgt": [
                1,
                5
            ],
            "oracle_est_tgt": [
                1,
                5
            ]
        },
        "obs": {
            "intv_type": "obs",
            "noise_type": "gaussian",
            "obs_noise_gamma_shape": null,
            "true_params": {
                "Si": [
                    [
                        1.0,
                        0.0,
                        0.0,
                        0.0,
                        0.0,
                        0.9817555466638184
                    ],
                    [
                        0.0,
                        1.0,
                        -0.6254884075425727,
                        0.8928625014042928,
                        0.39946682828448415,
                        0.20001331895771418
                    ],
                    [
                        0.0,
                        -0.6254884075425727,
                        1.3912357479701436,
                        -0.5584751441578492,
                        -0.24986187028974435,
                        0.8023609871282975
                    ],
                    [
                        0.0,
                        0.8928625014042928,
                        -0.5584751441578492,
                        1.7972034464139308,
                        -0.27182133186020657,
                        -0.20403841954392088
                    ],
                    [
                        0.0,
                        0.39946682828448415,
                        -0.24986187028974435,
                        -0.27182133186020657,
                        1.5545737832157231,
                        0.9291701076612011
                    ],
                    [
                        0.9817555466638184,
                        0.20001331895771418,
                        0.8023609871282975,
                        -0.20403841954392088,
                        0.9291701076612011,
                        3.3810779569103855
                    ]
                ],
                "mui": [
                    0.0,
                    0.0,
                    0.0,
                    0.0,
                    0.0,
                    0.0
                ],
                "Ai": [
                    [
                        0.0,
                        0.0,
                        0.0,
                        0.0,
                        0.0,
                        0.0
                    ],
                    [
                        -0.0,
                        0.0,
                        0.0,
                        0.0,
                        0.0,
                        0.0
                    ],
                    [
                        0.0,
                        -0.6254884075425727,
                        0.0,
                        0.0,
                        0.0,
                        0.0
                    ],
                    [
                        0.0,
