{
    "expt_args": {
        "save_dir": "all_expt_logs/expt_logs_sim_compsel_backward_cameraready_new_var_largemean",
        "exp_name": "139",
        "num_nodes": 6,
        "num_tgt_prior": 7,
        "obs_noise_mean": 0.0,
        "obs_noise_var": 1.0,
        "obs_noise_gamma_shape": null,
        "noise_type": "gaussian",
        "max_edge_strength": 1.0,
        "graph_sparsity_method": "adj_dense_prop",
        "adj_dense_prop": 0.8,
        "num_parents": null,
        "new_noise_mean": 100,
        "mix_samples": 131072,
        "stage2_samples": 131072,
        "gmm_tol": 0.001,
        "intv_type": "hard",
        "new_noise_var": 4.0,
        "dtype": "simulation",
        "cutoff_drop_ratio": 0.07,
        "intv_targets": [
            0,
            1,
            2,
            3,
            4,
            5
        ]
    },
    "intv_args_dict": {
        "0": {
            "intv_type": "hard",
            "inode": 0,
            "new_mui": 100,
            "new_vari": 4.0,
            "noise_type": "gaussian",
            "obs_noise_gamma_shape": null,
            "true_params": {
                "Si": [
                    [
                        4.0,
                        -2.3106965303195945,
                        5.954408815900087,
                        -2.5777898214816366,
                        -4.27542434266617,
                        0.2593388885762091
                    ],
                    [
                        -2.3106965303195945,
                        2.334829613807753,
                        -4.417056538242507,
                        3.010866717906255,
                        5.034892268715689,
                        -2.1791111674490744
                    ],
                    [
                        5.954408815900087,
                        -4.417056538242507,
                        10.818956354052546,
                        -6.002180726436867,
                        -10.05282497432019,
                        3.304039593883073
                    ],
                    [
                        -2.5777898214816366,
                        3.010866717906255,
                        -6.002180726436867,
                        5.436100773437495,
                        8.2063258942042,
                        -4.4795644037123425
                    ],
                    [
                        -4.27542434266617,
                        5.034892268715689,
                        -10.05282497432019,
                        8.2063258942042,
                        14.103421143272659,
                        -7.819437237410909
                    ],
                    [
                        0.2593388885762091,
                        -2.1791111674490744,
                        3.304039593883073,
                        -4.4795644037123425,
                        -7.819437237410909,
                        6.9836427513005574
                    ]
                ],
                "mui": [
                    100.0,
                    -57.767413257989865,
                    148.86022039750216,
                    -64.44474553704092,
                    -106.88560856665426,
                    6.483472214405229
                ],
                "Ai": [
                    [
                        0.0,
                        0.0,
                        0.0,
                        0.0,
                        0.0,
                        0.0
                    ],
                    [
                        -0.5776741325798986,
                        0.0,
                        0.0,
                        0.0,
                        0.0,
                        0.0
                    ],
                    [
                        0.92401320473476,
                        -0.9773485904913233,
                        0.0,
                        0.0,
                        0.0,
                        0.0
                    ],
                    [
                        0.8607385194957903,
                        0.859490322186306,
                        -0.6776025494540601,
                        0.0,
                        0.0,
                        0.0
                    ],
                    [
                        0.86154172843892,
                        0.7683054397216484,
                        -0.6752033025017257,
                        0.747087303100346,
                        0.0,
                        0.0
                    ],
                    [
                        -0.7807602148525643,
                        -0.0,
                        0.0,
                        0.0,
                        -0.791121413196895,
                        0.0
                    ]
                ]
            },
            "est_params": {
                "mui": [
                    99.99640533180828,
                    -57.76430001673627,
                    148.84991254434385,
                    -64.44888984670509,
                    -106.87981609622955,
                    6.480454048442297
                ],
                "Si": [
                    [
                        4.0225890718198825,
                        -2.3365641605169785,
                        6.012722559198397,
                        -2.6029658584827557,
                        -4.325285750729514,
                        0.2680668576467043
                    ],
                    [
                        -2.3365641605169785,
                        2.3536450054289872,
                        -4.464526375738828,
                        3.0239342019444333,
                        5.065572896856008,
                        -2.1708319964047447
                    ],
                    [
                        6.012722559198397,
                        -4.464526375738828,
                        10.934161800829555,
                        -6.042330388825957,
                        -10.133293969337235,
                        3.303050495150934
                    ],
                    [
                        -2.6029658584827557,
                        3.0239342019444333,
                        -6.042330388825957,
                        5.439707275132481,
                        8.219612548203125,
                        -4.4693401561623665
                    ],
                    [
                        -4.325285750729514,
                        5.065572896856008,
                        -10.133293969337235,
                        8.219612548203125,
                        14.139489597123433,
                        -7.799723460812351
                    ],
                    [
                        0.2680668576467043,
                        -2.1708319964047447,
                        3.303050495150934,
                        -4.4693401561623665,
                        -7.799723460812351,
                        6.965171827814523
                    ]
                ]
            },
            "est_tgt": [
                0
            ],
            "oracle_est_tgt": [
                0,
                3
            ]
        },
        "1": {
            "intv_type": "hard",
            "inode": 1,
            "new_mui": 100,
            "new_vari": 4.0,
            "noise_type": "gaussian",
            "obs_noise_gamma_shape": null,
            "true_params": {
                "Si": [
                    [
                        1.0,
                        0.0,
                        0.92401320473476,
                        0.23462481623830056,
                        0.41293018225069306,
                        -1.107438124186384
                    ],
                    [
                        0.0,
                        4.0,
                        -3.909394361965293,
                        6.086976875234235,
                        10.260360880620102,
                        -8.117191199786312
                    ],
                    [
                        0.92401320473476,
                        -3.909394361965293,
                        5.674641471865707,
                        -6.409904390454863,
                        -10.827827867320476,
                        7.844693735991978
                    ],
                    [
                        0.23462481623830056,
                        6.086976875234235,
                        -6.409904390454863,
                        10.777015889330581,
                        17.25815686380395,
                        -13.83648316920223
                    ],
                    [
                        0.41293018225069306,
                        10.260360880620102,
                        -10.827827867320476,
                        17.25815686380395,
                        29.443182663825503,
                        -23.61553173583311
                    ],
                    [
                        -1.107438124186384,
                        -8.117191199786312,
                        7.844693735991978,
                        -13.83648316920223,
                        -23.61553173583311,
                        20.54739646802409
                    ]
                ],
                "mui": [
                    0.0,
                    100.0,
                    -97.73485904913233,
                    152.17442188085587,
                    256.5090220155025,
                    -202.9297799946578
                ],
                "Ai": [
                    [
                        0.0,
                        0.0,
                        0.0,
                        0.0,
                        0.0,
                        0.0
                    ],
                    [
                        0.0,
                        0.0,
                        0.0,
                        0.0,
                        0.0,
                        0.0
                    ],
                    [
                        0.92401320473476,
                        -0.9773485904913233,
                        0.0,
                        0.0,
                        0.0,
                        0.0
                    ],
                    [
                        0.8607385194957903,
                        0.859490322186306,
                        -0.6776025494540601,
                        0.0,
                        0.0,
                        0.0
                    ],
                    [
                        0.86154172843892,
                        0.7683054397216484,
                        -0.6752033025017257,
                        0.747087303100346,
                        0.0,
                        0.0
                    ],
                    [
                        -0.7807602148525643,
                        -0.0,
                        0.0,
                        0.0,
                        -0.791121413196895,
                        0.0
                    ]
                ]
            },
            "est_params": {
                "mui": [
                    0.011598025015821531,
                    100.00093761349493,
                    -97.72690600028147,
                    152.18302218664175,
                    256.5234070495269,
                    -202.93874989830627
                ],
                "Si": [
                    [
                        1.0090666597042248,
                        0.0122292728227932,
                        0.93550466722633,
                        0.245515893059304,
                        0.4443785035793388,
                        -1.152196713010813
                    ],
                    [
                        0.0122292728227932,
                        3.962972248745621,
                        -3.865798357334193,
                        6.028869657616051,
                        10.14743428503883,
                        -8.022412500448338
                    ],
                    [
                        0.93550466722633,
                        -3.865798357334193,
                        5.685168805749545,
                        -6.363220152119608,
                        -10.711438132636001,
                        7.709908500472939
                    ],
                    [
                        0.245515893059304,
                        6.028869657616051,
                        -6.363220152119608,
                        10.683273052474355,
                        17.081390830099334,
                        -13.676761871871067
                    ],
                    [
                        0.4443785035793388,
                        10.14743428503883,
                        -10.711438132636001,
                        17.081390830099334,
                        29.096396926936887,
                        -23.32125174529735
                    ],
                    [
                        -1.152196713010813,
                        -8.022412500448338,
                        7.709908500472939,
                        -13.676761871871067,
                        -23.32125174529735,
                        20.326060787237157
                    ]
                ]
            },
            "est_tgt": [
                1
            ],
            "oracle_est_tgt": [
                1
            ]
        },
        "2": {
            "intv_type": "hard",
            "inode": 2,
            "new_mui": 100,
            "new_vari": 4.0,
            "noise_type": "gaussian",
            "obs_noise_gamma_shape": null,
            "true_params": {
                "Si": [
                    [
                        1.0,
                        -0.5776741325798986,
                        0.0,
                        0.36423319316599834,
                        0.6898255439733122,
                        -1.326495974060048
                    ],
                    [
                        -0.5776741325798986,
                        1.3337074034519383,
                        0.0,
                        0.6490822282673313,
                        1.0119253738184235,
                        -0.3495308519171769
                    ],
                    [
                        0.0,
                        0.0,
                        4.0,
                        -2.7104101978162403,
                        -4.725726254989113,
                        3.7386232332286573
                    ],
                    [
                        0.36423319316599834,
                        0.6490822282673313,
                        -2.7104101978162403,
                        3.7079702930423872,
                        5.4127509445046185,
                        -4.566521962652042
                    ],
                    [
                        0.6898255439733122,
                        1.0119253738184235,
                        -4.725726254989113,
                        5.4127509445046185,
                        9.606404740344711,
                        -8.138420833846249
                    ],
                    [
                        -1.326495974060048,
                        -0.3495308519171769,
                        3.7386232332286573,
                        -4.566521962652042,
                        -8.138420833846249,
                        8.474154272971681
                    ]
                ],
                "mui": [
                    0.0,
                    0.0,
                    100.0,
                    -67.760254945406,
                    -118.14315637472784,
                    93.46558083071643
                ],
                "Ai": [
                    [
                        0.0,
                        0.0,
                        0.0,
                        0.0,
                        0.0,
                        0.0
                    ],
                    [
                        -0.5776741325798986,
                        0.0,
                        0.0,
                        0.0,
                        0.0,
                        0.0
                    ],
                    [
                        0.0,
                        0.0,
                        0.0,
                        0.0,
                        0.0,
                        0.0
                    ],
                    [
                        0.8607385194957903,
                        0.859490322186306,
                        -0.6776025494540601,
                        0.0,
                        0.0,
                        0.0
                    ],
                    [
                        0.86154172843892,
                        0.7683054397216484,
                        -0.6752033025017257,
                        0.747087303100346,
                        0.0,
                        0.0
                    ],
                    [
                        -0.7807602148525643,
                        -0.0,
                        0.0,
                        0.0,
                        -0.791121413196895,
                        0.0
                    ]
                ]
            },
            "est_params": {
                "mui": [
                    0.004790465743490494,
                    -0.011813349569467543,
                    99.99461614240438,
                    -67.76368598517794,
                    -118.13759475942899,
                    93.45675296734966
                ],
                "Si": [
                    [
                        1.0015387957205353,
                        -0.573800953273524,
                        0.019982622760507822,
                        0.35408093567211385,
                        0.6801581717416996,
                        -1.31811531095728
                    ],
                    [
                        -0.573800953273524,
                        1.353191379416688,
                        -0.012664134003072989,
                        0.673657804058922,
                        1.0618209893621366,
                        -0.3876430774640577
                    ],
                    [
                        0.019982622760507822,
                        -0.012664134003072989,
                        3.981671172041965,
                        -2.68704835260254,
                        -4.69355307080256,
                        3.692936173923349
                    ],
                    [
                        0.35408093567211385,
                        0.673657804058922,
                        -2.68704835260254,
                        3.700476754397713,
                        5.4099499228331664,
                        -4.5526926925911715
                    ],
                    [
                        0.6801581717416996,
                        1.0618209893621366,
                        -4.69355307080256,
                        5.4099499228331664,
                        9.636633077370155,
                        -8.133503309094873
                    ],
                    [
                        -1.31811531095728,
                        -0.3876430774640577,
                        3.692936173923349,
                        -4.5526926925911715,
                        -8.133503309094873,
                        8.443546187435432
                    ]
                ]
            },
            "est_tgt": [
                2
            ],
            "oracle_est_tgt": [
                2,
                3,
                4
            ]
        },
        "3": {
            "intv_type": "hard",
            "inode": 3,
            "new_mui": 100,
            "new_vari": 4.0,
            "noise_type": "gaussian",
            "obs_noise_gamma_shape": null,
            "true_params": {
                "Si": [
                    [
                        1.0,
                        -0.5776741325798986,
                        1.4886022039750217,
                        0.0,
                        -0.587397574243983,
                        -0.31605741580823643
                    ],
                    [
                        -0.5776741325798986,
                        1.3337074034519383,
                        -1.8372755774291192,
                        0.0,
                        1.767538819897726,
                        -0.9473128292100108
                    ],
                    [
                        1.4886022039750217,
                        -1.8372755774291192,
                        4.171146789014669,
                        0.0,
                        -2.945467991798072,
                        1.1679814235919723
                    ],
                    [
                        0.0,
                        0.0,
                        0.0,
                        4.0,
                        2.988349212401384,
                        -2.364147052040811
                    ],
                    [
                        -0.587397574243983,
                        1.767538819897726,
                        -2.945467991798072,
                        2.988349212401384,
                        6.073289638141793,
                        -4.346092825010188
                    ],
                    [
                        -0.31605741580823643,
                        -0.9473128292100108,
                        1.1679814235919723,
                        -2.364147052040811,
                        -4.346092825010188,
                        4.6850521534791305
                    ]
                ],
                "mui": [
                    0.0,
                    0.0,
                    0.0,
                    100.0,
                    74.7087303100346,
                    -59.10367630102028
                ],
                "Ai": [
                    [
                        0.0,
                        0.0,
                        0.0,
                        0.0,
                        0.0,
                        0.0
                    ],
                    [
                        -0.5776741325798986,
                        0.0,
                        0.0,
                        0.0,
                        0.0,
                        0.0
                    ],
                    [
                        0.92401320473476,
                        -0.9773485904913233,
                        0.0,
                        0.0,
                        0.0,
                        0.0
                    ],
                    [
                        0.0,
                        0.0,
                        0.0,
                        0.0,
                        0.0,
                        0.0
                    ],
                    [
                        0.86154172843892,
                        0.7683054397216484,
                        -0.6752033025017257,
                        0.747087303100346,
                        0.0,
                        0.0
                    ],
                    [
                        -0.7807602148525643,
                        -0.0,
                        0.0,
                        0.0,
                        -0.791121413196895,
                        0.0
                    ]
                ]
            },
            "est_params": {
                "mui": [
                    0.0037034011240137076,
                    0.005473965514239721,
                    0.003989368306767954,
                    99.99583059188899,
                    74.70342737558707,
                    -59.109798691292895
                ],
                "Si": [
                    [
                        0.9993050306612171,
                        -0.5782647247801572,
                        1.4877103068339215,
                        -0.004546905242459116,
                        -0.5975085560268741,
                        -0.29744100213270613
                    ],
                    [
                        -0.5782647247801572,
                        1.3450649858484875,
                        -1.8463383885952913,
                        0.004966510221285277,
                        1.7903619073796977,
                        -0.9477877202034534
                    ],
                    [
                        1.4877103068339215,
                        -1.8463383885952913,
                        4.170290755091892,
                        -0.027751627909771575,
                        -2.968399878004733,
                        1.177453337741104
                    ],
                    [
                        -0.004546905242459116,
                        0.004966510221285277,
                        -0.027751627909771575,
                        3.9461020007476106,
                        2.968791459183863,
                        -2.3619804265828686
                    ],
                    [
                        -0.5975085560268741,
                        1.7903619073796977,
                        -2.968399878004733,
                        2.968791459183863,
                        6.072064340121397,
                        -4.322141478588297
                    ],
                    [
                        -0.29744100213270613,
                        -0.9477877202034534,
                        1.177453337741104,
                        -2.3619804265828686,
                        -4.322141478588297,
                        4.634939756221334
                    ]
                ]
            },
            "est_tgt": [
                3
            ],
            "oracle_est_tgt": [
                2,
                3,
                4
            ]
        },
        "4": {
            "intv_type": "hard",
            "inode": 4,
            "new_mui": 100,
            "new_vari": 4.0,
            "noise_type": "gaussian",
            "obs_noise_gamma_shape": null,
            "true_params": {
                "Si": [
                    [
                        1.0,
                        -0.5776741325798986,
                        1.4886022039750217,
                        -0.6444474553704092,
                        0.0,
                        -0.7807602148525643
                    ],
                    [
                        -0.5776741325798986,
                        1.3337074034519383,
                        -1.8372755774291192,
                        1.894024843582983,
                        0.0,
                        0.4510249798678504
                    ],
                    [
                        1.4886022039750217,
                        -1.8372755774291192,
                        4.171146789014669,
                        -3.12420301920541,
                        0.0,
                        -1.1622413766055388
                    ],
                    [
                        -0.6444474553704092,
                        1.894024843582983,
                        -3.12420301920541,
                        4.190163205237308,
                        0.0,
                        0.503158933716189
                    ],
                    [
                        0.0,
                        0.0,
                        0.0,
                        0.0,
                        4.0,
                        -3.16448565278758
                    ],
                    [
                        -0.7807602148525643,
                        0.4510249798678504,
                        -1.1622413766055388,
                        0.503158933716189,
                        -3.16448565278758,
                        4.113078874771231
                    ]
                ],
                "mui": [
                    0.0,
                    0.0,
                    0.0,
                    0.0,
                    100.0,
                    -79.1121413196895
                ],
                "Ai": [
                    [
                        0.0,
                        0.0,
                        0.0,
                        0.0,
                        0.0,
                        0.0
                    ],
                    [
                        -0.5776741325798986,
                        0.0,
                        0.0,
                        0.0,
                        0.0,
                        0.0
                    ],
                    [
                        0.92401320473476,
                        -0.9773485904913233,
                        0.0,
                        0.0,
                        0.0,
                        0.0
                    ],
                    [
                        0.8607385194957903,
                        0.859490322186306,
                        -0.6776025494540601,
                        0.0,
                        0.0,
                        0.0
                    ],
                    [
                        0.0,
                        0.0,
                        0.0,
                        0.0,
                        0.0,
                        0.0
                    ],
                    [
                        -0.7807602148525643,
                        -0.0,
                        0.0,
                        0.0,
                        -0.791121413196895,
                        0.0
                    ]
                ]
            },
            "est_params": {
                "mui": [
                    0.003162295965067357,
                    -0.008962032943958297,
                    0.009825769122177452,
                    -0.021219904299057284,
                    100.00618853386871,
                    -79.11250043967748
                ],
                "Si": [
                    [
                        1.0049805507956282,
                        -0.5583996321395869,
                        1.4690532240356111,
                        -0.6102463525487667,
                        -0.004644228862185076,
                        -0.7778503294986014
                    ],
                    [
                        -0.5583996321395869,
                        1.3014183309550853,
                        -1.7912519196820411,
                        1.8594637015763595,
                        0.014324112681361793,
                        0.42584755516684836
                    ],
                    [
                        1.4690532240356111,
                        -1.7912519196820411,
                        4.105340665801027,
                        -3.070288166380072,
                        -0.023797377310234045,
                        -1.1477724367230566
                    ],
                    [
                        -0.6102463525487667,
                        1.8594637015763595,
                        -3.070288166380072,
                        4.166394981039031,
                        0.02283315624881238,
                        0.48159466101615356
                    ],
                    [
                        -0.004644228862185076,
                        0.014324112681361793,
                        -0.023797377310234045,
                        0.02283315624881238,
                        3.975901358370852,
                        -3.1244725036848253
                    ],
                    [
                        -0.7778503294986014,
                        0.42584755516684836,
                        -1.1477724367230566,
                        0.48159466101615356,
                        -3.1244725036848253,
                        4.069660119962361
                    ]
                ]
            },
            "est_tgt": [
                4
            ],
            "oracle_est_tgt": [
                2,
                3,
                4
            ]
        },
        "5": {
            "intv_type": "hard",
            "inode": 5,
            "new_mui": 100,
            "new_vari": 4.0,
            "noise_type": "gaussian",
            "obs_noise_gamma_shape": null,
            "true_params": {
                "Si": [
                    [
                        1.0,
                        -0.5776741325798986,
                        1.4886022039750217,
                        -0.6444474553704092,
                        -1.0688560856665426,
                        0.0
                    ],
                    [
                        -0.5776741325798986,
                        1.3337074034519383,
                        -1.8372755774291192,
                        1.894024843582983,
                        3.182540732295191,
                        0.0
                    ],
                    [
                        1.4886022039750217,
                        -1.8372755774291192,
                        4.171146789014669,
                        -3.12420301920541,
                        -5.2795203997542,
                        0.0
                    ],
                    [
                        -0.6444474553704092,
                        1.894024843582983,
                        -3.12420301920541,
                        4.190163205237308,
                        6.139861140509262,
                        0.0
                    ],
                    [
                        -1.0688560856665426,
                        3.182540732295191,
                        -5.2795203997542,
                        6.139861140509262,
                        10.676061147673447,
                        0.0
                    ],
                    [
                        0.0,
                        0.0,
                        0.0,
                        0.0,
                        0.0,
                        4.0
                    ]
                ],
                "mui": [
                    0.0,
                    0.0,
                    0.0,
                    0.0,
                    0.0,
                    100.0
                ],
                "Ai": [
                    [
                        0.0,
                        0.0,
                        0.0,
                        0.0,
                        0.0,
                        0.0
                    ],
                    [
                        -0.5776741325798986,
                        0.0,
                        0.0,
                        0.0,
                        0.0,
                        0.0
                    ],
                    [
                        0.92401320473476,
                        -0.9773485904913233,
                        0.0,
                        0.0,
                        0.0,
                        0.0
                    ],
                    [
                        0.8607385194957903,
                        0.859490322186306,
                        -0.6776025494540601,
                        0.0,
                        0.0,
                        0.0
                    ],
                    [
                        0.86154172843892,
                        0.7683054397216484,
                        -0.6752033025017257,
                        0.747087303100346,
                        0.0,
                        0.0
                    ],
                    [
                        0.0,
                        0.0,
                        0.0,
                        0.0,
                        0.0,
                        0.0
                    ]
                ]
            },
            "est_params": {
                "mui": [
                    0.0052067720820187634,
                    0.006604931619991093,
                    -0.00277490262109955,
                    0.0057657280387589755,
                    0.013041728925745068,
                    100.00974360662002
                ],
                "Si": [
                    [
                        0.9777649095850365,
                        -0.562174500268926,
                        1.4467183670237207,
                        -0.6285468360761718,
                        -1.0338250647734974,
                        0.010506801638465606
                    ],
                    [
                        -0.562174500268926,
                        1.3269112124506686,
                        -1.8036153966139175,
                        1.8912153454840146,
                        3.165218178997559,
                        -0.010146834596182654
                    ],
                    [
                        1.4467183670237207,
                        -1.8036153966139175,
                        4.087926447816182,
                        -3.0918021708176338,
                        -5.20148579304077,
                        0.0025762977972746915
                    ],
                    [
                        -0.6285468360761718,
                        1.8912153454840146,
                        -3.0918021708176338,
                        4.19772374038158,
                        6.120010813385034,
                        0.007607433261547153
                    ],
                    [
                        -1.0338250647734974,
                        3.165218178997559,
                        -5.20148579304077,
                        6.120010813385034,
                        10.610566226229922,
                        0.014571353021688976
                    ],
                    [
                        0.010506801638465606,
                        -0.010146834596182654,
                        0.0025762977972746915,
                        0.007607433261547153,
                        0.014571353021688976,
                        3.997758599400937
                    ]
                ]
            },
            "est_tgt": [
                5
            ],
            "oracle_est_tgt": [
                5
            ]
        },
        "obs": {
            "intv_type": "obs",
            "noise_type": "gaussian",
            "obs_noise_gamma_shape": null,
            "true_params": {
                "Si": [
                    [
                        1.0,
                        -0.5776741325798986,
                        1.4886022039750217,
                        -0.6444474553704092,
                        -1.0688560856665426,
                        0.06483472214405228
                    ],
                    [
                        -0.5776741325798986,
                        1.3337074034519383,
                        -1.8372755774291192,
                        1.894024843582983,
                        3.182540732295191,
                        -2.066751141822202
                    ],
                    [
                        1.4886022039750217,
                        -1.8372755774291192,
                        4.171146789014669,
                        -3.12420301920541,
                        -5.2795203997542,
                        3.0145002630498396
                    ],
                    [
                        -0.6444474553704092,
                        1.894024843582983,
                        -3.12420301920541,
                        4.190163205237308,
                        6.139861140509262,
                        -4.354216688596197
                    ],
                    [
                        -1.0688560856665426,
                        3.182540732295191,
                        -5.2795203997542,
                        6.139861140509262,
                        10.676061147673447,
                        -7.6115402754324
                    ],
                    [
                        0.06483472214405228,
                        -2.066751141822202,
                        3.0145002630498396,
                        -4.354216688596197,
                        -7.6115402754324,
                        6.971032127714068
                    ]
                ],
                "mui": [
                    0.0,
                    0.0,
                    0.0,
                    0.0,
                    0.0,
