{
    "expt_args": {
        "save_dir": "all_expt_logs/expt_logs_sim_compsel_backward_cameraready_new_var_largemean",
        "exp_name": "357",
        "num_nodes": 6,
        "num_tgt_prior": 7,
        "obs_noise_mean": 0.0,
        "obs_noise_var": 1.0,
        "obs_noise_gamma_shape": null,
        "noise_type": "gaussian",
        "max_edge_strength": 1.0,
        "graph_sparsity_method": "adj_dense_prop",
        "adj_dense_prop": 0.8,
        "num_parents": null,
        "new_noise_mean": 100,
        "mix_samples": 32768,
        "stage2_samples": 32768,
        "gmm_tol": 0.001,
        "intv_type": "hard",
        "new_noise_var": 4.0,
        "dtype": "simulation",
        "cutoff_drop_ratio": 0.07,
        "intv_targets": [
            0,
            1,
            2,
            3,
            4,
            5
        ]
    },
    "intv_args_dict": {
        "0": {
            "intv_type": "hard",
            "inode": 0,
            "new_mui": 100,
            "new_vari": 4.0,
            "noise_type": "gaussian",
            "obs_noise_gamma_shape": null,
            "true_params": {
                "Si": [
                    [
                        4.0,
                        2.431851785145721,
                        -0.5945467129023638,
                        2.697121679708194,
                        2.2673638334160633,
                        -1.9241410291497731
                    ],
                    [
                        2.431851785145721,
                        2.478475776229107,
                        0.3456945616075097,
                        1.8660755321331577,
                        2.5324652897613698,
                        0.25352822517206364
                    ],
                    [
                        -0.5945467129023638,
                        0.3456945616075097,
                        1.588442376188083,
                        -1.1684589495299778,
                        -0.32871164636157546,
                        1.421995831171626
                    ],
                    [
                        2.697121679708194,
                        1.8660755321331577,
                        -1.1684589495299778,
                        3.7303098611171315,
                        3.410082813473056,
                        -0.4231742208762992
                    ],
                    [
                        2.2673638334160633,
                        2.5324652897613698,
                        -0.32871164636157546,
                        3.410082813473056,
                        5.027658368021168,
                        1.8045476725114111
                    ],
                    [
                        -1.9241410291497731,
                        0.25352822517206364,
                        1.421995831171626,
                        -0.4231742208762992,
                        1.8045476725114111,
                        5.015996782261584
                    ]
                ],
                "mui": [
                    100.0,
                    60.796294628643025,
                    -14.863667822559096,
                    67.42804199270485,
                    56.684095835401585,
                    -48.10352572874433
                ],
                "Ai": [
                    [
                        0.0,
                        0.0,
                        0.0,
                        0.0,
                        0.0,
                        0.0
                    ],
                    [
                        0.6079629462864302,
                        0.0,
                        0.0,
                        0.0,
                        0.0,
                        0.0
                    ],
                    [
                        -0.5785618906313851,
                        0.7071569328885432,
                        0.0,
                        0.0,
                        0.0,
                        0.0
                    ],
                    [
                        0.0,
                        0.8822951370413721,
                        -0.927615381096748,
                        0.0,
                        0.0,
                        0.0
                    ],
                    [
                        -0.6020778410714445,
                        0.956911699253002,
                        -0.0,
                        0.8707830244798977,
                        0.0,
                        0.0
                    ],
                    [
                        -0.8066833126478126,
                        0.0,
                        0.7530239317334331,
                        0.0,
                        0.7719537989425194,
                        0.0
                    ]
                ]
            },
            "est_params": {
                "mui": [
                    100.0454970409208,
                    60.81895109716214,
                    -14.872718306601582,
                    67.46278106193358,
                    56.71098389006304,
                    -48.124205058038264
                ],
                "Si": [
                    [
                        4.051228417279704,
                        2.450350711503986,
                        -0.6496176020176039,
                        2.8030032247587138,
                        2.380983695940634,
                        -1.9606311229103
                    ],
                    [
                        2.450350711503986,
                        2.482382375472598,
                        0.324837629137357,
                        1.9238940149289387,
                        2.584444549509971,
                        0.24171489021098772
                    ],
                    [
                        -0.6496176020176039,
                        0.324837629137357,
                        1.6327325972975246,
                        -1.2412795727152937,
                        -0.39973148426768623,
                        1.435654417248784
                    ],
                    [
                        2.8030032247587138,
                        1.9238940149289387,
                        -1.2412795727152937,
                        3.8889939219736456,
                        3.570852553002516,
                        -0.4559346027101016
                    ],
                    [
                        2.380983695940634,
                        2.584444549509971,
                        -0.39973148426768623,
                        3.570852553002516,
                        5.203421556295357,
                        1.7640486161403566
                    ],
                    [
                        -1.9606311229103,
                        0.24171489021098772,
                        1.435654417248784,
                        -0.4559346027101016,
                        1.7640486161403566,
                        5.03803824152789
                    ]
                ]
            },
            "est_tgt": [
                0
            ],
            "oracle_est_tgt": [
                0
            ]
        },
        "1": {
            "intv_type": "hard",
            "inode": 1,
            "new_mui": 100,
            "new_vari": 4.0,
            "noise_type": "gaussian",
            "obs_noise_gamma_shape": null,
            "true_params": {
                "Si": [
                    [
                        1.0,
                        0.0,
                        -0.5785618906313851,
                        0.5366829086660874,
                        -0.13474347467652018,
                        -1.3463699994414415
                    ],
                    [
                        0.0,
                        4.0,
                        2.828627731554173,
                        0.9053019569790344,
                        4.615968373177782,
                        5.6933386972982545
                    ],
                    [
                        -0.5785618906313851,
                        2.828627731554173,
                        3.335017572220289,
                        -0.5979291041688606,
                        2.5344197494405085,
                        4.934519220835266
                    ],
                    [
                        0.5366829086660874,
                        0.9053019569790344,
                        -0.5979291041688606,
                        2.3533917480290745,
                        2.5924627311350457,
                        1.1180733823932898
                    ],
                    [
                        -0.13474347467652018,
                        4.615968373177782,
                        2.5344197494405085,
                        2.5924627311350457,
                        7.755672737876561,
                        8.004195070255028
                    ],
                    [
                        -1.3463699994414415,
                        5.6933386972982545,
                        4.934519220835266,
                        1.1180733823932898,
                        8.004195070255028,
                        11.980774068046978
                    ]
                ],
                "mui": [
                    0.0,
                    100.0,
                    70.71569328885433,
                    22.63254892447586,
                    115.39920932944455,
                    142.33346743245636
                ],
                "Ai": [
                    [
                        0.0,
                        0.0,
                        0.0,
                        0.0,
                        0.0,
                        0.0
                    ],
                    [
                        0.0,
                        0.0,
                        0.0,
                        0.0,
                        0.0,
                        0.0
                    ],
                    [
                        -0.5785618906313851,
                        0.7071569328885432,
                        0.0,
                        0.0,
                        0.0,
                        0.0
                    ],
                    [
                        0.0,
                        0.8822951370413721,
                        -0.927615381096748,
                        0.0,
                        0.0,
                        0.0
                    ],
                    [
                        -0.6020778410714445,
                        0.956911699253002,
                        -0.0,
                        0.8707830244798977,
                        0.0,
                        0.0
                    ],
                    [
                        -0.8066833126478126,
                        0.0,
                        0.7530239317334331,
                        0.0,
                        0.7719537989425194,
                        0.0
                    ]
                ]
            },
            "est_params": {
                "mui": [
                    -0.00861810566653943,
                    99.97996335293924,
                    70.71422643548395,
                    22.595339311519485,
                    115.36751266617074,
                    142.30553448790428
                ],
                "Si": [
                    [
                        1.0125710846054674,
                        -0.04988640866625241,
                        -0.6137979966141885,
                        0.5167676839074437,
                        -0.21407534123040395,
                        -1.4107807268252697
                    ],
                    [
                        -0.04988640866625241,
                        3.960491205432449,
                        2.8340883996137847,
                        0.857983709326348,
                        4.588413788115022,
                        5.745446851724902
                    ],
                    [
                        -0.6137979966141885,
                        2.8340883996137847,
                        3.391055401538451,
                        -0.6397386472682828,
                        2.5334196719004516,
                        5.009486355605955
                    ],
                    [
                        0.5167676839074437,
                        0.857983709326348,
                        -0.6397386472682828,
                        2.3393007781603696,
                        2.557220105412322,
                        1.0797933025793147
                    ],
                    [
                        -0.21407534123040395,
                        4.588413788115022,
                        2.5334196719004516,
                        2.557220105412322,
                        7.7802155167982665,
                        8.10994804302594
                    ],
                    [
                        -1.4107807268252697,
                        5.745446851724902,
                        5.009486355605955,
                        1.0797933025793147,
                        8.10994804302594,
                        12.181585557892099
                    ]
                ]
            },
            "est_tgt": [
                1,
                2,
                4
            ],
            "oracle_est_tgt": [
                1,
                2,
                4
            ]
        },
        "2": {
            "intv_type": "hard",
            "inode": 2,
            "new_mui": 100,
            "new_vari": 4.0,
            "noise_type": "gaussian",
            "obs_noise_gamma_shape": null,
            "true_params": {
                "Si": [
                    [
                        1.0,
                        0.6079629462864302,
                        0.0,
                        0.5364027510098622,
                        0.4467794248060704,
                        -0.46179023837941285
                    ],
                    [
                        0.6079629462864302,
                        1.3696189440572768,
                        0.0,
                        1.2084081339414743,
                        1.996824662615049,
                        1.05102282065034
                    ],
                    [
                        0.0,
                        0.0,
                        4.0,
                        -3.710461524386992,
                        -3.231006908421997,
                        0.5179076695678471
                    ],
                    [
                        0.5364027510098622,
                        1.2084081339414743,
                        -3.710461524386992,
                        5.508053801126862,
                        5.62970341851153,
                        1.119097467102108
                    ],
                    [
                        0.4467794248060704,
                        1.996824662615049,
                        -3.231006908421997,
                        5.62970341851153,
                        7.544039059187178,
                        3.0302145790470307
                    ],
                    [
                        -0.46179023837941285,
                        1.05102282065034,
                        0.5179076695678471,
                        1.119097467102108,
                        3.0302145790470307,
                        4.101701004763569
                    ]
                ],
                "mui": [
                    0.0,
                    0.0,
                    100.0,
                    -92.7615381096748,
                    -80.77517271054992,
                    12.947691739196177
                ],
                "Ai": [
                    [
                        0.0,
                        0.0,
                        0.0,
                        0.0,
                        0.0,
                        0.0
                    ],
                    [
                        0.6079629462864302,
                        0.0,
                        0.0,
                        0.0,
                        0.0,
                        0.0
                    ],
                    [
                        0.0,
                        0.0,
                        0.0,
                        0.0,
                        0.0,
                        0.0
                    ],
                    [
                        0.0,
                        0.8822951370413721,
                        -0.927615381096748,
                        0.0,
                        0.0,
                        0.0
                    ],
                    [
                        -0.6020778410714445,
                        0.956911699253002,
                        -0.0,
                        0.8707830244798977,
                        0.0,
                        0.0
                    ],
                    [
                        -0.8066833126478126,
                        0.0,
                        0.7530239317334331,
                        0.0,
                        0.7719537989425194,
                        0.0
                    ]
                ]
            },
            "est_params": {
                "mui": [
                    0.012795956796500432,
                    0.02048878389766085,
                    99.97853888289224,
                    -92.71635633727706,
                    -80.72933451939134,
                    12.944840559127693
                ],
                "Si": [
                    [
                        0.9819193737389411,
                        0.6144574775289923,
                        0.0039001026390539564,
                        0.5506964825008329,
                        0.4574094099043215,
                        -0.4190517781571937
                    ],
                    [
                        0.6144574775289923,
                        1.392428472861792,
                        -0.03137642257254893,
                        1.2522836254891774,
                        2.043170208868299,
                        1.0608193484839645
                    ],
                    [
                        0.0039001026390539564,
                        -0.03137642257254893,
                        3.935075331354556,
                        -3.648601936608291,
                        -3.2432449798555827,
                        0.43202418269990633
                    ],
                    [
                        0.5506964825008329,
                        1.2522836254891774,
                        -3.648601936608291,
                        5.46906760761522,
                        5.643232224741945,
                        1.1750676115648504
                    ],
                    [
                        0.4574094099043215,
                        2.043170208868299,
                        -3.2432449798555827,
                        5.643232224741945,
                        7.585348230592184,
                        3.0461280737240233
                    ],
                    [
                        -0.4190517781571937,
                        1.0608193484839645,
                        0.43202418269990633,
                        1.1750676115648504,
                        3.0461280737240233,
                        3.9325721187123093
                    ]
                ]
            },
            "est_tgt": [
                1,
                2,
                4
            ],
            "oracle_est_tgt": [
                1,
                2,
                4
            ]
        },
        "3": {
            "intv_type": "hard",
            "inode": 3,
            "new_mui": 100,
            "new_vari": 4.0,
            "noise_type": "gaussian",
            "obs_noise_gamma_shape": null,
            "true_params": {
                "Si": [
                    [
                        1.0,
                        0.6079629462864302,
                        -0.14863667822559096,
                        0.0,
                        -0.020310985057634935,
                        -0.9342894305605502
                    ],
                    [
                        0.6079629462864302,
                        1.3696189440572768,
                        0.6167913400682848,
                        0.0,
                        0.9445633729353826,
                        0.7031843605593194
                    ],
                    [
                        -0.14863667822559096,
                        0.6167913400682848,
                        1.5221637898462694,
                        0.0,
                        0.6797056996393734,
                        1.790829886743785
                    ],
                    [
                        0.0,
                        0.0,
                        0.0,
                        4.0,
                        3.483132097919591,
                        2.6888170552076556
                    ],
                    [
                        -0.020310985057634935,
                        0.9445633729353826,
                        0.6797056996393734,
                        3.483132097919591,
                        4.949144839170712,
                        4.3487303511880935
                    ],
                    [
                        -0.9342894305605502,
                        0.7031843605593194,
                        1.790829886743785,
                        2.6888170552076556,
                        4.3487303511880935,
                        6.459232370374251
                    ]
                ],
                "mui": [
                    0.0,
                    0.0,
                    0.0,
                    100.0,
                    87.07830244798977,
                    67.22042638019138
                ],
                "Ai": [
                    [
                        0.0,
                        0.0,
                        0.0,
                        0.0,
                        0.0,
                        0.0
                    ],
                    [
                        0.6079629462864302,
                        0.0,
                        0.0,
                        0.0,
                        0.0,
                        0.0
                    ],
                    [
                        -0.5785618906313851,
                        0.7071569328885432,
                        0.0,
                        0.0,
                        0.0,
                        0.0
                    ],
                    [
                        0.0,
                        0.0,
                        0.0,
                        0.0,
                        0.0,
                        0.0
                    ],
                    [
                        -0.6020778410714445,
                        0.956911699253002,
                        -0.0,
                        0.8707830244798977,
                        0.0,
                        0.0
                    ],
                    [
                        -0.8066833126478126,
                        0.0,
                        0.7530239317334331,
                        0.0,
                        0.7719537989425194,
                        0.0
                    ]
                ]
            },
            "est_params": {
                "mui": [
                    -0.0019249380291369354,
                    0.002292909535943152,
                    0.004757859057627623,
                    99.98145036399013,
                    87.05640729757536,
                    67.22682723271741
                ],
                "Si": [
                    [
                        1.0161255607714068,
                        0.625530736833463,
                        -0.15247923947108624,
                        -0.027434980847727004,
                        -0.014516460166511858,
                        -0.9488563523610986
                    ],
                    [
                        0.625530736833463,
                        1.409287166449971,
                        0.6184572742351736,
                        -0.013073631453390354,
                        0.9990502975264514,
                        0.7548444778116407
                    ],
                    [
                        -0.15247923947108624,
                        0.6184572742351736,
                        1.508980959876318,
                        0.05305826288050951,
                        0.7598065492365517,
                        1.8632357255880656
                    ],
                    [
                        -0.027434980847727004,
                        -0.013073631453390354,
                        0.05305826288050951,
                        3.8792769897293797,
                        3.362589368833126,
                        2.678240376634903
                    ],
                    [
                        -0.014516460166511858,
                        0.9990502975264514,
                        0.7598065492365517,
                        3.362589368833126,
                        4.929403126213305,
                        4.4484180869135335
                    ],
                    [
                        -0.9488563523610986,
                        0.7548444778116407,
                        1.8632357255880656,
                        2.678240376634903,
                        4.4484180869135335,
                        6.66436678319468
                    ]
                ]
            },
            "est_tgt": [
                1,
                3,
                4
            ],
            "oracle_est_tgt": [
                1,
                3,
                4
            ]
        },
        "4": {
            "intv_type": "hard",
            "inode": 4,
            "new_mui": 100,
            "new_vari": 4.0,
            "noise_type": "gaussian",
            "obs_noise_gamma_shape": null,
            "true_params": {
                "Si": [
                    [
                        1.0,
                        0.6079629462864302,
                        -0.14863667822559096,
                        0.6742804199270485,
                        0.0,
                        -0.9186102884850442
                    ],
                    [
                        0.6079629462864302,
                        1.3696189440572768,
                        0.6167913400682848,
                        0.6362629999668583,
                        0.0,
                        -0.025974923520108884
                    ],
                    [
                        -0.14863667822559096,
                        0.6167913400682848,
                        1.5221637898462694,
                        -0.8677905440984386,
                        0.0,
                        1.2661284897442877
                    ],
                    [
                        0.6742804199270485,
                        0.6362629999668583,
                        -0.8677905440984386,
                        2.3663476070261416,
                        0.0,
                        -1.1973978102384109
                    ],
                    [
                        0.0,
                        0.0,
                        0.0,
                        0.0,
                        4.0,
                        3.0878151957700775
                    ],
                    [
                        -0.9186102884850442,
                        -0.025974923520108884,
                        1.2661284897442877,
                        -1.1973978102384109,
                        3.0878151957700775,
                        5.078103314781586
                    ]
                ],
                "mui": [
                    0.0,
                    0.0,
                    0.0,
                    0.0,
                    100.0,
                    77.19537989425194
                ],
                "Ai": [
                    [
                        0.0,
                        0.0,
                        0.0,
                        0.0,
                        0.0,
                        0.0
                    ],
                    [
                        0.6079629462864302,
                        0.0,
                        0.0,
                        0.0,
                        0.0,
                        0.0
                    ],
                    [
                        -0.5785618906313851,
                        0.7071569328885432,
                        0.0,
                        0.0,
                        0.0,
                        0.0
                    ],
                    [
                        0.0,
                        0.8822951370413721,
                        -0.927615381096748,
                        0.0,
                        0.0,
                        0.0
                    ],
                    [
                        0.0,
                        0.0,
                        0.0,
                        0.0,
                        0.0,
                        0.0
                    ],
                    [
                        -0.8066833126478126,
                        0.0,
                        0.7530239317334331,
                        0.0,
                        0.7719537989425194,
                        0.0
                    ]
                ]
            },
            "est_params": {
                "mui": [
                    -0.006819972409267122,
                    -0.0021960329658698464,
                    0.001201543237499631,
                    -0.0011405415446306892,
                    100.02414015710896,
                    77.21045741326873
                ],
                "Si": [
                    [
                        1.0037239361227723,
                        0.5911120159285611,
                        -0.17270245761053551,
                        0.6561186732406548,
                        0.003035978204234419,
                        -0.9500119019214708
                    ],
                    [
                        0.5911120159285611,
                        1.3819505747789402,
                        0.6144303240131161,
                        0.6257768986061759,
                        -0.013740429615589916,
                        -0.033691432564815084
                    ],
                    [
                        -0.17270245761053551,
                        0.6144303240131161,
                        1.5323471372857693,
                        -0.8976769068921963,
                        -0.0021016871317848704,
                        1.3107816682508897
                    ],
                    [
                        0.6561186732406548,
                        0.6257768986061759,
                        -0.8976769068921963,
                        2.395472203184106,
                        0.014224516650512416,
                        -1.200618947338024
                    ],
                    [
                        0.003035978204234419,
                        -0.013740429615589916,
                        -0.0021016871317848704,
                        0.014224516650512416,
                        4.09563133103512,
                        3.1697852190188067
                    ],
                    [
                        -0.9500119019214708,
                        -0.033691432564815084,
                        1.3107816682508897,
                        -1.200618947338024,
                        3.1697852190188067,
                        5.231093538381838
                    ]
                ]
            },
            "est_tgt": [
                1,
                3,
                4
            ],
            "oracle_est_tgt": [
                1,
                3,
                4
            ]
        },
        "5": {
            "intv_type": "hard",
            "inode": 5,
            "new_mui": 100,
            "new_vari": 4.0,
            "noise_type": "gaussian",
            "obs_noise_gamma_shape": null,
            "true_params": {
                "Si": [
                    [
                        1.0,
                        0.6079629462864302,
                        -0.14863667822559096,
                        0.6742804199270485,
                        0.5668409583540158,
                        0.0
                    ],
                    [
                        0.6079629462864302,
                        1.3696189440572768,
                        0.6167913400682848,
                        0.6362629999668583,
                        1.4986103924111767,
                        0.0
                    ],
                    [
                        -0.14863667822559096,
                        0.6167913400682848,
                        1.5221637898462694,
                        -0.8677905440984386,
                        -0.07595157496572114,
                        0.0
                    ],
                    [
                        0.6742804199270485,
                        0.6362629999668583,
                        -0.8677905440984386,
                        2.3663476070261416,
                        2.2634535351806666,
                        0.0
                    ],
                    [
                        0.5668409583540158,
                        1.4986103924111767,
                        -0.07595157496572114,
                        2.2634535351806666,
                        4.06373235181807,
                        0.0
                    ],
                    [
                        0.0,
                        0.0,
                        0.0,
                        0.0,
                        0.0,
                        4.0
                    ]
                ],
                "mui": [
                    0.0,
                    0.0,
                    0.0,
                    0.0,
                    0.0,
                    100.0
                ],
                "Ai": [
                    [
                        0.0,
                        0.0,
                        0.0,
                        0.0,
                        0.0,
                        0.0
                    ],
                    [
                        0.6079629462864302,
                        0.0,
                        0.0,
                        0.0,
                        0.0,
                        0.0
                    ],
                    [
                        -0.5785618906313851,
                        0.7071569328885432,
                        0.0,
                        0.0,
                        0.0,
                        0.0
                    ],
                    [
                        0.0,
                        0.8822951370413721,
                        -0.927615381096748,
                        0.0,
                        0.0,
                        0.0
                    ],
                    [
                        -0.6020778410714445,
                        0.956911699253002,
                        -0.0,
                        0.8707830244798977,
                        0.0,
                        0.0
                    ],
                    [
                        0.0,
                        0.0,
                        0.0,
                        0.0,
                        0.0,
                        0.0
                    ]
                ]
            },
            "est_params": {
                "mui": [
                    -0.013695596249478127,
                    -0.015221708583880911,
                    0.01664355440108943,
                    -0.027611015228751992,
                    -0.03123279110171489,
                    99.98716656460532
                ],
                "Si": [
                    [
                        1.0036420312339018,
                        0.6261486565996471,
                        -0.1015124088704375,
                        0.6427555977532275,
                        0.5515643565313236,
                        0.005991111533695594
                    ],
                    [
                        0.6261486565996471,
                        1.4043629878910855,
                        0.6724751766963651,
                        0.6132557945294714,
                        1.5123073276299637,
                        0.028706249092686396
                    ],
                    [
                        -0.1015124088704375,
                        0.6724751766963651,
                        1.5322448594627802,
                        -0.8186972769253081,
                        0.0056513041356548565,
                        0.02939063382084732
                    ],
                    [
                        0.6427555977532275,
                        0.6132557945294714,
                        -0.8186972769253081,
                        2.307744833298144,
                        2.1874184545045936,
                        0.0803108724180939
                    ],
                    [
                        0.5515643565313236,
                        1.5123073276299637,
                        0.0056513041356548565,
                        2.1874184545045936,
                        3.9996043731375903,
                        0.01615868455028481
                    ],
                    [
                        0.005991111533695594,
                        0.028706249092686396,
                        0.02939063382084732,
                        0.0803108724180939,
                        0.01615868455028481,
                        4.036720341619071
                    ]
                ]
            },
            "est_tgt": [
                5
            ],
            "oracle_est_tgt": [
                5
            ]
        },
        "obs": {
            "intv_type": "obs",
            "noise_type": "gaussian",
            "obs_noise_gamma_shape": null,
            "true_params": {
                "Si": [
                    [
                        1.0,
                        0.6079629462864302,
                        -0.14863667822559096,
                        0.6742804199270485,
                        0.5668409583540158,
                        -0.4810352572874433
                    ],
                    [
                        0.6079629462864302,
                        1.3696189440572768,
                        0.6167913400682848,
                        0.6362629999668583,
                        1.4986103924111767,
                        1.1308830620364385
                    ],
                    [
                        -0.14863667822559096,
                        0.6167913400682848,
                        1.5221637898462694,
                        -0.8677905440984386,
                        -0.07595157496572114,
                        1.2074973829138318
                    ],
                    [
                        0.6742804199270485,
                        0.6362629999668583,
                        -0.8677905440984386,
                        2.3663476070261416,
                        2.2634535351806666,
                        0.54988374497418
                    ],
                    [
                        0.5668409583540158,
                        1.4986103924111767,
                        -0.07595157496572114,
                        2.2634535351806666,
                        4.06373235181807,
                        2.622559131240066
                    ],
                    [
                        -0.4810352572874433,
                        1.1308830620364385,
                        1.2074973829138318,
                        0.54988374497418,
                        2.622559131240066,
                        4.321812026000794
                    ]
                ],
