{
    "expt_args": {
        "save_dir": "all_expt_logs/expt_logs_sim_compsel_backward_cameraready_new_var_largemean",
        "exp_name": "244",
        "num_nodes": 6,
        "num_tgt_prior": 7,
        "obs_noise_mean": 0.0,
        "obs_noise_var": 1.0,
        "obs_noise_gamma_shape": null,
        "noise_type": "gaussian",
        "max_edge_strength": 1.0,
        "graph_sparsity_method": "adj_dense_prop",
        "adj_dense_prop": 0.8,
        "num_parents": null,
        "new_noise_mean": 100,
        "mix_samples": 4096,
        "stage2_samples": 4096,
        "gmm_tol": 0.001,
        "intv_type": "hard",
        "new_noise_var": 4.0,
        "dtype": "simulation",
        "cutoff_drop_ratio": 0.07,
        "intv_targets": [
            0,
            1,
            2,
            3,
            4,
            5
        ]
    },
    "intv_args_dict": {
        "0": {
            "intv_type": "hard",
            "inode": 0,
            "new_mui": 100,
            "new_vari": 4.0,
            "noise_type": "gaussian",
            "obs_noise_gamma_shape": null,
            "true_params": {
                "Si": [
                    [
                        4.0,
                        0.0,
                        -3.715664727314981,
                        -5.016277699053518,
                        -0.19566967554714892,
                        5.094470011123926
                    ],
                    [
                        0.0,
                        1.0,
                        0.5186490950252641,
                        1.0091402056467538,
                        -1.3062693703693138,
                        -2.5825133830445153
                    ],
                    [
                        -3.715664727314981,
                        0.5186490950252641,
                        4.720537975223704,
                        5.8902404650140845,
                        -1.1099085139052407,
                        -7.418342194978962
                    ],
                    [
                        -5.016277699053518,
                        1.0091402056467538,
                        5.8902404650140845,
                        8.809184552177413,
                        -1.5071381567595588,
                        -10.538949839325085
                    ],
                    [
                        -0.19566967554714892,
                        -1.3062693703693138,
                        -1.1099085139052407,
                        -1.5071381567595588,
                        3.093120798494727,
                        4.485082973146636
                    ],
                    [
                        5.094470011123926,
                        -2.5825133830445153,
                        -7.418342194978962,
                        -10.538949839325085,
                        4.485082973146636,
                        16.606213699979076
                    ]
                ],
                "mui": [
                    100.0,
                    0.0,
                    -92.89161818287452,
                    -125.40694247633795,
                    -4.891741888678723,
                    127.36175027809816
                ],
                "Ai": [
                    [
                        0.0,
                        0.0,
                        0.0,
                        0.0,
                        0.0,
                        0.0
                    ],
                    [
                        -0.0,
                        0.0,
                        0.0,
                        0.0,
                        0.0,
                        0.0
                    ],
                    [
                        -0.9289161818287452,
                        0.5186490950252641,
                        0.0,
                        0.0,
                        0.0,
                        0.0
                    ],
                    [
                        -0.5971870124405154,
                        0.6423778697613447,
                        0.7071492834043092,
                        0.0,
                        0.0,
                        0.0
                    ],
                    [
                        -0.6194334141077658,
                        -0.9877286770246585,
                        -0.6141738150129015,
                        0.0,
                        0.0,
                        0.0
                    ],
                    [
                        -0.0,
                        -0.9767207186667736,
                        -0.6002737683217809,
                        -0.5917737005565658,
                        0.533793871012312,
                        0.0
                    ]
                ]
            },
            "est_params": {
                "mui": [
                    99.97592572791072,
                    -0.05726854611363949,
                    -92.89216187633532,
                    -125.43822616919745,
                    -4.818216031098889,
                    127.41691033563994
                ],
                "Si": [
                    [
                        3.8560032347279933,
                        -0.022759523230904098,
                        -3.618324388721313,
                        -4.844837563619537,
                        -0.24365432020739247,
                        4.96013850427746
                    ],
                    [
                        -0.022759523230904098,
                        0.9639718433135259,
                        0.48448752298261843,
                        1.0180716770592868,
                        -1.311920774315269,
                        -2.465332735014282
                    ],
                    [
                        -3.618324388721313,
                        0.48448752298261843,
                        4.63981181065175,
                        5.733335052571659,
                        -0.988617275555936,
                        -7.170172228423383
                    ],
                    [
                        -4.844837563619537,
                        1.0180716770592868,
                        5.733335052571659,
                        8.54239589239469,
                        -1.4639827398489365,
                        -10.2486363676314
                    ],
                    [
                        -0.24365432020739247,
                        -1.311920774315269,
                        -0.988617275555936,
                        -1.4639827398489365,
                        3.0263209902107353,
                        4.3586714492898855
                    ],
                    [
                        4.96013850427746,
                        -2.465332735014282,
                        -7.170172228423383,
                        -10.2486363676314,
                        4.3586714492898855,
                        16.040531822902917
                    ]
                ]
            },
            "est_tgt": [
                0
            ],
            "oracle_est_tgt": [
                0,
                4
            ]
        },
        "1": {
            "intv_type": "hard",
            "inode": 1,
            "new_mui": 100,
            "new_vari": 4.0,
            "noise_type": "gaussian",
            "obs_noise_gamma_shape": null,
            "true_params": {
                "Si": [
                    [
                        1.0,
                        0.0,
                        -0.9289161818287452,
                        -1.2540694247633795,
                        -0.04891741888678723,
                        1.2736175027809815
                    ],
                    [
                        0.0,
                        4.0,
                        2.0745963801010565,
                        4.036560822587015,
                        -5.225077481477255,
                        -10.330053532178061
                    ],
                    [
                        -0.9289161818287452,
                        2.0745963801010565,
                        2.9388728079453963,
                        3.9656332828528695,
                        -3.2787153402407343,
                        -7.887345158618265
                    ],
                    [
                        -1.2540694247633795,
                        4.036560822587015,
                        3.9656332828528695,
                        7.146206049756671,
                        -5.645802497985981,
                        -13.56568979143484
                    ],
                    [
                        -0.04891741888678723,
                        -5.225077481477255,
                        -3.2787153402407343,
                        -5.645802497985981,
                        8.20496106077822,
                        14.792363608321537
                    ],
                    [
                        1.2736175027809815,
                        -10.330053532178061,
                        -7.887345158618265,
                        -13.56568979143484,
                        14.792363608321537,
                        31.748035190620968
                    ]
                ],
                "mui": [
                    0.0,
                    100.0,
                    51.864909502526416,
                    100.91402056467538,
                    -130.62693703693137,
                    -258.2513383044515
                ],
                "Ai": [
                    [
                        0.0,
                        0.0,
                        0.0,
                        0.0,
                        0.0,
                        0.0
                    ],
                    [
                        0.0,
                        0.0,
                        0.0,
                        0.0,
                        0.0,
                        0.0
                    ],
                    [
                        -0.9289161818287452,
                        0.5186490950252641,
                        0.0,
                        0.0,
                        0.0,
                        0.0
                    ],
                    [
                        -0.5971870124405154,
                        0.6423778697613447,
                        0.7071492834043092,
                        0.0,
                        0.0,
                        0.0
                    ],
                    [
                        -0.6194334141077658,
                        -0.9877286770246585,
                        -0.6141738150129015,
                        0.0,
                        0.0,
                        0.0
                    ],
                    [
                        -0.0,
                        -0.9767207186667736,
                        -0.6002737683217809,
                        -0.5917737005565658,
                        0.533793871012312,
                        0.0
                    ]
                ]
            },
            "est_params": {
                "mui": [
                    0.04380558144667368,
                    100.26607133400222,
                    51.98413567302913,
                    101.18846134710968,
                    -130.95404042277204,
                    -258.8811498528656
                ],
                "Si": [
                    [
                        0.9742145099048772,
                        0.03231968054598017,
                        -0.9869559961475148,
                        -1.2474066800137953,
                        -0.07052340105335288,
                        1.2722490701634932
                    ],
                    [
                        0.03231968054598017,
                        3.9648967239054893,
                        1.9769353811796075,
                        3.9736668122252596,
                        -5.197672656986195,
                        -10.271702866697991
                    ],
                    [
                        -0.9869559961475148,
                        1.9769353811796075,
                        2.949035345745154,
                        3.8940671996992364,
                        -3.043824560554148,
                        -7.6228221958760845
                    ],
                    [
                        -1.2474066800137953,
                        3.9736668122252596,
                        3.8940671996992364,
                        7.026209052176593,
                        -5.480622455985221,
                        -13.335387481555825
                    ],
                    [
                        -0.07052340105335288,
                        -5.197672656986195,
                        -3.043824560554148,
                        -5.480622455985221,
                        8.06754947926093,
                        14.511621218165866
                    ],
                    [
                        1.2722490701634932,
                        -10.271702866697991,
                        -7.6228221958760845,
                        -13.335387481555825,
                        14.511621218165866,
                        31.364811859253745
                    ]
                ]
            },
            "est_tgt": [
                1
            ],
            "oracle_est_tgt": [
                1
            ]
        },
        "2": {
            "intv_type": "hard",
            "inode": 2,
            "new_mui": 100,
            "new_vari": 4.0,
            "noise_type": "gaussian",
            "obs_noise_gamma_shape": null,
            "true_params": {
                "Si": [
                    [
                        1.0,
                        0.0,
                        0.0,
                        -0.5971870124405154,
                        -0.6194334141077658,
                        0.022749808325286947
                    ],
                    [
                        0.0,
                        1.0,
                        0.0,
                        0.6423778697613447,
                        -0.9877286770246585,
                        -1.8841065618299502
                    ],
                    [
                        0.0,
                        0.0,
                        4.0,
                        2.8285971336172366,
                        -2.456695260051606,
                        -5.386353339192036
                    ],
                    [
                        -0.5971870124405154,
                        0.6423778697613447,
                        2.8285971336172366,
                        3.769522091463663,
                        -2.001827746160702,
                        -5.624623854187689
                    ],
                    [
                        -0.6194334141077658,
                        -0.9877286770246585,
                        -2.456695260051606,
                        -2.001827746160702,
                        3.8681435941200917,
                        5.688845140599911
                    ],
                    [
                        0.022749808325286947,
                        -1.8841065618299502,
                        -5.386353339192036,
                        -5.624623854187689,
                        5.688845140599911,
                        12.438707673166533
                    ]
                ],
                "mui": [
                    0.0,
                    0.0,
                    100.0,
                    70.71492834043092,
                    -61.417381501290144,
                    -134.6588334798009
                ],
                "Ai": [
                    [
                        0.0,
                        0.0,
                        0.0,
                        0.0,
                        0.0,
                        0.0
                    ],
                    [
                        -0.0,
                        0.0,
                        0.0,
                        0.0,
                        0.0,
                        0.0
                    ],
                    [
                        0.0,
                        0.0,
                        0.0,
                        0.0,
                        0.0,
                        0.0
                    ],
                    [
                        -0.5971870124405154,
                        0.6423778697613447,
                        0.7071492834043092,
                        0.0,
                        0.0,
                        0.0
                    ],
                    [
                        -0.6194334141077658,
                        -0.9877286770246585,
                        -0.6141738150129015,
                        0.0,
                        0.0,
                        0.0
                    ],
                    [
                        -0.0,
                        -0.9767207186667736,
                        -0.6002737683217809,
                        -0.5917737005565658,
                        0.533793871012312,
                        0.0
                    ]
                ]
            },
            "est_params": {
                "mui": [
                    0.03134517084673956,
                    0.04554276297746236,
                    99.99338414789118,
                    70.77415110817772,
                    -61.46549101209591,
                    -134.709351380591
                ],
                "Si": [
                    [
                        1.0445889175692409,
                        -0.0068302226890705475,
                        -0.06317857332221274,
                        -0.6585743685740959,
                        -0.5837378187065798,
                        0.12174942066028167
                    ],
                    [
                        -0.0068302226890705475,
                        0.9600515763282114,
                        0.13333504288365575,
                        0.7212307678668893,
                        -1.0201049764218355,
                        -2.0695219529552156
                    ],
                    [
                        -0.06317857332221274,
                        0.13333504288365575,
                        4.251576891491456,
                        3.1476982422002786,
                        -2.549994875249852,
                        -6.1171384129555415
                    ],
                    [
                        -0.6585743685740959,
                        0.7212307678668893,
                        3.1476982422002786,
                        4.064778153006845,
                        -2.181564684643163,
                        -6.304625718044175
                    ],
                    [
                        -0.5837378187065798,
                        -1.0201049764218355,
                        -2.549994875249852,
                        -2.181564684643163,
                        3.8398184023857085,
                        6.044595096549883
                    ],
                    [
                        0.12174942066028167,
                        -2.0695219529552156,
                        -6.1171384129555415,
                        -6.304625718044175,
                        6.044595096549883,
                        14.060068512132556
                    ]
                ]
            },
            "est_tgt": [
                2,
                3,
                4
            ],
            "oracle_est_tgt": [
                2,
                3,
                4,
                5
            ]
        },
        "3": {
            "intv_type": "hard",
            "inode": 3,
            "new_mui": 100,
            "new_vari": 4.0,
            "noise_type": "gaussian",
            "obs_noise_gamma_shape": null,
            "true_params": {
                "Si": [
                    [
                        1.0,
                        0.0,
                        -0.9289161818287452,
                        0.0,
                        -0.04891741888678723,
                        0.5314921985339126
                    ],
                    [
                        0.0,
                        1.0,
                        0.5186490950252641,
                        0.0,
                        -1.3062693703693138,
                        -1.9853307491685217
                    ],
                    [
                        -0.9289161818287452,
                        0.5186490950252641,
                        2.1318821566338197,
                        0.0,
                        -1.2462290598369359,
                        -2.4515176866278883
                    ],
                    [
                        0.0,
                        0.0,
                        0.0,
                        4.0,
                        0.0,
                        -2.367094802226263
                    ],
                    [
                        -0.04891741888678723,
                        -1.3062693703693138,
                        -1.2462290598369359,
                        0.0,
                        3.085942056883091,
                        3.671195928403259
                    ],
                    [
                        0.5314921985339126,
                        -1.9853307491685217,
                        -2.4515176866278883,
                        -2.367094802226263,
                        3.671195928403259,
                        7.771141772527401
                    ]
                ],
                "mui": [
                    0.0,
                    0.0,
                    0.0,
                    100.0,
                    0.0,
                    -59.177370055656574
                ],
                "Ai": [
                    [
                        0.0,
                        0.0,
                        0.0,
                        0.0,
                        0.0,
                        0.0
                    ],
                    [
                        -0.0,
                        0.0,
                        0.0,
                        0.0,
                        0.0,
                        0.0
                    ],
                    [
                        -0.9289161818287452,
                        0.5186490950252641,
                        0.0,
                        0.0,
                        0.0,
                        0.0
                    ],
                    [
                        0.0,
                        0.0,
                        0.0,
                        0.0,
                        0.0,
                        0.0
                    ],
                    [
                        -0.6194334141077658,
                        -0.9877286770246585,
                        -0.6141738150129015,
                        0.0,
                        0.0,
                        0.0
                    ],
                    [
                        -0.0,
                        -0.9767207186667736,
                        -0.6002737683217809,
                        -0.5917737005565658,
                        0.533793871012312,
                        0.0
                    ]
                ]
            },
            "est_params": {
                "mui": [
                    0.0002461942171206917,
                    0.09153437728594264,
                    0.114945650848009,
                    99.98697622275553,
                    -0.16978582048041072,
                    -59.45541718762775
                ],
                "Si": [
                    [
                        1.01767921768554,
                        -0.0051294389854694795,
                        -0.941379876592078,
                        0.11563133434445311,
                        -0.019622457291328957,
                        0.4526936811534426
                    ],
                    [
                        -0.0051294389854694795,
                        0.914274005701487,
                        0.5212448754099024,
                        -0.009340291036996337,
                        -1.2230832144356716,
                        -1.7727889723207864
                    ],
                    [
                        -0.941379876592078,
                        0.5212448754099024,
                        2.215931157824421,
                        -0.13876886754887313,
                        -1.3348811127707874,
                        -2.3680961437573553
                    ],
                    [
                        0.11563133434445311,
                        -0.009340291036996337,
                        -0.13876886754887313,
                        3.7518471018467077,
                        0.053425426808985724,
                        -2.223986232073456
                    ],
                    [
                        -0.019622457291328957,
                        -1.2230832144356716,
                        -1.3348811127707874,
                        0.053425426808985724,
                        3.0384195086676233,
                        3.4237560709399086
                    ],
                    [
                        0.4526936811534426,
                        -1.7727889723207864,
                        -2.3680961437573553,
                        -2.223986232073456,
                        3.4237560709399086,
                        7.1212343184079225
                    ]
                ]
            },
            "est_tgt": [
                3,
                4,
                5
            ],
            "oracle_est_tgt": [
                2,
                3,
                5
            ]
        },
        "4": {
            "intv_type": "hard",
            "inode": 4,
            "new_mui": 100,
            "new_vari": 4.0,
            "noise_type": "gaussian",
            "obs_noise_gamma_shape": null,
            "true_params": {
                "Si": [
                    [
                        1.0,
                        0.0,
                        -0.9289161818287452,
                        -1.2540694247633795,
                        0.0,
                        1.2997293211684904
                    ],
                    [
                        0.0,
                        1.0,
                        0.5186490950252641,
                        1.0091402056467538,
                        0.0,
                        -1.8852347992502636
                    ],
                    [
                        -0.9289161818287452,
                        0.5186490950252641,
                        2.1318821566338197,
                        2.3954643196159764,
                        0.0,
                        -3.203861037579858
                    ],
                    [
                        -1.2540694247633795,
                        1.0091402056467538,
                        2.3954643196159764,
                        4.091114185798354,
                        0.0,
                        -4.844596322040439
                    ],
                    [
                        0.0,
                        0.0,
                        0.0,
                        0.0,
                        4.0,
                        2.135175484049248
                    ],
                    [
                        1.2997293211684904,
                        -1.8852347992502636,
                        -3.203861037579858,
                        -4.844596322040439,
                        2.135175484049248,
                        8.771189906304556
                    ]
                ],
                "mui": [
                    0.0,
                    0.0,
                    0.0,
                    0.0,
                    100.0,
                    53.3793871012312
                ],
                "Ai": [
                    [
                        0.0,
                        0.0,
                        0.0,
                        0.0,
                        0.0,
                        0.0
                    ],
                    [
                        -0.0,
                        0.0,
                        0.0,
                        0.0,
                        0.0,
                        0.0
                    ],
                    [
                        -0.9289161818287452,
                        0.5186490950252641,
                        0.0,
                        0.0,
                        0.0,
                        0.0
                    ],
                    [
                        -0.5971870124405154,
                        0.6423778697613447,
                        0.7071492834043092,
                        0.0,
                        0.0,
                        0.0
                    ],
                    [
                        0.0,
                        0.0,
                        0.0,
                        0.0,
                        0.0,
                        0.0
                    ],
                    [
                        -0.0,
                        -0.9767207186667736,
                        -0.6002737683217809,
                        -0.5917737005565658,
                        0.533793871012312,
                        0.0
                    ]
                ]
            },
            "est_params": {
                "mui": [
                    -0.04187239757620596,
                    -0.05752011613320075,
                    0.041188496920705434,
                    0.031264552530681465,
                    100.05234368099727,
                    53.405018044501276
                ],
                "Si": [
                    [
                        1.010082907440433,
                        -0.06842966830259527,
                        -0.9425420803700644,
                        -1.2899549221411006,
                        0.001111885165850241,
                        1.4143417743801703
                    ],
                    [
                        -0.06842966830259527,
                        1.026693457440494,
                        0.528429468813626,
                        0.9980450413723264,
                        0.07597942114128815,
                        -1.8668373161659746
                    ],
                    [
                        -0.9425420803700644,
                        0.528429468813626,
                        2.113070012120441,
                        2.39985281271208,
                        0.08871029101515465,
                        -3.104051072556062
                    ],
                    [
                        -1.2899549221411006,
                        0.9980450413723264,
                        2.39985281271208,
                        4.08694681522185,
                        0.16238574811979842,
                        -4.65258322803772
                    ],
                    [
                        0.001111885165850241,
                        0.07597942114128815,
                        0.08871029101515465,
                        0.16238574811979842,
                        3.9583610270630234,
                        1.9596098198265985
                    ],
                    [
                        1.4143417743801703,
                        -1.8668373161659746,
                        -3.104051072556062,
                        -4.65258322803772,
                        1.9596098198265985,
                        8.459541177702603
                    ]
                ]
            },
            "est_tgt": [
                4,
                5
            ],
            "oracle_est_tgt": [
                2,
                4,
                5
            ]
        },
        "5": {
            "intv_type": "hard",
            "inode": 5,
            "new_mui": 100,
            "new_vari": 4.0,
            "noise_type": "gaussian",
            "obs_noise_gamma_shape": null,
            "true_params": {
                "Si": [
                    [
                        1.0,
                        0.0,
                        -0.9289161818287452,
                        -1.2540694247633795,
                        -0.04891741888678723,
                        0.0
                    ],
                    [
                        0.0,
                        1.0,
                        0.5186490950252641,
                        1.0091402056467538,
                        -1.3062693703693138,
                        0.0
                    ],
                    [
                        -0.9289161818287452,
                        0.5186490950252641,
                        2.1318821566338197,
                        2.3954643196159764,
                        -1.2462290598369359,
                        0.0
                    ],
                    [
                        -1.2540694247633795,
                        1.0091402056467538,
                        2.3954643196159764,
                        4.091114185798354,
                        -1.6911756748523463,
                        0.0
                    ],
                    [
                        -0.04891741888678723,
                        -1.3062693703693138,
                        -1.2462290598369359,
                        -1.6911756748523463,
                        3.085942056883091,
                        0.0
                    ],
                    [
                        0.0,
                        0.0,
                        0.0,
                        0.0,
                        0.0,
                        4.0
                    ]
                ],
                "mui": [
                    0.0,
                    0.0,
                    0.0,
                    0.0,
                    0.0,
                    100.0
                ],
                "Ai": [
                    [
                        0.0,
                        0.0,
                        0.0,
                        0.0,
                        0.0,
                        0.0
                    ],
                    [
                        -0.0,
                        0.0,
                        0.0,
                        0.0,
                        0.0,
                        0.0
                    ],
                    [
                        -0.9289161818287452,
                        0.5186490950252641,
                        0.0,
                        0.0,
                        0.0,
                        0.0
                    ],
                    [
                        -0.5971870124405154,
                        0.6423778697613447,
                        0.7071492834043092,
                        0.0,
                        0.0,
                        0.0
                    ],
                    [
                        -0.6194334141077658,
                        -0.9877286770246585,
                        -0.6141738150129015,
                        0.0,
                        0.0,
                        0.0
                    ],
                    [
                        0.0,
                        0.0,
                        0.0,
                        0.0,
                        0.0,
                        0.0
                    ]
                ]
            },
            "est_params": {
                "mui": [
                    -0.003482202950751131,
                    0.09401063581176379,
                    0.04761532334628509,
                    0.18008161986663884,
                    -0.10350984625906504,
                    99.89660769460414
                ],
                "Si": [
                    [
                        0.9386782336585691,
                        0.01819404955540598,
                        -0.9300919409322034,
                        -1.236295937776105,
                        -0.0002720514739435936,
                        -0.09905282424000118
                    ],
                    [
                        0.01819404955540598,
                        0.9723526652272515,
                        0.4887872205430912,
                        0.9917373354657468,
                        -1.2703069773750928,
                        -0.10378221644223551
                    ],
                    [
                        -0.9300919409322034,
                        0.4887872205430912,
                        2.2292602695520936,
                        2.549842901316619,
                        -1.287939744313901,
                        -0.06579359455108656
                    ],
                    [
                        -1.236295937776105,
                        0.9917373354657468,
                        2.549842901316619,
                        4.404803503536834,
                        -1.828937416651741,
                        -0.2074378085950658
                    ],
                    [
                        -0.0002720514739435936,
                        -1.2703069773750928,
                        -1.287939744313901,
                        -1.828937416651741,
                        3.0055825215404157,
                        0.256726931356697
                    ],
                    [
                        -0.09905282424000118,
                        -0.10378221644223551,
                        -0.06579359455108656,
                        -0.2074378085950658,
                        0.256726931356697,
                        3.9518341614437893
                    ]
                ]
            },
            "est_tgt": [
                3,
                4,
                5
            ],
            "oracle_est_tgt": [
                2,
                3,
                5
            ]
        },
        "obs": {
            "intv_type": "obs",
            "noise_type": "gaussian",
            "obs_noise_gamma_shape": null,
            "true_params": {
                "Si": [
                    [
                        1.0,
                        0.0,
                        -0.9289161818287452,
                        -1.2540694247633795,
                        -0.04891741888678723,
                        1.2736175027809815
                    ],
                    [
                        0.0,
                        1.0,
                        0.5186490950252641,
                        1.0091402056467538,
                        -1.3062693703693138,
                        -2.5825133830445153
                    ],
                    [
                        -0.9289161818287452,
                        0.5186490950252641,
                        2.1318821566338197,
                        2.3954643196159764,
                        -1.2462290598369359,
                        -3.8690904715982506
                    ],
                    [
                        -1.2540694247633795,
                        1.0091402056467538,
                        2.3954643196159764,
                        4.091114185798354,
                        -1.6911756748523463,
                        -5.747335532081733
                    ],
                    [
                        -0.04891741888678723,
                        -1.3062693703693138,
                        -1.2462290598369359,
                        -1.6911756748523463,
                        3.085942056883091,
                        4.67198921580188
                    ],
                    [
                        1.2736175027809815,
                        -2.5825133830445153,
                        -3.8690904715982506,
                        -5.747335532081733,
                        4.67198921580188,
                        11.739909069808887
                    ]
                ],
                "mui": [
                    0.0,
                    0.0,
                    0.0,
                    0.0,
