{
    "expt_args": {
        "save_dir": "all_expt_logs/expt_logs_sim_compsel_backward_cameraready_new_var_largemean",
        "exp_name": "252",
        "num_nodes": 6,
        "num_tgt_prior": 7,
        "obs_noise_mean": 0.0,
        "obs_noise_var": 1.0,
        "obs_noise_gamma_shape": null,
        "noise_type": "gaussian",
        "max_edge_strength": 1.0,
        "graph_sparsity_method": "adj_dense_prop",
        "adj_dense_prop": 0.8,
        "num_parents": null,
        "new_noise_mean": 100,
        "mix_samples": 1048576,
        "stage2_samples": 1048576,
        "gmm_tol": 0.001,
        "intv_type": "hard",
        "new_noise_var": 4.0,
        "dtype": "simulation",
        "cutoff_drop_ratio": 0.07,
        "intv_targets": [
            0,
            1,
            2,
            3,
            4,
            5
        ]
    },
    "intv_args_dict": {
        "0": {
            "intv_type": "hard",
            "inode": 0,
            "new_mui": 100,
            "new_vari": 4.0,
            "noise_type": "gaussian",
            "obs_noise_gamma_shape": null,
            "true_params": {
                "Si": [
                    [
                        4.0,
                        3.572884427877239,
                        2.505719212990382,
                        -0.11383046155281384,
                        2.395993952742951,
                        -0.20925763611924753
                    ],
                    [
                        3.572884427877239,
                        4.1913757837419165,
                        2.939476784706564,
                        0.8379754844685049,
                        1.4001546440446657,
                        -1.8570686799636045
                    ],
                    [
                        2.505719212990382,
                        2.939476784706564,
                        3.0615006178508,
                        0.5876851921278549,
                        1.639771968077354,
                        -0.794357032696146
                    ],
                    [
                        -0.11383046155281384,
                        0.8379754844685049,
                        0.5876851921278549,
                        1.886183825163016,
                        -1.4763545856100428,
                        -2.6514209417212786
                    ],
                    [
                        2.395993952742951,
                        1.4001546440446657,
                        1.639771968077354,
                        -1.4763545856100428,
                        3.923650285830314,
                        2.9926277032305597
                    ],
                    [
                        -0.20925763611924753,
                        -1.8570686799636045,
                        -0.794357032696146,
                        -2.6514209417212786,
                        2.9926277032305597,
                        5.838678591306396
                    ]
                ],
                "mui": [
                    100.0,
                    89.32211069693098,
                    62.64298032475955,
                    -2.845761538820346,
                    59.89984881857377,
                    -5.231440902981188
                ],
                "Ai": [
                    [
                        0.0,
                        0.0,
                        0.0,
                        0.0,
                        0.0,
                        0.0
                    ],
                    [
                        0.8932211069693098,
                        0.0,
                        0.0,
                        0.0,
                        0.0,
                        0.0
                    ],
                    [
                        0.0,
                        0.7013154955250279,
                        0.0,
                        0.0,
                        0.0,
                        0.0
                    ],
                    [
                        -0.867773949851259,
                        0.9396512553435368,
                        0.0,
                        0.0,
                        0.0,
                        0.0
                    ],
                    [
                        0.6414043222972821,
                        -0.5315262709972368,
                        0.6578218200775002,
                        -0.7128305183702146,
                        0.0,
                        0.0
                    ],
                    [
                        -0.0,
                        -0.5935989954493681,
                        0.0,
                        -0.5374952733426739,
                        0.7722972897990605,
                        0.0
                    ]
                ]
            },
            "est_params": {
                "mui": [
                    100.0079981753108,
                    89.32983662258158,
                    62.64664080327982,
                    -2.8447986295420002,
                    59.907902591341035,
                    -5.229199252874064
                ],
                "Si": [
                    [
                        4.006810514858801,
                        3.585006216725351,
                        2.522687195681835,
                        -0.11399973641528846,
                        2.4133640856847687,
                        -0.20241688975713204
                    ],
                    [
                        3.585006216725351,
                        4.203495458147949,
                        2.9559728261301332,
                        0.8330351711830889,
                        1.4195203535856653,
                        -1.8393087883939157
                    ],
                    [
                        2.522687195681835,
                        2.9559728261301332,
                        3.0822548526398177,
                        0.5804060524741285,
                        1.666105354928389,
                        -0.7772149753971461
                    ],
                    [
                        -0.11399973641528846,
                        0.8330351711830889,
                        0.5804060524741285,
                        1.878661302179444,
                        -1.4804064568275157,
                        -2.6437395975094247
                    ],
                    [
                        2.4133640856847687,
                        1.4195203535856653,
                        1.666105354928389,
                        -1.4804064568275157,
                        3.9586117673192303,
                        3.0081400137155194
                    ],
                    [
                        -0.20241688975713204,
                        -1.8393087883939157,
                        -0.7772149753971461,
                        -2.6437395975094247,
                        3.0081400137155194,
                        5.829179558762969
                    ]
                ]
            },
            "est_tgt": [
                0
            ],
            "oracle_est_tgt": [
                0
            ]
        },
        "1": {
            "intv_type": "hard",
            "inode": 1,
            "new_mui": 100,
            "new_vari": 4.0,
            "noise_type": "gaussian",
            "obs_noise_gamma_shape": null,
            "true_params": {
                "Si": [
                    [
                        1.0,
                        0.0,
                        0.0,
                        -0.867773949851259,
                        1.2599800767979237,
                        1.439503594886803
                    ],
                    [
                        0.0,
                        4.0,
                        2.8052619821001117,
                        3.758605021374147,
                        -2.9599909068646606,
                        -6.680621370349557
                    ],
                    [
                        0.0,
                        2.8052619821001117,
                        2.967373697054062,
                        2.635967943047868,
                        -1.4180656695198657,
                        -4.177189277945251
                    ],
                    [
                        -0.867773949851259,
                        3.758605021374147,
                        2.635967943047868,
                        5.284809554715194,
                        -4.5875675777878735,
                        -8.614630328249877
                    ],
                    [
                        1.2599800767979237,
                        -2.9599909068646606,
                        -1.4180656695198657,
                        -4.5875675777878735,
                        5.718793230998094,
                        8.63945203127625
                    ],
                    [
                        1.439503594886803,
                        -6.680621370349557,
                        -4.177189277945251,
                        -8.614630328249877,
                        8.63945203127625,
                        16.26815860654947
                    ]
                ],
                "mui": [
                    0.0,
                    100.0,
                    70.13154955250279,
                    93.96512553435367,
                    -73.99977267161651,
                    -167.0155342587389
                ],
                "Ai": [
                    [
                        0.0,
                        0.0,
                        0.0,
                        0.0,
                        0.0,
                        0.0
                    ],
                    [
                        0.0,
                        0.0,
                        0.0,
                        0.0,
                        0.0,
                        0.0
                    ],
                    [
                        0.0,
                        0.7013154955250279,
                        0.0,
                        0.0,
                        0.0,
                        0.0
                    ],
                    [
                        -0.867773949851259,
                        0.9396512553435368,
                        0.0,
                        0.0,
                        0.0,
                        0.0
                    ],
                    [
                        0.6414043222972821,
                        -0.5315262709972368,
                        0.6578218200775002,
                        -0.7128305183702146,
                        0.0,
                        0.0
                    ],
                    [
                        -0.0,
                        -0.5935989954493681,
                        0.0,
                        -0.5374952733426739,
                        0.7722972897990605,
                        0.0
                    ]
                ]
            },
            "est_params": {
                "mui": [
                    0.0020711798273076046,
                    99.99894789802937,
                    70.1286742692197,
                    93.95798857732022,
                    -74.00001183602235,
                    -167.00976155369486
                ],
                "Si": [
                    [
                        0.9949371022191895,
                        0.005689299654774799,
                        0.005566112739317794,
                        -0.8616578645355364,
                        1.2549132731175863,
                        1.4284896345165763
                    ],
                    [
                        0.005689299654774799,
                        4.017017034846222,
                        2.8184128821794703,
                        3.785683816509678,
                        -2.968307920021205,
                        -6.720614602783469
                    ],
                    [
                        0.005566112739317794,
                        2.8184128821794703,
                        2.9782923832113415,
                        2.654028730358424,
                        -1.4188040744398427,
                        -4.206464522442547
                    ],
                    [
                        -0.8616578645355364,
                        3.785683816509678,
                        2.654028730358424,
                        5.3219378432676585,
                        -4.609970156125708,
                        -8.675381793248869
                    ],
                    [
                        1.2549132731175863,
                        -2.968307920021205,
                        -1.4188040744398427,
                        -4.609970156125708,
                        5.732600799095637,
                        8.672187979856178
                    ],
                    [
                        1.4284896345165763,
                        -6.720614602783469,
                        -4.206464522442547,
                        -8.675381793248869,
                        8.672187979856178,
                        16.37037820748944
                    ]
                ]
            },
            "est_tgt": [
                1
            ],
            "oracle_est_tgt": [
                1
            ]
        },
        "2": {
            "intv_type": "hard",
            "inode": 2,
            "new_mui": 100,
            "new_vari": 4.0,
            "noise_type": "gaussian",
            "obs_noise_gamma_shape": null,
            "true_params": {
                "Si": [
                    [
                        1.0,
                        0.8932211069693098,
                        0.0,
                        -0.02845761538820346,
                        0.1869192948626141,
                        -0.3705620532158434
                    ],
                    [
                        0.8932211069693098,
                        1.7978439459354791,
                        0.0,
                        0.9142323126247788,
                        -1.034378102959886,
                        -2.3574413125984024
                    ],
                    [
                        0.0,
                        0.0,
                        4.0,
                        0.0,
                        2.631287280310001,
                        2.032136035266155
                    ],
                    [
                        -0.02845761538820346,
                        0.9142323126247788,
                        0.0,
                        1.8837543175422673,
                        -1.8469888961226804,
                        -2.9816209429637492
                    ],
                    [
                        0.1869192948626141,
                        -1.034378102959886,
                        2.631287280310001,
                        -1.8469888961226804,
                        4.717198219640566,
                        5.249833004887518
                    ],
                    [
                        -0.3705620532158434,
                        -2.3574413125984024,
                        2.032136035266155,
                        -2.9816209429637492,
                        5.249833004887518,
                        8.05641376030408
                    ]
                ],
                "mui": [
                    0.0,
                    0.0,
                    100.0,
                    0.0,
                    65.78218200775002,
                    50.80340088165387
                ],
                "Ai": [
                    [
                        0.0,
                        0.0,
                        0.0,
                        0.0,
                        0.0,
                        0.0
                    ],
                    [
                        0.8932211069693098,
                        0.0,
                        0.0,
                        0.0,
                        0.0,
                        0.0
                    ],
                    [
                        0.0,
                        0.0,
                        0.0,
                        0.0,
                        0.0,
                        0.0
                    ],
                    [
                        -0.867773949851259,
                        0.9396512553435368,
                        0.0,
                        0.0,
                        0.0,
                        0.0
                    ],
                    [
                        0.6414043222972821,
                        -0.5315262709972368,
                        0.6578218200775002,
                        -0.7128305183702146,
                        0.0,
                        0.0
                    ],
                    [
                        -0.0,
                        -0.5935989954493681,
                        0.0,
                        -0.5374952733426739,
                        0.7722972897990605,
                        0.0
                    ]
                ]
            },
            "est_params": {
                "mui": [
                    0.0016401306492063521,
                    -0.0018475245185413482,
                    100.00080744822677,
                    -0.0031009418048790435,
                    65.7844485425726,
                    50.806284372484576
                ],
                "Si": [
                    [
                        0.9968967356111024,
                        0.888660647212146,
                        -0.006287451474660276,
                        -0.027387476039828357,
                        0.18118808295869374,
                        -0.37266068036271427
                    ],
                    [
                        0.888660647212146,
                        1.7898363965688662,
                        -0.005215173917060739,
                        0.9151182232236662,
                        -1.0353579091569285,
                        -2.351929877496815
                    ],
                    [
                        -0.006287451474660276,
                        -0.005215173917060739,
                        3.996738447498075,
                        0.0007660418993428187,
                        2.627313880408634,
                        2.0347096309998407
                    ],
                    [
                        -0.027387476039828357,
                        0.9151182232236662,
                        0.0007660418993428187,
                        1.8914289720249153,
                        -1.848713829700035,
                        -2.983910388808373
                    ],
                    [
                        0.18118808295869374,
                        -1.0353579091569285,
                        2.627313880408634,
                        -1.848713829700035,
                        4.709008834125127,
                        5.241158107818108
                    ],
                    [
                        -0.37266068036271427,
                        -2.351929877496815,
                        2.0347096309998407,
                        -2.983910388808373,
                        5.241158107818108,
                        8.038391449527378
                    ]
                ]
            },
            "est_tgt": [
                2
            ],
            "oracle_est_tgt": [
                2
            ]
        },
        "3": {
            "intv_type": "hard",
            "inode": 3,
            "new_mui": 100,
            "new_vari": 4.0,
            "noise_type": "gaussian",
            "obs_noise_gamma_shape": null,
            "true_params": {
                "Si": [
                    [
                        1.0,
                        0.8932211069693098,
                        0.6264298032475955,
                        0.0,
                        0.5787130314569845,
                        -0.08327664604552726
                    ],
                    [
                        0.8932211069693098,
                        1.7978439459354791,
                        1.2608558178204121,
                        0.0,
                        0.44673305929316376,
                        -0.7221876293262751
                    ],
                    [
                        0.6264298032475955,
                        1.2608558178204121,
                        1.8842577226603365,
                        0.0,
                        0.971122636923097,
                        0.0015526336935368645
                    ],
                    [
                        0.0,
                        0.0,
                        0.0,
                        4.0,
                        -2.8513220734808584,
                        -4.3520494030642
                    ],
                    [
                        0.5787130314569845,
                        0.44673305929316376,
                        0.971122636923097,
                        -2.8513220734808584,
                        3.8050737348279986,
                        4.206039974936401
                    ],
                    [
                        -0.08327664604552726,
                        -0.7221876293262751,
                        0.0015526336935368645,
                        -4.3520494030642,
                        4.206039974936401,
                        7.016209108224741
                    ]
                ],
                "mui": [
                    0.0,
                    0.0,
                    0.0,
                    100.0,
                    -71.28305183702146,
                    -108.801235076605
                ],
                "Ai": [
                    [
                        0.0,
                        0.0,
                        0.0,
                        0.0,
                        0.0,
                        0.0
                    ],
                    [
                        0.8932211069693098,
                        0.0,
                        0.0,
                        0.0,
                        0.0,
                        0.0
                    ],
                    [
                        0.0,
                        0.7013154955250279,
                        0.0,
                        0.0,
                        0.0,
                        0.0
                    ],
                    [
                        0.0,
                        0.0,
                        0.0,
                        0.0,
                        0.0,
                        0.0
                    ],
                    [
                        0.6414043222972821,
                        -0.5315262709972368,
                        0.6578218200775002,
                        -0.7128305183702146,
                        0.0,
                        0.0
                    ],
                    [
                        -0.0,
                        -0.5935989954493681,
                        0.0,
                        -0.5374952733426739,
                        0.7722972897990605,
                        0.0
                    ]
                ]
            },
            "est_params": {
                "mui": [
                    0.0010769282256216939,
                    0.002706561225558331,
                    0.0034941441995129203,
                    99.99312803215663,
                    -71.27714241713936,
                    -108.79792594317486
                ],
                "Si": [
                    [
                        0.9968943447582053,
                        0.8933850529021866,
                        0.6227286811955554,
                        0.004789545994606825,
                        0.5698328165762901,
                        -0.09612665263481551
                    ],
                    [
                        0.8933850529021866,
                        1.800094692972837,
                        1.2578937652082751,
                        0.000575598025271745,
                        0.4433234021819842,
                        -0.7300618408671119
                    ],
                    [
                        0.6227286811955554,
                        1.2578937652082751,
                        1.8849632751795238,
                        0.008008959359590022,
                        0.9688085704750934,
                        -0.003699678250139461
                    ],
                    [
                        0.004789545994606825,
                        0.000575598025271745,
                        0.008008959359590022,
                        4.008352559205561,
                        -2.8503302242672204,
                        -4.347793099480088
                    ],
                    [
                        0.5698328165762901,
                        0.4433234021819842,
                        0.9688085704750934,
                        -2.8503302242672204,
                        3.806896989222066,
                        4.205063574694338
                    ],
                    [
                        -0.09612665263481551,
                        -0.7300618408671119,
                        -0.003699678250139461,
                        -4.347793099480088,
                        4.205063574694338,
                        7.006953550989968
                    ]
                ]
            },
            "est_tgt": [
                3
            ],
            "oracle_est_tgt": [
                3
            ]
        },
        "4": {
            "intv_type": "hard",
            "inode": 4,
            "new_mui": 100,
            "new_vari": 4.0,
            "noise_type": "gaussian",
            "obs_noise_gamma_shape": null,
            "true_params": {
                "Si": [
                    [
                        1.0,
                        0.8932211069693098,
                        0.6264298032475955,
                        -0.02845761538820346,
                        0.0,
                        -0.5149193180493917
                    ],
                    [
                        0.8932211069693098,
                        1.7978439459354791,
                        1.2608558178204121,
                        0.9142323126247788,
                        0.0,
                        -1.5585939070549888
                    ],
                    [
                        0.6264298032475955,
                        1.2608558178204121,
                        1.8842577226603365,
                        0.641165287353439,
                        0.0,
                        -1.0930660582485587
                    ],
                    [
                        -0.02845761538820346,
                        0.9142323126247788,
                        0.641165287353439,
                        1.8837543175422673,
                        0.0,
                        -1.5551964241992444
                    ],
                    [
                        0.0,
                        0.0,
                        0.0,
                        0.0,
                        4.0,
                        3.089189159196242
                    ],
                    [
                        -0.5149193180493917,
                        -1.5585939070549888,
                        -1.0930660582485587,
                        -1.5551964241992444,
                        3.089189159196242,
                        5.146862919991765
                    ]
                ],
                "mui": [
                    0.0,
                    0.0,
                    0.0,
                    0.0,
                    100.0,
                    77.22972897990606
                ],
                "Ai": [
                    [
                        0.0,
                        0.0,
                        0.0,
                        0.0,
                        0.0,
                        0.0
                    ],
                    [
                        0.8932211069693098,
                        0.0,
                        0.0,
                        0.0,
                        0.0,
                        0.0
                    ],
                    [
                        0.0,
                        0.7013154955250279,
                        0.0,
                        0.0,
                        0.0,
                        0.0
                    ],
                    [
                        -0.867773949851259,
                        0.9396512553435368,
                        0.0,
                        0.0,
                        0.0,
                        0.0
                    ],
                    [
                        0.0,
                        0.0,
                        0.0,
                        0.0,
                        0.0,
                        0.0
                    ],
                    [
                        -0.0,
                        -0.5935989954493681,
                        0.0,
                        -0.5374952733426739,
                        0.7722972897990605,
                        0.0
                    ]
                ]
            },
            "est_params": {
                "mui": [
                    -0.001187502699651904,
                    0.0014544662955949849,
                    0.00021030522912711972,
                    7.904030341750313e-05,
                    100.00216250231487,
                    77.23283988746395
                ],
                "Si": [
                    [
                        1.006644074264295,
                        0.9025104923618259,
                        0.6338094299618975,
                        -0.023918523438082446,
                        0.0022739405920415685,
                        -0.5209468011018059
                    ],
                    [
                        0.9025104923618259,
                        1.8081890923279957,
                        1.269101429846319,
                        0.9166216657437315,
                        0.002315605468178287,
                        -1.5637866974431163
                    ],
                    [
                        0.6338094299618975,
                        1.269101429846319,
                        1.8891673923711807,
                        0.6458555546424335,
                        -0.00294454658145545,
                        -1.1021491291760865
                    ],
                    [
                        -0.023918523438082446,
                        0.9166216657437315,
                        0.6458555546424335,
                        1.8787536630977058,
                        0.0022676218011447122,
                        -1.5502264914534667
                    ],
                    [
                        0.0022739405920415685,
                        0.002315605468178287,
                        -0.00294454658145545,
                        0.0022676218011447122,
                        4.006594149618967,
                        3.0896778267075584
                    ],
                    [
                        -0.5209468011018059,
                        -1.5637866974431163,
                        -1.1021491291760865,
                        -1.5502264914534667,
                        3.0896778267075584,
                        5.147288388143411
                    ]
                ]
            },
            "est_tgt": [
                4
            ],
            "oracle_est_tgt": [
                4
            ]
        },
        "5": {
            "intv_type": "hard",
            "inode": 5,
            "new_mui": 100,
            "new_vari": 4.0,
            "noise_type": "gaussian",
            "obs_noise_gamma_shape": null,
            "true_params": {
                "Si": [
                    [
                        1.0,
                        0.8932211069693098,
                        0.6264298032475955,
                        -0.02845761538820346,
                        0.5989984881857378,
                        0.0
                    ],
                    [
                        0.8932211069693098,
                        1.7978439459354791,
                        1.2608558178204121,
                        0.9142323126247788,
                        -0.2049596340259574,
                        0.0
                    ],
                    [
                        0.6264298032475955,
                        1.2608558178204121,
                        1.8842577226603365,
                        0.641165287353439,
                        0.5140804527779574,
                        0.0
                    ],
                    [
                        -0.02845761538820346,
                        0.9142323126247788,
                        0.641165287353439,
                        1.8837543175422673,
                        -1.4252163798253277,
                        0.0
                    ],
                    [
                        0.5989984881857378,
                        -0.2049596340259574,
                        0.5140804527779574,
                        -1.4252163798253277,
                        2.8472527192839157,
                        0.0
                    ],
                    [
                        0.0,
                        0.0,
                        0.0,
                        0.0,
                        0.0,
                        4.0
                    ]
                ],
                "mui": [
                    0.0,
                    0.0,
                    0.0,
                    0.0,
                    0.0,
                    100.0
                ],
                "Ai": [
                    [
                        0.0,
                        0.0,
                        0.0,
                        0.0,
                        0.0,
                        0.0
                    ],
                    [
                        0.8932211069693098,
                        0.0,
                        0.0,
                        0.0,
                        0.0,
                        0.0
                    ],
                    [
                        0.0,
                        0.7013154955250279,
                        0.0,
                        0.0,
                        0.0,
                        0.0
                    ],
                    [
                        -0.867773949851259,
                        0.9396512553435368,
                        0.0,
                        0.0,
                        0.0,
                        0.0
                    ],
                    [
                        0.6414043222972821,
                        -0.5315262709972368,
                        0.6578218200775002,
                        -0.7128305183702146,
                        0.0,
                        0.0
                    ],
                    [
                        0.0,
                        0.0,
                        0.0,
                        0.0,
                        0.0,
                        0.0
                    ]
                ]
            },
            "est_params": {
                "mui": [
                    -0.0007266953352071853,
                    -0.0018844851897753384,
                    0.004476754039782923,
                    -0.006167662153859799,
                    0.0054994408368219914,
                    99.9903846568996
                ],
                "Si": [
                    [
                        1.002497666278419,
                        0.8951364668086089,
                        0.6293646858636552,
                        -0.03040072923275893,
                        0.6056593865145065,
                        -0.0024041721569547005
                    ],
                    [
                        0.8951364668086089,
                        1.8022171282353492,
                        1.26367917518603,
                        0.916291435505294,
                        -0.20250157633237514,
                        -0.0074732115753354655
                    ],
                    [
                        0.6293646858636552,
                        1.26367917518603,
                        1.8869733467095235,
                        0.6434166196228722,
                        0.5173837038426996,
                        -0.009100303894336435
                    ],
                    [
                        -0.03040072923275893,
                        0.916291435505294,
                        0.6434166196228722,
                        1.89084842746422,
                        -1.4286765732830924,
                        -0.0003248396664440479
                    ],
                    [
                        0.6056593865145065,
                        -0.20250157633237514,
                        0.5173837038426996,
                        -1.4286765732830924,
                        2.8628359510265686,
                        0.0075923023285708454
                    ],
                    [
                        -0.0024041721569547005,
                        -0.0074732115753354655,
                        -0.009100303894336435,
                        -0.0003248396664440479,
                        0.0075923023285708454,
                        4.014903722721097
                    ]
                ]
            },
            "est_tgt": [
                5
            ],
            "oracle_est_tgt": [
                5
            ]
        },
        "obs": {
            "intv_type": "obs",
            "noise_type": "gaussian",
            "obs_noise_gamma_shape": null,
            "true_params": {
                "Si": [
                    [
                        1.0,
                        0.8932211069693098,
                        0.6264298032475955,
                        -0.02845761538820346,
                        0.5989984881857378,
                        -0.05231440902981188
                    ],
                    [
                        0.8932211069693098,
                        1.7978439459354791,
                        1.2608558178204121,
                        0.9142323126247788,
                        -0.2049596340259574,
                        -1.716883676931443
                    ],
                    [
                        0.6264298032475955,
                        1.2608558178204121,
                        1.8842577226603365,
                        0.641165287353439,
                        0.5140804527779574,
                        -0.6960431178294681
                    ],
                    [
                        -0.02845761538820346,
                        0.9142323126247788,
                        0.641165287353439,
                        1.8837543175422673,
                        -1.4252163798253277,
                        -2.655887171715573
                    ],
                    [
                        0.5989984881857378,
                        -0.2049596340259574,
                        0.5140804527779574,
                        -1.4252163798253277,
                        2.8472527192839157,
                        3.0866364589881226
                    ],
                    [
                        -0.05231440902981188,
                        -1.716883676931443,
                        -0.6960431178294681,
                        -2.655887171715573,
                        3.0866364589881226,
                        5.830468199129981
                    ]
                ],
                "mui": [
                    0.0,
                    0.0,
                    0.0,
                    0.0,
                    0.0,
                    0.0
                ],
                "Ai": [
                    [
                        0.0,
                        0.0,
