{
    "expt_args": {
        "save_dir": "all_expt_logs/expt_logs_sim_compsel_backward_cameraready_new_var_largemean",
        "exp_name": "413",
        "num_nodes": 6,
        "num_tgt_prior": 7,
        "obs_noise_mean": 0.0,
        "obs_noise_var": 1.0,
        "obs_noise_gamma_shape": null,
        "noise_type": "gaussian",
        "max_edge_strength": 1.0,
        "graph_sparsity_method": "adj_dense_prop",
        "adj_dense_prop": 0.8,
        "num_parents": null,
        "new_noise_mean": 100,
        "mix_samples": 65536,
        "stage2_samples": 65536,
        "gmm_tol": 0.001,
        "intv_type": "hard",
        "new_noise_var": 4.0,
        "dtype": "simulation",
        "cutoff_drop_ratio": 0.07,
        "intv_targets": [
            0,
            1,
            2,
            3,
            4,
            5
        ]
    },
    "intv_args_dict": {
        "0": {
            "intv_type": "hard",
            "inode": 0,
            "new_mui": 100,
            "new_vari": 4.0,
            "noise_type": "gaussian",
            "obs_noise_gamma_shape": null,
            "true_params": {
                "Si": [
                    [
                        4.0,
                        -3.0722953986407435,
                        -0.3259388081911263,
                        3.0408272657772017,
                        0.41479769975702213,
                        -5.695683890869521
                    ],
                    [
                        -3.0722953986407435,
                        3.359749754127271,
                        1.1258599286927022,
                        -3.8113912457023087,
                        0.8902655991058839,
                        4.920402982984457
                    ],
                    [
                        -0.3259388081911263,
                        1.1258599286927022,
                        1.7930852854258812,
                        -2.171586053793744,
                        1.542020150045929,
                        1.2252330742752426
                    ],
                    [
                        3.0408272657772017,
                        -3.8113912457023087,
                        -2.171586053793744,
                        5.888734759744021,
                        -2.6147095256471253,
                        -4.729755526237026
                    ],
                    [
                        0.41479769975702213,
                        0.8902655991058839,
                        1.542020150045929,
                        -2.6147095256471253,
                        3.443058571095892,
                        -0.9766675225425149
                    ],
                    [
                        -5.695683890869521,
                        4.920402982984457,
                        1.2252330742752426,
                        -4.729755526237026,
                        -0.9766675225425149,
                        10.339070503562185
                    ]
                ],
                "mui": [
                    100.0,
                    -76.80738496601859,
                    -8.148470204778157,
                    76.02068164443004,
                    10.369942493925553,
                    -142.39209727173804
                ],
                "Ai": [
                    [
                        0.0,
                        0.0,
                        0.0,
                        0.0,
                        0.0,
                        0.0
                    ],
                    [
                        -0.7680738496601859,
                        0.0,
                        0.0,
                        0.0,
                        0.0,
                        0.0
                    ],
                    [
                        0.5909753619389781,
                        0.875514853531691,
                        0.0,
                        0.0,
                        0.0,
                        0.0
                    ],
                    [
                        -0.0,
                        -0.9227395035910447,
                        -0.631710399547313,
                        0.0,
                        0.0,
                        0.0
                    ],
                    [
                        0.7263970855354283,
                        0.0,
                        0.0,
                        -0.8191161235684568,
                        0.0,
                        0.0
                    ],
                    [
                        -0.6539149968338059,
                        0.8369441076214423,
                        0.6525826401945711,
                        -0.0,
                        -0.7135583561615662,
                        0.0
                    ]
                ]
            },
            "est_params": {
                "mui": [
                    100.01150254802391,
                    -76.79571798385747,
                    -8.1385643148681,
                    75.98049305741279,
                    10.399064217687238,
                    -142.39769010649331
                ],
                "Si": [
                    [
                        3.9854845648629142,
                        -3.0428425240090253,
                        -0.30139580454061876,
                        3.020375312906006,
                        0.403859161271092,
                        -5.6652623204891315
                    ],
                    [
                        -3.0428425240090253,
                        3.330542307806873,
                        1.1313237430356695,
                        -3.7926463467292972,
                        0.9080949054121057,
                        4.887887988912834
                    ],
                    [
                        -0.30139580454061876,
                        1.1313237430356695,
                        1.838834339394164,
                        -2.197501407184897,
                        1.5737856484785722,
                        1.2323639743732155
                    ],
                    [
                        3.020375312906006,
                        -3.7926463467292972,
                        -2.197501407184897,
                        5.89829349910631,
                        -2.6443948119255034,
                        -4.720054443287259
                    ],
                    [
                        0.403859161271092,
                        0.9080949054121057,
                        1.5737856484785722,
                        -2.6443948119255034,
                        3.4384297725748905,
                        -0.92105341145732
                    ],
                    [
                        -5.6652623204891315,
                        4.887887988912834,
                        1.2323639743732155,
                        -4.720054443287259,
                        -0.92105341145732,
                        10.285812833744977
                    ]
                ]
            },
            "est_tgt": [
                0
            ],
            "oracle_est_tgt": [
                0
            ]
        },
        "1": {
            "intv_type": "hard",
            "inode": 1,
            "new_mui": 100,
            "new_vari": 4.0,
            "noise_type": "gaussian",
            "obs_noise_gamma_shape": null,
            "true_params": {
                "Si": [
                    [
                        1.0,
                        0.0,
                        0.5909753619389781,
                        -0.3733252820130898,
                        1.0321938433680913,
                        -1.0047852769635497
                    ],
                    [
                        0.0,
                        4.0,
                        3.502059414126764,
                        -5.9032453661006254,
                        4.835443460753799,
                        2.1827885219071907
                    ],
                    [
                        0.5909753619389781,
                        3.502059414126764,
                        4.41535691343738,
                        -6.020715445269193,
                        5.360947877173355,
                        1.600616456531073
                    ],
                    [
                        -0.3733252820130898,
                        -5.9032453661006254,
                        -6.020715445269193,
                        10.250506258183506,
                        -8.66753734762848,
                        -2.4407841037871774
                    ],
                    [
                        1.0321938433680913,
                        4.835443460753799,
                        5.360947877173355,
                        -8.66753734762848,
                        8.849502192604458,
                        0.5558541606248655
                    ],
                    [
                        -1.0047852769635497,
                        2.1827885219071907,
                        1.600616456531073,
                        -2.4407841037871774,
                        0.5558541606248655,
                        4.131816284819095
                    ]
                ],
                "mui": [
                    0.0,
                    100.0,
                    87.5514853531691,
                    -147.58113415251563,
                    120.88608651884498,
                    54.56971304767977
                ],
                "Ai": [
                    [
                        0.0,
                        0.0,
                        0.0,
                        0.0,
                        0.0,
                        0.0
                    ],
                    [
                        0.0,
                        0.0,
                        0.0,
                        0.0,
                        0.0,
                        0.0
                    ],
                    [
                        0.5909753619389781,
                        0.875514853531691,
                        0.0,
                        0.0,
                        0.0,
                        0.0
                    ],
                    [
                        -0.0,
                        -0.9227395035910447,
                        -0.631710399547313,
                        0.0,
                        0.0,
                        0.0
                    ],
                    [
                        0.7263970855354283,
                        0.0,
                        0.0,
                        -0.8191161235684568,
                        0.0,
                        0.0
                    ],
                    [
                        -0.6539149968338059,
                        0.8369441076214423,
                        0.6525826401945711,
                        -0.0,
                        -0.7135583561615662,
                        0.0
                    ]
                ]
            },
            "est_params": {
                "mui": [
                    0.012577227040214514,
                    99.9827300854296,
                    87.5431247098745,
                    -147.5552210353205,
                    120.86922764977655,
                    54.54864534230598
                ],
                "Si": [
                    [
                        0.997093224498816,
                        -0.013112816031097537,
                        0.5741946549435692,
                        -0.3529454960392571,
                        1.0258632461988493,
                        -1.0303154200743727
                    ],
                    [
                        -0.013112816031097537,
                        3.9292961706210368,
                        3.436054502958465,
                        -5.806039879903697,
                        4.723857678582391,
                        2.1441062888550295
                    ],
                    [
                        0.5741946549435692,
                        3.436054502958465,
                        4.383455664970328,
                        -5.949411869698911,
                        5.291694335953568,
                        1.5625707793664116
                    ],
                    [
                        -0.3529454960392571,
                        -5.806039879903697,
                        -5.949411869698911,
                        10.12263839157062,
                        -8.520865634492672,
                        -2.3886270942991517
                    ],
                    [
                        1.0258632461988493,
                        4.723857678582391,
                        5.291694335953568,
                        -8.520865634492672,
                        8.729688550280075,
                        0.4737765149679285
                    ],
                    [
                        -1.0303154200743727,
                        2.1441062888550295,
                        1.5625707793664116,
                        -2.3886270942991517,
                        0.4737765149679285,
                        4.14761633066716
                    ]
                ]
            },
            "est_tgt": [
                1
            ],
            "oracle_est_tgt": [
                1
            ]
        },
        "2": {
            "intv_type": "hard",
            "inode": 2,
            "new_mui": 100,
            "new_vari": 4.0,
            "noise_type": "gaussian",
            "obs_noise_gamma_shape": null,
            "true_params": {
                "Si": [
                    [
                        1.0,
                        -0.7680738496601859,
                        0.0,
                        0.7087320827567026,
                        0.1458632092591593,
                        -1.4008317913484323
                    ],
                    [
                        -0.7680738496601859,
                        1.589937438531818,
                        0.0,
                        -1.4670980827716669,
                        0.6437970885855069,
                        1.373556987401927
                    ],
                    [
                        0.0,
                        0.0,
                        4.0,
                        -2.526841598189252,
                        2.069776694780304,
                        1.1334241048293312
                    ],
                    [
                        0.7087320827567026,
                        -1.4670980827716669,
                        -2.526841598189252,
                        3.9499814722010047,
                        -2.72067259233659,
                        -1.3989439321886152
                    ],
                    [
                        0.1458632092591593,
                        0.6437970885855069,
                        2.069776694780304,
                        -2.72067259233659,
                        3.3345013974263895,
                        -0.585220955898488
                    ],
                    [
                        -1.4008317913484323,
                        1.373556987401927,
                        1.1334241048293312,
                        -1.3989439321886152,
                        -0.585220955898488,
                        4.222857541564526
                    ]
                ],
                "mui": [
                    0.0,
                    0.0,
                    100.0,
                    -63.1710399547313,
                    51.7444173695076,
                    28.33560262073328
                ],
                "Ai": [
                    [
                        0.0,
                        0.0,
                        0.0,
                        0.0,
                        0.0,
                        0.0
                    ],
                    [
                        -0.7680738496601859,
                        0.0,
                        0.0,
                        0.0,
                        0.0,
                        0.0
                    ],
                    [
                        0.0,
                        0.0,
                        0.0,
                        0.0,
                        0.0,
                        0.0
                    ],
                    [
                        -0.0,
                        -0.9227395035910447,
                        -0.631710399547313,
                        0.0,
                        0.0,
                        0.0
                    ],
                    [
                        0.7263970855354283,
                        0.0,
                        0.0,
                        -0.8191161235684568,
                        0.0,
                        0.0
                    ],
                    [
                        -0.6539149968338059,
                        0.8369441076214423,
                        0.6525826401945711,
                        -0.0,
                        -0.7135583561615662,
                        0.0
                    ]
                ]
            },
            "est_params": {
                "mui": [
                    0.0062957200033024125,
                    0.005757363979559625,
                    100.03483707803659,
                    -63.19720444327174,
                    51.76490436537117,
                    28.347725028906464
                ],
                "Si": [
                    [
                        1.003656994081646,
                        -0.7470233619803972,
                        -0.03658219255946394,
                        0.7234318221251657,
                        0.1520725400798068,
                        -1.4143066651409015
                    ],
                    [
                        -0.7470233619803972,
                        1.5495554775942522,
                        0.023403614160626918,
                        -1.459088523827324,
                        0.6636018321367424,
                        1.3234891418758248
                    ],
                    [
                        -0.03658219255946394,
                        0.023403614160626918,
                        3.952098076786066,
                        -2.525035447052529,
                        1.9941448717877797,
                        1.1945933899041061
                    ],
                    [
                        0.7234318221251657,
                        -1.459088523827324,
                        -2.525035447052529,
                        3.959563880781719,
                        -2.70955833023944,
                        -1.3802831573489918
                    ],
                    [
                        0.1520725400798068,
                        0.6636018321367424,
                        1.9941448717877797,
                        -2.70955833023944,
                        3.3193702496425166,
                        -0.6264227864363571
                    ],
                    [
                        -1.4143066651409015,
                        1.3234891418758248,
                        1.1945933899041061,
                        -1.3802831573489918,
                        -0.6264227864363571,
                        4.254873914190831
                    ]
                ]
            },
            "est_tgt": [
                2
            ],
            "oracle_est_tgt": [
                2
            ]
        },
        "3": {
            "intv_type": "hard",
            "inode": 3,
            "new_mui": 100,
            "new_vari": 4.0,
            "noise_type": "gaussian",
            "obs_noise_gamma_shape": null,
            "true_params": {
                "Si": [
                    [
                        1.0,
                        -0.7680738496601859,
                        -0.08148470204778158,
                        0.0,
                        0.7263970855354283,
                        -1.868252091798038
                    ],
                    [
                        -0.7680738496601859,
                        1.589937438531818,
                        0.9381011223219439,
                        0.0,
                        -0.5579266058691357,
                        2.8432454785517307
                    ],
                    [
                        -0.08148470204778158,
                        0.9381011223219439,
                        1.7731660154224342,
                        0.0,
                        -0.05919025008323128,
                        2.037795332759834
                    ],
                    [
                        0.0,
                        0.0,
                        0.0,
                        4.0,
                        -3.276464494273827,
                        2.337948618555769
                    ],
                    [
                        0.7263970855354283,
                        -0.5579266058691357,
                        -0.05919025008323128,
                        -3.276464494273827,
                        4.211457621433626,
                        -3.985702640222759
                    ],
                    [
                        -1.868252091798038,
                        2.8432454785517307,
                        2.037795332759834,
                        2.337948618555769,
                        -3.985702640222759,
                        8.775176893022797
                    ]
                ],
                "mui": [
                    0.0,
                    0.0,
                    0.0,
                    100.0,
                    -81.91161235684568,
                    58.44871546389423
                ],
                "Ai": [
                    [
                        0.0,
                        0.0,
                        0.0,
                        0.0,
                        0.0,
                        0.0
                    ],
                    [
                        -0.7680738496601859,
                        0.0,
                        0.0,
                        0.0,
                        0.0,
                        0.0
                    ],
                    [
                        0.5909753619389781,
                        0.875514853531691,
                        0.0,
                        0.0,
                        0.0,
                        0.0
                    ],
                    [
                        0.0,
                        0.0,
                        0.0,
                        0.0,
                        0.0,
                        0.0
                    ],
                    [
                        0.7263970855354283,
                        0.0,
                        0.0,
                        -0.8191161235684568,
                        0.0,
                        0.0
                    ],
                    [
                        -0.6539149968338059,
                        0.8369441076214423,
                        0.6525826401945711,
                        -0.0,
                        -0.7135583561615662,
                        0.0
                    ]
                ]
            },
            "est_params": {
                "mui": [
                    0.007252336168840415,
                    0.002548121061028268,
                    -0.01761405514471766,
                    99.99918168873165,
                    -81.90197096440849,
                    58.42284480999874
                ],
                "Si": [
                    [
                        0.9864405681017157,
                        -0.7507072927778725,
                        -0.07422328972872186,
                        0.010020514728554083,
                        0.730645859841544,
                        -1.8235298913804485
                    ],
                    [
                        -0.7507072927778725,
                        1.5649086497187055,
                        0.9235537566102686,
                        8.033165597888064e-05,
                        -0.5713898623305581,
                        2.7931799939207007
                    ],
                    [
                        -0.07422328972872186,
                        0.9235537566102686,
                        1.7877895654630944,
                        0.00525372335388904,
                        -0.045612923758915846,
                        2.0197263402852994
                    ],
                    [
                        0.010020514728554083,
                        8.033165597888064e-05,
                        0.00525372335388904,
                        4.036627042946316,
                        -3.2879390320918747,
                        2.3715727851192265
                    ],
                    [
                        0.730645859841544,
                        -0.5713898623305581,
                        -0.045612923758915846,
                        -3.2879390320918747,
                        4.231777409530331,
                        -4.022620722269322
                    ],
                    [
                        -1.8235298913804485,
                        2.7931799939207007,
                        2.0197263402852994,
                        2.3715727851192265,
                        -4.022620722269322,
                        8.705365802528352
                    ]
                ]
            },
            "est_tgt": [
                3
            ],
            "oracle_est_tgt": [
                3
            ]
        },
        "4": {
            "intv_type": "hard",
            "inode": 4,
            "new_mui": 100,
            "new_vari": 4.0,
            "noise_type": "gaussian",
            "obs_noise_gamma_shape": null,
            "true_params": {
                "Si": [
                    [
                        1.0,
                        -0.7680738496601859,
                        -0.08148470204778158,
                        0.7602068164443004,
                        0.0,
                        -1.3499253815228254
                    ],
                    [
                        -0.7680738496601859,
                        1.589937438531818,
                        0.9381011223219439,
                        -2.0597063175694443,
                        0.0,
                        2.4451322868089482
                    ],
                    [
                        -0.08148470204778158,
                        0.9381011223219439,
                        1.7731660154224342,
                        -1.985750375995775,
                        0.0,
                        1.9955596352096512
                    ],
                    [
                        0.7602068164443004,
                        -2.0597063175694443,
                        -1.985750375995775,
                        4.154991548438886,
                        0.0,
                        -3.5168359270233034
                    ],
                    [
                        0.0,
                        0.0,
                        0.0,
                        0.0,
                        4.0,
                        -2.8542334246462646
                    ],
                    [
                        -1.3499253815228254,
                        2.4451322868089482,
                        1.9955596352096512,
                        -3.5168359270233034,
                        -2.8542334246462646,
                        7.2681051973868795
                    ]
                ],
                "mui": [
                    0.0,
                    0.0,
                    0.0,
                    0.0,
                    100.0,
                    -71.35583561615661
                ],
                "Ai": [
                    [
                        0.0,
                        0.0,
                        0.0,
                        0.0,
                        0.0,
                        0.0
                    ],
                    [
                        -0.7680738496601859,
                        0.0,
                        0.0,
                        0.0,
                        0.0,
                        0.0
                    ],
                    [
                        0.5909753619389781,
                        0.875514853531691,
                        0.0,
                        0.0,
                        0.0,
                        0.0
                    ],
                    [
                        -0.0,
                        -0.9227395035910447,
                        -0.631710399547313,
                        0.0,
                        0.0,
                        0.0
                    ],
                    [
                        0.0,
                        0.0,
                        0.0,
                        0.0,
                        0.0,
                        0.0
                    ],
                    [
                        -0.6539149968338059,
                        0.8369441076214423,
                        0.6525826401945711,
                        -0.0,
                        -0.7135583561615662,
                        0.0
                    ]
                ]
            },
            "est_params": {
                "mui": [
                    0.001184857136930969,
                    -0.0021603606381343683,
                    0.009070423159982303,
                    -0.003547904245408481,
                    99.98070848106188,
                    -71.34541334877818
                ],
                "Si": [
                    [
                        1.0105405290061988,
                        -0.7758720067268198,
                        -0.08753120054065955,
                        0.7715759418300927,
                        -0.010113654626405642,
                        -1.3649981327852432
                    ],
                    [
                        -0.7758720067268198,
                        1.6268499026879235,
                        0.9623408531882759,
                        -2.1091069620374356,
                        0.005974251744805378,
                        2.51146094371983
                    ],
                    [
                        -0.08753120054065955,
                        0.9623408531882759,
                        1.781929783424741,
                        -1.997139826626048,
                        0.014044478732073578,
                        2.049932603450258
                    ],
                    [
                        0.7715759418300927,
                        -2.1091069620374356,
                        -1.997139826626048,
                        4.223457982415499,
                        -0.047082181376619334,
                        -3.5787628181826494
                    ],
                    [
                        -0.010113654626405642,
                        0.005974251744805378,
                        0.014044478732073578,
                        -0.047082181376619334,
                        3.9620554728994315,
                        -2.83187789674909
                    ],
                    [
                        -1.3649981327852432,
                        2.51146094371983,
                        2.049932603450258,
                        -3.5787628181826494,
                        -2.83187789674909,
                        7.3995007649921485
                    ]
                ]
            },
            "est_tgt": [
                4
            ],
            "oracle_est_tgt": [
                4
            ]
        },
        "5": {
            "intv_type": "hard",
            "inode": 5,
            "new_mui": 100,
            "new_vari": 4.0,
            "noise_type": "gaussian",
            "obs_noise_gamma_shape": null,
            "true_params": {
                "Si": [
                    [
                        1.0,
                        -0.7680738496601859,
                        -0.08148470204778158,
                        0.7602068164443004,
                        0.10369942493925553,
                        0.0
                    ],
                    [
                        -0.7680738496601859,
                        1.589937438531818,
                        0.9381011223219439,
                        -2.0597063175694443,
                        1.1292120486678083,
                        0.0
                    ],
                    [
                        -0.08148470204778158,
                        0.9381011223219439,
                        1.7731660154224342,
                        -1.985750375995775,
                        1.5673699002770336,
                        0.0
                    ],
                    [
                        0.7602068164443004,
                        -2.0597063175694443,
                        -1.985750375995775,
                        4.154991548438886,
                        -2.851208554747654,
                        0.0
                    ],
                    [
                        0.10369942493925553,
                        1.1292120486678083,
                        1.5673699002770336,
                        -2.851208554747654,
                        3.4107978588976953,
                        0.0
                    ],
                    [
                        0.0,
                        0.0,
                        0.0,
                        0.0,
                        0.0,
                        4.0
                    ]
                ],
                "mui": [
                    0.0,
                    0.0,
                    0.0,
                    0.0,
                    0.0,
                    100.0
                ],
                "Ai": [
                    [
                        0.0,
                        0.0,
                        0.0,
                        0.0,
                        0.0,
                        0.0
                    ],
                    [
                        -0.7680738496601859,
                        0.0,
                        0.0,
                        0.0,
                        0.0,
                        0.0
                    ],
                    [
                        0.5909753619389781,
                        0.875514853531691,
                        0.0,
                        0.0,
                        0.0,
                        0.0
                    ],
                    [
                        -0.0,
                        -0.9227395035910447,
                        -0.631710399547313,
                        0.0,
                        0.0,
                        0.0
                    ],
                    [
                        0.7263970855354283,
                        0.0,
                        0.0,
                        -0.8191161235684568,
                        0.0,
                        0.0
                    ],
                    [
                        0.0,
                        0.0,
                        0.0,
                        0.0,
                        0.0,
                        0.0
                    ]
                ]
            },
            "est_params": {
                "mui": [
                    -0.01064432982237021,
                    -0.009097582110777585,
                    -0.013342481470157005,
                    0.025852684091158453,
                    -0.03753433279439455,
                    100.00339603775019
                ],
                "Si": [
                    [
                        1.0193257956949782,
                        -0.7942315848867829,
                        -0.09695401045789682,
                        0.8043256294388315,
                        0.07016645931351817,
                        -0.015509294167423106
                    ],
                    [
                        -0.7942315848867829,
                        1.6120494051450873,
                        0.9468820710442124,
                        -2.1030672220520743,
                        1.1637939763722585,
                        4.237964970567597e-05
                    ],
                    [
                        -0.09695401045789682,
                        0.9468820710442124,
                        1.7783615211739885,
                        -1.9972142222756732,
                        1.5816035749141664,
                        -0.025861271338077158
                    ],
                    [
                        0.8043256294388315,
                        -2.1030672220520743,
                        -1.9972142222756732,
                        4.198371204293381,
                        -2.8908877402314688,
                        0.018589491439521776
                    ],
                    [
                        0.07016645931351817,
                        1.1637939763722585,
                        1.5816035749141664,
                        -2.8908877402314688,
                        3.4409980842240673,
                        -0.04315535523196479
                    ],
                    [
                        -0.015509294167423106,
                        4.237964970567597e-05,
                        -0.025861271338077158,
                        0.018589491439521776,
                        -0.04315535523196479,
                        3.91052354217096
                    ]
                ]
            },
            "est_tgt": [
                5
            ],
            "oracle_est_tgt": [
                5
            ]
        },
        "obs": {
            "intv_type": "obs",
            "noise_type": "gaussian",
            "obs_noise_gamma_shape": null,
            "true_params": {
                "Si": [
                    [
                        1.0,
                        -0.7680738496601859,
                        -0.08148470204778158,
                        0.7602068164443004,
                        0.10369942493925553,
                        -1.4239209727173803
                    ],
                    [
                        -0.7680738496601859,
                        1.589937438531818,
                        0.9381011223219439,
                        -2.0597063175694443,
                        1.1292120486678083,
                        1.6393735936037124
                    ],
                    [
                        -0.08148470204778158,
                        0.9381011223219439,
                        1.7731660154224342,
                        -1.985750375995775,
                        1.5673699002770336,
                        0.8771497456708535
                    ],
                    [
                        0.7602068164443004,
                        -2.0597063175694443,
                        -1.985750375995775,
                        4.154991548438886,
                        -2.851208554747654,
                        -1.482332237623773
                    ],
                    [
                        0.10369942493925553,
                        1.1292120486678083,
                        1.5673699002770336,
                        -2.851208554747654,
                        3.4107978588976953,
                        -0.5336881644533017
                    ],
                    [
                        -1.4239209727173803,
                        1.6393735936037124,
                        0.8771497456708535,
                        -1.482332237623773,
                        -0.5336881644533017,
                        4.256417693928955
                    ]
                ],
                "mui": [
                    0.0,
                    0.0,
                    0.0,
                    0.0,
                    0.0,
                    0.0
                ],
                "Ai": [
                    [
