{
    "expt_args": {
        "save_dir": "all_expt_logs/expt_logs_sim_compsel_backward_cameraready_new_var_largemean",
        "exp_name": "460",
        "num_nodes": 6,
        "num_tgt_prior": 7,
        "obs_noise_mean": 0.0,
        "obs_noise_var": 1.0,
        "obs_noise_gamma_shape": null,
        "noise_type": "gaussian",
        "max_edge_strength": 1.0,
        "graph_sparsity_method": "adj_dense_prop",
        "adj_dense_prop": 0.8,
        "num_parents": null,
        "new_noise_mean": 100,
        "mix_samples": 524288,
        "stage2_samples": 524288,
        "gmm_tol": 0.001,
        "intv_type": "hard",
        "new_noise_var": 1.0,
        "dtype": "simulation",
        "cutoff_drop_ratio": 0.07,
        "intv_targets": [
            0,
            1,
            2,
            3,
            4,
            5
        ]
    },
    "intv_args_dict": {
        "0": {
            "intv_type": "hard",
            "inode": 0,
            "new_mui": 100,
            "new_vari": 1.0,
            "noise_type": "gaussian",
            "obs_noise_gamma_shape": null,
            "true_params": {
                "Si": [
                    [
                        1.0,
                        -0.8488364755959378,
                        1.5382245481414119,
                        -2.2764444627400744,
                        -1.961167397241558,
                        -2.431305680831356
                    ],
                    [
                        -0.8488364755959378,
                        1.7205233623021332,
                        -1.995701896162081,
                        3.510961933017759,
                        3.632369690891495,
                        3.6236673381409465
                    ],
                    [
                        1.5382245481414119,
                        -1.995701896162081,
                        3.842235853524226,
                        -5.574055699319522,
                        -5.698029130960641,
                        -5.933848855917577
                    ],
                    [
                        -2.2764444627400744,
                        3.510961933017759,
                        -5.574055699319522,
                        9.640796203223454,
                        9.455509560865233,
                        10.447771185381377
                    ],
                    [
                        -1.961167397241558,
                        3.632369690891495,
                        -5.698029130960641,
                        9.455509560865233,
                        10.810358071139355,
                        10.770289578823126
                    ],
                    [
                        -2.431305680831356,
                        3.6236673381409465,
                        -5.933848855917577,
                        10.447771185381377,
                        10.770289578823126,
                        12.8626596317459
                    ]
                ],
                "mui": [
                    100.0,
                    -84.88364755959378,
                    153.8224548141412,
                    -227.64444627400744,
                    -196.1167397241558,
                    -243.13056808313559
                ],
                "Ai": [
                    [
                        0.0,
                        0.0,
                        0.0,
                        0.0,
                        0.0,
                        0.0
                    ],
                    [
                        -0.8488364755959378,
                        0.0,
                        0.0,
                        0.0,
                        0.0,
                        0.0
                    ],
                    [
                        0.9525267076655901,
                        -0.690000792042571,
                        0.0,
                        0.0,
                        0.0,
                        0.0
                    ],
                    [
                        -0.0,
                        0.9002826852609023,
                        -0.9831150354285849,
                        0.0,
                        0.0,
                        0.0
                    ],
                    [
                        0.9698434812490739,
                        0.5290120236724389,
                        -0.7499478480858319,
                        0.5835319107316461,
                        0.0,
                        0.0
                    ],
                    [
                        -0.6872270092342022,
                        -0.7798694448750685,
                        0.709768844546097,
                        0.9639591966935102,
                        0.6646268895810028,
                        0.0
                    ]
                ]
            },
            "est_params": {
                "mui": [
                    99.99846044401946,
                    -84.87880121339957,
                    153.8143557748223,
                    -227.6298646002546,
                    -196.1002424777192,
                    -243.1130944951294
                ],
                "Si": [
                    [
                        1.006441165063658,
                        -0.8643206566920529,
                        1.5541566394341184,
                        -2.308945894837205,
                        -1.9910637920323582,
                        -2.4553965583018265
                    ],
                    [
                        -0.8643206566920529,
                        1.7453798956475288,
                        -2.0215803665989482,
                        3.5616178447512747,
                        3.675827460498035,
                        3.6648471983957
                    ],
                    [
                        1.5541566394341184,
                        -2.0215803665989482,
                        3.8718543431531254,
                        -5.6332649977427955,
                        -5.750008288712924,
                        -5.980633412725358
                    ],
                    [
                        -2.308945894837205,
                        3.5616178447512747,
                        -5.6332649977427955,
                        9.749602548487381,
                        9.54928386842849,
                        10.539052888409472
                    ],
                    [
                        -1.9910637920323582,
                        3.675827460498035,
                        -5.750008288712924,
                        9.54928386842849,
                        10.88741341912597,
                        10.848384287765988
                    ],
                    [
                        -2.4553965583018265,
                        3.6648471983957,
                        -5.980633412725358,
                        10.539052888409472,
                        10.848384287765988,
                        12.943009539638064
                    ]
                ]
            },
            "est_tgt": [
                0,
                5
            ],
            "oracle_est_tgt": [
                0,
                5
            ]
        },
        "1": {
            "intv_type": "hard",
            "inode": 1,
            "new_mui": 100,
            "new_vari": 1.0,
            "noise_type": "gaussian",
            "obs_noise_gamma_shape": null,
            "true_params": {
                "Si": [
                    [
                        1.0,
                        0.0,
                        0.9525267076655901,
                        -0.93644332795333,
                        -0.29094643786152585,
                        -1.1072172127285662
                    ],
                    [
                        0.0,
                        1.0,
                        -0.690000792042571,
                        1.578632838375586,
                        1.9676592693633124,
                        1.5598863929276767
                    ],
                    [
                        0.9525267076655901,
                        -0.690000792042571,
                        2.383408221835624,
                        -2.964360224342945,
                        -2.9584475500723464,
                        -3.24860873993813
                    ],
                    [
                        -0.93644332795333,
                        1.578632838375586,
                        -2.964360224342945,
                        5.335522917751815,
                        5.263475749435539,
                        5.949885002479101
                    ],
                    [
                        -0.29094643786152585,
                        1.9676592693633124,
                        -2.9584475500723464,
                        5.263475749435539,
                        7.04883034084044,
                        6.324233048830825
                    ],
                    [
                        -1.1072172127285662,
                        1.5598863929276767,
                        -3.24860873993813,
                        5.949885002479101,
                        6.324233048830825,
                        8.177342274265495
                    ]
                ],
                "mui": [
                    0.0,
                    100.0,
                    -69.0000792042571,
                    157.8632838375586,
                    196.76592693633123,
                    155.9886392927677
                ],
                "Ai": [
                    [
                        0.0,
                        0.0,
                        0.0,
                        0.0,
                        0.0,
                        0.0
                    ],
                    [
                        0.0,
                        0.0,
                        0.0,
                        0.0,
                        0.0,
                        0.0
                    ],
                    [
                        0.9525267076655901,
                        -0.690000792042571,
                        0.0,
                        0.0,
                        0.0,
                        0.0
                    ],
                    [
                        -0.0,
                        0.9002826852609023,
                        -0.9831150354285849,
                        0.0,
                        0.0,
                        0.0
                    ],
                    [
                        0.9698434812490739,
                        0.5290120236724389,
                        -0.7499478480858319,
                        0.5835319107316461,
                        0.0,
                        0.0
                    ],
                    [
                        -0.6872270092342022,
                        -0.7798694448750685,
                        0.709768844546097,
                        0.9639591966935102,
                        0.6646268895810028,
                        0.0
                    ]
                ]
            },
            "est_params": {
                "mui": [
                    -0.0004263720903978928,
                    99.99404821141574,
                    -69.00196562829042,
                    157.8654446367826,
                    196.76197041243762,
                    155.99431836949597
                ],
                "Si": [
                    [
                        1.0078204167340823,
                        0.0053942844146732385,
                        0.956636114531144,
                        -0.9333116122560516,
                        -0.28697206271990927,
                        -1.1059227916804808
                    ],
                    [
                        0.0053942844146732385,
                        1.0045353721568564,
                        -0.6922882274277553,
                        1.58778699716729,
                        1.9861370765431767,
                        1.5678183344385812
                    ],
                    [
                        0.956636114531144,
                        -0.6922882274277553,
                        2.3881040864609857,
                        -2.96231046477383,
                        -2.9651624528115095,
                        -3.244316934027293
                    ],
                    [
                        -0.9333116122560516,
                        1.58778699716729,
                        -2.96231046477383,
                        5.3280600883363896,
                        5.273712299158329,
                        5.932676763782812
                    ],
                    [
                        -0.28697206271990927,
                        1.9861370765431767,
                        -2.9651624528115095,
                        5.273712299158329,
                        7.0744984701054605,
                        6.31827390600677
                    ],
                    [
                        -1.1059227916804808,
                        1.5678183344385812,
                        -3.244316934027293,
                        5.932676763782812,
                        6.31827390600677,
                        8.14046132381823
                    ]
                ]
            },
            "est_tgt": [
                1
            ],
            "oracle_est_tgt": [
                1
            ]
        },
        "2": {
            "intv_type": "hard",
            "inode": 2,
            "new_mui": 100,
            "new_vari": 1.0,
            "noise_type": "gaussian",
            "obs_noise_gamma_shape": null,
            "true_params": {
                "Si": [
                    [
                        1.0,
                        -0.8488364755959378,
                        0.0,
                        -0.7641927815969112,
                        0.07486790551450898,
                        -0.7121368149170737
                    ],
                    [
                        -0.8488364755959378,
                        1.7205233623021332,
                        0.0,
                        1.5489573926674804,
                        0.9908050901491651,
                        1.3932071821946295
                    ],
                    [
                        0.0,
                        0.0,
                        1.0,
                        -0.9831150354285849,
                        -1.3236268431784841,
                        -1.1176319270105912
                    ],
                    [
                        -0.7641927815969112,
                        1.5489573926674804,
                        -0.9831150354285849,
                        3.361014693711153,
                        2.776814028686948,
                        3.7048312501244345
                    ],
                    [
                        0.07486790551450898,
                        0.9908050901491651,
                        -1.3236268431784841,
                        2.776814028686948,
                        4.209768654539264,
                        3.711041909660997
                    ],
                    [
                        -0.7121368149170737,
                        1.3932071821946295,
                        -1.1176319270105912,
                        3.7048312501244345,
                        3.711041909660997,
                        5.6473840175225085
                    ]
                ],
                "mui": [
                    0.0,
                    0.0,
                    100.0,
                    -98.31150354285849,
                    -132.36268431784842,
                    -111.76319270105913
                ],
                "Ai": [
                    [
                        0.0,
                        0.0,
                        0.0,
                        0.0,
                        0.0,
                        0.0
                    ],
                    [
                        -0.8488364755959378,
                        0.0,
                        0.0,
                        0.0,
                        0.0,
                        0.0
                    ],
                    [
                        0.0,
                        0.0,
                        0.0,
                        0.0,
                        0.0,
                        0.0
                    ],
                    [
                        -0.0,
                        0.9002826852609023,
                        -0.9831150354285849,
                        0.0,
                        0.0,
                        0.0
                    ],
                    [
                        0.9698434812490739,
                        0.5290120236724389,
                        -0.7499478480858319,
                        0.5835319107316461,
                        0.0,
                        0.0
                    ],
                    [
                        -0.6872270092342022,
                        -0.7798694448750685,
                        0.709768844546097,
                        0.9639591966935102,
                        0.6646268895810028,
                        0.0
                    ]
                ]
            },
            "est_params": {
                "mui": [
                    -0.0048245235128959755,
                    -0.0008181446051514527,
                    99.99951021704145,
                    -98.31507924305066,
                    -132.3707190799889,
                    -111.7673622802614
                ],
                "Si": [
                    [
                        0.9971636976770494,
                        -0.8466302389711344,
                        0.00018520496772979683,
                        -0.7597838399542783,
                        0.07700272352212303,
                        -0.7091326605401799
                    ],
                    [
                        -0.8466302389711344,
                        1.718301555515846,
                        0.0006237153973160349,
                        1.5489093055168177,
                        0.9884038208722377,
                        1.4024223063996164
                    ],
                    [
                        0.00018520496772979683,
                        0.0006237153973160349,
                        1.0025961296457104,
                        -0.9876901884162799,
                        -1.332550023376512,
                        -1.127195337864545
                    ],
                    [
                        -0.7597838399542783,
                        1.5489093055168177,
                        -0.9876901884162799,
                        3.371346578586775,
                        2.7937791458282115,
                        3.7254037052012796
                    ],
                    [
                        0.07700272352212303,
                        0.9884038208722377,
                        -1.332550023376512,
                        2.7937791458282115,
                        4.228703916848941,
                        3.7393914136409268
                    ],
                    [
                        -0.7091326605401799,
                        1.4024223063996164,
                        -1.127195337864545,
                        3.7254037052012796,
                        3.7393914136409268,
                        5.670977086002172
                    ]
                ]
            },
            "est_tgt": [
                2
            ],
            "oracle_est_tgt": [
                2,
                5
            ]
        },
        "3": {
            "intv_type": "hard",
            "inode": 3,
            "new_mui": 100,
            "new_vari": 1.0,
            "noise_type": "gaussian",
            "obs_noise_gamma_shape": null,
            "true_params": {
                "Si": [
                    [
                        1.0,
                        -0.8488364755959378,
                        1.5382245481414119,
                        0.0,
                        -0.6327894102243669,
                        0.6459696244880653
                    ],
                    [
                        -0.8488364755959378,
                        1.7205233623021332,
                        -1.995701896162081,
                        0.0,
                        1.5836113656115685,
                        -1.1224165796663277
                    ],
                    [
                        1.5382245481414119,
                        -1.995701896162081,
                        3.842235853524226,
                        0.0,
                        -2.4453897582120985,
                        1.6011049875619183
                    ],
                    [
                        0.0,
                        0.0,
                        0.0,
                        1.0,
                        0.5835319107316461,
                        1.3517901954943434
                    ],
                    [
                        -0.6327894102243669,
                        1.5836113656115685,
                        -2.4453897582120985,
                        0.5835319107316461,
                        3.3984670464677245,
                        0.28541192846645025
                    ],
                    [
                        0.6459696244880653,
                        -1.1224165796663277,
                        1.6011049875619183,
                        1.3517901954943434,
                        0.28541192846645025,
                        4.060588092041556
                    ]
                ],
                "mui": [
                    0.0,
                    0.0,
                    0.0,
                    100.0,
                    58.35319107316461,
                    135.17901954943434
                ],
                "Ai": [
                    [
                        0.0,
                        0.0,
                        0.0,
                        0.0,
                        0.0,
                        0.0
                    ],
                    [
                        -0.8488364755959378,
                        0.0,
                        0.0,
                        0.0,
                        0.0,
                        0.0
                    ],
                    [
                        0.9525267076655901,
                        -0.690000792042571,
                        0.0,
                        0.0,
                        0.0,
                        0.0
                    ],
                    [
                        0.0,
                        0.0,
                        0.0,
                        0.0,
                        0.0,
                        0.0
                    ],
                    [
                        0.9698434812490739,
                        0.5290120236724389,
                        -0.7499478480858319,
                        0.5835319107316461,
                        0.0,
                        0.0
                    ],
                    [
                        -0.6872270092342022,
                        -0.7798694448750685,
                        0.709768844546097,
                        0.9639591966935102,
                        0.6646268895810028,
                        0.0
                    ]
                ]
            },
            "est_params": {
                "mui": [
                    0.0023665907162348744,
                    0.00013683481463294198,
                    0.004049938651553759,
                    99.9990169212132,
                    58.351692906006974,
                    135.17784738629737
                ],
                "Si": [
                    [
                        1.0039797899594767,
                        -0.853300910320101,
                        1.5411439500545971,
                        -0.003619606709789708,
                        -0.6372537765749097,
                        0.6457422703541797
                    ],
                    [
                        -0.853300910320101,
                        1.7296932860398428,
                        -1.9995767209733442,
                        0.002212790439722799,
                        1.5976896388084243,
                        -1.1240350172023723
                    ],
                    [
                        1.5411439500545971,
                        -1.9995767209733442,
                        3.8323003857847215,
                        -0.0010233785035281158,
                        -2.4448811464338367,
                        1.6067453580389004
                    ],
                    [
                        -0.003619606709789708,
                        0.002212790439722799,
                        -0.0010233785035281158,
                        1.0005520064870628,
                        0.5845310476431731,
                        1.3517408765270542
                    ],
                    [
                        -0.6372537765749097,
                        1.5976896388084243,
                        -2.4448811464338367,
                        0.5845310476431731,
                        3.4057996934094246,
                        0.2783531666187822
                    ],
                    [
                        0.6457422703541797,
                        -1.1240350172023723,
                        1.6067453580389004,
                        1.3517408765270542,
                        0.2783531666187822,
                        4.072959228581851
                    ]
                ]
            },
            "est_tgt": [
                3
            ],
            "oracle_est_tgt": [
                3
            ]
        },
        "4": {
            "intv_type": "hard",
            "inode": 4,
            "new_mui": 100,
            "new_vari": 1.0,
            "noise_type": "gaussian",
            "obs_noise_gamma_shape": null,
            "true_params": {
                "Si": [
                    [
                        1.0,
                        -0.8488364755959378,
                        1.5382245481414119,
                        -2.2764444627400744,
                        0.0,
                        -1.127861093655028
                    ],
                    [
                        -0.8488364755959378,
                        1.7205233623021332,
                        -1.995701896162081,
                        3.510961933017759,
                        0.0,
                        1.2094967686754239
                    ],
                    [
                        1.5382245481414119,
                        -1.995701896162081,
                        3.842235853524226,
                        -5.574055699319522,
                        0.0,
                        -2.146785477865262
                    ],
                    [
                        -2.2764444627400744,
                        3.510961933017759,
                        -5.574055699319522,
                        9.640796203223454,
                        0.0,
                        4.163385276540083
                    ],
                    [
                        0.0,
                        0.0,
                        0.0,
                        0.0,
                        1.0,
                        0.6646268895810028
                    ],
                    [
                        -1.127861093655028,
                        1.2094967686754239,
                        -2.146785477865262,
                        4.163385276540083,
                        0.6646268895810028,
                        3.7631880135995868
                    ]
                ],
                "mui": [
                    0.0,
                    0.0,
                    0.0,
                    0.0,
                    100.0,
                    66.46268895810027
                ],
                "Ai": [
                    [
                        0.0,
                        0.0,
                        0.0,
                        0.0,
                        0.0,
                        0.0
                    ],
                    [
                        -0.8488364755959378,
                        0.0,
                        0.0,
                        0.0,
                        0.0,
                        0.0
                    ],
                    [
                        0.9525267076655901,
                        -0.690000792042571,
                        0.0,
                        0.0,
                        0.0,
                        0.0
                    ],
                    [
                        -0.0,
                        0.9002826852609023,
                        -0.9831150354285849,
                        0.0,
                        0.0,
                        0.0
                    ],
                    [
                        0.0,
                        0.0,
                        0.0,
                        0.0,
                        0.0,
                        0.0
                    ],
                    [
                        -0.6872270092342022,
                        -0.7798694448750685,
                        0.709768844546097,
                        0.9639591966935102,
                        0.6646268895810028,
                        0.0
                    ]
                ]
            },
            "est_params": {
                "mui": [
                    -7.805635075663809e-05,
                    -0.0008556903960661879,
                    0.004291331525520548,
                    -0.002567298419288086,
                    99.99680479070886,
                    66.45003263398215
                ],
                "Si": [
                    [
                        1.0023204995594888,
                        -0.848394165923125,
                        1.542416859290788,
                        -2.276100847107496,
                        -0.001785900772918643,
                        -1.1254085795795898
                    ],
                    [
                        -0.848394165923125,
                        1.7202863281638825,
                        -1.9921375455243668,
                        3.501509290788382,
                        -0.0052687652023269615,
                        1.1997044873609959
                    ],
                    [
                        1.542416859290788,
                        -1.9921375455243668,
                        3.846264111827289,
                        -5.573107024793538,
                        0.0059512503296280115,
                        -2.141900656533092
                    ],
                    [
                        -2.276100847107496,
                        3.501509290788382,
                        -5.573107024793538,
                        9.627439986779763,
                        -0.014017620507910054,
                        4.149286942747563
                    ],
                    [
                        -0.001785900772918643,
                        -0.0052687652023269615,
                        0.0059512503296280115,
                        -0.014017620507910054,
                        1.012496253782977,
                        0.6693817575590733
                    ],
                    [
                        -1.1254085795795898,
                        1.1997044873609959,
                        -2.141900656533092,
                        4.149286942747563,
                        0.6693817575590733,
                        3.7613108767751466
                    ]
                ]
            },
            "est_tgt": [
                4
            ],
            "oracle_est_tgt": [
                4,
                5
            ]
        },
        "5": {
            "intv_type": "hard",
            "inode": 5,
            "new_mui": 100,
            "new_vari": 1.0,
            "noise_type": "gaussian",
            "obs_noise_gamma_shape": null,
            "true_params": {
                "Si": [
                    [
                        1.0,
                        -0.8488364755959378,
                        1.5382245481414119,
                        -2.2764444627400744,
                        -1.961167397241558,
                        0.0
                    ],
                    [
                        -0.8488364755959378,
                        1.7205233623021332,
                        -1.995701896162081,
                        3.510961933017759,
                        3.632369690891495,
                        0.0
                    ],
                    [
                        1.5382245481414119,
                        -1.995701896162081,
                        3.842235853524226,
                        -5.574055699319522,
                        -5.698029130960641,
                        0.0
                    ],
                    [
                        -2.2764444627400744,
                        3.510961933017759,
                        -5.574055699319522,
                        9.640796203223454,
                        9.455509560865233,
                        0.0
                    ],
                    [
                        -1.961167397241558,
                        3.632369690891495,
                        -5.698029130960641,
                        9.455509560865233,
                        10.810358071139355,
                        0.0
                    ],
                    [
                        0.0,
                        0.0,
                        0.0,
                        0.0,
                        0.0,
                        1.0
                    ]
                ],
                "mui": [
                    0.0,
                    0.0,
                    0.0,
                    0.0,
                    0.0,
                    100.0
                ],
                "Ai": [
                    [
                        0.0,
                        0.0,
                        0.0,
                        0.0,
                        0.0,
                        0.0
                    ],
                    [
                        -0.8488364755959378,
                        0.0,
                        0.0,
                        0.0,
                        0.0,
                        0.0
                    ],
                    [
                        0.9525267076655901,
                        -0.690000792042571,
                        0.0,
                        0.0,
                        0.0,
                        0.0
                    ],
                    [
                        -0.0,
                        0.9002826852609023,
                        -0.9831150354285849,
                        0.0,
                        0.0,
                        0.0
                    ],
                    [
                        0.9698434812490739,
                        0.5290120236724389,
                        -0.7499478480858319,
                        0.5835319107316461,
                        0.0,
                        0.0
                    ],
                    [
                        0.0,
                        0.0,
                        0.0,
                        0.0,
                        0.0,
                        0.0
                    ]
                ]
            },
            "est_params": {
                "mui": [
                    -0.002914321856308388,
                    0.00316633674067271,
                    0.0033994226183908147,
                    0.003623498734835653,
                    -0.0013487572850409035,
                    99.99823690520803
                ],
                "Si": [
                    [
                        1.0017855832909808,
                        -0.8494849019247247,
                        1.538193570185429,
                        -2.2778933234826244,
                        -1.9586773786883698,
                        -0.0008366097522918809
                    ],
                    [
                        -0.8494849019247247,
                        1.7203824747258962,
                        -1.9935785419643193,
                        3.506755249175927,
                        3.62451086735216,
                        -0.0004426739401096707
                    ],
                    [
                        1.538193570185429,
                        -1.9935785419643193,
                        3.846376831973922,
                        -5.577160629014616,
                        -5.7081182722683925,
                        -0.006247483578954408
                    ],
                    [
                        -2.2778933234826244,
                        3.506755249175927,
                        -5.577160629014616,
                        9.641854347378887,
                        9.458565567778141,
                        0.009250138097257036
                    ],
                    [
                        -1.9586773786883698,
                        3.62451086735216,
                        -5.7081182722683925,
                        9.458565567778141,
                        10.823059016598684,
                        0.006884236210993013
                    ],
                    [
                        -0.0008366097522918809,
                        -0.0004426739401096707,
                        -0.006247483578954408,
                        0.009250138097257036,
                        0.006884236210993013,
                        1.0015027802910017
                    ]
                ]
            },
            "est_tgt": [
                5
            ],
            "oracle_est_tgt": [
                4,
                5
            ]
        },
        "obs": {
            "intv_type": "obs",
            "noise_type": "gaussian",
            "obs_noise_gamma_shape": null,
            "true_params": {
                "Si": [
                    [
                        1.0,
                        -0.8488364755959378,
                        1.5382245481414119,
                        -2.2764444627400744,
                        -1.961167397241558,
                        -2.431305680831356
                    ],
                    [
                        -0.8488364755959378,
                        1.7205233623021332,
                        -1.995701896162081,
                        3.510961933017759,
                        3.632369690891495,
                        3.6236673381409465
                    ],
                    [
                        1.5382245481414119,
                        -1.995701896162081,
                        3.842235853524226,
                        -5.574055699319522,
                        -5.698029130960641,
                        -5.933848855917577
                    ],
                    [
                        -2.2764444627400744,
                        3.510961933017759,
                        -5.574055699319522,
                        9.640796203223454,
                        9.455509560865233,
                        10.447771185381377
                    ],
                    [
                        -1.961167397241558,
                        3.632369690891495,
                        -5.698029130960641,
                        9.455509560865233,
                        10.810358071139355,
                        10.770289578823126
                    ],
                    [
                        -2.431305680831356,
                        3.6236673381409465,
                        -5.933848855917577,
                        10.447771185381377,
                        10.770289578823126,
                        12.8626596317459
