{
    "expt_args": {
        "save_dir": "all_expt_logs/expt_logs_sim_compsel_backward_cameraready_new_var_largemean",
        "exp_name": "69",
        "num_nodes": 6,
        "num_tgt_prior": 7,
        "obs_noise_mean": 0.0,
        "obs_noise_var": 1.0,
        "obs_noise_gamma_shape": null,
        "noise_type": "gaussian",
        "max_edge_strength": 1.0,
        "graph_sparsity_method": "adj_dense_prop",
        "adj_dense_prop": 0.8,
        "num_parents": null,
        "new_noise_mean": 100,
        "mix_samples": 8192,
        "stage2_samples": 8192,
        "gmm_tol": 0.001,
        "intv_type": "hard",
        "new_noise_var": 1.0,
        "dtype": "simulation",
        "cutoff_drop_ratio": 0.07,
        "intv_targets": [
            0,
            1,
            2,
            3,
            4,
            5
        ]
    },
    "intv_args_dict": {
        "0": {
            "intv_type": "hard",
            "inode": 0,
            "new_mui": 100,
            "new_vari": 1.0,
            "noise_type": "gaussian",
            "obs_noise_gamma_shape": null,
            "true_params": {
                "Si": [
                    [
                        1.0,
                        0.0,
                        0.0,
                        -0.8776893068906739,
                        1.5564630131296382,
                        -0.4276451358310518
                    ],
                    [
                        0.0,
                        1.0,
                        0.8597401669665647,
                        -0.5431326259253194,
                        -0.3929556130060707,
                        0.8585874637261989
                    ],
                    [
                        0.0,
                        0.8597401669665647,
                        1.7391531546956966,
                        -1.098693368170749,
                        0.2581532130785705,
                        0.3032711423808239
                    ],
                    [
                        -0.8776893068906739,
                        -0.5431326259253194,
                        -1.098693368170749,
                        2.4644275443117682,
                        -2.4725910317874233,
                        0.8721523009570455
                    ],
                    [
                        1.5564630131296382,
                        -0.3929556130060707,
                        0.2581532130785705,
                        -2.4725910317874233,
                        4.822229283412833,
                        -2.641331751133108
                    ],
                    [
                        -0.4276451358310518,
                        0.8585874637261989,
                        0.3032711423808239,
                        0.8721523009570455,
                        -2.641331751133108,
                        3.1155291283821294
                    ]
                ],
                "mui": [
                    100.0,
                    0.0,
                    0.0,
                    -87.76893068906739,
                    155.64630131296383,
                    -42.76451358310518
                ],
                "Ai": [
                    [
                        0.0,
                        0.0,
                        0.0,
                        0.0,
                        0.0,
                        0.0
                    ],
                    [
                        -0.0,
                        0.0,
                        0.0,
                        0.0,
                        0.0,
                        0.0
                    ],
                    [
                        0.0,
                        0.8597401669665647,
                        0.0,
                        0.0,
                        0.0,
                        0.0
                    ],
                    [
                        -0.8776893068906739,
                        -0.0,
                        -0.6317404336727259,
                        0.0,
                        0.0,
                        0.0
                    ],
                    [
                        0.7284384000614568,
                        -0.9053546805300146,
                        0.0,
                        -0.9434142658084373,
                        0.0,
                        0.0
                    ],
                    [
                        0.7080927120115212,
                        0.5718510887218275,
                        -0.0,
                        0.0,
                        -0.7296915109848339,
                        0.0
                    ]
                ]
            },
            "est_params": {
                "mui": [
                    100.01433344201095,
                    -0.026822166566438217,
                    -0.03752800910742073,
                    -87.79075003179562,
                    155.6537121254852,
                    -42.699718843719126
                ],
                "Si": [
                    [
                        0.9919599967028958,
                        -0.010157307978381923,
                        -0.09585615722091853,
                        -0.8536181471116212,
                        1.525576513284843,
                        -0.40382401476376084
                    ],
                    [
                        -0.010157307978381923,
                        0.9607595525935516,
                        0.7718538137359483,
                        -0.49429433162425057,
                        -0.37197796563602287,
                        0.7909638504544844
                    ],
                    [
                        -0.09585615722091853,
                        0.7718538137359483,
                        1.606870214223641,
                        -0.9557912692679545,
                        0.11795629361607428,
                        0.2842016717136353
                    ],
                    [
                        -0.8536181471116212,
                        -0.49429433162425057,
                        -0.9557912692679545,
                        2.3948975165122803,
                        -2.434437355062489,
                        0.8347265773390844
                    ],
                    [
                        1.525576513284843,
                        -0.37197796563602287,
                        0.11795629361607428,
                        -2.434437355062489,
                        4.719905063328843,
                        -2.4737448080411375
                    ],
                    [
                        -0.40382401476376084,
                        0.7909638504544844,
                        0.2842016717136353,
                        0.8347265773390844,
                        -2.4737448080411375,
                        2.865709920548776
                    ]
                ]
            },
            "est_tgt": [
                0
            ],
            "oracle_est_tgt": [
                0
            ]
        },
        "1": {
            "intv_type": "hard",
            "inode": 1,
            "new_mui": 100,
            "new_vari": 1.0,
            "noise_type": "gaussian",
            "obs_noise_gamma_shape": null,
            "true_params": {
                "Si": [
                    [
                        1.0,
                        0.0,
                        0.0,
                        -0.8776893068906739,
                        1.5564630131296382,
                        -0.4276451358310518
                    ],
                    [
                        0.0,
                        1.0,
                        0.8597401669665647,
                        -0.5431326259253194,
                        -0.3929556130060707,
                        0.8585874637261989
                    ],
                    [
                        0.0,
                        0.8597401669665647,
                        1.7391531546956966,
                        -1.098693368170749,
                        0.2581532130785705,
                        0.3032711423808239
                    ],
                    [
                        -0.8776893068906739,
                        -0.5431326259253194,
                        -1.098693368170749,
                        2.4644275443117682,
                        -2.4725910317874233,
                        0.8721523009570455
                    ],
                    [
                        1.5564630131296382,
                        -0.3929556130060707,
                        0.2581532130785705,
                        -2.4725910317874233,
                        4.822229283412833,
                        -2.641331751133108
                    ],
                    [
                        -0.4276451358310518,
                        0.8585874637261989,
                        0.3032711423808239,
                        0.8721523009570455,
                        -2.641331751133108,
                        3.1155291283821294
                    ]
                ],
                "mui": [
                    0.0,
                    100.0,
                    85.97401669665648,
                    -54.31326259253194,
                    -39.29556130060707,
                    85.85874637261989
                ],
                "Ai": [
                    [
                        0.0,
                        0.0,
                        0.0,
                        0.0,
                        0.0,
                        0.0
                    ],
                    [
                        0.0,
                        0.0,
                        0.0,
                        0.0,
                        0.0,
                        0.0
                    ],
                    [
                        0.0,
                        0.8597401669665647,
                        0.0,
                        0.0,
                        0.0,
                        0.0
                    ],
                    [
                        -0.8776893068906739,
                        -0.0,
                        -0.6317404336727259,
                        0.0,
                        0.0,
                        0.0
                    ],
                    [
                        0.7284384000614568,
                        -0.9053546805300146,
                        0.0,
                        -0.9434142658084373,
                        0.0,
                        0.0
                    ],
                    [
                        0.7080927120115212,
                        0.5718510887218275,
                        -0.0,
                        0.0,
                        -0.7296915109848339,
                        0.0
                    ]
                ]
            },
            "est_params": {
                "mui": [
                    -0.03625190178605164,
                    100.03383030128349,
                    85.99316902257988,
                    -54.23907070888963,
                    -39.460882399236304,
                    85.94985096473033
                ],
                "Si": [
                    [
                        1.0541154776364454,
                        0.012355249408178967,
                        0.029661210804890703,
                        -0.9359110042352881,
                        1.6710759889370053,
                        -0.4446849129584548
                    ],
                    [
                        0.012355249408178967,
                        1.0139426728822534,
                        0.8759831373345782,
                        -0.5633627333524206,
                        -0.4135651160712014,
                        0.9102765976810167
                    ],
                    [
                        0.029661210804890703,
                        0.8759831373345782,
                        1.8270967605236756,
                        -1.2105335288366943,
                        0.30151134408827934,
                        0.285508423754457
                    ],
                    [
                        -0.9359110042352881,
                        -0.5633627333524206,
                        -1.2105335288366943,
                        2.634366055146974,
                        -2.5985579011267324,
                        0.909714342173956
                    ],
                    [
                        1.6710759889370053,
                        -0.4135651160712014,
                        0.30151134408827934,
                        -2.5985579011267324,
                        5.053098961308989,
                        -2.7033030542745875
                    ],
                    [
                        -0.4446849129584548,
                        0.9102765976810167,
                        0.285508423754457,
                        0.909714342173956,
                        -2.7033030542745875,
                        3.126664554744318
                    ]
                ]
            },
            "est_tgt": [
                1
            ],
            "oracle_est_tgt": [
                1
            ]
        },
        "2": {
            "intv_type": "hard",
            "inode": 2,
            "new_mui": 100,
            "new_vari": 1.0,
            "noise_type": "gaussian",
            "obs_noise_gamma_shape": null,
            "true_params": {
                "Si": [
                    [
                        1.0,
                        0.0,
                        0.0,
                        -0.8776893068906739,
                        1.5564630131296382,
                        -0.4276451358310518
                    ],
                    [
                        0.0,
                        1.0,
                        0.0,
                        0.0,
                        -0.9053546805300146,
                        1.2324807135349656
                    ],
                    [
                        0.0,
                        0.0,
                        1.0,
                        -0.6317404336727259,
                        0.5959929374148585,
                        -0.4348909870385376
                    ],
                    [
                        -0.8776893068906739,
                        0.0,
                        -0.6317404336727259,
                        2.169434494967235,
                        -2.686018045751504,
                        1.3384791647172158
                    ],
                    [
                        1.5564630131296382,
                        -0.9053546805300146,
                        0.5959929374148585,
                        -2.686018045751504,
                        5.487482267177461,
                        -3.4197771706671056
                    ],
                    [
                        -0.4276451358310518,
                        1.2324807135349656,
                        -0.4348909870385376,
                        1.3384791647172158,
                        -3.4197771706671056,
                        3.8973654047500004
                    ]
                ],
                "mui": [
                    0.0,
                    0.0,
                    100.0,
                    -63.17404336727259,
                    59.59929374148585,
                    -43.48909870385376
                ],
                "Ai": [
                    [
                        0.0,
                        0.0,
                        0.0,
                        0.0,
                        0.0,
                        0.0
                    ],
                    [
                        -0.0,
                        0.0,
                        0.0,
                        0.0,
                        0.0,
                        0.0
                    ],
                    [
                        0.0,
                        0.0,
                        0.0,
                        0.0,
                        0.0,
                        0.0
                    ],
                    [
                        -0.8776893068906739,
                        -0.0,
                        -0.6317404336727259,
                        0.0,
                        0.0,
                        0.0
                    ],
                    [
                        0.7284384000614568,
                        -0.9053546805300146,
                        0.0,
                        -0.9434142658084373,
                        0.0,
                        0.0
                    ],
                    [
                        0.7080927120115212,
                        0.5718510887218275,
                        -0.0,
                        0.0,
                        -0.7296915109848339,
                        0.0
                    ]
                ]
            },
            "est_params": {
                "mui": [
                    0.013725679992807414,
                    -0.004896075884177854,
                    99.97521791436381,
                    -63.18909081036177,
                    59.621266494998196,
                    -43.50342618173551
                ],
                "Si": [
                    [
                        1.1312406089663414,
                        -0.03971467368359358,
                        0.05840697708745451,
                        -1.004274210246523,
                        1.8290693940666292,
                        -0.5339384969812522
                    ],
                    [
                        -0.03971467368359358,
                        1.0553677426740475,
                        -0.01880725494252827,
                        -0.009316003294419178,
                        -0.9914113910650483,
                        1.2304244831655242
                    ],
                    [
                        0.05840697708745451,
                        -0.01880725494252827,
                        0.9775833595587045,
                        -0.6980652489283407,
                        0.7055157331328668,
                        -0.43015662834624
                    ],
                    [
                        -1.004274210246523,
                        -0.009316003294419178,
                        -0.6980652489283407,
                        2.362929265557239,
                        -3.012536204082195,
                        1.4040839889478927
                    ],
                    [
                        1.8290693940666292,
                        -0.9914113910650483,
                        0.7055157331328668,
                        -3.012536204082195,
                        6.142410117650126,
                        -3.637576280862447
                    ],
                    [
                        -0.5339384969812522,
                        1.2304244831655242,
                        -0.43015662834624,
                        1.4040839889478927,
                        -3.637576280862447,
                        3.8807124830515827
                    ]
                ]
            },
            "est_tgt": [
                2
            ],
            "oracle_est_tgt": [
                2
            ]
        },
        "3": {
            "intv_type": "hard",
            "inode": 3,
            "new_mui": 100,
            "new_vari": 1.0,
            "noise_type": "gaussian",
            "obs_noise_gamma_shape": null,
            "true_params": {
                "Si": [
                    [
                        1.0,
                        0.0,
                        0.0,
                        0.0,
                        0.7284384000614568,
                        0.17655739521130198
                    ],
                    [
                        0.0,
                        1.0,
                        0.8597401669665647,
                        0.0,
                        -0.9053546805300146,
                        1.2324807135349656
                    ],
                    [
                        0.0,
                        0.8597401669665647,
                        1.7391531546956966,
                        0.0,
                        -0.7783697842028356,
                        1.0596131744376223
                    ],
                    [
                        0.0,
                        0.0,
                        0.0,
                        1.0,
                        -0.9434142658084373,
                        0.6884013811024063
                    ],
                    [
                        0.7284384000614568,
                        -0.9053546805300146,
                        -0.7783697842028356,
                        -0.9434142658084373,
                        3.2403200771725724,
                        -2.3663601906941887
                    ],
                    [
                        0.17655739521130198,
                        1.2324807135349656,
                        1.0596131744376223,
                        0.6884013811024063,
                        -2.3663601906941887,
                        3.556527385746488
                    ]
                ],
                "mui": [
                    0.0,
                    0.0,
                    0.0,
                    100.0,
                    -94.34142658084373,
                    68.84013811024063
                ],
                "Ai": [
                    [
                        0.0,
                        0.0,
                        0.0,
                        0.0,
                        0.0,
                        0.0
                    ],
                    [
                        -0.0,
                        0.0,
                        0.0,
                        0.0,
                        0.0,
                        0.0
                    ],
                    [
                        0.0,
                        0.8597401669665647,
                        0.0,
                        0.0,
                        0.0,
                        0.0
                    ],
                    [
                        0.0,
                        0.0,
                        0.0,
                        0.0,
                        0.0,
                        0.0
                    ],
                    [
                        0.7284384000614568,
                        -0.9053546805300146,
                        0.0,
                        -0.9434142658084373,
                        0.0,
                        0.0
                    ],
                    [
                        0.7080927120115212,
                        0.5718510887218275,
                        -0.0,
                        0.0,
                        -0.7296915109848339,
                        0.0
                    ]
                ]
            },
            "est_params": {
                "mui": [
                    -0.01832155059118007,
                    0.012742850607699618,
                    0.020872462089343794,
                    99.99644985590506,
                    -94.36515333133521,
                    68.84138629308505
                ],
                "Si": [
                    [
                        0.9919131678792491,
                        -0.020686713410968997,
                        -0.03632050091033072,
                        -0.03587343402141,
                        0.8065686018517987,
                        0.09456918903227525
                    ],
                    [
                        -0.020686713410968997,
                        1.0280636812989363,
                        0.8810921489347685,
                        -0.006612058914072473,
                        -0.9752918169351188,
                        1.2780757742810833
                    ],
                    [
                        -0.03632050091033072,
                        0.8810921489347685,
                        1.7133936114027213,
                        -0.03274847227545926,
                        -0.8333631179515498,
                        1.0635474445389301
                    ],
                    [
                        -0.03587343402141,
                        -0.006612058914072473,
                        -0.03274847227545926,
                        1.0023196168085917,
                        -0.9431724937021342,
                        0.6889783357401247
                    ],
                    [
                        0.8065686018517987,
                        -0.9752918169351188,
                        -0.8333631179515498,
                        -0.9431724937021342,
                        3.3735675421643747,
                        -2.4338995990980203
                    ],
                    [
                        0.09456918903227525,
                        1.2780757742810833,
                        1.0635474445389301,
                        0.6889783357401247,
                        -2.4338995990980203,
                        3.6255251050719526
                    ]
                ]
            },
            "est_tgt": [
                3,
                4
            ],
            "oracle_est_tgt": [
                3,
                4
            ]
        },
        "4": {
            "intv_type": "hard",
            "inode": 4,
            "new_mui": 100,
            "new_vari": 1.0,
            "noise_type": "gaussian",
            "obs_noise_gamma_shape": null,
            "true_params": {
                "Si": [
                    [
                        1.0,
                        0.0,
                        0.0,
                        -0.8776893068906739,
                        0.0,
                        0.7080927120115212
                    ],
                    [
                        0.0,
                        1.0,
                        0.8597401669665647,
                        -0.5431326259253194,
                        0.0,
                        0.5718510887218275
                    ],
                    [
                        0.0,
                        0.8597401669665647,
                        1.7391531546956966,
                        -1.098693368170749,
                        0.0,
                        0.49164335049771585
                    ],
                    [
                        -0.8776893068906739,
                        -0.5431326259253194,
                        -1.098693368170749,
                        2.4644275443117682,
                        0.0,
                        -0.9320763850754686
                    ],
                    [
                        0.0,
                        0.0,
                        0.0,
                        0.0,
                        1.0,
                        -0.7296915109848339
                    ],
                    [
                        0.7080927120115212,
                        0.5718510887218275,
                        0.49164335049771585,
                        -0.9320763850754686,
                        -0.7296915109848339,
                        2.3608586576795005
                    ]
                ],
                "mui": [
                    0.0,
                    0.0,
                    0.0,
                    0.0,
                    100.0,
                    -72.9691510984834
                ],
                "Ai": [
                    [
                        0.0,
                        0.0,
                        0.0,
                        0.0,
                        0.0,
                        0.0
                    ],
                    [
                        -0.0,
                        0.0,
                        0.0,
                        0.0,
                        0.0,
                        0.0
                    ],
                    [
                        0.0,
                        0.8597401669665647,
                        0.0,
                        0.0,
                        0.0,
                        0.0
                    ],
                    [
                        -0.8776893068906739,
                        -0.0,
                        -0.6317404336727259,
                        0.0,
                        0.0,
                        0.0
                    ],
                    [
                        0.0,
                        0.0,
                        0.0,
                        0.0,
                        0.0,
                        0.0
                    ],
                    [
                        0.7080927120115212,
                        0.5718510887218275,
                        -0.0,
                        0.0,
                        -0.7296915109848339,
                        0.0
                    ]
                ]
            },
            "est_params": {
                "mui": [
                    -0.015491580994462215,
                    -0.0014583335596967315,
                    0.03420244558582549,
                    0.004934713678282594,
                    100.0091925281022,
                    -72.99658744149613
                ],
                "Si": [
                    [
                        1.0349527618089758,
                        -0.06421031912282342,
                        -0.037694274157349654,
                        -0.8941885968487369,
                        -0.024587667037067572,
                        0.7120448532361948
                    ],
                    [
                        -0.06421031912282342,
                        0.9559655142971188,
                        0.8462827309106523,
                        -0.5273896753654874,
                        -0.021834776417231243,
                        0.5595052761613537
                    ],
                    [
                        -0.037694274157349654,
                        0.8462827309106523,
                        1.7370178056211856,
                        -1.1147573250799008,
                        -0.01628398282985837,
                        0.4418325713686957
                    ],
                    [
                        -0.8941885968487369,
                        -0.5273896753654874,
                        -1.1147573250799008,
                        2.5878412531770434,
                        0.015706724309959005,
                        -0.9481741271826486
                    ],
                    [
                        -0.024587667037067572,
                        -0.021834776417231243,
                        -0.01628398282985837,
                        0.015706724309959005,
                        1.0421052594214315,
                        -0.8134046829506228
                    ],
                    [
                        0.7120448532361948,
                        0.5595052761613537,
                        0.4418325713686957,
                        -0.9481741271826486,
                        -0.8134046829506228,
                        2.4123976201673725
                    ]
                ]
            },
            "est_tgt": [
                3,
                4
            ],
            "oracle_est_tgt": [
                3,
                4
            ]
        },
        "5": {
            "intv_type": "hard",
            "inode": 5,
            "new_mui": 100,
            "new_vari": 1.0,
            "noise_type": "gaussian",
            "obs_noise_gamma_shape": null,
            "true_params": {
                "Si": [
                    [
                        1.0,
                        0.0,
                        0.0,
                        -0.8776893068906739,
                        1.5564630131296382,
                        0.0
                    ],
                    [
                        0.0,
                        1.0,
                        0.8597401669665647,
                        -0.5431326259253194,
                        -0.3929556130060707,
                        0.0
                    ],
                    [
                        0.0,
                        0.8597401669665647,
                        1.7391531546956966,
                        -1.098693368170749,
                        0.2581532130785705,
                        0.0
                    ],
                    [
                        -0.8776893068906739,
                        -0.5431326259253194,
                        -1.098693368170749,
                        2.4644275443117682,
                        -2.4725910317874233,
                        0.0
                    ],
                    [
                        1.5564630131296382,
                        -0.3929556130060707,
                        0.2581532130785705,
                        -2.4725910317874233,
                        4.822229283412833,
                        0.0
                    ],
                    [
                        0.0,
                        0.0,
                        0.0,
                        0.0,
                        0.0,
                        1.0
                    ]
                ],
                "mui": [
                    0.0,
                    0.0,
                    0.0,
                    0.0,
                    0.0,
                    100.0
                ],
                "Ai": [
                    [
                        0.0,
                        0.0,
                        0.0,
                        0.0,
                        0.0,
                        0.0
                    ],
                    [
                        -0.0,
                        0.0,
                        0.0,
                        0.0,
                        0.0,
                        0.0
                    ],
                    [
                        0.0,
                        0.8597401669665647,
                        0.0,
                        0.0,
                        0.0,
                        0.0
                    ],
                    [
                        -0.8776893068906739,
                        -0.0,
                        -0.6317404336727259,
                        0.0,
                        0.0,
                        0.0
                    ],
                    [
                        0.7284384000614568,
                        -0.9053546805300146,
                        0.0,
                        -0.9434142658084373,
                        0.0,
                        0.0
                    ],
                    [
                        0.0,
                        0.0,
                        0.0,
                        0.0,
                        0.0,
                        0.0
                    ]
                ]
            },
            "est_params": {
                "mui": [
                    -0.044336888255926604,
                    0.011135827261923114,
                    0.04858368084580918,
                    0.021232821212159112,
                    -0.059572445989156106,
                    100.02411308192305
                ],
                "Si": [
                    [
                        0.9461057031026135,
                        -0.02038152411595855,
                        0.0046657651404271895,
                        -0.8653062095104133,
                        1.477369595321815,
                        0.033882443194683524
                    ],
                    [
                        -0.02038152411595855,
                        1.0070218128819073,
                        0.8694493305733998,
                        -0.5323767741422856,
                        -0.41405370861281565,
                        -0.02539523009284834
                    ],
                    [
                        0.0046657651404271895,
                        0.8694493305733998,
                        1.7237174022324668,
                        -1.1027201485845226,
                        0.24720256703458116,
                        -0.03098090726022089
                    ],
                    [
                        -0.8653062095104133,
                        -0.5323767741422856,
                        -1.1027201485845226,
                        2.480343964631243,
                        -2.4163347737332965,
                        -0.07415063052328037
                    ],
                    [
                        1.477369595321815,
                        -0.41405370861281565,
                        0.24720256703458116,
                        -2.4163347737332965,
                        4.5711316434830005,
                        0.18450383093382675
                    ],
                    [
                        0.033882443194683524,
                        -0.02539523009284834,
                        -0.03098090726022089,
                        -0.07415063052328037,
                        0.18450383093382675,
                        0.9604361411565094
                    ]
                ]
            },
            "est_tgt": [
                5
            ],
            "oracle_est_tgt": [
                5
            ]
        },
        "obs": {
            "intv_type": "obs",
            "noise_type": "gaussian",
            "obs_noise_gamma_shape": null,
            "true_params": {
                "Si": [
                    [
                        1.0,
                        0.0,
                        0.0,
                        -0.8776893068906739,
                        1.5564630131296382,
                        -0.4276451358310518
                    ],
                    [
                        0.0,
                        1.0,
                        0.8597401669665647,
                        -0.5431326259253194,
                        -0.3929556130060707,
                        0.8585874637261989
                    ],
                    [
                        0.0,
                        0.8597401669665647,
                        1.7391531546956966,
                        -1.098693368170749,
                        0.2581532130785705,
                        0.3032711423808239
                    ],
                    [
                        -0.8776893068906739,
                        -0.5431326259253194,
                        -1.098693368170749,
                        2.4644275443117682,
                        -2.4725910317874233,
                        0.8721523009570455
                    ],
                    [
                        1.5564630131296382,
                        -0.3929556130060707,
                        0.2581532130785705,
                        -2.4725910317874233,
                        4.822229283412833,
                        -2.641331751133108
                    ],
                    [
                        -0.4276451358310518,
                        0.8585874637261989,
                        0.3032711423808239,
                        0.8721523009570455,
                        -2.641331751133108,
                        3.1155291283821294
                    ]
                ],
                "mui": [
                    0.0,
                    0.0,
                    0.0,
                    0.0,
                    0.0,
                    0.0
                ],
                "Ai": [
                    [
                        0.0,
                        0.0,
                        0.0,
                        0.0,
                        0.0,
                        0.0
                    ],
                    [
                        -0.0,
                        0.0,
                        0.0,
                        0.0,
                        0.0,
                        0.0
                    ],
                    [
                        0.0,
