{
    "expt_args": {
        "save_dir": "all_expt_logs/expt_logs_sim_compsel_backward_cameraready_new_var_largemean",
        "exp_name": "483",
        "num_nodes": 6,
        "num_tgt_prior": 7,
        "obs_noise_mean": 0.0,
        "obs_noise_var": 1.0,
        "obs_noise_gamma_shape": null,
        "noise_type": "gaussian",
        "max_edge_strength": 1.0,
        "graph_sparsity_method": "adj_dense_prop",
        "adj_dense_prop": 0.8,
        "num_parents": null,
        "new_noise_mean": 100,
        "mix_samples": 1048576,
        "stage2_samples": 1048576,
        "gmm_tol": 0.001,
        "intv_type": "hard",
        "new_noise_var": 8.0,
        "dtype": "simulation",
        "cutoff_drop_ratio": 0.07,
        "intv_targets": [
            0,
            1,
            2,
            3,
            4,
            5
        ]
    },
    "intv_args_dict": {
        "0": {
            "intv_type": "hard",
            "inode": 0,
            "new_mui": 100,
            "new_vari": 8.0,
            "noise_type": "gaussian",
            "obs_noise_gamma_shape": null,
            "true_params": {
                "Si": [
                    [
                        8.0,
                        6.549058043277171,
                        -1.5326829552187302,
                        6.82365458614599,
                        -10.157144806252463,
                        -2.891971802115668
                    ],
                    [
                        6.549058043277171,
                        6.361270156776675,
                        -0.3509065485805849,
                        6.098563965566524,
                        -8.71236658532925,
                        -2.408876799674214
                    ],
                    [
                        -1.5326829552187302,
                        -0.3509065485805849,
                        2.1104889291254976,
                        -0.2770638799781576,
                        1.1470904674768996,
                        0.4708045860704109
                    ],
                    [
                        6.82365458614599,
                        6.098563965566524,
                        -0.2770638799781576,
                        7.40448748376034,
                        -9.892021671603013,
                        -2.5947474637085137
                    ],
                    [
                        -10.157144806252463,
                        -8.71236658532925,
                        1.1470904674768996,
                        -9.892021671603013,
                        14.84848046598483,
                        2.8484135653584683
                    ],
                    [
                        -2.891971802115668,
                        -2.408876799674214,
                        0.4708045860704109,
                        -2.5947474637085137,
                        2.8484135653584683,
                        2.9070242718806214
                    ]
                ],
                "mui": [
                    100.0,
                    81.86322554096463,
                    -19.15853694023413,
                    85.29568232682487,
                    -126.96431007815579,
                    -36.14964752644585
                ],
                "Ai": [
                    [
                        0.0,
                        0.0,
                        0.0,
                        0.0,
                        0.0,
                        0.0
                    ],
                    [
                        0.8186322554096463,
                        0.0,
                        0.0,
                        0.0,
                        0.0,
                        0.0
                    ],
                    [
                        -0.93146287355161,
                        0.9037971558780462,
                        0.0,
                        0.0,
                        0.0,
                        0.0
                    ],
                    [
                        0.9615957403420055,
                        0.0,
                        0.5670522619376442,
                        0.0,
                        0.0,
                        0.0
                    ],
                    [
                        -0.6082478107592406,
                        0.0,
                        0.0,
                        -0.7754147361036037,
                        0.0,
                        0.0
                    ],
                    [
                        -0.8537546843762558,
                        0.0,
                        -0.0,
                        -0.7962293631572583,
                        -0.9226273718828751,
                        0.0
                    ]
                ]
            },
            "est_params": {
                "mui": [
                    100.0118842050585,
                    81.86872023133557,
                    -19.163842461546253,
                    85.30643448812074,
                    -126.98106760515205,
                    -36.15446983369488
                ],
                "Si": [
                    [
                        8.031357027583411,
                        6.573094679040694,
                        -1.535391622008759,
                        6.853423764134667,
                        -10.186757429016808,
                        -2.9186936862834774
                    ],
                    [
                        6.573094679040694,
                        6.380975470903177,
                        -0.354260896498497,
                        6.120377271174665,
                        -8.735065094334013,
                        -2.4277304709061407
                    ],
                    [
                        -1.535391622008759,
                        -0.354260896498497,
                        2.1151761283464814,
                        -0.27859654279676926,
                        1.1475672286415497,
                        0.47744382029721355
                    ],
                    [
                        6.853423764134667,
                        6.120377271174665,
                        -0.27859654279676926,
                        7.428345699356167,
                        -9.91836128491811,
                        -2.6190616100123703
                    ],
                    [
                        -10.186757429016808,
                        -8.735065094334013,
                        1.1475672286415497,
                        -9.91836128491811,
                        14.870228458201934,
                        2.8824647465889166
                    ],
                    [
                        -2.9186936862834774,
                        -2.4277304709061407,
                        0.47744382029721355,
                        -2.6190616100123703,
                        2.8824647465889166,
                        2.921416179512575
                    ]
                ]
            },
            "est_tgt": [
                0
            ],
            "oracle_est_tgt": [
                0
            ]
        },
        "1": {
            "intv_type": "hard",
            "inode": 1,
            "new_mui": 100,
            "new_vari": 8.0,
            "noise_type": "gaussian",
            "obs_noise_gamma_shape": null,
            "true_params": {
                "Si": [
                    [
                        1.0,
                        0.0,
                        -0.93146287355161,
                        0.4334076109836271,
                        -0.9443184590554031,
                        -0.3275924923584851
                    ],
                    [
                        0.0,
                        8.0,
                        7.23037724702437,
                        4.100001772587646,
                        -3.179201792515357,
                        -0.33132320581732255
                    ],
                    [
                        -0.93146287355161,
                        7.23037724702437,
                        8.402417476590985,
                        3.868919104351359,
                        -2.433456632665522,
                        -0.04013250536023663
                    ],
                    [
                        0.4334076109836271,
                        4.100001772587646,
                        3.868919104351359,
                        3.610642241929864,
                        -3.063364431737753,
                        -0.41857927622842434
                    ],
                    [
                        -0.9443184590554031,
                        -3.179201792515357,
                        -2.433456632665522,
                        -3.063364431737753,
                        3.949757557805084,
                        -0.39879741656956225
                    ],
                    [
                        -0.3275924923584851,
                        -0.33132320581732255,
                        -0.04013250536023663,
                        -0.41857927622842434,
                        -0.39879741656956225,
                        1.9809101478229891
                    ]
                ],
                "mui": [
                    0.0,
                    100.0,
                    90.37971558780463,
                    51.250022157345576,
                    -39.74002240644196,
                    -4.141540072716532
                ],
                "Ai": [
                    [
                        0.0,
                        0.0,
                        0.0,
                        0.0,
                        0.0,
                        0.0
                    ],
                    [
                        0.0,
                        0.0,
                        0.0,
                        0.0,
                        0.0,
                        0.0
                    ],
                    [
                        -0.93146287355161,
                        0.9037971558780462,
                        0.0,
                        0.0,
                        0.0,
                        0.0
                    ],
                    [
                        0.9615957403420055,
                        0.0,
                        0.5670522619376442,
                        0.0,
                        0.0,
                        0.0
                    ],
                    [
                        -0.6082478107592406,
                        0.0,
                        0.0,
                        -0.7754147361036037,
                        0.0,
                        0.0
                    ],
                    [
                        -0.8537546843762558,
                        0.0,
                        -0.0,
                        -0.7962293631572583,
                        -0.9226273718828751,
                        0.0
                    ]
                ]
            },
            "est_params": {
                "mui": [
                    0.0008859104517796719,
                    100.00789234176153,
                    90.38596698239544,
                    51.2569529848671,
                    -39.74182089928509,
                    -4.146448105560951
                ],
                "Si": [
                    [
                        0.9999715467118795,
                        -0.004892058002752984,
                        -0.9304208279644158,
                        0.4279114620272744,
                        -0.9364641104167817,
                        -0.335493440978218
                    ],
                    [
                        -0.004892058002752984,
                        8.002690502245867,
                        7.242607826161367,
                        4.1002112772333215,
                        -3.1727187029828636,
                        -0.332028405306863
                    ],
                    [
                        -0.9304208279644158,
                        7.242607826161367,
                        8.409538228344166,
                        3.8758515118015064,
                        -2.4346054996560342,
                        -0.03997700301469018
                    ],
                    [
                        0.4279114620272744,
                        4.1002112772333215,
                        3.8758515118015064,
                        3.605813947421991,
                        -3.0522069209549256,
                        -0.4218200149741761
                    ],
                    [
                        -0.9364641104167817,
                        -3.1727187029828636,
                        -2.4346054996560342,
                        -3.0522069209549256,
                        3.933129231855984,
                        -0.39309390859490306
                    ],
                    [
                        -0.335493440978218,
                        -0.332028405306863,
                        -0.03997700301469018,
                        -0.4218200149741761,
                        -0.39309390859490306,
                        1.9831759569341811
                    ]
                ]
            },
            "est_tgt": [
                1,
                2
            ],
            "oracle_est_tgt": [
                1
            ]
        },
        "2": {
            "intv_type": "hard",
            "inode": 2,
            "new_mui": 100,
            "new_vari": 8.0,
            "noise_type": "gaussian",
            "obs_noise_gamma_shape": null,
            "true_params": {
                "Si": [
                    [
                        1.0,
                        0.8186322554096463,
                        0.0,
                        0.9615957403420055,
                        -1.3538833179948861,
                        -0.37027564080581454
                    ],
                    [
                        0.8186322554096463,
                        1.6701587695970845,
                        0.0,
                        0.7871932897084846,
                        -1.108332554171649,
                        -0.303119582956116
                    ],
                    [
                        0.0,
                        0.0,
                        8.0,
                        4.536418095501154,
                        -3.51760544037864,
                        -0.3665902284184983
                    ],
                    [
                        0.9615957403420055,
                        0.7871932897084846,
                        4.536418095501154,
                        4.497052509992679,
                        -4.071969289178458,
                        -0.6447418002469621
                    ],
                    [
                        -1.3538833179948861,
                        -1.108332554171649,
                        -3.51760544037864,
                        -4.071969289178458,
                        4.980961555984139,
                        -0.19746573109180288
                    ],
                    [
                        -0.37027564080581454,
                        -0.303119582956116,
                        -0.3665902284184983,
                        -0.6447418002469621,
                        -0.19746573109180288,
                        2.0116742043740476
                    ]
                ],
                "mui": [
                    0.0,
                    0.0,
                    100.0,
                    56.705226193764425,
                    -43.970068004733,
                    -4.582377855231229
                ],
                "Ai": [
                    [
                        0.0,
                        0.0,
                        0.0,
                        0.0,
                        0.0,
                        0.0
                    ],
                    [
                        0.8186322554096463,
                        0.0,
                        0.0,
                        0.0,
                        0.0,
                        0.0
                    ],
                    [
                        0.0,
                        0.0,
                        0.0,
                        0.0,
                        0.0,
                        0.0
                    ],
                    [
                        0.9615957403420055,
                        0.0,
                        0.5670522619376442,
                        0.0,
                        0.0,
                        0.0
                    ],
                    [
                        -0.6082478107592406,
                        0.0,
                        0.0,
                        -0.7754147361036037,
                        0.0,
                        0.0
                    ],
                    [
                        -0.8537546843762558,
                        0.0,
                        -0.0,
                        -0.7962293631572583,
                        -0.9226273718828751,
                        0.0
                    ]
                ]
            },
            "est_params": {
                "mui": [
                    0.00028458502697837186,
                    0.004013731393152943,
                    100.00207456378114,
                    56.70520865879211,
                    -43.9731063834376,
                    -4.584522921790263
                ],
                "Si": [
                    [
                        0.9931910727134107,
                        0.8152539953538,
                        -0.012961217252123614,
                        0.9458062676429811,
                        -1.341730968663667,
                        -0.36354417705866454
                    ],
                    [
                        0.8152539953538,
                        1.6716388840202352,
                        -0.011102390485811176,
                        0.7749703600204247,
                        -1.1016166594966248,
                        -0.2972849352950632
                    ],
                    [
                        -0.012961217252123614,
                        -0.011102390485811176,
                        8.001414941035739,
                        4.536550177140478,
                        -3.500146918603895,
                        -0.368275081943534
                    ],
                    [
                        0.9458062676429811,
                        0.7749703600204247,
                        4.536550177140478,
                        4.486716459309752,
                        -4.050183732149223,
                        -0.6431755771860576
                    ],
                    [
                        -1.341730968663667,
                        -1.1016166594966248,
                        -3.500146918603895,
                        -4.050183732149223,
                        4.96005790119338,
                        -0.20446214502325163
                    ],
                    [
                        -0.36354417705866454,
                        -0.2972849352950632,
                        -0.368275081943534,
                        -0.6431755771860576,
                        -0.20446214502325163,
                        2.0110736898725774
                    ]
                ]
            },
            "est_tgt": [
                2
            ],
            "oracle_est_tgt": [
                2
            ]
        },
        "3": {
            "intv_type": "hard",
            "inode": 3,
            "new_mui": 100,
            "new_vari": 8.0,
            "noise_type": "gaussian",
            "obs_noise_gamma_shape": null,
            "true_params": {
                "Si": [
                    [
                        1.0,
                        0.8186322554096463,
                        -0.19158536940234128,
                        0.0,
                        -0.6082478107592406,
                        -0.2925686052819453
                    ],
                    [
                        0.8186322554096463,
                        1.6701587695970845,
                        0.7469591928207173,
                        0.0,
                        -0.4979312771698169,
                        -0.23950609720401345
                    ],
                    [
                        -0.19158536940234128,
                        0.7469591928207173,
                        1.8535542527422768,
                        0.0,
                        0.11653138151247448,
                        0.056051864318469265
                    ],
                    [
                        0.0,
                        0.0,
                        0.0,
                        8.0,
                        -6.203317888828829,
                        -0.6464840245338985
                    ],
                    [
                        -0.6082478107592406,
                        -0.4979312771698169,
                        0.11653138151247448,
                        -6.203317888828829,
                        6.1801095030263795,
                        -0.24337991894409894
                    ],
                    [
                        -0.2925686052819453,
                        -0.23950609720401345,
                        0.056051864318469265,
                        -0.6464840245338985,
                        -0.24337991894409894,
                        1.9890803553913172
                    ]
                ],
                "mui": [
                    0.0,
                    0.0,
                    0.0,
                    100.0,
                    -77.54147361036037,
                    -8.081050306673731
                ],
                "Ai": [
                    [
                        0.0,
                        0.0,
                        0.0,
                        0.0,
                        0.0,
                        0.0
                    ],
                    [
                        0.8186322554096463,
                        0.0,
                        0.0,
                        0.0,
                        0.0,
                        0.0
                    ],
                    [
                        -0.93146287355161,
                        0.9037971558780462,
                        0.0,
                        0.0,
                        0.0,
                        0.0
                    ],
                    [
                        0.0,
                        0.0,
                        0.0,
                        0.0,
                        0.0,
                        0.0
                    ],
                    [
                        -0.6082478107592406,
                        0.0,
                        0.0,
                        -0.7754147361036037,
                        0.0,
                        0.0
                    ],
                    [
                        -0.8537546843762558,
                        0.0,
                        -0.0,
                        -0.7962293631572583,
                        -0.9226273718828751,
                        0.0
                    ]
                ]
            },
            "est_params": {
                "mui": [
                    -0.00033803152781211495,
                    0.0003958601262893164,
                    -0.0027787889647101194,
                    100.00913115660282,
                    -77.55125342960794,
                    -8.078766561873111
                ],
                "Si": [
                    [
                        1.0060278400912954,
                        0.8207375239830199,
                        -0.1944067755083216,
                        0.0001759260181562498,
                        -0.6117821797543099,
                        -0.2906812591661255
                    ],
                    [
                        0.8207375239830199,
                        1.6746423901979433,
                        0.7512039527506383,
                        0.006022700127755985,
                        -0.5013032866000303,
                        -0.24206282660958142
                    ],
                    [
                        -0.1944067755083216,
                        0.7512039527506383,
                        1.8596568695987123,
                        0.011065803604733273,
                        0.11264292529069202,
                        0.0487607414801712
                    ],
                    [
                        0.0001759260181562498,
                        0.006022700127755985,
                        0.011065803604733273,
                        7.959231675170981,
                        -6.178852361316079,
                        -0.6293958349317261
                    ],
                    [
                        -0.6117821797543099,
                        -0.5013032866000303,
                        0.11264292529069202,
                        -6.178852361316079,
                        6.163414395757135,
                        -0.25191528089595494
                    ],
                    [
                        -0.2906812591661255,
                        -0.24206282660958142,
                        0.0487607414801712,
                        -0.6293958349317261,
                        -0.25191528089595494,
                        1.9825480533682978
                    ]
                ]
            },
            "est_tgt": [
                3
            ],
            "oracle_est_tgt": [
                3
            ]
        },
        "4": {
            "intv_type": "hard",
            "inode": 4,
            "new_mui": 100,
            "new_vari": 8.0,
            "noise_type": "gaussian",
            "obs_noise_gamma_shape": null,
            "true_params": {
                "Si": [
                    [
                        1.0,
                        0.8186322554096463,
                        -0.19158536940234128,
                        0.8529568232682487,
                        0.0,
                        -1.5329039525677717
                    ],
                    [
                        0.8186322554096463,
                        1.6701587695970845,
                        0.7469591928207173,
                        1.2107581895725894,
                        0.0,
                        -1.6629523450583028
                    ],
                    [
                        -0.19158536940234128,
                        0.7469591928207173,
                        1.8535542527422768,
                        0.8668344565125071,
                        0.0,
                        -0.5266321406865175
                    ],
                    [
                        0.8529568232682487,
                        1.2107581895725894,
                        0.8668344565125071,
                        2.3117400872413025,
                        0.0,
                        -2.5688912208852046
                    ],
                    [
                        0.0,
                        0.0,
                        0.0,
                        0.0,
                        8.0,
                        -7.381018975063001
                    ],
                    [
                        -1.5329039525677717,
                        -1.6629523450583028,
                        -0.5266321406865175,
                        -2.5688912208852046,
                        -7.381018975063001,
                        11.164080689809321
                    ]
                ],
                "mui": [
                    0.0,
                    0.0,
                    0.0,
                    0.0,
                    100.0,
                    -92.26273718828752
                ],
                "Ai": [
                    [
                        0.0,
                        0.0,
                        0.0,
                        0.0,
                        0.0,
                        0.0
                    ],
                    [
                        0.8186322554096463,
                        0.0,
                        0.0,
                        0.0,
                        0.0,
                        0.0
                    ],
                    [
                        -0.93146287355161,
                        0.9037971558780462,
                        0.0,
                        0.0,
                        0.0,
                        0.0
                    ],
                    [
                        0.9615957403420055,
                        0.0,
                        0.5670522619376442,
                        0.0,
                        0.0,
                        0.0
                    ],
                    [
                        0.0,
                        0.0,
                        0.0,
                        0.0,
                        0.0,
                        0.0
                    ],
                    [
                        -0.8537546843762558,
                        0.0,
                        -0.0,
                        -0.7962293631572583,
                        -0.9226273718828751,
                        0.0
                    ]
                ]
            },
            "est_params": {
                "mui": [
                    0.00112296158203812,
                    -0.00016156090649100598,
                    -0.0013877451457992324,
                    -0.0006197908298033417,
                    99.99834478144669,
                    -92.260263272485
                ],
                "Si": [
                    [
                        1.0018703041211583,
                        0.819961967441571,
                        -0.19521456028632111,
                        0.8522844248477717,
                        -0.0024412464804524393,
                        -1.531753680726029
                    ],
                    [
                        0.819961967441571,
                        1.6731844708298789,
                        0.7473247655748877,
                        1.2136554481487165,
                        0.002332292411321134,
                        -1.6659871755885391
                    ],
                    [
                        -0.19521456028632111,
                        0.7473247655748877,
                        1.8558058727397353,
                        0.8673355638077701,
                        -0.002283944788347084,
                        -0.5163644918300107
                    ],
                    [
                        0.8522844248477717,
                        1.2136554481487165,
                        0.8673355638077701,
                        2.3119537541661734,
                        0.0019190400802816874,
                        -2.5695130433689886
                    ],
                    [
                        -0.0024412464804524393,
                        0.002332292411321134,
                        -0.002283944788347084,
                        0.0019190400802816874,
                        7.951524219498323,
                        -7.334529631786173
                    ],
                    [
                        -1.531753680726029,
                        -1.6659871755885391,
                        -0.5163644918300107,
                        -2.5695130433689886,
                        -7.334529631786173,
                        11.119564093907774
                    ]
                ]
            },
            "est_tgt": [
                4
            ],
            "oracle_est_tgt": [
                4
            ]
        },
        "5": {
            "intv_type": "hard",
            "inode": 5,
            "new_mui": 100,
            "new_vari": 8.0,
            "noise_type": "gaussian",
            "obs_noise_gamma_shape": null,
            "true_params": {
                "Si": [
                    [
                        1.0,
                        0.8186322554096463,
                        -0.19158536940234128,
                        0.8529568232682487,
                        -1.2696431007815578,
                        0.0
                    ],
                    [
                        0.8186322554096463,
                        1.6701587695970845,
                        0.7469591928207173,
                        1.2107581895725894,
                        -1.4367710192225234,
                        0.0
                    ],
                    [
                        -0.19158536940234128,
                        0.7469591928207173,
                        1.8535542527422768,
                        0.8668344565125071,
                        -0.555624829829682,
                        0.0
                    ],
                    [
                        0.8529568232682487,
                        1.2107581895725894,
                        0.8668344565125071,
                        2.3117400872413025,
                        -2.3113664501134052,
                        0.0
                    ],
                    [
                        -1.2696431007815578,
                        -1.4367710192225234,
                        -0.555624829829682,
                        -2.3113664501134052,
                        3.564525242449366,
                        0.0
                    ],
                    [
                        0.0,
                        0.0,
                        0.0,
                        0.0,
                        0.0,
                        8.0
                    ]
                ],
                "mui": [
                    0.0,
                    0.0,
                    0.0,
                    0.0,
                    0.0,
                    100.0
                ],
                "Ai": [
                    [
                        0.0,
                        0.0,
                        0.0,
                        0.0,
                        0.0,
                        0.0
                    ],
                    [
                        0.8186322554096463,
                        0.0,
                        0.0,
                        0.0,
                        0.0,
                        0.0
                    ],
                    [
                        -0.93146287355161,
                        0.9037971558780462,
                        0.0,
                        0.0,
                        0.0,
                        0.0
                    ],
                    [
                        0.9615957403420055,
                        0.0,
                        0.5670522619376442,
                        0.0,
                        0.0,
                        0.0
                    ],
                    [
                        -0.6082478107592406,
                        0.0,
                        0.0,
                        -0.7754147361036037,
                        0.0,
                        0.0
                    ],
                    [
                        0.0,
                        0.0,
                        0.0,
                        0.0,
                        0.0,
                        0.0
                    ]
                ]
            },
            "est_params": {
                "mui": [
                    0.0010840855756796882,
                    0.0022544022480362946,
                    0.001246230408062493,
                    0.0021396490681122025,
                    -0.00428962974327443,
                    49.98997947580145
                ],
                "Si": [
                    [
                        1.0049883284111665,
                        0.8244715250112138,
                        -0.19237002068175696,
                        0.8581904989263841,
                        -1.278144286630487,
                        -0.3259983279566856
                    ],
                    [
                        0.8244715250112138,
                        1.6758938026670365,
                        0.745258060948103,
                        1.2140022619256632,
                        -1.4431124993925892,
                        -0.3965440535229195
                    ],
                    [
                        -0.19237002068175696,
                        0.745258060948103,
                        1.8537271536507567,
                        0.8601760134945134,
                        -0.5513398853570677,
                        0.21295998378990044
                    ],
                    [
                        0.8581904989263841,
                        1.2140022619256632,
                        0.8601760134945134,
                        2.3123334818467276,
                        -2.318676404501739,
                        -0.13809867523379712
                    ],
                    [
                        -1.278144286630487,
                        -1.4431124993925892,
                        -0.5513398853570677,
                        -2.318676404501739,
                        3.5803754218605275,
                        -0.13797881472790102
                    ],
                    [
                        -0.3259983279566856,
                        -0.3965440535229195,
                        0.21295998378990044,
                        -0.13809867523379712,
                        -0.13797881472790102,
                        2504.186059817223
                    ]
                ]
            },
            "est_tgt": [
                5
            ],
            "oracle_est_tgt": [
                5
            ]
        },
        "obs": {
            "intv_type": "obs",
            "noise_type": "gaussian",
            "obs_noise_gamma_shape": null,
            "true_params": {
                "Si": [
                    [
                        1.0,
                        0.8186322554096463,
                        -0.19158536940234128,
                        0.8529568232682487,
                        -1.2696431007815578,
                        -0.3614964752644585
                    ],
                    [
                        0.8186322554096463,
                        1.6701587695970845,
                        0.7469591928207173,
                        1.2107581895725894,
                        -1.4367710192225234,
                        -0.3373480755955464
                    ],
                    [
                        -0.19158536940234128,
                        0.7469591928207173,
                        1.8535542527422768,
                        0.8668344565125071,
                        -0.555624829829682,
                        -0.013997464187888262
                    ],
                    [
                        0.8529568232682487,
                        1.2107581895725894,
                        0.8668344565125071,
                        2.3117400872413025,
                        -2.3113664501134052,
                        -0.436361267558823
                    ],
                    [
                        -1.2696431007815578,
                        -1.4367710192225234,
                        -0.555624829829682,
                        -2.3113664501134052,
                        3.564525242449366,
                        -0.3643869750761276
                    ],
                    [
                        -0.3614964752644585,
                        -0.3373480755955464,
                        -0.013997464187888262,
                        -0.436361267558823,
                        -0.3643869750761276,
                        1.9922663604802306
                    ]
                ],
                "mui": [
                    0.0,
                    0.0,
                    0.0,
                    0.0,
                    0.0,
                    0.0
                ],
                "Ai": [
