{
    "expt_args": {
        "save_dir": "all_expt_logs/expt_logs_sim_compsel_backward_cameraready_new_var_largemean",
        "exp_name": "314",
        "num_nodes": 6,
        "num_tgt_prior": 7,
        "obs_noise_mean": 0.0,
        "obs_noise_var": 1.0,
        "obs_noise_gamma_shape": null,
        "noise_type": "gaussian",
        "max_edge_strength": 1.0,
        "graph_sparsity_method": "adj_dense_prop",
        "adj_dense_prop": 0.8,
        "num_parents": null,
        "new_noise_mean": 100,
        "mix_samples": 65536,
        "stage2_samples": 65536,
        "gmm_tol": 0.001,
        "intv_type": "hard",
        "new_noise_var": 8.0,
        "dtype": "simulation",
        "cutoff_drop_ratio": 0.07,
        "intv_targets": [
            0,
            1,
            2,
            3,
            4,
            5
        ]
    },
    "intv_args_dict": {
        "0": {
            "intv_type": "hard",
            "inode": 0,
            "new_mui": 100,
            "new_vari": 8.0,
            "noise_type": "gaussian",
            "obs_noise_gamma_shape": null,
            "true_params": {
                "Si": [
                    [
                        8.0,
                        -6.305945388927564,
                        9.450301954646388,
                        -9.07249841057087,
                        -0.8211586732607397,
                        -15.717116141948479
                    ],
                    [
                        -6.305945388927564,
                        5.970618406017102,
                        -8.19828871071068,
                        7.825966777282272,
                        1.7044677673346809,
                        11.851968819384487
                    ],
                    [
                        9.450301954646388,
                        -8.19828871071068,
                        12.724755656682548,
                        -11.222633449728043,
                        -2.6289927495320553,
                        -18.08455796253645
                    ],
                    [
                        -9.07249841057087,
                        7.825966777282272,
                        -11.222633449728043,
                        11.743906542406151,
                        1.0428551796422503,
                        18.88305437853213
                    ],
                    [
                        -0.8211586732607397,
                        1.7044677673346809,
                        -2.6289927495320553,
                        1.0428551796422503,
                        3.3155131912544826,
                        -0.8451714864567721
                    ],
                    [
                        -15.717116141948479,
                        11.851968819384487,
                        -18.08455796253645,
                        18.88305437853213,
                        -0.8451714864567721,
                        35.1273880529517
                    ]
                ],
                "mui": [
                    100.0,
                    -78.82431736159455,
                    118.12877443307985,
                    -113.40623013213586,
                    -10.264483415759246,
                    -196.463951774356
                ],
                "Ai": [
                    [
                        0.0,
                        0.0,
                        0.0,
                        0.0,
                        0.0,
                        0.0
                    ],
                    [
                        -0.7882431736159455,
                        0.0,
                        0.0,
                        0.0,
                        0.0,
                        0.0
                    ],
                    [
                        0.5907732375535255,
                        -0.7491527063512361,
                        0.0,
                        0.0,
                        0.0,
                        0.0
                    ],
                    [
                        -0.6022883607014848,
                        0.6746318375082676,
                        0.0,
                        0.0,
                        0.0,
                        0.0
                    ],
                    [
                        0.8805220604101165,
                        0.8135674434586404,
                        -0.8669675407974256,
                        -0.6016073534023769,
                        0.0,
                        0.0
                    ],
                    [
                        -0.7277012324316995,
                        -0.649434660557916,
                        -0.7585737138795045,
                        0.8394565312725109,
                        -0.9668203441482013,
                        0.0
                    ]
                ]
            },
            "est_params": {
                "mui": [
                    100.02171333256224,
                    -78.84853449597232,
                    118.15741753890657,
                    -113.4177732581507,
                    -10.286470203759615,
                    -196.4742522229796
                ],
                "Si": [
                    [
                        7.8242471723078735,
                        -6.19165488649671,
                        9.272663108930843,
                        -8.930232607728176,
                        -0.8139481623454081,
                        -15.443894228314388
                    ],
                    [
                        -6.19165488649671,
                        5.890017453048246,
                        -8.093690381093136,
                        7.728339591605909,
                        1.6881923791810969,
                        11.705785532258473
                    ],
                    [
                        9.272663108930843,
                        -8.093690381093136,
                        12.565734796376116,
                        -11.069699937805291,
                        -2.649422144061853,
                        -17.801926649392268
                    ],
                    [
                        -8.930232607728176,
                        7.728339591605909,
                        -11.069699937805291,
                        11.628930602699766,
                        1.0327819577668857,
                        18.652876446290087
                    ],
                    [
                        -0.8139481623454081,
                        1.6881923791810969,
                        -2.649422144061853,
                        1.0327819577668857,
                        3.3037583258542584,
                        -0.8019911368539081
                    ],
                    [
                        -15.443894228314388,
                        11.705785532258473,
                        -17.801926649392268,
                        18.652876446290087,
                        -0.8019911368539081,
                        34.60575522766735
                    ]
                ]
            },
            "est_tgt": [
                0
            ],
            "oracle_est_tgt": [
                0
            ]
        },
        "1": {
            "intv_type": "hard",
            "inode": 1,
            "new_mui": 100,
            "new_vari": 8.0,
            "noise_type": "gaussian",
            "obs_noise_gamma_shape": null,
            "true_params": {
                "Si": [
                    [
                        1.0,
                        0.0,
                        0.5907732375535255,
                        -0.6022883607014848,
                        0.7306819461460796,
                        -2.3878793500394018
                    ],
                    [
                        0.0,
                        8.0,
                        -5.993221650809889,
                        5.397054700066141,
                        8.45756038945101,
                        -4.295525507483111
                    ],
                    [
                        0.5907732375535255,
                        -5.993221650809889,
                        5.838851237676526,
                        -4.39903397967263,
                        -6.771304456737033,
                        1.8869374869013362
                    ],
                    [
                        -0.6022883607014848,
                        5.397054700066141,
                        -4.39903397967263,
                        5.003776198874735,
                        4.6640509214316035,
                        -0.038603567157721175
                    ],
                    [
                        0.7306819461460796,
                        8.45756038945101,
                        -6.771304456737033,
                        4.6640509214316035,
                        11.588751198539308,
                        -8.176789857677758
                    ],
                    [
                        -2.3878793500394018,
                        -4.295525507483111,
                        1.8869374869013362,
                        -0.038603567157721175,
                        -8.176789857677758,
                        11.969025486141401
                    ]
                ],
                "mui": [
                    0.0,
                    100.0,
                    -74.9152706351236,
                    67.46318375082676,
                    105.71950486813762,
                    -53.694068843538886
                ],
                "Ai": [
                    [
                        0.0,
                        0.0,
                        0.0,
                        0.0,
                        0.0,
                        0.0
                    ],
                    [
                        0.0,
                        0.0,
                        0.0,
                        0.0,
                        0.0,
                        0.0
                    ],
                    [
                        0.5907732375535255,
                        -0.7491527063512361,
                        0.0,
                        0.0,
                        0.0,
                        0.0
                    ],
                    [
                        -0.6022883607014848,
                        0.6746318375082676,
                        0.0,
                        0.0,
                        0.0,
                        0.0
                    ],
                    [
                        0.8805220604101165,
                        0.8135674434586404,
                        -0.8669675407974256,
                        -0.6016073534023769,
                        0.0,
                        0.0
                    ],
                    [
                        -0.7277012324316995,
                        -0.649434660557916,
                        -0.7585737138795045,
                        0.8394565312725109,
                        -0.9668203441482013,
                        0.0
                    ]
                ]
            },
            "est_params": {
                "mui": [
                    -0.020670558221372134,
                    100.02325982482002,
                    -74.92308769650093,
                    67.49417221736962,
                    105.7052235092623,
                    -53.65472456354986
                ],
                "Si": [
                    [
                        1.0022901882182769,
                        0.007300781002435747,
                        0.6074655612796912,
                        -0.585815462109672,
                        0.7001229912854217,
                        -2.345755099115697
                    ],
                    [
                        0.007300781002435747,
                        8.021568932922051,
                        -5.95839584521805,
                        5.387282580892328,
                        8.455653177203194,
                        -4.304879175711953
                    ],
                    [
                        0.6074655612796912,
                        -5.95839584521805,
                        5.787501084185058,
                        -4.376732387800011,
                        -6.70719709711593,
                        1.8291466056004642
                    ],
                    [
                        -0.585815462109672,
                        5.387282580892328,
                        -4.376732387800011,
                        4.989101630820515,
                        4.6805645328298295,
                        -0.07934220416625672
                    ],
                    [
                        0.7001229912854217,
                        8.455653177203194,
                        -6.70719709711593,
                        4.6805645328298295,
                        11.48092103901958,
                        -8.023949605200357
                    ],
                    [
                        -2.345755099115697,
                        -4.304879175711953,
                        1.8291466056004642,
                        -0.07934220416625672,
                        -8.023949605200357,
                        11.745932613502225
                    ]
                ]
            },
            "est_tgt": [
                1,
                3,
                4
            ],
            "oracle_est_tgt": [
                1,
                3,
                4
            ]
        },
        "2": {
            "intv_type": "hard",
            "inode": 2,
            "new_mui": 100,
            "new_vari": 8.0,
            "noise_type": "gaussian",
            "obs_noise_gamma_shape": null,
            "true_params": {
                "Si": [
                    [
                        1.0,
                        -0.7882431736159455,
                        0.0,
                        -1.1340623013213587,
                        0.9214932965190179,
                        -2.0587032663222598
                    ],
                    [
                        -0.7882431736159455,
                        1.6213273007521378,
                        0.0,
                        1.5685487049800182,
                        -0.3186568313396611,
                        1.1454717460344526
                    ],
                    [
                        0.0,
                        0.0,
                        8.0,
                        0.0,
                        -6.935740326379404,
                        0.6370251382366581
                    ],
                    [
                        -1.1340623013213587,
                        1.5685487049800182,
                        0.0,
                        2.7412254194580776,
                        -1.3715880840214614,
                        3.433807484016138
                    ],
                    [
                        0.9214932965190179,
                        -0.3186568313396611,
                        -6.935740326379404,
                        -1.3715880840214614,
                        8.390365564048471,
                        -4.465719416083358
                    ],
                    [
                        -2.0587032663222598,
                        1.1454717460344526,
                        0.6370251382366581,
                        3.433807484016138,
                        -4.465719416083358,
                        8.47106182691931
                    ]
                ],
                "mui": [
                    0.0,
                    0.0,
                    100.0,
                    0.0,
                    -86.69675407974256,
                    7.962814227958226
                ],
                "Ai": [
                    [
                        0.0,
                        0.0,
                        0.0,
                        0.0,
                        0.0,
                        0.0
                    ],
                    [
                        -0.7882431736159455,
                        0.0,
                        0.0,
                        0.0,
                        0.0,
                        0.0
                    ],
                    [
                        0.0,
                        0.0,
                        0.0,
                        0.0,
                        0.0,
                        0.0
                    ],
                    [
                        -0.6022883607014848,
                        0.6746318375082676,
                        0.0,
                        0.0,
                        0.0,
                        0.0
                    ],
                    [
                        0.8805220604101165,
                        0.8135674434586404,
                        -0.8669675407974256,
                        -0.6016073534023769,
                        0.0,
                        0.0
                    ],
                    [
                        -0.7277012324316995,
                        -0.649434660557916,
                        -0.7585737138795045,
                        0.8394565312725109,
                        -0.9668203441482013,
                        0.0
                    ]
                ]
            },
            "est_params": {
                "mui": [
                    0.005679086305813482,
                    -0.013386052278214218,
                    99.96303815168855,
                    -0.020355523648786403,
                    -86.66412816410929,
                    7.9295201509331275
                ],
                "Si": [
                    [
                        1.0094244387095772,
                        -0.7964727177534664,
                        -0.023686879655355823,
                        -1.1299007515128483,
                        0.9477279746142564,
                        -2.0691154951358857
                    ],
                    [
                        -0.7964727177534664,
                        1.6420425597212192,
                        -0.010665940446285195,
                        1.5774948209210862,
                        -0.297067613021186,
                        1.1310986567720227
                    ],
                    [
                        -0.023686879655355823,
                        -0.010665940446285195,
                        8.159453318256954,
                        0.04083489831124473,
                        -7.14884171041201,
                        0.7347427564875518
                    ],
                    [
                        -1.1299007515128483,
                        1.5774948209210862,
                        0.04083489831124473,
                        2.7378232163534526,
                        -1.3987100620211312,
                        3.3969650602535566
                    ],
                    [
                        0.9477279746142564,
                        -0.297067613021186,
                        -7.14884171041201,
                        -1.3987100620211312,
                        8.659718158942475,
                        -4.564325129990981
                    ],
                    [
                        -2.0691154951358857,
                        1.1310986567720227,
                        0.7347427564875518,
                        3.3969650602535566,
                        -4.564325129990981,
                        8.446647939444338
                    ]
                ]
            },
            "est_tgt": [
                1,
                2,
                4
            ],
            "oracle_est_tgt": [
                1,
                2,
                4
            ]
        },
        "3": {
            "intv_type": "hard",
            "inode": 3,
            "new_mui": 100,
            "new_vari": 8.0,
            "noise_type": "gaussian",
            "obs_noise_gamma_shape": null,
            "true_params": {
                "Si": [
                    [
                        1.0,
                        -0.7882431736159455,
                        1.1812877443307985,
                        0.0,
                        -0.7849050538489439,
                        -0.3530204516287915
                    ],
                    [
                        -0.7882431736159455,
                        1.6213273007521378,
                        -1.6802947068961664,
                        0.0,
                        2.0817545735987935,
                        -1.2173958933776283
                    ],
                    [
                        1.1812877443307985,
                        -1.6802947068961664,
                        2.956670512339527,
                        0.0,
                        -2.8902205134024905,
                        0.7830885353729644
                    ],
                    [
                        0.0,
                        0.0,
                        0.0,
                        8.0,
                        -4.812858827219015,
                        11.368822077848684
                    ],
                    [
                        -0.7849050538489439,
                        2.0817545735987935,
                        -2.8902205134024905,
                        -4.812858827219015,
                        7.403700163319046,
                        -9.786575607531594
                    ],
                    [
                        -0.3530204516287915,
                        -1.2173958933776283,
                        0.7830885353729644,
                        11.368822077848684,
                        -9.786575607531594,
                        20.45897447096112
                    ]
                ],
                "mui": [
                    0.0,
                    0.0,
                    0.0,
                    100.0,
                    -60.16073534023769,
                    142.11027597310854
                ],
                "Ai": [
                    [
                        0.0,
                        0.0,
                        0.0,
                        0.0,
                        0.0,
                        0.0
                    ],
                    [
                        -0.7882431736159455,
                        0.0,
                        0.0,
                        0.0,
                        0.0,
                        0.0
                    ],
                    [
                        0.5907732375535255,
                        -0.7491527063512361,
                        0.0,
                        0.0,
                        0.0,
                        0.0
                    ],
                    [
                        0.0,
                        0.0,
                        0.0,
                        0.0,
                        0.0,
                        0.0
                    ],
                    [
                        0.8805220604101165,
                        0.8135674434586404,
                        -0.8669675407974256,
                        -0.6016073534023769,
                        0.0,
                        0.0
                    ],
                    [
                        -0.7277012324316995,
                        -0.649434660557916,
                        -0.7585737138795045,
                        0.8394565312725109,
                        -0.9668203441482013,
                        0.0
                    ]
                ]
            },
            "est_params": {
                "mui": [
                    0.01150361167599443,
                    -0.018305488242144077,
                    0.036203015171377785,
                    100.01211499147273,
                    -60.20884615792575,
                    142.1594783527513
                ],
                "Si": [
                    [
                        0.9755047205092923,
                        -0.770952291558847,
                        1.171186438391075,
                        0.004864865205480591,
                        -0.7825567609072283,
                        -0.33619756095140885
                    ],
                    [
                        -0.770952291558847,
                        1.5964778618737323,
                        -1.6581250134172867,
                        -0.04747533234761782,
                        2.0930713633130376,
                        -1.2641925065917465
                    ],
                    [
                        1.171186438391075,
                        -1.6581250134172867,
                        2.973700082778587,
                        0.04545144521336277,
                        -2.9187691220384346,
                        0.8226394656774079
                    ],
                    [
                        0.004864865205480591,
                        -0.04747533234761782,
                        0.04545144521336277,
                        7.996196372644146,
                        -4.8840323948829285,
                        11.368795579379585
                    ],
                    [
                        -0.7825567609072283,
                        2.0930713633130376,
                        -2.9187691220384346,
                        -4.8840323948829285,
                        7.519520679784017,
                        -9.89994108688612
                    ],
                    [
                        -0.33619756095140885,
                        -1.2641925065917465,
                        0.8226394656774079,
                        11.368795579379585,
                        -9.89994108688612,
                        20.466790287771545
                    ]
                ]
            },
            "est_tgt": [
                1,
                3,
                4
            ],
            "oracle_est_tgt": [
                1,
                3,
                4
            ]
        },
        "4": {
            "intv_type": "hard",
            "inode": 4,
            "new_mui": 100,
            "new_vari": 8.0,
            "noise_type": "gaussian",
            "obs_noise_gamma_shape": null,
            "true_params": {
                "Si": [
                    [
                        1.0,
                        -0.7882431736159455,
                        1.1812877443307985,
                        -1.1340623013213587,
                        0.0,
                        -2.0638786316288384
                    ],
                    [
                        -0.7882431736159455,
                        1.6213273007521378,
                        -1.6802947068961664,
                        1.5685487049800182,
                        0.0,
                        2.112015234915764
                    ],
                    [
                        1.1812877443307985,
                        -1.6802947068961664,
                        2.956670512339527,
                        -1.8450561647185282,
                        0.0,
                        -3.5600799040966002
                    ],
                    [
                        -1.1340623013213587,
                        1.5685487049800182,
                        -1.8450561647185282,
                        2.7412254194580776,
                        0.0,
                        3.5073393277797456
                    ],
                    [
                        0.0,
                        0.0,
                        0.0,
                        0.0,
                        8.0,
                        -7.73456275318561
                    ],
                    [
                        -2.0638786316288384,
                        2.112015234915764,
                        -3.5600799040966002,
                        3.5073393277797456,
                        -7.73456275318561,
                        14.253045690167852
                    ]
                ],
                "mui": [
                    0.0,
                    0.0,
                    0.0,
                    0.0,
                    100.0,
                    -96.68203441482012
                ],
                "Ai": [
                    [
                        0.0,
                        0.0,
                        0.0,
                        0.0,
                        0.0,
                        0.0
                    ],
                    [
                        -0.7882431736159455,
                        0.0,
                        0.0,
                        0.0,
                        0.0,
                        0.0
                    ],
                    [
                        0.5907732375535255,
                        -0.7491527063512361,
                        0.0,
                        0.0,
                        0.0,
                        0.0
                    ],
                    [
                        -0.6022883607014848,
                        0.6746318375082676,
                        0.0,
                        0.0,
                        0.0,
                        0.0
                    ],
                    [
                        0.0,
                        0.0,
                        0.0,
                        0.0,
                        0.0,
                        0.0
                    ],
                    [
                        -0.7277012324316995,
                        -0.649434660557916,
                        -0.7585737138795045,
                        0.8394565312725109,
                        -0.9668203441482013,
                        0.0
                    ]
                ]
            },
            "est_params": {
                "mui": [
                    0.0037525691539886242,
                    -0.001919317871193049,
                    0.0005522017518407273,
                    0.007115630392845137,
                    100.0049282745829,
                    -96.70160114230974
                ],
                "Si": [
                    [
                        0.9939557265906558,
                        -0.7768618829303703,
                        1.1752031222062507,
                        -1.1190825708598573,
                        0.022299926163214637,
                        -2.082356152989552
                    ],
                    [
                        -0.7768618829303703,
                        1.6018853378375169,
                        -1.6684802302805044,
                        1.546731037551728,
                        0.007352727618903459,
                        2.091494355582961
                    ],
                    [
                        1.1752031222062507,
                        -1.6684802302805044,
                        2.94475329865228,
                        -1.8404086204091552,
                        -0.049664322507579954,
                        -3.542971391083889
                    ],
                    [
                        -1.1190825708598573,
                        1.546731037551728,
                        -1.8404086204091552,
                        2.687994788515787,
                        -0.018134125703491964,
                        3.4840928220836944
                    ],
                    [
                        0.022299926163214637,
                        0.007352727618903459,
                        -0.049664322507579954,
                        -0.018134125703491964,
                        8.157628630293557,
                        -7.891667411707427
                    ],
                    [
                        -2.082356152989552,
                        2.091494355582961,
                        -3.542971391083889,
                        3.4840928220836944,
                        -7.891667411707427,
                        14.432921482341339
                    ]
                ]
            },
            "est_tgt": [
                1,
                2,
                4
            ],
            "oracle_est_tgt": [
                1,
                2,
                4
            ]
        },
        "5": {
            "intv_type": "hard",
            "inode": 5,
            "new_mui": 100,
            "new_vari": 8.0,
            "noise_type": "gaussian",
            "obs_noise_gamma_shape": null,
            "true_params": {
                "Si": [
                    [
                        1.0,
                        -0.7882431736159455,
                        1.1812877443307985,
                        -1.1340623013213587,
                        -0.10264483415759246,
                        0.0
                    ],
                    [
                        -0.7882431736159455,
                        1.6213273007521378,
                        -1.6802947068961664,
                        1.5685487049800182,
                        1.1381041385130393,
                        0.0
                    ],
                    [
                        1.1812877443307985,
                        -1.6802947068961664,
                        2.956670512339527,
                        -1.8450561647185282,
                        -1.7802211572674365,
                        0.0
                    ],
                    [
                        -1.1340623013213587,
                        1.5685487049800182,
                        -1.8450561647185282,
                        2.7412254194580776,
                        0.2280157217376908,
                        0.0
                    ],
                    [
                        -0.10264483415759246,
                        1.1381041385130393,
                        -1.7802211572674365,
                        0.2280157217376908,
                        3.241761457399805,
                        0.0
                    ],
                    [
                        0.0,
                        0.0,
                        0.0,
                        0.0,
                        0.0,
                        8.0
                    ]
                ],
                "mui": [
                    0.0,
                    0.0,
                    0.0,
                    0.0,
                    0.0,
                    100.0
                ],
                "Ai": [
                    [
                        0.0,
                        0.0,
                        0.0,
                        0.0,
                        0.0,
                        0.0
                    ],
                    [
                        -0.7882431736159455,
                        0.0,
                        0.0,
                        0.0,
                        0.0,
                        0.0
                    ],
                    [
                        0.5907732375535255,
                        -0.7491527063512361,
                        0.0,
                        0.0,
                        0.0,
                        0.0
                    ],
                    [
                        -0.6022883607014848,
                        0.6746318375082676,
                        0.0,
                        0.0,
                        0.0,
                        0.0
                    ],
                    [
                        0.8805220604101165,
                        0.8135674434586404,
                        -0.8669675407974256,
                        -0.6016073534023769,
                        0.0,
                        0.0
                    ],
                    [
                        0.0,
                        0.0,
                        0.0,
                        0.0,
                        0.0,
                        0.0
                    ]
                ]
            },
            "est_params": {
                "mui": [
                    0.006147495273668549,
                    -0.0042651603824311836,
                    0.0031157132963374815,
                    -0.008539416313461569,
                    0.017478378653231444,
                    49.975228349985755
                ],
                "Si": [
                    [
                        0.9970542640400694,
                        -0.7788664625890204,
                        1.176009403065427,
                        -1.1357199473385349,
                        -0.08845861560571854,
                        -0.6987496785623548
                    ],
                    [
                        -0.7788664625890204,
                        1.6220863304933142,
                        -1.6621452315355703,
                        1.5760335479951164,
                        1.121501846112972,
                        -0.167731075628995
                    ],
                    [
                        1.176009403065427,
                        -1.6621452315355703,
                        2.929827995039455,
                        -1.8401697728483566,
                        -1.763304270092428,
                        -0.45619922040851024
                    ],
                    [
                        -1.1357199473385349,
                        1.5760335479951164,
                        -1.8401697728483566,
                        2.7447903427447904,
                        0.2102282597931807,
                        0.9578312827537266
                    ],
                    [
                        -0.08845861560571854,
                        1.121501846112972,
                        -1.763304270092428,
                        0.2102282597931807,
                        3.255040259669827,
                        -0.8129976865475713
                    ],
                    [
                        -0.6987496785623548,
                        -0.167731075628995,
                        -0.45619922040851024,
                        0.9578312827537266,
                        -0.8129976865475713,
                        2506.7513567911355
                    ]
                ]
            },
            "est_tgt": [
                5
            ],
            "oracle_est_tgt": [
                5
            ]
        },
        "obs": {
            "intv_type": "obs",
            "noise_type": "gaussian",
            "obs_noise_gamma_shape": null,
            "true_params": {
                "Si": [
                    [
                        1.0,
                        -0.7882431736159455,
                        1.1812877443307985,
                        -1.1340623013213587,
                        -0.10264483415759246,
                        -1.9646395177435598
                    ],
                    [
                        -0.7882431736159455,
                        1.6213273007521378,
                        -1.6802947068961664,
                        1.5685487049800182,
                        1.1381041385130393,
                        1.0116730000420955
                    ],
                    [
                        1.1812877443307985,
                        -1.6802947068961664,
                        2.956670512339527,
                        -1.8450561647185282,
                        -1.7802211572674365,
                        -1.8389258721673878
                    ],
                    [
                        -1.1340623013213587,
                        1.5685487049800182,
                        -1.8450561647185282,
                        2.7412254194580776,
                        0.2280157217376908,
                        3.2868890892181106
                    ],
                    [
                        -0.10264483415759246,
                        1.1381041385130393,
                        -1.7802211572674365,
                        0.2280157217376908,
                        3.241761457399805,
                        -2.256792168804453
                    ],
                    [
                        -1.9646395177435598,
