{
    "expt_args": {
        "save_dir": "all_expt_logs/expt_logs_sim_compsel_backward_cameraready_new_var_largemean",
        "exp_name": "329",
        "num_nodes": 6,
        "num_tgt_prior": 7,
        "obs_noise_mean": 0.0,
        "obs_noise_var": 1.0,
        "obs_noise_gamma_shape": null,
        "noise_type": "gaussian",
        "max_edge_strength": 1.0,
        "graph_sparsity_method": "adj_dense_prop",
        "adj_dense_prop": 0.8,
        "num_parents": null,
        "new_noise_mean": 100,
        "mix_samples": 1048576,
        "stage2_samples": 1048576,
        "gmm_tol": 0.001,
        "intv_type": "hard",
        "new_noise_var": 32.0,
        "dtype": "simulation",
        "cutoff_drop_ratio": 0.07,
        "intv_targets": [
            0,
            1,
            2,
            3,
            4,
            5
        ]
    },
    "intv_args_dict": {
        "0": {
            "intv_type": "hard",
            "inode": 0,
            "new_mui": 100,
            "new_vari": 32.0,
            "noise_type": "gaussian",
            "obs_noise_gamma_shape": null,
            "true_params": {
                "Si": [
                    [
                        32.0,
                        -31.809350671719045,
                        54.58498721057299,
                        79.0866974677944,
                        -66.54413203829222,
                        98.7083156160345
                    ],
                    [
                        -31.809350671719045,
                        32.61983719238728,
                        -55.00561494422414,
                        -80.19414994665857,
                        67.29993067832756,
                        -100.7567795380353
                    ],
                    [
                        54.58498721057299,
                        -55.00561494422414,
                        94.66629381776495,
                        137.01751694127904,
                        -115.97985442288547,
                        172.0841730534704
                    ],
                    [
                        79.0866974677944,
                        -80.19414994665857,
                        137.01751694127904,
                        199.8268832751807,
                        -168.70149023184155,
                        251.421837014898
                    ],
                    [
                        -66.54413203829222,
                        67.29993067832756,
                        -115.97985442288547,
                        -168.70149023184155,
                        144.13725242910783,
                        -213.60131021814
                    ],
                    [
                        98.7083156160345,
                        -100.7567795380353,
                        172.0841730534704,
                        251.421837014898,
                        -213.60131021814,
                        319.19597857189075
                    ]
                ],
                "mui": [
                    100.0,
                    -99.40422084912201,
                    170.5780850330406,
                    247.14592958685748,
                    -207.95041261966318,
                    308.4634863001078
                ],
                "Ai": [
                    [
                        0.0,
                        0.0,
                        0.0,
                        0.0,
                        0.0,
                        0.0
                    ],
                    [
                        -0.9940422084912202,
                        0.0,
                        0.0,
                        0.0,
                        0.0,
                        0.0
                    ],
                    [
                        0.9643906650955414,
                        -0.7458337069611596,
                        0.0,
                        0.0,
                        0.0,
                        0.0
                    ],
                    [
                        0.0,
                        -0.8808742550209465,
                        0.9355440387875065,
                        0.0,
                        0.0,
                        0.0
                    ],
                    [
                        0.6192855603499924,
                        -0.8546204965143432,
                        -0.7552472997657728,
                        -0.9144525078351056,
                        0.0,
                        0.0
                    ],
                    [
                        -0.6230389842036996,
                        -0.6805461306279474,
                        -0.5489974258207267,
                        0.7982115132790767,
                        -0.9593173077596351,
                        0.0
                    ]
                ]
            },
            "est_params": {
                "mui": [
                    100.01144158145681,
                    -99.41666173350279,
                    170.59897303395832,
                    247.17509430618063,
                    -207.97245448375,
                    308.49700651456584
                ],
                "Si": [
                    [
                        32.04588337436992,
                        -31.825072229791452,
                        54.61189337835101,
                        79.11356777811388,
                        -66.55289236826749,
                        98.70617941785763
                    ],
                    [
                        -31.825072229791452,
                        32.604251906672985,
                        -54.97731305514532,
                        -80.14135942314181,
                        67.23884642053646,
                        -100.65443078976058
                    ],
                    [
                        54.61189337835101,
                        -54.97731305514532,
                        94.61803390630018,
                        136.92778191231739,
                        -115.87356130361361,
                        171.90365551700228
                    ],
                    [
                        79.11356777811388,
                        -80.14135942314181,
                        136.92778191231739,
                        199.66483455507324,
                        -168.51825304066057,
                        251.1156600994398
                    ],
                    [
                        -66.55289236826749,
                        67.23884642053646,
                        -115.87356130361361,
                        -168.51825304066057,
                        143.93694801840988,
                        -213.28008707890396
                    ],
                    [
                        98.70617941785763,
                        -100.65443078976058,
                        171.90365551700228,
                        251.1156600994398,
                        -213.28008707890396,
                        318.6740067007068
                    ]
                ]
            },
            "est_tgt": [
                0,
                1,
                2,
                3
            ],
            "oracle_est_tgt": [
                0,
                1,
                2,
                3
            ]
        },
        "1": {
            "intv_type": "hard",
            "inode": 1,
            "new_mui": 100,
            "new_vari": 32.0,
            "noise_type": "gaussian",
            "obs_noise_gamma_shape": null,
            "true_params": {
                "Si": [
                    [
                        1.0,
                        0.0,
                        0.9643906650955414,
                        0.9022299377924523,
                        -0.9341143146409522,
                        0.46379537660540493
                    ],
                    [
                        0.0,
                        32.0,
                        -23.866678622757107,
                        -50.51630507184791,
                        36.872150555270395,
                        -84.36951957196725
                    ],
                    [
                        0.9643906650955414,
                        -23.866678622757107,
                        19.730622744985016,
                        39.48240924228143,
                        -30.012101749664343,
                        65.11590399034628
                    ],
                    [
                        0.9022299377924523,
                        -50.51630507184791,
                        39.48240924228143,
                        82.43604520016002,
                        -61.47182354261166,
                        136.91319513902937
                    ],
                    [
                        -0.9341143146409522,
                        36.872150555270395,
                        -30.012101749664343,
                        -61.47182354261166,
                        47.789442884597754,
                        -102.94740013191849
                    ],
                    [
                        0.46379537660540493,
                        -84.36951957196725,
                        65.11590399034628,
                        136.91319513902937,
                        -102.94740013191849,
                        230.424835231837
                    ]
                ],
                "mui": [
                    0.0,
                    100.0,
                    -74.58337069611596,
                    -157.86345334952472,
                    115.22547048521999,
                    -263.65474866239765
                ],
                "Ai": [
                    [
                        0.0,
                        0.0,
                        0.0,
                        0.0,
                        0.0,
                        0.0
                    ],
                    [
                        0.0,
                        0.0,
                        0.0,
                        0.0,
                        0.0,
                        0.0
                    ],
                    [
                        0.9643906650955414,
                        -0.7458337069611596,
                        0.0,
                        0.0,
                        0.0,
                        0.0
                    ],
                    [
                        0.0,
                        -0.8808742550209465,
                        0.9355440387875065,
                        0.0,
                        0.0,
                        0.0
                    ],
                    [
                        0.6192855603499924,
                        -0.8546204965143432,
                        -0.7552472997657728,
                        -0.9144525078351056,
                        0.0,
                        0.0
                    ],
                    [
                        -0.6230389842036996,
                        -0.6805461306279474,
                        -0.5489974258207267,
                        0.7982115132790767,
                        -0.9593173077596351,
                        0.0
                    ]
                ]
            },
            "est_params": {
                "mui": [
                    -0.0024345330986612033,
                    100.00227859665168,
                    -74.58540638237474,
                    -157.86982453710985,
                    115.22790522123022,
                    -263.66057328549164
                ],
                "Si": [
                    [
                        0.9999574725297619,
                        -0.018686875139089336,
                        0.9760233956281502,
                        0.9288246610873838,
                        -0.9537254908272613,
                        0.5103565552916046
                    ],
                    [
                        -0.018686875139089336,
                        32.207862093915054,
                        -24.038135257295117,
                        -50.836380046169786,
                        37.11379912029014,
                        -84.86791226536236
                    ],
                    [
                        0.9760233956281502,
                        -24.038135257295117,
                        19.866123103453866,
                        39.73960749685875,
                        -30.205107166801138,
                        65.52127589000973
                    ],
                    [
                        0.9288246610873838,
                        -50.836380046169786,
                        39.73960749685875,
                        82.91380892876735,
                        -61.83006075892741,
                        137.65504584160956
                    ],
                    [
                        -0.9537254908272613,
                        37.11379912029014,
                        -30.205107166801138,
                        -61.83006075892741,
                        48.057618671306464,
                        -103.50267231367518
                    ],
                    [
                        0.5103565552916046,
                        -84.86791226536236,
                        65.52127589000973,
                        137.65504584160956,
                        -103.50267231367518,
                        231.5644355413307
                    ]
                ]
            },
            "est_tgt": [
                0,
                1,
                2,
                3
            ],
            "oracle_est_tgt": [
                0,
                1,
                2,
                3
            ]
        },
        "2": {
            "intv_type": "hard",
            "inode": 2,
            "new_mui": 100,
            "new_vari": 32.0,
            "noise_type": "gaussian",
            "obs_noise_gamma_shape": null,
            "true_params": {
                "Si": [
                    [
                        1.0,
                        -0.9940422084912202,
                        0.0,
                        0.8756261898640799,
                        0.668095840879667,
                        0.11147159714596733
                    ],
                    [
                        -0.9940422084912202,
                        1.9881199122621025,
                        0.0,
                        -1.751283646606189,
                        -0.7132182900748814,
                        -1.4473723855392364
                    ],
                    [
                        0.0,
                        0.0,
                        32.0,
                        29.937409241200207,
                        -51.54425255120612,
                        55.77576069571594
                    ],
                    [
                        0.8756261898640799,
                        -1.751283646606189,
                        29.937409241200207,
                        30.550425429881454,
                        -48.508115085936694,
                        55.13109513073481
                    ],
                    [
                        0.668095840879667,
                        -0.7132182900748814,
                        -51.54425255120612,
                        -48.508115085936694,
                        85.31029812480575,
                        -92.19259131030489
                    ],
                    [
                        0.11147159714596733,
                        -1.4473723855392364,
                        55.77576069571594,
                        55.13109513073481,
                        -92.19259131030489,
                        103.74302684498477
                    ]
                ],
                "mui": [
                    0.0,
                    0.0,
                    100.0,
                    93.55440387875065,
                    -161.07578922251912,
                    174.2992521741123
                ],
                "Ai": [
                    [
                        0.0,
                        0.0,
                        0.0,
                        0.0,
                        0.0,
                        0.0
                    ],
                    [
                        -0.9940422084912202,
                        0.0,
                        0.0,
                        0.0,
                        0.0,
                        0.0
                    ],
                    [
                        0.0,
                        0.0,
                        0.0,
                        0.0,
                        0.0,
                        0.0
                    ],
                    [
                        0.0,
                        -0.8808742550209465,
                        0.9355440387875065,
                        0.0,
                        0.0,
                        0.0
                    ],
                    [
                        0.6192855603499924,
                        -0.8546204965143432,
                        -0.7552472997657728,
                        -0.9144525078351056,
                        0.0,
                        0.0
                    ],
                    [
                        -0.6230389842036996,
                        -0.6805461306279474,
                        -0.5489974258207267,
                        0.7982115132790767,
                        -0.9593173077596351,
                        0.0
                    ]
                ]
            },
            "est_params": {
                "mui": [
                    -0.00012373836914205565,
                    0.005031159917934632,
                    99.9929545311367,
                    93.54192738062675,
                    -161.0631740028244,
                    174.2754634860682
                ],
                "Si": [
                    [
                        0.9971650606052851,
                        -0.9910420256950427,
                        -0.011588580340580952,
                        0.8623117587922897,
                        0.6843969490787457,
                        0.09436087516087213
                    ],
                    [
                        -0.9910420256950427,
                        1.9791297209988492,
                        0.027650456019806185,
                        -1.7181675455932597,
                        -0.7547338739719626,
                        -1.3990479047772018
                    ],
                    [
                        -0.011588580340580952,
                        0.027650456019806185,
                        31.849873861242536,
                        29.773691901670798,
                        -51.32480280319989,
                        55.48599754875943
                    ],
                    [
                        0.8623117587922897,
                        -1.7181675455932597,
                        29.773691901670798,
                        30.370937901329594,
                        -48.269035407166896,
                        54.82249486549563
                    ],
                    [
                        0.6843969490787457,
                        -0.7547338739719626,
                        -51.32480280319989,
                        -48.269035407166896,
                        84.99145016831773,
                        -91.76482196243288
                    ],
                    [
                        0.09436087516087213,
                        -1.3990479047772018,
                        55.48599754875943,
                        54.82249486549563,
                        -91.76482196243288,
                        103.19480956702061
                    ]
                ]
            },
            "est_tgt": [
                0,
                1,
                2,
                3
            ],
            "oracle_est_tgt": [
                0,
                2,
                3
            ]
        },
        "3": {
            "intv_type": "hard",
            "inode": 3,
            "new_mui": 100,
            "new_vari": 32.0,
            "noise_type": "gaussian",
            "obs_noise_gamma_shape": null,
            "true_params": {
                "Si": [
                    [
                        1.0,
                        -0.9940422084912202,
                        1.705780850330406,
                        0.0,
                        0.18052802492277037,
                        -1.0562003602239
                    ],
                    [
                        -0.9940422084912202,
                        1.9881199122621025,
                        -2.441451870625628,
                        0.0,
                        -0.47078407984641957,
                        1.0583018425726558
                    ],
                    [
                        1.705780850330406,
                        -2.441451870625628,
                        4.465956227793347,
                        0.0,
                        -0.23002112229196414,
                        -1.6323825737169584
                    ],
                    [
                        0.0,
                        0.0,
                        0.0,
                        32.0,
                        -29.262480250723378,
                        53.614772197423896
                    ],
                    [
                        0.18052802492277037,
                        -0.47078407984641957,
                        -0.23002112229196414,
                        -29.262480250723378,
                        28.447011405391912,
                        -50.31316374780198
                    ],
                    [
                        -1.0562003602239,
                        1.0583018425726558,
                        -1.6323825737169584,
                        53.614772197423896,
                        -50.31316374780198,
                        92.89622184770522
                    ]
                ],
                "mui": [
                    0.0,
                    0.0,
                    0.0,
                    100.0,
                    -91.44525078351056,
                    167.54616311694969
                ],
                "Ai": [
                    [
                        0.0,
                        0.0,
                        0.0,
                        0.0,
                        0.0,
                        0.0
                    ],
                    [
                        -0.9940422084912202,
                        0.0,
                        0.0,
                        0.0,
                        0.0,
                        0.0
                    ],
                    [
                        0.9643906650955414,
                        -0.7458337069611596,
                        0.0,
                        0.0,
                        0.0,
                        0.0
                    ],
                    [
                        0.0,
                        0.0,
                        0.0,
                        0.0,
                        0.0,
                        0.0
                    ],
                    [
                        0.6192855603499924,
                        -0.8546204965143432,
                        -0.7552472997657728,
                        -0.9144525078351056,
                        0.0,
                        0.0
                    ],
                    [
                        -0.6230389842036996,
                        -0.6805461306279474,
                        -0.5489974258207267,
                        0.7982115132790767,
                        -0.9593173077596351,
                        0.0
                    ]
                ]
            },
            "est_params": {
                "mui": [
                    -0.0037825658081041443,
                    0.00414462427333926,
                    -0.007680924128288735,
                    100.03211976786493,
                    -91.478635727955,
                    167.60375708261523
                ],
                "Si": [
                    [
                        0.9977087653491381,
                        -0.9936425751661045,
                        1.7064947703022364,
                        -0.005443728917276817,
                        0.18073322514589601,
                        -1.0621565195154492
                    ],
                    [
                        -0.9936425751661045,
                        1.9869440221391446,
                        -2.4486077621388023,
                        0.015679387174962773,
                        -0.4778834840185505,
                        1.0847875856717841
                    ],
                    [
                        1.7064947703022364,
                        -2.4486077621388023,
                        4.477795024308043,
                        0.004598346285933734,
                        -0.2434516127106679,
                        -1.6245722496777826
                    ],
                    [
                        -0.005443728917276817,
                        0.015679387174962773,
                        0.004598346285933734,
                        31.94587484819162,
                        -29.248268024612393,
                        53.52828796995816
                    ],
                    [
                        0.18073322514589601,
                        -0.4778834840185505,
                        -0.2434516127106679,
                        -29.248268024612393,
                        28.462771280882464,
                        -50.28493844950217
                    ],
                    [
                        -1.0621565195154492,
                        1.0847875856717841,
                        -1.6245722496777826,
                        53.52828796995816,
                        -50.28493844950217,
                        92.75507284380842
                    ]
                ]
            },
            "est_tgt": [
                1,
                3
            ],
            "oracle_est_tgt": [
                2,
                3
            ]
        },
        "4": {
            "intv_type": "hard",
            "inode": 4,
            "new_mui": 100,
            "new_vari": 32.0,
            "noise_type": "gaussian",
            "obs_noise_gamma_shape": null,
            "true_params": {
                "Si": [
                    [
                        1.0,
                        -0.9940422084912202,
                        1.705780850330406,
                        2.471459295868575,
                        0.0,
                        1.089730563183073
                    ],
                    [
                        -0.9940422084912202,
                        1.9881199122621025,
                        -2.441451870625628,
                        -4.0353693901566015,
                        0.0,
                        -2.614407780998674
                    ],
                    [
                        1.705780850330406,
                        -2.441451870625628,
                        4.465956227793347,
                        6.328710824104852,
                        0.0,
                        3.198604026532471
                    ],
                    [
                        2.471459295868575,
                        -4.0353693901566015,
                        6.328710824104852,
                        10.475440689989787,
                        0.0,
                        6.093610949151417
                    ],
                    [
                        0.0,
                        0.0,
                        0.0,
                        0.0,
                        32.0,
                        -30.698153848308323
                    ],
                    [
                        1.089730563183073,
                        -2.614407780998674,
                        3.198604026532471,
                        6.093610949151417,
                        -30.698153848308323,
                        34.65751581932113
                    ]
                ],
                "mui": [
                    0.0,
                    0.0,
                    0.0,
                    0.0,
                    100.0,
                    -95.9317307759635
                ],
                "Ai": [
                    [
                        0.0,
                        0.0,
                        0.0,
                        0.0,
                        0.0,
                        0.0
                    ],
                    [
                        -0.9940422084912202,
                        0.0,
                        0.0,
                        0.0,
                        0.0,
                        0.0
                    ],
                    [
                        0.9643906650955414,
                        -0.7458337069611596,
                        0.0,
                        0.0,
                        0.0,
                        0.0
                    ],
                    [
                        0.0,
                        -0.8808742550209465,
                        0.9355440387875065,
                        0.0,
                        0.0,
                        0.0
                    ],
                    [
                        0.0,
                        0.0,
                        0.0,
                        0.0,
                        0.0,
                        0.0
                    ],
                    [
                        -0.6230389842036996,
                        -0.6805461306279474,
                        -0.5489974258207267,
                        0.7982115132790767,
                        -0.9593173077596351,
                        0.0
                    ]
                ]
            },
            "est_params": {
                "mui": [
                    0.0004464658772907373,
                    0.004615811603998244,
                    -0.0035357531650124156,
                    -0.009319258428034,
                    100.0015017131382,
                    -95.93682668865418
                ],
                "Si": [
                    [
                        1.0030628517695197,
                        -0.9983843125899121,
                        1.7096325190827015,
                        2.4738145147082298,
                        0.006147988015535569,
                        1.0834876711929917
                    ],
                    [
                        -0.9983843125899121,
                        1.9948855010089543,
                        -2.44555577397333,
                        -4.041034871648832,
                        0.0003084911311958409,
                        -2.6176552592902462
                    ],
                    [
                        1.7096325190827015,
                        -2.44555577397333,
                        4.467402586071298,
                        6.327930733888643,
                        0.005968199841885959,
                        3.188319887403251
                    ],
                    [
                        2.4738145147082298,
                        -4.041034871648832,
                        6.327930733888643,
                        10.47174797835418,
                        -0.0036479876738487616,
                        6.094484804646405
                    ],
                    [
                        0.006147988015535569,
                        0.0003084911311958409,
                        0.005968199841885959,
                        -0.0036479876738487616,
                        32.04365235701157,
                        -30.749476769530272
                    ],
                    [
                        1.0834876711929917,
                        -2.6176552592902462,
                        3.188319887403251,
                        6.094484804646405,
                        -30.749476769530272,
                        34.723746144193676
                    ]
                ]
            },
            "est_tgt": [
                4
            ],
            "oracle_est_tgt": [
                4
            ]
        },
        "5": {
            "intv_type": "hard",
            "inode": 5,
            "new_mui": 100,
            "new_vari": 32.0,
            "noise_type": "gaussian",
            "obs_noise_gamma_shape": null,
            "true_params": {
                "Si": [
                    [
                        1.0,
                        -0.9940422084912202,
                        1.705780850330406,
                        2.471459295868575,
                        -2.079504126196632,
                        0.0
                    ],
                    [
                        -0.9940422084912202,
                        1.9881199122621025,
                        -2.441451870625628,
                        -4.0353693901566015,
                        3.219369579023305,
                        0.0
                    ],
                    [
                        1.705780850330406,
                        -2.441451870625628,
                        4.465956227793347,
                        6.328710824104852,
                        -6.017326606757822,
                        0.0
                    ],
                    [
                        2.471459295868575,
                        -4.0353693901566015,
                        6.328710824104852,
                        10.475440689989787,
                        -9.379786323784092,
                        0.0
                    ],
                    [
                        -2.079504126196632,
                        3.219369579023305,
                        -6.017326606757822,
                        -9.379786323784092,
                        10.082792692174502,
                        0.0
                    ],
                    [
                        0.0,
                        0.0,
                        0.0,
                        0.0,
                        0.0,
                        32.0
                    ]
                ],
                "mui": [
                    0.0,
                    0.0,
                    0.0,
                    0.0,
                    0.0,
                    100.0
                ],
                "Ai": [
                    [
                        0.0,
                        0.0,
                        0.0,
                        0.0,
                        0.0,
                        0.0
                    ],
                    [
                        -0.9940422084912202,
                        0.0,
                        0.0,
                        0.0,
                        0.0,
                        0.0
                    ],
                    [
                        0.9643906650955414,
                        -0.7458337069611596,
                        0.0,
                        0.0,
                        0.0,
                        0.0
                    ],
                    [
                        0.0,
                        -0.8808742550209465,
                        0.9355440387875065,
                        0.0,
                        0.0,
                        0.0
                    ],
                    [
                        0.6192855603499924,
                        -0.8546204965143432,
                        -0.7552472997657728,
                        -0.9144525078351056,
                        0.0,
                        0.0
                    ],
                    [
                        0.0,
                        0.0,
                        0.0,
                        0.0,
                        0.0,
                        0.0
                    ]
                ]
            },
            "est_params": {
                "mui": [
                    -0.0024291982091465478,
                    0.0022243935085660034,
                    -0.004965978537076239,
                    -0.00628546117479433,
                    0.005813492837886408,
                    49.98864747423939
                ],
                "Si": [
                    [
                        1.0016235608352082,
                        -0.994897801338852,
                        1.7052119080088706,
                        2.473652184878825,
                        -2.077968236102759,
                        1.501089070950198
                    ],
                    [
                        -0.994897801338852,
                        1.9883326065940086,
                        -2.4398424507493712,
                        -4.033364759384407,
                        3.2155385649092065,
                        -2.8271235424168957
                    ],
                    [
                        1.7052119080088706,
                        -2.4398424507493712,
                        4.459580956827188,
                        6.320712387817835,
                        -6.0045632086183875,
                        4.365613927583084
                    ],
                    [
                        2.473652184878825,
                        -4.033364759384407,
                        6.320712387817835,
                        10.462738933181498,
                        -9.364981718800813,
                        7.474905282876175
                    ],
                    [
                        -2.077968236102759,
                        3.2155385649092065,
                        -6.0045632086183875,
                        -9.364981718800813,
                        10.06174633095223,
                        -7.298274315378176
                    ],
                    [
                        1.501089070950198,
                        -2.8271235424168957,
                        4.365613927583084,
                        7.474905282876175,
                        -7.298274315378176,
                        2527.5461425857516
                    ]
                ]
            },
            "est_tgt": [
                5
            ],
            "oracle_est_tgt": [
                5
            ]
        },
        "obs": {
            "intv_type": "obs",
            "noise_type": "gaussian",
            "obs_noise_gamma_shape": null,
            "true_params": {
                "Si": [
                    [
                        1.0,
                        -0.9940422084912202,
                        1.705780850330406,
                        2.471459295868575,
                        -2.079504126196632,
                        3.084634863001078
                    ],
                    [
                        -0.9940422084912202,
                        1.9881199122621025,
                        -2.441451870625628,
                        -4.0353693901566015,
                        3.219369579023305,
                        -5.70280473823058
                    ],
                    [
                        1.705780850330406,
                        -2.441451870625628,
                        4.465956227793347,
                        6.328710824104852,
                        -6.017326606757822,
                        8.971129586837806
                    ],
                    [
                        2.471459295868575,
                        -4.0353693901566015,
                        6.328710824104852,
                        10.475440689989787,
                        -9.379786323784092,
                        15.091802312644619
                    ],
                    [
                        -2.079504126196632,
                        3.219369579023305,
                        -6.017326606757822,
                        -9.379786323784092,
                        10.082792692174502,
                        -14.751471530097524
                    ],
                    [
