{
    "expt_args": {
        "save_dir": "all_expt_logs/expt_logs_sim_compsel_backward_cameraready_new_var_largemean",
        "exp_name": "265",
        "num_nodes": 6,
        "num_tgt_prior": 7,
        "obs_noise_mean": 0.0,
        "obs_noise_var": 1.0,
        "obs_noise_gamma_shape": null,
        "noise_type": "gaussian",
        "max_edge_strength": 1.0,
        "graph_sparsity_method": "adj_dense_prop",
        "adj_dense_prop": 0.8,
        "num_parents": null,
        "new_noise_mean": 100,
        "mix_samples": 2048,
        "stage2_samples": 2048,
        "gmm_tol": 0.001,
        "intv_type": "hard",
        "new_noise_var": 32.0,
        "dtype": "simulation",
        "cutoff_drop_ratio": 0.07,
        "intv_targets": [
            0,
            1,
            2,
            3,
            4,
            5
        ]
    },
    "intv_args_dict": {
        "0": {
            "intv_type": "hard",
            "inode": 0,
            "new_mui": 100,
            "new_vari": 32.0,
            "noise_type": "gaussian",
            "obs_noise_gamma_shape": null,
            "true_params": {
                "Si": [
                    [
                        32.0,
                        24.46274575100069,
                        20.707919928215095,
                        8.227873701531955,
                        60.36703189417011,
                        100.21694472971117
                    ],
                    [
                        24.46274575100069,
                        19.700810302440697,
                        16.676901539035473,
                        5.769399558759584,
                        47.34905775671539,
                        78.71602219991675
                    ],
                    [
                        20.707919928215095,
                        16.676901539035473,
                        15.117137349839268,
                        5.39249530676387,
                        40.842410966125094,
                        67.07406159109212
                    ],
                    [
                        8.227873701531955,
                        5.769399558759584,
                        5.39249530676387,
                        3.645191579746563,
                        15.283719776743787,
                        24.302192873659767
                    ],
                    [
                        60.36703189417011,
                        47.34905775671539,
                        40.842410966125094,
                        15.283719776743787,
                        116.90174226923521,
                        192.89383939014263
                    ],
                    [
                        100.21694472971117,
                        78.71602219991675,
                        67.07406159109212,
                        24.302192873659767,
                        192.89383939014263,
                        320.78419579789505
                    ]
                ],
                "mui": [
                    100.0,
                    76.44608047187715,
                    64.71224977567218,
                    25.71210531728736,
                    188.6469746692816,
                    313.1779522803474
                ],
                "Ai": [
                    [
                        0.0,
                        0.0,
                        0.0,
                        0.0,
                        0.0,
                        0.0
                    ],
                    [
                        0.7644608047187715,
                        0.0,
                        0.0,
                        0.0,
                        0.0,
                        0.0
                    ],
                    [
                        -0.0,
                        0.8465084066602786,
                        0.0,
                        0.0,
                        0.0,
                        0.0
                    ],
                    [
                        0.6550132638890732,
                        -0.9510639600682569,
                        0.5086500788917792,
                        0.0,
                        0.0,
                        0.0
                    ],
                    [
                        0.9684838255142809,
                        0.5566050045148153,
                        0.7610355276224494,
                        -0.0,
                        0.0,
                        0.0
                    ],
                    [
                        0.9675616955225375,
                        0.6228150159813555,
                        -0.0,
                        -0.594490116366604,
                        0.9758736322283112,
                        0.0
                    ]
                ]
            },
            "est_params": {
                "mui": [
                    100.06310963987387,
                    76.47721269564343,
                    64.7618976557802,
                    25.886842417786422,
                    188.73068916334913,
                    313.2944456433354
                ],
                "Si": [
                    [
                        32.26773067321517,
                        24.554966666157878,
                        20.738864314612535,
                        8.648423189715542,
                        60.92654576707472,
                        101.1618598343644
                    ],
                    [
                        24.554966666157878,
                        19.946988045598882,
                        16.862476041677596,
                        5.924151743592124,
                        47.92590537121725,
                        79.65190495562426
                    ],
                    [
                        20.738864314612535,
                        16.862476041677596,
                        15.25952673573574,
                        5.493109727745534,
                        41.286006302568666,
                        67.74385433406106
                    ],
                    [
                        8.648423189715542,
                        5.924151743592124,
                        5.493109727745534,
                        3.7697093167543207,
                        15.839760166866679,
                        25.406003339759472
                    ],
                    [
                        60.92654576707472,
                        47.92590537121725,
                        41.286006302568666,
                        15.839760166866679,
                        118.63483886519379,
                        195.73276445728126
                    ],
                    [
                        101.1618598343644,
                        79.65190495562426,
                        67.74385433406106,
                        25.406003339759472,
                        195.73276445728126,
                        325.28381376217635
                    ]
                ]
            },
            "est_tgt": [
                0,
                2,
                3,
                5
            ],
            "oracle_est_tgt": [
                0,
                1,
                2,
                3,
                5
            ]
        },
        "1": {
            "intv_type": "hard",
            "inode": 1,
            "new_mui": 100,
            "new_vari": 32.0,
            "noise_type": "gaussian",
            "obs_noise_gamma_shape": null,
            "true_params": {
                "Si": [
                    [
                        1.0,
                        0.0,
                        0.0,
                        0.6550132638890732,
                        0.9684838255142809,
                        1.5232806126104446
                    ],
                    [
                        0.0,
                        32.0,
                        27.088269013128915,
                        -16.65559655161446,
                        38.4264952452595,
                        67.3310715323232
                    ],
                    [
                        0.0,
                        27.088269013128915,
                        23.930447441488756,
                        -13.59045241999181,
                        33.28938679122584,
                        57.4366051415616
                    ],
                    [
                        0.6550132638890732,
                        -16.65559655161446,
                        -13.59045241999181,
                        10.356795293944465,
                        -18.979035770310688,
                        -34.41774290112079
                    ],
                    [
                        0.9684838255142809,
                        38.4264952452595,
                        33.28938679122584,
                        -18.979035770310688,
                        48.66074652064733,
                        83.63925474024774
                    ],
                    [
                        1.5232806126104446,
                        67.3310715323232,
                        57.4366051415616,
                        -34.41774290112079,
                        83.63925474024774,
                        146.49102166733738
                    ]
                ],
                "mui": [
                    0.0,
                    100.0,
                    84.65084066602786,
                    -52.048739223795195,
                    120.08279764143595,
                    210.40959853850998
                ],
                "Ai": [
                    [
                        0.0,
                        0.0,
                        0.0,
                        0.0,
                        0.0,
                        0.0
                    ],
                    [
                        0.0,
                        0.0,
                        0.0,
                        0.0,
                        0.0,
                        0.0
                    ],
                    [
                        -0.0,
                        0.8465084066602786,
                        0.0,
                        0.0,
                        0.0,
                        0.0
                    ],
                    [
                        0.6550132638890732,
                        -0.9510639600682569,
                        0.5086500788917792,
                        0.0,
                        0.0,
                        0.0
                    ],
                    [
                        0.9684838255142809,
                        0.5566050045148153,
                        0.7610355276224494,
                        -0.0,
                        0.0,
                        0.0
                    ],
                    [
                        0.9675616955225375,
                        0.6228150159813555,
                        -0.0,
                        -0.594490116366604,
                        0.9758736322283112,
                        0.0
                    ]
                ]
            },
            "est_params": {
                "mui": [
                    -0.031415248941630274,
                    100.04855389300891,
                    84.70956923554961,
                    -52.0735324518931,
                    120.11558726373869,
                    210.42347846125796
                ],
                "Si": [
                    [
                        0.9775483823016913,
                        -0.2526274109940412,
                        -0.223037443710575,
                        0.8811178443752988,
                        0.6297146400543234,
                        0.7715259907912709
                    ],
                    [
                        -0.2526274109940412,
                        32.665591664934695,
                        28.318024930831598,
                        -16.549585466194998,
                        39.26048404698313,
                        68.80601402308005
                    ],
                    [
                        -0.223037443710575,
                        28.318024930831598,
                        25.596831309318596,
                        -13.812383566818943,
                        34.803554502003195,
                        60.02279986468283
                    ],
                    [
                        0.8811178443752988,
                        -16.549585466194998,
                        -13.812383566818943,
                        10.263180229385469,
                        -18.87780530604353,
                        -34.565284912930295
                    ],
                    [
                        0.6297146400543234,
                        39.26048404698313,
                        34.803554502003195,
                        -18.87780530604353,
                        49.665751193739595,
                        85.28567534729612
                    ],
                    [
                        0.7715259907912709,
                        68.80601402308005,
                        60.02279986468283,
                        -34.565284912930295,
                        85.28567534729612,
                        149.3502755280051
                    ]
                ]
            },
            "est_tgt": [
                0,
                1,
                2,
                3,
                4,
                5
            ],
            "oracle_est_tgt": [
                0,
                1,
                2,
                3,
                5
            ]
        },
        "2": {
            "intv_type": "hard",
            "inode": 2,
            "new_mui": 100,
            "new_vari": 32.0,
            "noise_type": "gaussian",
            "obs_noise_gamma_shape": null,
            "true_params": {
                "Si": [
                    [
                        1.0,
                        0.7644608047187715,
                        0.0,
                        -0.07203785636372806,
                        1.393986535176172,
                        2.846859860802782
                    ],
                    [
                        0.7644608047187715,
                        1.584400321951272,
                        0.0,
                        -1.0061340777142878,
                        1.622253072962724,
                        3.9077020678576098
                    ],
                    [
                        0.0,
                        0.0,
                        32.0,
                        16.276802524536933,
                        24.35313688391838,
                        14.089185920174495
                    ],
                    [
                        -0.07203785636372806,
                        -1.0061340777142878,
                        16.276802524536933,
                        10.188908997101818,
                        11.757438235685719,
                        4.720231779286745
                    ],
                    [
                        1.393986535176172,
                        1.622253072962724,
                        24.35313688391838,
                        11.757438235685719,
                        21.786609969017967,
                        16.630428928574865
                    ],
                    [
                        2.846859860802782,
                        3.9077020678576098,
                        14.089185920174495,
                        4.720231779286745,
                        16.630428928574865,
                        19.611354023974126
                    ]
                ],
                "mui": [
                    0.0,
                    0.0,
                    100.0,
                    50.86500788917792,
                    76.10355276224495,
                    44.0287060005453
                ],
                "Ai": [
                    [
                        0.0,
                        0.0,
                        0.0,
                        0.0,
                        0.0,
                        0.0
                    ],
                    [
                        0.7644608047187715,
                        0.0,
                        0.0,
                        0.0,
                        0.0,
                        0.0
                    ],
                    [
                        0.0,
                        0.0,
                        0.0,
                        0.0,
                        0.0,
                        0.0
                    ],
                    [
                        0.6550132638890732,
                        -0.9510639600682569,
                        0.5086500788917792,
                        0.0,
                        0.0,
                        0.0
                    ],
                    [
                        0.9684838255142809,
                        0.5566050045148153,
                        0.7610355276224494,
                        -0.0,
                        0.0,
                        0.0
                    ],
                    [
                        0.9675616955225375,
                        0.6228150159813555,
                        -0.0,
                        -0.594490116366604,
                        0.9758736322283112,
                        0.0
                    ]
                ]
            },
            "est_params": {
                "mui": [
                    -0.025214500885538876,
                    -0.08053757360759538,
                    100.27187318047835,
                    50.96668795713204,
                    76.33849030009002,
                    44.07096665188793
                ],
                "Si": [
                    [
                        1.1191126826675397,
                        0.9185839825650352,
                        -0.06674200297759629,
                        -0.19251759515345374,
                        1.4535728984160643,
                        3.070024528514895
                    ],
                    [
                        0.9185839825650352,
                        1.80247033574376,
                        0.42486455335865414,
                        -0.907060794763258,
                        2.1292954344176613,
                        4.5772129838102
                    ],
                    [
                        -0.06674200297759629,
                        0.42486455335865414,
                        34.131311234895044,
                        16.391238601482954,
                        26.069551697759522,
                        15.820565168646874
                    ],
                    [
                        -0.19251759515345374,
                        -0.907060794763258,
                        16.391238601482954,
                        9.737560814061883,
                        11.796968014999214,
                        4.91142425278195
                    ],
                    [
                        1.4535728984160643,
                        2.1292954344176613,
                        26.069551697759522,
                        11.796968014999214,
                        23.083738336090214,
                        18.07973058581682
                    ],
                    [
                        3.070024528514895,
                        4.5772129838102,
                        15.820565168646874,
                        4.91142425278195,
                        18.07973058581682,
                        21.23834565677499
                    ]
                ]
            },
            "est_tgt": [
                1,
                2,
                3,
                4,
                5
            ],
            "oracle_est_tgt": [
                1,
                2,
                3,
                5
            ]
        },
        "3": {
            "intv_type": "hard",
            "inode": 3,
            "new_mui": 100,
            "new_vari": 32.0,
            "noise_type": "gaussian",
            "obs_noise_gamma_shape": null,
            "true_params": {
                "Si": [
                    [
                        1.0,
                        0.7644608047187715,
                        0.6471224977567217,
                        0.0,
                        1.886469746692816,
                        3.2846354476245194
                    ],
                    [
                        0.7644608047187715,
                        1.584400321951272,
                        1.3412081920470036,
                        0.0,
                        2.6429601570487664,
                        4.305646432505052
                    ],
                    [
                        0.6471224977567217,
                        1.3412081920470036,
                        2.1353440096494216,
                        0.0,
                        2.9983235190324007,
                        4.387440405818073
                    ],
                    [
                        0.0,
                        0.0,
                        0.0,
                        32.0,
                        0.0,
                        -19.023683723731327
                    ],
                    [
                        1.886469746692816,
                        2.6429601570487664,
                        2.9983235190324007,
                        0.0,
                        6.579931008430243,
                        9.892532312121
                    ],
                    [
                        3.2846354476245194,
                        4.305646432505052,
                        4.387440405818073,
                        -19.023683723731327,
                        9.892532312121,
                        27.822962084555673
                    ]
                ],
                "mui": [
                    0.0,
                    0.0,
                    0.0,
                    100.0,
                    0.0,
                    -59.4490116366604
                ],
                "Ai": [
                    [
                        0.0,
                        0.0,
                        0.0,
                        0.0,
                        0.0,
                        0.0
                    ],
                    [
                        0.7644608047187715,
                        0.0,
                        0.0,
                        0.0,
                        0.0,
                        0.0
                    ],
                    [
                        -0.0,
                        0.8465084066602786,
                        0.0,
                        0.0,
                        0.0,
                        0.0
                    ],
                    [
                        0.0,
                        0.0,
                        0.0,
                        0.0,
                        0.0,
                        0.0
                    ],
                    [
                        0.9684838255142809,
                        0.5566050045148153,
                        0.7610355276224494,
                        -0.0,
                        0.0,
                        0.0
                    ],
                    [
                        0.9675616955225375,
                        0.6228150159813555,
                        -0.0,
                        -0.594490116366604,
                        0.9758736322283112,
                        0.0
                    ]
                ]
            },
            "est_params": {
                "mui": [
                    0.048756340851737225,
                    0.04371897349247648,
                    0.12110081689362918,
                    99.94496575222931,
                    0.17738509705555355,
                    -59.25086909272868
                ],
                "Si": [
                    [
                        0.9290083108604772,
                        0.8136234570575299,
                        0.7237892226853985,
                        0.7076084263212321,
                        1.8726335252786734,
                        2.8307748034436893
                    ],
                    [
                        0.8136234570575299,
                        1.730888680785279,
                        1.4691530445052117,
                        0.7771878616040493,
                        2.8880226809928073,
                        4.222301495884719
                    ],
                    [
                        0.7237892226853985,
                        1.4691530445052117,
                        2.2547894880404664,
                        0.8092374959077706,
                        3.28216566854288,
                        4.392864289498636
                    ],
                    [
                        0.7076084263212321,
                        0.7771878616040493,
                        0.8092374959077706,
                        31.547626499238216,
                        1.7135329422159866,
                        -15.83669572132282
                    ],
                    [
                        1.8726335252786734,
                        2.8880226809928073,
                        3.28216566854288,
                        1.7135329422159866,
                        6.9679224649759535,
                        9.49139522024717
                    ],
                    [
                        2.8307748034436893,
                        4.222301495884719,
                        4.392864289498636,
                        -15.83669572132282,
                        9.49139522024717,
                        25.10488428648392
                    ]
                ]
            },
            "est_tgt": [
                0,
                1,
                3,
                5
            ],
            "oracle_est_tgt": [
                0,
                1,
                3,
                5
            ]
        },
        "4": {
            "intv_type": "hard",
            "inode": 4,
            "new_mui": 100,
            "new_vari": 32.0,
            "noise_type": "gaussian",
            "obs_noise_gamma_shape": null,
            "true_params": {
                "Si": [
                    [
                        1.0,
                        0.7644608047187715,
                        0.6471224977567217,
                        0.2571210531728736,
                        0.0,
                        1.2908234390095334
                    ],
                    [
                        0.7644608047187715,
                        1.584400321951272,
                        1.3412081920470036,
                        -0.32392842501927893,
                        0.0,
                        1.9190235512953258
                    ],
                    [
                        0.6471224977567217,
                        1.3412081920470036,
                        2.1353440096494216,
                        0.23444194395673584,
                        0.0,
                        1.3220821241602996
                    ],
                    [
                        0.2571210531728736,
                        -0.32392842501927893,
                        0.23444194395673584,
                        1.5957432642200045,
                        0.0,
                        -0.9016206038800865
                    ],
                    [
                        0.0,
                        0.0,
                        0.0,
                        0.0,
                        32.0,
                        31.22795623130596
                    ],
                    [
                        1.2908234390095334,
                        1.9190235512953258,
                        1.3220821241602996,
                        -0.9016206038800865,
                        31.22795623130596,
                        34.454691611267364
                    ]
                ],
                "mui": [
                    0.0,
                    0.0,
                    0.0,
                    0.0,
                    100.0,
                    97.58736322283113
                ],
                "Ai": [
                    [
                        0.0,
                        0.0,
                        0.0,
                        0.0,
                        0.0,
                        0.0
                    ],
                    [
                        0.7644608047187715,
                        0.0,
                        0.0,
                        0.0,
                        0.0,
                        0.0
                    ],
                    [
                        -0.0,
                        0.8465084066602786,
                        0.0,
                        0.0,
                        0.0,
                        0.0
                    ],
                    [
                        0.6550132638890732,
                        -0.9510639600682569,
                        0.5086500788917792,
                        0.0,
                        0.0,
                        0.0
                    ],
                    [
                        0.0,
                        0.0,
                        0.0,
                        0.0,
                        0.0,
                        0.0
                    ],
                    [
                        0.9675616955225375,
                        0.6228150159813555,
                        -0.0,
                        -0.594490116366604,
                        0.9758736322283112,
                        0.0
                    ]
                ]
            },
            "est_params": {
                "mui": [
                    0.13420061964563154,
                    0.011489595065123658,
                    0.06433067876489623,
                    0.11549342321952233,
                    99.87020929315474,
                    97.49574769668556
                ],
                "Si": [
                    [
                        0.8831606770324304,
                        0.666774497519083,
                        0.5300442970182924,
                        0.262982102676139,
                        -0.040786351916030854,
                        1.081714453262553
                    ],
                    [
                        0.666774497519083,
                        1.44548750102365,
                        1.2457837973370798,
                        -0.3127776762328633,
                        0.08014489087935796,
                        1.8322093313167387
                    ],
                    [
                        0.5300442970182924,
                        1.2457837973370798,
                        2.1298622374741463,
                        0.32488896982068005,
                        0.08886758796008544,
                        1.1466475058254884
                    ],
                    [
                        0.262982102676139,
                        -0.3127776762328633,
                        0.32488896982068005,
                        1.6797151235985897,
                        -0.4357946540511943,
                        -1.4349419978022322
                    ],
                    [
                        -0.040786351916030854,
                        0.08014489087935796,
                        0.08886758796008544,
                        -0.4357946540511943,
                        28.89759350809507,
                        28.10775554614204
                    ],
                    [
                        1.081714453262553,
                        1.8322093313167387,
                        1.1466475058254884,
                        -1.4349419978022322,
                        28.10775554614204,
                        31.102319913621674
                    ]
                ]
            },
            "est_tgt": [
                0,
                1,
                2,
                4,
                5
            ],
            "oracle_est_tgt": [
                0,
                4,
                5
            ]
        },
        "5": {
            "intv_type": "hard",
            "inode": 5,
            "new_mui": 100,
            "new_vari": 32.0,
            "noise_type": "gaussian",
            "obs_noise_gamma_shape": null,
            "true_params": {
                "Si": [
                    [
                        1.0,
                        0.7644608047187715,
                        0.6471224977567217,
                        0.2571210531728736,
                        1.886469746692816,
                        0.0
                    ],
                    [
                        0.7644608047187715,
                        1.584400321951272,
                        1.3412081920470036,
                        -0.32392842501927893,
                        2.6429601570487664,
                        0.0
                    ],
                    [
                        0.6471224977567217,
                        1.3412081920470036,
                        2.1353440096494216,
                        0.23444194395673584,
                        2.9983235190324007,
                        0.0
                    ],
                    [
                        0.2571210531728736,
                        -0.32392842501927893,
                        0.23444194395673584,
                        1.5957432642200045,
                        0.24713604724273977,
                        0.0
                    ],
                    [
                        1.886469746692816,
                        2.6429601570487664,
                        2.9983235190324007,
                        0.24713604724273977,
                        6.579931008430243,
                        0.0
                    ],
                    [
                        0.0,
                        0.0,
                        0.0,
                        0.0,
                        0.0,
                        32.0
                    ]
                ],
                "mui": [
                    0.0,
                    0.0,
                    0.0,
                    0.0,
                    0.0,
                    100.0
                ],
                "Ai": [
                    [
                        0.0,
                        0.0,
                        0.0,
                        0.0,
                        0.0,
                        0.0
                    ],
                    [
                        0.7644608047187715,
                        0.0,
                        0.0,
                        0.0,
                        0.0,
                        0.0
                    ],
                    [
                        -0.0,
                        0.8465084066602786,
                        0.0,
                        0.0,
                        0.0,
                        0.0
                    ],
                    [
                        0.6550132638890732,
                        -0.9510639600682569,
                        0.5086500788917792,
                        0.0,
                        0.0,
                        0.0
                    ],
                    [
                        0.9684838255142809,
                        0.5566050045148153,
                        0.7610355276224494,
                        -0.0,
                        0.0,
                        0.0
                    ],
                    [
                        0.0,
                        0.0,
                        0.0,
                        0.0,
                        0.0,
                        0.0
                    ]
                ]
            },
            "est_params": {
                "mui": [
                    -0.055476116696320125,
                    -0.0027576861256136537,
                    -0.05141036572485254,
                    -0.10146108450398586,
                    -0.07120510617480645,
                    99.53010687034018
                ],
                "Si": [
                    [
                        0.9794834946655013,
                        0.6436364926025634,
                        0.60335500551113,
                        0.33402185526900996,
                        1.7454150498127965,
                        -0.08896508884782983
                    ],
                    [
                        0.6436364926025634,
                        1.5472214462363227,
                        1.2205610345990592,
                        -0.2950718065812052,
                        2.381891979512225,
                        -0.5632493978221244
                    ],
                    [
                        0.60335500551113,
                        1.2205610345990592,
                        1.84843022692766,
                        0.2916295208019041,
                        2.7158489625062527,
                        -0.5701366837054621
                    ],
                    [
                        0.33402185526900996,
                        -0.2950718065812052,
                        0.2916295208019041,
                        1.5953649559588927,
                        0.3866847331320342,
                        0.1329831353124153
                    ],
                    [
                        1.7454150498127965,
                        2.381891979512225,
                        2.7158489625062527,
                        0.3866847331320342,
                        5.884662299931944,
                        -0.6691643882006921
                    ],
                    [
                        -0.08896508884782983,
                        -0.5632493978221244,
                        -0.5701366837054621,
                        0.1329831353124153,
                        -0.6691643882006921,
                        28.35392375685809
                    ]
                ]
            },
            "est_tgt": [
                0,
                1,
                4,
                5
            ],
            "oracle_est_tgt": [
                0,
                4,
                5
            ]
        },
        "obs": {
            "intv_type": "obs",
            "noise_type": "gaussian",
            "obs_noise_gamma_shape": null,
            "true_params": {
                "Si": [
                    [
                        1.0,
                        0.7644608047187715,
                        0.6471224977567217,
                        0.2571210531728736,
                        1.886469746692816,
                        3.131779522803474
                    ],
                    [
                        0.7644608047187715,
                        1.584400321951272,
                        1.3412081920470036,
                        -0.32392842501927893,
                        2.6429601570487664,
                        4.498218679589214
                    ],
                    [
                        0.6471224977567217,
                        1.3412081920470036,
                        2.1353440096494216,
                        0.23444194395673584,
                        2.9983235190324007,
                        4.248066987274021
                    ],
                    [
                        0.2571210531728736,
                        -0.32392842501927893,
                        0.23444194395673584,
                        1.5957432642200045,
                        0.24713604724273977,
                        -0.6604470518027665
                    ],
                    [
                        1.886469746692816,
                        2.6429601570487664,
                        2.9983235190324007,
                        0.24713604724273977,
                        6.579931008430243,
                        9.745612374637282
                    ],
                    [
