{
    "expt_args": {
        "save_dir": "all_expt_logs/expt_logs_sim_compsel_backward_cameraready_new_var_largemean",
        "exp_name": "223",
        "num_nodes": 6,
        "num_tgt_prior": 7,
        "obs_noise_mean": 0.0,
        "obs_noise_var": 1.0,
        "obs_noise_gamma_shape": null,
        "noise_type": "gaussian",
        "max_edge_strength": 1.0,
        "graph_sparsity_method": "adj_dense_prop",
        "adj_dense_prop": 0.8,
        "num_parents": null,
        "new_noise_mean": 100,
        "mix_samples": 8192,
        "stage2_samples": 8192,
        "gmm_tol": 0.001,
        "intv_type": "hard",
        "new_noise_var": 0.1,
        "dtype": "simulation",
        "cutoff_drop_ratio": 0.07,
        "intv_targets": [
            0,
            1,
            2,
            3,
            4,
            5
        ]
    },
    "intv_args_dict": {
        "0": {
            "intv_type": "hard",
            "inode": 0,
            "new_mui": 100,
            "new_vari": 0.1,
            "noise_type": "gaussian",
            "obs_noise_gamma_shape": null,
            "true_params": {
                "Si": [
                    [
                        0.1,
                        0.09654538887118243,
                        -0.03711171750717124,
                        -0.09698698162733427,
                        -0.10309599707013957,
                        0.03185335935852437
                    ],
                    [
                        0.09654538887118243,
                        1.0932101211228784,
                        -0.9439323116548792,
                        -0.1830837451294623,
                        -1.827332683266411,
                        1.1810918282387897
                    ],
                    [
                        -0.03711171750717124,
                        -0.9439323116548792,
                        1.8384232362645125,
                        -0.42028299474710124,
                        2.0478872592222364,
                        -2.7782871353081893
                    ],
                    [
                        -0.09698698162733427,
                        -0.1830837451294623,
                        -0.42028299474710124,
                        1.3909759499717544,
                        0.7445139198443794,
                        1.0324734293190805
                    ],
                    [
                        -0.10309599707013957,
                        -1.827332683266411,
                        2.0478872592222364,
                        0.7445139198443794,
                        4.813957430337916,
                        -3.3690702675649353
                    ],
                    [
                        0.03185335935852437,
                        1.1810918282387897,
                        -2.7782871353081893,
                        1.0324734293190805,
                        -3.3690702675649353,
                        5.941368082547634
                    ]
                ],
                "mui": [
                    100.0,
                    96.54538887118242,
                    -37.111717507171235,
                    -96.98698162733426,
                    -103.09599707013956,
                    31.85335935852437
                ],
                "Ai": [
                    [
                        0.0,
                        0.0,
                        0.0,
                        0.0,
                        0.0,
                        0.0
                    ],
                    [
                        0.9654538887118242,
                        0.0,
                        0.0,
                        0.0,
                        0.0,
                        0.0
                    ],
                    [
                        0.5056140690570177,
                        -0.9081026596708061,
                        0.0,
                        0.0,
                        0.0,
                        0.0
                    ],
                    [
                        -0.6117430777963946,
                        -0.5775559607107219,
                        -0.5375038482155032,
                        0.0,
                        0.0,
                        0.0
                    ],
                    [
                        0.8589903506320542,
                        -0.9079094436812729,
                        0.8312694282532476,
                        0.7268060564096226,
                        0.0,
                        0.0
                    ],
                    [
                        0.8829444919626626,
                        -0.9687728440434762,
                        -0.9564975862456365,
                        0.796780258927546,
                        -0.7650103541964748,
                        0.0
                    ]
                ]
            },
            "est_params": {
                "mui": [
                    100.00362207074963,
                    96.57442951185844,
                    -37.16825534729957,
                    -96.97203096170357,
                    -103.1801062749598,
                    32.01272116166514
                ],
                "Si": [
                    [
                        0.10411684791928233,
                        0.10320540018529356,
                        -0.042638002017706796,
                        -0.10908143339560097,
                        -0.10753074116848545,
                        0.01613019934676088
                    ],
                    [
                        0.10320540018529356,
                        1.063995965625875,
                        -0.9054252116432296,
                        -0.19347613898833965,
                        -1.807684908186006,
                        1.0819668613061464
                    ],
                    [
                        -0.042638002017706796,
                        -0.9054252116432296,
                        1.8127555838162999,
                        -0.39805775377934266,
                        2.0144650305471945,
                        -2.718820989298944
                    ],
                    [
                        -0.10908143339560097,
                        -0.19347613898833965,
                        -0.39805775377934266,
                        1.3459002414776324,
                        0.7510487971187394,
                        1.0059479161635798
                    ],
                    [
                        -0.10753074116848545,
                        -1.807684908186006,
                        2.0144650305471945,
                        0.7510487971187394,
                        4.851824322456153,
                        -3.2536915693195465
                    ],
                    [
                        0.01613019934676088,
                        1.0819668613061464,
                        -2.718820989298944,
                        1.0059479161635798,
                        -3.2536915693195465,
                        5.8240656463798794
                    ]
                ]
            },
            "est_tgt": [
                0
            ],
            "oracle_est_tgt": [
                0
            ]
        },
        "1": {
            "intv_type": "hard",
            "inode": 1,
            "new_mui": 100,
            "new_vari": 0.1,
            "noise_type": "gaussian",
            "obs_noise_gamma_shape": null,
            "true_params": {
                "Si": [
                    [
                        1.0,
                        0.0,
                        0.5056140690570177,
                        -0.8835125856264407,
                        0.6371495705864568,
                        -0.7920655500738677
                    ],
                    [
                        0.0,
                        0.1,
                        -0.09081026596708061,
                        -0.008944728656293017,
                        -0.1727798251984422,
                        0.11503388785775673
                    ],
                    [
                        0.5056140690570177,
                        -0.09081026596708061,
                        1.3381106308785138,
                        -0.9760975098143614,
                        0.9196619818090535,
                        -2.226782076656124
                    ],
                    [
                        -0.8835125856264407,
                        -0.008944728656293017,
                        -0.9760975098143614,
                        2.0703049575141406,
                        -0.05749761926353325,
                        1.8557721454241598
                    ],
                    [
                        0.6371495705864568,
                        -0.1727798251984422,
                        0.9196619818090535,
                        -0.05749761926353325,
                        2.4268710399131788,
                        -2.052096801003384
                    ],
                    [
                        -0.7920655500738677,
                        0.11503388785775673,
                        -2.226782076656124,
                        1.8557721454241598,
                        -2.052096801003384,
                        5.367637971126835
                    ]
                ],
                "mui": [
                    0.0,
                    100.0,
                    -90.81026596708061,
                    -8.944728656293016,
                    -172.77982519844218,
                    115.03388785775672
                ],
                "Ai": [
                    [
                        0.0,
                        0.0,
                        0.0,
                        0.0,
                        0.0,
                        0.0
                    ],
                    [
                        0.0,
                        0.0,
                        0.0,
                        0.0,
                        0.0,
                        0.0
                    ],
                    [
                        0.5056140690570177,
                        -0.9081026596708061,
                        0.0,
                        0.0,
                        0.0,
                        0.0
                    ],
                    [
                        -0.6117430777963946,
                        -0.5775559607107219,
                        -0.5375038482155032,
                        0.0,
                        0.0,
                        0.0
                    ],
                    [
                        0.8589903506320542,
                        -0.9079094436812729,
                        0.8312694282532476,
                        0.7268060564096226,
                        0.0,
                        0.0
                    ],
                    [
                        0.8829444919626626,
                        -0.9687728440434762,
                        -0.9564975862456365,
                        0.796780258927546,
                        -0.7650103541964748,
                        0.0
                    ]
                ]
            },
            "est_params": {
                "mui": [
                    0.0382324426204754,
                    100.00786606603621,
                    -90.75644903388955,
                    -9.024319173794105,
                    -172.77976054507067,
                    114.94217655012609
                ],
                "Si": [
                    [
                        0.9513911135575773,
                        -0.0016293760101663355,
                        0.4997899265960989,
                        -0.8303512862435456,
                        0.6386907342717858,
                        -0.7648214897436052
                    ],
                    [
                        -0.0016293760101663355,
                        0.09603673469483567,
                        -0.0991758689810284,
                        -0.005268417397084444,
                        -0.1780246438719071,
                        0.13295951224215108
                    ],
                    [
                        0.4997899265960989,
                        -0.0991758689810284,
                        1.3970841567534138,
                        -1.0031512355205638,
                        0.9496943558753446,
                        -2.287561645814395
                    ],
                    [
                        -0.8303512862435456,
                        -0.005268417397084444,
                        -1.0031512355205638,
                        2.0213665369281557,
                        -0.07172201747489153,
                        1.8335332070256736
                    ],
                    [
                        0.6386907342717858,
                        -0.1780246438719071,
                        0.9496943558753446,
                        -0.07172201747489153,
                        2.430464636493812,
                        -2.1169914568154464
                    ],
                    [
                        -0.7648214897436052,
                        0.13295951224215108,
                        -2.287561645814395,
                        1.8335332070256736,
                        -2.1169914568154464,
                        5.437880948175566
                    ]
                ]
            },
            "est_tgt": [
                1
            ],
            "oracle_est_tgt": [
                1
            ]
        },
        "2": {
            "intv_type": "hard",
            "inode": 2,
            "new_mui": 100,
            "new_vari": 0.1,
            "noise_type": "gaussian",
            "obs_noise_gamma_shape": null,
            "true_params": {
                "Si": [
                    [
                        1.0,
                        0.9654538887118242,
                        0.0,
                        -1.1693467260132546,
                        -0.8674426348774168,
                        -0.32047080737374833
                    ],
                    [
                        0.9654538887118242,
                        1.9321012112287836,
                        0.0,
                        -1.7065063045926587,
                        -2.165156478918137,
                        -0.7226684025067873
                    ],
                    [
                        0.0,
                        0.0,
                        0.1,
                        -0.053750384821550326,
                        0.04406083760267413,
                        -0.17218400114074886
                    ],
                    [
                        -1.1693467260132546,
                        -1.7065063045926587,
                        -0.053750384821550326,
                        2.72983369207505,
                        2.4842742441849204,
                        0.9467429050275752
                    ],
                    [
                        -0.8674426348774168,
                        -2.165156478918137,
                        0.04406083760267413,
                        2.4842742441849204,
                        4.0628531549092965,
                        0.1607929629504381
                    ],
                    [
                        -0.32047080737374833,
                        -0.7226684025067873,
                        -0.17218400114074886,
                        0.9467429050275752,
                        0.1607929629504381,
                        2.2131749463392927
                    ]
                ],
                "mui": [
                    0.0,
                    0.0,
                    100.0,
                    -53.75038482155033,
                    44.06083760267413,
                    -172.18400114074885
                ],
                "Ai": [
                    [
                        0.0,
                        0.0,
                        0.0,
                        0.0,
                        0.0,
                        0.0
                    ],
                    [
                        0.9654538887118242,
                        0.0,
                        0.0,
                        0.0,
                        0.0,
                        0.0
                    ],
                    [
                        0.0,
                        0.0,
                        0.0,
                        0.0,
                        0.0,
                        0.0
                    ],
                    [
                        -0.6117430777963946,
                        -0.5775559607107219,
                        -0.5375038482155032,
                        0.0,
                        0.0,
                        0.0
                    ],
                    [
                        0.8589903506320542,
                        -0.9079094436812729,
                        0.8312694282532476,
                        0.7268060564096226,
                        0.0,
                        0.0
                    ],
                    [
                        0.8829444919626626,
                        -0.9687728440434762,
                        -0.9564975862456365,
                        0.796780258927546,
                        -0.7650103541964748,
                        0.0
                    ]
                ]
            },
            "est_params": {
                "mui": [
                    0.0009090139454712386,
                    -0.036460485602139533,
                    99.98197542478965,
                    -53.745799490499564,
                    44.105790841681895,
                    -172.16710155666476
                ],
                "Si": [
                    [
                        1.0568549582497169,
                        1.011856102576738,
                        -0.005316378476934659,
                        -1.222592600641308,
                        -0.8862467697766395,
                        -0.3501211694900344
                    ],
                    [
                        1.011856102576738,
                        1.8847192252083007,
                        -0.021526092609057093,
                        -1.7362534710853466,
                        -2.1217315820372327,
                        -0.6667539702526363
                    ],
                    [
                        -0.005316378476934659,
                        -0.021526092609057093,
                        0.0973448468972254,
                        -0.03919496913297861,
                        0.06905726728043285,
                        -0.15488824051723796
                    ],
                    [
                        -1.222592600641308,
                        -1.7362534710853466,
                        -0.03919496913297861,
                        2.780314652123722,
                        2.4904385602674517,
                        0.9056372120651925
                    ],
                    [
                        -0.8862467697766395,
                        -2.1217315820372327,
                        0.06905726728043285,
                        2.4904385602674517,
                        4.027792359227233,
                        0.0692468591187403
                    ],
                    [
                        -0.3501211694900344,
                        -0.6667539702526363,
                        -0.15488824051723796,
                        0.9056372120651925,
                        0.0692468591187403,
                        2.18430098849722
                    ]
                ]
            },
            "est_tgt": [
                2,
                4
            ],
            "oracle_est_tgt": [
                2,
                4,
                5
            ]
        },
        "3": {
            "intv_type": "hard",
            "inode": 3,
            "new_mui": 100,
            "new_vari": 0.1,
            "noise_type": "gaussian",
            "obs_noise_gamma_shape": null,
            "true_params": {
                "Si": [
                    [
                        1.0,
                        0.9654538887118242,
                        -0.3711171750717124,
                        0.0,
                        -0.32605271430504246,
                        0.5520453670300896
                    ],
                    [
                        0.9654538887118242,
                        1.9321012112287836,
                        -1.2663991795115377,
                        0.0,
                        -1.977576283331926,
                        1.70484909928863
                    ],
                    [
                        -0.3711171750717124,
                        -1.2663991795115377,
                        1.9623783981343998,
                        0.0,
                        2.4622548712420196,
                        -2.8614834030595793
                    ],
                    [
                        0.0,
                        0.0,
                        0.0,
                        0.1,
                        0.07268060564096226,
                        0.02407661002814776
                    ],
                    [
                        -0.32605271430504246,
                        -1.977576283331926,
                        2.4622548712420196,
                        0.07268060564096226,
                        4.6150059512462445,
                        -4.1998219545333795
                    ],
                    [
                        0.5520453670300896,
                        1.70484909928863,
                        -2.8614834030595793,
                        0.02407661002814776,
                        -4.1998219545333795,
                        5.804906922230394
                    ]
                ],
                "mui": [
                    0.0,
                    0.0,
                    0.0,
                    100.0,
                    72.68060564096226,
                    24.076610028147762
                ],
                "Ai": [
                    [
                        0.0,
                        0.0,
                        0.0,
                        0.0,
                        0.0,
                        0.0
                    ],
                    [
                        0.9654538887118242,
                        0.0,
                        0.0,
                        0.0,
                        0.0,
                        0.0
                    ],
                    [
                        0.5056140690570177,
                        -0.9081026596708061,
                        0.0,
                        0.0,
                        0.0,
                        0.0
                    ],
                    [
                        0.0,
                        0.0,
                        0.0,
                        0.0,
                        0.0,
                        0.0
                    ],
                    [
                        0.8589903506320542,
                        -0.9079094436812729,
                        0.8312694282532476,
                        0.7268060564096226,
                        0.0,
                        0.0
                    ],
                    [
                        0.8829444919626626,
                        -0.9687728440434762,
                        -0.9564975862456365,
                        0.796780258927546,
                        -0.7650103541964748,
                        0.0
                    ]
                ]
            },
            "est_params": {
                "mui": [
                    0.015639332512115165,
                    -0.04452017568457578,
                    0.07799612420945846,
                    99.97639368944978,
                    72.75829990566088,
                    23.947278769132257
                ],
                "Si": [
                    [
                        0.9775202703889976,
                        0.9420224836344462,
                        -0.2954534299767874,
                        0.014882781091426404,
                        -0.26326290323476853,
                        0.4206535086386259
                    ],
                    [
                        0.9420224836344462,
                        1.861451998442225,
                        -1.165074689443104,
                        0.015400786519182596,
                        -1.838711204128427,
                        1.5001144645388877
                    ],
                    [
                        -0.2954534299767874,
                        -1.165074689443104,
                        1.8690130663581772,
                        -0.022120096733501148,
                        2.3519982490010145,
                        -2.6895478055016686
                    ],
                    [
                        0.014882781091426404,
                        0.015400786519182596,
                        -0.022120096733501148,
                        0.10689597565725849,
                        0.057830482590576875,
                        0.0521639133561874
                    ],
                    [
                        -0.26326290323476853,
                        -1.838711204128427,
                        2.3519982490010145,
                        0.057830482590576875,
                        4.456655355344091,
                        -3.971353325358221
                    ],
                    [
                        0.4206535086386259,
                        1.5001144645388877,
                        -2.6895478055016686,
                        0.0521639133561874,
                        -3.971353325358221,
                        5.503794305703336
                    ]
                ]
            },
            "est_tgt": [
                3,
                4,
                5
            ],
            "oracle_est_tgt": [
                2,
                3,
                4,
                5
            ]
        },
        "4": {
            "intv_type": "hard",
            "inode": 4,
            "new_mui": 100,
            "new_vari": 0.1,
            "noise_type": "gaussian",
            "obs_noise_gamma_shape": null,
            "true_params": {
                "Si": [
                    [
                        1.0,
                        0.9654538887118242,
                        -0.3711171750717124,
                        -0.9698698162733426,
                        0.0,
                        -0.4701614587634183
                    ],
                    [
                        0.9654538887118242,
                        1.9321012112287836,
                        -1.2663991795115377,
                        -1.0258118722282512,
                        0.0,
                        -0.6253638828386515
                    ],
                    [
                        -0.3711171750717124,
                        -1.2663991795115377,
                        1.9623783981343998,
                        -0.09634118298468602,
                        0.0,
                        -1.054595684612651
                    ],
                    [
                        -0.9698698162733426,
                        -1.0258118722282512,
                        -0.09634118298468602,
                        2.237558664438033,
                        0.0,
                        2.0124301537101497
                    ],
                    [
                        0.0,
                        0.0,
                        0.0,
                        0.0,
                        0.1,
                        -0.07650103541964748
                    ],
                    [
                        -0.4701614587634183,
                        -0.6253638828386515,
                        -1.054595684612651,
                        2.0124301537101497,
                        -0.07650103541964748,
                        3.861416006938002
                    ]
                ],
                "mui": [
                    0.0,
                    0.0,
                    0.0,
                    0.0,
                    100.0,
                    -76.50103541964748
                ],
                "Ai": [
                    [
                        0.0,
                        0.0,
                        0.0,
                        0.0,
                        0.0,
                        0.0
                    ],
                    [
                        0.9654538887118242,
                        0.0,
                        0.0,
                        0.0,
                        0.0,
                        0.0
                    ],
                    [
                        0.5056140690570177,
                        -0.9081026596708061,
                        0.0,
                        0.0,
                        0.0,
                        0.0
                    ],
                    [
                        -0.6117430777963946,
                        -0.5775559607107219,
                        -0.5375038482155032,
                        0.0,
                        0.0,
                        0.0
                    ],
                    [
                        0.0,
                        0.0,
                        0.0,
                        0.0,
                        0.0,
                        0.0
                    ],
                    [
                        0.8829444919626626,
                        -0.9687728440434762,
                        -0.9564975862456365,
                        0.796780258927546,
                        -0.7650103541964748,
                        0.0
                    ]
                ]
            },
            "est_params": {
                "mui": [
                    0.01803983108032656,
                    0.08148526409390935,
                    -0.047896194049361684,
                    -0.007628253210571428,
                    99.99733722689496,
                    -76.52124916993625
                ],
                "Si": [
                    [
                        0.9451341218187616,
                        0.894626337000116,
                        -0.33555892961682177,
                        -0.9090005784827254,
                        0.004639270024087404,
                        -0.4880094428868246
                    ],
                    [
                        0.894626337000116,
                        1.922822132191699,
                        -1.2668905211253652,
                        -0.9790423945502827,
                        0.01245029469858468,
                        -0.689713209665312
                    ],
                    [
                        -0.33555892961682177,
                        -1.2668905211253652,
                        1.967955453194753,
                        -0.13021372536046158,
                        -0.01819454707235631,
                        -1.0455062946017435
                    ],
                    [
                        -0.9090005784827254,
                        -0.9790423945502827,
                        -0.13021372536046158,
                        2.1340320146107197,
                        0.01187666050993769,
                        2.008557510351855
                    ],
                    [
                        0.004639270024087404,
                        0.01245029469858468,
                        -0.01819454707235631,
                        0.01187666050993769,
                        0.09928830939551968,
                        -0.04811583655749161
                    ],
                    [
                        -0.4880094428868246,
                        -0.689713209665312,
                        -1.0455062946017435,
                        2.008557510351855,
                        -0.04811583655749161,
                        3.9168452090089074
                    ]
                ]
            },
            "est_tgt": [
                3,
                4,
                5
            ],
            "oracle_est_tgt": [
                2,
                3,
                4
            ]
        },
        "5": {
            "intv_type": "hard",
            "inode": 5,
            "new_mui": 100,
            "new_vari": 0.1,
            "noise_type": "gaussian",
            "obs_noise_gamma_shape": null,
            "true_params": {
                "Si": [
                    [
                        1.0,
                        0.9654538887118242,
                        -0.3711171750717124,
                        -0.9698698162733426,
                        -1.0309599707013957,
                        0.0
                    ],
                    [
                        0.9654538887118242,
                        1.9321012112287836,
                        -1.2663991795115377,
                        -1.0258118722282512,
                        -2.723142564804313,
                        0.0
                    ],
                    [
                        -0.3711171750717124,
                        -1.2663991795115377,
                        1.9623783981343998,
                        -0.09634118298468602,
                        2.3922335159670816,
                        0.0
                    ],
                    [
                        -0.9698698162733426,
                        -1.0258118722282512,
                        -0.09634118298468602,
                        2.237558664438033,
                        1.6444211814767793,
                        0.0
                    ],
                    [
                        -1.0309599707013957,
                        -2.723142564804313,
                        2.3922335159670816,
                        1.6444211814767793,
                        5.7705480454076765,
                        0.0
                    ],
                    [
                        0.0,
                        0.0,
                        0.0,
                        0.0,
                        0.0,
                        0.1
                    ]
                ],
                "mui": [
                    0.0,
                    0.0,
                    0.0,
                    0.0,
                    0.0,
                    100.0
                ],
                "Ai": [
                    [
                        0.0,
                        0.0,
                        0.0,
                        0.0,
                        0.0,
                        0.0
                    ],
                    [
                        0.9654538887118242,
                        0.0,
                        0.0,
                        0.0,
                        0.0,
                        0.0
                    ],
                    [
                        0.5056140690570177,
                        -0.9081026596708061,
                        0.0,
                        0.0,
                        0.0,
                        0.0
                    ],
                    [
                        -0.6117430777963946,
                        -0.5775559607107219,
                        -0.5375038482155032,
                        0.0,
                        0.0,
                        0.0
                    ],
                    [
                        0.8589903506320542,
                        -0.9079094436812729,
                        0.8312694282532476,
                        0.7268060564096226,
                        0.0,
                        0.0
                    ],
                    [
                        0.0,
                        0.0,
                        0.0,
                        0.0,
                        0.0,
                        0.0
                    ]
                ]
            },
            "est_params": {
                "mui": [
                    -0.037413249550797355,
                    -0.03838927831480304,
                    0.011030431773470661,
                    0.030146930769184097,
                    0.05440145006064512,
                    99.99720656931294
                ],
                "Si": [
                    [
                        0.998504189167092,
                        0.9570206325270363,
                        -0.3860033842567936,
                        -0.9470675393796576,
                        -1.0105294837345085,
                        -0.005184644782083881
                    ],
                    [
                        0.9570206325270363,
                        1.9565454467269299,
                        -1.2849431271963245,
                        -1.0237116940699686,
                        -2.7577384213214278,
                        0.011017367401201888
                    ],
                    [
                        -0.3860033842567936,
                        -1.2849431271963245,
                        2.056925256841804,
                        -0.11326993981014623,
                        2.425837252002813,
                        -0.02037366807826423
                    ],
                    [
                        -0.9470675393796576,
                        -1.0237116940699686,
                        -0.11326993981014623,
                        2.203422066531238,
                        1.6099536370397682,
                        0.0026340694982573613
                    ],
                    [
                        -1.0105294837345085,
                        -2.7577384213214278,
                        2.425837252002813,
                        1.6099536370397682,
                        5.833233504585607,
                        -0.030737287476708647
                    ],
                    [
                        -0.005184644782083881,
                        0.011017367401201888,
                        -0.02037366807826423,
                        0.0026340694982573613,
                        -0.030737287476708647,
                        0.0993835003723341
                    ]
                ]
            },
            "est_tgt": [
                2,
                3,
                4,
                5
            ],
            "oracle_est_tgt": [
                2,
                3,
                5
            ]
        },
        "obs": {
            "intv_type": "obs",
            "noise_type": "gaussian",
            "obs_noise_gamma_shape": null,
            "true_params": {
                "Si": [
                    [
                        1.0,
                        0.9654538887118242,
                        -0.3711171750717124,
                        -0.9698698162733426,
                        -1.0309599707013957,
                        0.3185335935852437
                    ],
                    [
                        0.9654538887118242,
                        1.9321012112287836,
                        -1.2663991795115377,
                        -1.0258118722282512,
                        -2.723142564804313,
                        1.4578683751897925
                    ],
                    [
                        -0.3711171750717124,
                        -1.2663991795115377,
                        1.9623783981343998,
                        -0.09634118298468602,
                        2.3922335159670816,
                        -2.8846790939833062
                    ],
                    [
                        -0.9698698162733426,
                        -1.0258118722282512,
                        -0.09634118298468602,
                        2.237558664438033,
                        1.6444211814767793,
                        0.7544309232204134
                    ],
                    [
                        -1.0309599707013957,
