{
    "expt_args": {
        "save_dir": "all_expt_logs/expt_logs_sim_gamma48",
        "exp_name": "72",
        "num_nodes": 4,
        "num_tgt_prior": 5,
        "obs_noise_mean": 0.0,
        "obs_noise_var": 1.0,
        "obs_noise_gamma_shape": 2.0,
        "noise_type": "gamma",
        "max_edge_strength": 1.0,
        "graph_sparsity_method": "adj_dense_prop",
        "adj_dense_prop": 0.8,
        "num_parents": null,
        "new_noise_mean": 1.0,
        "mix_samples": 65536,
        "stage2_samples": 65536,
        "gmm_tol": 0.001,
        "intv_type": "do",
        "new_noise_var": null,
        "dtype": "simulation",
        "intv_targets": [
            0,
            1,
            2,
            3
        ]
    },
    "intv_args_dict": {
        "0": {
            "intv_type": "do",
            "inode": 0,
            "new_mui": 1.0,
            "new_vari": null,
            "noise_type": "gamma",
            "obs_noise_gamma_shape": 2.0,
            "true_params": {
                "Si": [
                    [
                        5.992088671918195,
                        6.005833986565753,
                        10.348135889448423,
                        17.800697199634765
                    ],
                    [
                        6.005833986565753,
                        7.989556041428562,
                        13.76611671218416,
                        21.96639606561335
                    ],
                    [
                        10.348135889448423,
                        13.76611671218416,
                        23.71921147443277,
                        37.8484073980195
                    ],
                    [
                        17.800697199634765,
                        21.96639606561335,
                        37.8484073980195,
                        61.517580070685774
                    ]
                ],
                "mui": [
                    5.995783934014484,
                    7.998228827419161,
                    13.781060043646791,
                    21.97579237489331
                ],
                "Ai": [
                    [
                        0.0,
                        0.0,
                        0.0,
                        0.0
                    ],
                    [
                        0.0,
                        0.0,
                        0.0,
                        0.0
                    ],
                    [
                        -0.0,
                        0.7230139748444301,
                        0.0,
                        0.0
                    ],
                    [
                        0.8719980075108625,
                        0.0,
                        0.6348751021937078,
                        0.0
                    ]
                ]
            },
            "est_params": {
                "mui": [
                    6.997092539925274,
                    6.985904450584508,
                    13.0492211788604,
                    22.384391016821144
                ],
                "Si": [
                    [
                        7.961802518226844,
                        4.939235556686605,
                        10.537277681929046,
                        20.598671654645056
                    ],
                    [
                        4.939235556686605,
                        7.961081836742103,
                        12.700554793276751,
                        19.314851679801897
                    ],
                    [
                        10.537277681929046,
                        12.700554793276751,
                        22.16154994876409,
                        36.23717114179585
                    ],
                    [
                        20.598671654645056,
                        19.314851679801897,
                        36.23717114179585,
                        63.24034282733116
                    ]
                ]
            },
            "est_tgt": [
                0,
                1,
                2,
                3
            ],
            "oracle_est_tgt": [
                0,
                1,
                3
            ],
            "intv_base_est_tgt": [
                0,
                1,
                2,
                3
            ]
        },
        "1": {
            "intv_type": "do",
            "inode": 1,
            "new_mui": 1.0,
            "new_vari": null,
            "noise_type": "gamma",
            "obs_noise_gamma_shape": 2.0,
            "true_params": {
                "Si": [
                    [
                        7.927339748109584,
                        5.9008440434149465,
                        12.193732454876104,
                        22.581461351735005
                    ],
                    [
                        5.9008440434149465,
                        5.8840663584501485,
                        10.15510624948638,
                        17.49359240983575
                    ],
                    [
                        12.193732454876104,
                        10.15510624948638,
                        19.536016189284762,
                        35.22957313427871
                    ],
                    [
                        22.581461351735005,
                        17.49359240983575,
                        35.22957313427871,
                        64.63882950099739
                    ]
                ],
                "mui": [
                    7.998401712173818,
                    5.973580632210366,
                    12.317383989121938,
                    22.792992487313793
                ],
                "Ai": [
                    [
                        0.0,
                        0.0,
                        0.0,
                        0.0
                    ],
                    [
                        0.0,
                        0.0,
                        0.0,
                        0.0
                    ],
                    [
                        -0.0,
                        0.7230139748444301,
                        0.0,
                        0.0
                    ],
                    [
                        0.8719980075108625,
                        0.0,
                        0.6348751021937078,
                        0.0
                    ]
                ]
            },
            "est_params": {
                "mui": [
                    9.937940016848565,
                    9.937940016848565,
                    7.216256775568651,
                    23.18522566814818
                ],
                "Si": [
                    [
                        7.230306944884519,
                        7.230305944884519,
                        5.975445685396535,
                        17.328780012686835
                    ],
                    [
                        7.230305944884519,
                        7.230306944884519,
                        5.975445685396535,
                        17.328780012686835
                    ],
                    [
                        5.975445685396535,
                        5.975445685396535,
                        7.435955997578738,
                        15.906925106047296
                    ],
                    [
                        17.328780012686835,
                        17.328780012686835,
                        15.906925106047296,
                        42.538353358633266
                    ]
                ]
            },
            "est_tgt": [
                0,
                1,
                2,
                3
            ],
            "oracle_est_tgt": [
                1,
                2,
                3
            ],
            "intv_base_est_tgt": []
        },
        "2": {
            "intv_type": "do",
            "inode": 2,
            "new_mui": 1.0,
            "new_vari": null,
            "noise_type": "gamma",
            "obs_noise_gamma_shape": 2.0,
            "true_params": {
                "Si": [
                    [
                        8.119243619949401,
                        8.119243619949401,
                        6.1122629741291625,
                        19.079731459375623
                    ],
                    [
                        8.119243619949401,
                        8.119243619949401,
                        6.1122629741291625,
                        19.079731459375623
                    ],
                    [
                        6.1122629741291625,
                        6.1122629741291625,
                        6.094573518363004,
                        15.311437094249994
                    ],
                    [
                        19.079731459375623,
                        19.079731459375623,
                        15.311437094249994,
                        45.43806946573801
                    ]
                ],
                "mui": [
                    7.993357128186302,
                    7.993357128186302,
                    6.0015786615264535,
                    18.773801483347693
                ],
                "Ai": [
                    [
                        0.0,
                        0.0,
                        0.0,
                        0.0
                    ],
                    [
                        0.0,
                        0.0,
                        0.0,
                        0.0
                    ],
                    [
                        0.0,
                        0.0,
                        0.0,
                        0.0
                    ],
                    [
                        0.8719980075108625,
                        0.0,
                        0.6348751021937078,
                        0.0
                    ]
                ]
            },
            "est_params": {
                "mui": [
                    6.375422972988458,
                    6.375422972988458,
                    4.990942713200624,
                    15.103404367559566
                ],
                "Si": [
                    [
                        3.0938206922125153,
                        3.093819692212515,
                        2.624832492996457,
                        7.45806509665219
                    ],
                    [
                        3.093819692212515,
                        3.0938206922125153,
                        2.624832492996457,
                        7.45806509665219
                    ],
                    [
                        2.624832492996457,
                        2.624832492996457,
                        2.728682586962784,
                        6.646053198316226
                    ],
                    [
                        7.45806509665219,
                        7.45806509665219,
                        6.646053198316226,
                        18.180897704285044
                    ]
                ]
            },
            "est_tgt": [
                0,
                1,
                2,
                3
            ],
            "oracle_est_tgt": [
                1,
                2,
                3
            ],
            "intv_base_est_tgt": [
                1,
                2
            ]
        },
        "3": {
            "intv_type": "do",
            "inode": 3,
            "new_mui": 1.0,
            "new_vari": null,
            "noise_type": "gamma",
            "obs_noise_gamma_shape": 2.0,
            "true_params": {
                "Si": [
                    [
                        7.950171778460954,
                        7.950171778460954,
                        13.698257076702015,
                        5.918615032418695
                    ],
                    [
                        7.950171778460954,
                        7.950171778460954,
                        13.698257076702015,
                        5.918615032418695
                    ],
                    [
                        13.698257076702015,
                        13.698257076702015,
                        23.60228837416919,
                        10.19785641258173
                    ],
                    [
                        5.918615032418695,
                        5.918615032418695,
                        10.19785641258173,
                        5.918503615350001
                    ]
                ],
                "mui": [
                    7.968910890220758,
                    7.968910890220758,
                    13.730544828140332,
                    5.954762026156737
                ],
                "Ai": [
                    [
                        0.0,
                        0.0,
                        0.0,
                        0.0
                    ],
                    [
                        0.0,
                        0.0,
                        0.0,
                        0.0
                    ],
                    [
                        -0.0,
                        0.7230139748444301,
                        0.0,
                        0.0
                    ],
                    [
                        0.0,
                        0.0,
                        0.0,
                        0.0
                    ]
                ]
            },
            "est_params": {
                "mui": [
                    7.968910783233845,
                    7.968910783233845,
                    13.730544643800377,
                    5.954762004168774
                ],
                "Si": [
                    [
                        7.949566772448293,
                        7.949565772448293,
                        13.697212919873362,
                        5.918163515237671
                    ],
                    [
                        7.949565772448293,
                        7.949566772448293,
                        13.697212919873362,
                        5.918163515237671
                    ],
                    [
                        13.697212919873362,
                        13.697212919873362,
                        23.600490277361466,
                        10.197078442168953
                    ],
                    [
                        5.918163515237671,
                        5.918163515237671,
                        10.197078442168953,
                        5.918052999152709
                    ]
                ]
            },
            "est_tgt": [
                0,
                3
            ],
            "oracle_est_tgt": [
                1,
                3
            ],
            "intv_base_est_tgt": [
                1,
                2,
                3
            ]
        },
        "obs": {
            "intv_type": "obs",
            "noise_type": "gamma",
            "obs_noise_gamma_shape": 2.0,
            "true_params": {
                "Si": [
                    [
                        8.06376242549095,
                        8.06376242549095,
                        13.893975348946325,
                        23.916286213099173
                    ],
                    [
                        8.06376242549095,
                        8.06376242549095,
                        13.893975348946325,
                        23.916286213099173
                    ],
                    [
                        13.893975348946325,
                        13.893975348946325,
                        23.93951369237853,
                        41.20809537154905
                    ],
                    [
                        23.916286213099173,
                        23.916286213099173,
                        41.20809537154905,
                        70.93323389820144
                    ]
                ],
                "mui": [
                    8.040849792720541,
                    8.040849792720541,
                    13.854496562482431,
                    23.848329711615392
                ],
                "Ai": [
                    [
                        0.0,
                        0.0,
                        0.0,
                        0.0
                    ],
                    [
                        0.0,
                        0.0,
                        0.0,
                        0.0
                    ],
                    [
                        -0.0,
                        0.7230139748444301,
                        0.0,
                        0.0
                    ],
                    [
                        0.8719980075108625,
                        0.0,
                        0.6348751021937078,
                        0.0
                    ]
                ]
            },
            "est_params": {
                "mui": [
                    8.040852940540772,
                    8.040852940540772,
                    13.854501986220672,
                    23.848339047724952
                ],
                "Si": [
                    [
                        8.063142890268008,
                        8.063141890268009,
                        13.892906158085319,
                        23.914445769741096
                    ],
                    [
                        8.063141890268009,
                        8.063142890268008,
                        13.892906158085319,
                        23.914445769741096
                    ],
                    [
                        13.892906158085319,
                        13.892906158085319,
                        23.937672461583247,
                        41.20492426192317
                    ],
                    [
                        23.91444576974109,
                        23.91444576974109,
                        41.20492426192317,
                        70.92777633335436
                    ]
                ]
            },
            "est_tgt": [
                0,
                3
            ],
            "oracle_est_tgt": [
                0,
                1,
                2,
                3
            ],
            "intv_base_est_tgt": [
                1,
                2,
                3
            ]
        }
    },
    "metric_dict": {
        "param_est_rel_err": 284.2217705937339,
        "weight_precision_error": 0.40000028831146106,
        "est_dag": {
            "amat": [
                [
                    0,
                    0,
                    0,
                    0
                ],
                [
                    0,
                    0,
                    0,
                    1
                ],
                [
                    1,
                    0,
                    0,
                    0
                ],
                [
                    0,
                    0,
                    0,
                    0
                ]
            ],
            "nodes": [
                0,
                1,
                2,
                3
            ]
        },
        "oracle_est_dag": {
            "amat": [
                [
                    0,
                    1,
                    0,
                    0
                ],
                [
                    0,
                    0,
                    0,
                    0
                ],
                [
                    0,
                    1,
                    0,
                    1
                ],
                [
                    0,
                    0,
                    0,
                    0
                ]
            ],
            "nodes": [
                0,
                1,
                2,
                3
            ]
        },
        "igsp_dag": null,
        "intv_base_est_dag": {
            "amat": [
                [
                    0,
                    0,
                    0,
                    1
                ],
                [
                    1,
                    0,
                    0,
                    1
                ],
                [
                    0,
                    1,
                    0,
                    1
                ],
                [
                    0,
                    0,
                    0,
                    0
                ]
            ],
            "nodes": [
                0,
                1,
                2,
                3
            ]
        },
        "act_dag": {
            "amat": [
                [
                    0,
                    0,
                    0,
                    1
                ],
                [
                    0,
                    0,
                    1,
                    0
                ],
                [
                    0,
                    0,
                    0,
                    1
                ],
                [
                    0,
                    0,
                    0,
                    0
                ]
            ],
            "nodes": [
                0,
                1,
                2,
                3
            ]
        },
        "shd": 5,
        "oracle_shd": 3,
        "intv_base_shd": 3,
        "igsp_shd": null,
        "avg_js": 0.25,
        "avg_oracle_js": 0.3,
        "avg_intv_base_js": 0.21666666666666665
    }
}