{
    "expt_args": {
        "save_dir": "all_expt_logs/expt_logs_sim_gamma48",
        "exp_name": "80",
        "num_nodes": 8,
        "num_tgt_prior": 9,
        "obs_noise_mean": 0.0,
        "obs_noise_var": 1.0,
        "obs_noise_gamma_shape": 2.0,
        "noise_type": "gamma",
        "max_edge_strength": 1.0,
        "graph_sparsity_method": "adj_dense_prop",
        "adj_dense_prop": 0.8,
        "num_parents": null,
        "new_noise_mean": 1.0,
        "mix_samples": 8192,
        "stage2_samples": 8192,
        "gmm_tol": 0.001,
        "intv_type": "do",
        "new_noise_var": null,
        "dtype": "simulation",
        "intv_targets": [
            0,
            1,
            2,
            3,
            4,
            5,
            6,
            7
        ]
    },
    "intv_args_dict": {
        "0": {
            "intv_type": "do",
            "inode": 0,
            "new_mui": 1.0,
            "new_vari": null,
            "noise_type": "gamma",
            "obs_noise_gamma_shape": 2.0,
            "true_params": {
                "Si": [
                    [
                        14.172148861319195,
                        14.403697878464179,
                        24.472610002045144,
                        -1.3889196451052745,
                        -15.203285209427765,
                        -11.322497869167266,
                        38.09138911371956,
                        -17.994939794702976
                    ],
                    [
                        14.403697878464179,
                        16.52164457850876,
                        26.755065749288484,
                        -2.405048536092252,
                        -17.174363718834694,
                        -10.852902988314762,
                        43.587739373006464,
                        -19.38580027287921
                    ],
                    [
                        24.472610002045144,
                        26.755065749288484,
                        44.142165049226556,
                        -3.391836777602335,
                        -27.97586914059029,
                        -18.897218439674337,
                        70.65059719395299,
                        -32.17069755521898
                    ],
                    [
                        -1.3889196451052745,
                        -2.405048536092252,
                        -3.391836777602335,
                        0.6603450138861737,
                        2.3990163430643268,
                        0.7642260172705897,
                        -6.30504813752759,
                        2.3423646686724777
                    ],
                    [
                        -15.203285209427765,
                        -17.174363718834694,
                        -27.97586914059029,
                        2.3990163430643268,
                        17.8857818479216,
                        11.547322495912626,
                        -45.322784543849096,
                        20.3078880054729
                    ],
                    [
                        -11.322497869167266,
                        -10.852902988314762,
                        -18.897218439674337,
                        0.7642260172705897,
                        11.547322495912626,
                        9.273437124878916,
                        -28.73750920027527,
                        13.995248698274423
                    ],
                    [
                        38.09138911371956,
                        43.587739373006464,
                        70.65059719395299,
                        -6.30504813752759,
                        -45.322784543849096,
                        -28.73750920027527,
                        114.99921938356078,
                        -51.20585081364397
                    ],
                    [
                        -17.994939794702976,
                        -19.38580027287921,
                        -32.17069755521898,
                        2.3423646686724777,
                        20.3078880054729,
                        13.995248698274423,
                        -51.20585081364397,
                        23.487940611995153
                    ]
                ],
                "mui": [
                    13.911241400071441,
                    15.899857731567783,
                    25.783402461297815,
                    -2.292785538055093,
                    -16.535096033900118,
                    -10.501637342894815,
                    41.95013285904441,
                    -18.689845691541333
                ],
                "Ai": [
                    [
                        0.0,
                        0.0,
                        0.0,
                        0.0,
                        0.0,
                        0.0,
                        0.0,
                        0.0
                    ],
                    [
                        0.0,
                        0.0,
                        0.0,
                        0.0,
                        0.0,
                        0.0,
                        0.0,
                        0.0
                    ],
                    [
                        0.7104718008616596,
                        0.0,
                        0.0,
                        0.0,
                        0.0,
                        0.0,
                        0.0,
                        0.0
                    ],
                    [
                        0.9448714032249272,
                        -0.8146935900260934,
                        -0.7129960951921878,
                        0.0,
                        0.0,
                        0.0,
                        0.0,
                        0.0
                    ],
                    [
                        0.0,
                        -0.8672950821724138,
                        -0.6573539614990767,
                        0.73982654313925,
                        0.0,
                        0.0,
                        0.0,
                        0.0
                    ],
                    [
                        -0.8051426602411965,
                        0.5569466951820781,
                        -0.8770324528692885,
                        0.629563321953726,
                        0.0,
                        0.0,
                        0.0,
                        0.0
                    ],
                    [
                        -0.8615783531978333,
                        0.6823092592359322,
                        0.7122857619043681,
                        0.7331599299706613,
                        -0.6352008739143296,
                        -0.0,
                        0.0,
                        0.0
                    ],
                    [
                        -0.52427491297577,
                        0.7439930234378132,
                        0.7332828076379523,
                        0.9794718794791216,
                        0.6715554697113989,
                        0.8325252981280533,
                        -0.8567187555516103,
                        0.0
                    ]
                ]
            },
            "est_params": {
                "mui": [
                    14.912833879124975,
                    14.942413053424287,
                    26.50228991572473,
                    -1.071665110608928,
                    -15.266570942435155,
                    -11.695738577849422,
                    41.04275495195825,
                    -17.5616693406099
                ],
                "Si": [
                    [
                        15.836823156842778,
                        13.089878373471286,
                        26.208193480736732,
                        0.5697586781035836,
                        -13.202746431559472,
                        -13.130695745232694,
                        37.71510335124903,
                        -15.940661525413011
                    ],
                    [
                        13.089878373471286,
                        16.129598401449293,
                        24.399672395386464,
                        -3.069616073429765,
                        -17.199642326128867,
                        -9.788032816613383,
                        40.88134831001078,
                        -19.600562987790344
                    ],
                    [
                        26.208193480736732,
                        24.399672395386464,
                        45.25355498074671,
                        -0.7471198698082698,
                        -24.828686405726856,
                        -21.03784086982478,
                        68.15798890711994,
                        -29.082472884397085
                    ],
                    [
                        0.5697586781035836,
                        -3.069616073429765,
                        -0.7471198698082698,
                        2.419922426460318,
                        3.79178989048583,
                        -1.1415247451407158,
                        -4.90375823097656,
                        3.885185024801954
                    ],
                    [
                        -13.202746431559472,
                        -17.199642326128867,
                        -24.828686405726856,
                        3.79178989048583,
                        18.59516100701042,
                        9.765038639909346,
                        -42.525575348694886,
                        21.234231270713995
                    ],
                    [
                        -13.130695745232694,
                        -9.788032816613383,
                        -21.03784086982478,
                        -1.1415247451407158,
                        9.765038639909346,
                        11.144027026938112,
                        -29.098829813974614,
                        12.113197983233347
                    ],
                    [
                        37.71510335124903,
                        40.88134831001078,
                        68.15798890711994,
                        -4.90375823097656,
                        -42.525575348694886,
                        -29.098829813974614,
                        108.72668699795105,
                        -48.75117072624333
                    ],
                    [
                        -15.940661525413011,
                        -19.600562987790344,
                        -29.082472884397085,
                        3.885185024801954,
                        21.234231270713995,
                        12.113197983233347,
                        -48.75117072624333,
                        24.6078277742851
                    ]
                ]
            },
            "est_tgt": [
                0,
                1,
                3,
                4,
                5,
                6,
                7
            ],
            "oracle_est_tgt": [
                0,
                2,
                3,
                4,
                5,
                6,
                7
            ],
            "intv_base_est_tgt": [
                0,
                1,
                2,
                3,
                4,
                5,
                6,
                7
            ]
        },
        "1": {
            "intv_type": "do",
            "inode": 1,
            "new_mui": 1.0,
            "new_vari": null,
            "noise_type": "gamma",
            "obs_noise_gamma_shape": 2.0,
            "true_params": {
                "Si": [
                    [
                        15.527757973338403,
                        13.724908284305988,
                        26.559792144000124,
                        0.08086954783535824,
                        -13.775142629337884,
                        -12.573147228846153,
                        39.24144456614937,
                        -16.183888652999677
                    ],
                    [
                        13.724908284305988,
                        13.937622083157567,
                        23.476068589717965,
                        -1.4000549722558688,
                        -14.831007323798334,
                        -11.033785603594461,
                        36.52546701563074,
                        -17.69574259245958
                    ],
                    [
                        26.559792144000124,
                        23.476068589717965,
                        45.42977549905926,
                        0.1383250811208133,
                        -23.561993020329783,
                        -21.506013783023267,
                        67.12138435547452,
                        -27.682085169240935
                    ],
                    [
                        0.08086954783535824,
                        -1.4000549722558688,
                        0.1383250811208133,
                        1.1992714398514526,
                        2.091454643625392,
                        -0.1302962385040691,
                        -1.2947854417510734,
                        2.678244459079444
                    ],
                    [
                        -13.775142629337884,
                        -14.831007323798334,
                        -23.561993020329783,
                        2.091454643625392,
                        16.123600198108747,
                        11.037067503503678,
                        -37.51733789540893,
                        19.341906561227407
                    ],
                    [
                        -12.573147228846153,
                        -11.033785603594461,
                        -21.506013783023267,
                        -0.1302962385040691,
                        11.037067503503678,
                        10.184241838136668,
                        -31.693560144400248,
                        12.955076689638847
                    ],
                    [
                        39.24144456614937,
                        36.52546701563074,
                        67.12138435547452,
                        -1.2947854417510734,
                        -37.51733789540893,
                        -31.693560144400248,
                        101.04489713244058,
                        -44.35413909557429
                    ],
                    [
                        -16.183888652999677,
                        -17.69574259245958,
                        -27.682085169240935,
                        2.678244459079444,
                        19.341906561227407,
                        12.955076689638847,
                        -44.35413909557429,
                        23.233492207361014
                    ]
                ],
                "mui": [
                    15.91442647783584,
                    13.984968499174371,
                    27.221177717224354,
                    0.1494553435607813,
                    -13.998045904741772,
                    -12.889839865653446,
                    40.135377589334546,
                    -16.433492964059162
                ],
                "Ai": [
                    [
                        0.0,
                        0.0,
                        0.0,
                        0.0,
                        0.0,
                        0.0,
                        0.0,
                        0.0
                    ],
                    [
                        0.0,
                        0.0,
                        0.0,
                        0.0,
                        0.0,
                        0.0,
                        0.0,
                        0.0
                    ],
                    [
                        0.7104718008616596,
                        0.0,
                        0.0,
                        0.0,
                        0.0,
                        0.0,
                        0.0,
                        0.0
                    ],
                    [
                        0.9448714032249272,
                        -0.8146935900260934,
                        -0.7129960951921878,
                        0.0,
                        0.0,
                        0.0,
                        0.0,
                        0.0
                    ],
                    [
                        0.0,
                        -0.8672950821724138,
                        -0.6573539614990767,
                        0.73982654313925,
                        0.0,
                        0.0,
                        0.0,
                        0.0
                    ],
                    [
                        -0.8051426602411965,
                        0.5569466951820781,
                        -0.8770324528692885,
                        0.629563321953726,
                        0.0,
                        0.0,
                        0.0,
                        0.0
                    ],
                    [
                        -0.8615783531978333,
                        0.6823092592359322,
                        0.7122857619043681,
                        0.7331599299706613,
                        -0.6352008739143296,
                        -0.0,
                        0.0,
                        0.0
                    ],
                    [
                        -0.52427491297577,
                        0.7439930234378132,
                        0.7332828076379523,
                        0.9794718794791216,
                        0.6715554697113989,
                        0.8325252981280533,
                        -0.8567187555516103,
                        0.0
                    ]
                ]
            },
            "est_params": {
                "mui": [
                    10.752116334572943,
                    10.752116334572943,
                    18.39119178987105,
                    9.982091066427618,
                    -3.2776481381325433,
                    -1.7618291903496421,
                    31.324812386427055,
                    5.873229076037403
                ],
                "Si": [
                    [
                        0.016335508337077188,
                        0.016334508337077187,
                        0.027939715891510234,
                        0.022242151743170978,
                        0.0002567208983117347,
                        0.0017791546546174482,
                        0.04945128272381261,
                        0.021484523316429336
                    ],
                    [
                        0.016334508337077187,
                        0.016335508337077188,
                        0.027939715891510234,
                        0.022242151743170978,
                        0.0002567208983117347,
                        0.0017791546546174482,
                        0.04945128272381261,
                        0.021484523316429336
                    ],
                    [
                        0.027939715891510234,
                        0.027939715891510234,
                        0.047791096156514674,
                        0.038044573347179984,
                        0.000439113857254087,
                        0.0030431938660949055,
                        0.0845850246155189,
                        0.0367486712877072
                    ],
                    [
                        0.022242151743170978,
                        0.022242151743170978,
                        0.038044573347179984,
                        0.03316041475475706,
                        0.00247510710660783,
                        0.004231365252286776,
                        0.0680923932676493,
                        0.03435416105938974
                    ],
                    [
                        0.0002567208983117347,
                        0.0002567208983117347,
                        0.000439113857254087,
                        0.00247510710660783,
                        0.001577564826681024,
                        0.0013661233561152602,
                        0.0013366873211073877,
                        0.004110337469487258
                    ],
                    [
                        0.0017791546546174482,
                        0.0017791546546174482,
                        0.0030431938660949055,
                        0.004231365252286776,
                        0.0013661233561152607,
                        0.001333508231816488,
                        0.005862335575567854,
                        0.005550493758410748
                    ],
                    [
                        0.04945128272381261,
                        0.04945128272381261,
                        0.08458502461551888,
                        0.0680923932676493,
                        0.0013366873211073875,
                        0.005862335575567854,
                        0.14990945410375256,
                        0.06638477197822934
                    ],
                    [
                        0.021484523316429336,
                        0.021484523316429336,
                        0.0367486712877072,
                        0.03435416105938973,
                        0.004110337469487258,
                        0.005550493758410748,
                        0.06638477197822933,
                        0.037310332587482585
                    ]
                ]
            },
            "est_tgt": [
                0,
                1,
                2,
                3,
                4,
                5,
                6,
                7
            ],
            "oracle_est_tgt": [
                1,
                2,
                3,
                4,
                5,
                6,
                7
            ],
            "intv_base_est_tgt": []
        },
        "2": {
            "intv_type": "do",
            "inode": 2,
            "new_mui": 1.0,
            "new_vari": null,
            "noise_type": "gamma",
            "obs_noise_gamma_shape": 2.0,
            "true_params": {
                "Si": [
                    [
                        15.758956104496805,
                        15.758956104496805,
                        13.636162839641097,
                        8.087891690407696,
                        -0.8888577367897982,
                        4.980129403056465,
                        29.14102827608808,
                        15.726011370993584
                    ],
                    [
                        15.758956104496805,
                        15.758956104496805,
                        13.636162839641097,
                        8.087891690407696,
                        -0.8888577367897982,
                        4.980129403056465,
                        29.14102827608808,
                        15.726011370993584
                    ],
                    [
                        13.636162839641097,
                        13.636162839641097,
                        13.469529410012557,
                        5.807566825113485,
                        -2.748070559808026,
                        2.094738889381446,
                        26.789226408534223,
                        9.145206101331253
                    ],
                    [
                        8.087891690407696,
                        8.087891690407696,
                        5.807566825113485,
                        4.9999832751803845,
                        0.9547962852457731,
                        4.134891109617379,
                        13.83392978893027,
                        11.252692901632567
                    ],
                    [
                        -0.8888577367897982,
                        -0.8888577367897982,
                        -2.748070559808026,
                        0.9547962852457731,
                        2.3948829111632643,
                        2.3430049518477287,
                        -3.5081378885806487,
                        4.400322477730162
                    ],
                    [
                        4.980129403056465,
                        4.980129403056465,
                        2.094738889381446,
                        4.134891109617379,
                        2.3430049518477287,
                        4.510103176358321,
                        7.122656486335394,
                        10.886518987270339
                    ],
                    [
                        29.14102827608808,
                        29.14102827608808,
                        26.789226408534223,
                        13.83392978893027,
                        -3.5081378885806487,
                        7.122656486335394,
                        55.3693823310566,
                        24.87575851292344
                    ],
                    [
                        15.726011370993584,
                        15.726011370993584,
                        9.145206101331253,
                        11.252692901632567,
                        4.400322477730162,
                        10.886518987270339,
                        24.87575851292344,
                        27.615853763781743
                    ]
                ],
                "mui": [
                    15.9699643556491,
                    15.9699643556491,
                    13.953478441575022,
                    8.10012374913946,
                    -1.0603949704094233,
                    4.8681710325102765,
                    29.658157310552674,
                    15.576605903250863
                ],
                "Ai": [
                    [
                        0.0,
                        0.0,
                        0.0,
                        0.0,
                        0.0,
                        0.0,
                        0.0,
                        0.0
                    ],
                    [
                        0.0,
                        0.0,
                        0.0,
                        0.0,
                        0.0,
                        0.0,
                        0.0,
                        0.0
                    ],
                    [
                        0.0,
                        0.0,
                        0.0,
                        0.0,
                        0.0,
                        0.0,
                        0.0,
                        0.0
                    ],
                    [
                        0.9448714032249272,
                        -0.8146935900260934,
                        -0.7129960951921878,
                        0.0,
                        0.0,
                        0.0,
                        0.0,
                        0.0
                    ],
                    [
                        0.0,
                        -0.8672950821724138,
                        -0.6573539614990767,
                        0.73982654313925,
                        0.0,
                        0.0,
                        0.0,
                        0.0
                    ],
                    [
                        -0.8051426602411965,
                        0.5569466951820781,
                        -0.8770324528692885,
                        0.629563321953726,
                        0.0,
                        0.0,
                        0.0,
                        0.0
                    ],
                    [
                        -0.8615783531978333,
                        0.6823092592359322,
                        0.7122857619043681,
                        0.7331599299706613,
                        -0.6352008739143296,
                        -0.0,
                        0.0,
                        0.0
                    ],
                    [
                        -0.52427491297577,
                        0.7439930234378132,
                        0.7332828076379523,
                        0.9794718794791216,
                        0.6715554697113989,
                        0.8325252981280533,
                        -0.8567187555516103,
                        0.0
                    ]
                ]
            },
            "est_params": {
                "mui": [
                    15.96996434478122,
                    15.96996434478122,
                    13.95347843752722,
                    8.100123739742887,
                    -1.0603949761426412,
                    4.868171021974075,
                    29.65815729550243,
                    15.576605878095242
                ],
                "Si": [
                    [
                        15.74163966178689,
                        15.74163866178689,
                        13.621178071023937,
                        8.079003982387004,
                        -0.8878809118903451,
                        4.9746568331422205,
                        29.10900528689122,
                        15.708730273869289
                    ],
                    [
                        15.74163866178689,
                        15.74163966178689,
                        13.621178071023937,
                        8.079003982387004,
                        -0.8878809118903451,
                        4.9746568331422205,
                        29.10900528689122,
                        15.708730273869289
                    ],
                    [
                        13.621178071023937,
                        13.621178071023937,
                        13.454728729944767,
                        5.801184912177078,
                        -2.7450506778529795,
                        2.092437015340195,
                        26.759787725347234,
                        9.135156507788835
                    ],
                    [
                        8.079003982387004,
                        8.079003982387004,
                        5.801184912177078,
                        4.994489863768722,
                        0.9537471070326258,
                        4.130347359722153,
                        13.818727783187605,
                        11.240327510028965
                    ],
                    [
                        -0.8878809118903451,
                        -0.8878809118903451,
                        -2.7450506778529795,
                        0.9537471070326258,
                        2.3922521993742993,
                        2.3404302741489653,
                        -3.5042827090737068,
                        4.395487086358221
                    ],
                    [
                        4.9746568331422205,
                        4.9746568331422205,
                        2.092437015340195,
                        4.130347359722153,
                        2.3404302741489653,
                        4.505148116173725,
                        7.11482952913535,
                        10.874556011383715
                    ],
                    [
                        29.10900528689122,
                        29.10900528689122,
                        26.759787725347234,
                        13.818727783187605,
                        -3.5042827090737068,
                        7.11482952913535,
                        55.3085380043781,
                        24.848422835213114
                    ],
                    [
                        15.708730273869289,
                        15.708730273869289,
                        9.135156507788835,
                        11.240327510028965,
                        4.395487086358221,
                        10.874556011383715,
                        24.848422835213114,
                        27.585508223327327
                    ]
                ]
            },
            "est_tgt": [
                1,
                2,
                3,
                4,
                5,
                6,
                7
            ],
            "oracle_est_tgt": [
                2,
                3,
                4,
                5,
                6,
                7
            ],
            "intv_base_est_tgt": [
                0,
                1,
                2,
                3,
                4,
                5,
                6,
                7
            ]
        },
        "3": {
            "intv_type": "do",
            "inode": 3,
            "new_mui": 1.0,
            "new_vari": null,
            "noise_type": "gamma",
            "obs_noise_gamma_shape": 2.0,
            "true_params": {
                "Si": [
                    [
                        18.582464556627812,
                        18.582464556627812,
                        31.784781614623153,
                        16.20456477930781,
                        -6.439300533982884,
                        -3.7041135172935213,
                        53.861837266703134,
                        8.291956079947903
                    ],
                    [
                        18.582464556627812,
                        18.582464556627812,
                        31.784781614623153,
                        16.20456477930781,
                        -6.439300533982884,
                        -3.7041135172935213,
                        53.861837266703134,
                        8.291956079947903
                    ],
                    [
                        31.784781614623153,
                        31.784781614623153,
                        54.366972648359045,
                        27.71745110024204,
                        -11.014241980651148,
                        -6.335781718521067,
                        92.12915378729534,
                        14.18315704873427
                    ],
                    [
                        16.20456477930781,
                        16.20456477930781,
                        27.71745110024204,
                        15.836578531537631,
                        -4.353429695790467,
                        -2.156317951489447,
                        47.41838006270503,
                        10.258240508405418
                    ],
                    [
                        -6.439300533982884,
                        -6.439300533982884,
                        -11.014241980651148,
                        -4.353429695790467,
                        3.1649459080247193,
                        2.077995875967218,
                        -18.332357320061387,
                        -0.6336525083049886
                    ],
                    [
                        -3.7041135172935213,
                        -3.7041135172935213,
                        -6.335781718521067,
                        -2.156317951489447,
                        2.077995875967218,
                        1.414380000530447,
                        -10.45383826646606,
                        0.2530489944476394
                    ],
                    [
                        53.861837266703134,
                        53.861837266703134,
                        92.12915378729534,
                        47.41838006270503,
                        -18.332357320061387,
                        -10.45383826646606,
                        156.23834459647398,
                        24.831352970788828
                    ],
                    [
                        8.291956079947903,
                        8.291956079947903,
                        14.18315704873427,
                        10.258240508405418,
                        -0.6336525083049886,
                        0.2530489944476394,
                        24.831352970788828,
                        9.07342340054889
                    ]
                ],
                "mui": [
                    16.1749180612946,
                    16.1749180612946,
                    27.666741225092366,
                    14.131223449237394,
                    -5.585696579114633,
                    -3.2077612782509117,
                    46.89036715138079,
                    7.264017671851832
                ],
                "Ai": [
                    [
                        0.0,
                        0.0,
                        0.0,
                        0.0,
                        0.0,
                        0.0,
                        0.0,
                        0.0
                    ],
                    [
                        0.0,
                        0.0,
                        0.0,
                        0.0,
                        0.0,
                        0.0,
                        0.0,
                        0.0
                    ],
                    [
                        0.7104718008616596,
                        0.0,
                        0.0,
                        0.0,
                        0.0,
                        0.0,
                        0.0,
                        0.0
                    ],
                    [
                        0.0,
                        0.0,
                        0.0,
                        0.0,
                        0.0,
                        0.0,
                        0.0,
                        0.0
                    ],
                    [
                        0.0,
                        -0.8672950821724138,
                        -0.6573539614990767,
                        0.73982654313925,
                        0.0,
                        0.0,
                        0.0,
                        0.0
                    ],
                    [
                        -0.8051426602411965,
                        0.5569466951820781,
                        -0.8770324528692885,
                        0.629563321953726,
                        0.0,
                        0.0,
                        0.0,
                        0.0
                    ],
                    [
                        -0.8615783531978333,
                        0.6823092592359322,
                        0.7122857619043681,
                        0.7331599299706613,
                        -0.6352008739143296,
                        -0.0,
                        0.0,
                        0.0
                    ],
                    [
                        -0.52427491297577,
                        0.7439930234378132,
                        0.7332828076379523,
                        0.9794718794791216,
                        0.6715554697113989,
                        0.8325252981280533,
                        -0.8567187555516103,
                        0.0
                    ]
                ]
            },
            "est_params": {
                "mui": [
                    16.17498274387547,
                    16.17498274387547,
                    27.666851862822952,
                    14.131272938716158,
                    -5.58572410993855,
                    -3.2077785257452063,
                    46.89055281536041,
                    7.264034259401352
                ],
                "Si": [
                    [
                        18.56191572087196,
                        18.561914720871957,
                        31.749631700050404,
                        16.18668201033329,
                        -6.432151809809657,
                        -3.6999936863775975,
                        53.80228279221068,
                        8.282852639281728
                    ],
                    [
                        18.561914720871957,
                        18.56191572087196,
                        31.749631700050404,
                        16.18668201033329,
                        -6.432151809809657,
                        -3.6999936863775975,
