{
    "expt_args": {
        "save_dir": "expt_logs_29.04.24-9",
        "exp_name": "213",
        "num_nodes": 8,
        "obs_noise_mean": 0.5,
        "obs_noise_var": 1.0,
        "max_edge_strength": 1.0,
        "num_parents": 2,
        "new_noise_mean": 10.0,
        "mix_samples": 32768,
        "stage2_samples": 32768,
        "intv_targets": [
            0,
            1,
            2,
            3,
            4,
            5,
            6,
            7
        ]
    },
    "intv_args_dict": {
        "0": {
            "intv_type": "do",
            "inode": 0,
            "new_mui": 10.0,
            "true_params": {
                "Si": [
                    [
                        0.0,
                        0.0,
                        0.0,
                        0.0,
                        0.0,
                        0.0,
                        0.0,
                        0.0
                    ],
                    [
                        0.0,
                        1.0,
                        0.7526642234271541,
                        -0.5548880860681623,
                        -0.6944803022456627,
                        -0.4251274447171674,
                        0.25795961251893285,
                        1.0004691313732013
                    ],
                    [
                        0.0,
                        0.7526642234271541,
                        1.566503433227201,
                        -1.1548763244315077,
                        -1.4454065224767345,
                        0.20235299290128161,
                        -0.6706191750966983,
                        1.3747610511316095
                    ],
                    [
                        0.0,
                        -0.5548880860681623,
                        -1.1548763244315077,
                        1.8514116831424698,
                        1.065599817134364,
                        -0.14918108426874607,
                        0.49440185804982917,
                        -1.856866628606411
                    ],
                    [
                        0.0,
                        -0.6944803022456627,
                        -1.4454065224767345,
                        1.065599817134364,
                        2.333670881853264,
                        -0.1867103062644741,
                        0.6187776606309857,
                        -1.2684865848387825
                    ],
                    [
                        0.0,
                        -0.4251274447171674,
                        0.20235299290128161,
                        -0.14918108426874607,
                        -0.1867103062644741,
                        1.4535632381705552,
                        -0.5613652827161536,
                        -0.10057073031943704
                    ],
                    [
                        0.0,
                        0.25795961251893285,
                        -0.6706191750966983,
                        0.49440185804982917,
                        0.6187776606309857,
                        -0.5613652827161536,
                        1.8143809452961714,
                        -0.2795885168895851
                    ],
                    [
                        0.0,
                        1.0004691313732013,
                        1.3747610511316095,
                        -1.856866628606411,
                        -1.2684865848387825,
                        -0.10057073031943704,
                        -0.2795885168895851,
                        3.098741127591602
                    ]
                ],
                "mui": [
                    10.0,
                    7.144812245674253,
                    12.998953726368192,
                    -16.798674807913713,
                    -6.42660725149004,
                    1.4433918725850963,
                    -4.247653373616082,
                    18.471791364596097
                ],
                "Ai": [
                    [
                        0.0,
                        0.0,
                        0.0,
                        0.0,
                        0.0,
                        0.0,
                        0.0,
                        0.0
                    ],
                    [
                        0.6644812245674253,
                        0.0,
                        0.0,
                        0.0,
                        0.0,
                        0.0,
                        0.0,
                        0.0
                    ],
                    [
                        0.712130916594496,
                        0.7526642234271541,
                        0.0,
                        0.0,
                        0.0,
                        0.0,
                        0.0,
                        0.0
                    ],
                    [
                        -0.7715431271679456,
                        -0.0,
                        -0.7372319140420345,
                        0.0,
                        0.0,
                        0.0,
                        0.0,
                        0.0
                    ],
                    [
                        0.5067475942287916,
                        0.0,
                        -0.9226960451015476,
                        -0.0,
                        0.0,
                        0.0,
                        0.0,
                        0.0
                    ],
                    [
                        0.0,
                        -0.8182674599687534,
                        0.5223312109368988,
                        0.0,
                        -0.0,
                        0.0,
                        0.0,
                        0.0
                    ],
                    [
                        0.0,
                        0.9088456792843819,
                        -0.8647761465288305,
                        -0.0,
                        -0.0,
                        0.0,
                        0.0,
                        0.0
                    ],
                    [
                        0.0,
                        0.5325048701860844,
                        -0.0,
                        -0.8433489075302154,
                        0.0,
                        0.0,
                        -0.0,
                        0.0
                    ]
                ]
            },
            "est_params": {
                "mui": [
                    10.0,
                    7.155437383538174,
                    12.958692594239851,
                    -16.78172566212214,
                    -6.383135141732877,
                    1.4256879407295653,
                    -4.23836740136903,
                    18.461191482571763
                ],
                "Si": [
                    [
                        1e-06,
                        0.0,
                        0.0,
                        0.0,
                        0.0,
                        0.0,
                        0.0,
                        0.0
                    ],
                    [
                        0.0,
                        0.9882490610324951,
                        0.7504495455851092,
                        -0.5372353899635536,
                        -0.6815311530387619,
                        -0.4307162199871372,
                        0.269418665607267,
                        1.0009620680476417
                    ],
                    [
                        0.0,
                        0.7504495455851092,
                        1.548829461054101,
                        -1.1459509031141184,
                        -1.4069218215896382,
                        0.20189431270676148,
                        -0.6314158141957216,
                        1.3864999852359263
                    ],
                    [
                        0.0,
                        -0.5372353899635536,
                        -1.1459509031141184,
                        1.8486589287140847,
                        1.0337608342599727,
                        -0.15008077114482915,
                        0.4571372518767845,
                        -1.841001531435992
                    ],
                    [
                        0.0,
                        -0.6815311530387619,
                        -1.4069218215896382,
                        1.0337608342599727,
                        2.2415612458388434,
                        -0.18171086300681225,
                        0.5721889563765,
                        -1.2658445283049238
                    ],
                    [
                        0.0,
                        -0.4307162199871372,
                        0.20189431270676148,
                        -0.15008077114482915,
                        -0.18171086300681225,
                        1.4624380827916854,
                        -0.5644619715067477,
                        -0.11458271878119086
                    ],
                    [
                        0.0,
                        0.269418665607267,
                        -0.6314158141957216,
                        0.4571372518767845,
                        0.5721889563765,
                        -0.5644619715067477,
                        1.8323350681032118,
                        -0.19937482681726235
                    ],
                    [
                        0.0,
                        1.0009620680476417,
                        1.3864999852359263,
                        -1.841001531435992,
                        -1.2658445283049238,
                        -0.11458271878119086,
                        -0.19937482681726235,
                        3.110326291275383
                    ]
                ]
            },
            "est_tgt": [
                0,
                1,
                2,
                3,
                6
            ]
        },
        "1": {
            "intv_type": "do",
            "inode": 1,
            "new_mui": 10.0,
            "true_params": {
                "Si": [
                    [
                        1.0,
                        0.0,
                        0.712130916594496,
                        -1.2965487658574144,
                        -0.15033278610748993,
                        0.3719682040104068,
                        -0.6158338298766323,
                        1.0934429852454994
                    ],
                    [
                        0.0,
                        0.0,
                        0.0,
                        0.0,
                        0.0,
                        0.0,
                        0.0,
                        0.0
                    ],
                    [
                        0.712130916594496,
                        0.0,
                        1.507130442369717,
                        -1.6605443750815376,
                        -1.0297526698664787,
                        0.7872212690028384,
                        -1.3033304562687755,
                        1.400418284630459
                    ],
                    [
                        -1.2965487658574144,
                        0.0,
                        -1.6605443750815376,
                        3.224549597328466,
                        0.8751547597048019,
                        -0.8673541542507954,
                        1.435999165823137,
                        -2.7194203801839576
                    ],
                    [
                        -0.15033278610748993,
                        0.0,
                        -1.0297526698664787,
                        0.8751547597048019,
                        1.8739679382248773,
                        -0.5378719590168625,
                        0.8905055457249084,
                        -0.738060810516913
                    ],
                    [
                        0.3719682040104068,
                        0.0,
                        0.7872212690028384,
                        -0.8673541542507954,
                        -0.5378719590168625,
                        1.4111902387135347,
                        -0.6807701754738104,
                        0.7314821784292023
                    ],
                    [
                        -0.6158338298766323,
                        0.0,
                        -1.3033304562687755,
                        1.435999165823137,
                        0.8905055457249084,
                        -0.6807701754738104,
                        2.127089089625774,
                        -1.2110483277112432
                    ],
                    [
                        1.0934429852454994,
                        0.0,
                        1.400418284630459,
                        -2.7194203801839576,
                        -0.738060810516913,
                        0.7314821784292023,
                        -1.2110483277112432,
                        3.293420206743544
                    ]
                ],
                "mui": [
                    0.5,
                    10.0,
                    8.38270769256879,
                    -6.065771200631348,
                    -6.981317438061145,
                    -3.304124739698022,
                    2.3392911369865974,
                    10.940610217241533
                ],
                "Ai": [
                    [
                        0.0,
                        0.0,
                        0.0,
                        0.0,
                        0.0,
                        0.0,
                        0.0,
                        0.0
                    ],
                    [
                        0.0,
                        0.0,
                        0.0,
                        0.0,
                        0.0,
                        0.0,
                        0.0,
                        0.0
                    ],
                    [
                        0.712130916594496,
                        0.7526642234271541,
                        0.0,
                        0.0,
                        0.0,
                        0.0,
                        0.0,
                        0.0
                    ],
                    [
                        -0.7715431271679456,
                        -0.0,
                        -0.7372319140420345,
                        0.0,
                        0.0,
                        0.0,
                        0.0,
                        0.0
                    ],
                    [
                        0.5067475942287916,
                        0.0,
                        -0.9226960451015476,
                        -0.0,
                        0.0,
                        0.0,
                        0.0,
                        0.0
                    ],
                    [
                        0.0,
                        -0.8182674599687534,
                        0.5223312109368988,
                        0.0,
                        -0.0,
                        0.0,
                        0.0,
                        0.0
                    ],
                    [
                        0.0,
                        0.9088456792843819,
                        -0.8647761465288305,
                        -0.0,
                        -0.0,
                        0.0,
                        0.0,
                        0.0
                    ],
                    [
                        0.0,
                        0.5325048701860844,
                        -0.0,
                        -0.8433489075302154,
                        0.0,
                        0.0,
                        -0.0,
                        0.0
                    ]
                ]
            },
            "est_params": {
                "mui": [
                    0.5088272740846176,
                    10.000000000000002,
                    8.407917771394592,
                    -6.112134024370548,
                    -6.993858075020047,
                    -3.2805746293787856,
                    2.3346439509141717,
                    10.974943674368152
                ],
                "Si": [
                    [
                        1.0003635487474778,
                        2.591971545726182e-31,
                        0.690345327889358,
                        -1.262223953927184,
                        -0.13676532479988646,
                        0.3861607075025025,
                        -0.6085134976474208,
                        1.0771944760004852
                    ],
                    [
                        2.591971545726182e-31,
                        1e-06,
                        -8.889855585759866e-31,
                        1.581189330904534e-30,
                        -9.314626842417334e-31,
                        -5.522026336547083e-31,
                        -2.9820675977585505e-31,
                        1.5881243718295538e-30
                    ],
                    [
                        0.690345327889358,
                        -8.889855585759866e-31,
                        1.4708588387920691,
                        -1.6223308675586368,
                        -1.0190582215489747,
                        0.8008116597449204,
                        -1.2702875819603172,
                        1.4030554090467469
                    ],
                    [
                        -1.262223953927184,
                        1.581189330904534e-30,
                        -1.6223308675586368,
                        3.181443449331446,
                        0.8684607168680253,
                        -0.8652331527278118,
                        1.401566506546343,
                        -2.7093281875158586
                    ],
                    [
                        -0.13676532479988646,
                        -9.314626842417334e-31,
                        -1.0190582215489747,
                        0.8684607168680255,
                        1.8811388387016579,
                        -0.5765989945301949,
                        0.8495575263456946,
                        -0.7554191491169541
                    ],
                    [
                        0.3861607075025025,
                        -5.522026336547083e-31,
                        0.8008116597449204,
                        -0.8652331527278118,
                        -0.5765989945301949,
                        1.440410691449594,
                        -0.6962074111786657,
                        0.7164290639686469
                    ],
                    [
                        -0.6085134976474208,
                        -2.9820675977585505e-31,
                        -1.2702875819603172,
                        1.401566506546343,
                        0.8495575263456946,
                        -0.6962074111786657,
                        2.084286349768307,
                        -1.2278950358987868
                    ],
                    [
                        1.0771944760004852,
                        1.5881243718295538e-30,
                        1.4030554090467469,
                        -2.7093281875158586,
                        -0.7554191491169541,
                        0.7164290639686469,
                        -1.2278950358987868,
                        3.316365819531592
                    ]
                ]
            },
            "est_tgt": [
                0,
                1,
                2,
                3,
                6
            ]
        },
        "2": {
            "intv_type": "do",
            "inode": 2,
            "new_mui": 10.0,
            "true_params": {
                "Si": [
                    [
                        1.0,
                        0.6644812245674253,
                        0.0,
                        -0.7715431271679456,
                        0.5067475942287916,
                        -0.5437233638237139,
                        0.6039108899136996,
                        1.0045195416389001
                    ],
                    [
                        0.6644812245674253,
                        1.4415352978026252,
                        0.0,
                        -0.5126759219471373,
                        0.33672426195974414,
                        -1.1795614265882546,
                        1.3101331269438405,
                        1.1999892453162095
                    ],
                    [
                        0.0,
                        0.0,
                        0.0,
                        0.0,
                        0.0,
                        0.0,
                        0.0,
                        0.0
                    ],
                    [
                        -0.7715431271679456,
                        -0.5126759219471373,
                        0.0,
                        1.5952787970800926,
                        -0.39097762353611504,
                        0.41950602443882284,
                        -0.4659432965347927,
                        -1.618379055987604
                    ],
                    [
                        0.5067475942287916,
                        0.33672426195974414,
                        0.0,
                        -0.39097762353611504,
                        1.2567931242566681,
                        -0.27553050654365296,
                        0.30603039059233583,
                        0.5090378610813211
                    ],
                    [
                        -0.5437233638237139,
                        -1.1795614265882546,
                        0.0,
                        0.41950602443882284,
                        -0.27553050654365296,
                        1.9651967324114903,
                        -1.0720393060052567,
                        -0.981912151754716
                    ],
                    [
                        0.6039108899136996,
                        1.3101331269438405,
                        0.0,
                        -0.4659432965347927,
                        0.30603039059233583,
                        -1.0720393060052567,
                        2.1907088317102463,
                        1.0906050407933632
                    ],
                    [
                        1.0045195416389001,
                        1.1999892453162095,
                        0.0,
                        -1.618379055987604,
                        0.5090378610813211,
                        -0.981912151754716,
                        1.0906050407933632,
                        3.003858326138732
                    ]
                ],
                "mui": [
                    0.5,
                    0.8322406122837127,
                    10.0,
                    -7.258090704004317,
                    -8.47358665390108,
                    5.042316697472755,
                    -7.391383180689265,
                    7.064275045184979
                ],
                "Ai": [
                    [
                        0.0,
                        0.0,
                        0.0,
                        0.0,
                        0.0,
                        0.0,
                        0.0,
                        0.0
                    ],
                    [
                        0.6644812245674253,
                        0.0,
                        0.0,
                        0.0,
                        0.0,
                        0.0,
                        0.0,
                        0.0
                    ],
                    [
                        0.0,
                        0.0,
                        0.0,
                        0.0,
                        0.0,
                        0.0,
                        0.0,
                        0.0
                    ],
                    [
                        -0.7715431271679456,
                        -0.0,
                        -0.7372319140420345,
                        0.0,
                        0.0,
                        0.0,
                        0.0,
                        0.0
                    ],
                    [
                        0.5067475942287916,
                        0.0,
                        -0.9226960451015476,
                        -0.0,
                        0.0,
                        0.0,
                        0.0,
                        0.0
                    ],
                    [
                        0.0,
                        -0.8182674599687534,
                        0.5223312109368988,
                        0.0,
                        -0.0,
                        0.0,
                        0.0,
                        0.0
                    ],
                    [
                        0.0,
                        0.9088456792843819,
                        -0.8647761465288305,
                        -0.0,
                        -0.0,
                        0.0,
                        0.0,
                        0.0
                    ],
                    [
                        0.0,
                        0.5325048701860844,
                        -0.0,
                        -0.8433489075302154,
                        0.0,
                        0.0,
                        -0.0,
                        0.0
                    ]
                ]
            },
            "est_params": {
                "mui": [
                    0.45329202747927444,
                    0.7673853268047677,
                    9.99999999999999,
                    -7.2055160776851315,
                    -8.503233629502606,
                    5.091791072692796,
                    -7.474488134106938,
                    6.975307522901182
                ],
                "Si": [
                    [
                        0.9807240611062381,
                        0.658679272668428,
                        4.462206102650003e-22,
                        -0.7506655132889798,
                        0.5101775409411591,
                        -0.5246706651932332,
                        0.5943062850913702,
                        0.9754043432085315
                    ],
                    [
                        0.658679272668428,
                        1.450393327209878,
                        2.5321286821403005e-21,
                        -0.5227038601683995,
                        0.345508282092605,
                        -1.182534510299109,
                        1.3287125314554364,
                        1.2330823332356773
                    ],
                    [
                        4.46220610216455e-22,
                        2.5321286822122517e-21,
                        1e-06,
                        -7.747960874596772e-22,
                        1.3797584487378166e-22,
                        -2.2238256977696147e-21,
                        2.156481974516087e-21,
                        2.5072004018116287e-21
                    ],
                    [
                        -0.7506655132889798,
                        -0.5227038601683995,
                        -7.74796087425002e-22,
                        1.5616004841692679,
                        -0.380586184602942,
                        0.40330642614871304,
                        -0.4627500849231782,
                        -1.5780994540544913
                    ],
                    [
                        0.5101775409411591,
                        0.34550828209260503,
                        1.379758448460415e-22,
                        -0.380586184602942,
                        1.2722269757415912,
                        -0.28143269187803355,
                        0.3195992930613984,
                        0.4896658369185944
                    ],
                    [
                        -0.5246706651932332,
                        -1.182534510299109,
                        -2.223825697852835e-21,
                        0.40330642614871304,
                        -0.28143269187803355,
                        1.9864668819476148,
                        -1.0638934137305915,
                        -0.984838722014907
                    ],
                    [
                        0.5943062850913702,
                        1.3287125314554364,
                        2.1564819745299572e-21,
                        -0.4627500849231782,
                        0.3195992930613984,
                        -1.0638934137305915,
                        2.225706980147533,
                        1.106040751599524
                    ],
                    [
                        0.9754043432085315,
                        1.2330823332356773,
                        2.5072004017422783e-21,
                        -1.5780994540544915,
                        0.4896658369185944,
                        -0.984838722014907,
                        1.106040751599524,
                        2.9910237438208065
                    ]
                ]
            },
            "est_tgt": [
                0,
                2,
                3,
                6
            ]
        },
        "3": {
            "intv_type": "do",
            "inode": 3,
            "new_mui": 10.0,
            "true_params": {
                "Si": [
                    [
                        1.0,
                        0.6644812245674253,
                        1.2122621614654616,
                        0.0,
                        -0.6118019077816436,
                        0.08947899894752305,
                        -0.44442451066111327,
                        0.3538394882293672
                    ],
                    [
                        0.6644812245674253,
                        1.4415352978026252,
                        1.5581896689744779,
                        0.0,
                        -1.1010111831210962,
                        -0.36567032992344994,
                        -0.03735213055294245,
                        0.7676245666250454
                    ],
                    [
                        1.2122621614654616,
                        1.5581896689744779,
                        3.036082981348114,
                        0.0,
                        -2.187070825592803,
                        0.31082499757117166,
                        -1.2093781929989695,
                        0.8297435874025522
                    ],
                    [
                        0.0,
                        0.0,
                        0.0,
                        0.0,
                        0.0,
                        0.0,
                        0.0,
                        0.0
                    ],
                    [
                        -0.6118019077816436,
                        -1.1010111831210962,
                        -2.187070825592803,
                        0.0,
                        2.707972456218523,
                        -0.24145372852696037,
                        0.8906774241183782,
                        -0.5862938171413266
                    ],
                    [
                        0.08947899894752305,
                        -0.36567032992344994,
                        0.31082499757117166,
                        0.0,
                        -0.24145372852696037,
                        1.4615697294232062,
                        -0.6011319430378529,
                        -0.19472123156678936
                    ],
                    [
                        -0.44442451066111327,
                        -0.03735213055294245,
                        -1.2093781929989695,
                        0.0,
                        0.8906774241183782,
                        -0.6011319430378529,
                        2.0118940909725413,
                        -0.019890191431268307
                    ],
                    [
                        0.3538394882293672,
                        0.7676245666250454,
                        0.8297435874025522,
                        0.0,
                        -0.5862938171413266,
                        -0.19472123156678936,
                        -0.019890191431268307,
                        1.4087638202023192
                    ]
                ],
                "mui": [
                    0.5,
                    0.8322406122837127,
                    1.4824631924463079,
                    10.0,
                    -0.6144891275644269,
                    0.5933413825836273,
                    -0.025620522335505463,
                    -7.490316896094428
                ],
                "Ai": [
                    [
                        0.0,
                        0.0,
                        0.0,
                        0.0,
                        0.0,
                        0.0,
                        0.0,
                        0.0
                    ],
                    [
                        0.6644812245674253,
                        0.0,
                        0.0,
                        0.0,
                        0.0,
                        0.0,
                        0.0,
                        0.0
                    ],
                    [
                        0.712130916594496,
                        0.7526642234271541,
                        0.0,
                        0.0,
                        0.0,
                        0.0,
                        0.0,
                        0.0
                    ],
                    [
                        0.0,
                        0.0,
                        0.0,
                        0.0,
                        0.0,
                        0.0,
                        0.0,
                        0.0
                    ],
                    [
                        0.5067475942287916,
                        0.0,
                        -0.9226960451015476,
                        -0.0,
                        0.0,
                        0.0,
                        0.0,
                        0.0
                    ],
                    [
                        0.0,
                        -0.8182674599687534,
                        0.5223312109368988,
                        0.0,
                        -0.0,
                        0.0,
                        0.0,
                        0.0
                    ],
                    [
                        0.0,
                        0.9088456792843819,
                        -0.8647761465288305,
                        -0.0,
                        -0.0,
                        0.0,
                        0.0,
                        0.0
                    ],
                    [
                        0.0,
                        0.5325048701860844,
                        -0.0,
                        -0.8433489075302154,
                        0.0,
                        0.0,
                        -0.0,
                        0.0
                    ]
                ]
            },
            "est_params": {
                "mui": [
                    0.4952056765238544,
                    0.8140141569169087,
                    1.5023343787688126,
                    9.999999999999998,
                    -0.6320990667090025,
                    0.6155523345469621,
                    -0.06390668500217522,
                    -7.503925605130002
                ],
                "Si": [
                    [
                        0.9941410478245805,
                        0.6538065299915294,
                        1.1937263792129533,
                        1.4216833896551936e-31,
                        -0.5953529112342396,
                        0.10482052943764752,
                        -0.4244471203043552,
                        0.3558504474228342
                    ],
                    [
                        0.6538065299915294,
                        1.4221549417383241,
                        1.5335675058264835,
                        2.13252508448279e-31,
                        -1.1121706699767695,
                        -0.36499030913253744,
                        -0.04834068704834444,
                        0.7569447345072438
                    ],
                    [
                        1.1937263792129533,
                        1.5335675058264835,
                        3.0036221676428,
                        3.900960520395348e-31,
                        -2.22544189748209,
                        0.3206340573323988,
                        -1.193703884296951,
                        0.8269962366311793
                    ],
                    [
                        1.4216833896551936e-31,
                        2.0978498798570537e-31,
                        3.918298122708216e-31,
                        1e-06,
                        -1.0229185364592246e-31,
                        4.403750987468526e-31,
                        -6.718320896236432e-32,
                        -3.685974251715782e-30
                    ],
                    [
                        -0.5953529112342396,
                        -1.1121706699767695,
                        -2.22544189748209,
                        -9.535681272077517e-32,
                        2.7751568999684606,
                        -0.2359801126171082,
                        0.9126635731969621,
                        -0.6184656575152909
                    ],
                    [
                        0.10482052943764751,
                        -0.36499030913253744,
                        0.3206340573323988,
                        4.299725373591317e-31,
                        -0.2359801126171082,
                        1.470369636427048,
                        -0.5728382416393657,
                        -0.18805588273837348
                    ],
                    [
                        -0.4244471203043552,
                        -0.04834068704834444,
                        -1.193703884296951,
                        -6.805008907800773e-32,
                        0.9126635731969621,
                        -0.5728382416393657,
                        1.9625325536604545,
                        -0.034667809934602445
                    ],
                    [
                        0.3558504474228342,
                        0.7569447345072438,
                        0.8269962366311793,
                        -3.689441772178356e-30,
                        -0.6184656575152909,
                        -0.18805588273837348,
                        -0.034667809934602445,
                        1.3638993794120275
                    ]
                ]
            },
            "est_tgt": [
                0,
                3
            ]
        },
        "4": {
            "intv_type": "do",
            "inode": 4,
            "new_mui": 10.0,
            "true_params": {
                "Si": [
                    [
                        1.0,
                        0.6644812245674253,
                        1.2122621614654616,
                        -1.6652614807858617,
                        0.0,
                        0.08947899894752305,
                        -0.44442451066111327,
                        1.7582359388022724
                    ],
                    [
                        0.6644812245674253,
                        1.4415352978026252,
                        1.5581896689744779,
                        -1.6614230740457159,
                        0.0,
                        -0.36567032992344994,
                        -0.03735213055294245,
                        2.168783901066992
                    ],
