{
    "expt_args": {
        "save_dir": "expt_logs_29.04.24-9",
        "exp_name": "128",
        "num_nodes": 6,
        "obs_noise_mean": 0.5,
        "obs_noise_var": 1.0,
        "max_edge_strength": 1.0,
        "num_parents": 2,
        "new_noise_mean": 10.0,
        "mix_samples": 1024,
        "stage2_samples": 1024,
        "intv_targets": [
            0,
            1,
            2,
            3,
            4,
            5
        ]
    },
    "intv_args_dict": {
        "0": {
            "intv_type": "do",
            "inode": 0,
            "new_mui": 10.0,
            "true_params": {
                "Si": [
                    [
                        0.0,
                        0.0,
                        0.0,
                        0.0,
                        0.0,
                        0.0
                    ],
                    [
                        0.0,
                        1.0,
                        -0.8367617915083871,
                        1.0485721819876594,
                        0.5186170000750537,
                        0.28036126042650117
                    ],
                    [
                        0.0,
                        -0.8367617915083871,
                        1.7001702957283256,
                        -1.5315837995201798,
                        -1.0537493792562864,
                        -0.03681555223696317
                    ],
                    [
                        0.0,
                        1.0485721819876594,
                        -1.5315837995201798,
                        2.52745334264705,
                        0.9492610723045264,
                        1.0542072919952095
                    ],
                    [
                        0.0,
                        0.5186170000750537,
                        -1.0537493792562864,
                        0.9492610723045264,
                        1.6531038432284437,
                        0.02281792912989253
                    ],
                    [
                        0.0,
                        0.28036126042650117,
                        -0.03681555223696317,
                        1.0542072919952095,
                        0.02281792912989253,
                        1.909128453171772
                    ]
                ],
                "mui": [
                    10.0,
                    -4.993193933946281,
                    -4.577582243884226,
                    0.992065330822325,
                    -6.223264704908788,
                    -2.1867941868008147
                ],
                "Ai": [
                    [
                        0.0,
                        0.0,
                        0.0,
                        0.0,
                        0.0,
                        0.0
                    ],
                    [
                        -0.5493193933946281,
                        0.0,
                        0.0,
                        0.0,
                        0.0,
                        0.0
                    ],
                    [
                        -0.9255696145401928,
                        -0.8367617915083871,
                        0.0,
                        0.0,
                        0.0,
                        0.0
                    ],
                    [
                        0.0,
                        0.5011804728107265,
                        -0.6541786619943273,
                        0.0,
                        0.0,
                        0.0
                    ],
                    [
                        -0.9560406643046955,
                        0.0,
                        -0.6197904891667791,
                        -0.0,
                        0.0,
                        0.0
                    ],
                    [
                        -0.0,
                        0.0,
                        0.779745065386215,
                        0.8896117542338856,
                        -0.0,
                        0.0
                    ]
                ]
            },
            "est_params": {
                "mui": [
                    10.0,
                    -5.046164087331048,
                    -4.547291023044042,
                    0.9122119448987346,
                    -6.258744945782097,
                    -2.2682575273304346
                ],
                "Si": [
                    [
                        1e-06,
                        0.0,
                        0.0,
                        0.0,
                        0.0,
                        0.0
                    ],
                    [
                        0.0,
                        1.0291163151036724,
                        -0.7709230911490117,
                        1.0393805573461106,
                        0.4212720604588982,
                        0.3075785243855413
                    ],
                    [
                        0.0,
                        -0.7709230911490117,
                        1.6584461976440492,
                        -1.4231515122156229,
                        -0.9245176816775386,
                        0.08076417704809304
                    ],
                    [
                        0.0,
                        1.0393805573461106,
                        -1.4231515122156229,
                        2.373214391009747,
                        0.8626938670081017,
                        1.0114571973356665
                    ],
                    [
                        0.0,
                        0.4212720604588982,
                        -0.9245176816775386,
                        0.8626938670081017,
                        1.3775449135675346,
                        0.0124959778849115
                    ],
                    [
                        0.0,
                        0.3075785243855413,
                        0.08076417704809304,
                        1.0114571973356665,
                        0.0124959778849115,
                        2.0219990703709745
                    ]
                ]
            },
            "est_tgt": [
                0,
                3,
                5
            ]
        },
        "1": {
            "intv_type": "do",
            "inode": 1,
            "new_mui": 10.0,
            "true_params": {
                "Si": [
                    [
                        1.0,
                        0.0,
                        -0.9255696145401928,
                        0.6054878920225086,
                        -0.38238142015092214,
                        -0.18305919381961508
                    ],
                    [
                        0.0,
                        0.0,
                        0.0,
                        0.0,
                        0.0,
                        0.0
                    ],
                    [
                        -0.9255696145401928,
                        0.0,
                        1.8566791113600811,
                        -1.2145998568223546,
                        -0.2658698655103586,
                        0.367214065768725
                    ],
                    [
                        0.6054878920225086,
                        0.0,
                        -1.2145998568223546,
                        1.7945653091945495,
                        0.17392639288417813,
                        0.6493881480238042
                    ],
                    [
                        -0.38238142015092214,
                        0.0,
                        -0.2658698655103586,
                        0.17392639288417813,
                        1.5303558009382314,
                        -0.05258375218533308
                    ],
                    [
                        -0.18305919381961508,
                        0.0,
                        0.367214065768725,
                        0.6493881480238042,
                        -0.05258375218533308,
                        1.8640366852657229
                    ]
                ],
                "mui": [
                    0.5,
                    10.0,
                    -8.330402722353968,
                    10.961376434890685,
                    5.185084046091687,
                    3.7557789036256795
                ],
                "Ai": [
                    [
                        0.0,
                        0.0,
                        0.0,
                        0.0,
                        0.0,
                        0.0
                    ],
                    [
                        0.0,
                        0.0,
                        0.0,
                        0.0,
                        0.0,
                        0.0
                    ],
                    [
                        -0.9255696145401928,
                        -0.8367617915083871,
                        0.0,
                        0.0,
                        0.0,
                        0.0
                    ],
                    [
                        0.0,
                        0.5011804728107265,
                        -0.6541786619943273,
                        0.0,
                        0.0,
                        0.0
                    ],
                    [
                        -0.9560406643046955,
                        0.0,
                        -0.6197904891667791,
                        -0.0,
                        0.0,
                        0.0
                    ],
                    [
                        -0.0,
                        0.0,
                        0.779745065386215,
                        0.8896117542338856,
                        -0.0,
                        0.0
                    ]
                ]
            },
            "est_params": {
                "mui": [
                    0.4480449265324048,
                    10.0,
                    -8.393096687876213,
                    11.004049285986802,
                    5.264018305911827,
                    3.688228338311861
                ],
                "Si": [
                    [
                        0.8929073591149765,
                        0.0,
                        -0.8814846340120802,
                        0.6911074121934695,
                        -0.10951948306625856,
                        -0.10568453838960362
                    ],
                    [
                        0.0,
                        1e-06,
                        0.0,
                        0.0,
                        0.0,
                        0.0
                    ],
                    [
                        -0.8814846340120802,
                        0.0,
                        2.028487501295497,
                        -1.423376669997786,
                        -0.6810761129036442,
                        0.416984351456145
                    ],
                    [
                        0.6911074121934695,
                        0.0,
                        -1.423376669997786,
                        2.212665007864249,
                        0.4420297009034208,
                        0.7915979476444536
                    ],
                    [
                        -0.10951948306625856,
                        0.0,
                        -0.6810761129036442,
                        0.4420297009034208,
                        1.7133298141368378,
                        -0.09816827139623109
                    ],
                    [
                        -0.10568453838960362,
                        0.0,
                        0.416984351456145,
                        0.7915979476444536,
                        -0.09816827139623109,
                        2.390447728489578
                    ]
                ]
            },
            "est_tgt": [
                1,
                2,
                3,
                4,
                5
            ]
        },
        "2": {
            "intv_type": "do",
            "inode": 2,
            "new_mui": 10.0,
            "true_params": {
                "Si": [
                    [
                        1.0,
                        -0.5493193933946281,
                        0.0,
                        -0.2753081533056212,
                        -0.9560406643046955,
                        -0.2449173692171052
                    ],
                    [
                        -0.5493193933946281,
                        1.3017517959594422,
                        0.0,
                        0.6524125805811656,
                        0.5251716777764526,
                        0.5803939002950671
                    ],
                    [
                        0.0,
                        0.0,
                        0.0,
                        0.0,
                        0.0,
                        0.0
                    ],
                    [
                        -0.2753081533056212,
                        0.6524125805811656,
                        0.0,
                        1.3269764456033348,
                        0.263205789774805,
                        1.180493843600229
                    ],
                    [
                        -0.9560406643046955,
                        0.5251716777764526,
                        0.0,
                        0.263205789774805,
                        1.9140137518041636,
                        0.23415096436607963
                    ],
                    [
                        -0.2449173692171052,
                        0.5803939002950671,
                        0.0,
                        1.180493843600229,
                        0.23415096436607963,
                        2.050181199067502
                    ]
                ],
                "mui": [
                    0.5,
                    0.22534030330268595,
                    10.0,
                    -5.92885046019072,
                    -6.175925223820139,
                    3.0230755953815036
                ],
                "Ai": [
                    [
                        0.0,
                        0.0,
                        0.0,
                        0.0,
                        0.0,
                        0.0
                    ],
                    [
                        -0.5493193933946281,
                        0.0,
                        0.0,
                        0.0,
                        0.0,
                        0.0
                    ],
                    [
                        0.0,
                        0.0,
                        0.0,
                        0.0,
                        0.0,
                        0.0
                    ],
                    [
                        0.0,
                        0.5011804728107265,
                        -0.6541786619943273,
                        0.0,
                        0.0,
                        0.0
                    ],
                    [
                        -0.9560406643046955,
                        0.0,
                        -0.6197904891667791,
                        -0.0,
                        0.0,
                        0.0
                    ],
                    [
                        -0.0,
                        0.0,
                        0.779745065386215,
                        0.8896117542338856,
                        -0.0,
                        0.0
                    ]
                ]
            },
            "est_params": {
                "mui": [
                    0.5267484455161335,
                    0.22500257507785373,
                    10.0,
                    -6.043674017058878,
                    -6.103244466867506,
                    2.9930327270762103
                ],
                "Si": [
                    [
                        1.1703832360847626,
                        -0.6006340478478579,
                        0.0,
                        -0.256126263205612,
                        -1.1140835840365084,
                        -0.2358758479752604
                    ],
                    [
                        -0.6006340478478579,
                        1.1963185885007495,
                        0.0,
                        0.5426652214900154,
                        0.5283816777990259,
                        0.5279790600817115
                    ],
                    [
                        0.0,
                        0.0,
                        1e-06,
                        0.0,
                        0.0,
                        0.0
                    ],
                    [
                        -0.256126263205612,
                        0.5426652214900154,
                        0.0,
                        1.1644819484609397,
                        0.1988160157471466,
                        1.1693265483905304
                    ],
                    [
                        -1.1140835840365084,
                        0.5283816777990259,
                        0.0,
                        0.1988160157471466,
                        1.9783044111881103,
                        0.07451631730472862
                    ],
                    [
                        -0.2358758479752604,
                        0.5279790600817115,
                        0.0,
                        1.1693265483905304,
                        0.07451631730472862,
                        2.27615043817157
                    ]
                ]
            },
            "est_tgt": [
                1,
                2,
                4,
                5
            ]
        },
        "3": {
            "intv_type": "do",
            "inode": 3,
            "new_mui": 10.0,
            "true_params": {
                "Si": [
                    [
                        1.0,
                        -0.5493193933946281,
                        -0.4659201348130033,
                        0.0,
                        -0.6672677960362925,
                        -0.3632989259845194
                    ],
                    [
                        -0.5493193933946281,
                        1.3017517959594422,
                        -0.5808228256825648,
                        0.0,
                        0.8851601410254804,
                        -0.4528937321896576
                    ],
                    [
                        -0.4659201348130033,
                        -0.5808228256825648,
                        1.9172518677524928,
                        0.0,
                        -0.7428558777706814,
                        1.4949676829825103
                    ],
                    [
                        0.0,
                        0.0,
                        0.0,
                        0.0,
                        0.0,
                        0.0
                    ],
                    [
                        -0.6672677960362925,
                        0.8851601410254804,
                        -0.7428558777706814,
                        0.0,
                        2.098350154855575,
                        -0.5792382049848341
                    ],
                    [
                        -0.3632989259845194,
                        -0.4528937321896576,
                        1.4949676829825103,
                        0.0,
                        -0.5792382049848341,
                        2.1656936737174757
                    ]
                ],
                "mui": [
                    0.5,
                    0.22534030330268595,
                    -0.15134096316069523,
                    10.0,
                    0.11577935743599105,
                    9.278110173123508
                ],
                "Ai": [
                    [
                        0.0,
                        0.0,
                        0.0,
                        0.0,
                        0.0,
                        0.0
                    ],
                    [
                        -0.5493193933946281,
                        0.0,
                        0.0,
                        0.0,
                        0.0,
                        0.0
                    ],
                    [
                        -0.9255696145401928,
                        -0.8367617915083871,
                        0.0,
                        0.0,
                        0.0,
                        0.0
                    ],
                    [
                        0.0,
                        0.0,
                        0.0,
                        0.0,
                        0.0,
                        0.0
                    ],
                    [
                        -0.9560406643046955,
                        0.0,
                        -0.6197904891667791,
                        -0.0,
                        0.0,
                        0.0
                    ],
                    [
                        -0.0,
                        0.0,
                        0.779745065386215,
                        0.8896117542338856,
                        -0.0,
                        0.0
                    ]
                ]
            },
            "est_params": {
                "mui": [
                    0.42209086641589966,
                    0.16095522746404278,
                    -0.078226752252819,
                    10.0,
                    0.18150171999786294,
                    9.312839990457768
                ],
                "Si": [
                    [
                        0.9224804997659737,
                        -0.47095464359747624,
                        -0.31835009999579694,
                        -3.420664657693323e-49,
                        -0.6711408444713727,
                        -0.2690371610183101
                    ],
                    [
                        -0.47095464359747624,
                        1.3278903120557357,
                        -0.7780245898513418,
                        -8.026434722617232e-48,
                        0.8934182228405669,
                        -0.533825059916047
                    ],
                    [
                        -0.31835009999579694,
                        -0.7780245898513418,
                        1.9157466262443712,
                        7.523355969603495e-48,
                        -0.8158593439416888,
                        1.2943574078840354
                    ],
                    [
                        -3.420664657693323e-49,
                        -8.026434722617233e-48,
                        7.523355969603495e-48,
                        1e-06,
                        -4.5694038823687474e-48,
                        5.3219841605994595e-48
                    ],
                    [
                        -0.6711408444713727,
                        0.8934182228405669,
                        -0.8158593439416888,
                        -4.569403882368747e-48,
                        2.267814457305365,
                        -0.4106411170233557
                    ],
                    [
                        -0.26903716101831004,
                        -0.533825059916047,
                        1.2943574078840354,
                        5.3219841605994595e-48,
                        -0.4106411170233557,
                        1.9650327503792886
                    ]
                ]
            },
            "est_tgt": [
                1,
                3,
                5
            ]
        },
        "4": {
            "intv_type": "do",
            "inode": 4,
            "new_mui": 10.0,
            "true_params": {
                "Si": [
                    [
                        1.0,
                        -0.5493193933946281,
                        -0.4659201348130033,
                        0.029486857082565876,
                        0.0,
                        -0.3370670713284541
                    ],
                    [
                        -0.5493193933946281,
                        1.3017517959594422,
                        -0.5808228256825648,
                        1.0323744795419503,
                        0.0,
                        0.46551873958195145
                    ],
                    [
                        -0.4659201348130033,
                        -0.5808228256825648,
                        1.9172518677524928,
                        -1.5453223199473007,
                        0.0,
                        0.12023078307741435
                    ],
                    [
                        0.029486857082565876,
                        1.0323744795419503,
                        -1.5453223199473007,
                        2.5283228173876573,
                        0.0,
                        1.0442682434357085
                    ],
                    [
                        0.0,
                        0.0,
                        0.0,
                        0.0,
                        0.0,
                        0.0
                    ],
                    [
                        -0.3370670713284541,
                        0.46551873958195145,
                        0.12023078307741435,
                        1.0442682434357085,
                        0.0,
                        2.022742663745713
                    ]
                ],
                "mui": [
                    0.5,
                    0.22534030330268595,
                    -0.15134096316069523,
                    0.7119401885379492,
                    10.0,
                    1.015342990819499
                ],
                "Ai": [
                    [
                        0.0,
                        0.0,
                        0.0,
                        0.0,
                        0.0,
                        0.0
                    ],
                    [
                        -0.5493193933946281,
                        0.0,
                        0.0,
                        0.0,
                        0.0,
                        0.0
                    ],
                    [
                        -0.9255696145401928,
                        -0.8367617915083871,
                        0.0,
                        0.0,
                        0.0,
                        0.0
                    ],
                    [
                        0.0,
                        0.5011804728107265,
                        -0.6541786619943273,
                        0.0,
                        0.0,
                        0.0
                    ],
                    [
                        0.0,
                        0.0,
                        0.0,
                        0.0,
                        0.0,
                        0.0
                    ],
                    [
                        -0.0,
                        0.0,
                        0.779745065386215,
                        0.8896117542338856,
                        -0.0,
                        0.0
                    ]
                ]
            },
            "est_params": {
                "mui": [
                    0.5209409750015314,
                    0.24816749342432154,
                    -0.04971248295114404,
                    0.4971767392377407,
                    10.0,
                    0.7898356239401125
                ],
                "Si": [
                    [
                        1.1182474865253966,
                        -0.6091967999267989,
                        -0.5163736878584357,
                        0.19635572308597732,
                        0.0,
                        -0.3119633076712704
                    ],
                    [
                        -0.6091967999267989,
                        1.1707581647359713,
                        -0.4886927295706171,
                        0.7859517067747587,
                        0.0,
                        0.35883337151696143
                    ],
                    [
                        -0.5163736878584357,
                        -0.4886927295706171,
                        1.9173996275078578,
                        -1.6068772647951646,
                        0.0,
                        0.14656577440674262
                    ],
                    [
                        0.19635572308597732,
                        0.7859517067747587,
                        -1.6068772647951646,
                        2.512622020038234,
                        0.0,
                        1.0568302893694286
                    ],
                    [
                        0.0,
                        0.0,
                        0.0,
                        0.0,
                        1e-06,
                        0.0
                    ],
                    [
                        -0.3119633076712704,
                        0.35883337151696143,
                        0.14656577440674262,
                        1.0568302893694286,
                        0.0,
                        2.0353397238519113
                    ]
                ]
            },
            "est_tgt": [
                4
            ]
        },
        "5": {
            "intv_type": "do",
            "inode": 5,
            "new_mui": 10.0,
            "true_params": {
                "Si": [
                    [
                        1.0,
                        -0.5493193933946281,
                        -0.4659201348130033,
                        0.029486857082565876,
                        -0.6672677960362925,
                        0.0
                    ],
                    [
                        -0.5493193933946281,
                        1.3017517959594422,
                        -0.5808228256825648,
                        1.0323744795419503,
                        0.8851601410254804,
                        0.0
                    ],
                    [
                        -0.4659201348130033,
                        -0.5808228256825648,
                        1.9172518677524928,
                        -1.5453223199473007,
                        -0.7428558777706814,
                        0.0
                    ],
                    [
                        0.029486857082565876,
                        1.0323744795419503,
                        -1.5453223199473007,
                        2.5283228173876573,
                        0.9295854421670056,
                        0.0
                    ],
                    [
                        -0.6672677960362925,
                        0.8851601410254804,
                        -0.7428558777706814,
                        0.9295854421670056,
                        2.098350154855575,
                        0.0
                    ],
                    [
                        0.0,
                        0.0,
                        0.0,
                        0.0,
                        0.0,
                        0.0
                    ]
                ],
                "mui": [
                    0.5,
                    0.22534030330268595,
                    -0.15134096316069523,
                    0.7119401885379492,
                    0.11577935743599105,
                    10.0
                ],
                "Ai": [
                    [
                        0.0,
                        0.0,
                        0.0,
                        0.0,
                        0.0,
                        0.0
                    ],
                    [
                        -0.5493193933946281,
                        0.0,
                        0.0,
                        0.0,
                        0.0,
                        0.0
                    ],
                    [
                        -0.9255696145401928,
                        -0.8367617915083871,
                        0.0,
                        0.0,
                        0.0,
                        0.0
                    ],
                    [
                        0.0,
                        0.5011804728107265,
                        -0.6541786619943273,
                        0.0,
                        0.0,
                        0.0
                    ],
                    [
                        -0.9560406643046955,
                        0.0,
                        -0.6197904891667791,
                        -0.0,
                        0.0,
                        0.0
                    ],
                    [
                        0.0,
                        0.0,
                        0.0,
                        0.0,
                        0.0,
                        0.0
                    ]
                ]
            },
            "est_params": {
                "mui": [
                    0.46499659511965563,
                    0.21397544118467401,
                    -0.16402874830453884,
                    0.8792668993819435,
                    0.16786623627515213,
                    9.999999999999998
                ],
                "Si": [
                    [
                        0.8934316427844826,
                        -0.46835461335206147,
                        -0.3692812156238286,
                        0.06462464099564787,
                        -0.6137209498107952,
                        2.5935153048362363e-31
                    ],
                    [
                        -0.46835461335206147,
                        1.4573228521989183,
                        -0.820906205001981,
                        1.2478745196536067,
                        1.0191824471475464,
                        6.483788262090591e-32
                    ],
                    [
                        -0.3692812156238286,
                        -0.820906205001981,
                        1.9791253241721514,
                        -1.7415884541160662,
                        -0.8701924711432681,
                        -1.1886945147166084e-31
                    ],
                    [
                        0.06462464099564785,
                        1.2478745196536067,
                        -1.7415884541160662,
                        2.933477370519462,
                        1.140917310731678,
                        2.4314205982839717e-31
                    ],
                    [
                        -0.6137209498107952,
                        1.0191824471475464,
                        -0.8701924711432681,
                        1.140917310731678,
                        2.167014510878202,
                        4.322525508060394e-32
                    ],
                    [
                        2.377389029433217e-31,
                        6.483788262090591e-32,
                        -1.1886945147166084e-31,
                        2.4314205982839717e-31,
                        4.322525508060394e-32,
                        1e-06
                    ]
                ]
            },
            "est_tgt": [
                3,
                5
            ]
        },
        "obs": {
            "intv_type": "obs",
            "true_params": {
                "Si": [
                    [
                        1.0,
                        -0.5493193933946281,
                        -0.4659201348130033,
                        0.029486857082565876,
                        -0.6672677960362925,
                        -0.3370670713284541
                    ],
                    [
                        -0.5493193933946281,
                        1.3017517959594422,
                        -0.5808228256825648,
                        1.0323744795419503,
                        0.8851601410254804,
                        0.46551873958195145
                    ],
                    [
                        -0.4659201348130033,
                        -0.5808228256825648,
                        1.9172518677524928,
                        -1.5453223199473007,
                        -0.7428558777706814,
                        0.12023078307741435
                    ],
                    [
                        0.029486857082565876,
                        1.0323744795419503,
                        -1.5453223199473007,
                        2.5283228173876573,
                        0.9295854421670056,
                        1.0442682434357085
                    ],
                    [
                        -0.6672677960362925,
                        0.8851601410254804,
                        -0.7428558777706814,
                        0.9295854421670056,
                        2.098350154855575,
                        0.24773193093163787
                    ],
                    [
                        -0.3370670713284541,
                        0.46551873958195145,
                        0.12023078307741435,
                        1.0442682434357085,
                        0.24773193093163787,
                        2.022742663745713
                    ]
                ],
                "mui": [
                    0.5,
                    0.22534030330268595,
                    -0.15134096316069523,
                    0.7119401885379492,
                    0.11577935743599105,
                    1.015342990819499
                ],
                "Ai": [
                    [
                        0.0,
                        0.0,
                        0.0,
                        0.0,
                        0.0,
                        0.0
                    ],
                    [
                        -0.5493193933946281,
                        0.0,
                        0.0,
                        0.0,
                        0.0,
                        0.0
                    ],
                    [
                        -0.9255696145401928,
                        -0.8367617915083871,
                        0.0,
                        0.0,
                        0.0,
                        0.0
                    ],
                    [
                        0.0,
                        0.5011804728107265,
                        -0.6541786619943273,
                        0.0,
                        0.0,
                        0.0
                    ],
                    [
                        -0.9560406643046955,
                        0.0,
                        -0.6197904891667791,
                        -0.0,
                        0.0,
                        0.0
                    ],
                    [
                        -0.0,
                        0.0,
                        0.779745065386215,
                        0.8896117542338856,
                        -0.0,
                        0.0
                    ]
                ]
            },
            "est_params": {
                "mui": [
                    0.4832268522888665,
                    0.2053684230975438,
                    -0.12772750590401588,
                    0.7835443737142188,
                    0.22672414702680954,
                    1.0646567893834944
                ],
                "Si": [
                    [
                        0.8712034452489498,
                        -0.4485523737287866,
                        -0.3320943579577943,
                        -0.1513619617185784,
                        -0.7865672759715436,
                        -0.22640154254356887
                    ],
                    [
                        -0.4485523737287866,
                        1.113639733343248,
                        -0.6143480634995455,
                        0.9595216683485416,
