{
    "expt_args": {
        "save_dir": "expt_logs_29.04.24-9",
        "exp_name": "133",
        "num_nodes": 6,
        "obs_noise_mean": 0.5,
        "obs_noise_var": 1.0,
        "max_edge_strength": 1.0,
        "num_parents": 2,
        "new_noise_mean": 10.0,
        "mix_samples": 32768,
        "stage2_samples": 32768,
        "intv_targets": [
            0,
            1,
            2,
            3,
            4,
            5
        ]
    },
    "intv_args_dict": {
        "0": {
            "intv_type": "do",
            "inode": 0,
            "new_mui": 10.0,
            "true_params": {
                "Si": [
                    [
                        0.0,
                        0.0,
                        0.0,
                        0.0,
                        0.0,
                        0.0
                    ],
                    [
                        0.0,
                        1.0,
                        0.5761745718931741,
                        0.8761521865220367,
                        -0.10034298350243695,
                        0.7357754397417217
                    ],
                    [
                        0.0,
                        0.5761745718931741,
                        1.3319771372962825,
                        0.504816610982603,
                        -0.05781507556200044,
                        0.4239350990026984
                    ],
                    [
                        0.0,
                        0.8761521865220367,
                        0.504816610982603,
                        1.767642653947346,
                        -1.0484303109506565,
                        2.0597968489007052
                    ],
                    [
                        0.0,
                        -0.10034298350243695,
                        -0.05781507556200044,
                        -1.0484303109506565,
                        1.9326569853189661,
                        -2.1132084597040808
                    ],
                    [
                        0.0,
                        0.7357754397417217,
                        0.4239350990026984,
                        2.0597968489007052,
                        -2.1132084597040808,
                        4.006552931507713
                    ]
                ],
                "mui": [
                    10.0,
                    -7.007888044459083,
                    3.9849582342092784,
                    1.2320127092917628,
                    -5.877710708700716,
                    5.436150717809503
                ],
                "Ai": [
                    [
                        0.0,
                        0.0,
                        0.0,
                        0.0,
                        0.0,
                        0.0
                    ],
                    [
                        -0.7507888044459083,
                        0.0,
                        0.0,
                        0.0,
                        0.0,
                        0.0
                    ],
                    [
                        0.7522725128100785,
                        0.5761745718931741,
                        0.0,
                        0.0,
                        0.0,
                        0.0
                    ],
                    [
                        0.6871989142346229,
                        0.8761521865220367,
                        -0.0,
                        0.0,
                        0.0,
                        0.0
                    ],
                    [
                        0.0,
                        0.7412139716921542,
                        -0.0,
                        -0.9605145865528517,
                        0.0,
                        0.0
                    ],
                    [
                        -0.0,
                        -0.0,
                        -0.0,
                        0.7618894589391234,
                        -0.6801105769638558,
                        0.0
                    ]
                ]
            },
            "est_params": {
                "mui": [
                    10.0,
                    -7.011803678542214,
                    3.9852578094055477,
                    1.231955755569523,
                    -5.887928622488303,
                    5.447879749744804
                ],
                "Si": [
                    [
                        1e-06,
                        0.0,
                        0.0,
                        0.0,
                        0.0,
                        0.0
                    ],
                    [
                        0.0,
                        0.9612789158296904,
                        0.5308026514228865,
                        0.8646783441654431,
                        -0.11918870060473814,
                        0.7515535264329667
                    ],
                    [
                        0.0,
                        0.5308026514228865,
                        1.2683467847669223,
                        0.47196100277426484,
                        -0.053311939403802105,
                        0.3888258528953656
                    ],
                    [
                        0.0,
                        0.8646783441654431,
                        0.47196100277426484,
                        1.7743153852574645,
                        -1.0684466180350507,
                        2.0692398219468506
                    ],
                    [
                        0.0,
                        -0.11918870060473814,
                        -0.053311939403802105,
                        -1.0684466180350507,
                        1.9745952750496791,
                        -2.15425732723347
                    ],
                    [
                        0.0,
                        0.7515535264329667,
                        0.3888258528953656,
                        2.0692398219468506,
                        -2.15425732723347,
                        4.034624899375065
                    ]
                ]
            },
            "est_tgt": [
                0,
                3
            ]
        },
        "1": {
            "intv_type": "do",
            "inode": 1,
            "new_mui": 10.0,
            "true_params": {
                "Si": [
                    [
                        1.0,
                        0.0,
                        0.7522725128100785,
                        0.6871989142346229,
                        -0.6600645809856374,
                        0.9724865119573174
                    ],
                    [
                        0.0,
                        0.0,
                        0.0,
                        0.0,
                        0.0,
                        0.0
                    ],
                    [
                        0.7522725128100785,
                        0.0,
                        1.5659139335295897,
                        0.5169608540116374,
                        -0.49654844095499695,
                        0.7315748720240396
                    ],
                    [
                        0.6871989142346229,
                        0.0,
                        0.5169608540116374,
                        1.4722423477252446,
                        -1.414110249930913,
                        2.0834372637066667
                    ],
                    [
                        -0.6600645809856374,
                        0.0,
                        -0.49654844095499695,
                        -1.414110249930913,
                        2.358273522052541,
                        -2.6812824589218693
                    ],
                    [
                        0.9724865119573174,
                        0.0,
                        0.7315748720240396,
                        2.0834372637066667,
                        -2.6812824589218693,
                        4.4109174497194985
                    ]
                ],
                "mui": [
                    0.5,
                    10.0,
                    6.63788197533678,
                    9.605121322337679,
                    -1.3137194187936143,
                    8.711515159204838
                ],
                "Ai": [
                    [
                        0.0,
                        0.0,
                        0.0,
                        0.0,
                        0.0,
                        0.0
                    ],
                    [
                        0.0,
                        0.0,
                        0.0,
                        0.0,
                        0.0,
                        0.0
                    ],
                    [
                        0.7522725128100785,
                        0.5761745718931741,
                        0.0,
                        0.0,
                        0.0,
                        0.0
                    ],
                    [
                        0.6871989142346229,
                        0.8761521865220367,
                        -0.0,
                        0.0,
                        0.0,
                        0.0
                    ],
                    [
                        0.0,
                        0.7412139716921542,
                        -0.0,
                        -0.9605145865528517,
                        0.0,
                        0.0
                    ],
                    [
                        -0.0,
                        -0.0,
                        -0.0,
                        0.7618894589391234,
                        -0.6801105769638558,
                        0.0
                    ]
                ]
            },
            "est_params": {
                "mui": [
                    0.4752341205333618,
                    10.0,
                    6.637653820847676,
                    9.588561484225622,
                    -1.308521343345975,
                    8.708592001421648
                ],
                "Si": [
                    [
                        0.9947102750933599,
                        0.0,
                        0.762046083756696,
                        0.6853049277641409,
                        -0.6862300304797966,
                        1.0137319428407094
                    ],
                    [
                        0.0,
                        1e-06,
                        0.0,
                        0.0,
                        0.0,
                        0.0
                    ],
                    [
                        0.762046083756696,
                        0.0,
                        1.5879816464451768,
                        0.5393654609027205,
                        -0.5622439432438737,
                        0.8373331662062424
                    ],
                    [
                        0.6853049277641409,
                        0.0,
                        0.5393654609027205,
                        1.4712203298701791,
                        -1.4143668433969836,
                        2.11207414237175
                    ],
                    [
                        -0.6862300304797966,
                        0.0,
                        -0.5622439432438737,
                        -1.4143668433969836,
                        2.3917136327980835,
                        -2.732850007079694
                    ],
                    [
                        1.0137319428407094,
                        0.0,
                        0.8373331662062424,
                        2.11207414237175,
                        -2.732850007079694,
                        4.498372688297207
                    ]
                ]
            },
            "est_tgt": [
                1,
                3
            ]
        },
        "2": {
            "intv_type": "do",
            "inode": 2,
            "new_mui": 10.0,
            "true_params": {
                "Si": [
                    [
                        1.0,
                        -0.7507888044459083,
                        0.0,
                        0.02939366160307444,
                        -0.5847281923673072,
                        0.42007454921296783
                    ],
                    [
                        -0.7507888044459083,
                        1.5636838288813164,
                        0.0,
                        0.8540837544687769,
                        0.33866439697083073,
                        0.42038817115996363
                    ],
                    [
                        0.0,
                        0.0,
                        0.0,
                        0.0,
                        0.0,
                        0.0
                    ],
                    [
                        0.02939366160307444,
                        0.8540837544687769,
                        0.0,
                        1.768506641289782,
                        -1.0656176135668785,
                        2.0721443780483355
                    ],
                    [
                        -0.5847281923673072,
                        0.33866439697083073,
                        0.0,
                        -1.0656176135668785,
                        2.2745640442681045,
                        -2.3588378915248907
                    ],
                    [
                        0.42007454921296783,
                        0.42038817115996363,
                        0.0,
                        2.0721443780483355,
                        -2.3588378915248907,
                        4.1830155584041915
                    ]
                ],
                "mui": [
                    0.5,
                    0.12460559777704583,
                    10.0,
                    0.9527729240625555,
                    -0.3227928812112979,
                    1.445442500286308
                ],
                "Ai": [
                    [
                        0.0,
                        0.0,
                        0.0,
                        0.0,
                        0.0,
                        0.0
                    ],
                    [
                        -0.7507888044459083,
                        0.0,
                        0.0,
                        0.0,
                        0.0,
                        0.0
                    ],
                    [
                        0.0,
                        0.0,
                        0.0,
                        0.0,
                        0.0,
                        0.0
                    ],
                    [
                        0.6871989142346229,
                        0.8761521865220367,
                        -0.0,
                        0.0,
                        0.0,
                        0.0
                    ],
                    [
                        0.0,
                        0.7412139716921542,
                        -0.0,
                        -0.9605145865528517,
                        0.0,
                        0.0
                    ],
                    [
                        -0.0,
                        -0.0,
                        -0.0,
                        0.7618894589391234,
                        -0.6801105769638558,
                        0.0
                    ]
                ]
            },
            "est_params": {
                "mui": [
                    0.5238809125753997,
                    0.11766664093959239,
                    10.000000000000002,
                    0.9562020452447721,
                    -0.33644996646324216,
                    1.4628613481020754
                ],
                "Si": [
                    [
                        0.9950371734511996,
                        -0.7612517432386162,
                        -2.6424565250727354e-31,
                        0.012850861825886488,
                        -0.564971527450074,
                        0.40077700027778557
                    ],
                    [
                        -0.7612517432386162,
                        1.6187277290442832,
                        -6.484804023265233e-31,
                        0.8911241333133557,
                        0.3342552656612712,
                        0.4472041599473153
                    ],
                    [
                        -2.6424565250727354e-31,
                        -6.457840181172654e-31,
                        1e-06,
                        -1.1102361981619376e-30,
                        3.9097571034239456e-32,
                        -7.172381996625996e-31
                    ],
                    [
                        0.012850861825886488,
                        0.8911241333133557,
                        -1.1102361981619376e-30,
                        1.768198367367644,
                        -1.051800948432473,
                        2.0515503191761955
                    ],
                    [
                        -0.564971527450074,
                        0.3342552656612712,
                        3.9771667086553926e-32,
                        -1.051800948432473,
                        2.2848365037007476,
                        -2.351687457713232
                    ],
                    [
                        0.40077700027778557,
                        0.4472041599473153,
                        -7.239791601857443e-31,
                        2.0515503191761955,
                        -2.351687457713232,
                        4.182463921200079
                    ]
                ]
            },
            "est_tgt": [
                2
            ]
        },
        "3": {
            "intv_type": "do",
            "inode": 3,
            "new_mui": 10.0,
            "true_params": {
                "Si": [
                    [
                        1.0,
                        -0.7507888044459083,
                        0.31968709482626917,
                        0.0,
                        -0.5564951516453558,
                        0.37847823866311137
                    ],
                    [
                        -0.7507888044459083,
                        1.5636838288813164,
                        0.33615708017177376,
                        0.0,
                        1.1590243012759154,
                        -0.7882646862558926
                    ],
                    [
                        0.31968709482626917,
                        0.33615708017177376,
                        1.4341769758947425,
                        0.0,
                        0.24916432450655832,
                        -0.16945929249896474
                    ],
                    [
                        0.0,
                        0.0,
                        0.0,
                        0.0,
                        0.0,
                        0.0
                    ],
                    [
                        -0.5564951516453558,
                        1.1590243012759154,
                        0.24916432450655832,
                        0.0,
                        1.859085005636445,
                        -1.2643833758082557
                    ],
                    [
                        0.37847823866311137,
                        -0.7882646862558926,
                        -0.16945929249896474,
                        0.0,
                        -1.2643833758082557,
                        1.8599205072244605
                    ]
                ],
                "mui": [
                    0.5,
                    0.12460559777704583,
                    0.9479308333597216,
                    10.0,
                    -9.012786455505118,
                    14.248585985696845
                ],
                "Ai": [
                    [
                        0.0,
                        0.0,
                        0.0,
                        0.0,
                        0.0,
                        0.0
                    ],
                    [
                        -0.7507888044459083,
                        0.0,
                        0.0,
                        0.0,
                        0.0,
                        0.0
                    ],
                    [
                        0.7522725128100785,
                        0.5761745718931741,
                        0.0,
                        0.0,
                        0.0,
                        0.0
                    ],
                    [
                        0.0,
                        0.0,
                        0.0,
                        0.0,
                        0.0,
                        0.0
                    ],
                    [
                        0.0,
                        0.7412139716921542,
                        -0.0,
                        -0.9605145865528517,
                        0.0,
                        0.0
                    ],
                    [
                        -0.0,
                        -0.0,
                        -0.0,
                        0.7618894589391234,
                        -0.6801105769638558,
                        0.0
                    ]
                ]
            },
            "est_params": {
                "mui": [
                    0.4700288333381699,
                    0.14344544620803137,
                    0.9155342791113524,
                    9.999999999999995,
                    -8.978187385005324,
                    14.26864571371609
                ],
                "Si": [
                    [
                        1.011488376225072,
                        -0.7633913614492459,
                        0.34772412222863874,
                        -1.2423478020646409e-24,
                        -0.5754297506930797,
                        0.3849093025971166
                    ],
                    [
                        -0.7633913614492459,
                        1.5647766504451186,
                        0.3278865367680147,
                        7.880361162096683e-24,
                        1.1747962430174108,
                        -0.8143296328882649
                    ],
                    [
                        0.34772412222863874,
                        0.3278865367680147,
                        1.4293308376864347,
                        3.481773243430513e-24,
                        0.2476498744937487,
                        -0.16909954420962797
                    ],
                    [
                        -1.2423477966718725e-24,
                        7.880361135132841e-24,
                        3.481773243430513e-24,
                        1e-06,
                        5.874918782793079e-24,
                        -3.3071616980960797e-24
                    ],
                    [
                        -0.5754297506930797,
                        1.1747962430174108,
                        0.2476498744937487,
                        5.874918793578616e-24,
                        1.8446547446043566,
                        -1.275659190668956
                    ],
                    [
                        0.3849093025971166,
                        -0.8143296328882649,
                        -0.16909954420962797,
                        -3.307161687310543e-24,
                        -1.275659190668956,
                        1.8784971628284508
                    ]
                ]
            },
            "est_tgt": [
                1,
                3
            ]
        },
        "4": {
            "intv_type": "do",
            "inode": 4,
            "new_mui": 10.0,
            "true_params": {
                "Si": [
                    [
                        1.0,
                        -0.7507888044459083,
                        0.31968709482626917,
                        0.02939366160307444,
                        0.0,
                        0.022394720935006072
                    ],
                    [
                        -0.7507888044459083,
                        1.5636838288813164,
                        0.33615708017177376,
                        0.8540837544687769,
                        0.0,
                        0.6507174095809116
                    ],
                    [
                        0.31968709482626917,
                        0.33615708017177376,
                        1.4341769758947425,
                        0.5142133852667963,
                        0.0,
                        0.3917737578801745
                    ],
                    [
                        0.02939366160307444,
                        0.8540837544687769,
                        0.5142133852667963,
                        1.768506641289782,
                        0.0,
                        1.3474065680625182
                    ],
                    [
                        0.0,
                        0.0,
                        0.0,
                        0.0,
                        0.0,
                        0.0
                    ],
                    [
                        0.022394720935006072,
                        0.6507174095809116,
                        0.3917737578801745,
                        1.3474065680625182,
                        0.0,
                        2.0265748611121737
                    ]
                ],
                "mui": [
                    0.5,
                    0.12460559777704583,
                    0.9479308333597216,
                    0.9527729240625555,
                    10.0,
                    -5.575198122032691
                ],
                "Ai": [
                    [
                        0.0,
                        0.0,
                        0.0,
                        0.0,
                        0.0,
                        0.0
                    ],
                    [
                        -0.7507888044459083,
                        0.0,
                        0.0,
                        0.0,
                        0.0,
                        0.0
                    ],
                    [
                        0.7522725128100785,
                        0.5761745718931741,
                        0.0,
                        0.0,
                        0.0,
                        0.0
                    ],
                    [
                        0.6871989142346229,
                        0.8761521865220367,
                        -0.0,
                        0.0,
                        0.0,
                        0.0
                    ],
                    [
                        0.0,
                        0.0,
                        0.0,
                        0.0,
                        0.0,
                        0.0
                    ],
                    [
                        -0.0,
                        -0.0,
                        -0.0,
                        0.7618894589391234,
                        -0.6801105769638558,
                        0.0
                    ]
                ]
            },
            "est_params": {
                "mui": [
                    0.4663204455489423,
                    0.1538034105944619,
                    0.9566761159639124,
                    0.9718367078940435,
                    10.0,
                    -5.553191693228
                ],
                "Si": [
                    [
                        0.9754154000880921,
                        -0.7342040977286948,
                        0.306766050524227,
                        0.029861270376398744,
                        0.0,
                        0.03858597025908562
                    ],
                    [
                        -0.7342040977286948,
                        1.5294454242021842,
                        0.3310913575570813,
                        0.8452622368178073,
                        0.0,
                        0.6450646818794636
                    ],
                    [
                        0.306766050524227,
                        0.3310913575570813,
                        1.4183793439292631,
                        0.5171694539667786,
                        0.0,
                        0.3936879608100434
                    ],
                    [
                        0.029861270376398737,
                        0.8452622368178073,
                        0.5171694539667786,
                        1.7458939052118259,
                        0.0,
                        1.363105937829067
                    ],
                    [
                        0.0,
                        0.0,
                        0.0,
                        0.0,
                        1e-06,
                        0.0
                    ],
                    [
                        0.03858597025908562,
                        0.6450646818794636,
                        0.3936879608100434,
                        1.363105937829067,
                        0.0,
                        2.071007621849653
                    ]
                ]
            },
            "est_tgt": [
                0,
                4
            ]
        },
        "5": {
            "intv_type": "do",
            "inode": 5,
            "new_mui": 10.0,
            "true_params": {
                "Si": [
                    [
                        1.0,
                        -0.7507888044459083,
                        0.31968709482626917,
                        0.02939366160307444,
                        -0.5847281923673072,
                        0.0
                    ],
                    [
                        -0.7507888044459083,
                        1.5636838288813164,
                        0.33615708017177376,
                        0.8540837544687769,
                        0.33866439697083073,
                        0.0
                    ],
                    [
                        0.31968709482626917,
                        0.33615708017177376,
                        1.4341769758947425,
                        0.5142133852667963,
                        -0.24474513264292075,
                        0.0
                    ],
                    [
                        0.02939366160307444,
                        0.8540837544687769,
                        0.5142133852667963,
                        1.768506641289782,
                        -1.0656176135668785,
                        0.0
                    ],
                    [
                        -0.5847281923673072,
                        0.33866439697083073,
                        -0.24474513264292075,
                        -1.0656176135668785,
                        2.2745640442681045,
                        0.0
                    ],
                    [
                        0.0,
                        0.0,
                        0.0,
                        0.0,
                        0.0,
                        0.0
                    ]
                ],
                "mui": [
                    0.5,
                    0.12460559777704583,
                    0.9479308333597216,
                    0.9527729240625555,
                    -0.3227928812112979,
                    10.0
                ],
                "Ai": [
                    [
                        0.0,
                        0.0,
                        0.0,
                        0.0,
                        0.0,
                        0.0
                    ],
                    [
                        -0.7507888044459083,
                        0.0,
                        0.0,
                        0.0,
                        0.0,
                        0.0
                    ],
                    [
                        0.7522725128100785,
                        0.5761745718931741,
                        0.0,
                        0.0,
                        0.0,
                        0.0
                    ],
                    [
                        0.6871989142346229,
                        0.8761521865220367,
                        -0.0,
                        0.0,
                        0.0,
                        0.0
                    ],
                    [
                        0.0,
                        0.7412139716921542,
                        -0.0,
                        -0.9605145865528517,
                        0.0,
                        0.0
                    ],
                    [
                        0.0,
                        0.0,
                        0.0,
                        0.0,
                        0.0,
                        0.0
                    ]
                ]
            },
            "est_params": {
                "mui": [
                    0.5099625800505329,
                    0.12181916101159623,
                    0.967366779789736,
                    0.953732285880193,
                    -0.3226017698024714,
                    9.999999999999979
                ],
                "Si": [
                    [
                        1.0029532659182965,
                        -0.7377337953307642,
                        0.3299962770595627,
                        0.03405062050400332,
                        -0.5729993519810193,
                        8.925670669987952e-26
                    ],
                    [
                        -0.7377337953307642,
                        1.5233048587059763,
                        0.33639139188065914,
                        0.8336241102043941,
                        0.31212940979784787,
                        -6.235732548831811e-25
                    ],
                    [
                        0.3299962770595627,
                        0.33639139188065914,
                        1.4203758688529506,
                        0.5134789975466875,
                        -0.2515211303534511,
                        -2.356700420229545e-25
                    ],
                    [
                        0.034050620504003315,
                        0.8336241102043941,
                        0.5134789975466875,
                        1.7496050785033983,
                        -1.0529406837050617,
                        -5.819047738548191e-25
                    ],
                    [
                        -0.5729993519810193,
                        0.31212940979784787,
                        -0.2515211303534511,
                        -1.0529406837050617,
                        2.241635534252711,
                        8.739386104351039e-26
                    ],
                    [
                        8.92567390564916e-26,
                        -6.235732063482629e-25,
                        -2.356699341675809e-25,
                        -5.8190470914159495e-25,
                        8.739381790136095e-26,
                        1e-06
                    ]
                ]
            },
            "est_tgt": [
                5
            ]
        },
        "obs": {
            "intv_type": "obs",
            "true_params": {
                "Si": [
                    [
                        1.0,
                        -0.7507888044459083,
                        0.31968709482626917,
                        0.02939366160307444,
                        -0.5847281923673072,
                        0.42007454921296783
                    ],
                    [
                        -0.7507888044459083,
                        1.5636838288813164,
                        0.33615708017177376,
                        0.8540837544687769,
                        0.33866439697083073,
                        0.42038817115996363
                    ],
                    [
                        0.31968709482626917,
                        0.33615708017177376,
                        1.4341769758947425,
                        0.5142133852667963,
                        -0.24474513264292075,
                        0.5582275112510467
                    ],
                    [
                        0.02939366160307444,
                        0.8540837544687769,
                        0.5142133852667963,
                        1.768506641289782,
                        -1.0656176135668785,
                        2.0721443780483355
                    ],
                    [
                        -0.5847281923673072,
                        0.33866439697083073,
                        -0.24474513264292075,
                        -1.0656176135668785,
                        2.2745640442681045,
                        -2.3588378915248907
                    ],
                    [
                        0.42007454921296783,
                        0.42038817115996363,
                        0.5582275112510467,
                        2.0721443780483355,
                        -2.3588378915248907,
                        4.1830155584041915
                    ]
                ],
                "mui": [
                    0.5,
                    0.12460559777704583,
                    0.9479308333597216,
                    0.9527729240625555,
                    -0.3227928812112979,
                    1.445442500286308
                ],
                "Ai": [
                    [
                        0.0,
                        0.0,
                        0.0,
                        0.0,
                        0.0,
                        0.0
                    ],
                    [
                        -0.7507888044459083,
                        0.0,
                        0.0,
                        0.0,
                        0.0,
                        0.0
                    ],
                    [
                        0.7522725128100785,
                        0.5761745718931741,
                        0.0,
                        0.0,
                        0.0,
                        0.0
                    ],
                    [
                        0.6871989142346229,
                        0.8761521865220367,
                        -0.0,
                        0.0,
                        0.0,
                        0.0
                    ],
                    [
                        0.0,
                        0.7412139716921542,
                        -0.0,
                        -0.9605145865528517,
                        0.0,
                        0.0
                    ],
                    [
                        -0.0,
                        -0.0,
                        -0.0,
                        0.7618894589391234,
                        -0.6801105769638558,
                        0.0
                    ]
                ]
            },
            "est_params": {
                "mui": [
                    0.5250881688069728,
                    0.1125824506553514,
                    0.9594586902085378,
                    0.9481338296580882,
                    -0.3152135232240569,
                    1.4069180310511902
                ],
                "Si": [
                    [
                        1.0201618560859074,
                        -0.7573592597126186,
                        0.3483102045321241,
                        0.018073249483854904,
                        -0.5885233659510835,
                        0.4043993471043919
                    ],
                    [
                        -0.7573592597126186,
                        1.5563858907100874,
                        0.3149483490755202,
                        0.8704708530715378,
