{
    "expt_args": {
        "save_dir": "expt_logs_29.04.24-9",
        "exp_name": "136",
        "num_nodes": 8,
        "obs_noise_mean": 0.5,
        "obs_noise_var": 1.0,
        "max_edge_strength": 1.0,
        "num_parents": 2,
        "new_noise_mean": 10.0,
        "mix_samples": 1024,
        "stage2_samples": 1024,
        "intv_targets": [
            0,
            1,
            2,
            3,
            4,
            5,
            6,
            7
        ]
    },
    "intv_args_dict": {
        "0": {
            "intv_type": "do",
            "inode": 0,
            "new_mui": 10.0,
            "true_params": {
                "Si": [
                    [
                        0.0,
                        0.0,
                        0.0,
                        0.0,
                        0.0,
                        0.0,
                        0.0,
                        0.0
                    ],
                    [
                        0.0,
                        1.0,
                        -0.7900289730508867,
                        0.18695036518081454,
                        -0.17980959655917036,
                        0.15140953679708632,
                        0.11606697519928527,
                        -1.044387886526474
                    ],
                    [
                        0.0,
                        -0.7900289730508867,
                        1.6241457782598387,
                        0.5043339968870432,
                        -0.48507042189313365,
                        0.40845588499297986,
                        0.3131126352827904,
                        0.20165622104991288
                    ],
                    [
                        0.0,
                        0.18695036518081454,
                        0.5043339968870432,
                        1.4600938232340335,
                        -1.4043239821453464,
                        1.1825177727913794,
                        0.9064901981123576,
                        -1.5579034578588822
                    ],
                    [
                        0.0,
                        -0.17980959655917036,
                        -0.48507042189313365,
                        -1.4043239821453464,
                        2.3506843296278075,
                        -1.9794050613310485,
                        -0.8718658380248652,
                        2.492522061484584
                    ],
                    [
                        0.0,
                        0.15140953679708632,
                        0.40845588499297986,
                        1.1825177727913794,
                        -1.9794050613310485,
                        2.6667675652746325,
                        0.7341588280640399,
                        -2.0988402065721252
                    ],
                    [
                        0.0,
                        0.11606697519928527,
                        0.3131126352827904,
                        0.9064901981123576,
                        -0.8718658380248652,
                        0.7341588280640399,
                        1.5627888195935955,
                        -0.9672147033855812
                    ],
                    [
                        0.0,
                        -1.044387886526474,
                        0.20165622104991288,
                        -1.5579034578588822,
                        2.492522061484584,
                        -2.0988402065721252,
                        -0.9672147033855812,
                        4.38193544889228
                    ]
                ],
                "mui": [
                    10.0,
                    -9.288562829975879,
                    14.962392549983052,
                    3.7346815862170546,
                    -8.26987693552793,
                    -0.6405439180750121,
                    11.86693364812691,
                    0.3192167069511991
                ],
                "Ai": [
                    [
                        0.0,
                        0.0,
                        0.0,
                        0.0,
                        0.0,
                        0.0,
                        0.0,
                        0.0
                    ],
                    [
                        -0.9788562829975879,
                        0.0,
                        0.0,
                        0.0,
                        0.0,
                        0.0,
                        0.0,
                        0.0
                    ],
                    [
                        0.7124158796298572,
                        -0.7900289730508867,
                        0.0,
                        0.0,
                        0.0,
                        0.0,
                        0.0,
                        0.0
                    ],
                    [
                        0.0,
                        0.7020731159878748,
                        0.6520302019023303,
                        0.0,
                        0.0,
                        0.0,
                        0.0,
                        0.0
                    ],
                    [
                        -0.517784549635337,
                        -0.0,
                        0.0,
                        -0.9618039332806985,
                        0.0,
                        0.0,
                        0.0,
                        0.0
                    ],
                    [
                        -0.8104233621728554,
                        -0.0,
                        0.0,
                        0.0,
                        -0.8420548162859686,
                        0.0,
                        0.0,
                        0.0
                    ],
                    [
                        0.9048279738970669,
                        0.0,
                        0.0,
                        0.6208438003692995,
                        -0.0,
                        -0.0,
                        0.0,
                        0.0
                    ],
                    [
                        -0.0,
                        -0.8656347813825944,
                        0.0,
                        0.0,
                        0.9941243880443105,
                        -0.0,
                        -0.0,
                        0.0
                    ]
                ]
            },
            "est_params": {
                "mui": [
                    10.0,
                    -9.303655938650495,
                    15.091710507291284,
                    3.8131048712470648,
                    -8.564882957457927,
                    -0.49363888546345036,
                    11.875258762239909,
                    0.15910595543592912
                ],
                "Si": [
                    [
                        1e-06,
                        0.0,
                        0.0,
                        0.0,
                        0.0,
                        0.0,
                        0.0,
                        0.0
                    ],
                    [
                        0.0,
                        1.0530154314812812,
                        -0.9267397361259785,
                        0.19674546374487575,
                        -0.3010532932773843,
                        0.33746729638582684,
                        0.16824466145354344,
                        -1.073648697890104
                    ],
                    [
                        0.0,
                        -0.9267397361259785,
                        1.848489967919936,
                        0.4871831020868464,
                        -0.3558359868209602,
                        0.3446422004377757,
                        0.25005034086505634,
                        0.3312265438829849
                    ],
                    [
                        0.0,
                        0.19674546374487575,
                        0.4871831020868464,
                        1.210068169613403,
                        -1.1397842372730362,
                        1.0260579792271738,
                        0.8564076741245467,
                        -1.2393224892809793
                    ],
                    [
                        0.0,
                        -0.3010532932773843,
                        -0.3558359868209602,
                        -1.1397842372730362,
                        2.181088352736013,
                        -1.9081873778919385,
                        -0.8291349727224098,
                        2.302362126449719
                    ],
                    [
                        0.0,
                        0.33746729638582684,
                        0.3446422004377757,
                        1.0260579792271738,
                        -1.9081873778919385,
                        2.5730584227041366,
                        0.5855649009120382,
                        -1.9792706564128233
                    ],
                    [
                        0.0,
                        0.16824466145354344,
                        0.25005034086505634,
                        0.8564076741245467,
                        -0.8291349727224098,
                        0.5855649009120382,
                        1.7161261754966108,
                        -0.9546803237641305
                    ],
                    [
                        0.0,
                        -1.073648697890104,
                        0.3312265438829849,
                        -1.2393224892809793,
                        2.302362126449719,
                        -1.9792706564128233,
                        -0.9546803237641305,
                        3.8823301776541426
                    ]
                ]
            },
            "est_tgt": [
                0,
                4
            ]
        },
        "1": {
            "intv_type": "do",
            "inode": 1,
            "new_mui": 10.0,
            "true_params": {
                "Si": [
                    [
                        1.0,
                        0.0,
                        0.7124158796298572,
                        0.464516669833482,
                        -0.9645585097556316,
                        0.00178777655649065,
                        1.193220268531377,
                        -0.9588911382437494
                    ],
                    [
                        0.0,
                        0.0,
                        0.0,
                        0.0,
                        0.0,
                        0.0,
                        0.0,
                        0.0
                    ],
                    [
                        0.7124158796298572,
                        0.0,
                        1.507536385548783,
                        0.9829592538444824,
                        -1.3142920119894916,
                        0.5293474462669663,
                        1.2548779757025599,
                        -1.306569742130579
                    ],
                    [
                        0.464516669833482,
                        0.0,
                        0.9829592538444824,
                        1.640919120745982,
                        -1.8187620192168268,
                        1.1550421566077336,
                        1.439062140229427,
                        -1.8080756793521622
                    ],
                    [
                        -0.9645585097556316,
                        0.0,
                        -1.3142920119894916,
                        -1.8187620192168268,
                        3.248725957355041,
                        -1.9539045886954582,
                        -2.001926646065278,
                        3.229637704279247
                    ],
                    [
                        0.00178777655649065,
                        0.0,
                        0.5293474462669663,
                        1.1550421566077336,
                        -1.9539045886954582,
                        2.6438459135865404,
                        0.7187183923344871,
                        -1.9424242035338426
                    ],
                    [
                        1.193220268531377,
                        0.0,
                        1.2548779757025599,
                        1.439062140229427,
                        -2.001926646065278,
                        0.7187183923344871,
                        2.9730918860957756,
                        -1.9901641019292435
                    ],
                    [
                        -0.9588911382437494,
                        0.0,
                        -1.306569742130579,
                        -1.8080756793521622,
                        3.229637704279247,
                        -1.9424242035338426,
                        -1.9901641019292435,
                        4.210661606371438
                    ]
                ],
                "mui": [
                    0.5,
                    10.0,
                    -7.044081790693938,
                    2.927777087676051,
                    -2.574839793513603,
                    2.262944568206471,
                    2.7701062406954935,
                    -10.716058847864794
                ],
                "Ai": [
                    [
                        0.0,
                        0.0,
                        0.0,
                        0.0,
                        0.0,
                        0.0,
                        0.0,
                        0.0
                    ],
                    [
                        0.0,
                        0.0,
                        0.0,
                        0.0,
                        0.0,
                        0.0,
                        0.0,
                        0.0
                    ],
                    [
                        0.7124158796298572,
                        -0.7900289730508867,
                        0.0,
                        0.0,
                        0.0,
                        0.0,
                        0.0,
                        0.0
                    ],
                    [
                        0.0,
                        0.7020731159878748,
                        0.6520302019023303,
                        0.0,
                        0.0,
                        0.0,
                        0.0,
                        0.0
                    ],
                    [
                        -0.517784549635337,
                        -0.0,
                        0.0,
                        -0.9618039332806985,
                        0.0,
                        0.0,
                        0.0,
                        0.0
                    ],
                    [
                        -0.8104233621728554,
                        -0.0,
                        0.0,
                        0.0,
                        -0.8420548162859686,
                        0.0,
                        0.0,
                        0.0
                    ],
                    [
                        0.9048279738970669,
                        0.0,
                        0.0,
                        0.6208438003692995,
                        -0.0,
                        -0.0,
                        0.0,
                        0.0
                    ],
                    [
                        -0.0,
                        -0.8656347813825944,
                        0.0,
                        0.0,
                        0.9941243880443105,
                        -0.0,
                        -0.0,
                        0.0
                    ]
                ]
            },
            "est_params": {
                "mui": [
                    0.5436569798329906,
                    10.000000000000002,
                    -7.148114088821923,
                    2.8483348191052205,
                    -2.5700795979364637,
                    2.1619665303955284,
                    2.6974896588003996,
                    -10.79923703413138
                ],
                "Si": [
                    [
                        1.1319490281111548,
                        6.632016459822666e-32,
                        0.8938413170644712,
                        0.6973469088461272,
                        -1.2080028083814969,
                        0.010968547133980792,
                        1.4213348157016987,
                        -1.1843426288709002
                    ],
                    [
                        6.632016459822666e-32,
                        1e-06,
                        2.1362074070586693e-30,
                        2.687711933717607e-31,
                        -1.2635736623451607e-30,
                        1.7382864194693093e-30,
                        1.4276288063513003e-30,
                        -8.93576954586633e-30
                    ],
                    [
                        0.8938413170644712,
                        2.1362074070586693e-30,
                        1.8349816226233118,
                        1.2753096753524398,
                        -1.6703790918067996,
                        0.4967401495521658,
                        1.5309984604166222,
                        -1.6708152421332785
                    ],
                    [
                        0.6973469088461272,
                        2.687711933717607e-31,
                        1.2753096753524398,
                        1.916850098197184,
                        -2.220382783298941,
                        1.2747892154238627,
                        1.7625292924066578,
                        -2.0689670189114606
                    ],
                    [
                        -1.2080028083814969,
                        -1.2635736623451607e-30,
                        -1.6703790918067996,
                        -2.220382783298941,
                        3.9624207303687187,
                        -2.1366670678171777,
                        -2.337257397404929,
                        3.720068122928374
                    ],
                    [
                        0.010968547133980792,
                        1.7382864194693093e-30,
                        0.4967401495521658,
                        1.2747892154238627,
                        -2.1366670678171777,
                        2.685680144593995,
                        0.9033202542278058,
                        -2.0026759876279523
                    ],
                    [
                        1.4213348157016987,
                        1.4276288063513003e-30,
                        1.5309984604166222,
                        1.7625292924066578,
                        -2.337257397404929,
                        0.9033202542278058,
                        3.306922150053927,
                        -2.2300920243255646
                    ],
                    [
                        -1.1843426288709002,
                        -8.93576954586633e-30,
                        -1.6708152421332785,
                        -2.0689670189114606,
                        3.720068122928374,
                        -2.0026759876279523,
                        -2.2300920243255646,
                        4.548874912611806
                    ]
                ]
            },
            "est_tgt": [
                1,
                2
            ]
        },
        "2": {
            "intv_type": "do",
            "inode": 2,
            "new_mui": 10.0,
            "true_params": {
                "Si": [
                    [
                        1.0,
                        -0.9788562829975879,
                        0.0,
                        -0.6872286807084255,
                        0.14319469853333183,
                        -0.9310011477394647,
                        0.47816630804326815,
                        0.989685386588234
                    ],
                    [
                        -0.9788562829975879,
                        1.9581596227638538,
                        0.0,
                        1.3747712279554603,
                        -0.8154237147590713,
                        1.479919466277601,
                        -0.032178353478884814,
                        -2.5056836783950924
                    ],
                    [
                        0.0,
                        0.0,
                        0.0,
                        0.0,
                        0.0,
                        0.0,
                        0.0,
                        0.0
                    ],
                    [
                        -0.6872286807084255,
                        1.3747712279554603,
                        0.0,
                        1.9651899197811669,
                        -1.5342910015520077,
                        1.8489033054424284,
                        0.5982522434750196,
                        -2.7153258943620875
                    ],
                    [
                        0.14319469853333183,
                        -0.8154237147590713,
                        0.0,
                        -1.5342910015520077,
                        2.401543117599654,
                        -2.13827927772392,
                        -0.8229884873292513,
                        3.093291711205433
                    ],
                    [
                        -0.9310011477394647,
                        1.479919466277601,
                        0.0,
                        1.8489033054424284,
                        -2.13827927772392,
                        3.5550534447097135,
                        0.30548427246129334,
                        -3.406785342090179
                    ],
                    [
                        0.47816630804326815,
                        -0.032178353478884814,
                        0.0,
                        0.5982522434750196,
                        -0.8229884873292513,
                        0.30548427246129334,
                        1.8040794481111218,
                        -0.7902982243547584
                    ],
                    [
                        0.989685386588234,
                        -2.5056836783950924,
                        0.0,
                        -2.7153258943620875,
                        3.093291711205433,
                        -3.406785342090179,
                        -0.7902982243547584,
                        6.24412367260611
                    ]
                ],
                "mui": [
                    0.5,
                    0.010571858501206066,
                    10.0,
                    7.027724236663028,
                    -6.518185087652263,
                    5.583457465414538,
                    5.315533009985843,
                    -5.989038129844356
                ],
                "Ai": [
                    [
                        0.0,
                        0.0,
                        0.0,
                        0.0,
                        0.0,
                        0.0,
                        0.0,
                        0.0
                    ],
                    [
                        -0.9788562829975879,
                        0.0,
                        0.0,
                        0.0,
                        0.0,
                        0.0,
                        0.0,
                        0.0
                    ],
                    [
                        0.0,
                        0.0,
                        0.0,
                        0.0,
                        0.0,
                        0.0,
                        0.0,
                        0.0
                    ],
                    [
                        0.0,
                        0.7020731159878748,
                        0.6520302019023303,
                        0.0,
                        0.0,
                        0.0,
                        0.0,
                        0.0
                    ],
                    [
                        -0.517784549635337,
                        -0.0,
                        0.0,
                        -0.9618039332806985,
                        0.0,
                        0.0,
                        0.0,
                        0.0
                    ],
                    [
                        -0.8104233621728554,
                        -0.0,
                        0.0,
                        0.0,
                        -0.8420548162859686,
                        0.0,
                        0.0,
                        0.0
                    ],
                    [
                        0.9048279738970669,
                        0.0,
                        0.0,
                        0.6208438003692995,
                        -0.0,
                        -0.0,
                        0.0,
                        0.0
                    ],
                    [
                        -0.0,
                        -0.8656347813825944,
                        0.0,
                        0.0,
                        0.9941243880443105,
                        -0.0,
                        -0.0,
                        0.0
                    ]
                ]
            },
            "est_params": {
                "mui": [
                    0.5937168708512461,
                    -0.09791365247427551,
                    9.999999999999998,
                    7.0211099676311886,
                    -6.429393790153586,
                    5.449837824004026,
                    5.455950015946067,
                    -5.800529371090821
                ],
                "Si": [
                    [
                        0.9437285715025435,
                        -0.86246000339294,
                        4.607506172147522e-31,
                        -0.492810495341774,
                        0.07292730078731793,
                        -0.7886912487287191,
                        0.5177798945203139,
                        0.7376833982487058
                    ],
                    [
                        -0.86246000339294,
                        1.8382005504041543,
                        -9.773497940918987e-32,
                        1.0893975777921623,
                        -0.7145288368488746,
                        1.2795120040200043,
                        -0.19453570420549196,
                        -2.1561253926777786
                    ],
                    [
                        4.467884772991537e-31,
                        -6.981069957799276e-32,
                        1e-06,
                        1.5463069956525397e-30,
                        -5.026370369615479e-31,
                        -6.492395060753327e-31,
                        -8.09804115104716e-31,
                        3.029784361684886e-30
                    ],
                    [
                        -0.492810495341774,
                        1.0893975777921623,
                        1.591683950378235e-30,
                        1.4190877661801677,
                        -1.1646431560164818,
                        1.4212764875227917,
                        0.3724656458798219,
                        -2.099537810246863
                    ],
                    [
                        0.07292730078731793,
                        -0.7145288368488746,
                        -4.328263373835551e-31,
                        -1.1646431560164818,
                        2.090833373006008,
                        -1.8232670190520903,
                        -0.6035764390696748,
                        2.5737269551077215
                    ],
                    [
                        -0.7886912487287191,
                        1.2795120040200043,
                        -6.213152262441356e-31,
                        1.421276487522792,
                        -1.8232670190520903,
                        3.2160294871480777,
                        0.2908951223814884,
                        -2.8771936036675125
                    ],
                    [
                        0.517779894520314,
                        -0.19453570420549202,
                        -8.377283949359132e-31,
                        0.37246564587982184,
                        -0.6035764390696748,
                        0.2908951223814884,
                        1.6105969870885313,
                        -0.5986954648478914
                    ],
                    [
                        0.7376833982487058,
                        -2.1561253926777786,
                        3.029784361684886e-30,
                        -2.099537810246863,
                        2.5737269551077215,
                        -2.8771936036675125,
                        -0.5986954648478914,
                        5.180898380578018
                    ]
                ]
            },
            "est_tgt": [
                1,
                2
            ]
        },
        "3": {
            "intv_type": "do",
            "inode": 3,
            "new_mui": 10.0,
            "true_params": {
                "Si": [
                    [
                        1.0,
                        -0.9788562829975879,
                        1.4857407036508496,
                        0.0,
                        -0.517784549635337,
                        -0.3744203883539587,
                        0.9048279738970669,
                        0.33258979599256755
                    ],
                    [
                        -0.9788562829975879,
                        1.9581596227638538,
                        -2.244355595724778,
                        0.0,
                        0.5068366596496261,
                        0.36650374962266935,
                        -0.8856965472811213,
                        -1.1911923928508052
                    ],
                    [
                        1.4857407036508496,
                        -2.244355595724778,
                        3.8315712167447606,
                        0.0,
                        -0.769293581114744,
                        -0.556291611254235,
                        1.3443397506208008,
                        1.1780187548979097
                    ],
                    [
                        0.0,
                        0.0,
                        0.0,
                        0.0,
                        0.0,
                        0.0,
                        0.0,
                        0.0
                    ],
                    [
                        -0.517784549635337,
                        0.5068366596496261,
                        -0.769293581114744,
                        0.0,
                        1.2681008398410687,
                        -0.648185724127826,
                        -0.4685059449617473,
                        0.8219145303129902
                    ],
                    [
                        -0.3744203883539587,
                        0.36650374962266935,
                        -0.556291611254235,
                        0.0,
                        -0.648185724127826,
                        1.8492469408455254,
                        -0.3387860413800654,
                        -0.9616356295181538
                    ],
                    [
                        0.9048279738970669,
                        -0.8856965472811213,
                        1.3443397506208008,
                        0.0,
                        -0.4685059449617473,
                        -0.3387860413800654,
                        1.818713662346671,
                        0.30093655124679375
                    ],
                    [
                        0.33258979599256755,
                        -1.1911923928508052,
                        1.1780187548979097,
                        0.0,
                        0.8219145303129902,
                        -0.9616356295181538,
                        0.30093655124679375,
                        2.8482228460421446
                    ]
                ],
                "mui": [
                    0.5,
                    0.010571858501206066,
                    0.8478558652999814,
                    10.0,
                    -9.376931607624654,
                    7.990678741098042,
                    7.160851990641529,
                    -8.83098776458571
                ],
                "Ai": [
                    [
                        0.0,
                        0.0,
                        0.0,
                        0.0,
                        0.0,
                        0.0,
                        0.0,
                        0.0
                    ],
                    [
                        -0.9788562829975879,
                        0.0,
                        0.0,
                        0.0,
                        0.0,
                        0.0,
                        0.0,
                        0.0
                    ],
                    [
                        0.7124158796298572,
                        -0.7900289730508867,
                        0.0,
                        0.0,
                        0.0,
                        0.0,
                        0.0,
                        0.0
                    ],
                    [
                        0.0,
                        0.0,
                        0.0,
                        0.0,
                        0.0,
                        0.0,
                        0.0,
                        0.0
                    ],
                    [
                        -0.517784549635337,
                        -0.0,
                        0.0,
                        -0.9618039332806985,
                        0.0,
                        0.0,
                        0.0,
                        0.0
                    ],
                    [
                        -0.8104233621728554,
                        -0.0,
                        0.0,
                        0.0,
                        -0.8420548162859686,
                        0.0,
                        0.0,
                        0.0
                    ],
                    [
                        0.9048279738970669,
                        0.0,
                        0.0,
                        0.6208438003692995,
                        -0.0,
                        -0.0,
                        0.0,
                        0.0
                    ],
                    [
                        -0.0,
                        -0.8656347813825944,
                        0.0,
                        0.0,
                        0.9941243880443105,
                        -0.0,
                        -0.0,
                        0.0
                    ]
                ]
            },
            "est_params": {
                "mui": [
                    0.46820139430312135,
                    0.030889073633518883,
                    0.7122681229611805,
                    10.000000000000002,
                    -9.416894660069856,
                    7.975754511111989,
                    7.1739647049733355,
                    -9.124914047221523
                ],
                "Si": [
                    [
                        1.0517545908480652,
                        -0.9620224996808824,
                        1.387793823884348,
                        1.3962139915416412e-32,
                        -0.7395691106477711,
                        -0.35576483647867146,
                        0.9596401996044422,
                        0.12137082709601527
                    ],
                    [
                        -0.9620224996808824,
                        2.091867061991466,
                        -2.245697740173493,
                        0.0,
                        0.5775786057664005,
                        0.5660325413377876,
                        -0.8516733647300865,
                        -1.2513801881124893
                    ],
                    [
                        1.387793823884348,
                        -2.245697740173493,
                        3.6706415327728856,
                        -4.188641974624923e-32,
                        -0.7862706111684052,
                        -0.7481332418331367,
                        1.2582767018625123,
                        1.3092735731542149
                    ],
                    [
                        2.531963605113038e-32,
                        3.732895758518672e-32,
                        -1.0305622157408079e-31,
                        1e-06,
                        2.2244053914706433e-31,
                        -1.1629321347045556e-30,
                        4.995184651997312e-31,
                        -1.6587649789491704e-30
                    ],
                    [
                        -0.7395691106477711,
                        0.5775786057664005,
                        -0.7862706111684052,
                        2.251395061360896e-31,
                        1.8597863334006912,
                        -0.9179941949445701,
                        -0.6149117179699655,
                        1.2083146044220947
                    ],
                    [
                        -0.35576483647867146,
                        0.5660325413377876,
                        -0.7481332418331367,
                        -1.1763102878738326e-30,
                        -0.9179941949445701,
                        2.1098433741101252,
                        -0.3566943324793386,
                        -1.3914650377399063
                    ],
                    [
                        0.9596401996044422,
                        -0.8516733647300865,
                        1.2582767018625123,
                        5.026370369549908e-31,
                        -0.6149117179699655,
                        -0.3566943324793386,
                        2.079048113799198,
                        0.19881137603861762
                    ],
                    [
                        0.1213708270960153,
                        -1.2513801881124893,
                        1.3092735731542149,
                        -1.6614946499345528e-30,
                        1.2083146044220947,
                        -1.3914650377399065,
                        0.19881137603861762,
                        3.128182083580276
                    ]
                ]
            },
            "est_tgt": [
                3
            ]
        },
        "4": {
            "intv_type": "do",
            "inode": 4,
            "new_mui": 10.0,
            "true_params": {
                "Si": [
                    [
                        1.0,
                        -0.9788562829975879,
                        1.4857407036508496,
                        0.28151913026754827,
                        0.0,
                        -0.8104233621728554,
                        1.0796073806090314,
                        0.8473320445375959
                    ],
                    [
                        -0.9788562829975879,
                        1.9581596227638538,
                        -2.244355595724778,
                        -0.08861640426559148,
                        0.0,
                        0.7932879999509291,
                        -0.9407134924804332,
                        -1.6950510769634122
                    ],
                    [
                        1.4857407036508496,
                        -2.244355595724778,
                        3.8315712167447606,
                        0.9225984275819256,
