{
    "expt_args": {
        "save_dir": "all_expt_logs/expt_logs_sim_compsel_backward_cameraready_all_re",
        "exp_name": "160",
        "num_nodes": 8,
        "num_tgt_prior": 9,
        "obs_noise_mean": 0.0,
        "obs_noise_var": 1.0,
        "obs_noise_gamma_shape": null,
        "noise_type": "gaussian",
        "max_edge_strength": 1.0,
        "graph_sparsity_method": "adj_dense_prop",
        "adj_dense_prop": 0.8,
        "num_parents": null,
        "new_noise_mean": 1.0,
        "mix_samples": 65536,
        "stage2_samples": 65536,
        "gmm_tol": 0.001,
        "intv_type": "do",
        "new_noise_var": null,
        "dtype": "simulation",
        "cutoff_drop_ratio": 0.07,
        "intv_targets": [
            0,
            1,
            2,
            3,
            4,
            5,
            6,
            7
        ]
    },
    "intv_args_dict": {
        "0": {
            "intv_type": "do",
            "inode": 0,
            "new_mui": 1.0,
            "new_vari": null,
            "noise_type": "gaussian",
            "obs_noise_gamma_shape": null,
            "true_params": {
                "Si": [
                    [
                        1e-09,
                        6.395501172917196e-10,
                        2.8856965116141985e-10,
                        -3.264882555537581e-10,
                        -1.6663409868750431e-10,
                        6.989788743571908e-10,
                        -1.2968471040685603e-09,
                        -8.65372785476622e-10
                    ],
                    [
                        6.395501172917196e-10,
                        1.0000000004090244,
                        -0.6190866155933737,
                        -0.5104967489801551,
                        -1.2963692227797707,
                        2.2311238595661833,
                        -1.3078002448532142,
                        0.04420878880532688
                    ],
                    [
                        2.8856965116141985e-10,
                        -0.6190866155933737,
                        1.383268237918641,
                        0.31604170446827545,
                        0.8025648348153296,
                        -2.3760704961656165,
                        2.101688782852768,
                        0.7097348766343944
                    ],
                    [
                        -3.264882555537581e-10,
                        -0.5104967489801551,
                        0.31604170446827545,
                        1.2606069306127128,
                        1.5609437469741982,
                        -2.7665453968664093,
                        0.4646352982363562,
                        0.3975179521208825
                    ],
                    [
                        -1.6663409868750431e-10,
                        -1.2963692227797707,
                        0.8025648348153296,
                        1.5609437469741982,
                        3.4890465338874317,
                        -5.292525624591406,
                        1.3519047126538664,
                        0.1404899454984075
                    ],
                    [
                        6.989788743571908e-10,
                        2.2311238595661833,
                        -2.3760704961656165,
                        -2.7665453968664093,
                        -5.292525624591406,
                        10.494007688940302,
                        -4.309346648477067,
                        -1.8907715522731277
                    ],
                    [
                        -1.2968471040685603e-09,
                        -1.3078002448532142,
                        2.101688782852768,
                        0.4646352982363562,
                        1.3519047126538664,
                        -4.309346648477067,
                        4.7917711200591375,
                        1.2734065196893116
                    ],
                    [
                        -8.65372785476622e-10,
                        0.04420878880532688,
                        0.7097348766343944,
                        0.3975179521208825,
                        0.1404899454984075,
                        -1.8907715522731277,
                        1.2734065196893116,
                        2.3031249737888446
                    ]
                ],
                "mui": [
                    1.0,
                    0.6395501172917196,
                    0.28856965116141986,
                    -0.32648825555375804,
                    -0.1666340986875043,
                    0.6989788743571907,
                    -1.29684710406856,
                    -0.8653727854766219
                ],
                "Ai": [
                    [
                        0.0,
                        0.0,
                        0.0,
                        0.0,
                        0.0,
                        0.0,
                        0.0,
                        0.0
                    ],
                    [
                        0.6395501172917196,
                        0.0,
                        0.0,
                        0.0,
                        0.0,
                        0.0,
                        0.0,
                        0.0
                    ],
                    [
                        0.6845065688959278,
                        -0.6190866157779285,
                        0.0,
                        0.0,
                        0.0,
                        0.0,
                        0.0,
                        0.0
                    ],
                    [
                        0.0,
                        -0.5104967487713494,
                        -0.0,
                        0.0,
                        0.0,
                        0.0,
                        0.0,
                        0.0
                    ],
                    [
                        0.6624589897265161,
                        -0.837355318779142,
                        -0.0,
                        0.899151473537884,
                        0.0,
                        0.0,
                        0.0,
                        0.0
                    ],
                    [
                        0.5735694629757833,
                        0.0,
                        -0.9948115770438539,
                        -0.785293826361305,
                        -0.9367388241897774,
                        0.0,
                        0.0,
                        0.0
                    ],
                    [
                        -0.901364030763065,
                        -0.7463241206569717,
                        0.7077888920900579,
                        -0.519466743991342,
                        -0.7111181100085859,
                        -0.5873054530455393,
                        0.0,
                        0.0
                    ],
                    [
                        -0.8540237827533486,
                        0.5643353770949031,
                        0.0,
                        -0.0,
                        -0.8739954810740316,
                        -0.7409482998441074,
                        0.0,
                        0.0
                    ]
                ]
            },
            "est_params": {
                "mui": [
                    1.0000020072057616,
                    0.6582047618163532,
                    0.2779111723749813,
                    -0.35383963570418375,
                    -0.20437185858275955,
                    0.7507775637920675,
                    -1.2856808348028468,
                    -0.8649299455208457
                ],
                "Si": [
                    [
                        1.0122075701414172e-06,
                        5.289057227307898e-07,
                        -8.380700762630921e-07,
                        -1.964012958094002e-07,
                        -5.897044659174744e-07,
                        2.529825559756221e-06,
                        -9.495410229842667e-07,
                        -7.133818230839756e-07
                    ],
                    [
                        5.289057227307899e-07,
                        1.005810687412518,
                        -0.623299067137935,
                        -0.5165695456192373,
                        -1.3188413490042343,
                        2.232871531506977,
                        -1.3118110726493728,
                        0.05037241192429248
                    ],
                    [
                        -8.380700762630922e-07,
                        -0.6232990671379351,
                        1.3926840661783524,
                        0.3142199879190829,
                        0.803779942459791,
                        -2.360961462895675,
                        2.0970854989706944,
                        0.7106900654608682
                    ],
                    [
                        -1.9640129580940033e-07,
                        -0.5165695456192375,
                        0.31421998791908284,
                        1.2569882228074118,
                        1.5624210035902242,
                        -2.7355987878417762,
                        0.4646322067392415,
                        0.3797820964241819
                    ],
                    [
                        -5.897044659174744e-07,
                        -1.3188413490042343,
                        0.803779942459791,
                        1.562421003590224,
                        3.5124508897611095,
                        -5.257238889682276,
                        1.3539676057858623,
                        0.09512377429940587
                    ],
                    [
                        2.5298255597562204e-06,
                        2.232871531506977,
                        -2.360961462895675,
                        -2.7355987878417762,
                        -5.257238889682276,
                        10.286514146595223,
                        -4.244119216682782,
                        -1.803602087694223
                    ],
                    [
                        -9.495410229842671e-07,
                        -1.311811072649373,
                        2.0970854989706944,
                        0.4646322067392415,
                        1.3539676057858623,
                        -4.244119216682783,
                        4.745462226666563,
                        1.248527751892936
                    ],
                    [
                        -7.13381823083976e-07,
                        0.05037241192429249,
                        0.7106900654608681,
                        0.3797820964241819,
                        0.09512377429940591,
                        -1.803602087694223,
                        1.2485277518929363,
                        2.290435385334925
                    ]
                ]
            },
            "est_tgt": [
                0
            ],
            "oracle_est_tgt": [
                0
            ]
        },
        "1": {
            "intv_type": "do",
            "inode": 1,
            "new_mui": 1.0,
            "new_vari": null,
            "noise_type": "gaussian",
            "obs_noise_gamma_shape": null,
            "true_params": {
                "Si": [
                    [
                        1.0,
                        0.0,
                        0.6845065688959278,
                        0.0,
                        0.6624589897265161,
                        -0.7279366514348166,
                        -0.4604433046089891,
                        -0.8936465218963519
                    ],
                    [
                        0.0,
                        1e-09,
                        -6.190866157779285e-10,
                        -5.104967487713495e-10,
                        -1.2963692226732e-09,
                        2.2311238591191514e-09,
                        -1.3078002440238155e-09,
                        4.420878935877615e-11
                    ],
                    [
                        0.6845065688959278,
                        -6.190866157779285e-10,
                        1.4685492432449436,
                        3.160417045624901e-10,
                        0.453457530894525,
                        -1.49308899807235,
                        0.9768706902413858,
                        0.1253970321394583
                    ],
                    [
                        0.0,
                        -5.104967487713495e-10,
                        3.1604170456249013e-10,
                        1.0000000002606069,
                        0.8991514741996763,
                        -1.6275639215906696,
                        -0.2029924741359566,
                        0.4200863950505526
                    ],
                    [
                        0.6624589897265161,
                        -1.2963692226732e-09,
                        0.453457530894525,
                        0.8991514741996763,
                        2.2473252871153977,
                        -2.88239350312778,
                        -0.6485120780214251,
                        -0.39420331287481636
                    ],
                    [
                        -0.7279366514348166,
                        2.2311238591191514e-09,
                        -1.49308899807235,
                        -1.6275639215906696,
                        -2.88239350312778,
                        6.045985787201042,
                        -1.0563087657524308,
                        -1.3388887795751527
                    ],
                    [
                        -0.4604433046089891,
                        -1.3078002440238155e-09,
                        0.9768706902413858,
                        -0.2029924741359566,
                        -0.6485120780214251,
                        -1.0563087657524308,
                        3.2934376785781616,
                        1.7426963417149297
                    ],
                    [
                        -0.8936465218963519,
                        4.420878935877615e-11,
                        0.1253970321394583,
                        0.4200863950505526,
                        -0.39420331287481636,
                        -1.3388887795751527,
                        1.7426963417149297,
                        3.0997746620828073
                    ]
                ],
                "mui": [
                    0.0,
                    1.0,
                    -0.6190866157779285,
                    -0.5104967487713494,
                    -1.2963692226732,
                    2.231123859119151,
                    -1.3078002440238155,
                    0.044208789358776146
                ],
                "Ai": [
                    [
                        0.0,
                        0.0,
                        0.0,
                        0.0,
                        0.0,
                        0.0,
                        0.0,
                        0.0
                    ],
                    [
                        0.0,
                        0.0,
                        0.0,
                        0.0,
                        0.0,
                        0.0,
                        0.0,
                        0.0
                    ],
                    [
                        0.6845065688959278,
                        -0.6190866157779285,
                        0.0,
                        0.0,
                        0.0,
                        0.0,
                        0.0,
                        0.0
                    ],
                    [
                        0.0,
                        -0.5104967487713494,
                        -0.0,
                        0.0,
                        0.0,
                        0.0,
                        0.0,
                        0.0
                    ],
                    [
                        0.6624589897265161,
                        -0.837355318779142,
                        -0.0,
                        0.899151473537884,
                        0.0,
                        0.0,
                        0.0,
                        0.0
                    ],
                    [
                        0.5735694629757833,
                        0.0,
                        -0.9948115770438539,
                        -0.785293826361305,
                        -0.9367388241897774,
                        0.0,
                        0.0,
                        0.0
                    ],
                    [
                        -0.901364030763065,
                        -0.7463241206569717,
                        0.7077888920900579,
                        -0.519466743991342,
                        -0.7111181100085859,
                        -0.5873054530455393,
                        0.0,
                        0.0
                    ],
                    [
                        -0.8540237827533486,
                        0.5643353770949031,
                        0.0,
                        -0.0,
                        -0.8739954810740316,
                        -0.7409482998441074,
                        0.0,
                        0.0
                    ]
                ]
            },
            "est_params": {
                "mui": [
                    0.02236178272557662,
                    0.9999989716824816,
                    -0.601281330031454,
                    -0.510229947666969,
                    -1.2704606100275537,
                    2.2171276282133237,
                    -1.3292019023563066,
                    0.012162760043615528
                ],
                "Si": [
                    [
                        1.0002385696633473,
                        1.5596411963540206e-08,
                        0.6835016904976735,
                        0.008155796634430477,
                        0.6668389304326742,
                        -0.7269017302847149,
                        -0.46310937300574484,
                        -0.9116009512921731
                    ],
                    [
                        1.5596411963540266e-08,
                        1.0112089764506574e-06,
                        -2.1537576884674092e-07,
                        -1.3022344201277969e-06,
                        2.322798844455305e-06,
                        3.83140326598238e-07,
                        -1.9285313571181105e-07,
                        -6.088029893144312e-07
                    ],
                    [
                        0.6835016904976735,
                        -2.1537576884674034e-07,
                        1.4329696097126645,
                        0.00305404593013083,
                        0.44497582360800897,
                        -1.4475062775588539,
                        0.9233279105483787,
                        0.09562108781758312
                    ],
                    [
                        0.00815579663443047,
                        -1.302234420127797e-06,
                        0.0030540459301308313,
                        0.9885087398575899,
                        0.8903617079559021,
                        -1.5920071146136776,
                        -0.20374443134022524,
                        0.39083909350517954
                    ],
                    [
                        0.6668389304326742,
                        2.3227988444553044e-06,
                        0.44497582360800897,
                        0.8903617079559021,
                        2.2424458442516078,
                        -2.858899592372067,
                        -0.6496876654606404,
                        -0.42241433279893165
                    ],
                    [
                        -0.7269017302847149,
                        3.8314032659823787e-07,
                        -1.447506277558854,
                        -1.5920071146136776,
                        -2.8588995923720666,
                        5.936137197089511,
                        -0.9893324531453664,
                        -1.2761832459314768
                    ],
                    [
                        -0.46310937300574484,
                        -1.9285313571181128e-07,
                        0.9233279105483787,
                        -0.20374443134022524,
                        -0.6496876654606404,
                        -0.9893324531453664,
                        3.1883441607966265,
                        1.7221401028078454
                    ],
                    [
                        -0.9116009512921731,
                        -6.08802989314431e-07,
                        0.09562108781758312,
                        0.39083909350517954,
                        -0.42241433279893154,
                        -1.2761832459314768,
                        1.7221401028078454,
                        3.107338388574487
                    ]
                ]
            },
            "est_tgt": [
                1
            ],
            "oracle_est_tgt": [
                1
            ]
        },
        "2": {
            "intv_type": "do",
            "inode": 2,
            "new_mui": 1.0,
            "new_vari": null,
            "noise_type": "gaussian",
            "obs_noise_gamma_shape": null,
            "true_params": {
                "Si": [
                    [
                        1.0,
                        0.6395501172917196,
                        0.0,
                        -0.32648825555375804,
                        -0.1666340986875043,
                        0.9860513041160777,
                        -1.6696927011713427,
                        -1.078078614238586
                    ],
                    [
                        0.6395501172917196,
                        1.4090243525278523,
                        0.0,
                        -0.7193023509051243,
                        -1.4029400800335934,
                        2.2458785537534585,
                        -1.5757633056403135,
                        -0.18894532700308186
                    ],
                    [
                        0.0,
                        0.0,
                        1e-09,
                        0.0,
                        0.0,
                        -9.94811577043854e-10,
                        1.292047156040746e-09,
                        7.371039466758788e-10
                    ],
                    [
                        -0.32648825555375804,
                        -0.7193023509051243,
                        0.0,
                        1.3672015115206544,
                        1.6153478231160503,
                        -2.774077620278129,
                        0.6014295695589897,
                        0.5165423702037338
                    ],
                    [
                        -0.1666340986875043,
                        -1.4029400800335934,
                        0.0,
                        1.6153478231160503,
                        3.5168134567050617,
                        -4.65843460574554,
                        0.5931808383589722,
                        -0.27143910368897073
                    ],
                    [
                        0.9860513041160777,
                        2.2458785537534585,
                        -9.94811577043854e-10,
                        -2.774077620278129,
                        -4.65843460574554,
                        8.1077715021606,
                        -2.5729446492984165,
                        -1.5106712599381837
                    ],
                    [
                        -1.6696927011713427,
                        -1.5757633056403135,
                        1.292047156040746e-09,
                        0.6014295695589897,
                        0.5931808383589722,
                        -2.5729446492984165,
                        4.457891233634737,
                        1.924679888694377
                    ],
                    [
                        -1.078078614238586,
                        -0.18894532700308186,
                        7.371039466758788e-10,
                        0.5165423702037338,
                        -0.27143910368897073,
                        -1.5106712599381837,
                        1.924679888694377,
                        3.1706420955584202
                    ]
                ],
                "mui": [
                    0.0,
                    0.0,
                    1.0,
                    0.0,
                    0.0,
                    -0.9948115770438539,
                    1.2920471560407458,
                    0.7371039466758788
                ],
                "Ai": [
                    [
                        0.0,
                        0.0,
                        0.0,
                        0.0,
                        0.0,
                        0.0,
                        0.0,
                        0.0
                    ],
                    [
                        0.6395501172917196,
                        0.0,
                        0.0,
                        0.0,
                        0.0,
                        0.0,
                        0.0,
                        0.0
                    ],
                    [
                        0.0,
                        0.0,
                        0.0,
                        0.0,
                        0.0,
                        0.0,
                        0.0,
                        0.0
                    ],
                    [
                        0.0,
                        -0.5104967487713494,
                        -0.0,
                        0.0,
                        0.0,
                        0.0,
                        0.0,
                        0.0
                    ],
                    [
                        0.6624589897265161,
                        -0.837355318779142,
                        -0.0,
                        0.899151473537884,
                        0.0,
                        0.0,
                        0.0,
                        0.0
                    ],
                    [
                        0.5735694629757833,
                        0.0,
                        -0.9948115770438539,
                        -0.785293826361305,
                        -0.9367388241897774,
                        0.0,
                        0.0,
                        0.0
                    ],
                    [
                        -0.901364030763065,
                        -0.7463241206569717,
                        0.7077888920900579,
                        -0.519466743991342,
                        -0.7111181100085859,
                        -0.5873054530455393,
                        0.0,
                        0.0
                    ],
                    [
                        -0.8540237827533486,
                        0.5643353770949031,
                        0.0,
                        -0.0,
                        -0.8739954810740316,
                        -0.7409482998441074,
                        0.0,
                        0.0
                    ]
                ]
            },
            "est_params": {
                "mui": [
                    0.0052061057890653946,
                    0.002450110865213928,
                    1.0000014708846672,
                    -0.01804415605503881,
                    -0.012488001348749845,
                    -0.9661659182611055,
                    1.2716399590315621,
                    0.7257802072209893
                ],
                "Si": [
                    [
                        1.0131490541678463,
                        0.6587015406338638,
                        9.254702023923865e-07,
                        -0.3417551567433505,
                        -0.18854550342264875,
                        1.0178822946679014,
                        -1.6929296292669394,
                        -1.0851895795576447
                    ],
                    [
                        0.6587015406338638,
                        1.4390795096784934,
                        -4.4783976124702016e-07,
                        -0.7145817219651834,
                        -1.414012238228501,
                        2.25796645626031,
                        -1.614447109057226,
                        -0.2074125171167124
                    ],
                    [
                        9.254702023923865e-07,
                        -4.478397612470201e-07,
                        1.010837166143834e-06,
                        -1.6715944237734435e-07,
                        1.0164705710484549e-07,
                        1.3317770954751947e-06,
                        3.7775180503526965e-07,
                        -2.7000398540970547e-06
                    ],
                    [
                        -0.3417551567433505,
                        -0.7145817219651835,
                        -1.6715944237734435e-07,
                        1.342852542623429,
                        1.5787475147442473,
                        -2.7449208915781096,
                        0.6208537202466409,
                        0.5501000220884498
                    ],
                    [
                        -0.18854550342264875,
                        -1.414012238228501,
                        1.0164705710484549e-07,
                        1.5787475147442473,
                        3.447762163893497,
                        -4.605963309321035,
                        0.6532254033997008,
                        -0.20926122183083035
                    ],
                    [
                        1.0178822946679014,
                        2.25796645626031,
                        1.3317770954751939e-06,
                        -2.7449208915781096,
                        -4.605963309321035,
                        8.08117658451203,
                        -2.6334689253755066,
                        -1.5892198099312131
                    ],
                    [
                        -1.6929296292669396,
                        -1.614447109057226,
                        3.7775180503526954e-07,
                        0.6208537202466409,
                        0.6532254033997009,
                        -2.633468925375508,
                        4.493636296635782,
                        1.9248535567463705
                    ],
                    [
                        -1.0851895795576445,
                        -0.20741251711671238,
                        -2.7000398540970547e-06,
                        0.5501000220884498,
                        -0.20926122183083032,
                        -1.5892198099312131,
                        1.9248535567463705,
                        3.1743374935136304
                    ]
                ]
            },
            "est_tgt": [
                2
            ],
            "oracle_est_tgt": [
                2
            ]
        },
        "3": {
            "intv_type": "do",
            "inode": 3,
            "new_mui": 1.0,
            "new_vari": null,
            "noise_type": "gaussian",
            "obs_noise_gamma_shape": null,
            "true_params": {
                "Si": [
                    [
                        1.0,
                        0.6395501172917196,
                        0.28856965116141986,
                        0.0,
                        0.1269282973864705,
                        0.16759836916668364,
                        -1.3631217630577224,
                        -0.7282195111673317
                    ],
                    [
                        0.6395501172917196,
                        1.4090243525278523,
                        -0.4345318615308118,
                        0.0,
                        -0.7561783112979865,
                        1.5074453259694667,
                        -2.2832119258825574,
                        -0.20707134553450485
                    ],
                    [
                        0.28856965116141986,
                        -0.4345318615308118,
                        1.466540681406792,
                        0.0,
                        0.5550231250059543,
                        -1.8133286177377075,
                        1.7724872993211753,
                        0.36682800621519746
                    ],
                    [
                        0.0,
                        0.0,
                        0.0,
                        1e-09,
                        8.991514735378841e-10,
                        -1.6275639204516882e-09,
                        -2.0299247480358441e-10,
                        4.2008639507312107e-10
                    ],
                    [
                        0.1269282973864705,
                        -0.7561783112979865,
                        0.5550231250059543,
                        8.991514735378841e-10,
                        1.7172747233736203,
                        -2.0879791408045216,
                        0.8478810933432976,
                        -0.48894371063190323
                    ],
                    [
                        0.16759836916668364,
                        1.5074453259694667,
                        -1.8133286177377075,
                        -1.6275639204516882e-09,
                        -2.0879791408045216,
                        4.855940735077077,
                        -3.926684494452795,
                        -1.06554496489721
                    ],
                    [
                        -1.3631217630577224,
                        -2.2832119258825574,
                        1.7724872993211753,
                        -2.0299247480358441e-10,
                        0.8478810933432976,
                        -3.926684494452795,
                        6.89045149693525,
                        2.044067097378322
                    ],
                    [
                        -0.7282195111673317,
                        -0.20707134553450485,
                        0.36682800621519746,
                        4.2008639507312107e-10,
                        -0.48894371063190323,
                        -1.06554496489721,
                        2.044067097378322,
                        2.7219074194740442
                    ]
                ],
                "mui": [
                    0.0,
                    0.0,
                    0.0,
                    1.0,
                    0.899151473537884,
                    -1.627563920451688,
                    -0.2029924748035844,
                    0.42008639507312107
                ],
                "Ai": [
                    [
                        0.0,
                        0.0,
                        0.0,
                        0.0,
                        0.0,
                        0.0,
                        0.0,
                        0.0
                    ],
                    [
                        0.6395501172917196,
                        0.0,
                        0.0,
                        0.0,
                        0.0,
                        0.0,
                        0.0,
                        0.0
                    ],
                    [
                        0.6845065688959278,
                        -0.6190866157779285,
                        0.0,
                        0.0,
                        0.0,
                        0.0,
                        0.0,
                        0.0
                    ],
                    [
                        0.0,
                        0.0,
                        0.0,
                        0.0,
                        0.0,
                        0.0,
                        0.0,
                        0.0
                    ],
                    [
                        0.6624589897265161,
                        -0.837355318779142,
                        -0.0,
                        0.899151473537884,
                        0.0,
                        0.0,
                        0.0,
                        0.0
                    ],
                    [
                        0.5735694629757833,
                        0.0,
                        -0.9948115770438539,
                        -0.785293826361305,
                        -0.9367388241897774,
                        0.0,
                        0.0,
                        0.0
                    ],
                    [
                        -0.901364030763065,
                        -0.7463241206569717,
                        0.7077888920900579,
                        -0.519466743991342,
                        -0.7111181100085859,
                        -0.5873054530455393,
                        0.0,
                        0.0
                    ],
                    [
                        -0.8540237827533486,
                        0.5643353770949031,
                        0.0,
                        -0.0,
                        -0.8739954810740316,
                        -0.7409482998441074,
                        0.0,
                        0.0
                    ]
                ]
            },
            "est_params": {
                "mui": [
                    0.016880007169331177,
                    0.00813390458526656,
                    0.006155490233413528,
                    0.9999998029675332,
                    0.9098743154174319,
                    -1.630141842440108,
                    -0.23300330855923526,
                    0.413384207006569
                ],
                "Si": [
                    [
                        0.9718035179805008,
                        0.6004203555072801,
                        0.305248620009895,
                        8.28313308470514e-07,
                        0.14452162722677053,
                        0.10687919927964473,
                        -1.2789708399105715,
                        -0.6947453595559104
                    ],
                    [
                        0.6004203555072801,
                        1.344941205323547,
                        -0.3997984068324202,
                        2.384725269833796e-06,
                        -0.7265379090463064,
                        1.4156990794747772,
                        -2.143691592251541,
                        -0.16507488304178444
                    ],
                    [
                        0.305248620009895,
                        -0.3997984068324202,
                        1.4679234065992413,
                        2.2074187104824624e-07,
                        0.5535689006006307,
                        -1.8231059721552871,
                        1.7237423259102718,
                        0.36826189567360623
                    ],
                    [
                        8.283133084705136e-07,
                        2.384725269833796e-06,
                        2.2074187104824606e-07,
                        1.0100002245027713e-06,
                        -1.0654513226260647e-06,
                        2.9639299420802544e-06,
                        -5.41354644523308e-06,
                        -1.12482407345507e-07
                    ],
                    [
                        0.14452162722677053,
                        -0.7265379090463064,
                        0.5535689006006307,
                        -1.0654513226260647e-06,
                        1.7172061372969405,
                        -2.077958920195656,
