{
    "expt_args": {
        "save_dir": "all_expt_logs/expt_logs_sim_compsel_backward_cameraready_all_re",
        "exp_name": "285",
        "num_nodes": 6,
        "num_tgt_prior": 7,
        "obs_noise_mean": 0.0,
        "obs_noise_var": 1.0,
        "obs_noise_gamma_shape": null,
        "noise_type": "gaussian",
        "max_edge_strength": 1.0,
        "graph_sparsity_method": "adj_dense_prop",
        "adj_dense_prop": 0.8,
        "num_parents": null,
        "new_noise_mean": 1.0,
        "mix_samples": 1048576,
        "stage2_samples": 1048576,
        "gmm_tol": 0.001,
        "intv_type": "do",
        "new_noise_var": null,
        "dtype": "simulation",
        "cutoff_drop_ratio": 0.07,
        "intv_targets": [
            0,
            1,
            2,
            3,
            4,
            5
        ]
    },
    "intv_args_dict": {
        "0": {
            "intv_type": "do",
            "inode": 0,
            "new_mui": 1.0,
            "new_vari": null,
            "noise_type": "gaussian",
            "obs_noise_gamma_shape": null,
            "true_params": {
                "Si": [
                    [
                        1e-09,
                        -6.145963771895372e-10,
                        1.0302736620579467e-09,
                        8.13192419116222e-10,
                        -5.326059105510336e-10,
                        -1.283828289014572e-09
                    ],
                    [
                        -6.145963771895372e-10,
                        1.0000000003777287,
                        -0.8207907595343004,
                        0.4356415267995989,
                        -0.280730823750853,
                        0.23454138930684734
                    ],
                    [
                        1.0302736620579467e-09,
                        -0.8207907595343004,
                        1.673697470958904,
                        0.1659984713640107,
                        -1.0522167558925541,
                        -1.412161784112335
                    ],
                    [
                        8.13192419116222e-10,
                        0.4356415267995989,
                        0.1659984713640107,
                        1.4639080495439152,
                        -1.6288472627001829,
                        -1.7203215215069068
                    ],
                    [
                        -5.326059105510336e-10,
                        -0.280730823750853,
                        -1.0522167558925541,
                        -1.6288472627001829,
                        3.421194652139169,
                        3.196527945944721
                    ],
                    [
                        -1.283828289014572e-09,
                        0.23454138930684734,
                        -1.412161784112335,
                        -1.7203215215069068,
                        3.196527945944721,
                        4.447519022163149
                    ]
                ],
                "mui": [
                    1.0,
                    -0.6145963771895371,
                    1.0302736620579467,
                    0.813192419116222,
                    -0.5326059105510336,
                    -1.283828289014572
                ],
                "Ai": [
                    [
                        0.0,
                        0.0,
                        0.0,
                        0.0,
                        0.0,
                        0.0
                    ],
                    [
                        -0.6145963771895371,
                        0.0,
                        0.0,
                        0.0,
                        0.0,
                        0.0
                    ],
                    [
                        0.5258186352066812,
                        -0.8207907589010979,
                        0.0,
                        0.0,
                        0.0,
                        0.0
                    ],
                    [
                        0.8056337811010345,
                        0.8653821326228568,
                        0.5235690103270947,
                        0.0,
                        0.0,
                        0.0
                    ],
                    [
                        0.641996911899798,
                        -0.6109144053021802,
                        -0.8454580351486566,
                        -0.8349997377883625,
                        0.0,
                        0.0
                    ],
                    [
                        -0.0,
                        0.6914053661336035,
                        -0.0,
                        -0.591558856690488,
                        0.7094211134584945,
                        0.0
                    ]
                ]
            },
            "est_params": {
                "mui": [
                    1.000000259541951,
                    -0.6134748014994102,
                    1.03225663508028,
                    0.8113841081115386,
                    -0.5320953684984084,
                    -1.2842090022997628
                ],
                "Si": [
                    [
                        1.0136531431520734e-06,
                        2.511688927858861e-07,
                        -2.0451990558826124e-07,
                        4.936728629609672e-07,
                        -7.375357963183227e-08,
                        -5.160548756671344e-08
                    ],
                    [
                        2.51168892785886e-07,
                        0.9956228346226108,
                        -0.8129453235274061,
                        0.4322811013957244,
                        -0.2798885591893122,
                        0.2337062053986622
                    ],
                    [
                        -2.0451990558826124e-07,
                        -0.8129453235274061,
                        1.667069690319352,
                        0.1750969791147508,
                        -1.0601540750464675,
                        -1.4190200881534056
                    ],
                    [
                        4.936728629609671e-07,
                        0.4322811013957244,
                        0.1750969791147508,
                        1.4659204598052633,
                        -1.6358992943418453,
                        -1.7306800503407453
                    ],
                    [
                        -7.375357963183224e-08,
                        -0.2798885591893122,
                        -1.0601540750464675,
                        -1.635899294341845,
                        3.432425958726693,
                        3.2083567754808224
                    ],
                    [
                        -5.160548756671325e-08,
                        0.23370620539866224,
                        -1.4190200881534059,
                        -1.7306800503407453,
                        3.208356775480822,
                        4.464966150719928
                    ]
                ]
            },
            "est_tgt": [
                0
            ],
            "oracle_est_tgt": [
                0,
                1,
                3,
                4
            ]
        },
        "1": {
            "intv_type": "do",
            "inode": 1,
            "new_mui": 1.0,
            "new_vari": null,
            "noise_type": "gaussian",
            "obs_noise_gamma_shape": null,
            "true_params": {
                "Si": [
                    [
                        1.0,
                        0.0,
                        0.5258186352066812,
                        1.0809361235477402,
                        -0.7051420579949228,
                        -1.1396800013305217
                    ],
                    [
                        0.0,
                        1e-09,
                        -8.207907589010979e-10,
                        4.3564152729938403e-10,
                        -2.807308240781907e-10,
                        2.3454138851781113e-10
                    ],
                    [
                        0.5258186352066812,
                        -8.207907589010979e-10,
                        1.2764852378043143,
                        1.0919453671989974,
                        -1.6534148558171924,
                        -1.818917361578862
                    ],
                    [
                        1.0809361235477402,
                        4.3564152729938403e-10,
                        1.0919453671989974,
                        2.4425474119550925,
                        -2.2687627801474397,
                        -3.0544187717926463
                    ],
                    [
                        -0.7051420579949228,
                        -2.807308240781907e-10,
                        -1.6534148558171924,
                        -2.2687627801474397,
                        3.839610178300005,
                        4.066007244068012
                    ],
                    [
                        -1.1396800013305217,
                        2.3454138851781113e-10,
                        -1.818917361578862,
                        -3.0544187717926463,
                        4.066007244068012,
                        5.69137986307482
                    ]
                ],
                "mui": [
                    0.0,
                    1.0,
                    -0.8207907589010979,
                    0.435641527299384,
                    -0.28073082407819067,
                    0.23454138851781112
                ],
                "Ai": [
                    [
                        0.0,
                        0.0,
                        0.0,
                        0.0,
                        0.0,
                        0.0
                    ],
                    [
                        0.0,
                        0.0,
                        0.0,
                        0.0,
                        0.0,
                        0.0
                    ],
                    [
                        0.5258186352066812,
                        -0.8207907589010979,
                        0.0,
                        0.0,
                        0.0,
                        0.0
                    ],
                    [
                        0.8056337811010345,
                        0.8653821326228568,
                        0.5235690103270947,
                        0.0,
                        0.0,
                        0.0
                    ],
                    [
                        0.641996911899798,
                        -0.6109144053021802,
                        -0.8454580351486566,
                        -0.8349997377883625,
                        0.0,
                        0.0
                    ],
                    [
                        -0.0,
                        0.6914053661336035,
                        -0.0,
                        -0.591558856690488,
                        0.7094211134584945,
                        0.0
                    ]
                ]
            },
            "est_params": {
                "mui": [
                    -0.0018949247112820576,
                    1.0000004016274917,
                    -0.8174080282901643,
                    0.43831658061820694,
                    -0.2857270948865244,
                    0.23051886979236982
                ],
                "Si": [
                    [
                        0.9963029166403781,
                        1.049359270676368e-07,
                        0.5223324651671645,
                        1.0753698683538557,
                        -0.6992117042587519,
                        -1.1310814286280384
                    ],
                    [
                        1.0493592706763683e-07,
                        1.011254284282923e-06,
                        4.737591879278322e-08,
                        4.777431756585004e-07,
                        -5.316117890798879e-07,
                        -9.818209946631933e-07
                    ],
                    [
                        0.5223324651671645,
                        4.73759187927832e-08,
                        1.2764661822483028,
                        1.0867103538010048,
                        -1.6497883215914748,
                        -1.811070933877273
                    ],
                    [
                        1.0753698683538557,
                        4.777431756585008e-07,
                        1.0867103538010048,
                        2.428893987665728,
                        -2.254125357182354,
                        -3.0313891291470556
                    ],
                    [
                        -0.6992117042587519,
                        -5.31611789079888e-07,
                        -1.6497883215914748,
                        -2.254125357182354,
                        3.8308537395929214,
                        4.045895109802447
                    ],
                    [
                        -1.1310814286280384,
                        -9.818209946631931e-07,
                        -1.811070933877273,
                        -3.0313891291470556,
                        4.045895109802447,
                        5.65667392044965
                    ]
                ]
            },
            "est_tgt": [
                1
            ],
            "oracle_est_tgt": [
                0,
                1,
                3,
                4
            ]
        },
        "2": {
            "intv_type": "do",
            "inode": 2,
            "new_mui": 1.0,
            "new_vari": null,
            "noise_type": "gaussian",
            "obs_noise_gamma_shape": null,
            "true_params": {
                "Si": [
                    [
                        1.0,
                        -0.6145963771895371,
                        0.0,
                        0.2737730575064712,
                        0.7888622609399968,
                        -0.02725256656486752
                    ],
                    [
                        -0.6145963771895371,
                        1.3777287068545037,
                        0.0,
                        0.6971222033072768,
                        -1.8183401468042688,
                        -0.749788684158659
                    ],
                    [
                        0.0,
                        0.0,
                        1e-09,
                        5.235690103270947e-10,
                        -1.2826380214858932e-09,
                        -1.2196523785143893e-09
                    ],
                    [
                        0.2737730575064712,
                        0.6971222033072768,
                        5.235690103270947e-10,
                        1.8238379227534498,
                        -1.773024726486148,
                        -1.854734619808499
                    ],
                    [
                        0.7888622609399968,
                        -1.8183401468042688,
                        -1.2826380214858932e-09,
                        -1.773024726486148,
                        4.097772507652413,
                        2.698684680205857
                    ],
                    [
                        -0.02725256656486752,
                        -0.749788684158659,
                        -1.2196523785143893e-09,
                        -1.854734619808499,
                        2.698684680205857,
                        3.4932806621696524
                    ]
                ],
                "mui": [
                    0.0,
                    0.0,
                    1.0,
                    0.5235690103270947,
                    -1.282638021485893,
                    -1.2196523785143891
                ],
                "Ai": [
                    [
                        0.0,
                        0.0,
                        0.0,
                        0.0,
                        0.0,
                        0.0
                    ],
                    [
                        -0.6145963771895371,
                        0.0,
                        0.0,
                        0.0,
                        0.0,
                        0.0
                    ],
                    [
                        0.0,
                        0.0,
                        0.0,
                        0.0,
                        0.0,
                        0.0
                    ],
                    [
                        0.8056337811010345,
                        0.8653821326228568,
                        0.5235690103270947,
                        0.0,
                        0.0,
                        0.0
                    ],
                    [
                        0.641996911899798,
                        -0.6109144053021802,
                        -0.8454580351486566,
                        -0.8349997377883625,
                        0.0,
                        0.0
                    ],
                    [
                        -0.0,
                        0.6914053661336035,
                        -0.0,
                        -0.591558856690488,
                        0.7094211134584945,
                        0.0
                    ]
                ]
            },
            "est_params": {
                "mui": [
                    -0.001839012472863635,
                    0.005217771434815208,
                    1.0000000292618993,
                    0.5273952804266484,
                    -1.2928556390655357,
                    -1.2229910420515735
                ],
                "Si": [
                    [
                        0.9947424610550909,
                        -0.6119805416207031,
                        -6.590803512212484e-08,
                        0.2741966253427276,
                        0.7831763806976918,
                        -0.034775633654112216
                    ],
                    [
                        -0.6119805416207031,
                        1.3800853238842115,
                        2.1315832838208482e-07,
                        0.6969810961008885,
                        -1.8176212485858512,
                        -0.745866552331018
                    ],
                    [
                        -6.590803512212484e-08,
                        2.1315832838208482e-07,
                        1.0103485345585155e-06,
                        1.0214744119364554e-07,
                        -4.481005064955046e-07,
                        -1.9713497583766417e-07
                    ],
                    [
                        0.2741966253427276,
                        0.6969810961008885,
                        1.0214744119364566e-07,
                        1.8163038229857102,
                        -1.7673826615094628,
                        -1.8493734408709266
                    ],
                    [
                        0.7831763806976918,
                        -1.8176212485858512,
                        -4.481005064955048e-07,
                        -1.7673826615094628,
                        4.082536122198702,
                        2.6850050049296166
                    ],
                    [
                        -0.03477563365411222,
                        -0.745866552331018,
                        -1.9713497583766403e-07,
                        -1.8493734408709266,
                        2.6850050049296166,
                        3.492934448208599
                    ]
                ]
            },
            "est_tgt": [
                2
            ],
            "oracle_est_tgt": [
                0,
                2,
                3,
                4
            ]
        },
        "3": {
            "intv_type": "do",
            "inode": 3,
            "new_mui": 1.0,
            "new_vari": null,
            "noise_type": "gaussian",
            "obs_noise_gamma_shape": null,
            "true_params": {
                "Si": [
                    [
                        1.0,
                        -0.6145963771895371,
                        1.0302736620579467,
                        0.0,
                        0.14640954618249588,
                        -0.3210692099213791
                    ],
                    [
                        -0.6145963771895371,
                        1.3777287068545037,
                        -1.4539932191157092,
                        0.0,
                        -0.006953039683209497,
                        0.9476363878415307
                    ],
                    [
                        1.0302736620579467,
                        -1.4539932191157092,
                        2.735161288627732,
                        0.0,
                        -0.7627661766754961,
                        -1.546421144384083
                    ],
                    [
                        0.0,
                        0.0,
                        0.0,
                        1e-09,
                        -8.349997377883625e-10,
                        -1.1839253004098591e-09
                    ],
                    [
                        0.14640954618249588,
                        -0.006953039683209497,
                        -0.7627661766754961,
                        -8.349997377883625e-10,
                        1.7431289823320661,
                        1.2318051350938273
                    ],
                    [
                        -0.3210692099213791,
                        0.9476363878415307,
                        -1.546421144384083,
                        -1.1839253004098591e-09,
                        1.2318051350938273,
                        2.5290694548996147
                    ]
                ],
                "mui": [
                    0.0,
                    0.0,
                    0.0,
                    1.0,
                    -0.8349997377883625,
                    -1.183925300409859
                ],
                "Ai": [
                    [
                        0.0,
                        0.0,
                        0.0,
                        0.0,
                        0.0,
                        0.0
                    ],
                    [
                        -0.6145963771895371,
                        0.0,
                        0.0,
                        0.0,
                        0.0,
                        0.0
                    ],
                    [
                        0.5258186352066812,
                        -0.8207907589010979,
                        0.0,
                        0.0,
                        0.0,
                        0.0
                    ],
                    [
                        0.0,
                        0.0,
                        0.0,
                        0.0,
                        0.0,
                        0.0
                    ],
                    [
                        0.641996911899798,
                        -0.6109144053021802,
                        -0.8454580351486566,
                        -0.8349997377883625,
                        0.0,
                        0.0
                    ],
                    [
                        -0.0,
                        0.6914053661336035,
                        -0.0,
                        -0.591558856690488,
                        0.7094211134584945,
                        0.0
                    ]
                ]
            },
            "est_params": {
                "mui": [
                    0.003948113267569511,
                    -0.002906304806067215,
                    0.003274530929571975,
                    1.0000002384439355,
                    -0.8322424897907927,
                    -1.1819763307116349
                ],
                "Si": [
                    [
                        0.9991957332825201,
                        -0.6168224624608709,
                        1.0319116652104598,
                        -3.3336139318214545e-08,
                        0.14484412375568775,
                        -0.32170532846349764
                    ],
                    [
                        -0.6168224624608709,
                        1.3781626626148202,
                        -1.4563740567897914,
                        3.9428407120929004e-07,
                        -0.0069604506580868315,
                        0.948774690712332
                    ],
                    [
                        1.0319116652104598,
                        -1.4563740567897914,
                        2.7420525586693594,
                        -1.5964623733767001e-07,
                        -0.7671035211074507,
                        -1.5483037609405774
                    ],
                    [
                        -3.333613931821457e-08,
                        3.9428407120929015e-07,
                        -1.5964623733766993e-07,
                        1.0115176478084078e-06,
                        -3.97004047373694e-07,
                        -1.756099914315966e-07
                    ],
                    [
                        0.14484412375568773,
                        -0.006960450658086829,
                        -0.7671035211074507,
                        -3.970040473736938e-07,
                        1.7493274184892484,
                        1.2372675329388374
                    ],
                    [
                        -0.3217053284634976,
                        0.948774690712332,
                        -1.5483037609405774,
                        -1.756099914315965e-07,
                        1.2372675329388374,
                        2.5358151788720957
                    ]
                ]
            },
            "est_tgt": [
                3
            ],
            "oracle_est_tgt": [
                0,
                2,
                3,
                4
            ]
        },
        "4": {
            "intv_type": "do",
            "inode": 4,
            "new_mui": 1.0,
            "new_vari": null,
            "noise_type": "gaussian",
            "obs_noise_gamma_shape": null,
            "true_params": {
                "Si": [
                    [
                        1.0,
                        -0.6145963771895371,
                        1.0302736620579467,
                        0.813192419116222,
                        0.0,
                        -0.9059864109168826
                    ],
                    [
                        -0.6145963771895371,
                        1.3777287068545037,
                        -1.4539932191157092,
                        -0.0641435874474417,
                        0.0,
                        0.9905137282499492
                    ],
                    [
                        1.0302736620579467,
                        -1.4539932191157092,
                        2.735161288627732,
                        1.0038092021268306,
                        0.0,
                        -1.5991109379640125
                    ],
                    [
                        0.813192419116222,
                        -0.0641435874474417,
                        1.0038092021268306,
                        2.1251899593907266,
                        0.0,
                        -1.301524163191504
                    ],
                    [
                        0.0,
                        0.0,
                        0.0,
                        0.0,
                        1e-09,
                        7.094211134584945e-10
                    ],
                    [
                        -0.9059864109168826,
                        0.9905137282499492,
                        -1.5991109379640125,
                        -1.301524163191504,
                        7.094211134584945e-10,
                        2.4547746533769055
                    ]
                ],
                "mui": [
                    0.0,
                    0.0,
                    0.0,
                    0.0,
                    1.0,
                    0.7094211134584945
                ],
                "Ai": [
                    [
                        0.0,
                        0.0,
                        0.0,
                        0.0,
                        0.0,
                        0.0
                    ],
                    [
                        -0.6145963771895371,
                        0.0,
                        0.0,
                        0.0,
                        0.0,
                        0.0
                    ],
                    [
                        0.5258186352066812,
                        -0.8207907589010979,
                        0.0,
                        0.0,
                        0.0,
                        0.0
                    ],
                    [
                        0.8056337811010345,
                        0.8653821326228568,
                        0.5235690103270947,
                        0.0,
                        0.0,
                        0.0
                    ],
                    [
                        0.0,
                        0.0,
                        0.0,
                        0.0,
                        0.0,
                        0.0
                    ],
                    [
                        -0.0,
                        0.6914053661336035,
                        -0.0,
                        -0.591558856690488,
                        0.7094211134584945,
                        0.0
                    ]
                ]
            },
            "est_params": {
                "mui": [
                    0.0005942081885992346,
                    -0.002132741817183827,
                    0.004264844691377221,
                    0.0043732106567813366,
                    0.999999793817825,
                    0.7020399705079599
                ],
                "Si": [
                    [
                        0.9964629232796015,
                        -0.6132488175167068,
                        1.0232137947120876,
                        0.8054012433282834,
                        5.6677528150371385e-08,
                        -0.9023213219164328
                    ],
                    [
                        -0.6132488175167068,
                        1.3771116097744367,
                        -1.4460196740016322,
                        -0.05474387271064072,
                        -1.7305389080299947e-07,
                        0.9822996878495085
                    ],
                    [
                        1.0232137947120876,
                        -1.4460196740016322,
                        2.724237020620865,
                        0.9951458672939119,
                        2.607587508080927e-07,
                        -1.5841805694041569
                    ],
                    [
                        0.8054012433282834,
                        -0.05474387271064074,
                        0.9951458672939119,
                        2.1268803826752634,
                        2.0499192661506772e-07,
                        -1.3004124149497622
                    ],
                    [
                        5.6677528150371385e-08,
                        -1.7305389080299947e-07,
                        2.6075875080809276e-07,
                        2.0499192661506774e-07,
                        1.010721626102262e-06,
                        -3.8437385243716846e-07
                    ],
                    [
                        -0.9023213219164328,
                        0.9822996878495085,
                        -1.5841805694041569,
                        -1.3004124149497622,
                        -3.8437385243716846e-07,
                        2.4511981805715912
                    ]
                ]
            },
            "est_tgt": [
                4
            ],
            "oracle_est_tgt": [
                0,
                2,
                4
            ]
        },
        "5": {
            "intv_type": "do",
            "inode": 5,
            "new_mui": 1.0,
            "new_vari": null,
            "noise_type": "gaussian",
            "obs_noise_gamma_shape": null,
            "true_params": {
                "Si": [
                    [
                        1.0,
                        -0.6145963771895371,
                        1.0302736620579467,
                        0.813192419116222,
                        -0.5326059105510336,
                        0.0
                    ],
                    [
                        -0.6145963771895371,
                        1.3777287068545037,
                        -1.4539932191157092,
                        -0.0641435874474417,
                        0.04660683901620921,
                        0.0
                    ],
                    [
                        1.0302736620579467,
                        -1.4539932191157092,
                        2.735161288627732,
                        1.0038092021268306,
                        -1.6009465972409447,
                        0.0
                    ],
                    [
                        0.813192419116222,
                        -0.0641435874474417,
                        1.0038092021268306,
                        2.1251899593907266,
                        -2.061958351103665,
                        0.0
                    ],
                    [
                        -0.5326059105510336,
                        0.04660683901620921,
                        -1.6009465972409447,
                        -2.061958351103665,
                        3.7048637078093956,
                        0.0
                    ],
                    [
                        0.0,
                        0.0,
                        0.0,
                        0.0,
                        0.0,
                        1e-09
                    ]
                ],
                "mui": [
                    0.0,
                    0.0,
                    0.0,
                    0.0,
                    0.0,
                    1.0
                ],
                "Ai": [
                    [
                        0.0,
                        0.0,
                        0.0,
                        0.0,
                        0.0,
                        0.0
                    ],
                    [
                        -0.6145963771895371,
                        0.0,
                        0.0,
                        0.0,
                        0.0,
                        0.0
                    ],
                    [
                        0.5258186352066812,
                        -0.8207907589010979,
                        0.0,
                        0.0,
                        0.0,
                        0.0
                    ],
                    [
                        0.8056337811010345,
                        0.8653821326228568,
                        0.5235690103270947,
                        0.0,
                        0.0,
                        0.0
                    ],
                    [
                        0.641996911899798,
                        -0.6109144053021802,
                        -0.8454580351486566,
                        -0.8349997377883625,
                        0.0,
                        0.0
                    ],
                    [
                        0.0,
                        0.0,
                        0.0,
                        0.0,
                        0.0,
                        0.0
                    ]
                ]
            },
            "est_params": {
                "mui": [
                    0.0011218055995722046,
                    0.0031926493052398973,
                    -0.002396012269538628,
                    0.006910888929631158,
                    -0.007589734150402132,
                    1.0000000225590149
                ],
                "Si": [
                    [
                        0.9982191679503933,
                        -0.6103327275063987,
                        1.0239661540880247,
                        0.8108551324094061,
                        -0.5303543414242794,
                        -1.1343936434962527e-07
                    ],
                    [
                        -0.6103327275063987,
                        1.3757869777997254,
                        -1.4553192435760627,
                        -0.06541138233872795,
                        0.04838109573221209,
                        3.918250982515038e-07
                    ],
                    [
                        1.0239661540880247,
                        -1.4553192435760631,
                        2.7337700727274923,
                        0.9989159820401754,
                        -1.5986821219598748,
                        -1.3440061258603936e-08
                    ],
                    [
                        0.8108551324094062,
                        -0.06541138233872797,
                        0.9989159820401754,
                        2.113786036507173,
                        -2.050956094866633,
                        4.02155459040283e-07
                    ],
                    [
                        -0.5303543414242794,
                        0.048381095732212075,
                        -1.5986821219598748,
                        -2.050956094866633,
                        3.6961596014017295,
                        -5.784727067020857e-07
                    ],
                    [
                        -1.1343936434962529e-07,
                        3.918250982515038e-07,
                        -1.3440061258603954e-08,
                        4.021554590402829e-07,
                        -5.784727067020857e-07,
                        1.007668735157418e-06
                    ]
                ]
            },
            "est_tgt": [
                5
            ],
            "oracle_est_tgt": [
                5
            ]
        },
        "obs": {
            "intv_type": "obs",
            "noise_type": "gaussian",
            "obs_noise_gamma_shape": null,
            "true_params": {
                "Si": [
                    [
                        1.0,
                        -0.6145963771895371,
                        1.0302736620579467,
                        0.813192419116222,
                        -0.5326059105510336,
                        -1.283828289014572
                    ],
                    [
                        -0.6145963771895371,
                        1.3777287068545037,
                        -1.4539932191157092,
                        -0.0641435874474417,
                        0.04660683901620921,
                        1.023577603879609
                    ],
                    [
                        1.0302736620579467,
                        -1.4539932191157092,
                        2.735161288627732,
                        1.0038092021268306,
                        -1.6009465972409447,
                        -2.734856255566272
                    ],
                    [
                        0.813192419116222,
                        -0.0641435874474417,
                        1.0038092021268306,
                        2.1251899593907266,
                        -2.061958351103665,
                        -2.764320952536507
                    ],
                    [
                        -0.5326059105510336,
