{
    "expt_args": {
        "save_dir": "all_expt_logs/expt_logs_sim_compsel_backward_cameraready_all_re",
        "exp_name": "90",
        "num_nodes": 8,
        "num_tgt_prior": 9,
        "obs_noise_mean": 0.0,
        "obs_noise_var": 1.0,
        "obs_noise_gamma_shape": null,
        "noise_type": "gaussian",
        "max_edge_strength": 1.0,
        "graph_sparsity_method": "adj_dense_prop",
        "adj_dense_prop": 0.8,
        "num_parents": null,
        "new_noise_mean": 1.0,
        "mix_samples": 4096,
        "stage2_samples": 4096,
        "gmm_tol": 0.001,
        "intv_type": "do",
        "new_noise_var": null,
        "dtype": "simulation",
        "cutoff_drop_ratio": 0.07,
        "intv_targets": [
            0,
            1,
            2,
            3,
            4,
            5,
            6,
            7
        ]
    },
    "intv_args_dict": {
        "0": {
            "intv_type": "do",
            "inode": 0,
            "new_mui": 1.0,
            "new_vari": null,
            "noise_type": "gaussian",
            "obs_noise_gamma_shape": null,
            "true_params": {
                "Si": [
                    [
                        1e-09,
                        0.0,
                        -7.000397618749567e-10,
                        -5.051985766909918e-10,
                        8.258859064192838e-10,
                        1.3788968358874741e-09,
                        1.0714689164900315e-09,
                        1.2985789022234414e-09
                    ],
                    [
                        0.0,
                        1.0,
                        0.0,
                        0.9665726318465726,
                        -0.3971740391694026,
                        -0.5548566720387066,
                        -1.2089386486328033,
                        -2.4866344943115486
                    ],
                    [
                        -7.000397618749567e-10,
                        0.0,
                        1.0000000004900558,
                        -0.5670818791198375,
                        1.3460619186978462,
                        -0.7313709082702983,
                        1.0847432865282647,
                        -1.1509274977492971
                    ],
                    [
                        -5.051985766909918e-10,
                        0.9665726318465726,
                        -0.5670818791198375,
                        2.255844510917229,
                        -2.098833482395822,
                        -0.1215620857799352,
                        -2.3849218038189757,
                        -2.0647097048636804
                    ],
                    [
                        8.258859064192838e-10,
                        -0.3971740391694026,
                        1.3460619186978462,
                        -2.098833482395822,
                        3.8751888410762483,
                        -0.7640958604571012,
                        3.144283315618769,
                        -0.5678065107920975
                    ],
                    [
                        1.3788968358874741e-09,
                        -0.5548566720387066,
                        -0.7313709082702983,
                        -0.1215620857799352,
                        -0.7640958604571012,
                        1.842769332459387,
                        0.7006374954594039,
                        3.71931467570775
                    ],
                    [
                        1.0714689164900315e-09,
                        -1.2089386486328033,
                        1.0847432865282647,
                        -2.3849218038189757,
                        3.144283315618769,
                        0.7006374954594039,
                        5.076578851413195,
                        3.7134321042082155
                    ],
                    [
                        1.2985789022234414e-09,
                        -2.4866344943115486,
                        -1.1509274977492971,
                        -2.0647097048636804,
                        -0.5678065107920975,
                        3.71931467570775,
                        3.7134321042082155,
                        11.470931699501548
                    ]
                ],
                "mui": [
                    1.0,
                    0.0,
                    -0.7000397618749566,
                    -0.5051985766909918,
                    0.8258859064192837,
                    1.378896835887474,
                    1.0714689164900315,
                    1.2985789022234413
                ],
                "Ai": [
                    [
                        0.0,
                        0.0,
                        0.0,
                        0.0,
                        0.0,
                        0.0,
                        0.0,
                        0.0
                    ],
                    [
                        -0.0,
                        0.0,
                        0.0,
                        0.0,
                        0.0,
                        0.0,
                        0.0,
                        0.0
                    ],
                    [
                        -0.7000397618749566,
                        -0.0,
                        0.0,
                        0.0,
                        0.0,
                        0.0,
                        0.0,
                        0.0
                    ],
                    [
                        -0.9021784405612212,
                        0.9665726318465726,
                        -0.5670818794734966,
                        0.0,
                        0.0,
                        0.0,
                        0.0,
                        0.0
                    ],
                    [
                        0.9096620067698911,
                        0.5226247923013766,
                        0.8064219244093009,
                        -0.9516086025667464,
                        0.0,
                        0.0,
                        0.0,
                        0.0
                    ],
                    [
                        0.8669081200953999,
                        -0.5548566720387066,
                        -0.7313709073050156,
                        -0.0,
                        -0.0,
                        0.0,
                        0.0,
                        0.0
                    ],
                    [
                        -0.0,
                        -0.5012337444268683,
                        0.8363227934528832,
                        -0.0,
                        0.6318317512155878,
                        0.8231995009123718,
                        0.0,
                        0.0
                    ],
                    [
                        -0.8114159410703752,
                        -0.8286284138976374,
                        -0.5952558368582332,
                        -0.6040048586950417,
                        -0.7639898736524917,
                        0.8996856958463266,
                        0.7266140828695589,
                        0.0
                    ]
                ]
            },
            "est_params": {
                "mui": [
                    0.224425609679907,
                    -0.3096136416792639,
                    0.04627727359033095,
                    -0.6165216867080452,
                    0.9001800843490297,
                    0.48582958775671414,
                    0.9992785764208875,
                    0.9450338916839672
                ],
                "Si": [
                    [
                        1.2637222625877684,
                        0.4655667089629395,
                        -0.7976103459347493,
                        -0.24977496994405993,
                        1.3473510998993956,
                        0.9087389661912703,
                        0.7433731351206586,
                        -0.4471035782739566
                    ],
                    [
                        0.4655667089629395,
                        0.5122676905379423,
                        -0.25415890808831126,
                        0.16665490920427603,
                        0.6680642656469767,
                        0.09671975395313284,
                        0.30358703766968614,
                        -0.6725988559252999
                    ],
                    [
                        -0.7976103459347493,
                        -0.25415890808831126,
                        0.8679985971098223,
                        0.023845999072767753,
                        -0.18020978530031648,
                        -0.692320216250253,
                        0.06044457561825202,
                        0.06755216667324304
                    ],
                    [
                        -0.2497749699440599,
                        0.16665490920427603,
                        0.023845999072767753,
                        0.6332252207510667,
                        -0.619101142909429,
                        -0.09541841244037574,
                        -0.3386878921805802,
                        -0.21286130723189683
                    ],
                    [
                        1.3473510998993956,
                        0.6680642656469767,
                        -0.1802097853003165,
                        -0.619101142909429,
                        3.3112133024771735,
                        0.7007203975152274,
                        2.13345215484574,
                        -0.8786799199165783
                    ],
                    [
                        0.9087389661912703,
                        0.09671975395313283,
                        -0.692320216250253,
                        -0.09541841244037573,
                        0.7007203975152274,
                        1.517067217787919,
                        0.9043950958031375,
                        0.794559582292288
                    ],
                    [
                        0.7433731351206586,
                        0.30358703766968614,
                        0.06044457561825203,
                        -0.3386878921805802,
                        2.13345215484574,
                        0.9043950958031375,
                        2.709722136375314,
                        0.903061653138642
                    ],
                    [
                        -0.4471035782739566,
                        -0.6725988559253,
                        0.06755216667324304,
                        -0.21286130723189686,
                        -0.8786799199165783,
                        0.794559582292288,
                        0.903061653138642,
                        3.060580113114965
                    ]
                ]
            },
            "est_tgt": [
                0,
                2,
                3,
                4,
                5,
                6,
                7
            ],
            "oracle_est_tgt": [
                0,
                6
            ]
        },
        "1": {
            "intv_type": "do",
            "inode": 1,
            "new_mui": 1.0,
            "new_vari": null,
            "noise_type": "gaussian",
            "obs_noise_gamma_shape": null,
            "true_params": {
                "Si": [
                    [
                        1.0,
                        0.0,
                        -0.7000397618749566,
                        -0.5051985766909918,
                        0.8258859064192837,
                        1.378896835887474,
                        1.0714689164900315,
                        1.2985789022234413
                    ],
                    [
                        0.0,
                        1e-09,
                        0.0,
                        9.665726318465726e-10,
                        -3.971740391694026e-10,
                        -5.548566720387066e-10,
                        -1.2089386486328034e-09,
                        -2.4866344943115487e-09
                    ],
                    [
                        -0.7000397618749566,
                        0.0,
                        1.490055668205946,
                        -0.21342278814716775,
                        0.7679089460103612,
                        -1.6966535199498143,
                        0.3346724421222361,
                        -2.0599843623285805
                    ],
                    [
                        -0.5051985766909918,
                        9.665726318465726e-10,
                        -0.21342278814716775,
                        1.57680746085206,
                        -2.1321723104535515,
                        -0.28186953072360843,
                        -1.7576993646755534,
                        -0.3172370721282012
                    ],
                    [
                        0.8258859064192837,
                        -3.971740391694026e-10,
                        0.7679089460103612,
                        -2.1321723104535515,
                        4.399529153583772,
                        0.15434093619636507,
                        3.5490353463239845,
                        -0.4829551632008664
                    ],
                    [
                        1.378896835887474,
                        -5.548566720387066e-10,
                        -1.6966535199498143,
                        -0.28186953072360843,
                        0.15434093619636507,
                        3.436259888380515,
                        1.5072949180732627,
                        4.130195274632643
                    ],
                    [
                        1.0714689164900315,
                        -1.2089386486328034e-09,
                        0.3346724421222361,
                        -1.7576993646755534,
                        3.5490353463239845,
                        1.5072949180732627,
                        4.763091834572895,
                        2.098630489968465
                    ],
                    [
                        1.2985789022234413,
                        -2.4866344943115487e-09,
                        -2.0599843623285805,
                        -0.3172370721282012,
                        -0.4829551632008664,
                        4.130195274632643,
                        2.098630489968465,
                        6.973887760998381
                    ]
                ],
                "mui": [
                    0.0,
                    1.0,
                    0.0,
                    0.9665726318465726,
                    -0.3971740391694026,
                    -0.5548566720387066,
                    -1.2089386486328033,
                    -2.4866344943115486
                ],
                "Ai": [
                    [
                        0.0,
                        0.0,
                        0.0,
                        0.0,
                        0.0,
                        0.0,
                        0.0,
                        0.0
                    ],
                    [
                        0.0,
                        0.0,
                        0.0,
                        0.0,
                        0.0,
                        0.0,
                        0.0,
                        0.0
                    ],
                    [
                        -0.7000397618749566,
                        -0.0,
                        0.0,
                        0.0,
                        0.0,
                        0.0,
                        0.0,
                        0.0
                    ],
                    [
                        -0.9021784405612212,
                        0.9665726318465726,
                        -0.5670818794734966,
                        0.0,
                        0.0,
                        0.0,
                        0.0,
                        0.0
                    ],
                    [
                        0.9096620067698911,
                        0.5226247923013766,
                        0.8064219244093009,
                        -0.9516086025667464,
                        0.0,
                        0.0,
                        0.0,
                        0.0
                    ],
                    [
                        0.8669081200953999,
                        -0.5548566720387066,
                        -0.7313709073050156,
                        -0.0,
                        -0.0,
                        0.0,
                        0.0,
                        0.0
                    ],
                    [
                        -0.0,
                        -0.5012337444268683,
                        0.8363227934528832,
                        -0.0,
                        0.6318317512155878,
                        0.8231995009123718,
                        0.0,
                        0.0
                    ],
                    [
                        -0.8114159410703752,
                        -0.8286284138976374,
                        -0.5952558368582332,
                        -0.6040048586950417,
                        -0.7639898736524917,
                        0.8996856958463266,
                        0.7266140828695589,
                        0.0
                    ]
                ]
            },
            "est_params": {
                "mui": [
                    -0.026694713545681512,
                    1.0000013866103021,
                    0.022759527133314843,
                    1.0174565100367376,
                    -0.5820796066552563,
                    -0.5237069680865436,
                    -1.331590526467285,
                    -2.372252382911377
                ],
                "Si": [
                    [
                        0.9824252054200122,
                        2.1687163713943195e-06,
                        -0.7387376084412446,
                        -0.4140975617222423,
                        0.7076828082709795,
                        1.3875176177539568,
                        0.8771817557737649,
                        1.2869668720861174
                    ],
                    [
                        2.168716371394319e-06,
                        1.0057375358419396e-06,
                        -6.355197739168898e-07,
                        -4.381491615179154e-06,
                        3.516828824076002e-06,
                        2.1564752056219985e-06,
                        -1.841029064484291e-07,
                        2.280975531422901e-06
                    ],
                    [
                        -0.7387376084412446,
                        -6.3551977391689e-07,
                        1.5570582197480893,
                        -0.3449962903894601,
                        0.8663452360146382,
                        -1.794127807391739,
                        0.46805989583171254,
                        -2.0600107732721806
                    ],
                    [
                        -0.4140975617222423,
                        -4.3814916151791535e-06,
                        -0.3449962903894601,
                        1.5437291168976517,
                        -2.181784684333303,
                        -0.1516829166678643,
                        -1.7287074189091534,
                        -0.16446713404731383
                    ],
                    [
                        0.7076828082709795,
                        3.5168288240760008e-06,
                        0.8663452360146383,
                        -2.1817846843333037,
                        4.488643250191551,
                        0.1046277845037909,
                        3.562266091691557,
                        -0.428845526230803
                    ],
                    [
                        1.3875176177539568,
                        2.1564752056219976e-06,
                        -1.794127807391739,
                        -0.15168291666786438,
                        0.1046277845037909,
                        3.579288606649511,
                        1.4976868810431507,
                        4.343038096766802
                    ],
                    [
                        0.877181755773765,
                        -1.8410290644842816e-07,
                        0.4680598958317124,
                        -1.7287074189091536,
                        3.562266091691557,
                        1.4976868810431507,
                        4.967018592975507,
                        2.4426802036896738
                    ],
                    [
                        1.2869668720861172,
                        2.280975531422901e-06,
                        -2.06001077327218,
                        -0.16446713404731386,
                        -0.4288455262308031,
                        4.343038096766802,
                        2.4426802036896738,
                        7.3104141624266346
                    ]
                ]
            },
            "est_tgt": [
                1,
                3,
                7
            ],
            "oracle_est_tgt": [
                1,
                3,
                5,
                7
            ]
        },
        "2": {
            "intv_type": "do",
            "inode": 2,
            "new_mui": 1.0,
            "new_vari": null,
            "noise_type": "gaussian",
            "obs_noise_gamma_shape": null,
            "true_params": {
                "Si": [
                    [
                        1.0,
                        0.0,
                        0.0,
                        -0.9021784405612212,
                        1.7681827718582013,
                        0.8669081200953999,
                        1.830832349011815,
                        0.4928838914000594
                    ],
                    [
                        0.0,
                        1.0,
                        0.0,
                        0.9665726318465726,
                        -0.3971740391694026,
                        -0.5548566720387066,
                        -1.2089386486328033,
                        -2.4866344943115486
                    ],
                    [
                        0.0,
                        0.0,
                        1e-09,
                        -5.670818794734967e-10,
                        1.3460619192759993e-09,
                        -7.313709073050157e-10,
                        1.0847432872783356e-09,
                        -1.1509274968402405e-09
                    ],
                    [
                        -0.9021784405612212,
                        0.9665726318465726,
                        -5.670818794734967e-10,
                        2.7481885915698685,
                        -2.9307225354134263,
                        -1.3184150892728639,
                        -3.421521015357268,
                        -3.1620490521219127
                    ],
                    [
                        1.7681827718582013,
                        -0.3971740391694026,
                        1.3460619192759993e-09,
                        -2.9307225354134263,
                        5.189776466377208,
                        1.7532266673459016,
                        4.921397902681729,
                        1.8529219672305137
                    ],
                    [
                        0.8669081200953999,
                        -0.5548566720387066,
                        -7.313709073050157e-10,
                        -1.3184150892728639,
                        1.7532266673459016,
                        2.0593956157281124,
                        3.081150605290068,
                        3.304844834871492
                    ],
                    [
                        1.830832349011815,
                        -1.2089386486328033,
                        1.0847432872783356e-09,
                        -3.421521015357268,
                        4.921397902681729,
                        3.081150605290068,
                        7.251857942334529,
                        5.864280750591931
                    ],
                    [
                        0.4928838914000594,
                        -2.4866344943115486,
                        -1.1509274968402405e-09,
                        -3.1620490521219127,
                        1.8529219672305137,
                        3.304844834871492,
                        5.864280750591931,
                        10.3892321265586
                    ]
                ],
                "mui": [
                    0.0,
                    0.0,
                    1.0,
                    -0.5670818794734966,
                    1.3460619192759993,
                    -0.7313709073050156,
                    1.0847432872783356,
                    -1.1509274968402403
                ],
                "Ai": [
                    [
                        0.0,
                        0.0,
                        0.0,
                        0.0,
                        0.0,
                        0.0,
                        0.0,
                        0.0
                    ],
                    [
                        -0.0,
                        0.0,
                        0.0,
                        0.0,
                        0.0,
                        0.0,
                        0.0,
                        0.0
                    ],
                    [
                        0.0,
                        0.0,
                        0.0,
                        0.0,
                        0.0,
                        0.0,
                        0.0,
                        0.0
                    ],
                    [
                        -0.9021784405612212,
                        0.9665726318465726,
                        -0.5670818794734966,
                        0.0,
                        0.0,
                        0.0,
                        0.0,
                        0.0
                    ],
                    [
                        0.9096620067698911,
                        0.5226247923013766,
                        0.8064219244093009,
                        -0.9516086025667464,
                        0.0,
                        0.0,
                        0.0,
                        0.0
                    ],
                    [
                        0.8669081200953999,
                        -0.5548566720387066,
                        -0.7313709073050156,
                        -0.0,
                        -0.0,
                        0.0,
                        0.0,
                        0.0
                    ],
                    [
                        -0.0,
                        -0.5012337444268683,
                        0.8363227934528832,
                        -0.0,
                        0.6318317512155878,
                        0.8231995009123718,
                        0.0,
                        0.0
                    ],
                    [
                        -0.8114159410703752,
                        -0.8286284138976374,
                        -0.5952558368582332,
                        -0.6040048586950417,
                        -0.7639898736524917,
                        0.8996856958463266,
                        0.7266140828695589,
                        0.0
                    ]
                ]
            },
            "est_params": {
                "mui": [
                    -0.009664524362390934,
                    -0.011500933467159821,
                    1.0000013839832327,
                    -0.5119725068028615,
                    1.2825700210347988,
                    -0.6964246483077201,
                    1.0366916837392408,
                    -1.1166807484315693
                ],
                "Si": [
                    [
                        0.9548314907843806,
                        0.07028061218298216,
                        -3.6379033491982653e-07,
                        -0.8009458756020822,
                        1.606432238008993,
                        0.822890987805848,
                        1.583037102945639,
                        0.35098435788227356
                    ],
                    [
                        0.07028061218298216,
                        1.0019616709387602,
                        -2.9694784216152878e-06,
                        0.8311212126765003,
                        -0.20912233167039776,
                        -0.5426605216138443,
                        -1.1320937452753876,
                        -2.6079254364720588
                    ],
                    [
                        -3.637903349198269e-07,
                        -2.969478421615288e-06,
                        1.0123420310729458e-06,
                        -6.0514115389172015e-06,
                        3.8100151035371233e-06,
                        1.939162694628656e-06,
                        8.064618030739232e-06,
                        9.11552478364519e-06
                    ],
                    [
                        -0.8009458756020822,
                        0.8311212126765003,
                        -6.0514115389172015e-06,
                        2.45282199312009,
                        -2.581999576770469,
                        -1.2006879544362141,
                        -2.9940413507429384,
                        -2.9018962234004095
                    ],
                    [
                        1.606432238008993,
                        -0.20912233167039782,
                        3.810015103537123e-06,
                        -2.581999576770469,
                        4.737360782286573,
                        1.5663890429429486,
                        4.25886904933511,
                        1.3564824256275707
                    ],
                    [
                        0.822890987805848,
                        -0.5426605216138443,
                        1.9391626946286556e-06,
                        -1.2006879544362141,
                        1.5663890429429486,
                        2.1510326449071133,
                        2.959388676455238,
                        3.3807767963813418
                    ],
                    [
                        1.583037102945639,
                        -1.1320937452753876,
                        8.064618030739232e-06,
                        -2.9940413507429384,
                        4.25886904933511,
                        2.959388676455238,
                        6.628773743091405,
                        5.714587431571683
                    ],
                    [
                        0.3509843578822735,
                        -2.6079254364720588,
                        9.115524783645188e-06,
                        -2.9018962234004095,
                        1.3564824256275707,
                        3.3807767963813418,
                        5.714587431571683,
                        10.80958561835445
                    ]
                ]
            },
            "est_tgt": [
                2,
                3,
                5
            ],
            "oracle_est_tgt": [
                2,
                3,
                5
            ]
        },
        "3": {
            "intv_type": "do",
            "inode": 3,
            "new_mui": 1.0,
            "new_vari": null,
            "noise_type": "gaussian",
            "obs_noise_gamma_shape": null,
            "true_params": {
                "Si": [
                    [
                        1.0,
                        0.0,
                        -0.7000397618749566,
                        0.0,
                        0.3451345948356597,
                        1.378896835887474,
                        0.7677149733929597,
                        1.1400137483098143
                    ],
                    [
                        0.0,
                        1.0,
                        0.0,
                        0.0,
                        0.5226247923013766,
                        -0.5548566720387066,
                        -0.6277805421785696,
                        -2.1832592569121823
                    ],
                    [
                        -0.7000397618749566,
                        0.0,
                        1.490055668205946,
                        0.0,
                        0.5648139848257361,
                        -1.6966535199498143,
                        0.20635059713389237,
                        -2.1269707292991487
                    ],
                    [
                        0.0,
                        0.0,
                        0.0,
                        1e-09,
                        -9.516086025667464e-10,
                        0.0,
                        -6.012565298315657e-10,
                        -3.1386698464634563e-10
                    ],
                    [
                        0.3451345948356597,
                        0.5226247923013766,
                        0.5648139848257361,
                        -9.516086025667464e-10,
                        2.0425708831539913,
                        -0.4038703867329527,
                        1.168504865288483,
                        -2.1241260752511213
                    ],
                    [
                        1.378896835887474,
                        -0.5548566720387066,
                        -1.6966535199498143,
                        0.0,
                        -0.4038703867329527,
                        3.7441258145785183,
                        1.6861472442206618,
                        5.253121699237342
                    ],
                    [
                        0.7677149733929597,
                        -0.6277805421785696,
                        0.20635059713389237,
                        -6.012565298315657e-10,
                        1.168504865288483,
                        1.6861472442206618,
                        3.6135745449065584,
                        3.0243800564618155
                    ],
                    [
                        1.1400137483098143,
                        -2.1832592569121823,
                        -2.1269707292991487,
                        -3.1386698464634563e-10,
                        -2.1241260752511213,
                        5.253121699237342,
                        3.0243800564618155,
                        11.69670347256785
                    ]
                ],
                "mui": [
                    0.0,
                    0.0,
                    0.0,
                    1.0,
                    -0.9516086025667464,
                    0.0,
                    -0.6012565298315656,
                    -0.3138669846463456
                ],
                "Ai": [
                    [
                        0.0,
                        0.0,
                        0.0,
                        0.0,
                        0.0,
                        0.0,
                        0.0,
                        0.0
                    ],
                    [
                        -0.0,
                        0.0,
                        0.0,
                        0.0,
                        0.0,
                        0.0,
                        0.0,
                        0.0
                    ],
                    [
                        -0.7000397618749566,
                        -0.0,
                        0.0,
                        0.0,
                        0.0,
                        0.0,
                        0.0,
                        0.0
                    ],
                    [
                        0.0,
                        0.0,
                        0.0,
                        0.0,
                        0.0,
                        0.0,
                        0.0,
                        0.0
                    ],
                    [
                        0.9096620067698911,
                        0.5226247923013766,
                        0.8064219244093009,
                        -0.9516086025667464,
                        0.0,
                        0.0,
                        0.0,
                        0.0
                    ],
                    [
                        0.8669081200953999,
                        -0.5548566720387066,
                        -0.7313709073050156,
                        -0.0,
                        -0.0,
                        0.0,
                        0.0,
                        0.0
                    ],
                    [
                        -0.0,
                        -0.5012337444268683,
                        0.8363227934528832,
                        -0.0,
                        0.6318317512155878,
                        0.8231995009123718,
                        0.0,
                        0.0
                    ],
                    [
                        -0.8114159410703752,
                        -0.8286284138976374,
                        -0.5952558368582332,
                        -0.6040048586950417,
                        -0.7639898736524917,
                        0.8996856958463266,
                        0.7266140828695589,
                        0.0
                    ]
                ]
            },
            "est_params": {
                "mui": [
                    0.046728807409085554,
                    0.03558868095865591,
                    -0.030748238895705965,
                    0.9999980781931296,
                    -0.8618594195810513,
                    0.05429447939407496,
                    -0.5609192161586857,
                    -0.39719846781539997
                ],
                "Si": [
                    [
                        0.9524643842833623,
                        0.027512117180427106,
                        -0.6968999046850524,
                        -6.524512446922598e-06,
                        0.2684531226311126,
                        1.2973995127965465,
                        0.6505455664596985,
                        1.1588291479682198
                    ],
                    [
                        0.027512117180427113,
                        0.9454050771312582,
                        0.03237316924186323,
                        -3.903742123276505e-06,
                        0.601956169028976,
                        -0.6358541427309224,
                        -0.6115034861898464,
                        -2.3090852273300095
                    ],
                    [
                        -0.6968999046850524,
                        0.03237316924186324,
                        1.5619747567761209,
                        2.1340990714878153e-06,
                        0.6152942655774188,
                        -1.7596535709470347,
                        0.19754051084598426,
                        -2.397940541128413
                    ],
                    [
                        -6.524512446922596e-06,
                        -3.903742123276505e-06,
                        2.1340990714878136e-06,
                        1.0312589705441924e-06,
                        -8.362218544675726e-06,
                        -1.4298414746169457e-05,
                        -4.0701103167153955e-06,
                        -2.672316845109093e-06
                    ],
                    [
                        0.26845312263111265,
                        0.601956169028976,
                        0.6152942655774188,
                        -8.362218544675726e-06,
