{
    "expt_args": {
        "save_dir": "all_expt_logs/expt_logs_sim_compsel_backward_cameraready_all_re",
        "exp_name": "133",
        "num_nodes": 4,
        "num_tgt_prior": 5,
        "obs_noise_mean": 0.0,
        "obs_noise_var": 1.0,
        "obs_noise_gamma_shape": null,
        "noise_type": "gaussian",
        "max_edge_strength": 1.0,
        "graph_sparsity_method": "adj_dense_prop",
        "adj_dense_prop": 0.8,
        "num_parents": null,
        "new_noise_mean": 1.0,
        "mix_samples": 2048,
        "stage2_samples": 2048,
        "gmm_tol": 0.001,
        "intv_type": "do",
        "new_noise_var": null,
        "dtype": "simulation",
        "cutoff_drop_ratio": 0.07,
        "intv_targets": [
            0,
            1,
            2,
            3
        ]
    },
    "intv_args_dict": {
        "0": {
            "intv_type": "do",
            "inode": 0,
            "new_mui": 1.0,
            "new_vari": null,
            "noise_type": "gaussian",
            "obs_noise_gamma_shape": null,
            "true_params": {
                "Si": [
                    [
                        1e-09,
                        8.726209381517827e-10,
                        -4.4286833940465623e-10,
                        7.583801023921399e-10
                    ],
                    [
                        8.726209381517827e-10,
                        1.0000000007614673,
                        -0.507515142462527,
                        0.2758684514491926
                    ],
                    [
                        -4.4286833940465623e-10,
                        -0.507515142462527,
                        1.2575716196326268,
                        0.5297880266935793
                    ],
                    [
                        7.583801023921399e-10,
                        0.2758684514491926,
                        0.5297880266935793,
                        1.5247293382122076
                    ]
                ],
                "mui": [
                    1.0,
                    0.8726209381517827,
                    -0.4428683394046562,
                    0.7583801023921398
                ],
                "Ai": [
                    [
                        0.0,
                        0.0,
                        0.0,
                        0.0
                    ],
                    [
                        0.8726209381517827,
                        0.0,
                        0.0,
                        0.0
                    ],
                    [
                        0.0,
                        -0.5075151420760708,
                        0.0,
                        0.0
                    ],
                    [
                        0.5176515160595476,
                        0.6157997802162137,
                        0.6697954430251218,
                        0.0
                    ]
                ]
            },
            "est_params": {
                "mui": [
                    1.0000037172190075,
                    0.9408388340365083,
                    -0.4595205067813203,
                    0.7149527350179111
                ],
                "Si": [
                    [
                        1.0250666947783081e-06,
                        -4.964013317071324e-07,
                        2.231117985146192e-06,
                        -5.613739376056345e-06
                    ],
                    [
                        -4.964013317071316e-07,
                        0.979868658617551,
                        -0.44758857467724733,
                        0.3010098168750462
                    ],
                    [
                        2.231117985146192e-06,
                        -0.44758857467724733,
                        1.232026365565429,
                        0.5421824544807505
                    ],
                    [
                        -5.6137393760563445e-06,
                        0.3010098168750462,
                        0.5421824544807504,
                        1.613689278305341
                    ]
                ]
            },
            "est_tgt": [
                0
            ],
            "oracle_est_tgt": [
                0
            ]
        },
        "1": {
            "intv_type": "do",
            "inode": 1,
            "new_mui": 1.0,
            "new_vari": null,
            "noise_type": "gaussian",
            "obs_noise_gamma_shape": null,
            "true_params": {
                "Si": [
                    [
                        1.0,
                        0.0,
                        0.0,
                        0.5176515160595476
                    ],
                    [
                        0.0,
                        1e-09,
                        -5.075151420760709e-10,
                        2.7586845078741424e-10
                    ],
                    [
                        0.0,
                        -5.075151420760709e-10,
                        1.0000000002575715,
                        0.6697954428851144
                    ],
                    [
                        0.5176515160595476,
                        2.7586845078741424e-10,
                        0.6697954428851144,
                        1.7165890276520708
                    ]
                ],
                "mui": [
                    0.0,
                    1.0,
                    -0.5075151420760708,
                    0.27586845078741423
                ],
                "Ai": [
                    [
                        0.0,
                        0.0,
                        0.0,
                        0.0
                    ],
                    [
                        0.0,
                        0.0,
                        0.0,
                        0.0
                    ],
                    [
                        0.0,
                        -0.5075151420760708,
                        0.0,
                        0.0
                    ],
                    [
                        0.5176515160595476,
                        0.6157997802162137,
                        0.6697954430251218,
                        0.0
                    ]
                ]
            },
            "est_params": {
                "mui": [
                    0.0666341818949689,
                    0.9999918195895925,
                    -0.467965925940503,
                    0.33522662702519324
                ],
                "Si": [
                    [
                        0.9719192271837429,
                        -6.605094000738694e-06,
                        0.03274135197830353,
                        0.5846233356764575
                    ],
                    [
                        -6.605094000738695e-06,
                        1.0249033125954615e-06,
                        -3.8592086369848027e-07,
                        -4.960081019722375e-06
                    ],
                    [
                        0.03274135197830352,
                        -3.8592086369848006e-07,
                        0.9741721358783897,
                        0.680087285592327
                    ],
                    [
                        0.5846233356764575,
                        -4.960081019722375e-06,
                        0.680087285592327,
                        1.6489975835865953
                    ]
                ]
            },
            "est_tgt": [
                1
            ],
            "oracle_est_tgt": [
                1
            ]
        },
        "2": {
            "intv_type": "do",
            "inode": 2,
            "new_mui": 1.0,
            "new_vari": null,
            "noise_type": "gaussian",
            "obs_noise_gamma_shape": null,
            "true_params": {
                "Si": [
                    [
                        1.0,
                        0.8726209381517827,
                        0.0,
                        1.0550112979854815
                    ],
                    [
                        0.8726209381517827,
                        1.7614673017008973,
                        0.0,
                        1.5364247288250346
                    ],
                    [
                        0.0,
                        0.0,
                        1e-09,
                        6.697954430251219e-10
                    ],
                    [
                        1.0550112979854815,
                        1.5364247288250346,
                        6.697954430251219e-10,
                        2.492258208639974
                    ]
                ],
                "mui": [
                    0.0,
                    0.0,
                    1.0,
                    0.6697954430251218
                ],
                "Ai": [
                    [
                        0.0,
                        0.0,
                        0.0,
                        0.0
                    ],
                    [
                        0.8726209381517827,
                        0.0,
                        0.0,
                        0.0
                    ],
                    [
                        0.0,
                        0.0,
                        0.0,
                        0.0
                    ],
                    [
                        0.5176515160595476,
                        0.6157997802162137,
                        0.6697954430251218,
                        0.0
                    ]
                ]
            },
            "est_params": {
                "mui": [
                    -0.015449242884743598,
                    -0.031619405799242314,
                    0.9999927995826204,
                    0.7103748717650943
                ],
                "Si": [
                    [
                        0.984881063052474,
                        0.7864545191340857,
                        1.357908723216534e-06,
                        1.0056502166478227
                    ],
                    [
                        0.7864545191340857,
                        1.6314464054124704,
                        1.0966223834794481e-05,
                        1.4196190983097752
                    ],
                    [
                        1.357908723216534e-06,
                        1.0966223834794481e-05,
                        1.0115348816486358e-06,
                        9.416355085161059e-06
                    ],
                    [
                        1.0056502166478227,
                        1.419619098309775,
                        9.416355085161059e-06,
                        2.3155419355911775
                    ]
                ]
            },
            "est_tgt": [
                2
            ],
            "oracle_est_tgt": [
                2
            ]
        },
        "3": {
            "intv_type": "do",
            "inode": 3,
            "new_mui": 1.0,
            "new_vari": null,
            "noise_type": "gaussian",
            "obs_noise_gamma_shape": null,
            "true_params": {
                "Si": [
                    [
                        1.0,
                        0.8726209381517827,
                        -0.4428683394046562,
                        0.0
                    ],
                    [
                        0.8726209381517827,
                        1.7614673017008973,
                        -0.893971327885084,
                        0.0
                    ],
                    [
                        -0.4428683394046562,
                        -0.893971327885084,
                        1.453703985483532,
                        0.0
                    ],
                    [
                        0.0,
                        0.0,
                        0.0,
                        1e-09
                    ]
                ],
                "mui": [
                    0.0,
                    0.0,
                    0.0,
                    1.0
                ],
                "Ai": [
                    [
                        0.0,
                        0.0,
                        0.0,
                        0.0
                    ],
                    [
                        0.8726209381517827,
                        0.0,
                        0.0,
                        0.0
                    ],
                    [
                        0.0,
                        -0.5075151420760708,
                        0.0,
                        0.0
                    ],
                    [
                        0.0,
                        0.0,
                        0.0,
                        0.0
                    ]
                ]
            },
            "est_params": {
                "mui": [
                    0.040931644615442776,
                    0.008606492743867393,
                    -0.025458708448912442,
                    0.999998371617278
                ],
                "Si": [
                    [
                        0.9995588918178028,
                        0.9696759999210781,
                        -0.5053925926258733,
                        -1.2085881718795083e-06
                    ],
                    [
                        0.9696759999210781,
                        2.0505988765238907,
                        -1.1143189780990057,
                        7.603815059402572e-07
                    ],
                    [
                        -0.5053925926258733,
                        -1.1143189780990057,
                        1.7726566515556443,
                        6.862459541397731e-07
                    ],
                    [
                        -1.208588171879509e-06,
                        7.60381505940257e-07,
                        6.862459541397732e-07,
                        1.0025820205348998e-06
                    ]
                ]
            },
            "est_tgt": [
                3
            ],
            "oracle_est_tgt": [
                3
            ]
        },
        "obs": {
            "intv_type": "obs",
            "noise_type": "gaussian",
            "obs_noise_gamma_shape": null,
            "true_params": {
                "Si": [
                    [
                        1.0,
                        0.8726209381517827,
                        -0.4428683394046562,
                        0.7583801023921398
                    ],
                    [
                        0.8726209381517827,
                        1.7614673017008973,
                        -0.893971327885084,
                        0.9376468072124882
                    ],
                    [
                        -0.4428683394046562,
                        -0.893971327885084,
                        1.453703985483532,
                        0.1939254904455016
                    ],
                    [
                        0.7583801023921398,
                        0.9376468072124882,
                        0.1939254904455016,
                        2.09986971734138
                    ]
                ],
                "mui": [
                    0.0,
                    0.0,
                    0.0,
                    0.0
                ],
                "Ai": [
                    [
                        0.0,
                        0.0,
                        0.0,
                        0.0
                    ],
                    [
                        0.8726209381517827,
                        0.0,
                        0.0,
                        0.0
                    ],
                    [
                        0.0,
                        -0.5075151420760708,
                        0.0,
                        0.0
                    ],
                    [
                        0.5176515160595476,
                        0.6157997802162137,
                        0.6697954430251218,
                        0.0
                    ]
                ]
            },
            "est_params": {
                "mui": [
                    -0.0273425717289111,
                    -0.10480715310110812,
                    0.044824597003080335,
                    -0.011703571850682267
                ],
                "Si": [
                    [
                        0.9397842616883915,
                        0.8109656507621337,
                        -0.4149677932204794,
                        0.7262680190130758
                    ],
                    [
                        0.8109656507621337,
                        1.6361467127448905,
                        -0.8397251028869774,
                        0.8733983307370469
                    ],
                    [
                        -0.4149677932204794,
                        -0.8397251028869774,
                        1.358344030740043,
                        0.2341548488522918
                    ],
                    [
                        0.7262680190130758,
                        0.8733983307370469,
                        0.2341548488522918,
                        2.0763674174159825
                    ]
                ]
            },
            "est_tgt": [
                0,
                1,
                2,
                3
            ],
            "oracle_est_tgt": [
                0,
                1,
                2,
                3
            ]
        }
    },
    "metric_dict": {
        "param_est_rel_err": 4.376431538078614,
        "est_num_comp": 5,
        "weight_precision_error": 0.002600782111790101,
        "gm_score_dict": {
            "1": -5.735260553569438,
            "2": -5.688201156168776,
            "3": -4.6471813591161615,
            "4": -2.549315174885281,
            "5": -1.3316777695829836
        },
        "est_dag": {
            "amat": [
                [
                    0,
                    1,
                    0,
                    1
                ],
                [
                    0,
                    0,
                    1,
                    1
                ],
                [
                    0,
                    0,
                    0,
                    1
                ],
                [
                    0,
                    0,
                    0,
                    0
                ]
            ],
            "nodes": [
                0,
                1,
                2,
                3
            ]
        },
        "oracle_est_dag": {
            "amat": [
                [
                    0,
                    1,
                    0,
                    1
                ],
                [
                    0,
                    0,
                    1,
                    1
                ],
                [
                    0,
                    0,
                    0,
                    1
                ],
                [
                    0,
                    0,
                    0,
                    0
                ]
            ],
            "nodes": [
                0,
                1,
                2,
                3
            ]
        },
        "igsp_dag": null,
        "intv_base_est_dag": null,
        "act_dag": {
            "amat": [
                [
                    0,
                    1,
                    0,
                    1
                ],
                [
                    0,
                    0,
                    1,
                    1
                ],
                [
                    0,
                    0,
                    0,
                    1
                ],
                [
                    0,
                    0,
                    0,
                    0
                ]
            ],
            "nodes": [
                0,
                1,
                2,
                3
            ]
        },
        "shd": 0,
        "oracle_shd": 0,
        "intv_base_shd": null,
        "igsp_shd": null,
        "avg_js": 0.8,
        "avg_oracle_js": 0.8
    }
}