{
    "expt_args": {
        "save_dir": "all_expt_logs/expt_logs_sim_compsel_backward_cameraready_all_re",
        "exp_name": "64",
        "num_nodes": 8,
        "num_tgt_prior": 9,
        "obs_noise_mean": 0.0,
        "obs_noise_var": 1.0,
        "obs_noise_gamma_shape": null,
        "noise_type": "gaussian",
        "max_edge_strength": 1.0,
        "graph_sparsity_method": "adj_dense_prop",
        "adj_dense_prop": 0.8,
        "num_parents": null,
        "new_noise_mean": 1.0,
        "mix_samples": 524288,
        "stage2_samples": 524288,
        "gmm_tol": 0.001,
        "intv_type": "do",
        "new_noise_var": null,
        "dtype": "simulation",
        "cutoff_drop_ratio": 0.07,
        "intv_targets": [
            0,
            1,
            2,
            3,
            4,
            5,
            6,
            7
        ]
    },
    "intv_args_dict": {
        "0": {
            "intv_type": "do",
            "inode": 0,
            "new_mui": 1.0,
            "new_vari": null,
            "noise_type": "gaussian",
            "obs_noise_gamma_shape": null,
            "true_params": {
                "Si": [
                    [
                        1e-09,
                        0.0,
                        -7.000397618749567e-10,
                        -5.051985766909918e-10,
                        8.258859064192838e-10,
                        1.3788968358874741e-09,
                        1.0714689164900315e-09,
                        1.2985789022234414e-09
                    ],
                    [
                        0.0,
                        1.0,
                        0.0,
                        0.9665726318465726,
                        -0.3971740391694026,
                        -0.5548566720387066,
                        -1.2089386486328033,
                        -2.4866344943115486
                    ],
                    [
                        -7.000397618749567e-10,
                        0.0,
                        1.0000000004900558,
                        -0.5670818791198375,
                        1.3460619186978462,
                        -0.7313709082702983,
                        1.0847432865282647,
                        -1.1509274977492971
                    ],
                    [
                        -5.051985766909918e-10,
                        0.9665726318465726,
                        -0.5670818791198375,
                        2.255844510917229,
                        -2.098833482395822,
                        -0.1215620857799352,
                        -2.3849218038189757,
                        -2.0647097048636804
                    ],
                    [
                        8.258859064192838e-10,
                        -0.3971740391694026,
                        1.3460619186978462,
                        -2.098833482395822,
                        3.8751888410762483,
                        -0.7640958604571012,
                        3.144283315618769,
                        -0.5678065107920975
                    ],
                    [
                        1.3788968358874741e-09,
                        -0.5548566720387066,
                        -0.7313709082702983,
                        -0.1215620857799352,
                        -0.7640958604571012,
                        1.842769332459387,
                        0.7006374954594039,
                        3.71931467570775
                    ],
                    [
                        1.0714689164900315e-09,
                        -1.2089386486328033,
                        1.0847432865282647,
                        -2.3849218038189757,
                        3.144283315618769,
                        0.7006374954594039,
                        5.076578851413195,
                        3.7134321042082155
                    ],
                    [
                        1.2985789022234414e-09,
                        -2.4866344943115486,
                        -1.1509274977492971,
                        -2.0647097048636804,
                        -0.5678065107920975,
                        3.71931467570775,
                        3.7134321042082155,
                        11.470931699501548
                    ]
                ],
                "mui": [
                    1.0,
                    0.0,
                    -0.7000397618749566,
                    -0.5051985766909918,
                    0.8258859064192837,
                    1.378896835887474,
                    1.0714689164900315,
                    1.2985789022234413
                ],
                "Ai": [
                    [
                        0.0,
                        0.0,
                        0.0,
                        0.0,
                        0.0,
                        0.0,
                        0.0,
                        0.0
                    ],
                    [
                        -0.0,
                        0.0,
                        0.0,
                        0.0,
                        0.0,
                        0.0,
                        0.0,
                        0.0
                    ],
                    [
                        -0.7000397618749566,
                        -0.0,
                        0.0,
                        0.0,
                        0.0,
                        0.0,
                        0.0,
                        0.0
                    ],
                    [
                        -0.9021784405612212,
                        0.9665726318465726,
                        -0.5670818794734966,
                        0.0,
                        0.0,
                        0.0,
                        0.0,
                        0.0
                    ],
                    [
                        0.9096620067698911,
                        0.5226247923013766,
                        0.8064219244093009,
                        -0.9516086025667464,
                        0.0,
                        0.0,
                        0.0,
                        0.0
                    ],
                    [
                        0.8669081200953999,
                        -0.5548566720387066,
                        -0.7313709073050156,
                        -0.0,
                        -0.0,
                        0.0,
                        0.0,
                        0.0
                    ],
                    [
                        -0.0,
                        -0.5012337444268683,
                        0.8363227934528832,
                        -0.0,
                        0.6318317512155878,
                        0.8231995009123718,
                        0.0,
                        0.0
                    ],
                    [
                        -0.8114159410703752,
                        -0.8286284138976374,
                        -0.5952558368582332,
                        -0.6040048586950417,
                        -0.7639898736524917,
                        0.8996856958463266,
                        0.7266140828695589,
                        0.0
                    ]
                ]
            },
            "est_params": {
                "mui": [
                    1.000000252849364,
                    0.0010962502175661632,
                    -0.7003749763342538,
                    -0.50198357561929,
                    0.8261584580184248,
                    1.3774834911335547,
                    1.066734036303671,
                    1.2833860497760243
                ],
                "Si": [
                    [
                        1.013075811163544e-06,
                        -4.1617455453949673e-07,
                        -5.998043382183701e-07,
                        2.0397925596429852e-07,
                        -9.421996068217463e-07,
                        4.5590669399008213e-07,
                        -1.0314915577627433e-07,
                        1.6761232119546448e-06
                    ],
                    [
                        -4.1617455453949673e-07,
                        0.987484559829741,
                        0.003540549430244534,
                        0.9504398207062992,
                        -0.3793771089794223,
                        -0.5485869509249193,
                        -1.1912106169500234,
                        -2.465522776159375
                    ],
                    [
                        -5.998043382183703e-07,
                        0.003540549430244536,
                        0.9927562806180535,
                        -0.5580300204133486,
                        1.3325929499925946,
                        -0.726099883644335,
                        1.0781278328878963,
                        -1.14759662127041
                    ],
                    [
                        2.0397925596429873e-07,
                        0.9504398207062992,
                        -0.5580300204133486,
                        2.2294818201014683,
                        -2.0627164132982103,
                        -0.11484801861216684,
                        -2.35005565146882,
                        -2.034401155312723
                    ],
                    [
                        -9.421996068217458e-07,
                        -0.3793771089794223,
                        1.3325929499925946,
                        -2.0627164132982103,
                        3.838261980100598,
                        -0.7669705611613186,
                        3.1085552437034014,
                        -0.6006205932068754
                    ],
                    [
                        4.559066939900822e-07,
                        -0.5485869509249193,
                        -0.726099883644335,
                        -0.11484801861216684,
                        -0.7669705611613185,
                        1.837348364984814,
                        0.6941321745538963,
                        3.702611733537812
                    ],
                    [
                        -1.0314915577627457e-07,
                        -1.1912106169500232,
                        1.0781278328878963,
                        -2.35005565146882,
                        3.1085552437034014,
                        0.6941321745538961,
                        5.040775465938836,
                        3.677213869242336
                    ],
                    [
                        1.6761232119546455e-06,
                        -2.465522776159375,
                        -1.14759662127041,
                        -2.0344011553127235,
                        -0.6006205932068756,
                        3.702611733537812,
                        3.6772138692423364,
                        11.425880243148796
                    ]
                ]
            },
            "est_tgt": [
                0
            ],
            "oracle_est_tgt": [
                0
            ]
        },
        "1": {
            "intv_type": "do",
            "inode": 1,
            "new_mui": 1.0,
            "new_vari": null,
            "noise_type": "gaussian",
            "obs_noise_gamma_shape": null,
            "true_params": {
                "Si": [
                    [
                        1.0,
                        0.0,
                        -0.7000397618749566,
                        -0.5051985766909918,
                        0.8258859064192837,
                        1.378896835887474,
                        1.0714689164900315,
                        1.2985789022234413
                    ],
                    [
                        0.0,
                        1e-09,
                        0.0,
                        9.665726318465726e-10,
                        -3.971740391694026e-10,
                        -5.548566720387066e-10,
                        -1.2089386486328034e-09,
                        -2.4866344943115487e-09
                    ],
                    [
                        -0.7000397618749566,
                        0.0,
                        1.490055668205946,
                        -0.21342278814716775,
                        0.7679089460103612,
                        -1.6966535199498143,
                        0.3346724421222361,
                        -2.0599843623285805
                    ],
                    [
                        -0.5051985766909918,
                        9.665726318465726e-10,
                        -0.21342278814716775,
                        1.57680746085206,
                        -2.1321723104535515,
                        -0.28186953072360843,
                        -1.7576993646755534,
                        -0.3172370721282012
                    ],
                    [
                        0.8258859064192837,
                        -3.971740391694026e-10,
                        0.7679089460103612,
                        -2.1321723104535515,
                        4.399529153583772,
                        0.15434093619636507,
                        3.5490353463239845,
                        -0.4829551632008664
                    ],
                    [
                        1.378896835887474,
                        -5.548566720387066e-10,
                        -1.6966535199498143,
                        -0.28186953072360843,
                        0.15434093619636507,
                        3.436259888380515,
                        1.5072949180732627,
                        4.130195274632643
                    ],
                    [
                        1.0714689164900315,
                        -1.2089386486328034e-09,
                        0.3346724421222361,
                        -1.7576993646755534,
                        3.5490353463239845,
                        1.5072949180732627,
                        4.763091834572895,
                        2.098630489968465
                    ],
                    [
                        1.2985789022234413,
                        -2.4866344943115487e-09,
                        -2.0599843623285805,
                        -0.3172370721282012,
                        -0.4829551632008664,
                        4.130195274632643,
                        2.098630489968465,
                        6.973887760998381
                    ]
                ],
                "mui": [
                    0.0,
                    1.0,
                    0.0,
                    0.9665726318465726,
                    -0.3971740391694026,
                    -0.5548566720387066,
                    -1.2089386486328033,
                    -2.4866344943115486
                ],
                "Ai": [
                    [
                        0.0,
                        0.0,
                        0.0,
                        0.0,
                        0.0,
                        0.0,
                        0.0,
                        0.0
                    ],
                    [
                        0.0,
                        0.0,
                        0.0,
                        0.0,
                        0.0,
                        0.0,
                        0.0,
                        0.0
                    ],
                    [
                        -0.7000397618749566,
                        -0.0,
                        0.0,
                        0.0,
                        0.0,
                        0.0,
                        0.0,
                        0.0
                    ],
                    [
                        -0.9021784405612212,
                        0.9665726318465726,
                        -0.5670818794734966,
                        0.0,
                        0.0,
                        0.0,
                        0.0,
                        0.0
                    ],
                    [
                        0.9096620067698911,
                        0.5226247923013766,
                        0.8064219244093009,
                        -0.9516086025667464,
                        0.0,
                        0.0,
                        0.0,
                        0.0
                    ],
                    [
                        0.8669081200953999,
                        -0.5548566720387066,
                        -0.7313709073050156,
                        -0.0,
                        -0.0,
                        0.0,
                        0.0,
                        0.0
                    ],
                    [
                        -0.0,
                        -0.5012337444268683,
                        0.8363227934528832,
                        -0.0,
                        0.6318317512155878,
                        0.8231995009123718,
                        0.0,
                        0.0
                    ],
                    [
                        -0.8114159410703752,
                        -0.8286284138976374,
                        -0.5952558368582332,
                        -0.6040048586950417,
                        -0.7639898736524917,
                        0.8996856958463266,
                        0.7266140828695589,
                        0.0
                    ]
                ]
            },
            "est_params": {
                "mui": [
                    0.0010099168368578977,
                    1.0000004000697553,
                    -0.001181747660325809,
                    0.9635150000603224,
                    -0.3970715392210217,
                    -0.5519624353750826,
                    -1.201605509289115,
                    -2.475449489006174
                ],
                "Si": [
                    [
                        0.9954798998236645,
                        1.56288764008587e-07,
                        -0.6897288383533673,
                        -0.5001498327389766,
                        0.828547618610605,
                        1.3620008854293117,
                        1.068239089526859,
                        1.2673547289040814
                    ],
                    [
                        1.56288764008587e-07,
                        1.012634203258242e-06,
                        -3.0802092390373507e-07,
                        7.074368202532532e-07,
                        -9.638361156754708e-08,
                        1.762511436210253e-07,
                        -9.140772164658633e-08,
                        -1.069196490154098e-06
                    ],
                    [
                        -0.6897288383533673,
                        -3.0802092390373496e-07,
                        1.4741453309056443,
                        -0.22132504055373356,
                        0.7669617471921711,
                        -1.6709728136341033,
                        0.3393071830109984,
                        -2.0310645315665092
                    ],
                    [
                        -0.5001498327389765,
                        7.074368202532529e-07,
                        -0.22132504055373356,
                        1.5846643035310926,
                        -2.138063339374866,
                        -0.2742689403889314,
                        -1.7584257668450243,
                        -0.30616511030526466
                    ],
                    [
                        0.8285476186106052,
                        -9.638361156754699e-08,
                        0.7669617471921713,
                        -2.138063339374866,
                        4.406682625259431,
                        0.15377781509202573,
                        3.5453803596006717,
                        -0.505374662277839
                    ],
                    [
                        1.3620008854293117,
                        1.7625114362102547e-07,
                        -1.6709728136341033,
                        -0.2742689403889314,
                        0.15377781509202573,
                        3.3964144806006398,
                        1.4992290751097543,
                        4.090924323001205
                    ],
                    [
                        1.068239089526859,
                        -9.140772164658645e-08,
                        0.3393071830109984,
                        -1.7584257668450243,
                        3.5453803596006717,
                        1.4992290751097546,
                        4.749024543978194,
                        2.0766678417476134
                    ],
                    [
                        1.2673547289040814,
                        -1.0691964901540984e-06,
                        -2.0310645315665092,
                        -0.30616511030526466,
                        -0.505374662277839,
                        4.090924323001205,
                        2.0766678417476134,
                        6.946009365306605
                    ]
                ]
            },
            "est_tgt": [
                1
            ],
            "oracle_est_tgt": [
                1
            ]
        },
        "2": {
            "intv_type": "do",
            "inode": 2,
            "new_mui": 1.0,
            "new_vari": null,
            "noise_type": "gaussian",
            "obs_noise_gamma_shape": null,
            "true_params": {
                "Si": [
                    [
                        1.0,
                        0.0,
                        0.0,
                        -0.9021784405612212,
                        1.7681827718582013,
                        0.8669081200953999,
                        1.830832349011815,
                        0.4928838914000594
                    ],
                    [
                        0.0,
                        1.0,
                        0.0,
                        0.9665726318465726,
                        -0.3971740391694026,
                        -0.5548566720387066,
                        -1.2089386486328033,
                        -2.4866344943115486
                    ],
                    [
                        0.0,
                        0.0,
                        1e-09,
                        -5.670818794734967e-10,
                        1.3460619192759993e-09,
                        -7.313709073050157e-10,
                        1.0847432872783356e-09,
                        -1.1509274968402405e-09
                    ],
                    [
                        -0.9021784405612212,
                        0.9665726318465726,
                        -5.670818794734967e-10,
                        2.7481885915698685,
                        -2.9307225354134263,
                        -1.3184150892728639,
                        -3.421521015357268,
                        -3.1620490521219127
                    ],
                    [
                        1.7681827718582013,
                        -0.3971740391694026,
                        1.3460619192759993e-09,
                        -2.9307225354134263,
                        5.189776466377208,
                        1.7532266673459016,
                        4.921397902681729,
                        1.8529219672305137
                    ],
                    [
                        0.8669081200953999,
                        -0.5548566720387066,
                        -7.313709073050157e-10,
                        -1.3184150892728639,
                        1.7532266673459016,
                        2.0593956157281124,
                        3.081150605290068,
                        3.304844834871492
                    ],
                    [
                        1.830832349011815,
                        -1.2089386486328033,
                        1.0847432872783356e-09,
                        -3.421521015357268,
                        4.921397902681729,
                        3.081150605290068,
                        7.251857942334529,
                        5.864280750591931
                    ],
                    [
                        0.4928838914000594,
                        -2.4866344943115486,
                        -1.1509274968402405e-09,
                        -3.1620490521219127,
                        1.8529219672305137,
                        3.304844834871492,
                        5.864280750591931,
                        10.3892321265586
                    ]
                ],
                "mui": [
                    0.0,
                    0.0,
                    1.0,
                    -0.5670818794734966,
                    1.3460619192759993,
                    -0.7313709073050156,
                    1.0847432872783356,
                    -1.1509274968402403
                ],
                "Ai": [
                    [
                        0.0,
                        0.0,
                        0.0,
                        0.0,
                        0.0,
                        0.0,
                        0.0,
                        0.0
                    ],
                    [
                        -0.0,
                        0.0,
                        0.0,
                        0.0,
                        0.0,
                        0.0,
                        0.0,
                        0.0
                    ],
                    [
                        0.0,
                        0.0,
                        0.0,
                        0.0,
                        0.0,
                        0.0,
                        0.0,
                        0.0
                    ],
                    [
                        -0.9021784405612212,
                        0.9665726318465726,
                        -0.5670818794734966,
                        0.0,
                        0.0,
                        0.0,
                        0.0,
                        0.0
                    ],
                    [
                        0.9096620067698911,
                        0.5226247923013766,
                        0.8064219244093009,
                        -0.9516086025667464,
                        0.0,
                        0.0,
                        0.0,
                        0.0
                    ],
                    [
                        0.8669081200953999,
                        -0.5548566720387066,
                        -0.7313709073050156,
                        -0.0,
                        -0.0,
                        0.0,
                        0.0,
                        0.0
                    ],
                    [
                        -0.0,
                        -0.5012337444268683,
                        0.8363227934528832,
                        -0.0,
                        0.6318317512155878,
                        0.8231995009123718,
                        0.0,
                        0.0
                    ],
                    [
                        -0.8114159410703752,
                        -0.8286284138976374,
                        -0.5952558368582332,
                        -0.6040048586950417,
                        -0.7639898736524917,
                        0.8996856958463266,
                        0.7266140828695589,
                        0.0
                    ]
                ]
            },
            "est_params": {
                "mui": [
                    -0.0042620161344442105,
                    0.00416010879248553,
                    0.9999994536810157,
                    -0.5556727540271249,
                    1.33975788829869,
                    -0.7391199793014966,
                    1.0758190066578177,
                    -1.170321418195852
                ],
                "Si": [
                    [
                        1.0018938509766262,
                        -0.001147589113045905,
                        4.907689376480974e-07,
                        -0.9075026335947695,
                        1.7767585529752583,
                        0.8722178481574362,
                        1.8395416670850748,
                        0.5095954725805093
                    ],
                    [
                        -0.0011475891130459039,
                        0.9953233071334445,
                        -5.017398561857806e-07,
                        0.9587532414983704,
                        -0.39270383853517277,
                        -0.5559324803528719,
                        -1.2039985234790023,
                        -2.482822739787827
                    ],
                    [
                        4.907689376480974e-07,
                        -5.017398561857806e-07,
                        1.0104681627797057e-06,
                        -4.855317057260543e-07,
                        1.4320428984524018e-06,
                        8.762420145436991e-07,
                        1.5913639778059828e-06,
                        1.0671005273938765e-06
                    ],
                    [
                        -0.9075026335947692,
                        0.9587532414983703,
                        -4.855317057260543e-07,
                        2.7509859040393763,
                        -2.9463557341781454,
                        -1.317095991900851,
                        -3.422916545430564,
                        -3.1503323987444145
                    ],
                    [
                        1.7767585529752583,
                        -0.3927038385351729,
                        1.4320428984524013e-06,
                        -2.9463557341781454,
                        5.224527750723567,
                        1.75786607112532,
                        4.943373381252119,
                        1.8613058155309152
                    ],
                    [
                        0.8722178481574362,
                        -0.5559324803528718,
                        8.762420145436991e-07,
                        -1.317095991900851,
                        1.75786607112532,
                        2.0656954046837255,
                        3.090013157803901,
                        3.3182094933671182
                    ],
                    [
                        1.8395416670850748,
                        -1.2039985234790023,
                        1.5913639778059828e-06,
                        -3.422916545430564,
                        4.943373381252119,
                        3.090013157803901,
                        7.26198918613192,
                        5.8637814911928015
                    ],
                    [
                        0.5095954725805093,
                        -2.482822739787827,
                        1.0671005273938763e-06,
                        -3.1503323987444145,
                        1.8613058155309152,
                        3.3182094933671182,
                        5.8637814911928015,
                        10.378188590165877
                    ]
                ]
            },
            "est_tgt": [
                2
            ],
            "oracle_est_tgt": [
                2
            ]
        },
        "3": {
            "intv_type": "do",
            "inode": 3,
            "new_mui": 1.0,
            "new_vari": null,
            "noise_type": "gaussian",
            "obs_noise_gamma_shape": null,
            "true_params": {
                "Si": [
                    [
                        1.0,
                        0.0,
                        -0.7000397618749566,
                        0.0,
                        0.3451345948356597,
                        1.378896835887474,
                        0.7677149733929597,
                        1.1400137483098143
                    ],
                    [
                        0.0,
                        1.0,
                        0.0,
                        0.0,
                        0.5226247923013766,
                        -0.5548566720387066,
                        -0.6277805421785696,
                        -2.1832592569121823
                    ],
                    [
                        -0.7000397618749566,
                        0.0,
                        1.490055668205946,
                        0.0,
                        0.5648139848257361,
                        -1.6966535199498143,
                        0.20635059713389237,
                        -2.1269707292991487
                    ],
                    [
                        0.0,
                        0.0,
                        0.0,
                        1e-09,
                        -9.516086025667464e-10,
                        0.0,
                        -6.012565298315657e-10,
                        -3.1386698464634563e-10
                    ],
                    [
                        0.3451345948356597,
                        0.5226247923013766,
                        0.5648139848257361,
                        -9.516086025667464e-10,
                        2.0425708831539913,
                        -0.4038703867329527,
                        1.168504865288483,
                        -2.1241260752511213
                    ],
                    [
                        1.378896835887474,
                        -0.5548566720387066,
                        -1.6966535199498143,
                        0.0,
                        -0.4038703867329527,
                        3.7441258145785183,
                        1.6861472442206618,
                        5.253121699237342
                    ],
                    [
                        0.7677149733929597,
                        -0.6277805421785696,
                        0.20635059713389237,
                        -6.012565298315657e-10,
                        1.168504865288483,
                        1.6861472442206618,
                        3.6135745449065584,
                        3.0243800564618155
                    ],
                    [
                        1.1400137483098143,
                        -2.1832592569121823,
                        -2.1269707292991487,
                        -3.1386698464634563e-10,
                        -2.1241260752511213,
                        5.253121699237342,
                        3.0243800564618155,
                        11.69670347256785
                    ]
                ],
                "mui": [
                    0.0,
                    0.0,
                    0.0,
                    1.0,
                    -0.9516086025667464,
                    0.0,
                    -0.6012565298315656,
                    -0.3138669846463456
                ],
                "Ai": [
                    [
                        0.0,
                        0.0,
                        0.0,
                        0.0,
                        0.0,
                        0.0,
                        0.0,
                        0.0
                    ],
                    [
                        -0.0,
                        0.0,
                        0.0,
                        0.0,
                        0.0,
                        0.0,
                        0.0,
                        0.0
                    ],
                    [
                        -0.7000397618749566,
                        -0.0,
                        0.0,
                        0.0,
                        0.0,
                        0.0,
                        0.0,
                        0.0
                    ],
                    [
                        0.0,
                        0.0,
                        0.0,
                        0.0,
                        0.0,
                        0.0,
                        0.0,
                        0.0
                    ],
                    [
                        0.9096620067698911,
                        0.5226247923013766,
                        0.8064219244093009,
                        -0.9516086025667464,
                        0.0,
                        0.0,
                        0.0,
                        0.0
                    ],
                    [
                        0.8669081200953999,
                        -0.5548566720387066,
                        -0.7313709073050156,
                        -0.0,
                        -0.0,
                        0.0,
                        0.0,
                        0.0
                    ],
                    [
                        -0.0,
                        -0.5012337444268683,
                        0.8363227934528832,
                        -0.0,
                        0.6318317512155878,
                        0.8231995009123718,
                        0.0,
                        0.0
                    ],
                    [
                        -0.8114159410703752,
                        -0.8286284138976374,
                        -0.5952558368582332,
                        -0.6040048586950417,
                        -0.7639898736524917,
                        0.8996856958463266,
                        0.7266140828695589,
                        0.0
                    ]
                ]
            },
            "est_params": {
                "mui": [
                    6.139884666382311e-05,
                    0.0009415191041379525,
                    0.0008907728829890207,
                    1.0000003847906758,
                    -0.946523728226716,
                    0.0024750830644993363,
                    -0.5963089865311528,
                    -0.31380114633115497
                ],
                "Si": [
                    [
                        1.0004204486936863,
                        -0.0021332524414013074,
                        -0.7002761930469972,
                        5.794237662929485e-07,
                        0.34993242644013156,
                        1.3766292417043644,
                        0.7677079224944683,
                        1.1323150466599161
                    ],
                    [
                        -0.0021332524414013074,
                        0.9922596768280479,
                        0.005449169594412373,
                        -2.7497380874872363e-07,
                        0.5248925418538799,
                        -0.5537807746092099,
                        -0.6048581143209879,
                        -2.1674254600576117
                    ],
                    [
                        -0.7002761930469973,
                        0.005449169594412367,
                        1.491052167022258,
                        -6.90821103220745e-07,
                        0.5589745132725744,
                        -1.6967165327424416,
                        0.1971998092583143,
                        -2.1297500224196177
                    ],
                    [
                        5.794237662929486e-07,
                        -2.749738087487238e-07,
                        -6.908211032207446e-07,
                        1.0112320373647396e-06,
                        1.7009562767132715e-07,
                        1.7771656844881086e-06,
                        1.813130923325482e-06,
                        3.040291773263899e-06
                    ],
                    [
                        0.34993242644013156,
                        0.5248925418538799,
                        0.5589745132725744,
                        1.7009562767132728e-07,
                        2.0460379068062413,
                        -0.39862317229457567,
                        1.1671085680934903,
                        -2.1210483620098124
                    ],
                    [
