{
    "expt_args": {
        "save_dir": "all_expt_logs/expt_logs_sim_compsel_backward_cameraready_all_re",
        "exp_name": "267",
        "num_nodes": 4,
        "num_tgt_prior": 5,
        "obs_noise_mean": 0.0,
        "obs_noise_var": 1.0,
        "obs_noise_gamma_shape": null,
        "noise_type": "gaussian",
        "max_edge_strength": 1.0,
        "graph_sparsity_method": "adj_dense_prop",
        "adj_dense_prop": 0.8,
        "num_parents": null,
        "new_noise_mean": 1.0,
        "mix_samples": 8192,
        "stage2_samples": 8192,
        "gmm_tol": 0.001,
        "intv_type": "do",
        "new_noise_var": null,
        "dtype": "simulation",
        "cutoff_drop_ratio": 0.07,
        "intv_targets": [
            0,
            1,
            2,
            3
        ]
    },
    "intv_args_dict": {
        "0": {
            "intv_type": "do",
            "inode": 0,
            "new_mui": 1.0,
            "new_vari": null,
            "noise_type": "gaussian",
            "obs_noise_gamma_shape": null,
            "true_params": {
                "Si": [
                    [
                        1e-09,
                        -6.46835221446322e-10,
                        3.0852007944738046e-10,
                        -1.4134590337555082e-09
                    ],
                    [
                        -6.46835221446322e-10,
                        1.0000000004183958,
                        0.755118061213064,
                        0.6698794649694257
                    ],
                    [
                        3.0852007944738046e-10,
                        0.755118061213064,
                        1.5702032867667466,
                        0.5058380818413736
                    ],
                    [
                        -1.4134590337555082e-09,
                        0.6698794649694257,
                        0.5058380818413736,
                        1.4487384983606824
                    ]
                ],
                "mui": [
                    1.0,
                    -0.646835221446322,
                    0.30852007944738047,
                    -1.413459033755508
                ],
                "Ai": [
                    [
                        0.0,
                        0.0,
                        0.0,
                        0.0
                    ],
                    [
                        -0.646835221446322,
                        0.0,
                        0.0,
                        0.0
                    ],
                    [
                        0.7969570379193336,
                        0.7551180614126257,
                        0.0,
                        0.0
                    ],
                    [
                        -0.9801574022810511,
                        0.6698794640551506,
                        -0.0,
                        0.0
                    ]
                ]
            },
            "est_params": {
                "mui": [
                    0.9999969225823294,
                    -0.6699653734948885,
                    0.2300267809772112,
                    -1.4202440842048318
                ],
                "Si": [
                    [
                        1.0171891760729385e-06,
                        1.4111413337884433e-06,
                        -2.7249290962525586e-06,
                        3.7564067424288446e-06
                    ],
                    [
                        1.4111413337884427e-06,
                        0.922546759921009,
                        0.7288789815797505,
                        0.6161112250042505
                    ],
                    [
                        -2.7249290962525586e-06,
                        0.7288789815797505,
                        1.6140406662376847,
                        0.5264861518281347
                    ],
                    [
                        3.756406742428845e-06,
                        0.6161112250042505,
                        0.5264861518281347,
                        1.4329422874508744
                    ]
                ]
            },
            "est_tgt": [
                0
            ],
            "oracle_est_tgt": [
                0
            ]
        },
        "1": {
            "intv_type": "do",
            "inode": 1,
            "new_mui": 1.0,
            "new_vari": null,
            "noise_type": "gaussian",
            "obs_noise_gamma_shape": null,
            "true_params": {
                "Si": [
                    [
                        1.0,
                        0.0,
                        0.7969570379193336,
                        -0.9801574022810511
                    ],
                    [
                        0.0,
                        1e-09,
                        7.551180614126258e-10,
                        6.698794640551507e-10
                    ],
                    [
                        0.7969570379193336,
                        7.551180614126258e-10,
                        1.6351405208593615,
                        -0.7811433395107771
                    ],
                    [
                        -0.9801574022810511,
                        6.698794640551507e-10,
                        -0.7811433395107771,
                        1.9607085336950767
                    ]
                ],
                "mui": [
                    0.0,
                    1.0,
                    0.7551180614126257,
                    0.6698794640551506
                ],
                "Ai": [
                    [
                        0.0,
                        0.0,
                        0.0,
                        0.0
                    ],
                    [
                        0.0,
                        0.0,
                        0.0,
                        0.0
                    ],
                    [
                        0.7969570379193336,
                        0.7551180614126257,
                        0.0,
                        0.0
                    ],
                    [
                        -0.9801574022810511,
                        0.6698794640551506,
                        -0.0,
                        0.0
                    ]
                ]
            },
            "est_params": {
                "mui": [
                    0.016431168274534346,
                    1.0000008077816118,
                    0.7457215170065331,
                    0.6467954620700352
                ],
                "Si": [
                    [
                        0.9911990677045897,
                        -5.901878694060469e-07,
                        0.8034652762071928,
                        -0.9768135677621537
                    ],
                    [
                        -5.901878694060469e-07,
                        1.0015715504085943e-06,
                        -5.675539994798173e-07,
                        2.327443100423498e-06
                    ],
                    [
                        0.8034652762071929,
                        -5.675539994798178e-07,
                        1.6304460076276253,
                        -0.7795063536908485
                    ],
                    [
                        -0.9768135677621537,
                        2.327443100423498e-06,
                        -0.7795063536908485,
                        2.0029249541818532
                    ]
                ]
            },
            "est_tgt": [
                1,
                3
            ],
            "oracle_est_tgt": [
                1,
                3
            ]
        },
        "2": {
            "intv_type": "do",
            "inode": 2,
            "new_mui": 1.0,
            "new_vari": null,
            "noise_type": "gaussian",
            "obs_noise_gamma_shape": null,
            "true_params": {
                "Si": [
                    [
                        1.0,
                        -0.646835221446322,
                        0.0,
                        -1.413459033755508
                    ],
                    [
                        -0.646835221446322,
                        1.4183958037035125,
                        0.0,
                        1.584154551159699
                    ],
                    [
                        0.0,
                        0.0,
                        1e-09,
                        0.0
                    ],
                    [
                        -1.413459033755508,
                        1.584154551159699,
                        0.0,
                        3.44660493646787
                    ]
                ],
                "mui": [
                    0.0,
                    0.0,
                    1.0,
                    0.0
                ],
                "Ai": [
                    [
                        0.0,
                        0.0,
                        0.0,
                        0.0
                    ],
                    [
                        -0.646835221446322,
                        0.0,
                        0.0,
                        0.0
                    ],
                    [
                        0.0,
                        0.0,
                        0.0,
                        0.0
                    ],
                    [
                        -0.9801574022810511,
                        0.6698794640551506,
                        -0.0,
                        0.0
                    ]
                ]
            },
            "est_params": {
                "mui": [
                    -0.010146882156404372,
                    0.03794723040199027,
                    0.9999953613401579,
                    -0.008613101006652576
                ],
                "Si": [
                    [
                        0.9705804407498618,
                        -0.6729586831058744,
                        3.962174280851112e-06,
                        -1.3893125930342936
                    ],
                    [
                        -0.6729586831058744,
                        1.4613794011511496,
                        -8.976975902047783e-07,
                        1.622774282294509
                    ],
                    [
                        3.962174280851113e-06,
                        -8.976975902047785e-07,
                        1.0342071721666185e-06,
                        2.1558736645141525e-06
                    ],
                    [
                        -1.3893125930342936,
                        1.622774282294509,
                        2.1558736645141525e-06,
                        3.388937468838567
                    ]
                ]
            },
            "est_tgt": [
                2
            ],
            "oracle_est_tgt": [
                2
            ]
        },
        "3": {
            "intv_type": "do",
            "inode": 3,
            "new_mui": 1.0,
            "new_vari": null,
            "noise_type": "gaussian",
            "obs_noise_gamma_shape": null,
            "true_params": {
                "Si": [
                    [
                        1.0,
                        -0.646835221446322,
                        0.30852007944738047,
                        0.0
                    ],
                    [
                        -0.646835221446322,
                        1.4183958037035125,
                        0.5555564075026425,
                        0.0
                    ],
                    [
                        0.30852007944738047,
                        0.5555564075026425,
                        1.6653879260937798,
                        0.0
                    ],
                    [
                        0.0,
                        0.0,
                        0.0,
                        1e-09
                    ]
                ],
                "mui": [
                    0.0,
                    0.0,
                    0.0,
                    1.0
                ],
                "Ai": [
                    [
                        0.0,
                        0.0,
                        0.0,
                        0.0
                    ],
                    [
                        -0.646835221446322,
                        0.0,
                        0.0,
                        0.0
                    ],
                    [
                        0.7969570379193336,
                        0.7551180614126257,
                        0.0,
                        0.0
                    ],
                    [
                        0.0,
                        0.0,
                        0.0,
                        0.0
                    ]
                ]
            },
            "est_params": {
                "mui": [
                    0.0012615566216790893,
                    0.00264384664705872,
                    0.00785601171624109,
                    1.000001116412941
                ],
                "Si": [
                    [
                        1.0151234400692728,
                        -0.6480158224341479,
                        0.31307753500841046,
                        -1.2491421794767644e-06
                    ],
                    [
                        -0.6480158224341479,
                        1.3720465047416774,
                        0.4850032510032529,
                        2.2182695625975025e-06
                    ],
                    [
                        0.31307753500841046,
                        0.4850032510032529,
                        1.5667940451604774,
                        2.1428168968779665e-06
                    ],
                    [
                        -1.2491421794767644e-06,
                        2.2182695625975025e-06,
                        2.1428168968779665e-06,
                        1.0068580636048053e-06
                    ]
                ]
            },
            "est_tgt": [
                1,
                3
            ],
            "oracle_est_tgt": [
                1,
                3
            ]
        },
        "obs": {
            "intv_type": "obs",
            "noise_type": "gaussian",
            "obs_noise_gamma_shape": null,
            "true_params": {
                "Si": [
                    [
                        1.0,
                        -0.646835221446322,
                        0.30852007944738047,
                        -1.413459033755508
                    ],
                    [
                        -0.646835221446322,
                        1.4183958037035125,
                        0.5555564075026425,
                        1.584154551159699
                    ],
                    [
                        0.30852007944738047,
                        0.5555564075026425,
                        1.6653879260937798,
                        0.06975758888758711
                    ],
                    [
                        -1.413459033755508,
                        1.584154551159699,
                        0.06975758888758711,
                        3.44660493646787
                    ]
                ],
                "mui": [
                    0.0,
                    0.0,
                    0.0,
                    0.0
                ],
                "Ai": [
                    [
                        0.0,
                        0.0,
                        0.0,
                        0.0
                    ],
                    [
                        -0.646835221446322,
                        0.0,
                        0.0,
                        0.0
                    ],
                    [
                        0.7969570379193336,
                        0.7551180614126257,
                        0.0,
                        0.0
                    ],
                    [
                        -0.9801574022810511,
                        0.6698794640551506,
                        -0.0,
                        0.0
                    ]
                ]
            },
            "est_params": {
                "mui": [
                    0.03972167588968669,
                    -0.0710897443903231,
                    -0.07042990806629047,
                    -0.06222032217646417
                ],
                "Si": [
                    [
                        0.9820974156447037,
                        -0.599158640270045,
                        0.3378301733813743,
                        -1.341050844243789
                    ],
                    [
                        -0.599158640270045,
                        1.365364470294538,
                        0.5344732442994894,
                        1.4723352084507126
                    ],
                    [
                        0.3378301733813743,
                        0.5344732442994894,
                        1.6525643551376044,
                        0.04309128659983039
                    ],
                    [
                        -1.341050844243789,
                        1.4723352084507126,
                        0.04309128659983039,
                        3.3215076528651895
                    ]
                ]
            },
            "est_tgt": [
                0,
                1,
                2,
                3
            ],
            "oracle_est_tgt": [
                0,
                1,
                2,
                3
            ]
        }
    },
    "metric_dict": {
        "param_est_rel_err": 2.3336808516873173,
        "est_num_comp": 5,
        "weight_precision_error": 0.0022763621419681357,
        "gm_score_dict": {
            "1": -5.837123293516264,
            "2": -5.745034211426366,
            "3": -3.7633002516428653,
            "4": -2.5370749786552405,
            "5": -1.3474511789249317
        },
        "est_dag": {
            "amat": [
                [
                    0,
                    0,
                    1,
                    1
                ],
                [
                    0,
                    0,
                    1,
                    0
                ],
                [
                    0,
                    0,
                    0,
                    0
                ],
                [
                    0,
                    1,
                    0,
                    0
                ]
            ],
            "nodes": [
                0,
                1,
                2,
                3
            ]
        },
        "oracle_est_dag": {
            "amat": [
                [
                    0,
                    0,
                    1,
                    1
                ],
                [
                    0,
                    0,
                    1,
                    0
                ],
                [
                    0,
                    0,
                    0,
                    0
                ],
                [
                    0,
                    1,
                    0,
                    0
                ]
            ],
            "nodes": [
                0,
                1,
                2,
                3
            ]
        },
        "igsp_dag": null,
        "intv_base_est_dag": null,
        "act_dag": {
            "amat": [
                [
                    0,
                    1,
                    1,
                    1
                ],
                [
                    0,
                    0,
                    1,
                    1
                ],
                [
                    0,
                    0,
                    0,
                    0
                ],
                [
                    0,
                    0,
                    0,
                    0
                ]
            ],
            "nodes": [
                0,
                1,
                2,
                3
            ]
        },
        "shd": 2,
        "oracle_shd": 2,
        "intv_base_shd": null,
        "igsp_shd": null,
        "avg_js": 0.6,
        "avg_oracle_js": 0.6
    }
}