{
    "expt_args": {
        "save_dir": "all_expt_logs/expt_logs_sim_compsel_backward_cameraready_all_re",
        "exp_name": "317",
        "num_nodes": 6,
        "num_tgt_prior": 7,
        "obs_noise_mean": 0.0,
        "obs_noise_var": 1.0,
        "obs_noise_gamma_shape": null,
        "noise_type": "gaussian",
        "max_edge_strength": 1.0,
        "graph_sparsity_method": "adj_dense_prop",
        "adj_dense_prop": 0.8,
        "num_parents": null,
        "new_noise_mean": 1.0,
        "mix_samples": 524288,
        "stage2_samples": 524288,
        "gmm_tol": 0.001,
        "intv_type": "do",
        "new_noise_var": null,
        "dtype": "simulation",
        "cutoff_drop_ratio": 0.07,
        "intv_targets": [
            0,
            1,
            2,
            3,
            4,
            5
        ]
    },
    "intv_args_dict": {
        "0": {
            "intv_type": "do",
            "inode": 0,
            "new_mui": 1.0,
            "new_vari": null,
            "noise_type": "gaussian",
            "obs_noise_gamma_shape": null,
            "true_params": {
                "Si": [
                    [
                        1e-09,
                        -7.192683465748248e-10,
                        -5.656804802781333e-10,
                        -2.5228457300297966e-10,
                        -1.2374625798565882e-11,
                        1.7929984846058266e-09
                    ],
                    [
                        -7.192683465748248e-10,
                        1.000000000517347,
                        0.7864665298627028,
                        0.35075166915781053,
                        -1.1153455481622352,
                        -2.1839303513599595
                    ],
                    [
                        -5.656804802781333e-10,
                        0.7864665298627028,
                        1.6185296022742872,
                        -0.530775276401058,
                        -1.4449223282565935,
                        -3.3538552444519154
                    ],
                    [
                        -2.5228457300297966e-10,
                        0.35075166915781053,
                        -0.530775276401058,
                        1.7736782455493292,
                        0.06674695843368823,
                        1.1094479860677149
                    ],
                    [
                        -1.2374625798565882e-11,
                        -1.1153455481622352,
                        -1.4449223282565935,
                        0.06674695843368823,
                        2.5663248375497885,
                        4.1075932703788105
                    ],
                    [
                        1.7929984846058266e-09,
                        -2.1839303513599595,
                        -3.3538552444519154,
                        1.1094479860677149,
                        4.1075932703788105,
                        9.30734125668236
                    ]
                ],
                "mui": [
                    1.0,
                    -0.7192683465748247,
                    -0.5656804802781332,
                    -0.25228457300297963,
                    -0.01237462579856588,
                    1.7929984846058264
                ],
                "Ai": [
                    [
                        0.0,
                        0.0,
                        0.0,
                        0.0,
                        0.0,
                        0.0
                    ],
                    [
                        -0.7192683465748247,
                        0.0,
                        0.0,
                        0.0,
                        0.0,
                        0.0
                    ],
                    [
                        0.0,
                        0.7864665294558267,
                        0.0,
                        0.0,
                        0.0,
                        0.0
                    ],
                    [
                        -0.0,
                        0.9851389488374318,
                        -0.8066297243444396,
                        0.0,
                        0.0,
                        0.0
                    ],
                    [
                        -0.8146073740912103,
                        -0.6688367372802198,
                        -0.5677403858494336,
                        -0.0,
                        0.0,
                        0.0
                    ],
                    [
                        0.8272416782288865,
                        -0.9476082248272195,
                        -0.7663938474221785,
                        0.5556035054172269,
                        0.7427813506202834,
                        0.0
                    ]
                ]
            },
            "est_params": {
                "mui": [
                    0.9999999652922567,
                    -0.718651881771286,
                    -0.567302640166353,
                    -0.25295002350547874,
                    -0.011039525187216528,
                    1.7927577456638204
                ],
                "Si": [
                    [
                        1.0110027262862225e-06,
                        -4.738179624000735e-07,
                        -5.620188964434603e-07,
                        5.939139769499337e-07,
                        3.658153502755001e-07,
                        1.5482163241334056e-06
                    ],
                    [
                        -4.738179624000733e-07,
                        1.0006369382196472,
                        0.7851476989783558,
                        0.3572773141066585,
                        -1.1148788493729307,
                        -2.179748202638372
                    ],
                    [
                        -5.620188964434603e-07,
                        0.7851476989783557,
                        1.6240400335928669,
                        -0.5357810956265845,
                        -1.4459640643937184,
                        -3.362662253962509
                    ],
                    [
                        5.939139769499339e-07,
                        0.3572773141066584,
                        -0.5357810956265845,
                        1.7904868562982876,
                        0.0644374854786252,
                        1.120970523400412
                    ],
                    [
                        3.658153502755001e-07,
                        -1.1148788493729307,
                        -1.4459640643937184,
                        0.06443748547862518,
                        2.5658922735168455,
                        4.1088645978061775
                    ],
                    [
                        1.548216324133406e-06,
                        -2.179748202638372,
                        -3.362662253962509,
                        1.120970523400412,
                        4.1088645978061775,
                        9.330924873001388
                    ]
                ]
            },
            "est_tgt": [
                0
            ],
            "oracle_est_tgt": [
                0
            ]
        },
        "1": {
            "intv_type": "do",
            "inode": 1,
            "new_mui": 1.0,
            "new_vari": null,
            "noise_type": "gaussian",
            "obs_noise_gamma_shape": null,
            "true_params": {
                "Si": [
                    [
                        1.0,
                        0.0,
                        0.0,
                        0.0,
                        -0.8146073740912103,
                        0.22216651267617482
                    ],
                    [
                        0.0,
                        1e-09,
                        7.864665294558267e-10,
                        3.5075166897635024e-10,
                        -1.1153455481711358e-09,
                        -2.1839303500703125e-09
                    ],
                    [
                        0.0,
                        7.864665294558267e-10,
                        1.0000000006185297,
                        -0.8066297240685851,
                        -0.5677403867266156,
                        -1.6362671221621918
                    ],
                    [
                        0.0,
                        3.5075166897635024e-10,
                        -0.8066297240685851,
                        1.6506515123190133,
                        0.45795627054572513,
                        1.8754652009693102
                    ],
                    [
                        -0.8146073740912103,
                        -1.1153455481711358e-09,
                        -0.5677403867266156,
                        0.45795627054572513,
                        1.9859143208922365,
                        1.4907777998679412
                    ],
                    [
                        0.22216651267617482,
                        -2.1839303500703125e-09,
                        -1.6362671221621918,
                        1.8754652009693102,
                        1.4907777998679412,
                        4.587147443633523
                    ]
                ],
                "mui": [
                    0.0,
                    1.0,
                    0.7864665294558267,
                    0.35075166897635024,
                    -1.1153455481711358,
                    -2.1839303500703124
                ],
                "Ai": [
                    [
                        0.0,
                        0.0,
                        0.0,
                        0.0,
                        0.0,
                        0.0
                    ],
                    [
                        0.0,
                        0.0,
                        0.0,
                        0.0,
                        0.0,
                        0.0
                    ],
                    [
                        0.0,
                        0.7864665294558267,
                        0.0,
                        0.0,
                        0.0,
                        0.0
                    ],
                    [
                        -0.0,
                        0.9851389488374318,
                        -0.8066297243444396,
                        0.0,
                        0.0,
                        0.0
                    ],
                    [
                        -0.8146073740912103,
                        -0.6688367372802198,
                        -0.5677403858494336,
                        -0.0,
                        0.0,
                        0.0
                    ],
                    [
                        0.8272416782288865,
                        -0.9476082248272195,
                        -0.7663938474221785,
                        0.5556035054172269,
                        0.7427813506202834,
                        0.0
                    ]
                ]
            },
            "est_params": {
                "mui": [
                    0.0034879130976075466,
                    0.9999998336116684,
                    0.7840644848098345,
                    0.35854054179786904,
                    -1.1147397037227316,
                    -2.1770004373167335
                ],
                "Si": [
                    [
                        1.008360624254238,
                        4.2755791146509456e-07,
                        0.007426980641345222,
                        -0.004016673157262189,
                        -0.8235723746334951,
                        0.21256432034437
                    ],
                    [
                        4.2755791146509445e-07,
                        1.012222872352097e-06,
                        3.2236739224020744e-07,
                        -1.0109363303966084e-06,
                        -5.689623881823641e-07,
                        -8.225691707812734e-07
                    ],
                    [
                        0.0074269806413452205,
                        3.223673922402072e-07,
                        0.988181222591689,
                        -0.7966495943805508,
                        -0.5696700673194109,
                        -1.6190375181600676
                    ],
                    [
                        -0.00401667315726219,
                        -1.0109363303966084e-06,
                        -0.7966495943805508,
                        1.6402671395012487,
                        0.4577729186766866,
                        1.8571998305041792
                    ],
                    [
                        -0.8235723746334951,
                        -5.689623881823646e-07,
                        -0.5696700673194109,
                        0.4577729186766867,
                        1.9920959127552142,
                        1.4962389422930353
                    ],
                    [
                        0.21256432034436998,
                        -8.22569170781273e-07,
                        -1.6190375181600676,
                        1.8571998305041792,
                        1.4962389422930353,
                        4.568478572157224
                    ]
                ]
            },
            "est_tgt": [
                1
            ],
            "oracle_est_tgt": [
                1
            ]
        },
        "2": {
            "intv_type": "do",
            "inode": 2,
            "new_mui": 1.0,
            "new_vari": null,
            "noise_type": "gaussian",
            "obs_noise_gamma_shape": null,
            "true_params": {
                "Si": [
                    [
                        1.0,
                        -0.7192683465748247,
                        0.0,
                        -0.7085792628767604,
                        -0.3335342799391662,
                        0.867394114049405
                    ],
                    [
                        -0.7192683465748247,
                        1.5173469543844822,
                        0.0,
                        1.4947975836640075,
                        -0.428936087222351,
                        -1.520950156832616
                    ],
                    [
                        0.0,
                        0.0,
                        1e-09,
                        -8.066297243444397e-10,
                        -5.677403858494336e-10,
                        -1.636267120444604e-09
                    ],
                    [
                        -0.7085792628767604,
                        1.4947975836640075,
                        -8.066297243444397e-10,
                        2.4725833209461445,
                        -0.4225616456267115,
                        -0.9427437319991218
                    ],
                    [
                        -0.3335342799391662,
                        -0.428936087222351,
                        -5.677403858494336e-10,
                        -0.4225616456267115,
                        1.5585876973525168,
                        1.0534630504630662
                    ],
                    [
                        0.867394114049405,
                        -1.520950156832616,
                        -1.636267120444604e-09,
                        -0.9427437319991218,
                        1.0534630504630662,
                        3.4175104272556385
                    ]
                ],
                "mui": [
                    0.0,
                    0.0,
                    1.0,
                    -0.8066297243444396,
                    -0.5677403858494336,
                    -1.6362671204446038
                ],
                "Ai": [
                    [
                        0.0,
                        0.0,
                        0.0,
                        0.0,
                        0.0,
                        0.0
                    ],
                    [
                        -0.7192683465748247,
                        0.0,
                        0.0,
                        0.0,
                        0.0,
                        0.0
                    ],
                    [
                        0.0,
                        0.0,
                        0.0,
                        0.0,
                        0.0,
                        0.0
                    ],
                    [
                        -0.0,
                        0.9851389488374318,
                        -0.8066297243444396,
                        0.0,
                        0.0,
                        0.0
                    ],
                    [
                        -0.8146073740912103,
                        -0.6688367372802198,
                        -0.5677403858494336,
                        -0.0,
                        0.0,
                        0.0
                    ],
                    [
                        0.8272416782288865,
                        -0.9476082248272195,
                        -0.7663938474221785,
                        0.5556035054172269,
                        0.7427813506202834,
                        0.0
                    ]
                ]
            },
            "est_params": {
                "mui": [
                    -0.0015531321521194796,
                    0.004683157260472756,
                    0.9999996810053456,
                    -0.7989985801250566,
                    -0.5684891957930799,
                    -1.6374348100865639
                ],
                "Si": [
                    [
                        0.9994599947100912,
                        -0.7176615346743781,
                        2.3412048087784695e-07,
                        -0.702752434834378,
                        -0.3377184058342801,
                        0.8594751198397289
                    ],
                    [
                        -0.7176615346743781,
                        1.5164800289640692,
                        -1.496744887463618e-07,
                        1.4935356788063006,
                        -0.42195812492497126,
                        -1.5123971360521609
                    ],
                    [
                        2.341204808778469e-07,
                        -1.4967448874636175e-07,
                        1.0112965304882974e-06,
                        1.420358190394908e-07,
                        -6.127456070072587e-07,
                        -7.370534803670097e-07
                    ],
                    [
                        -0.702752434834378,
                        1.4935356788063006,
                        1.420358190394909e-07,
                        2.4804365044593295,
                        -0.41810666021296095,
                        -0.922872446868004
                    ],
                    [
                        -0.3377184058342801,
                        -0.42195812492497126,
                        -6.127456070072587e-07,
                        -0.41810666021296095,
                        1.5626184475933471,
                        1.0533059249971533
                    ],
                    [
                        0.8594751198397288,
                        -1.5123971360521609,
                        -7.370534803670099e-07,
                        -0.922872446868004,
                        1.0533059249971533,
                        3.414479455704006
                    ]
                ]
            },
            "est_tgt": [
                2
            ],
            "oracle_est_tgt": [
                2
            ]
        },
        "3": {
            "intv_type": "do",
            "inode": 3,
            "new_mui": 1.0,
            "new_vari": null,
            "noise_type": "gaussian",
            "obs_noise_gamma_shape": null,
            "true_params": {
                "Si": [
                    [
                        1.0,
                        -0.7192683465748247,
                        -0.5656804802781332,
                        0.0,
                        -0.01237462579856588,
                        1.9331686777289703
                    ],
                    [
                        -0.7192683465748247,
                        1.5173469543844822,
                        1.1933425931951325,
                        0.0,
                        -1.1064448715335191,
                        -3.769276245364872
                    ],
                    [
                        -0.5656804802781332,
                        1.1933425931951325,
                        1.9385240077219923,
                        0.0,
                        -1.4379222439985986,
                        -4.152510425277502
                    ],
                    [
                        0.0,
                        0.0,
                        0.0,
                        1e-09,
                        0.0,
                        5.556035054172269e-10
                    ],
                    [
                        -0.01237462579856588,
                        -1.1064448715335191,
                        -1.4379222439985986,
                        0.0,
                        2.56647796891329,
                        4.046586187328632
                    ],
                    [
                        1.9331686777289703,
                        -3.769276245364872,
                        -4.152510425277502,
                        5.556035054172269e-10,
                        4.046586187328632,
                        12.359182068240816
                    ]
                ],
                "mui": [
                    0.0,
                    0.0,
                    0.0,
                    1.0,
                    0.0,
                    0.5556035054172269
                ],
                "Ai": [
                    [
                        0.0,
                        0.0,
                        0.0,
                        0.0,
                        0.0,
                        0.0
                    ],
                    [
                        -0.7192683465748247,
                        0.0,
                        0.0,
                        0.0,
                        0.0,
                        0.0
                    ],
                    [
                        0.0,
                        0.7864665294558267,
                        0.0,
                        0.0,
                        0.0,
                        0.0
                    ],
                    [
                        0.0,
                        0.0,
                        0.0,
                        0.0,
                        0.0,
                        0.0
                    ],
                    [
                        -0.8146073740912103,
                        -0.6688367372802198,
                        -0.5677403858494336,
                        -0.0,
                        0.0,
                        0.0
                    ],
                    [
                        0.8272416782288865,
                        -0.9476082248272195,
                        -0.7663938474221785,
                        0.5556035054172269,
                        0.7427813506202834,
                        0.0
                    ]
                ]
            },
            "est_params": {
                "mui": [
                    -0.0008369291417252015,
                    -0.005700789469830572,
                    -0.007970704794477274,
                    0.9999992794846587,
                    0.005634451840733972,
                    0.5709671590453483
                ],
                "Si": [
                    [
                        0.991748375267305,
                        -0.7108050985150393,
                        -0.5628979134506094,
                        2.0675991655019278e-07,
                        -0.011122777156418425,
                        1.9165457691740966
                    ],
                    [
                        -0.7108050985150393,
                        1.5085129033881202,
                        1.1862204387850472,
                        -1.9555717193875615e-07,
                        -1.1024217772117335,
                        -3.745977194366866
                    ],
                    [
                        -0.5628979134506094,
                        1.1862204387850472,
                        1.9334099277988663,
                        2.1182990479186115e-07,
                        -1.4263354062650722,
                        -4.13047093138091
                    ],
                    [
                        2.0675991655019265e-07,
                        -1.9555717193875597e-07,
                        2.1182990479186125e-07,
                        1.0117812663448316e-06,
                        -4.102493808588311e-07,
                        -6.616529911952414e-07
                    ],
                    [
                        -0.011122777156418422,
                        -1.1024217772117335,
                        -1.4263354062650722,
                        -4.102493808588307e-07,
                        2.5353432604507944,
                        4.014637161592578
                    ],
                    [
                        1.9165457691740966,
                        -3.745977194366866,
                        -4.130470931380911,
                        -6.616529911952414e-07,
                        4.014637161592579,
                        12.289075305061239
                    ]
                ]
            },
            "est_tgt": [
                3
            ],
            "oracle_est_tgt": [
                3
            ]
        },
        "4": {
            "intv_type": "do",
            "inode": 4,
            "new_mui": 1.0,
            "new_vari": null,
            "noise_type": "gaussian",
            "obs_noise_gamma_shape": null,
            "true_params": {
                "Si": [
                    [
                        1.0,
                        -0.7192683465748247,
                        -0.5656804802781332,
                        -0.25228457300297963,
                        0.0,
                        1.8021901258699058
                    ],
                    [
                        -0.7192683465748247,
                        1.5173469543844822,
                        1.1933425931951325,
                        0.5322119766665391,
                        0.0,
                        -2.651730789439358
                    ],
                    [
                        -0.5656804802781332,
                        1.1933425931951325,
                        1.9385240077219923,
                        -0.38806281812068116,
                        0.0,
                        -3.300057660863213
                    ],
                    [
                        -0.25228457300297963,
                        0.5322119766665391,
                        -0.38806281812068116,
                        1.8373257512609775,
                        0.0,
                        0.6052048242119334
                    ],
                    [
                        0.0,
                        0.0,
                        0.0,
                        0.0,
                        1e-09,
                        7.427813506202834e-10
                    ],
                    [
                        1.8021901258699058,
                        -2.651730789439358,
                        -3.300057660863213,
                        0.6052048242119334,
                        7.427813506202834e-10,
                        7.8690465001157435
                    ]
                ],
                "mui": [
                    0.0,
                    0.0,
                    0.0,
                    0.0,
                    1.0,
                    0.7427813506202834
                ],
                "Ai": [
                    [
                        0.0,
                        0.0,
                        0.0,
                        0.0,
                        0.0,
                        0.0
                    ],
                    [
                        -0.7192683465748247,
                        0.0,
                        0.0,
                        0.0,
                        0.0,
                        0.0
                    ],
                    [
                        0.0,
                        0.7864665294558267,
                        0.0,
                        0.0,
                        0.0,
                        0.0
                    ],
                    [
                        -0.0,
                        0.9851389488374318,
                        -0.8066297243444396,
                        0.0,
                        0.0,
                        0.0
                    ],
                    [
                        0.0,
                        0.0,
                        0.0,
                        0.0,
                        0.0,
                        0.0
                    ],
                    [
                        0.8272416782288865,
                        -0.9476082248272195,
                        -0.7663938474221785,
                        0.5556035054172269,
                        0.7427813506202834,
                        0.0
                    ]
                ]
            },
            "est_params": {
                "mui": [
                    0.0022174226501923914,
                    -0.003996350028522371,
                    0.00010014293618775086,
                    -0.005338711186142064,
                    1.0000002986616565,
                    0.7491596468560914
                ],
                "Si": [
                    [
                        0.9953910713079152,
                        -0.7147117577141175,
                        -0.5643704851164251,
                        -0.24301906705941528,
                        3.2378860267837405e-07,
                        1.8010392506930424
                    ],
                    [
                        -0.7147117577141175,
                        1.5199543094472354,
                        1.198859148641727,
                        0.529983901790018,
                        -2.996766083862848e-07,
                        -2.6580638016636033
                    ],
                    [
                        -0.5643704851164251,
                        1.198859148641727,
                        1.9555407401947476,
                        -0.39129557138436044,
                        -6.180145505868914e-07,
                        -3.3189220962390307
                    ],
                    [
                        -0.24301906705941523,
                        0.529983901790018,
                        -0.39129557138436033,
                        1.8423721679343041,
                        -2.5870092065593047e-07,
                        0.6207322708272083
                    ],
                    [
                        3.2378860267837405e-07,
                        -2.996766083862849e-07,
                        -6.180145505868913e-07,
                        -2.587009206559303e-07,
                        1.0111130225316004e-06,
                        6.379923290986001e-07
                    ],
                    [
                        1.8010392506930422,
                        -2.6580638016636033,
                        -3.3189220962390307,
                        0.6207322708272082,
                        6.379923290986001e-07,
                        7.898369538317022
                    ]
                ]
            },
            "est_tgt": [
                4,
                5
            ],
            "oracle_est_tgt": [
                4,
                5
            ]
        },
        "5": {
            "intv_type": "do",
            "inode": 5,
            "new_mui": 1.0,
            "new_vari": null,
            "noise_type": "gaussian",
            "obs_noise_gamma_shape": null,
            "true_params": {
                "Si": [
                    [
                        1.0,
                        -0.7192683465748247,
                        -0.5656804802781332,
                        -0.25228457300297963,
                        -0.01237462579856588,
                        0.0
                    ],
                    [
                        -0.7192683465748247,
                        1.5173469543844822,
                        1.1933425931951325,
                        0.5322119766665391,
                        -1.1064448715335191,
                        0.0
                    ],
                    [
                        -0.5656804802781332,
                        1.1933425931951325,
                        1.9385240077219923,
                        -0.38806281812068116,
                        -1.4379222439985986,
                        0.0
                    ],
                    [
                        -0.25228457300297963,
                        0.5322119766665391,
                        -0.38806281812068116,
                        1.8373257512609775,
                        0.06986888561622913,
                        0.0
                    ],
                    [
                        -0.01237462579856588,
                        -1.1064448715335191,
                        -1.4379222439985986,
                        0.06986888561622913,
                        2.56647796891329,
                        0.0
                    ],
                    [
                        0.0,
                        0.0,
                        0.0,
                        0.0,
                        0.0,
                        1e-09
                    ]
                ],
                "mui": [
                    0.0,
                    0.0,
                    0.0,
                    0.0,
                    0.0,
                    1.0
                ],
                "Ai": [
                    [
                        0.0,
                        0.0,
                        0.0,
                        0.0,
                        0.0,
                        0.0
                    ],
                    [
                        -0.7192683465748247,
                        0.0,
                        0.0,
                        0.0,
                        0.0,
                        0.0
                    ],
                    [
                        0.0,
                        0.7864665294558267,
                        0.0,
                        0.0,
                        0.0,
                        0.0
                    ],
                    [
                        -0.0,
                        0.9851389488374318,
                        -0.8066297243444396,
                        0.0,
                        0.0,
                        0.0
                    ],
                    [
                        -0.8146073740912103,
                        -0.6688367372802198,
                        -0.5677403858494336,
                        -0.0,
                        0.0,
                        0.0
                    ],
                    [
                        0.0,
                        0.0,
                        0.0,
                        0.0,
                        0.0,
                        0.0
                    ]
                ]
            },
            "est_params": {
                "mui": [
                    0.004674979312279973,
                    -0.004281102012712024,
                    -0.006104542012139206,
                    0.0010977384375277454,
                    0.006420174360493845,
                    0.9999996125646854
                ],
                "Si": [
                    [
                        1.0049527658178816,
                        -0.7170041301208298,
                        -0.5717105360269263,
                        -0.2454820030899879,
                        -0.014035870308919226,
                        2.7337380346879885e-07
                    ],
                    [
                        -0.7170041301208298,
                        1.5112480015902832,
                        1.1999235487847653,
                        0.5196279120307687,
                        -1.10768944456177,
                        -1.463000337981407e-07
                    ],
                    [
                        -0.5717105360269263,
                        1.1999235487847653,
                        1.9493933266704215,
                        -0.3844059149135789,
                        -1.4432850717898726,
                        1.77807238432895e-07
                    ],
                    [
                        -0.24548200308998785,
                        0.5196279120307687,
                        -0.3844059149135789,
                        1.81701563927616,
                        0.0726796214444123,
                        -9.42482278010069e-08
                    ],
                    [
                        -0.014035870308919217,
                        -1.10768944456177,
                        -1.4432850717898726,
                        0.07267962144441227,
                        2.5659281303089174,
                        -3.115394142964872e-07
                    ],
                    [
                        2.7337380346879875e-07,
                        -1.4630003379814072e-07,
                        1.7780723843289515e-07,
                        -9.424822780100694e-08,
                        -3.1153941429648725e-07,
                        1.00514203048579e-06
                    ]
                ]
            },
            "est_tgt": [
                4,
                5
            ],
            "oracle_est_tgt": [
                4,
                5
            ]
        },
        "obs": {
            "intv_type": "obs",
            "noise_type": "gaussian",
            "obs_noise_gamma_shape": null,
            "true_params": {
                "Si": [
                    [
                        1.0,
                        -0.7192683465748247,
                        -0.5656804802781332,
                        -0.25228457300297963,
                        -0.01237462579856588,
                        1.7929984846058264
                    ],
                    [
                        -0.7192683465748247,
                        1.5173469543844822,
                        1.1933425931951325,
                        0.5322119766665391,
                        -1.1064448715335191,
                        -3.473577405503912
                    ],
                    [
                        -0.5656804802781332,
                        1.1933425931951325,
                        1.9385240077219923,
                        -0.38806281812068116,
                        -1.4379222439985986,
                        -4.36811948734744
                    ],
                    [
                        -0.25228457300297963,
                        0.5322119766665391,
                        -0.38806281812068116,
                        1.8373257512609775,
                        0.06986888561622913,
                        0.6571021294362903
                    ],
                    [
                        -0.01237462579856588,
                        -1.1064448715335191,
                        -1.4379222439985986,
                        0.06986888561622913,
                        2.56647796891329,
                        4.085405585096606
                    ],
                    [
                        1.7929984846058264,
