{
    "expt_args": {
        "save_dir": "all_expt_logs/expt_logs_sim_compsel_backward_cameraready_all_re",
        "exp_name": "260",
        "num_nodes": 8,
        "num_tgt_prior": 9,
        "obs_noise_mean": 0.0,
        "obs_noise_var": 1.0,
        "obs_noise_gamma_shape": null,
        "noise_type": "gaussian",
        "max_edge_strength": 1.0,
        "graph_sparsity_method": "adj_dense_prop",
        "adj_dense_prop": 0.8,
        "num_parents": null,
        "new_noise_mean": 1.0,
        "mix_samples": 131072,
        "stage2_samples": 131072,
        "gmm_tol": 0.001,
        "intv_type": "do",
        "new_noise_var": null,
        "dtype": "simulation",
        "cutoff_drop_ratio": 0.07,
        "intv_targets": [
            0,
            1,
            2,
            3,
            4,
            5,
            6,
            7
        ]
    },
    "intv_args_dict": {
        "0": {
            "intv_type": "do",
            "inode": 0,
            "new_mui": 1.0,
            "new_vari": null,
            "noise_type": "gaussian",
            "obs_noise_gamma_shape": null,
            "true_params": {
                "Si": [
                    [
                        1e-09,
                        0.0,
                        0.0,
                        0.0,
                        9.42893803294343e-10,
                        6.715372844516998e-10,
                        -1.2539329397209524e-09,
                        1.6427801274082239e-09
                    ],
                    [
                        0.0,
                        1.0,
                        0.0,
                        0.9591001649281696,
                        -0.14951437289478936,
                        -0.638794073044709,
                        -0.13405840643618794,
                        -0.2753962867790365
                    ],
                    [
                        0.0,
                        0.0,
                        1.0,
                        -0.87558054786562,
                        0.006347631626606678,
                        0.9559214245887552,
                        -0.8621325056757091,
                        1.333814619137271
                    ],
                    [
                        0.0,
                        0.9591001649281696,
                        -0.87558054786562,
                        2.686514422165901,
                        -1.1315175396061226,
                        -1.4496537054702239,
                        1.305056322458165,
                        -2.0177233958008154
                    ],
                    [
                        9.42893803294343e-10,
                        -0.14951437289478936,
                        0.006347631626606678,
                        -1.1315175396061226,
                        1.9878198143218957,
                        0.10157673294064677,
                        -1.34316956637828,
                        2.0655582551414797
                    ],
                    [
                        6.715372844516998e-10,
                        -0.638794073044709,
                        0.9559214245887552,
                        -1.4496537054702239,
                        0.10157673294064677,
                        2.3218436381958067,
                        -1.6357943670851505,
                        2.9631080588615197
                    ],
                    [
                        -1.2539329397209524e-09,
                        -0.13405840643618794,
                        -0.8621325056757091,
                        1.305056322458165,
                        -1.34316956637828,
                        -1.6357943670851505,
                        3.5043345455735966,
                        -4.723992086258333
                    ],
                    [
                        1.6427801274082239e-09,
                        -0.2753962867790365,
                        1.333814619137271,
                        -2.0177233958008154,
                        2.0655582551414797,
                        2.9631080588615197,
                        -4.723992086258333,
                        8.301568146116786
                    ]
                ],
                "mui": [
                    1.0,
                    0.0,
                    0.0,
                    0.0,
                    0.9428938032943428,
                    0.6715372844516997,
                    -1.2539329397209522,
                    1.6427801274082239
                ],
                "Ai": [
                    [
                        0.0,
                        0.0,
                        0.0,
                        0.0,
                        0.0,
                        0.0,
                        0.0,
                        0.0
                    ],
                    [
                        -0.0,
                        0.0,
                        0.0,
                        0.0,
                        0.0,
                        0.0,
                        0.0,
                        0.0
                    ],
                    [
                        0.0,
                        0.0,
                        0.0,
                        0.0,
                        0.0,
                        0.0,
                        0.0,
                        0.0
                    ],
                    [
                        0.0,
                        0.9591001649281696,
                        -0.87558054786562,
                        0.0,
                        0.0,
                        0.0,
                        0.0,
                        0.0
                    ],
                    [
                        0.9428938032943428,
                        0.79285948522296,
                        -0.853963156711933,
                        -0.9825604171263249,
                        0.0,
                        0.0,
                        0.0,
                        0.0
                    ],
                    [
                        0.6715372844516997,
                        -0.638794073044709,
                        0.9559214245887552,
                        -0.0,
                        0.0,
                        0.0,
                        0.0,
                        0.0
                    ],
                    [
                        -0.0,
                        -0.8105342265931857,
                        -0.0,
                        -0.0,
                        -0.690812797562103,
                        -0.8972991487065465,
                        0.0,
                        0.0
                    ],
                    [
                        -0.7308410832092833,
                        -0.5879753309098691,
                        0.605501928106001,
                        0.8295535624443893,
                        0.8452657533362526,
                        0.7391397510191483,
                        -0.8615017870656831,
                        0.0
                    ]
                ]
            },
            "oracle_est_tgt": [
                0
            ]
        },
        "1": {
            "intv_type": "do",
            "inode": 1,
            "new_mui": 1.0,
            "new_vari": null,
            "noise_type": "gaussian",
            "obs_noise_gamma_shape": null,
            "true_params": {
                "Si": [
                    [
                        1.0,
                        0.0,
                        0.0,
                        0.0,
                        0.9428938032943428,
                        0.6715372844516997,
                        -1.2539329397209522,
                        1.6427801274082239
                    ],
                    [
                        0.0,
                        1e-09,
                        0.0,
                        9.591001649281696e-10,
                        -1.4951437289478937e-10,
                        -6.387940730447091e-10,
                        -1.3405840643618795e-10,
                        -2.753962867790365e-10
                    ],
                    [
                        0.0,
                        0.0,
                        1.0,
                        -0.87558054786562,
                        0.006347631626606678,
                        0.9559214245887552,
                        -0.8621325056757091,
                        1.333814619137271
                    ],
                    [
                        0.0,
                        9.591001649281696e-10,
                        -0.87558054786562,
                        1.7666412967205325,
                        -0.9881182800469975,
                        -0.8369862052705738,
                        1.4336317620525452,
                        -1.7535907719945687
                    ],
                    [
                        0.9428938032943428,
                        -1.4951437289478937e-10,
                        0.006347631626606678,
                        -0.9881182800469975,
                        2.85451399004395,
                        0.6392561813533976,
                        -2.5455388223550366,
                        3.5733497528266724
                    ],
                    [
                        0.6715372844516997,
                        -6.387940730447091e-10,
                        0.9559214245887552,
                        -0.8369862052705738,
                        0.6392561813533976,
                        2.3647480948046162,
                        -2.5634928028554524,
                        3.8903746479122194
                    ],
                    [
                        -1.2539329397209522,
                        -1.3405840643618795e-10,
                        -0.8621325056757091,
                        1.4336317620525452,
                        -2.5455388223550366,
                        -2.5634928028554524,
                        5.05871070500024,
                        -6.820847385981673
                    ],
                    [
                        1.6427801274082239,
                        -2.753962867790365e-10,
                        1.333814619137271,
                        -1.7535907719945687,
                        3.5733497528266724,
                        3.8903746479122194,
                        -6.820847385981673,
                        10.924451575729602
                    ]
                ],
                "mui": [
                    0.0,
                    1.0,
                    0.0,
                    0.9591001649281696,
                    -0.14951437289478936,
                    -0.638794073044709,
                    -0.13405840643618794,
                    -0.2753962867790365
                ],
                "Ai": [
                    [
                        0.0,
                        0.0,
                        0.0,
                        0.0,
                        0.0,
                        0.0,
                        0.0,
                        0.0
                    ],
                    [
                        0.0,
                        0.0,
                        0.0,
                        0.0,
                        0.0,
                        0.0,
                        0.0,
                        0.0
                    ],
                    [
                        0.0,
                        0.0,
                        0.0,
                        0.0,
                        0.0,
                        0.0,
                        0.0,
                        0.0
                    ],
                    [
                        0.0,
                        0.9591001649281696,
                        -0.87558054786562,
                        0.0,
                        0.0,
                        0.0,
                        0.0,
                        0.0
                    ],
                    [
                        0.9428938032943428,
                        0.79285948522296,
                        -0.853963156711933,
                        -0.9825604171263249,
                        0.0,
                        0.0,
                        0.0,
                        0.0
                    ],
                    [
                        0.6715372844516997,
                        -0.638794073044709,
                        0.9559214245887552,
                        -0.0,
                        0.0,
                        0.0,
                        0.0,
                        0.0
                    ],
                    [
                        -0.0,
                        -0.8105342265931857,
                        -0.0,
                        -0.0,
                        -0.690812797562103,
                        -0.8972991487065465,
                        0.0,
                        0.0
                    ],
                    [
                        -0.7308410832092833,
                        -0.5879753309098691,
                        0.605501928106001,
                        0.8295535624443893,
                        0.8452657533362526,
                        0.7391397510191483,
                        -0.8615017870656831,
                        0.0
                    ]
                ]
            },
            "est_params": {
                "mui": [
                    0.0018677280103209138,
                    1.0000004812783452,
                    0.00031160622939154897,
                    0.9505280308458823,
                    -0.1397390419906702,
                    -0.6325636548674413,
                    -0.1535598291088004,
                    -0.2549526320765055
                ],
                "Si": [
                    [
                        0.994648698104609,
                        -2.3460878080863298e-07,
                        0.0028555385367592247,
                        -0.017397059202412374,
                        0.9469460886224228,
                        0.6606804974265411,
                        -1.249261322310817,
                        1.6238910142607543
                    ],
                    [
                        -2.3460878080863287e-07,
                        1.0247968360200898e-06,
                        7.554875520957942e-07,
                        8.534045969509388e-07,
                        -1.5664161535256854e-06,
                        -3.5089118263639384e-07,
                        1.5041739375934088e-06,
                        -2.346133482047385e-07
                    ],
                    [
                        0.0028555385367592255,
                        7.554875520957944e-07,
                        0.9934612037422398,
                        -0.8572685723340161,
                        0.002171642801112956,
                        0.9393139941294982,
                        -0.8515284802979952,
                        1.3188048402146777
                    ],
                    [
                        -0.017397059202412378,
                        8.534045969509383e-07,
                        -0.8572685723340161,
                        1.711033107658496,
                        -0.9745985529781377,
                        -0.8275975378013474,
                        1.4341260543915761,
                        -1.7559236230564843
                    ],
                    [
                        0.946946088622423,
                        -1.5664161535256856e-06,
                        0.0021716428011129578,
                        -0.9745985529781377,
                        2.837762011814324,
                        0.6238730227508837,
                        -2.5394284754554937,
                        3.55663519760583
                    ],
                    [
                        0.6606804974265411,
                        -3.508911826363935e-07,
                        0.9393139941294982,
                        -0.8275975378013474,
                        0.6238730227508837,
                        2.3281772898787882,
                        -2.5171904638750306,
                        3.809809240558418
                    ],
                    [
                        -1.249261322310817,
                        1.5041739375934092e-06,
                        -0.8515284802979952,
                        1.4341260543915761,
                        -2.5394284754554937,
                        -2.5171904638750306,
                        5.020910463747786,
                        -6.743726165178232
                    ],
                    [
                        1.6238910142607543,
                        -2.3461334820473864e-07,
                        1.3188048402146777,
                        -1.7559236230564839,
                        3.55663519760583,
                        3.809809240558418,
                        -6.743726165178232,
                        10.824477286400471
                    ]
                ]
            },
            "est_tgt": [
                1
            ],
            "oracle_est_tgt": [
                1
            ]
        },
        "2": {
            "intv_type": "do",
            "inode": 2,
            "new_mui": 1.0,
            "new_vari": null,
            "noise_type": "gaussian",
            "obs_noise_gamma_shape": null,
            "true_params": {
                "Si": [
                    [
                        1.0,
                        0.0,
                        0.0,
                        0.0,
                        0.9428938032943428,
                        0.6715372844516997,
                        -1.2539329397209522,
                        1.6427801274082239
                    ],
                    [
                        0.0,
                        1.0,
                        0.0,
                        0.9591001649281696,
                        -0.14951437289478936,
                        -0.638794073044709,
                        -0.13405840643618794,
                        -0.2753962867790365
                    ],
                    [
                        0.0,
                        0.0,
                        1e-09,
                        -8.7558054786562e-10,
                        6.347631626606679e-12,
                        9.559214245887551e-10,
                        -8.621325056757092e-10,
                        1.3338146191372712e-09
                    ],
                    [
                        0.0,
                        0.9591001649281696,
                        -8.7558054786562e-10,
                        1.9198731271318836,
                        -1.1259596768344071,
                        -0.612667501649304,
                        0.5501898715607344,
                        -0.8498612619932926
                    ],
                    [
                        0.9428938032943428,
                        -0.14951437289478936,
                        6.347631626606679e-12,
                        -1.1259596768344071,
                        2.876828245296491,
                        0.7286972394368738,
                        -2.520022664251619,
                        3.6060588920488184
                    ],
                    [
                        0.6715372844516997,
                        -0.638794073044709,
                        9.559214245887551e-10,
                        -0.612667501649304,
                        0.7286972394368738,
                        1.859020193079598,
                        -1.653726155282167,
                        2.7912741938812813
                    ],
                    [
                        -1.2539329397209522,
                        -0.13405840643618794,
                        -8.621325056757092e-10,
                        0.5501898715607344,
                        -2.520022664251619,
                        -1.653726155282167,
                        4.333409904719074,
                        -5.63400326012077
                    ],
                    [
                        1.6427801274082239,
                        -0.2753962867790365,
                        1.3338146191372712e-09,
                        -0.8498612619932926,
                        3.6060588920488184,
                        2.7912741938812813,
                        -5.63400326012077,
                        9.221233253980198
                    ]
                ],
                "mui": [
                    0.0,
                    0.0,
                    1.0,
                    -0.87558054786562,
                    0.006347631626606678,
                    0.9559214245887552,
                    -0.8621325056757091,
                    1.333814619137271
                ],
                "Ai": [
                    [
                        0.0,
                        0.0,
                        0.0,
                        0.0,
                        0.0,
                        0.0,
                        0.0,
                        0.0
                    ],
                    [
                        -0.0,
                        0.0,
                        0.0,
                        0.0,
                        0.0,
                        0.0,
                        0.0,
                        0.0
                    ],
                    [
                        0.0,
                        0.0,
                        0.0,
                        0.0,
                        0.0,
                        0.0,
                        0.0,
                        0.0
                    ],
                    [
                        0.0,
                        0.9591001649281696,
                        -0.87558054786562,
                        0.0,
                        0.0,
                        0.0,
                        0.0,
                        0.0
                    ],
                    [
                        0.9428938032943428,
                        0.79285948522296,
                        -0.853963156711933,
                        -0.9825604171263249,
                        0.0,
                        0.0,
                        0.0,
                        0.0
                    ],
                    [
                        0.6715372844516997,
                        -0.638794073044709,
                        0.9559214245887552,
                        -0.0,
                        0.0,
                        0.0,
                        0.0,
                        0.0
                    ],
                    [
                        -0.0,
                        -0.8105342265931857,
                        -0.0,
                        -0.0,
                        -0.690812797562103,
                        -0.8972991487065465,
                        0.0,
                        0.0
                    ],
                    [
                        -0.7308410832092833,
                        -0.5879753309098691,
                        0.605501928106001,
                        0.8295535624443893,
                        0.8452657533362526,
                        0.7391397510191483,
                        -0.8615017870656831,
                        0.0
                    ]
                ]
            },
            "est_params": {
                "mui": [
                    -0.0032358911431523596,
                    -0.007545962144068722,
                    1.0000006647848425,
                    -0.8779986783114395,
                    -0.00570324312868363,
                    0.9625273633249704,
                    -0.8490997603133084,
                    1.3215008757937654
                ],
                "Si": [
                    [
                        1.0021371497746951,
                        0.0016460577370071157,
                        4.5651905593843355e-07,
                        0.008481185655999682,
                        0.9291196027156489,
                        0.6742388184196089,
                        -1.2714722842789452,
                        1.6547110050452096
                    ],
                    [
                        0.0016460577370071155,
                        1.0037457304825128,
                        -1.112174949875215e-06,
                        0.9838771429536215,
                        -0.16898618812999533,
                        -0.6371657478593515,
                        -0.13062802101197485,
                        -0.2830540999420585
                    ],
                    [
                        4.5651905593843365e-07,
                        -1.1121749498752148e-06,
                        1.021343960515629e-06,
                        -1.7073647236583555e-06,
                        8.375829879871556e-07,
                        -1.2497808324712288e-06,
                        9.046121291138011e-07,
                        -5.034923159377457e-06
                    ],
                    [
                        0.008481185655999682,
                        0.9838771429536215,
                        -1.7073647236583555e-06,
                        1.9783239524922933,
                        -1.1576346918614528,
                        -0.618589628240485,
                        0.5374038768883898,
                        -0.8456913283703531
                    ],
                    [
                        0.9291196027156489,
                        -0.16898618812999538,
                        8.375829879871556e-07,
                        -1.1576346918614528,
                        2.8824660771787354,
                        0.7439463441045254,
                        -2.5252564562607356,
                        3.6291163001432403
                    ],
                    [
                        0.6742388184196089,
                        -0.6371657478593513,
                        -1.2497808324712288e-06,
                        -0.6185896282404849,
                        0.7439463441045254,
                        1.8695750336141865,
                        -1.6766833838122812,
                        2.8236797274408367
                    ],
                    [
                        -1.2714722842789452,
                        -0.1306280210119748,
                        9.046121291138011e-07,
                        0.5374038768883898,
                        -2.5252564562607356,
                        -1.6766833838122812,
                        4.35921847623848,
                        -5.6906849218043964
                    ],
                    [
                        1.6547110050452096,
                        -0.2830540999420585,
                        -5.034923159377456e-06,
                        -0.8456913283703529,
                        3.6291163001432403,
                        2.823679727440836,
                        -5.690684921804397,
                        9.334403467450153
                    ]
                ]
            },
            "est_tgt": [
                2
            ],
            "oracle_est_tgt": [
                2
            ]
        },
        "3": {
            "intv_type": "do",
            "inode": 3,
            "new_mui": 1.0,
            "new_vari": null,
            "noise_type": "gaussian",
            "obs_noise_gamma_shape": null,
            "true_params": {
                "Si": [
                    [
                        1.0,
                        0.0,
                        0.0,
                        0.0,
                        0.9428938032943428,
                        0.6715372844516997,
                        -1.2539329397209522,
                        1.6427801274082239
                    ],
                    [
                        0.0,
                        1.0,
                        0.0,
                        0.0,
                        0.79285948522296,
                        -0.638794073044709,
                        -0.7850623277119027,
                        0.2863761453358849
                    ],
                    [
                        0.0,
                        0.0,
                        1.0,
                        0.0,
                        -0.853963156711933,
                        0.9559214245887552,
                        -0.26781880321070417,
                        0.8209620184667007
                    ],
                    [
                        0.0,
                        0.0,
                        0.0,
                        1e-09,
                        -9.825604171263249e-10,
                        0.0,
                        6.787653105288234e-10,
                        -5.85728636755051e-10
                    ],
                    [
                        0.9428938032943428,
                        0.79285948522296,
                        -0.853963156711933,
                        -9.825604171263249e-10,
                        3.2469279615857225,
                        -0.6896072730374693,
                        -2.2668751192395487,
                        2.515354142188389
                    ],
                    [
                        0.6715372844516997,
                        -0.638794073044709,
                        0.9559214245887552,
                        0.0,
                        -0.6896072730374693,
                        2.7728059621536074,
                        -1.493882439915077,
                        3.217192474797285
                    ],
                    [
                        -1.2539329397209522,
                        -0.7850623277119027,
                        -0.26781880321070417,
                        6.787653105288234e-10,
                        -2.2668751192395487,
                        -1.493882439915077,
                        4.542765671068668,
                        -5.718042355225539
                    ],
                    [
                        1.6427801274082239,
                        0.2863761453358849,
                        0.8209620184667007,
                        -5.85728636755051e-10,
                        2.515354142188389,
                        3.217192474797285,
                        -5.718042355225539,
                        9.558302034239963
                    ]
                ],
                "mui": [
                    0.0,
                    0.0,
                    0.0,
                    1.0,
                    -0.9825604171263249,
                    0.0,
                    0.6787653105288234,
                    -0.585728636755051
                ],
                "Ai": [
                    [
                        0.0,
                        0.0,
                        0.0,
                        0.0,
                        0.0,
                        0.0,
                        0.0,
                        0.0
                    ],
                    [
                        -0.0,
                        0.0,
                        0.0,
                        0.0,
                        0.0,
                        0.0,
                        0.0,
                        0.0
                    ],
                    [
                        0.0,
                        0.0,
                        0.0,
                        0.0,
                        0.0,
                        0.0,
                        0.0,
                        0.0
                    ],
                    [
                        0.0,
                        0.0,
                        0.0,
                        0.0,
                        0.0,
                        0.0,
                        0.0,
                        0.0
                    ],
                    [
                        0.9428938032943428,
                        0.79285948522296,
                        -0.853963156711933,
                        -0.9825604171263249,
                        0.0,
                        0.0,
                        0.0,
                        0.0
                    ],
                    [
                        0.6715372844516997,
                        -0.638794073044709,
                        0.9559214245887552,
                        -0.0,
                        0.0,
                        0.0,
                        0.0,
                        0.0
                    ],
                    [
                        -0.0,
                        -0.8105342265931857,
                        -0.0,
                        -0.0,
                        -0.690812797562103,
                        -0.8972991487065465,
                        0.0,
                        0.0
                    ],
                    [
                        -0.7308410832092833,
                        -0.5879753309098691,
                        0.605501928106001,
                        0.8295535624443893,
                        0.8452657533362526,
                        0.7391397510191483,
                        -0.8615017870656831,
                        0.0
                    ]
                ]
            },
            "est_params": {
                "mui": [
                    -0.0052847221244113245,
                    -0.0006969776979040043,
                    0.012079284272949202,
                    1.0000000221287042,
                    -0.9946549940848507,
                    0.0015272587992710908,
                    0.6960947579204,
                    -0.6044666494584144
                ],
                "Si": [
                    [
                        1.0114025354443785,
                        0.005655119013275328,
                        -0.0030388359674282895,
                        -9.234242784858577e-07,
                        0.9640752778591555,
                        0.6609156447899642,
                        -1.2456243885053835,
                        1.6263491184116328
                    ],
                    [
                        0.005655119013275331,
                        1.0085228083155628,
                        -0.005030994845063517,
                        3.094480148939212e-07,
                        0.8009882802600299,
                        -0.6572098685757752,
                        -0.7843185207363513,
                        0.2824610592699348
                    ],
                    [
                        -0.0030388359674282882,
                        -0.005030994845063515,
                        0.997528141114729,
                        -8.632241364427862e-07,
                        -0.852730082476663,
                        0.9546524146771215,
                        -0.2677072593903607,
                        0.8362349254003881
                    ],
                    [
                        -9.234242784858574e-07,
                        3.094480148939211e-07,
                        -8.632241364427863e-07,
                        1.0219558951584302e-06,
                        7.913045143455622e-07,
                        -1.6959744213215424e-06,
                        7.345242962789033e-07,
                        -1.2482408510589455e-06
                    ],
                    [
                        0.9640752778591555,
                        0.8009882802600299,
                        -0.852730082476663,
                        7.91304514345562e-07,
                        3.2547109917919004,
                        -0.6998724338554578,
                        -2.230514749583148,
                        2.47635629122408
                    ],
                    [
                        0.6609156447899642,
                        -0.6572098685757752,
                        0.9546524146771215,
                        -1.6959744213215424e-06,
                        -0.6998724338554578,
                        2.7733832176448177,
                        -1.45355507565953,
                        3.1953843036930993
                    ],
                    [
                        -1.2456243885053835,
                        -0.7843185207363514,
                        -0.2677072593903608,
                        7.345242962789023e-07,
                        -2.2305147495831483,
                        -1.4535550756595303,
                        4.430341970117644,
                        -5.59611999950438
                    ],
                    [
                        1.626349118411633,
                        0.2824610592699348,
                        0.836234925400388,
                        -1.248240851058946e-06,
                        2.47635629122408,
                        3.1953843036930993,
                        -5.59611999950438,
                        9.464861261829505
                    ]
                ]
            },
            "est_tgt": [
                3
            ],
            "oracle_est_tgt": [
                3
            ]
        },
        "4": {
            "intv_type": "do",
            "inode": 4,
            "new_mui": 1.0,
            "new_vari": null,
            "noise_type": "gaussian",
            "obs_noise_gamma_shape": null,
            "true_params": {
                "Si": [
                    [
                        1.0,
                        0.0,
                        0.0,
                        0.0,
                        0.0,
                        0.6715372844516997,
                        -0.602569833663216,
                        0.28463380655315307
                    ],
                    [
                        0.0,
                        1.0,
                        0.0,
                        0.9591001649281696,
                        0.0,
                        -0.638794073044709,
                        -0.23734484865138084,
                        -0.06003545319147985
                    ],
                    [
                        0.0,
                        0.0,
                        1.0,
                        -0.87558054786562,
                        0.0,
                        0.9559214245887552,
                        -0.8577474805138392,
                        1.3246714764952277
                    ],
                    [
                        0.0,
                        0.9591001649281696,
                        -0.87558054786562,
                        2.686514422165901,
                        0.0,
                        -1.4496537054702239,
                        0.5233895254322717,
                        -0.3878830277447476
                    ],
                    [
                        0.0,
                        0.0,
                        0.0,
                        0.0,
                        1e-09,
                        0.0,
                        -6.908127975621031e-10,
                        1.4404022129638486e-09
                    ],
                    [
                        0.6715372844516997,
                        -0.638794073044709,
                        0.9559214245887552,
                        -1.4496537054702239,
                        0.0,
                        2.7728059621536074,
                        -1.970271969421264,
                        3.007938921272887
                    ],
                    [
                        -0.602569833663216,
                        -0.23734484865138084,
                        -0.8577474805138392,
                        0.5233895254322717,
                        -6.908127975621031e-10,
                        -1.970271969421264,
                        2.960299484696817,
                        -3.5118620318594536
                    ],
                    [
                        0.28463380655315307,
                        -0.06003545319147985,
