{
    "expt_args": {
        "save_dir": "all_expt_logs/expt_logs_sim_compsel_backward_cameraready_all_re",
        "exp_name": "148",
        "num_nodes": 6,
        "num_tgt_prior": 7,
        "obs_noise_mean": 0.0,
        "obs_noise_var": 1.0,
        "obs_noise_gamma_shape": null,
        "noise_type": "gaussian",
        "max_edge_strength": 1.0,
        "graph_sparsity_method": "adj_dense_prop",
        "adj_dense_prop": 0.8,
        "num_parents": null,
        "new_noise_mean": 1.0,
        "mix_samples": 32768,
        "stage2_samples": 32768,
        "gmm_tol": 0.001,
        "intv_type": "do",
        "new_noise_var": null,
        "dtype": "simulation",
        "cutoff_drop_ratio": 0.07,
        "intv_targets": [
            0,
            1,
            2,
            3,
            4,
            5
        ]
    },
    "intv_args_dict": {
        "0": {
            "intv_type": "do",
            "inode": 0,
            "new_mui": 1.0,
            "new_vari": null,
            "noise_type": "gaussian",
            "obs_noise_gamma_shape": null,
            "true_params": {
                "Si": [
                    [
                        1e-09,
                        -6.881052356461718e-10,
                        -6.804907251372931e-10,
                        -5.241497288557563e-10,
                        -8.591144336038528e-10,
                        1.55327304857748e-10
                    ],
                    [
                        -6.881052356461718e-10,
                        1.0000000004734888,
                        0.9889340906125739,
                        0.7617290233400529,
                        0.21889397790138676,
                        0.6214000845001958
                    ],
                    [
                        -6.804907251372931e-10,
                        0.9889340906125739,
                        1.9779906351126508,
                        0.7532997986333202,
                        -0.35523498288800925,
                        1.1639723163807836
                    ],
                    [
                        -5.241497288557563e-10,
                        0.7617290233400529,
                        0.7532997986333202,
                        1.580231104723858,
                        0.16673789592289393,
                        -0.41557102929670664
                    ],
                    [
                        -8.591144336038528e-10,
                        0.21889397790138676,
                        -0.35523498288800925,
                        0.16673789592289393,
                        1.3747631245935124,
                        -0.1781027037332892
                    ],
                    [
                        1.55327304857748e-10,
                        0.6214000845001958,
                        1.1639723163807836,
                        -0.41557102929670664,
                        -0.1781027037332892,
                        2.4781919317246492
                    ]
                ],
                "mui": [
                    1.0,
                    -0.6881052356461718,
                    -0.680490725137293,
                    -0.5241497288557563,
                    -0.8591144336038528,
                    0.15532730485774798
                ],
                "Ai": [
                    [
                        0.0,
                        0.0,
                        0.0,
                        0.0,
                        0.0,
                        0.0
                    ],
                    [
                        -0.6881052356461718,
                        0.0,
                        0.0,
                        0.0,
                        0.0,
                        0.0
                    ],
                    [
                        0.0,
                        0.9889340901443247,
                        0.0,
                        0.0,
                        0.0,
                        0.0
                    ],
                    [
                        0.0,
                        0.7617290229793827,
                        -0.0,
                        0.0,
                        0.0,
                        0.0
                    ],
                    [
                        -0.7084923417652722,
                        0.7842742222687629,
                        -0.5717066997619891,
                        0.0,
                        0.0,
                        0.0
                    ],
                    [
                        0.582915956506852,
                        0.7551398154245612,
                        0.549448589199976,
                        -0.8889095085423466,
                        0.0,
                        0.0
                    ]
                ]
            },
            "est_params": {
                "mui": [
                    1.0000005874103204,
                    -0.6580893960366213,
                    -0.6362702851643173,
                    -0.5189647563262837,
                    -0.8653188888186668,
                    0.2116261544310741
                ],
                "Si": [
                    [
                        1.0086607918122228e-06,
                        6.127418216776257e-07,
                        -1.827521491488373e-06,
                        1.91521766666774e-06,
                        3.372058558087937e-07,
                        -1.6376499205438034e-06
                    ],
                    [
                        6.127418216776255e-07,
                        1.0221331271434355,
                        1.0036122154037883,
                        0.7929580392337421,
                        0.260504120053728,
                        0.63211971189097
                    ],
                    [
                        -1.8275214914883732e-06,
                        1.0036122154037883,
                        1.9737952092957907,
                        0.7651589949838251,
                        -0.3002469446415095,
                        1.1712844567475207
                    ],
                    [
                        1.915217666667741e-06,
                        0.792958039233742,
                        0.7651589949838251,
                        1.6263037202147077,
                        0.21385646947736417,
                        -0.4132861326059593
                    ],
                    [
                        3.372058558087937e-07,
                        0.260504120053728,
                        -0.3002469446415094,
                        0.21385646947736417,
                        1.3862487980291556,
                        -0.16276175545801327
                    ],
                    [
                        -1.6376499205438032e-06,
                        0.6321197118909699,
                        1.1712844567475207,
                        -0.4132861326059593,
                        -0.16276175545801327,
                        2.4595596741893773
                    ]
                ]
            },
            "est_tgt": [
                0
            ],
            "oracle_est_tgt": [
                0
            ]
        },
        "1": {
            "intv_type": "do",
            "inode": 1,
            "new_mui": 1.0,
            "new_vari": null,
            "noise_type": "gaussian",
            "obs_noise_gamma_shape": null,
            "true_params": {
                "Si": [
                    [
                        1.0,
                        0.0,
                        0.0,
                        0.0,
                        -0.7084923417652722,
                        0.582915956506852
                    ],
                    [
                        0.0,
                        1e-09,
                        9.889340901443247e-10,
                        7.617290229793828e-10,
                        2.1889397731022563e-10,
                        6.214000846070773e-10
                    ],
                    [
                        0.0,
                        9.889340901443247e-10,
                        1.0000000009779906,
                        7.532997982766412e-10,
                        -0.5717066995455173,
                        0.5494485898144997
                    ],
                    [
                        0.0,
                        7.617290229793828e-10,
                        7.532997982766413e-10,
                        1.0000000005802312,
                        1.6673789547258934e-10,
                        -0.8889095080690081
                    ],
                    [
                        -0.7084923417652722,
                        2.1889397731022563e-10,
                        -0.5717066995455173,
                        1.6673789547258934e-10,
                        1.828809948940699,
                        -0.7271149305622615
                    ],
                    [
                        0.582915956506852,
                        6.214000846070773e-10,
                        0.5494485898144997,
                        -0.8889095080690081,
                        -0.7271149305622615,
                        2.4318448792872767
                    ]
                ],
                "mui": [
                    0.0,
                    1.0,
                    0.9889340901443247,
                    0.7617290229793827,
                    0.2188939773102256,
                    0.6214000846070773
                ],
                "Ai": [
                    [
                        0.0,
                        0.0,
                        0.0,
                        0.0,
                        0.0,
                        0.0
                    ],
                    [
                        0.0,
                        0.0,
                        0.0,
                        0.0,
                        0.0,
                        0.0
                    ],
                    [
                        0.0,
                        0.9889340901443247,
                        0.0,
                        0.0,
                        0.0,
                        0.0
                    ],
                    [
                        0.0,
                        0.7617290229793827,
                        -0.0,
                        0.0,
                        0.0,
                        0.0
                    ],
                    [
                        -0.7084923417652722,
                        0.7842742222687629,
                        -0.5717066997619891,
                        0.0,
                        0.0,
                        0.0
                    ],
                    [
                        0.582915956506852,
                        0.7551398154245612,
                        0.549448589199976,
                        -0.8889095085423466,
                        0.0,
                        0.0
                    ]
                ]
            },
            "est_params": {
                "mui": [
                    -0.03226150525766559,
                    0.999999717315243,
                    0.9845774561044519,
                    0.7372149715866845,
                    0.25510930124101605,
                    0.6109692470084189
                ],
                "Si": [
                    [
                        1.0045047276704924,
                        1.998179625521706e-06,
                        0.005854326649861211,
                        0.014413477993586317,
                        -0.6972095647496412,
                        0.5757013137687562
                    ],
                    [
                        1.998179625521706e-06,
                        1.014759354083662e-06,
                        1.2651062802421854e-06,
                        -7.066685203897064e-07,
                        -1.7965808060711215e-06,
                        2.5524000716696353e-06
                    ],
                    [
                        0.005854326649861203,
                        1.2651062802421854e-06,
                        1.0155454810188236,
                        -0.016486062345220272,
                        -0.5842584819549765,
                        0.5788362378749432
                    ],
                    [
                        0.01441347799358631,
                        -7.066685203897065e-07,
                        -0.016486062345220272,
                        1.0142300288335926,
                        0.0010499015047471972,
                        -0.8854336449116341
                    ],
                    [
                        -0.6972095647496412,
                        -1.7965808060711219e-06,
                        -0.5842584819549765,
                        0.0010499015047471883,
                        1.8013442653197724,
                        -0.724408512444514
                    ],
                    [
                        0.5757013137687562,
                        2.5524000716696353e-06,
                        0.5788362378749432,
                        -0.8854336449116341,
                        -0.724408512444514,
                        2.454353255422449
                    ]
                ]
            },
            "est_tgt": [
                1
            ],
            "oracle_est_tgt": [
                1
            ]
        },
        "2": {
            "intv_type": "do",
            "inode": 2,
            "new_mui": 1.0,
            "new_vari": null,
            "noise_type": "gaussian",
            "obs_noise_gamma_shape": null,
            "true_params": {
                "Si": [
                    [
                        1.0,
                        -0.6881052356461718,
                        0.0,
                        -0.5241497288557563,
                        -1.2481555402907374,
                        0.5292219737481022
                    ],
                    [
                        -0.6881052356461718,
                        1.4734888153236736,
                        0.0,
                        1.1223991956675499,
                        1.6431365844435954,
                        -0.28612876698955375
                    ],
                    [
                        0.0,
                        0.0,
                        1e-09,
                        0.0,
                        -5.717066997619891e-10,
                        5.49448589199976e-10
                    ],
                    [
                        -0.5241497288557563,
                        1.1223991956675499,
                        0.0,
                        1.854964042708688,
                        1.2516248250899,
                        -1.1068620946675949
                    ],
                    [
                        -1.2481555402907374,
                        1.6431365844435954,
                        -5.717066997619891e-10,
                        1.2516248250899,
                        3.1729783088005843,
                        -0.5993531320080081
                    ],
                    [
                        0.5292219737481022,
                        -0.28612876698955375,
                        5.49448589199976e-10,
                        -1.1068620946675949,
                        -0.5993531320080081,
                        2.076324949636688
                    ]
                ],
                "mui": [
                    0.0,
                    0.0,
                    1.0,
                    0.0,
                    -0.5717066997619891,
                    0.549448589199976
                ],
                "Ai": [
                    [
                        0.0,
                        0.0,
                        0.0,
                        0.0,
                        0.0,
                        0.0
                    ],
                    [
                        -0.6881052356461718,
                        0.0,
                        0.0,
                        0.0,
                        0.0,
                        0.0
                    ],
                    [
                        0.0,
                        0.0,
                        0.0,
                        0.0,
                        0.0,
                        0.0
                    ],
                    [
                        0.0,
                        0.7617290229793827,
                        -0.0,
                        0.0,
                        0.0,
                        0.0
                    ],
                    [
                        -0.7084923417652722,
                        0.7842742222687629,
                        -0.5717066997619891,
                        0.0,
                        0.0,
                        0.0
                    ],
                    [
                        0.582915956506852,
                        0.7551398154245612,
                        0.549448589199976,
                        -0.8889095085423466,
                        0.0,
                        0.0
                    ]
                ]
            },
            "est_params": {
                "mui": [
                    0.013758931964602242,
                    -0.006719464769139757,
                    0.9999999806304978,
                    0.00713635388232464,
                    -0.56128503982421,
                    0.5430494176870557
                ],
                "Si": [
                    [
                        0.965835378107218,
                        -0.6612707636599288,
                        -1.4660804044877344e-06,
                        -0.4985003402143874,
                        -1.1852794366683614,
                        0.5029262567292184
                    ],
                    [
                        -0.6612707636599287,
                        1.4147692667030396,
                        -6.991300328326049e-07,
                        1.06803795584339,
                        1.57915078597524,
                        -0.25491817717617776
                    ],
                    [
                        -1.4660804044877348e-06,
                        -6.991300328326046e-07,
                        1.0183066294008895e-06,
                        1.91983631003802e-06,
                        3.7027834865797344e-07,
                        -4.221454855451453e-06
                    ],
                    [
                        -0.4985003402143874,
                        1.06803795584339,
                        1.919836310038019e-06,
                        1.8046063193381752,
                        1.1932189993236688,
                        -1.0713238126812492
                    ],
                    [
                        -1.1852794366683614,
                        1.57915078597524,
                        3.702783486579738e-07,
                        1.1932189993236686,
                        3.0667977341503034,
                        -0.5698367901376915
                    ],
                    [
                        0.5029262567292184,
                        -0.25491817717617776,
                        -4.221454855451453e-06,
                        -1.0713238126812492,
                        -0.5698367901376915,
                        2.015093962250348
                    ]
                ]
            },
            "est_tgt": [
                2
            ],
            "oracle_est_tgt": [
                2
            ]
        },
        "3": {
            "intv_type": "do",
            "inode": 3,
            "new_mui": 1.0,
            "new_vari": null,
            "noise_type": "gaussian",
            "obs_noise_gamma_shape": null,
            "true_params": {
                "Si": [
                    [
                        1.0,
                        -0.6881052356461718,
                        -0.680490725137293,
                        0.0,
                        -0.8591144336038528,
                        -0.3105943730220266
                    ],
                    [
                        -0.6881052356461718,
                        1.4734888153236736,
                        1.457183320919956,
                        0.0,
                        0.8100551170922321,
                        1.512229870304819
                    ],
                    [
                        -0.680490725137293,
                        1.457183320919956,
                        2.441058261647462,
                        0.0,
                        0.22938442042637197,
                        2.044944260078942
                    ],
                    [
                        0.0,
                        0.0,
                        0.0,
                        1e-09,
                        0.0,
                        -8.889095085423466e-10
                    ],
                    [
                        -0.8591144336038528,
                        0.8100551170922321,
                        0.22938442042637197,
                        0.0,
                        2.1128407338819035,
                        0.2369483059794414
                    ],
                    [
                        -0.3105943730220266,
                        1.512229870304819,
                        2.044944260078942,
                        -8.889095085423466e-10,
                        0.2369483059794414,
                        3.084486308588832
                    ]
                ],
                "mui": [
                    0.0,
                    0.0,
                    0.0,
                    1.0,
                    0.0,
                    -0.8889095085423466
                ],
                "Ai": [
                    [
                        0.0,
                        0.0,
                        0.0,
                        0.0,
                        0.0,
                        0.0
                    ],
                    [
                        -0.6881052356461718,
                        0.0,
                        0.0,
                        0.0,
                        0.0,
                        0.0
                    ],
                    [
                        0.0,
                        0.9889340901443247,
                        0.0,
                        0.0,
                        0.0,
                        0.0
                    ],
                    [
                        0.0,
                        0.0,
                        0.0,
                        0.0,
                        0.0,
                        0.0
                    ],
                    [
                        -0.7084923417652722,
                        0.7842742222687629,
                        -0.5717066997619891,
                        0.0,
                        0.0,
                        0.0
                    ],
                    [
                        0.582915956506852,
                        0.7551398154245612,
                        0.549448589199976,
                        -0.8889095085423466,
                        0.0,
                        0.0
                    ]
                ]
            },
            "est_params": {
                "mui": [
                    0.002190577117830436,
                    -0.00271797536683053,
                    -0.019707721639758997,
                    1.0000038232344417,
                    0.007171569939000592,
                    -0.8920612797683408
                ],
                "Si": [
                    [
                        1.0023019446898367,
                        -0.705864778095385,
                        -0.6609049997792728,
                        -2.940382783401639e-06,
                        -0.8854647099339379,
                        -0.31294505673092254
                    ],
                    [
                        -0.705864778095385,
                        1.4798725132062862,
                        1.4273114942694998,
                        1.588937358093023e-06,
                        0.8568281946982327,
                        1.4776236031383814
                    ],
                    [
                        -0.6609049997792728,
                        1.4273114942694998,
                        2.371514509430388,
                        2.5295714214701514e-06,
                        0.2456360905556627,
                        2.0011117592545875
                    ],
                    [
                        -2.940382783401639e-06,
                        1.5889373580930228e-06,
                        2.5295714214701514e-06,
                        1.0168396309772208e-06,
                        2.7150130776693146e-06,
                        6.329892785666273e-07
                    ],
                    [
                        -0.8854647099339379,
                        0.8568281946982327,
                        0.24563609055566268,
                        2.7150130776693137e-06,
                        2.1699898065560874,
                        0.2532821658477865
                    ],
                    [
                        -0.31294505673092254,
                        1.4776236031383814,
                        2.0011117592545875,
                        6.329892785666269e-07,
                        0.2532821658477865,
                        3.016202541467053
                    ]
                ]
            },
            "est_tgt": [
                3
            ],
            "oracle_est_tgt": [
                3
            ]
        },
        "4": {
            "intv_type": "do",
            "inode": 4,
            "new_mui": 1.0,
            "new_vari": null,
            "noise_type": "gaussian",
            "obs_noise_gamma_shape": null,
            "true_params": {
                "Si": [
                    [
                        1.0,
                        -0.6881052356461718,
                        -0.680490725137293,
                        -0.5241497288557563,
                        0.0,
                        0.15532730485774798
                    ],
                    [
                        -0.6881052356461718,
                        1.4734888153236736,
                        1.457183320919956,
                        1.1223991956675499,
                        0.0,
                        0.5145185528956518
                    ],
                    [
                        -0.680490725137293,
                        1.457183320919956,
                        2.441058261647462,
                        1.1099788273462103,
                        0.0,
                        1.058273526170212
                    ],
                    [
                        -0.5241497288557563,
                        1.1223991956675499,
                        1.1099788273462103,
                        1.854964042708688,
                        0.0,
                        -0.4969857939403759
                    ],
                    [
                        0.0,
                        0.0,
                        0.0,
                        0.0,
                        1e-09,
                        0.0
                    ],
                    [
                        0.15532730485774798,
                        0.5145185528956518,
                        1.058273526170212,
                        -0.4969857939403759,
                        0.0,
                        2.5023185033348945
                    ]
                ],
                "mui": [
                    0.0,
                    0.0,
                    0.0,
                    0.0,
                    1.0,
                    0.0
                ],
                "Ai": [
                    [
                        0.0,
                        0.0,
                        0.0,
                        0.0,
                        0.0,
                        0.0
                    ],
                    [
                        -0.6881052356461718,
                        0.0,
                        0.0,
                        0.0,
                        0.0,
                        0.0
                    ],
                    [
                        0.0,
                        0.9889340901443247,
                        0.0,
                        0.0,
                        0.0,
                        0.0
                    ],
                    [
                        0.0,
                        0.7617290229793827,
                        -0.0,
                        0.0,
                        0.0,
                        0.0
                    ],
                    [
                        0.0,
                        0.0,
                        0.0,
                        0.0,
                        0.0,
                        0.0
                    ],
                    [
                        0.582915956506852,
                        0.7551398154245612,
                        0.549448589199976,
                        -0.8889095085423466,
                        0.0,
                        0.0
                    ]
                ]
            },
            "est_params": {
                "mui": [
                    0.02570807907447751,
                    -0.00844446810619717,
                    0.0011906518549061242,
                    0.010128712467888497,
                    1.000001153655222,
                    0.005292385722238495
                ],
                "Si": [
                    [
                        0.9542577026260116,
                        -0.6510249673994237,
                        -0.6409596102023581,
                        -0.49029623736545846,
                        -1.211598989203611e-06,
                        0.14235390620495753
                    ],
                    [
                        -0.6510249673994237,
                        1.41658992014842,
                        1.3917509747547272,
                        1.0715836137483878,
                        1.0954618860439546e-06,
                        0.5276442574589602
                    ],
                    [
                        -0.6409596102023581,
                        1.391750974754727,
                        2.3611006888595085,
                        1.0358988209448823,
                        1.281458966000691e-06,
                        1.086509191965866
                    ],
                    [
                        -0.49029623736545846,
                        1.0715836137483878,
                        1.0358988209448823,
                        1.8410774699368733,
                        3.697793737951692e-06,
                        -0.5244159317380587
                    ],
                    [
                        -1.2115989892036108e-06,
                        1.0954618860439546e-06,
                        1.281458966000691e-06,
                        3.697793737951692e-06,
                        1.0079805784742647e-06,
                        -2.9500034554349142e-06
                    ],
                    [
                        0.14235390620495753,
                        0.5276442574589602,
                        1.086509191965866,
                        -0.5244159317380587,
                        -2.9500034554349142e-06,
                        2.5868879660380464
                    ]
                ]
            },
            "est_tgt": [
                4
            ],
            "oracle_est_tgt": [
                4
            ]
        },
        "5": {
            "intv_type": "do",
            "inode": 5,
            "new_mui": 1.0,
            "new_vari": null,
            "noise_type": "gaussian",
            "obs_noise_gamma_shape": null,
            "true_params": {
                "Si": [
                    [
                        1.0,
                        -0.6881052356461718,
                        -0.680490725137293,
                        -0.5241497288557563,
                        -0.8591144336038528,
                        0.0
                    ],
                    [
                        -0.6881052356461718,
                        1.4734888153236736,
                        1.457183320919956,
                        1.1223991956675499,
                        0.8100551170922321,
                        0.0
                    ],
                    [
                        -0.680490725137293,
                        1.457183320919956,
                        2.441058261647462,
                        1.1099788273462103,
                        0.22938442042637197,
                        0.0
                    ],
                    [
                        -0.5241497288557563,
                        1.1223991956675499,
                        1.1099788273462103,
                        1.854964042708688,
                        0.6170424929021153,
                        0.0
                    ],
                    [
                        -0.8591144336038528,
                        0.8100551170922321,
                        0.22938442042637197,
                        0.6170424929021153,
                        2.1128407338819035,
                        0.0
                    ],
                    [
                        0.0,
                        0.0,
                        0.0,
                        0.0,
                        0.0,
                        1e-09
                    ]
                ],
                "mui": [
                    0.0,
                    0.0,
                    0.0,
                    0.0,
                    0.0,
                    1.0
                ],
                "Ai": [
                    [
                        0.0,
                        0.0,
                        0.0,
                        0.0,
                        0.0,
                        0.0
                    ],
                    [
                        -0.6881052356461718,
                        0.0,
                        0.0,
                        0.0,
                        0.0,
                        0.0
                    ],
                    [
                        0.0,
                        0.9889340901443247,
                        0.0,
                        0.0,
                        0.0,
                        0.0
                    ],
                    [
                        0.0,
                        0.7617290229793827,
                        -0.0,
                        0.0,
                        0.0,
                        0.0
                    ],
                    [
                        -0.7084923417652722,
                        0.7842742222687629,
                        -0.5717066997619891,
                        0.0,
                        0.0,
                        0.0
                    ],
                    [
                        0.0,
                        0.0,
                        0.0,
                        0.0,
                        0.0,
                        0.0
                    ]
                ]
            },
            "est_params": {
                "mui": [
                    -0.02556207791085872,
                    0.005250502039829687,
                    -0.0083854322403844,
                    -0.012906711726990908,
                    0.036918440047437995,
                    0.9999996414566062
                ],
                "Si": [
                    [
                        0.9610232106432263,
                        -0.6846683543745111,
                        -0.6674032508202384,
                        -0.5120808547011401,
                        -0.836977235291822,
                        -1.340681365229841e-06
                    ],
                    [
                        -0.6846683543745111,
                        1.4973535349545093,
                        1.483254438866563,
                        1.1614343461980592,
                        0.8202378599382306,
                        -5.529952076531839e-07
                    ],
                    [
                        -0.6674032508202385,
                        1.4832544388665625,
                        2.476108377912736,
                        1.1531044900421576,
                        0.2364115337384097,
                        -9.656425938174738e-07
                    ],
                    [
                        -0.5120808547011402,
                        1.1614343461980592,
                        1.1531044900421576,
                        1.8979182074122067,
                        0.6104887108231464,
                        -1.0493972233739742e-06
                    ],
                    [
                        -0.8369772352918221,
                        0.8202378599382306,
                        0.23641153373840976,
                        0.6104887108231463,
                        2.0852258394144156,
                        4.919307265741447e-07
                    ],
                    [
                        -1.340681365229841e-06,
                        -5.529952076531838e-07,
                        -9.656425938174738e-07,
                        -1.0493972233739734e-06,
                        4.919307265741448e-07,
                        1.008717929244288e-06
                    ]
                ]
            },
            "est_tgt": [
                5
            ],
            "oracle_est_tgt": [
                5
            ]
        },
        "obs": {
            "intv_type": "obs",
            "noise_type": "gaussian",
            "obs_noise_gamma_shape": null,
            "true_params": {
                "Si": [
                    [
                        1.0,
                        -0.6881052356461718,
                        -0.680490725137293,
                        -0.5241497288557563,
                        -0.8591144336038528,
                        0.15532730485774798
                    ],
                    [
                        -0.6881052356461718,
                        1.4734888153236736,
                        1.457183320919956,
                        1.1223991956675499,
                        0.8100551170922321,
                        0.5145185528956518
                    ],
                    [
                        -0.680490725137293,
                        1.457183320919956,
                        2.441058261647462,
                        1.1099788273462103,
                        0.22938442042637197,
                        1.058273526170212
                    ],
                    [
                        -0.5241497288557563,
                        1.1223991956675499,
                        1.1099788273462103,
                        1.854964042708688,
                        0.6170424929021153,
                        -0.4969857939403759
                    ],
                    [
                        -0.8591144336038528,
                        0.8100551170922321,
                        0.22938442042637197,
                        0.6170424929021153,
                        2.1128407338819035,
                        -0.3115466331359224
                    ],
                    [
                        0.15532730485774798,
                        0.5145185528956518,
                        1.058273526170212,
                        -0.4969857939403759,
                        -0.3115466331359224,
                        2.5023185033348945
                    ]
                ],
                "mui": [
                    0.0,
                    0.0,
                    0.0,
                    0.0,
                    0.0,
                    0.0
                ],
                "Ai": [
