{
    "expt_args": {
        "save_dir": "all_expt_logs/expt_logs_sim_compsel_backward_cameraready_all_re",
        "exp_name": "275",
        "num_nodes": 6,
        "num_tgt_prior": 7,
        "obs_noise_mean": 0.0,
        "obs_noise_var": 1.0,
        "obs_noise_gamma_shape": null,
        "noise_type": "gaussian",
        "max_edge_strength": 1.0,
        "graph_sparsity_method": "adj_dense_prop",
        "adj_dense_prop": 0.8,
        "num_parents": null,
        "new_noise_mean": 1.0,
        "mix_samples": 1024,
        "stage2_samples": 1024,
        "gmm_tol": 0.001,
        "intv_type": "do",
        "new_noise_var": null,
        "dtype": "simulation",
        "cutoff_drop_ratio": 0.07,
        "intv_targets": [
            0,
            1,
            2,
            3,
            4,
            5
        ]
    },
    "intv_args_dict": {
        "0": {
            "intv_type": "do",
            "inode": 0,
            "new_mui": 1.0,
            "new_vari": null,
            "noise_type": "gaussian",
            "obs_noise_gamma_shape": null,
            "true_params": {
                "Si": [
                    [
                        1e-09,
                        7.974973766060545e-10,
                        -1.0692231166982494e-09,
                        -1.8486629193452418e-09,
                        -9.55489705927384e-10,
                        4.341503077972009e-10
                    ],
                    [
                        7.974973766060545e-10,
                        1.0000000006360021,
                        -0.5396145107263486,
                        -0.8575874885862744,
                        -0.4109130985783316,
                        0.5848339599335621
                    ],
                    [
                        -1.0692231166982494e-09,
                        -0.5396145107263486,
                        1.2911838204094133,
                        1.0863253478660464,
                        0.06993356732438741,
                        -1.3268308105931403
                    ],
                    [
                        -1.8486629193452418e-09,
                        -0.8575874885862744,
                        1.0863253478660464,
                        2.124281746777678,
                        1.2034697977127702,
                        -0.24699673784685106
                    ],
                    [
                        -9.55489705927384e-10,
                        -0.4109130985783316,
                        0.06993356732438741,
                        1.2034697977127702,
                        2.0863036087708284,
                        1.686189972507225
                    ],
                    [
                        4.341503077972009e-10,
                        0.5848339599335621,
                        -1.3268308105931403,
                        -0.24699673784685106,
                        1.686189972507225,
                        4.024015280728138
                    ]
                ],
                "mui": [
                    1.0,
                    0.7974973766060545,
                    -1.0692231166982493,
                    -1.8486629193452417,
                    -0.955489705927384,
                    0.4341503077972009
                ],
                "Ai": [
                    [
                        0.0,
                        0.0,
                        0.0,
                        0.0,
                        0.0,
                        0.0
                    ],
                    [
                        0.7974973766060545,
                        0.0,
                        0.0,
                        0.0,
                        0.0,
                        0.0
                    ],
                    [
                        -0.6388819606954548,
                        -0.539614509873646,
                        0.0,
                        0.0,
                        0.0,
                        0.0
                    ],
                    [
                        -0.7663587469033112,
                        -0.5211061678786814,
                        0.6235586943577156,
                        0.0,
                        0.0,
                        0.0
                    ],
                    [
                        -0.0,
                        -0.0,
                        -0.7415209904316808,
                        0.9457327629166408,
                        0.0,
                        0.0
                    ],
                    [
                        0.0,
                        0.5003928621295275,
                        -0.8691737513990367,
                        0.0,
                        0.9359099830162292,
                        0.0
                    ]
                ]
            },
            "est_params": {
                "mui": [
                    0.9456169294865423,
                    0.8223362447515542,
                    -1.0104783534554915,
                    -1.7581500837796584,
                    -0.9235066540230054,
                    0.3645769606102821
                ],
                "Si": [
                    [
                        0.12501025808363034,
                        0.034378781833797986,
                        -0.12249042559199762,
                        -0.16495946174048892,
                        -0.04787433078176285,
                        0.07014795413291242
                    ],
                    [
                        0.03437878183379798,
                        0.7376824049062193,
                        -0.3981439024384347,
                        -0.5830043053946857,
                        -0.23914160656744757,
                        0.37214535871807547
                    ],
                    [
                        -0.12249042559199762,
                        -0.3981439024384348,
                        1.2401633640928502,
                        0.9812622554220992,
                        -0.01615210706780828,
                        -1.222126200540927
                    ],
                    [
                        -0.1649594617404889,
                        -0.5830043053946857,
                        0.9812622554220992,
                        1.7933545121694856,
                        0.8645741055394245,
                        -0.2121398923378751
                    ],
                    [
                        -0.047874330781762835,
                        -0.23914160656744754,
                        -0.016152107067808272,
                        0.8645741055394245,
                        1.7526469492918668,
                        1.7603403072363384
                    ],
                    [
                        0.07014795413291242,
                        0.37214535871807547,
                        -1.222126200540927,
                        -0.21213989233787506,
                        1.7603403072363384,
                        3.9636839337317546
                    ]
                ]
            },
            "est_tgt": [
                0,
                1
            ],
            "oracle_est_tgt": [
                0
            ]
        },
        "1": {
            "intv_type": "do",
            "inode": 1,
            "new_mui": 1.0,
            "new_vari": null,
            "noise_type": "gaussian",
            "obs_noise_gamma_shape": null,
            "true_params": {
                "Si": [
                    [
                        1.0,
                        0.0,
                        -0.6388819606954548,
                        -1.1647391481632663,
                        -0.6277875884057926,
                        -0.03225324072382452
                    ],
                    [
                        0.0,
                        1e-09,
                        -5.396145098736461e-10,
                        -8.575874871119707e-10,
                        -4.109130978163311e-10,
                        5.848339595873285e-10
                    ],
                    [
                        -0.6388819606954548,
                        -5.396145098736461e-10,
                        1.4081701599932523,
                        1.3676895254977834,
                        0.24928106202663333,
                        -0.9906399063119222
                    ],
                    [
                        -1.1647391481632663,
                        -8.575874871119707e-10,
                        1.3676895254977834,
                        2.7454427293086465,
                        1.582284646268317,
                        0.2921161603606133
                    ],
                    [
                        -0.6277875884057926,
                        -4.109130978163311e-10,
                        0.24928106202663333,
                        1.582284646268317,
                        2.311571290226065,
                        1.9467540909362366
                    ],
                    [
                        -0.03225324072382452,
                        5.848339595873285e-10,
                        -0.9906399063119222,
                        0.2921161603606133,
                        1.9467540909362366,
                        3.6830247921322785
                    ]
                ],
                "mui": [
                    0.0,
                    1.0,
                    -0.539614509873646,
                    -0.8575874871119706,
                    -0.41091309781633106,
                    0.5848339595873284
                ],
                "Ai": [
                    [
                        0.0,
                        0.0,
                        0.0,
                        0.0,
                        0.0,
                        0.0
                    ],
                    [
                        0.0,
                        0.0,
                        0.0,
                        0.0,
                        0.0,
                        0.0
                    ],
                    [
                        -0.6388819606954548,
                        -0.539614509873646,
                        0.0,
                        0.0,
                        0.0,
                        0.0
                    ],
                    [
                        -0.7663587469033112,
                        -0.5211061678786814,
                        0.6235586943577156,
                        0.0,
                        0.0,
                        0.0
                    ],
                    [
                        -0.0,
                        -0.0,
                        -0.7415209904316808,
                        0.9457327629166408,
                        0.0,
                        0.0
                    ],
                    [
                        0.0,
                        0.5003928621295275,
                        -0.8691737513990367,
                        0.0,
                        0.9359099830162292,
                        0.0
                    ]
                ]
            },
            "est_params": {
                "mui": [
                    -0.1946129058681511,
                    0.8511768635377869,
                    -0.48891610415991726,
                    -0.6457763619028962,
                    -0.4748648614096265,
                    1.1813658402528247
                ],
                "Si": [
                    [
                        0.5162092001783978,
                        0.21211835988819647,
                        -0.3827133667512909,
                        -0.8772903895200901,
                        -0.8761943364688178,
                        -0.2017612856863094
                    ],
                    [
                        0.21211835988819652,
                        0.4047790298935105,
                        -0.42666283009178796,
                        -0.6758474222030012,
                        -0.4696579118202481,
                        -0.019527685944940507
                    ],
                    [
                        -0.3827133667512909,
                        -0.42666283009178796,
                        1.3492972239907437,
                        1.7304833611308055,
                        0.817947552613366,
                        -0.19058655197308005
                    ],
                    [
                        -0.8772903895200901,
                        -0.6758474222030012,
                        1.7304833611308055,
                        3.1983717087373305,
                        1.9884309040277495,
                        0.0101785826360615
                    ],
                    [
                        -0.8761943364688178,
                        -0.46965791182024813,
                        0.817947552613366,
                        1.9884309040277495,
                        2.334327768355448,
                        0.8462459904979415
                    ],
                    [
                        -0.20176128568630944,
                        -0.01952768594494051,
                        -0.19058655197308005,
                        0.0101785826360615,
                        0.8462459904979415,
                        1.0641814455144503
                    ]
                ]
            },
            "est_tgt": [
                0,
                1,
                3,
                4,
                5
            ],
            "oracle_est_tgt": [
                1,
                3
            ]
        },
        "2": {
            "intv_type": "do",
            "inode": 2,
            "new_mui": 1.0,
            "new_vari": null,
            "noise_type": "gaussian",
            "obs_noise_gamma_shape": null,
            "true_params": {
                "Si": [
                    [
                        1.0,
                        0.7974973766060545,
                        0.0,
                        -1.181939548719794,
                        -1.1177989550112182,
                        -0.6470972061794147
                    ],
                    [
                        0.7974973766060545,
                        1.636002065693539,
                        0.0,
                        -1.463699857289661,
                        -1.3842689101152437,
                        -0.4769073360536426
                    ],
                    [
                        0.0,
                        0.0,
                        1e-09,
                        6.235586943577156e-10,
                        -1.5180110357606533e-10,
                        -1.011245919668757e-09
                    ],
                    [
                        -1.181939548719794,
                        -1.463699857289661,
                        6.235586943577156e-10,
                        2.6685327354179798,
                        2.5237188363379652,
                        1.6295486918250677
                    ],
                    [
                        -1.1177989550112182,
                        -1.3842689101152437,
                        -1.5180110357606533e-10,
                        2.5237188363379652,
                        3.3867635880272373,
                        2.477027570393008
                    ],
                    [
                        -0.6470972061794147,
                        -0.4769073360536426,
                        -1.011245919668757e-09,
                        1.6295486918250677,
                        2.477027570393008,
                        3.0796338053577497
                    ]
                ],
                "mui": [
                    0.0,
                    0.0,
                    1.0,
                    0.6235586943577156,
                    -0.15180110357606533,
                    -1.0112459196687569
                ],
                "Ai": [
                    [
                        0.0,
                        0.0,
                        0.0,
                        0.0,
                        0.0,
                        0.0
                    ],
                    [
                        0.7974973766060545,
                        0.0,
                        0.0,
                        0.0,
                        0.0,
                        0.0
                    ],
                    [
                        0.0,
                        0.0,
                        0.0,
                        0.0,
                        0.0,
                        0.0
                    ],
                    [
                        -0.7663587469033112,
                        -0.5211061678786814,
                        0.6235586943577156,
                        0.0,
                        0.0,
                        0.0
                    ],
                    [
                        -0.0,
                        -0.0,
                        -0.7415209904316808,
                        0.9457327629166408,
                        0.0,
                        0.0
                    ],
                    [
                        0.0,
                        0.5003928621295275,
                        -0.8691737513990367,
                        0.0,
                        0.9359099830162292,
                        0.0
                    ]
                ]
            },
            "est_params": {
                "mui": [
                    0.10690709447061836,
                    0.17188461525381418,
                    1.0000025407814586,
                    0.4499665753577014,
                    -0.47035844870763205,
                    -1.1513215311332925
                ],
                "Si": [
                    [
                        1.0837905550014821,
                        0.8680008963149319,
                        2.1626666138341313e-06,
                        -1.330148100738362,
                        -1.27255686078383,
                        -0.76606316523892
                    ],
                    [
                        0.8680008963149319,
                        1.7039385830753166,
                        1.0696502904200159e-06,
                        -1.5824510938879561,
                        -1.565022330817473,
                        -0.6321031605680881
                    ],
                    [
                        2.162666613834131e-06,
                        1.069650290420016e-06,
                        1.0043922484246554e-06,
                        -6.0360887857134e-06,
                        -4.806339462571962e-06,
                        -4.352139626463722e-06
                    ],
                    [
                        -1.330148100738362,
                        -1.5824510938879564,
                        -6.036088785713401e-06,
                        2.645364470115602,
                        2.4568802508423278,
                        1.5517021316963182
                    ],
                    [
                        -1.2725568607838302,
                        -1.565022330817473,
                        -4.806339462571962e-06,
                        2.4568802508423278,
                        3.35966178352189,
                        2.393863371115065
                    ],
                    [
                        -0.7660631652389199,
                        -0.6321031605680881,
                        -4.352139626463721e-06,
                        1.5517021316963184,
                        2.393863371115065,
                        2.8150433088822098
                    ]
                ]
            },
            "est_tgt": [
                2,
                3,
                5
            ],
            "oracle_est_tgt": [
                1,
                2,
                3,
                5
            ]
        },
        "3": {
            "intv_type": "do",
            "inode": 3,
            "new_mui": 1.0,
            "new_vari": null,
            "noise_type": "gaussian",
            "obs_noise_gamma_shape": null,
            "true_params": {
                "Si": [
                    [
                        1.0,
                        0.7974973766060545,
                        -1.0692231166982493,
                        0.0,
                        0.7928513844865345,
                        2.070440188033067
                    ],
                    [
                        0.7974973766060545,
                        1.636002065693539,
                        -1.392317140447049,
                        0.0,
                        1.0324323849793013,
                        2.9950730440931332
                    ],
                    [
                        -1.0692231166982493,
                        -1.392317140447049,
                        2.4344218925480936,
                        0.0,
                        -1.805174932890829,
                        -4.502122408517446
                    ],
                    [
                        0.0,
                        0.0,
                        0.0,
                        1e-09,
                        9.457327629166408e-10,
                        8.851207340792048e-10
                    ],
                    [
                        0.7928513844865345,
                        1.0324323849793013,
                        -1.805174932890829,
                        9.457327629166408e-10,
                        2.338575105034061,
                        4.274328251261838
                    ],
                    [
                        2.070440188033067,
                        2.9950730440931332,
                        -4.502122408517446,
                        8.851207340792048e-10,
                        4.274328251261838,
                        10.41222627693379
                    ]
                ],
                "mui": [
                    0.0,
                    0.0,
                    0.0,
                    1.0,
                    0.9457327629166408,
                    0.8851207340792048
                ],
                "Ai": [
                    [
                        0.0,
                        0.0,
                        0.0,
                        0.0,
                        0.0,
                        0.0
                    ],
                    [
                        0.7974973766060545,
                        0.0,
                        0.0,
                        0.0,
                        0.0,
                        0.0
                    ],
                    [
                        -0.6388819606954548,
                        -0.539614509873646,
                        0.0,
                        0.0,
                        0.0,
                        0.0
                    ],
                    [
                        0.0,
                        0.0,
                        0.0,
                        0.0,
                        0.0,
                        0.0
                    ],
                    [
                        -0.0,
                        -0.0,
                        -0.7415209904316808,
                        0.9457327629166408,
                        0.0,
                        0.0
                    ],
                    [
                        0.0,
                        0.5003928621295275,
                        -0.8691737513990367,
                        0.0,
                        0.9359099830162292,
                        0.0
                    ]
                ]
            },
            "est_params": {
                "mui": [
                    -0.1767873612029757,
                    -0.06000734586920403,
                    0.18180106532098098,
                    0.9999999242946297,
                    0.8244183385224487,
                    0.5891327118316844
                ],
                "Si": [
                    [
                        1.003145292747091,
                        0.7131158319811504,
                        -1.014007765397059,
                        4.573215857091462e-07,
                        0.6551079764708568,
                        1.8891188975122317
                    ],
                    [
                        0.7131158319811504,
                        1.3254698110938425,
                        -1.155798705809444,
                        -1.0156620219822421e-06,
                        0.8131808131844452,
                        2.4460545513460086
                    ],
                    [
                        -1.014007765397059,
                        -1.155798705809444,
                        2.203490111092929,
                        1.9228419846180705e-06,
                        -1.6668411621027424,
                        -3.9505825865174464
                    ],
                    [
                        4.573215857091477e-07,
                        -1.0156620219822421e-06,
                        1.9228419846180713e-06,
                        1.002038494994344e-06,
                        1.7980970558616915e-06,
                        4.11498812260966e-07
                    ],
                    [
                        0.6551079764708567,
                        0.8131808131844454,
                        -1.6668411621027424,
                        1.7980970558616921e-06,
                        2.2517514821982982,
                        3.868787629709524
                    ],
                    [
                        1.8891188975122317,
                        2.4460545513460086,
                        -3.9505825865174464,
                        4.114988122609675e-07,
                        3.868787629709524,
                        9.153082836791818
                    ]
                ]
            },
            "est_tgt": [
                3,
                5
            ],
            "oracle_est_tgt": [
                1,
                3,
                5
            ]
        },
        "4": {
            "intv_type": "do",
            "inode": 4,
            "new_mui": 1.0,
            "new_vari": null,
            "noise_type": "gaussian",
            "obs_noise_gamma_shape": null,
            "true_params": {
                "Si": [
                    [
                        1.0,
                        0.7974973766060545,
                        -1.0692231166982493,
                        -1.8486629193452417,
                        0.0,
                        1.3284026622438807
                    ],
                    [
                        0.7974973766060545,
                        1.636002065693539,
                        -1.392317140447049,
                        -2.331891315518691,
                        0.0,
                        2.0288092682017504
                    ],
                    [
                        -1.0692231166982493,
                        -1.392317140447049,
                        2.4344218925480936,
                        3.0629584742362175,
                        0.0,
                        -2.812641167734267
                    ],
                    [
                        -1.8486629193452417,
                        -2.331891315518691,
                        3.0629584742362175,
                        5.541836332722195,
                        0.0,
                        -3.8291048769787492
                    ],
                    [
                        0.0,
                        0.0,
                        0.0,
                        0.0,
                        1e-09,
                        9.359099830162292e-10
                    ],
                    [
                        1.3284026622438807,
                        2.0288092682017504,
                        -2.812641167734267,
                        -3.8291048769787492,
                        9.359099830162292e-10,
                        4.459875552405274
                    ]
                ],
                "mui": [
                    0.0,
                    0.0,
                    0.0,
                    0.0,
                    1.0,
                    0.9359099830162292
                ],
                "Ai": [
                    [
                        0.0,
                        0.0,
                        0.0,
                        0.0,
                        0.0,
                        0.0
                    ],
                    [
                        0.7974973766060545,
                        0.0,
                        0.0,
                        0.0,
                        0.0,
                        0.0
                    ],
                    [
                        -0.6388819606954548,
                        -0.539614509873646,
                        0.0,
                        0.0,
                        0.0,
                        0.0
                    ],
                    [
                        -0.7663587469033112,
                        -0.5211061678786814,
                        0.6235586943577156,
                        0.0,
                        0.0,
                        0.0
                    ],
                    [
                        0.0,
                        0.0,
                        0.0,
                        0.0,
                        0.0,
                        0.0
                    ],
                    [
                        0.0,
                        0.5003928621295275,
                        -0.8691737513990367,
                        0.0,
                        0.9359099830162292,
                        0.0
                    ]
                ]
            },
            "est_params": {
                "mui": [
                    0.049162713577338354,
                    0.01835280929166772,
                    0.06721441321503438,
                    0.13376252957682125,
                    0.9999968214188392,
                    0.8701686596824012
                ],
                "Si": [
                    [
                        0.9219009385584274,
                        0.7973072263643676,
                        -0.9495984500498836,
                        -1.6248330921593475,
                        2.471015246456156e-07,
                        1.132897615759358
                    ],
                    [
                        0.7973072263643676,
                        1.6211796675946637,
                        -1.3977244544186966,
                        -2.2404303453450964,
                        -2.747220907613634e-06,
                        2.01111107995387
                    ],
                    [
                        -0.9495984500498839,
                        -1.3977244544186966,
                        2.547773734518807,
                        2.909854874743294,
                        -2.4016259741718134e-06,
                        -3.0156300228227875
                    ],
                    [
                        -1.6248330921593472,
                        -2.2404303453450964,
                        2.909854874743294,
                        5.072823559490518,
                        -2.593660922216997e-06,
                        -3.5767000243171125
                    ],
                    [
                        2.4710152464561646e-07,
                        -2.747220907613634e-06,
                        -2.4016259741718134e-06,
                        -2.5936609222169977e-06,
                        1.0023412691322458e-06,
                        2.714154720603685e-06
                    ],
                    [
                        1.1328976157593582,
                        2.01111107995387,
                        -3.0156300228227875,
                        -3.5767000243171116,
                        2.7141547206036845e-06,
                        4.868710346334943
                    ]
                ]
            },
            "est_tgt": [
                2,
                4,
                5
            ],
            "oracle_est_tgt": [
                2,
                4
            ]
        },
        "5": {
            "intv_type": "do",
            "inode": 5,
            "new_mui": 1.0,
            "new_vari": null,
            "noise_type": "gaussian",
            "obs_noise_gamma_shape": null,
            "true_params": {
                "Si": [
                    [
                        1.0,
                        0.7974973766060545,
                        -1.0692231166982493,
                        -1.8486629193452417,
                        -0.955489705927384,
                        0.0
                    ],
                    [
                        0.7974973766060545,
                        1.636002065693539,
                        -1.392317140447049,
                        -2.331891315518691,
                        -1.1729136316675102,
                        0.0
                    ],
                    [
                        -1.0692231166982493,
                        -1.392317140447049,
                        2.4344218925480936,
                        3.0629584742362175,
                        1.0915652476475268,
                        0.0
                    ],
                    [
                        -1.8486629193452417,
                        -2.331891315518691,
                        3.0629584742362175,
                        5.541836332722195,
                        2.969848185110436,
                        0.0
                    ],
                    [
                        -0.955489705927384,
                        -1.1729136316675102,
                        1.0915652476475268,
                        2.969848185110436,
                        2.9992641859910667,
                        0.0
                    ],
                    [
                        0.0,
                        0.0,
                        0.0,
                        0.0,
                        0.0,
                        1e-09
                    ]
                ],
                "mui": [
                    0.0,
                    0.0,
                    0.0,
                    0.0,
                    0.0,
                    1.0
                ],
                "Ai": [
                    [
                        0.0,
                        0.0,
                        0.0,
                        0.0,
                        0.0,
                        0.0
                    ],
                    [
                        0.7974973766060545,
                        0.0,
                        0.0,
                        0.0,
                        0.0,
                        0.0
                    ],
                    [
                        -0.6388819606954548,
                        -0.539614509873646,
                        0.0,
                        0.0,
                        0.0,
                        0.0
                    ],
                    [
                        -0.7663587469033112,
                        -0.5211061678786814,
                        0.6235586943577156,
                        0.0,
                        0.0,
                        0.0
                    ],
                    [
                        -0.0,
                        -0.0,
                        -0.7415209904316808,
                        0.9457327629166408,
                        0.0,
                        0.0
                    ],
                    [
                        0.0,
                        0.0,
                        0.0,
                        0.0,
                        0.0,
                        0.0
                    ]
                ]
            },
            "est_params": {
                "mui": [
                    0.023721896013710567,
                    -0.1384488539943723,
                    0.09892684003023483,
                    0.17045707107803895,
                    0.019405559018974457,
                    0.9999981092550561
                ],
                "Si": [
                    [
                        1.0876057028062558,
                        0.883853315298666,
                        -1.1928278015896399,
                        -2.0514025248290975,
                        -0.9234401122099029,
                        -2.411128914940038e-06
                    ],
                    [
                        0.883853315298666,
                        1.5814697940448932,
                        -1.4070767702881728,
                        -2.294842336899823,
                        -0.9616171086525842,
                        -2.3601761445762998e-06
                    ],
                    [
                        -1.1928278015896399,
                        -1.4070767702881728,
                        2.3860670774561545,
                        3.0588222936701603,
                        0.9571039656697555,
                        -4.3935029163721485e-06
                    ],
                    [
                        -2.051402524829097,
                        -2.294842336899823,
                        3.0588222936701603,
                        5.535108945944153,
                        2.4797554598758493,
                        -2.392924320501432e-06
                    ],
                    [
                        -0.9234401122099029,
                        -0.9616171086525842,
                        0.9571039656697555,
                        2.4797554598758493,
                        2.361254135677858,
                        1.3094054025599714e-06
                    ],
                    [
                        -2.4111289149400386e-06,
                        -2.3601761445763006e-06,
                        -4.393502916372148e-06,
                        -2.3929243205014326e-06,
                        1.3094054025599716e-06,
                        1.002221057766069e-06
                    ]
                ]
            },
            "est_tgt": [
                4,
                5
            ],
            "oracle_est_tgt": [
                4,
                5
            ]
        },
        "obs": {
            "intv_type": "obs",
            "noise_type": "gaussian",
            "obs_noise_gamma_shape": null,
            "true_params": {
                "Si": [
                    [
                        1.0,
                        0.7974973766060545,
                        -1.0692231166982493,
                        -1.8486629193452417,
                        -0.955489705927384,
                        0.4341503077972009
                    ],
                    [
                        0.7974973766060545,
                        1.636002065693539,
                        -1.392317140447049,
                        -2.331891315518691,
                        -1.1729136316675102,
                        0.9310676911083071
                    ],
                    [
                        -1.0692231166982493,
                        -1.392317140447049,
                        2.4344218925480936,
                        3.0629584742362175,
                        1.0915652476475268,
                        -1.7910343553473642
                    ],
                    [
                        -1.8486629193452417,
                        -2.331891315518691,
                        3.0629584742362175,
                        5.541836332722195,
                        2.969848185110436,
                        -1.0495943124912621
                    ],
                    [
                        -0.955489705927384,
                        -1.1729136316675102,
                        1.0915652476475268,
                        2.969848185110436,
                        2.9992641859910667,
