{
    "expt_args": {
        "save_dir": "all_expt_logs/expt_logs_sim_compsel_backward_cameraready_all_re",
        "exp_name": "177",
        "num_nodes": 6,
        "num_tgt_prior": 7,
        "obs_noise_mean": 0.0,
        "obs_noise_var": 1.0,
        "obs_noise_gamma_shape": null,
        "noise_type": "gaussian",
        "max_edge_strength": 1.0,
        "graph_sparsity_method": "adj_dense_prop",
        "adj_dense_prop": 0.8,
        "num_parents": null,
        "new_noise_mean": 1.0,
        "mix_samples": 2048,
        "stage2_samples": 2048,
        "gmm_tol": 0.001,
        "intv_type": "do",
        "new_noise_var": null,
        "dtype": "simulation",
        "cutoff_drop_ratio": 0.07,
        "intv_targets": [
            0,
            1,
            2,
            3,
            4,
            5
        ]
    },
    "intv_args_dict": {
        "0": {
            "intv_type": "do",
            "inode": 0,
            "new_mui": 1.0,
            "new_vari": null,
            "noise_type": "gaussian",
            "obs_noise_gamma_shape": null,
            "true_params": {
                "Si": [
                    [
                        1e-09,
                        9.211498984009454e-10,
                        -1.4088762012637492e-09,
                        -1.9767858309214333e-09,
                        3.0281174301458754e-09,
                        1.7384141843565493e-10
                    ],
                    [
                        9.211498984009454e-10,
                        1.000000000848517,
                        -0.9583139147996292,
                        -0.7870866937346834,
                        0.5485397454448738,
                        0.3104258077749096
                    ],
                    [
                        -1.4088762012637492e-09,
                        -0.9583139147996292,
                        1.91836555879615,
                        1.5756006266707498,
                        -2.096939771967413,
                        -0.4022090204578975
                    ],
                    [
                        -1.9767858309214333e-09,
                        -0.7870866937346834,
                        1.5756006266707498,
                        2.294079392048676,
                        -2.6817634271308552,
                        -0.4198434427625977
                    ],
                    [
                        3.0281174301458754e-09,
                        0.5485397454448738,
                        -2.096939771967413,
                        -2.6817634271308552,
                        4.690405740867613,
                        1.1490632845253501
                    ],
                    [
                        1.7384141843565493e-10,
                        0.3104258077749096,
                        -0.4022090204578975,
                        -0.4198434427625977,
                        1.1490632845253501,
                        1.6458488263240967
                    ]
                ],
                "mui": [
                    1.0,
                    0.9211498984009453,
                    -1.408876201263749,
                    -1.9767858309214332,
                    3.0281174301458753,
                    0.17384141843565493
                ],
                "Ai": [
                    [
                        0.0,
                        0.0,
                        0.0,
                        0.0,
                        0.0,
                        0.0
                    ],
                    [
                        0.9211498984009453,
                        0.0,
                        0.0,
                        0.0,
                        0.0,
                        0.0
                    ],
                    [
                        -0.5261254372053139,
                        -0.958313913501843,
                        0.0,
                        0.0,
                        0.0,
                        0.0
                    ],
                    [
                        -0.8196412951434011,
                        -0.0,
                        0.8213244958926015,
                        0.0,
                        0.0,
                        0.0
                    ],
                    [
                        0.9097047559244985,
                        -0.9572268063109082,
                        -0.7832094051713443,
                        -0.9594954235206028,
                        0.0,
                        0.0
                    ],
                    [
                        -0.9031544445830464,
                        0.9072728570398316,
                        0.5392422988122348,
                        0.6093582270822553,
                        0.7283594393468407,
                        0.0
                    ]
                ]
            },
            "est_params": {
                "mui": [
                    0.7108474081831851,
                    1.1176571093348666,
                    -0.8792381320612892,
                    -1.2402177089547166,
                    0.802823125230411,
                    -0.9194213247456524
                ],
                "Si": [
                    [
                        0.2682087022878191,
                        0.028137810698783704,
                        -0.0062814096516582915,
                        0.18127854623949344,
                        0.03672244473578286,
                        -0.03764545611817674
                    ],
                    [
                        0.028137810698783704,
                        1.2392980197515417,
                        -0.37303004449224864,
                        -0.07507686468420059,
                        -0.34578078337068213,
                        0.9600742657524161
                    ],
                    [
                        -0.0062814096516582915,
                        -0.37303004449224864,
                        0.4528255316267542,
                        0.1791951013761978,
                        0.02605327583256849,
                        -0.08856239723748878
                    ],
                    [
                        0.1812785462394934,
                        -0.07507686468420058,
                        0.1791951013761978,
                        0.2907449333090984,
                        0.05581343635918451,
                        -0.1449629893804979
                    ],
                    [
                        0.036722444735782844,
                        -0.34578078337068213,
                        0.026053275832568498,
                        0.055813436359184516,
                        0.1575286390918718,
                        -0.28416101275697836
                    ],
                    [
                        -0.037645456118176754,
                        0.9600742657524164,
                        -0.08856239723748878,
                        -0.1449629893804979,
                        -0.2841610127569784,
                        2.1631813353729625
                    ]
                ]
            },
            "est_tgt": [
                0,
                1,
                2,
                3,
                4,
                5
            ],
            "oracle_est_tgt": [
                0
            ]
        },
        "1": {
            "intv_type": "do",
            "inode": 1,
            "new_mui": 1.0,
            "new_vari": null,
            "noise_type": "gaussian",
            "obs_noise_gamma_shape": null,
            "true_params": {
                "Si": [
                    [
                        1.0,
                        0.0,
                        -0.5261254372053139,
                        -1.2517610046323302,
                        2.5228301019298587,
                        -0.11210728270972647
                    ],
                    [
                        0.0,
                        1e-09,
                        -9.58313913501843e-10,
                        -7.870866919137674e-10,
                        5.485397426555238e-10,
                        3.1042580761477557e-10
                    ],
                    [
                        -0.5261254372053139,
                        -9.58313913501843e-10,
                        1.2768079765928482,
                        1.4799078024856254,
                        -2.8985915911039086,
                        -0.045741156833621496
                    ],
                    [
                        -1.2517610046323302,
                        -7.870866919137674e-10,
                        1.4799078024856254,
                        3.2414795408908823,
                        -5.4079954330551026,
                        -0.035179895831781334
                    ],
                    [
                        2.5228301019298587,
                        5.485397426555238e-10,
                        -2.8985915911039086,
                        -5.4079954330551026,
                        10.754181605929848,
                        0.6959547640809179
                    ],
                    [
                        -0.11210728270972647,
                        3.1042580761477557e-10,
                        -0.045741156833621496,
                        -0.035179895831781334,
                        0.6959547640809179,
                        1.5620526871935128
                    ]
                ],
                "mui": [
                    0.0,
                    1.0,
                    -0.958313913501843,
                    -0.7870866919137673,
                    0.5485397426555237,
                    0.31042580761477556
                ],
                "Ai": [
                    [
                        0.0,
                        0.0,
                        0.0,
                        0.0,
                        0.0,
                        0.0
                    ],
                    [
                        0.0,
                        0.0,
                        0.0,
                        0.0,
                        0.0,
                        0.0
                    ],
                    [
                        -0.5261254372053139,
                        -0.958313913501843,
                        0.0,
                        0.0,
                        0.0,
                        0.0
                    ],
                    [
                        -0.8196412951434011,
                        -0.0,
                        0.8213244958926015,
                        0.0,
                        0.0,
                        0.0
                    ],
                    [
                        0.9097047559244985,
                        -0.9572268063109082,
                        -0.7832094051713443,
                        -0.9594954235206028,
                        0.0,
                        0.0
                    ],
                    [
                        -0.9031544445830464,
                        0.9072728570398316,
                        0.5392422988122348,
                        0.6093582270822553,
                        0.7283594393468407,
                        0.0
                    ]
                ]
            },
            "est_params": {
                "mui": [
                    0.20774738338200882,
                    0.9800237893346441,
                    -1.2831521197960405,
                    -0.0033946585849939856,
                    0.3158271534220406,
                    0.3066944902351643
                ],
                "Si": [
                    [
                        0.722848518230225,
                        0.2070424172647807,
                        -0.3783857329541373,
                        0.4520914016231657,
                        0.3319427481477709,
                        -0.2058289523749421
                    ],
                    [
                        0.20704241726478068,
                        0.48514353764795304,
                        -0.3928437314266325,
                        0.15007960409892215,
                        -0.13862528449257494,
                        -0.05254810462983791
                    ],
                    [
                        -0.3783857329541373,
                        -0.3928437314266325,
                        1.363991107971526,
                        -0.07997408792473884,
                        -0.9254339396796843,
                        0.0633963870659831
                    ],
                    [
                        0.4520914016231657,
                        0.15007960409892215,
                        -0.07997408792473883,
                        1.0201691450158337,
                        -0.5650009101681536,
                        -0.17395621159860103
                    ],
                    [
                        0.33194274814777086,
                        -0.13862528449257494,
                        -0.9254339396796843,
                        -0.5650009101681535,
                        2.7579401820846803,
                        0.6406165496225431
                    ],
                    [
                        -0.2058289523749421,
                        -0.0525481046298379,
                        0.06339638706598309,
                        -0.17395621159860103,
                        0.6406165496225431,
                        1.1850528001046083
                    ]
                ]
            },
            "est_tgt": [
                1,
                2,
                3,
                4,
                5
            ],
            "oracle_est_tgt": [
                1,
                5
            ]
        },
        "2": {
            "intv_type": "do",
            "inode": 2,
            "new_mui": 1.0,
            "new_vari": null,
            "noise_type": "gaussian",
            "obs_noise_gamma_shape": null,
            "true_params": {
                "Si": [
                    [
                        1.0,
                        0.9211498984009453,
                        0.0,
                        -0.8196412951434011,
                        0.8143974521631372,
                        0.026298760712181624
                    ],
                    [
                        0.9211498984009453,
                        1.8485171353240717,
                        0.0,
                        -0.7550124957465632,
                        -0.2070446759928456,
                        0.23429277782554853
                    ],
                    [
                        0.0,
                        0.0,
                        1e-09,
                        8.213244958926016e-10,
                        -1.5712665002056617e-09,
                        -1.047236496656907e-10
                    ],
                    [
                        -0.8196412951434011,
                        -0.7550124957465632,
                        8.213244958926016e-10,
                        1.671811853378926,
                        -1.6270092072636024,
                        -0.11105487202588141
                    ],
                    [
                        0.8143974521631372,
                        -0.2070446759928456,
                        -1.5712665002056617e-09,
                        -1.6270092072636024,
                        3.50015783903585,
                        0.6345688611324916
                    ],
                    [
                        0.026298760712181624,
                        0.23429277782554853,
                        -1.047236496656907e-10,
                        -0.11105487202588141,
                        0.6345688611324916,
                        1.5833376552357667
                    ]
                ],
                "mui": [
                    0.0,
                    0.0,
                    1.0,
                    0.8213244958926015,
                    -1.5712665002056616,
                    -0.1047236496656907
                ],
                "Ai": [
                    [
                        0.0,
                        0.0,
                        0.0,
                        0.0,
                        0.0,
                        0.0
                    ],
                    [
                        0.9211498984009453,
                        0.0,
                        0.0,
                        0.0,
                        0.0,
                        0.0
                    ],
                    [
                        0.0,
                        0.0,
                        0.0,
                        0.0,
                        0.0,
                        0.0
                    ],
                    [
                        -0.8196412951434011,
                        -0.0,
                        0.8213244958926015,
                        0.0,
                        0.0,
                        0.0
                    ],
                    [
                        0.9097047559244985,
                        -0.9572268063109082,
                        -0.7832094051713443,
                        -0.9594954235206028,
                        0.0,
                        0.0
                    ],
                    [
                        -0.9031544445830464,
                        0.9072728570398316,
                        0.5392422988122348,
                        0.6093582270822553,
                        0.7283594393468407,
                        0.0
                    ]
                ]
            },
            "est_params": {
                "mui": [
                    0.004255167184994671,
                    -0.07744846208482632,
                    0.9999976101130323,
                    0.8500250088698881,
                    -1.5104607135499515,
                    -0.18529247928035325
                ],
                "Si": [
                    [
                        0.8497505209372495,
                        0.8466994771090657,
                        1.287638971443206e-06,
                        -0.6735865486756013,
                        0.5218074483221029,
                        0.08280814902958182
                    ],
                    [
                        0.8466994771090658,
                        1.769022934130018,
                        2.2282398994424897e-06,
                        -0.7197466409891344,
                        -0.41663503734750634,
                        0.2942777684146075
                    ],
                    [
                        1.2876389714432062e-06,
                        2.2282398994424884e-06,
                        1.0011290713241622e-06,
                        -2.8907295560646318e-06,
                        4.428450129709161e-06,
                        3.4691897496378655e-06
                    ],
                    [
                        -0.6735865486756013,
                        -0.7197466409891344,
                        -2.8907295560646318e-06,
                        1.332008675189941,
                        -1.0668278686182653,
                        -0.1356686873755487
                    ],
                    [
                        0.5218074483221029,
                        -0.41663503734750634,
                        4.42845012970916e-06,
                        -1.0668278686182653,
                        2.9441523671222174,
                        0.685586230304708
                    ],
                    [
                        0.08280814902958179,
                        0.2942777684146075,
                        3.4691897496378655e-06,
                        -0.1356686873755487,
                        0.685586230304708,
                        1.5795456530401908
                    ]
                ]
            },
            "est_tgt": [
                2
            ],
            "oracle_est_tgt": [
                2
            ]
        },
        "3": {
            "intv_type": "do",
            "inode": 3,
            "new_mui": 1.0,
            "new_vari": null,
            "noise_type": "gaussian",
            "obs_noise_gamma_shape": null,
            "true_params": {
                "Si": [
                    [
                        1.0,
                        0.9211498984009453,
                        -1.408876201263749,
                        0.0,
                        1.1314004720963882,
                        -0.0030795724773068356
                    ],
                    [
                        0.9211498984009453,
                        1.8485171353240717,
                        -2.256100083155455,
                        0.0,
                        0.8355230937726629,
                        0.23714533473489305
                    ],
                    [
                        -1.408876201263749,
                        -2.256100083155455,
                        3.9032977072985897,
                        0.0,
                        -2.179161379021803,
                        -0.25685509681200946
                    ],
                    [
                        0.0,
                        0.0,
                        0.0,
                        1e-09,
                        -9.594954235206028e-10,
                        -8.949932164907038e-11
                    ],
                    [
                        1.1314004720963882,
                        0.8355230937726629,
                        -2.179161379021803,
                        -9.594954235206028e-10,
                        2.936194976026956,
                        0.6997273938934436
                    ],
                    [
                        -0.0030795724773068356,
                        0.23714533473489305,
                        -0.25685509681200946,
                        -8.949932164907038e-11,
                        0.6997273938934436,
                        1.5890827743396594
                    ]
                ],
                "mui": [
                    0.0,
                    0.0,
                    0.0,
                    1.0,
                    -0.9594954235206028,
                    -0.08949932164907037
                ],
                "Ai": [
                    [
                        0.0,
                        0.0,
                        0.0,
                        0.0,
                        0.0,
                        0.0
                    ],
                    [
                        0.9211498984009453,
                        0.0,
                        0.0,
                        0.0,
                        0.0,
                        0.0
                    ],
                    [
                        -0.5261254372053139,
                        -0.958313913501843,
                        0.0,
                        0.0,
                        0.0,
                        0.0
                    ],
                    [
                        0.0,
                        0.0,
                        0.0,
                        0.0,
                        0.0,
                        0.0
                    ],
                    [
                        0.9097047559244985,
                        -0.9572268063109082,
                        -0.7832094051713443,
                        -0.9594954235206028,
                        0.0,
                        0.0
                    ],
                    [
                        -0.9031544445830464,
                        0.9072728570398316,
                        0.5392422988122348,
                        0.6093582270822553,
                        0.7283594393468407,
                        0.0
                    ]
                ]
            },
            "est_params": {
                "mui": [
                    -0.4660878854153507,
                    -0.3619047791257232,
                    0.6738095373951557,
                    1.1092530125090412,
                    -1.7778723092060713,
                    0.023693100189982674
                ],
                "Si": [
                    [
                        0.5471774182834327,
                        -0.09635290152135143,
                        -0.08611711936334077,
                        -0.15776208151047172,
                        0.8317019379186154,
                        -0.059100405300521804
                    ],
                    [
                        -0.09635290152135143,
                        0.9273531669302343,
                        -0.5427357126419662,
                        0.09522931047810354,
                        -0.5996544482826808,
                        0.2377309028230206
                    ],
                    [
                        -0.08611711936334072,
                        -0.5427357126419663,
                        1.141950938769971,
                        0.16589733450665498,
                        -0.6606045339921792,
                        -0.2731132305943528
                    ],
                    [
                        -0.15776208151047172,
                        0.09522931047810354,
                        0.16589733450665498,
                        0.4875912471741884,
                        -0.8438302822571632,
                        -0.020765620533060428
                    ],
                    [
                        0.8317019379186154,
                        -0.5996544482826808,
                        -0.6606045339921792,
                        -0.8438302822571632,
                        3.7105659801868627,
                        0.49015816607809976
                    ],
                    [
                        -0.05910040530052179,
                        0.2377309028230206,
                        -0.2731132305943528,
                        -0.02076562053306044,
                        0.49015816607809976,
                        1.6155880059167311
                    ]
                ]
            },
            "est_tgt": [
                0,
                1,
                2,
                3,
                4
            ],
            "oracle_est_tgt": [
                3,
                4
            ]
        },
        "4": {
            "intv_type": "do",
            "inode": 4,
            "new_mui": 1.0,
            "new_vari": null,
            "noise_type": "gaussian",
            "obs_noise_gamma_shape": null,
            "true_params": {
                "Si": [
                    [
                        1.0,
                        0.9211498984009453,
                        -1.408876201263749,
                        -1.9767858309214332,
                        0.0,
                        -2.0317164952617905
                    ],
                    [
                        0.9211498984009453,
                        1.8485171353240717,
                        -2.256100083155455,
                        -2.6080027592274737,
                        0.0,
                        -1.960623734995185
                    ],
                    [
                        -1.408876201263749,
                        -2.256100083155455,
                        3.9032977072985897,
                        4.360647136066296,
                        0.0,
                        3.9875538712232714
                    ],
                    [
                        -1.9767858309214332,
                        -2.6080027592274737,
                        4.360647136066296,
                        6.201761609472735,
                        0.0,
                        5.549712639749886
                    ],
                    [
                        0.0,
                        0.0,
                        0.0,
                        0.0,
                        1e-09,
                        7.283594393468408e-10
                    ],
                    [
                        -2.0317164952617905,
                        -1.960623734995185,
                        3.9875538712232714,
                        5.549712639749886,
                        7.283594393468408e-10,
                        6.588153856859733
                    ]
                ],
                "mui": [
                    0.0,
                    0.0,
                    0.0,
                    0.0,
                    1.0,
                    0.7283594393468407
                ],
                "Ai": [
                    [
                        0.0,
                        0.0,
                        0.0,
                        0.0,
                        0.0,
                        0.0
                    ],
                    [
                        0.9211498984009453,
                        0.0,
                        0.0,
                        0.0,
                        0.0,
                        0.0
                    ],
                    [
                        -0.5261254372053139,
                        -0.958313913501843,
                        0.0,
                        0.0,
                        0.0,
                        0.0
                    ],
                    [
                        -0.8196412951434011,
                        -0.0,
                        0.8213244958926015,
                        0.0,
                        0.0,
                        0.0
                    ],
                    [
                        0.0,
                        0.0,
                        0.0,
                        0.0,
                        0.0,
                        0.0
                    ],
                    [
                        -0.9031544445830464,
                        0.9072728570398316,
                        0.5392422988122348,
                        0.6093582270822553,
                        0.7283594393468407,
                        0.0
                    ]
                ]
            },
            "est_params": {
                "mui": [
                    -0.0024252832549918665,
                    -0.02824998607420333,
                    0.11274991789289383,
                    0.0437512923648437,
                    1.0000091973911496,
                    0.6952092593613546
                ],
                "Si": [
                    [
                        1.0225572742908864,
                        0.9238083444162412,
                        -1.371278204527006,
                        -1.9679041049036536,
                        1.2465058720032536e-05,
                        -2.0057082127787633
                    ],
                    [
                        0.9238083444162412,
                        1.799311331210107,
                        -2.2047666908950543,
                        -2.504776857966605,
                        4.224437129829111e-06,
                        -1.8950210663878835
                    ],
                    [
                        -1.371278204527006,
                        -2.2047666908950543,
                        3.7717036536503694,
                        4.09368078127207,
                        5.09401330734844e-06,
                        3.7722454193712776
                    ],
                    [
                        -1.9679041049036536,
                        -2.504776857966605,
                        4.093680781272071,
                        5.9102531342004285,
                        -1.2592700752896154e-05,
                        5.3607126769571
                    ],
                    [
                        1.2465058720032536e-05,
                        4.224437129829111e-06,
                        5.0940133073484405e-06,
                        -1.2592700752896156e-05,
                        1.018379486944948e-06,
                        -2.0215143110631946e-06
                    ],
                    [
                        -2.0057082127787633,
                        -1.895021066387883,
                        3.7722454193712776,
                        5.3607126769571,
                        -2.021514311063196e-06,
                        6.334027398382563
                    ]
                ]
            },
            "est_tgt": [
                3,
                4,
                5
            ],
            "oracle_est_tgt": [
                3,
                4,
                5
            ]
        },
        "5": {
            "intv_type": "do",
            "inode": 5,
            "new_mui": 1.0,
            "new_vari": null,
            "noise_type": "gaussian",
            "obs_noise_gamma_shape": null,
            "true_params": {
                "Si": [
                    [
                        1.0,
                        0.9211498984009453,
                        -1.408876201263749,
                        -1.9767858309214332,
                        3.0281174301458753,
                        0.0
                    ],
                    [
                        0.9211498984009453,
                        1.8485171353240717,
                        -2.256100083155455,
                        -2.6080027592274737,
                        3.337889805780528,
                        0.0
                    ],
                    [
                        -1.408876201263749,
                        -2.256100083155455,
                        3.9032977072985897,
                        4.360647136066296,
                        -6.363182349665637,
                        0.0
                    ],
                    [
                        -1.9767858309214332,
                        -2.6080027592274737,
                        4.360647136066296,
                        6.201761609472735,
                        -8.667703051423505,
                        0.0
                    ],
                    [
                        3.0281174301458753,
                        3.337889805780528,
                        -6.363182349665637,
                        -8.667703051423505,
                        13.859900902451379,
                        0.0
                    ],
                    [
                        0.0,
                        0.0,
                        0.0,
                        0.0,
                        0.0,
                        1e-09
                    ]
                ],
                "mui": [
                    0.0,
                    0.0,
                    0.0,
                    0.0,
                    0.0,
                    1.0
                ],
                "Ai": [
                    [
                        0.0,
                        0.0,
                        0.0,
                        0.0,
                        0.0,
                        0.0
                    ],
                    [
                        0.9211498984009453,
                        0.0,
                        0.0,
                        0.0,
                        0.0,
                        0.0
                    ],
                    [
                        -0.5261254372053139,
                        -0.958313913501843,
                        0.0,
                        0.0,
                        0.0,
                        0.0
                    ],
                    [
                        -0.8196412951434011,
                        -0.0,
                        0.8213244958926015,
                        0.0,
                        0.0,
                        0.0
                    ],
                    [
                        0.9097047559244985,
                        -0.9572268063109082,
                        -0.7832094051713443,
                        -0.9594954235206028,
                        0.0,
                        0.0
                    ],
                    [
                        0.0,
                        0.0,
                        0.0,
                        0.0,
                        0.0,
                        0.0
                    ]
                ]
            },
            "est_params": {
                "mui": [
                    0.8496751539271756,
                    0.9064687272489576,
                    -1.4072896612393226,
                    -1.9779157883017198,
                    2.9820043842036714,
                    0.4561873453771464
                ],
                "Si": [
                    [
                        0.2861118601057761,
                        0.15766572203491763,
                        -0.25273645410764417,
                        -0.386114194120951,
                        0.6492690252347204,
                        -0.045890174036110246
                    ],
                    [
                        0.15766572203491763,
                        0.9325272993807046,
                        -0.8849057352534354,
                        -0.8115005273465343,
                        0.7310462823448955,
                        0.16472564356942332
                    ],
                    [
                        -0.25273645410764417,
                        -0.8849057352534354,
                        1.8604921775629915,
                        1.5636591725905433,
                        -2.394712732147471,
                        -0.22410196931782012
                    ],
                    [
                        -0.386114194120951,
                        -0.8115005273465343,
                        1.5636591725905433,
                        2.1743101686616155,
                        -2.847125780379105,
                        -0.1514023279391956
                    ],
                    [
                        0.6492690252347204,
                        0.7310462823448955,
                        -2.394712732147471,
                        -2.847125780379105,
                        5.475276867076722,
                        0.653878416907759
                    ],
                    [
                        -0.04589017403611024,
                        0.16472564356942335,
                        -0.22410196931782012,
                        -0.1514023279391956,
                        0.6538784169077589,
                        1.3406674939863465
                    ]
                ]
            },
            "est_tgt": [
                0,
                1
            ],
            "oracle_est_tgt": [
                4,
                5
            ]
        },
        "obs": {
            "intv_type": "obs",
            "noise_type": "gaussian",
            "obs_noise_gamma_shape": null,
            "true_params": {
                "Si": [
                    [
                        1.0,
                        0.9211498984009453,
                        -1.408876201263749,
                        -1.9767858309214332,
                        3.0281174301458753,
                        0.17384141843565493
                    ],
                    [
                        0.9211498984009453,
                        1.8485171353240717,
                        -2.256100083155455,
                        -2.6080027592274737,
                        3.337889805780528,
                        0.4705598125446553
                    ],
                    [
                        -1.408876201263749,
                        -2.256100083155455,
                        3.9032977072985897,
                        4.360647136066296,
                        -6.363182349665637,
                        -0.6471300574409039
                    ],
                    [
                        -1.9767858309214332,
                        -2.6080027592274737,
                        4.360647136066296,
                        6.201761609472735,
                        -8.667703051423505,
                        -0.7634906952098371
