{
    "expt_args": {
        "save_dir": "all_expt_logs/expt_logs_sim_compsel_backward_cameraready_all_re",
        "exp_name": "77",
        "num_nodes": 6,
        "num_tgt_prior": 7,
        "obs_noise_mean": 0.0,
        "obs_noise_var": 1.0,
        "obs_noise_gamma_shape": null,
        "noise_type": "gaussian",
        "max_edge_strength": 1.0,
        "graph_sparsity_method": "adj_dense_prop",
        "adj_dense_prop": 0.8,
        "num_parents": null,
        "new_noise_mean": 1.0,
        "mix_samples": 1024,
        "stage2_samples": 1024,
        "gmm_tol": 0.001,
        "intv_type": "do",
        "new_noise_var": null,
        "dtype": "simulation",
        "cutoff_drop_ratio": 0.07,
        "intv_targets": [
            0,
            1,
            2,
            3,
            4,
            5
        ]
    },
    "intv_args_dict": {
        "0": {
            "intv_type": "do",
            "inode": 0,
            "new_mui": 1.0,
            "new_vari": null,
            "noise_type": "gaussian",
            "obs_noise_gamma_shape": null,
            "true_params": {
                "Si": [
                    [
                        1e-09,
                        5.642521076489189e-10,
                        5.11837345613739e-10,
                        1.3387542421253413e-09,
                        -8.838841212662033e-11,
                        -2.179136550011782e-10
                    ],
                    [
                        5.642521076489189e-10,
                        1.0000000003183804,
                        2.8880530103598034e-10,
                        7.553949027431549e-10,
                        -0.8702366869013264,
                        -0.7933864453229545
                    ],
                    [
                        5.11837345613739e-10,
                        2.8880530103598034e-10,
                        1.0000000002619776,
                        0.930131247133032,
                        0.7866648965928065,
                        0.5541390801727739
                    ],
                    [
                        1.3387542421253413e-09,
                        7.553949027431549e-10,
                        0.930131247133032,
                        1.865144137410815,
                        0.7317016007283519,
                        1.111186469205435
                    ],
                    [
                        -8.838841212662033e-11,
                        -0.8702366869013264,
                        0.7866648965928065,
                        0.7317016007283519,
                        2.3761535507525555,
                        1.1263557537979172
                    ],
                    [
                        -2.179136550011782e-10,
                        -0.7933864453229545,
                        0.5541390801727739,
                        1.111186469205435,
                        1.1263557537979172,
                        2.2914673873700186
                    ]
                ],
                "mui": [
                    1.0,
                    0.5642521076489189,
                    0.511837345613739,
                    1.3387542421253413,
                    -0.08838841212662032,
                    -0.2179136550011782
                ],
                "Ai": [
                    [
                        0.0,
                        0.0,
                        0.0,
                        0.0,
                        0.0,
                        0.0
                    ],
                    [
                        0.5642521076489189,
                        0.0,
                        0.0,
                        0.0,
                        0.0,
                        0.0
                    ],
                    [
                        0.511837345613739,
                        -0.0,
                        0.0,
                        0.0,
                        0.0,
                        0.0
                    ],
                    [
                        0.862678333871097,
                        -0.0,
                        0.9301312464478075,
                        0.0,
                        0.0,
                        0.0
                    ],
                    [
                        -0.0,
                        -0.8702366868514531,
                        0.786664896638047,
                        0.0,
                        0.0,
                        0.0
                    ],
                    [
                        -0.5678257936320001,
                        -0.7933864451999963,
                        0.0,
                        0.5957643960468806,
                        -0.0,
                        0.0
                    ]
                ]
            },
            "est_params": {
                "mui": [
                    0.9999961170765702,
                    0.6893510855145448,
                    0.5359701707067104,
                    1.480612648736609,
                    -0.2877354175477506,
                    -0.3142997965000109
                ],
                "Si": [
                    [
                        1.0007886031980442e-06,
                        -1.2235434584294278e-06,
                        1.6370313863980924e-06,
                        7.126815085701866e-07,
                        3.3613046592909715e-06,
                        3.684594374206156e-06
                    ],
                    [
                        -1.223543458429428e-06,
                        1.1084857018122298,
                        -0.0773879736726204,
                        0.19068145780828274,
                        -1.1569056766860446,
                        -0.7737419831732752
                    ],
                    [
                        1.637031386398092e-06,
                        -0.07738797367262042,
                        0.9488734579707703,
                        0.8607792369437184,
                        0.9213323596067572,
                        0.5683198072620235
                    ],
                    [
                        7.126815085701865e-07,
                        0.19068145780828266,
                        0.8607792369437183,
                        1.9159911153306253,
                        0.6782895904053363,
                        0.8619792182433216
                    ],
                    [
                        3.361304659290972e-06,
                        -1.1569056766860444,
                        0.9213323596067574,
                        0.6782895904053361,
                        2.911812434247077,
                        1.3280779340571318
                    ],
                    [
                        3.6845943742061568e-06,
                        -0.7737419831732752,
                        0.5683198072620235,
                        0.8619792182433216,
                        1.3280779340571318,
                        1.9615597548867703
                    ]
                ]
            },
            "est_tgt": [
                0
            ],
            "oracle_est_tgt": [
                0,
                1,
                2,
                3
            ]
        },
        "1": {
            "intv_type": "do",
            "inode": 1,
            "new_mui": 1.0,
            "new_vari": null,
            "noise_type": "gaussian",
            "obs_noise_gamma_shape": null,
            "true_params": {
                "Si": [
                    [
                        1.0,
                        0.0,
                        0.511837345613739,
                        1.3387542421253413,
                        0.4026444725827243,
                        0.22975631888300319
                    ],
                    [
                        0.0,
                        1e-09,
                        0.0,
                        0.0,
                        -8.702366868514531e-10,
                        -7.933864451999964e-10
                    ],
                    [
                        0.511837345613739,
                        0.0,
                        1.261977468364918,
                        1.6153556641663749,
                        0.9927533747108325,
                        0.6717369446793704
                    ],
                    [
                        1.3387542421253413,
                        0.0,
                        1.6153556641663749,
                        3.657407056427149,
                        1.270743596585125,
                        1.418773716056891
                    ],
                    [
                        0.4026444725827243,
                        -8.702366868514531e-10,
                        0.9927533747108325,
                        1.270743596585125,
                        1.7809642316612813,
                        0.5284318748445883
                    ],
                    [
                        0.22975631888300319,
                        -7.933864451999964e-10,
                        0.6717369446793704,
                        1.418773716056891,
                        0.5284318748445883,
                        1.714793302591576
                    ]
                ],
                "mui": [
                    0.0,
                    1.0,
                    0.0,
                    0.0,
                    -0.8702366868514531,
                    -0.7933864451999963
                ],
                "Ai": [
                    [
                        0.0,
                        0.0,
                        0.0,
                        0.0,
                        0.0,
                        0.0
                    ],
                    [
                        0.0,
                        0.0,
                        0.0,
                        0.0,
                        0.0,
                        0.0
                    ],
                    [
                        0.511837345613739,
                        -0.0,
                        0.0,
                        0.0,
                        0.0,
                        0.0
                    ],
                    [
                        0.862678333871097,
                        -0.0,
                        0.9301312464478075,
                        0.0,
                        0.0,
                        0.0
                    ],
                    [
                        -0.0,
                        -0.8702366868514531,
                        0.786664896638047,
                        0.0,
                        0.0,
                        0.0
                    ],
                    [
                        -0.5678257936320001,
                        -0.7933864451999963,
                        0.0,
                        0.5957643960468806,
                        -0.0,
                        0.0
                    ]
                ]
            },
            "est_params": {
                "mui": [
                    0.0052785862029050565,
                    0.999999675478111,
                    0.03322748432408205,
                    -0.07615389797808417,
                    -0.752793935674651,
                    -0.7701733026607062
                ],
                "Si": [
                    [
                        1.0560378880838588,
                        1.2417770300551042e-06,
                        0.657659371658527,
                        1.560598540394653,
                        0.3992324999193032,
                        0.3827305030538177
                    ],
                    [
                        1.2417770300551037e-06,
                        1.0037673802892726e-06,
                        -1.8348256311113782e-06,
                        1.2229676137459376e-06,
                        2.077326711942346e-06,
                        -9.596279639539702e-07
                    ],
                    [
                        0.657659371658527,
                        -1.8348256311113786e-06,
                        1.570645884541937,
                        1.9318950825014567,
                        1.2101879878414248,
                        0.8166037427200903
                    ],
                    [
                        1.560598540394653,
                        1.2229676137459372e-06,
                        1.9318950825014567,
                        3.963427453881085,
                        1.4574571928954771,
                        1.528869027993611
                    ],
                    [
                        0.3992324999193032,
                        2.0773267119423458e-06,
                        1.2101879878414248,
                        1.4574571928954771,
                        1.800979737250927,
                        0.6729009773929635
                    ],
                    [
                        0.3827305030538177,
                        -9.596279639539694e-07,
                        0.8166037427200903,
                        1.5288690279936112,
                        0.6729009773929635,
                        1.7125698270104883
                    ]
                ]
            },
            "est_tgt": [
                1,
                5
            ],
            "oracle_est_tgt": [
                1
            ]
        },
        "2": {
            "intv_type": "do",
            "inode": 2,
            "new_mui": 1.0,
            "new_vari": null,
            "noise_type": "gaussian",
            "obs_noise_gamma_shape": null,
            "true_params": {
                "Si": [
                    [
                        1.0,
                        0.5642521076489189,
                        0.0,
                        0.862678333871097,
                        -0.4910328847093446,
                        -0.5015427309547382
                    ],
                    [
                        0.5642521076489189,
                        1.3183804409862472,
                        0.0,
                        0.4867680681098242,
                        -1.1473030269736293,
                        -1.076382988217202
                    ],
                    [
                        0.0,
                        0.0,
                        1e-09,
                        9.301312464478075e-10,
                        7.86664896638047e-10,
                        5.541390802843103e-10
                    ],
                    [
                        0.862678333871097,
                        0.4867680681098242,
                        9.301312464478075e-10,
                        1.7442139085957562,
                        -0.4236034301252743,
                        0.16309434905710923
                    ],
                    [
                        -0.4910328847093446,
                        -1.1473030269736293,
                        7.86664896638047e-10,
                        -0.4236034301252743,
                        1.998425185627016,
                        0.9367079658853262
                    ],
                    [
                        -0.5015427309547382,
                        -1.076382988217202,
                        5.541390802843103e-10,
                        0.16309434905710923,
                        0.9367079658853262,
                        2.2359423783047983
                    ]
                ],
                "mui": [
                    0.0,
                    0.0,
                    1.0,
                    0.9301312464478075,
                    0.786664896638047,
                    0.5541390802843102
                ],
                "Ai": [
                    [
                        0.0,
                        0.0,
                        0.0,
                        0.0,
                        0.0,
                        0.0
                    ],
                    [
                        0.5642521076489189,
                        0.0,
                        0.0,
                        0.0,
                        0.0,
                        0.0
                    ],
                    [
                        0.0,
                        0.0,
                        0.0,
                        0.0,
                        0.0,
                        0.0
                    ],
                    [
                        0.862678333871097,
                        -0.0,
                        0.9301312464478075,
                        0.0,
                        0.0,
                        0.0
                    ],
                    [
                        -0.0,
                        -0.8702366868514531,
                        0.786664896638047,
                        0.0,
                        0.0,
                        0.0
                    ],
                    [
                        -0.5678257936320001,
                        -0.7933864451999963,
                        0.0,
                        0.5957643960468806,
                        -0.0,
                        0.0
                    ]
                ]
            },
            "est_params": {
                "mui": [
                    0.008691657690142685,
                    -0.04340676621704,
                    0.9999899059310424,
                    0.9461507541269798,
                    0.7776496568576166,
                    0.6802765499220957
                ],
                "Si": [
                    [
                        1.0247284850966245,
                        0.5369643527886184,
                        -1.3398456582576754e-05,
                        0.8766007764260425,
                        -0.4565892481738834,
                        -0.4201374072448579
                    ],
                    [
                        0.5369643527886184,
                        1.4253702742263161,
                        -1.625465578602423e-05,
                        0.37327636892597366,
                        -1.2249864406774222,
                        -1.188836309377126
                    ],
                    [
                        -1.3398456582576754e-05,
                        -1.625465578602423e-05,
                        1.0167267894744753e-06,
                        1.3612487581039267e-05,
                        1.126690217335774e-05,
                        3.235056770565958e-05
                    ],
                    [
                        0.8766007764260427,
                        0.37327636892597366,
                        1.3612487581039267e-05,
                        1.7099782362056333,
                        -0.16129069778298746,
                        0.26777136516113126
                    ],
                    [
                        -0.4565892481738834,
                        -1.2249864406774222,
                        1.1266902173357742e-05,
                        -0.16129069778298738,
                        2.051847627659449,
                        1.1524278402803423
                    ],
                    [
                        -0.4201374072448578,
                        -1.188836309377126,
                        3.2350567705659575e-05,
                        0.26777136516113126,
                        1.1524278402803425,
                        2.4217182487843223
                    ]
                ]
            },
            "est_tgt": [
                2,
                3
            ],
            "oracle_est_tgt": [
                2
            ]
        },
        "3": {
            "intv_type": "do",
            "inode": 3,
            "new_mui": 1.0,
            "new_vari": null,
            "noise_type": "gaussian",
            "obs_noise_gamma_shape": null,
            "true_params": {
                "Si": [
                    [
                        1.0,
                        0.5642521076489189,
                        0.511837345613739,
                        0.0,
                        -0.08838841212662032,
                        -1.0154957675161815
                    ],
                    [
                        0.5642521076489189,
                        1.3183804409862472,
                        0.28880530103598034,
                        0.0,
                        -0.9201100346856398,
                        -1.3663820723295583
                    ],
                    [
                        0.511837345613739,
                        0.28880530103598034,
                        1.261977468364918,
                        0.0,
                        0.7414244063921444,
                        -0.5197686581274689
                    ],
                    [
                        0.0,
                        0.0,
                        0.0,
                        1e-09,
                        0.0,
                        5.957643960468807e-10
                    ],
                    [
                        -0.08838841212662032,
                        -0.9201100346856398,
                        0.7414244063921444,
                        0.0,
                        2.383966062143008,
                        0.7801920498757556
                    ],
                    [
                        -1.0154957675161815,
                        -1.3663820723295583,
                        -0.5197686581274689,
                        5.957643960468807e-10,
                        0.7801920498757556,
                        2.6606937056253006
                    ]
                ],
                "mui": [
                    0.0,
                    0.0,
                    0.0,
                    1.0,
                    0.0,
                    0.5957643960468806
                ],
                "Ai": [
                    [
                        0.0,
                        0.0,
                        0.0,
                        0.0,
                        0.0,
                        0.0
                    ],
                    [
                        0.5642521076489189,
                        0.0,
                        0.0,
                        0.0,
                        0.0,
                        0.0
                    ],
                    [
                        0.511837345613739,
                        -0.0,
                        0.0,
                        0.0,
                        0.0,
                        0.0
                    ],
                    [
                        0.0,
                        0.0,
                        0.0,
                        0.0,
                        0.0,
                        0.0
                    ],
                    [
                        -0.0,
                        -0.8702366868514531,
                        0.786664896638047,
                        0.0,
                        0.0,
                        0.0
                    ],
                    [
                        -0.5678257936320001,
                        -0.7933864451999963,
                        0.0,
                        0.5957643960468806,
                        -0.0,
                        0.0
                    ]
                ]
            },
            "est_params": {
                "mui": [
                    -0.03577302088317284,
                    0.022636821441350374,
                    -0.09302127345696826,
                    1.0000022130645894,
                    -0.13241810316950198,
                    0.5955327485361341
                ],
                "Si": [
                    [
                        1.2621564376426246,
                        0.7950564339197909,
                        0.7610487392445148,
                        -6.359560295431375e-06,
                        -0.10752206302984989,
                        -1.285425740848527
                    ],
                    [
                        0.7950564339197909,
                        1.4069941328300515,
                        0.44499964426783756,
                        -2.6880150320440184e-06,
                        -0.9488539136041367,
                        -1.5678104997131321
                    ],
                    [
                        0.7610487392445148,
                        0.44499964426783756,
                        1.430895163113513,
                        -7.163387759822457e-07,
                        0.6535957741821732,
                        -0.7896663895400955
                    ],
                    [
                        -6.359560295431375e-06,
                        -2.6880150320440184e-06,
                        -7.163387759822458e-07,
                        1.0024740064489095e-06,
                        -1.3893313082304436e-06,
                        3.937175690001842e-06
                    ],
                    [
                        -0.10752206302984987,
                        -0.9488539136041367,
                        0.6535957741821732,
                        -1.3893313082304447e-06,
                        2.3884732202543004,
                        0.8467360606554385
                    ],
                    [
                        -1.285425740848527,
                        -1.5678104997131321,
                        -0.7896663895400955,
                        3.937175690001842e-06,
                        0.8467360606554384,
                        2.704877176939857
                    ]
                ]
            },
            "est_tgt": [
                2,
                3
            ],
            "oracle_est_tgt": [
                0,
                3
            ]
        },
        "4": {
            "intv_type": "do",
            "inode": 4,
            "new_mui": 1.0,
            "new_vari": null,
            "noise_type": "gaussian",
            "obs_noise_gamma_shape": null,
            "true_params": {
                "Si": [
                    [
                        1.0,
                        0.5642521076489189,
                        0.511837345613739,
                        1.3387542421253413,
                        0.0,
                        -0.2179136550011782
                    ],
                    [
                        0.5642521076489189,
                        1.3183804409862472,
                        0.28880530103598034,
                        0.7553949027431549,
                        0.0,
                        -0.9163446843198906
                    ],
                    [
                        0.511837345613739,
                        0.28880530103598034,
                        1.261977468364918,
                        1.6153556641663749,
                        0.0,
                        0.44260273353551915
                    ],
                    [
                        1.3387542421253413,
                        0.7553949027431549,
                        1.6153556641663749,
                        3.657407056427149,
                        0.0,
                        0.8194536394473023
                    ],
                    [
                        0.0,
                        0.0,
                        0.0,
                        0.0,
                        1e-09,
                        0.0
                    ],
                    [
                        -0.2179136550011782,
                        -0.9163446843198906,
                        0.44260273353551915,
                        0.8194536394473023,
                        0.0,
                        2.338953748358505
                    ]
                ],
                "mui": [
                    0.0,
                    0.0,
                    0.0,
                    0.0,
                    1.0,
                    0.0
                ],
                "Ai": [
                    [
                        0.0,
                        0.0,
                        0.0,
                        0.0,
                        0.0,
                        0.0
                    ],
                    [
                        0.5642521076489189,
                        0.0,
                        0.0,
                        0.0,
                        0.0,
                        0.0
                    ],
                    [
                        0.511837345613739,
                        -0.0,
                        0.0,
                        0.0,
                        0.0,
                        0.0
                    ],
                    [
                        0.862678333871097,
                        -0.0,
                        0.9301312464478075,
                        0.0,
                        0.0,
                        0.0
                    ],
                    [
                        0.0,
                        0.0,
                        0.0,
                        0.0,
                        0.0,
                        0.0
                    ],
                    [
                        -0.5678257936320001,
                        -0.7933864451999963,
                        0.0,
                        0.5957643960468806,
                        -0.0,
                        0.0
                    ]
                ]
            },
            "est_params": {
                "mui": [
                    0.07028201211962255,
                    0.09663518677941552,
                    -0.0014488372838281976,
                    0.10709284488618336,
                    1.000003904673257,
                    -0.06732305550675353
                ],
                "Si": [
                    [
                        0.8070124124501059,
                        0.3743523707555345,
                        0.3340980753048723,
                        0.9826693493195734,
                        -2.507690151210351e-06,
                        -0.30062974021434463
                    ],
                    [
                        0.37435237075553457,
                        1.141972560265904,
                        0.023130350181783395,
                        0.4990476984730247,
                        8.500706814461765e-07,
                        -0.9212919782723298
                    ],
                    [
                        0.3340980753048723,
                        0.023130350181783402,
                        1.3322995182943793,
                        1.6220533277219802,
                        5.708715963780562e-06,
                        0.7246889493169774
                    ],
                    [
                        0.9826693493195732,
                        0.4990476984730248,
                        1.62205332772198,
                        3.327081630876896,
                        5.724408885144503e-06,
                        0.7514301916593178
                    ],
                    [
                        -2.507690151210351e-06,
                        8.500706814461769e-07,
                        5.708715963780562e-06,
                        5.724408885144503e-06,
                        1.0031607909038626e-06,
                        3.3381775350395175e-06
                    ],
                    [
                        -0.30062974021434463,
                        -0.9212919782723298,
                        0.7246889493169774,
                        0.7514301916593178,
                        3.338177535039517e-06,
                        2.4178824038695836
                    ]
                ]
            },
            "est_tgt": [
                4
            ],
            "oracle_est_tgt": [
                4
            ]
        },
        "5": {
            "intv_type": "do",
            "inode": 5,
            "new_mui": 1.0,
            "new_vari": null,
            "noise_type": "gaussian",
            "obs_noise_gamma_shape": null,
            "true_params": {
                "Si": [
                    [
                        1.0,
                        0.5642521076489189,
                        0.511837345613739,
                        1.3387542421253413,
                        -0.08838841212662032,
                        0.0
                    ],
                    [
                        0.5642521076489189,
                        1.3183804409862472,
                        0.28880530103598034,
                        0.7553949027431549,
                        -0.9201100346856398,
                        0.0
                    ],
                    [
                        0.511837345613739,
                        0.28880530103598034,
                        1.261977468364918,
                        1.6153556641663749,
                        0.7414244063921444,
                        0.0
                    ],
                    [
                        1.3387542421253413,
                        0.7553949027431549,
                        1.6153556641663749,
                        3.657407056427149,
                        0.6133712391574464,
                        0.0
                    ],
                    [
                        -0.08838841212662032,
                        -0.9201100346856398,
                        0.7414244063921444,
                        0.6133712391574464,
                        2.383966062143008,
                        0.0
                    ],
                    [
                        0.0,
                        0.0,
                        0.0,
                        0.0,
                        0.0,
                        1e-09
                    ]
                ],
                "mui": [
                    0.0,
                    0.0,
                    0.0,
                    0.0,
                    0.0,
                    1.0
                ],
                "Ai": [
                    [
                        0.0,
                        0.0,
                        0.0,
                        0.0,
                        0.0,
                        0.0
                    ],
                    [
                        0.5642521076489189,
                        0.0,
                        0.0,
                        0.0,
                        0.0,
                        0.0
                    ],
                    [
                        0.511837345613739,
                        -0.0,
                        0.0,
                        0.0,
                        0.0,
                        0.0
                    ],
                    [
                        0.862678333871097,
                        -0.0,
                        0.9301312464478075,
                        0.0,
                        0.0,
                        0.0
                    ],
                    [
                        -0.0,
                        -0.8702366868514531,
                        0.786664896638047,
                        0.0,
                        0.0,
                        0.0
                    ],
                    [
                        0.0,
                        0.0,
                        0.0,
                        0.0,
                        0.0,
                        0.0
                    ]
                ]
            },
            "est_params": {
                "mui": [
                    0.1727336025702576,
                    0.07856116370594617,
                    0.1512686589628536,
                    0.3037143181799255,
                    0.12001016483680398,
                    0.9999983380840531
                ],
                "Si": [
                    [
                        0.9608091359695285,
                        0.5343355052611779,
                        0.4680732563118014,
                        1.1839095607844061,
                        -0.14068172535888587,
                        -1.3193531214328412e-06
                    ],
                    [
                        0.5343355052611779,
                        1.4241639374299713,
                        0.28039928181423096,
                        0.570723005576234,
                        -1.0789050360991195,
                        1.3823656198723436e-06
                    ],
                    [
                        0.4680732563118013,
                        0.28039928181423096,
                        1.1149383442497456,
                        1.5219249243773207,
                        0.6187301657525559,
                        -6.433743759536597e-06
                    ],
                    [
                        1.1839095607844061,
                        0.570723005576234,
                        1.521924924377321,
                        3.4315764716492554,
                        0.6684750901659807,
                        -3.7336903253356795e-06
                    ],
                    [
                        -0.14068172535888587,
                        -1.0789050360991195,
                        0.6187301657525559,
                        0.6684750901659807,
                        2.379577393103325,
                        -7.965172308839994e-06
                    ],
                    [
                        -1.3193531214328414e-06,
                        1.3823656198723442e-06,
                        -6.433743759536597e-06,
                        -3.7336903253356803e-06,
                        -7.965172308839993e-06,
                        1.0027958686672767e-06
                    ]
                ]
            },
            "est_tgt": [
                1,
                5
            ],
            "oracle_est_tgt": [
                5
            ]
        },
        "obs": {
            "intv_type": "obs",
            "noise_type": "gaussian",
            "obs_noise_gamma_shape": null,
            "true_params": {
                "Si": [
                    [
                        1.0,
                        0.5642521076489189,
                        0.511837345613739,
                        1.3387542421253413,
                        -0.08838841212662032,
                        -0.2179136550011782
                    ],
                    [
                        0.5642521076489189,
                        1.3183804409862472,
                        0.28880530103598034,
                        0.7553949027431549,
                        -0.9201100346856398,
                        -0.9163446843198906
                    ],
                    [
                        0.511837345613739,
                        0.28880530103598034,
                        1.261977468364918,
                        1.6153556641663749,
                        0.7414244063921444,
                        0.44260273353551915
                    ],
                    [
                        1.3387542421253413,
                        0.7553949027431549,
                        1.6153556641663749,
                        3.657407056427149,
                        0.6133712391574464,
                        0.8194536394473023
                    ],
                    [
                        -0.08838841212662032,
                        -0.9201100346856398,
                        0.7414244063921444,
                        0.6133712391574464,
                        2.383966062143008,
                        1.1456167957249184
                    ],
                    [
                        -0.2179136550011782,
                        -0.9163446843198906,
                        0.44260273353551915,
                        0.8194536394473023,
                        1.1456167957249184,
                        2.338953748358505
                    ]
                ],
                "mui": [
                    0.0,
                    0.0,
                    0.0,
                    0.0,
                    0.0,
                    0.0
