{
    "expt_args": {
        "save_dir": "all_expt_logs/expt_logs_sim_compsel_backward_cameraready_all_re",
        "exp_name": "152",
        "num_nodes": 6,
        "num_tgt_prior": 7,
        "obs_noise_mean": 0.0,
        "obs_noise_var": 1.0,
        "obs_noise_gamma_shape": null,
        "noise_type": "gaussian",
        "max_edge_strength": 1.0,
        "graph_sparsity_method": "adj_dense_prop",
        "adj_dense_prop": 0.8,
        "num_parents": null,
        "new_noise_mean": 1.0,
        "mix_samples": 524288,
        "stage2_samples": 524288,
        "gmm_tol": 0.001,
        "intv_type": "do",
        "new_noise_var": null,
        "dtype": "simulation",
        "cutoff_drop_ratio": 0.07,
        "intv_targets": [
            0,
            1,
            2,
            3,
            4,
            5
        ]
    },
    "intv_args_dict": {
        "0": {
            "intv_type": "do",
            "inode": 0,
            "new_mui": 1.0,
            "new_vari": null,
            "noise_type": "gaussian",
            "obs_noise_gamma_shape": null,
            "true_params": {
                "Si": [
                    [
                        1e-09,
                        -6.212316785147636e-10,
                        -5.54978749079188e-10,
                        -6.227583736874904e-10,
                        -3.8712411463528e-10,
                        -1.0511059805323071e-10
                    ],
                    [
                        -6.212316785147636e-10,
                        1.0000000003859288,
                        3.4477037983048777e-10,
                        -0.5351059968059717,
                        0.32688918578629067,
                        -0.19353406837281031
                    ],
                    [
                        -5.54978749079188e-10,
                        3.4477037983048777e-10,
                        1.0000000003080014,
                        3.4561766320767294e-10,
                        -0.9326231367457287,
                        -0.07654853244691115
                    ],
                    [
                        -6.227583736874904e-10,
                        -0.5351059968059717,
                        3.4561766320767294e-10,
                        1.2863384286195811,
                        0.559636359146739,
                        -0.3313315525647116
                    ],
                    [
                        -3.8712411463528e-10,
                        0.32688918578629067,
                        -0.9326231367457287,
                        0.559636359146739,
                        2.516216033953559,
                        -0.9033746249043197
                    ],
                    [
                        -1.0511059805323071e-10,
                        -0.19353406837281031,
                        -0.07654853244691115,
                        -0.3313315525647116,
                        -0.9033746249043197,
                        1.5829676167076263
                    ]
                ],
                "mui": [
                    1.0,
                    -0.6212316785147636,
                    -0.554978749079188,
                    -0.6227583736874904,
                    -0.38712411463528,
                    -0.1051105980532307
                ],
                "Ai": [
                    [
                        0.0,
                        0.0,
                        0.0,
                        0.0,
                        0.0,
                        0.0
                    ],
                    [
                        -0.6212316785147636,
                        0.0,
                        0.0,
                        0.0,
                        0.0,
                        0.0
                    ],
                    [
                        -0.554978749079188,
                        0.0,
                        0.0,
                        0.0,
                        0.0,
                        0.0
                    ],
                    [
                        -0.9551831705069203,
                        -0.5351059971928489,
                        0.0,
                        0.0,
                        0.0,
                        0.0
                    ],
                    [
                        -0.0,
                        0.7199548930385236,
                        -0.9326231369605744,
                        0.7345567225086961,
                        0.0,
                        0.0
                    ],
                    [
                        -0.6832251781993126,
                        -0.0,
                        -0.6287061381908698,
                        -0.0,
                        -0.5920479385543771,
                        0.0
                    ]
                ]
            },
            "est_params": {
                "mui": [
                    0.9999998253458987,
                    -0.6257313915202021,
                    -0.5426850796676937,
                    -0.6225712887478113,
                    -0.404093945368257,
                    -0.10125022412773768
                ],
                "Si": [
                    [
                        1.0114996731321905e-06,
                        -3.685474845785086e-07,
                        -2.507113004230505e-07,
                        6.051654392480296e-07,
                        5.827039957608409e-07,
                        -2.3602925480827494e-07
                    ],
                    [
                        -3.685474845785086e-07,
                        1.001951589781555,
                        0.009073043095473363,
                        -0.5314575260025235,
                        0.31940254611014723,
                        -0.1906926842835664
                    ],
                    [
                        -2.507113004230504e-07,
                        0.00907304309547336,
                        0.998686180822156,
                        -0.003822313371265936,
                        -0.9267670038127767,
                        -0.08162865070373221
                    ],
                    [
                        6.051654392480293e-07,
                        -0.5314575260025235,
                        -0.0038223133712659376,
                        1.2815482034946308,
                        0.5693737048588655,
                        -0.3418826120628262
                    ],
                    [
                        5.827039957608408e-07,
                        0.3194025461101473,
                        -0.9267670038127768,
                        0.5693737048588655,
                        2.5102430587416946,
                        -0.9032028302593582
                    ],
                    [
                        -2.3602925480827452e-07,
                        -0.1906926842835664,
                        -0.08162865070373221,
                        -0.3418826120628262,
                        -0.9032028302593583,
                        1.5760526801689294
                    ]
                ]
            },
            "est_tgt": [
                0
            ],
            "oracle_est_tgt": [
                0
            ]
        },
        "1": {
            "intv_type": "do",
            "inode": 1,
            "new_mui": 1.0,
            "new_vari": null,
            "noise_type": "gaussian",
            "obs_noise_gamma_shape": null,
            "true_params": {
                "Si": [
                    [
                        1.0,
                        0.0,
                        -0.554978749079188,
                        -0.9551831705069203,
                        -0.18405019721034058,
                        -0.2253400922388279
                    ],
                    [
                        0.0,
                        1e-09,
                        0.0,
                        -5.35105997192849e-10,
                        3.2688918554579696e-10,
                        -1.9353406843810838e-10
                    ],
                    [
                        -0.554978749079188,
                        0.0,
                        1.3080014119295003,
                        0.5301063611094233,
                        -0.8304791887450017,
                        0.04851043000284824
                    ],
                    [
                        -0.9551831705069203,
                        -5.35105997192849e-10,
                        0.5301063611094233,
                        1.9123748895059907,
                        0.9103583732375727,
                        -0.2196517294619664
                    ],
                    [
                        -0.18405019721034058,
                        3.2688918554579696e-10,
                        -0.8304791887450017,
                        0.9103583732375727,
                        2.4432339693769216,
                        -0.7986365425852244
                    ],
                    [
                        -0.2253400922388279,
                        -1.9353406843810838e-10,
                        0.04851043000284824,
                        -0.2196517294619664,
                        -0.7986365425852244,
                        1.5962903382580307
                    ]
                ],
                "mui": [
                    0.0,
                    1.0,
                    0.0,
                    -0.5351059971928489,
                    0.32688918554579693,
                    -0.19353406843810836
                ],
                "Ai": [
                    [
                        0.0,
                        0.0,
                        0.0,
                        0.0,
                        0.0,
                        0.0
                    ],
                    [
                        0.0,
                        0.0,
                        0.0,
                        0.0,
                        0.0,
                        0.0
                    ],
                    [
                        -0.554978749079188,
                        0.0,
                        0.0,
                        0.0,
                        0.0,
                        0.0
                    ],
                    [
                        -0.9551831705069203,
                        -0.5351059971928489,
                        0.0,
                        0.0,
                        0.0,
                        0.0
                    ],
                    [
                        -0.0,
                        0.7199548930385236,
                        -0.9326231369605744,
                        0.7345567225086961,
                        0.0,
                        0.0
                    ],
                    [
                        -0.6832251781993126,
                        -0.0,
                        -0.6287061381908698,
                        -0.0,
                        -0.5920479385543771,
                        0.0
                    ]
                ]
            },
            "est_params": {
                "mui": [
                    0.0038995944008584993,
                    0.999999507913446,
                    -0.003983124648106117,
                    -0.5362082749172041,
                    0.32967180867938195,
                    -0.19058066637017787
                ],
                "Si": [
                    [
                        0.994456522625172,
                        -2.8025177522354784e-07,
                        -0.5499214877252403,
                        -0.946450520041614,
                        -0.18253600209790888,
                        -0.23084117245504643
                    ],
                    [
                        -2.802517752235478e-07,
                        1.0124192352292876e-06,
                        -1.5433995625452595e-07,
                        6.876073934611755e-07,
                        6.995697772528392e-07,
                        6.053576772837587e-07
                    ],
                    [
                        -0.5499214877252402,
                        -1.5433995625452571e-07,
                        1.3019639467741932,
                        0.520285955751062,
                        -0.8288451034079987,
                        0.04671950252003964
                    ],
                    [
                        -0.946450520041614,
                        6.876073934611755e-07,
                        0.520285955751062,
                        1.8988506414340955,
                        0.911489451167941,
                        -0.2211823568991445
                    ],
                    [
                        -0.18253600209790888,
                        6.995697772528388e-07,
                        -0.8288451034079987,
                        0.9114894511679408,
                        2.440815895291955,
                        -0.8048995347681198
                    ],
                    [
                        -0.23084117245504643,
                        6.053576772837587e-07,
                        0.04671950252003964,
                        -0.2211823568991445,
                        -0.8048995347681198,
                        1.6137337671242271
                    ]
                ]
            },
            "est_tgt": [
                1
            ],
            "oracle_est_tgt": [
                1
            ]
        },
        "2": {
            "intv_type": "do",
            "inode": 2,
            "new_mui": 1.0,
            "new_vari": null,
            "noise_type": "gaussian",
            "obs_noise_gamma_shape": null,
            "true_params": {
                "Si": [
                    [
                        1.0,
                        -0.6212316785147636,
                        0.0,
                        -0.6227583736874904,
                        -0.9047101365479678,
                        -0.1475934068668392
                    ],
                    [
                        -0.6212316785147636,
                        1.3859287983902706,
                        0.0,
                        -0.14822876739784485,
                        0.888923782242812,
                        -0.10184436855250942
                    ],
                    [
                        0.0,
                        0.0,
                        1e-09,
                        0.0,
                        -9.326231369605744e-10,
                        -7.65485325052453e-11
                    ],
                    [
                        -0.6227583736874904,
                        -0.14822876739784485,
                        0.0,
                        1.6741664202296413,
                        1.123052172200854,
                        -0.2394165226027812
                    ],
                    [
                        -0.9047101365479678,
                        0.888923782242812,
                        -9.326231369605744e-10,
                        1.123052172200854,
                        2.4649305502519407,
                        -0.8412363061083121
                    ],
                    [
                        -0.1475934068668392,
                        -0.10184436855250942,
                        -7.65485325052453e-11,
                        -0.2394165226027812,
                        -0.8412363061083121,
                        1.5988917526242914
                    ]
                ],
                "mui": [
                    0.0,
                    0.0,
                    1.0,
                    0.0,
                    -0.9326231369605744,
                    -0.07654853250524529
                ],
                "Ai": [
                    [
                        0.0,
                        0.0,
                        0.0,
                        0.0,
                        0.0,
                        0.0
                    ],
                    [
                        -0.6212316785147636,
                        0.0,
                        0.0,
                        0.0,
                        0.0,
                        0.0
                    ],
                    [
                        0.0,
                        0.0,
                        0.0,
                        0.0,
                        0.0,
                        0.0
                    ],
                    [
                        -0.9551831705069203,
                        -0.5351059971928489,
                        0.0,
                        0.0,
                        0.0,
                        0.0
                    ],
                    [
                        -0.0,
                        0.7199548930385236,
                        -0.9326231369605744,
                        0.7345567225086961,
                        0.0,
                        0.0
                    ],
                    [
                        -0.6832251781993126,
                        -0.0,
                        -0.6287061381908698,
                        -0.0,
                        -0.5920479385543771,
                        0.0
                    ]
                ]
            },
            "est_params": {
                "mui": [
                    0.005913829245524666,
                    -0.001231433551221969,
                    0.9999999902521164,
                    -0.008883221876844073,
                    -0.940506778744065,
                    -0.07387722585546401
                ],
                "Si": [
                    [
                        0.9958879674086256,
                        -0.6148877099561416,
                        4.896791542159026e-07,
                        -0.6264863798645889,
                        -0.9088068575510302,
                        -0.13994656956695636
                    ],
                    [
                        -0.6148877099561416,
                        1.3713377983761392,
                        -6.189075865251581e-07,
                        -0.1489762208461591,
                        0.8814341684429121,
                        -0.10771705343995322
                    ],
                    [
                        4.896791542159027e-07,
                        -6.189075865251582e-07,
                        1.0112831598692796e-06,
                        -3.880316665909269e-09,
                        -2.712564514680679e-07,
                        -5.9352202546398156e-08
                    ],
                    [
                        -0.6264863798645889,
                        -0.1489762208461591,
                        -3.880316665909118e-09,
                        1.69236835818525,
                        1.1366991716415777,
                        -0.24036111322556217
                    ],
                    [
                        -0.9088068575510302,
                        0.8814341684429121,
                        -2.7125645146806776e-07,
                        1.1366991716415777,
                        2.4796068123118844,
                        -0.8498867112373911
                    ],
                    [
                        -0.13994656956695636,
                        -0.10771705343995323,
                        -5.9352202546398295e-08,
                        -0.24036111322556217,
                        -0.8498867112373911,
                        1.5983471211979492
                    ]
                ]
            },
            "est_tgt": [
                2
            ],
            "oracle_est_tgt": [
                2
            ]
        },
        "3": {
            "intv_type": "do",
            "inode": 3,
            "new_mui": 1.0,
            "new_vari": null,
            "noise_type": "gaussian",
            "obs_noise_gamma_shape": null,
            "true_params": {
                "Si": [
                    [
                        1.0,
                        -0.6212316785147636,
                        -0.554978749079188,
                        0.0,
                        0.07032723525544873,
                        -0.37594372674495374
                    ],
                    [
                        -0.6212316785147636,
                        1.3859287983902706,
                        0.34477037983048775,
                        0.0,
                        0.6762653866354785,
                        -0.19269965788273172
                    ],
                    [
                        -0.554978749079188,
                        0.34477037983048775,
                        1.3080014119295003,
                        0.0,
                        -0.9716532580088412,
                        0.1320922466878372
                    ],
                    [
                        0.0,
                        0.0,
                        0.0,
                        1e-09,
                        7.345567225086962e-10,
                        -4.348927933125331e-10
                    ],
                    [
                        0.07032723525544873,
                        0.6762653866354785,
                        -0.9716532580088412,
                        7.345567225086962e-10,
                        2.393066884162543,
                        -0.8539752859275335
                    ],
                    [
                        -0.37594372674495374,
                        -0.19269965788273172,
                        0.1320922466878372,
                        -4.348927933125331e-10,
                        -0.8539752859275335,
                        1.67940132100795
                    ]
                ],
                "mui": [
                    0.0,
                    0.0,
                    0.0,
                    1.0,
                    0.7345567225086961,
                    -0.4348927933125331
                ],
                "Ai": [
                    [
                        0.0,
                        0.0,
                        0.0,
                        0.0,
                        0.0,
                        0.0
                    ],
                    [
                        -0.6212316785147636,
                        0.0,
                        0.0,
                        0.0,
                        0.0,
                        0.0
                    ],
                    [
                        -0.554978749079188,
                        0.0,
                        0.0,
                        0.0,
                        0.0,
                        0.0
                    ],
                    [
                        0.0,
                        0.0,
                        0.0,
                        0.0,
                        0.0,
                        0.0
                    ],
                    [
                        -0.0,
                        0.7199548930385236,
                        -0.9326231369605744,
                        0.7345567225086961,
                        0.0,
                        0.0
                    ],
                    [
                        -0.6832251781993126,
                        -0.0,
                        -0.6287061381908698,
                        -0.0,
                        -0.5920479385543771,
                        0.0
                    ]
                ]
            },
            "est_params": {
                "mui": [
                    -0.0018147790818553533,
                    0.0008858687472888921,
                    0.0030679591271716494,
                    1.0000001928107116,
                    0.7331248817583516,
                    -0.43081422540795344
                ],
                "Si": [
                    [
                        0.9991283085197971,
                        -0.6266355316875448,
                        -0.5581998014968629,
                        6.600148510833171e-07,
                        0.07234563147676679,
                        -0.3710665564206433
                    ],
                    [
                        -0.6266355316875448,
                        1.3904260989905666,
                        0.3601976301960817,
                        -7.30986509716659e-07,
                        0.6635349893571049,
                        -0.18825827614275487
                    ],
                    [
                        -0.5581998014968629,
                        0.3601976301960817,
                        1.3111749598359235,
                        -6.289618397556523e-07,
                        -0.9663818178387901,
                        0.128266531385313
                    ],
                    [
                        6.60014851083317e-07,
                        -7.30986509716659e-07,
                        -6.289618397556522e-07,
                        1.0122585207559493e-06,
                        4.038878223557617e-07,
                        -2.579113671776796e-07
                    ],
                    [
                        0.0723456314767668,
                        0.6635349893571048,
                        -0.9663818178387901,
                        4.038878223557619e-07,
                        2.3820168431526954,
                        -0.8504363322000388
                    ],
                    [
                        -0.3710665564206433,
                        -0.1882582761427549,
                        0.128266531385313,
                        -2.579113671776796e-07,
                        -0.8504363322000388,
                        1.676101013038033
                    ]
                ]
            },
            "est_tgt": [
                3
            ],
            "oracle_est_tgt": [
                3
            ]
        },
        "4": {
            "intv_type": "do",
            "inode": 4,
            "new_mui": 1.0,
            "new_vari": null,
            "noise_type": "gaussian",
            "obs_noise_gamma_shape": null,
            "true_params": {
                "Si": [
                    [
                        1.0,
                        -0.6212316785147636,
                        -0.554978749079188,
                        -0.6227583736874904,
                        0.0,
                        -0.3343066320877366
                    ],
                    [
                        -0.6212316785147636,
                        1.3859287983902706,
                        0.34477037983048775,
                        -0.14822876739784485,
                        0.0,
                        0.20768187019048212
                    ],
                    [
                        -0.554978749079188,
                        0.34477037983048775,
                        1.3080014119295003,
                        0.34561766320767295,
                        0.0,
                        -0.4431730617059415
                    ],
                    [
                        -0.6227583736874904,
                        -0.14822876739784485,
                        0.34561766320767295,
                        1.6741664202296413,
                        0.0,
                        0.20819225451190104
                    ],
                    [
                        0.0,
                        0.0,
                        0.0,
                        0.0,
                        1e-09,
                        -5.920479385543771e-10
                    ],
                    [
                        -0.3343066320877366,
                        0.20768187019048212,
                        -0.4431730617059415,
                        0.20819225451190104,
                        -5.920479385543771e-10,
                        1.5070323328072432
                    ]
                ],
                "mui": [
                    0.0,
                    0.0,
                    0.0,
                    0.0,
                    1.0,
                    -0.5920479385543771
                ],
                "Ai": [
                    [
                        0.0,
                        0.0,
                        0.0,
                        0.0,
                        0.0,
                        0.0
                    ],
                    [
                        -0.6212316785147636,
                        0.0,
                        0.0,
                        0.0,
                        0.0,
                        0.0
                    ],
                    [
                        -0.554978749079188,
                        0.0,
                        0.0,
                        0.0,
                        0.0,
                        0.0
                    ],
                    [
                        -0.9551831705069203,
                        -0.5351059971928489,
                        0.0,
                        0.0,
                        0.0,
                        0.0
                    ],
                    [
                        0.0,
                        0.0,
                        0.0,
                        0.0,
                        0.0,
                        0.0
                    ],
                    [
                        -0.6832251781993126,
                        -0.0,
                        -0.6287061381908698,
                        -0.0,
                        -0.5920479385543771,
                        0.0
                    ]
                ]
            },
            "est_params": {
                "mui": [
                    0.002154310160191135,
                    -0.00644887236871711,
                    0.0011430385568169865,
                    0.00803372899602136,
                    1.0000000138912148,
                    -0.5944729301666246
                ],
                "Si": [
                    [
                        0.9968059768257793,
                        -0.616826088820114,
                        -0.5462410835913821,
                        -0.6201146833596531,
                        3.48345370292358e-08,
                        -0.34562143346086316
                    ],
                    [
                        -0.616826088820114,
                        1.3773148813320883,
                        0.33979165021091334,
                        -0.14846413074173648,
                        -3.9960288429415986e-07,
                        0.21555679032649247
                    ],
                    [
                        -0.5462410835913821,
                        0.3397916502109133,
                        1.3051573640367202,
                        0.3365805326322748,
                        5.460849725271468e-07,
                        -0.43951732218720424
                    ],
                    [
                        -0.620114683359653,
                        -0.1484641307417365,
                        0.3365805326322748,
                        1.6759494592592752,
                        5.434067702151383e-07,
                        0.2134013743613286
                    ],
                    [
                        3.483453702923568e-08,
                        -3.9960288429415976e-07,
                        5.46084972527147e-07,
                        5.434067702151383e-07,
                        1.0109024487300659e-06,
                        -1.766568411262808e-08
                    ],
                    [
                        -0.34562143346086327,
                        0.21555679032649241,
                        -0.43951732218720424,
                        0.2134013743613286,
                        -1.7665684112628127e-08,
                        1.5100502032708314
                    ]
                ]
            },
            "est_tgt": [
                4
            ],
            "oracle_est_tgt": [
                4
            ]
        },
        "5": {
            "intv_type": "do",
            "inode": 5,
            "new_mui": 1.0,
            "new_vari": null,
            "noise_type": "gaussian",
            "obs_noise_gamma_shape": null,
            "true_params": {
                "Si": [
                    [
                        1.0,
                        -0.6212316785147636,
                        -0.554978749079188,
                        -0.6227583736874904,
                        -0.38712411463528,
                        0.0
                    ],
                    [
                        -0.6212316785147636,
                        1.3859287983902706,
                        0.34477037983048775,
                        -0.14822876739784485,
                        0.5673829490742137,
                        0.0
                    ],
                    [
                        -0.554978749079188,
                        0.34477037983048775,
                        1.3080014119295003,
                        0.34561766320767295,
                        -0.7177774800818986,
                        0.0
                    ],
                    [
                        -0.6227583736874904,
                        -0.14822876739784485,
                        0.34561766320767295,
                        1.6741664202296413,
                        0.8007211429511308,
                        0.0
                    ],
                    [
                        -0.38712411463528,
                        0.5673829490742137,
                        -0.7177774800818986,
                        0.8007211429511308,
                        2.666081113935844,
                        0.0
                    ],
                    [
                        0.0,
                        0.0,
                        0.0,
                        0.0,
                        0.0,
                        1e-09
                    ]
                ],
                "mui": [
                    0.0,
                    0.0,
                    0.0,
                    0.0,
                    0.0,
                    1.0
                ],
                "Ai": [
                    [
                        0.0,
                        0.0,
                        0.0,
                        0.0,
                        0.0,
                        0.0
                    ],
                    [
                        -0.6212316785147636,
                        0.0,
                        0.0,
                        0.0,
                        0.0,
                        0.0
                    ],
                    [
                        -0.554978749079188,
                        0.0,
                        0.0,
                        0.0,
                        0.0,
                        0.0
                    ],
                    [
                        -0.9551831705069203,
                        -0.5351059971928489,
                        0.0,
                        0.0,
                        0.0,
                        0.0
                    ],
                    [
                        -0.0,
                        0.7199548930385236,
                        -0.9326231369605744,
                        0.7345567225086961,
                        0.0,
                        0.0
                    ],
                    [
                        0.0,
                        0.0,
                        0.0,
                        0.0,
                        0.0,
                        0.0
                    ]
                ]
            },
            "est_params": {
                "mui": [
                    0.00022723286879802298,
                    -0.0014287607136142292,
                    -0.00457457393240625,
                    0.000590102306115202,
                    -0.00040137811160240996,
                    1.0000001391723816
                ],
                "Si": [
                    [
                        1.0012158945498568,
                        -0.624641642678213,
                        -0.552596177122594,
                        -0.6227832028758632,
                        -0.3961323826128373,
                        -8.071849316626931e-08
                    ],
                    [
                        -0.624641642678213,
                        1.3919947993741797,
                        0.3450566485742113,
                        -0.1456518974603709,
                        0.5743666481303646,
                        -5.8158438311345956e-08
                    ],
                    [
                        -0.552596177122594,
                        0.34505664857421126,
                        1.3033628738737182,
                        0.34795649640063964,
                        -0.7105636023744666,
                        -6.052058648919214e-08
                    ],
                    [
                        -0.6227832028758632,
                        -0.1456518974603709,
                        0.34795649640063964,
                        1.6762977107765176,
                        0.8075069765713481,
                        -1.6232673559460017e-07
                    ],
                    [
                        -0.3961323826128373,
                        0.5743666481303646,
                        -0.7105636023744666,
                        0.8075069765713481,
                        2.6785121118660493,
                        5.140505632095737e-07
                    ],
                    [
                        -8.07184931662694e-08,
                        -5.8158438311346e-08,
                        -6.052058648919236e-08,
                        -1.6232673559460017e-07,
                        5.140505632095735e-07,
                        1.0126319943685735e-06
                    ]
                ]
            },
            "est_tgt": [
                5
            ],
            "oracle_est_tgt": [
                5
            ]
        },
        "obs": {
            "intv_type": "obs",
            "noise_type": "gaussian",
            "obs_noise_gamma_shape": null,
            "true_params": {
                "Si": [
                    [
                        1.0,
                        -0.6212316785147636,
                        -0.554978749079188,
                        -0.6227583736874904,
                        -0.38712411463528,
                        -0.1051105980532307
                    ],
                    [
                        -0.6212316785147636,
                        1.3859287983902706,
                        0.34477037983048775,
                        -0.14822876739784485,
                        0.5673829490742137,
                        -0.1282360351798092
                    ],
                    [
                        -0.554978749079188,
                        0.34477037983048775,
                        1.3080014119295003,
                        0.34561766320767295,
                        -0.7177774800818986,
                        -0.01821438428269799
                    ],
                    [
                        -0.6227583736874904,
                        -0.14822876739784485,
                        0.34561766320767295,
                        1.6741664202296413,
                        0.8007211429511308,
                        -0.26587304752922064
                    ],
                    [
                        -0.38712411463528,
                        0.5673829490742137,
                        -0.7177774800818986,
                        0.8007211429511308,
                        2.666081113935844,
                        -0.8626837777348688
                    ],
                    [
                        -0.1051105980532307,
                        -0.1282360351798092,
                        -0.01821438428269799,
                        -0.26587304752922064,
                        -0.8626837777348688,
