{
    "expt_args": {
        "save_dir": "all_expt_logs/expt_logs_sim_compsel_backward_cameraready_all_re",
        "exp_name": "220",
        "num_nodes": 8,
        "num_tgt_prior": 9,
        "obs_noise_mean": 0.0,
        "obs_noise_var": 1.0,
        "obs_noise_gamma_shape": null,
        "noise_type": "gaussian",
        "max_edge_strength": 1.0,
        "graph_sparsity_method": "adj_dense_prop",
        "adj_dense_prop": 0.8,
        "num_parents": null,
        "new_noise_mean": 1.0,
        "mix_samples": 1024,
        "stage2_samples": 1024,
        "gmm_tol": 0.001,
        "intv_type": "do",
        "new_noise_var": null,
        "dtype": "simulation",
        "cutoff_drop_ratio": 0.07,
        "intv_targets": [
            0,
            1,
            2,
            3,
            4,
            5,
            6,
            7
        ]
    },
    "intv_args_dict": {
        "0": {
            "intv_type": "do",
            "inode": 0,
            "new_mui": 1.0,
            "new_vari": null,
            "noise_type": "gaussian",
            "obs_noise_gamma_shape": null,
            "true_params": {
                "Si": [
                    [
                        1e-09,
                        8.797980140873586e-10,
                        -3.3554598949953465e-10,
                        -1.728779631020906e-09,
                        1.9896263432415985e-09,
                        -1.0702882031711725e-09,
                        -4.375908510892482e-09,
                        3.6137616620083222e-09
                    ],
                    [
                        8.797980140873586e-10,
                        1.0000000007740446,
                        0.7281547000303157,
                        -0.34206821778443375,
                        1.4362835194935568,
                        -1.4165732856949413,
                        -1.3316254022289982,
                        2.547269618468091
                    ],
                    [
                        -3.3554598949953465e-10,
                        0.7281547000303157,
                        1.5302092677187513,
                        0.49370178639307366,
                        1.352385671128197,
                        -1.8313376388817275,
                        -0.49224457176276115,
                        2.8411599769008378
                    ],
                    [
                        -1.728779631020906e-09,
                        -0.34206821778443375,
                        0.49370178639307366,
                        1.6687333386670864,
                        -0.7803936242476328,
                        -0.1095505116251748,
                        2.199630247862425,
                        -1.210651737640108
                    ],
                    [
                        1.9896263432415985e-09,
                        1.4362835194935568,
                        1.352385671128197,
                        -0.7803936242476328,
                        3.423949746448086,
                        -2.2797951058803805,
                        -3.26634767482904,
                        5.859666531520178
                    ],
                    [
                        -1.0702882031711725e-09,
                        -1.4165732856949413,
                        -1.8313376388817275,
                        -0.1095505116251748,
                        -2.2797951058803805,
                        3.6464449235365537,
                        2.2761212078188486,
                        -5.144847050996091
                    ],
                    [
                        -4.375908510892482e-09,
                        -1.3316254022289982,
                        -0.49224457176276115,
                        2.199630247862425,
                        -3.26634767482904,
                        2.2761212078188486,
                        6.13884541753696,
                        -7.007805058008263
                    ],
                    [
                        3.6137616620083222e-09,
                        2.547269618468091,
                        2.8411599769008378,
                        -1.210651737640108,
                        5.859666531520178,
                        -5.144847050996091,
                        -7.007805058008263,
                        12.916149700637993
                    ]
                ],
                "mui": [
                    1.0,
                    0.8797980140873585,
                    -0.3355459894995346,
                    -1.7287796310209058,
                    1.9896263432415984,
                    -1.0702882031711725,
                    -4.375908510892481,
                    3.613761662008322
                ],
                "Ai": [
                    [
                        0.0,
                        0.0,
                        0.0,
                        0.0,
                        0.0,
                        0.0,
                        0.0,
                        0.0
                    ],
                    [
                        0.8797980140873585,
                        0.0,
                        0.0,
                        0.0,
                        0.0,
                        0.0,
                        0.0,
                        0.0
                    ],
                    [
                        -0.9761750487943102,
                        0.7281547003255284,
                        0.0,
                        0.0,
                        0.0,
                        0.0,
                        0.0,
                        0.0
                    ],
                    [
                        -0.7027450343129441,
                        -0.8829272305786848,
                        0.742780365317194,
                        0.0,
                        0.0,
                        0.0,
                        0.0,
                        0.0
                    ],
                    [
                        0.6620642029271215,
                        0.756784538764647,
                        0.690407062794332,
                        -0.5167853155075208,
                        0.0,
                        0.0,
                        0.0,
                        0.0
                    ],
                    [
                        -0.6047865219103756,
                        -0.8341564586765178,
                        -0.799853143592167,
                        0.0,
                        -0.0,
                        0.0,
                        0.0,
                        0.0
                    ],
                    [
                        -0.7774482333328313,
                        0.7830784924041894,
                        0.6023499328702362,
                        0.9854010533397641,
                        -0.7820084154900963,
                        0.771613907224699,
                        0.0,
                        0.0
                    ],
                    [
                        -0.5133293762112217,
                        0.0,
                        0.8398067115964052,
                        0.5776050373266989,
                        0.5871435378415295,
                        -0.0,
                        -0.9687680569303749,
                        0.0
                    ]
                ]
            },
            "est_params": {
                "mui": [
                    2.108289925160017,
                    2.126019679286033,
                    0.3834994419088756,
                    -2.963760940008153,
                    5.497709161183702,
                    -3.5565590202015156,
                    -9.523681800471673,
                    10.147601834878888
                ],
                "Si": [
                    [
                        0.23404248196501545,
                        0.012183405710641061,
                        -0.087043354073117,
                        -0.17477913535206366,
                        -0.15813141053261226,
                        0.0788512038586957,
                        -0.23340971249579348,
                        -0.20530181284981708
                    ],
                    [
                        0.012183405710641079,
                        1.1792684656404515,
                        0.24996429062984502,
                        -0.5053811520982183,
                        1.540023314963635,
                        -0.8838782863400881,
                        -1.0451881341343177,
                        1.3622601585553369
                    ],
                    [
                        -0.08704335407311702,
                        0.24996429062984502,
                        1.0793097880866735,
                        0.7619025069056773,
                        0.6535219687847852,
                        -0.4989572621489055,
                        0.5933170769085333,
                        1.2509498705015993
                    ],
                    [
                        -0.17477913535206366,
                        -0.5053811520982183,
                        0.7619025069056773,
                        1.5761748594226723,
                        -0.5930416610590891,
                        0.005331861302745425,
                        1.3013134413444538,
                        0.4310418915291117
                    ],
                    [
                        -0.1581314105326123,
                        1.5400233149636353,
                        0.6535219687847852,
                        -0.5930416610590891,
                        2.604441752864751,
                        -1.30299590897295,
                        -1.2896605177273868,
                        2.6068287322514245
                    ],
                    [
                        0.07885120385869568,
                        -0.8838782863400881,
                        -0.4989572621489055,
                        0.005331861302745425,
                        -1.30299590897295,
                        1.8688748255314624,
                        1.312336794065403,
                        -2.2965562244338287
                    ],
                    [
                        -0.23340971249579345,
                        -1.0451881341343177,
                        0.5933170769085332,
                        1.3013134413444538,
                        -1.289660517727387,
                        1.312336794065403,
                        2.544570287799214,
                        -1.5958579153983168
                    ],
                    [
                        -0.20530181284981708,
                        1.3622601585553369,
                        1.2509498705015991,
                        0.43104189152911165,
                        2.6068287322514245,
                        -2.296556224433828,
                        -1.5958579153983168,
                        5.021700065309708
                    ]
                ]
            },
            "est_tgt": [
                0,
                1,
                3,
                5,
                6
            ],
            "oracle_est_tgt": [
                0,
                3,
                6
            ]
        },
        "1": {
            "intv_type": "do",
            "inode": 1,
            "new_mui": 1.0,
            "new_vari": null,
            "noise_type": "gaussian",
            "obs_noise_gamma_shape": null,
            "true_params": {
                "Si": [
                    [
                        1.0,
                        0.0,
                        -0.9761750487943102,
                        -1.4278286936699116,
                        0.7259869566648247,
                        0.17601015956399033,
                        -3.204347129890277,
                        1.3726789131322452
                    ],
                    [
                        0.0,
                        1e-09,
                        7.281547003255285e-10,
                        -3.4206821626345686e-10,
                        1.4362835177430876e-09,
                        -1.416573284753304e-09,
                        -1.3316253983790826e-09,
                        2.547269615288711e-09
                    ],
                    [
                        -0.9761750487943102,
                        7.281547003255285e-10,
                        1.9529177264187831,
                        2.1365911097812575,
                        -0.4021412744493871,
                        -0.9716698707243241,
                        3.6053884345764233,
                        -0.3536212684064377
                    ],
                    [
                        -1.4278286936699116,
                        -3.4206821626345686e-10,
                        2.1365911097812575,
                        3.5904174496848813,
                        -1.3256716882924646,
                        -0.8454275659158161,
                        6.319382292534467,
                        -2.299262097985987
                    ],
                    [
                        0.7259869566648247,
                        1.4362835177430876e-09,
                        -0.4021412744493871,
                        -1.3256716882924646,
                        1.8880964624593797,
                        -0.11741316513520042,
                        -3.6800702774619674,
                        3.197612150924651
                    ],
                    [
                        0.17601015956399033,
                        -1.416573284753304e-09,
                        -0.9716698707243241,
                        -0.8454275659158161,
                        -0.11741316513520042,
                        1.670744629590693,
                        -0.17422140925147556,
                        -1.2948475301243745
                    ],
                    [
                        -3.204347129890277,
                        -1.3316253983790826e-09,
                        3.6053884345764233,
                        6.319382292534467,
                        -3.6800702774619674,
                        -0.17422140925147556,
                        14.633459727389418,
                        -8.014335864905235
                    ],
                    [
                        1.3726789131322452,
                        2.547269615288711e-09,
                        -0.3536212684064377,
                        -2.299262097985987,
                        3.197612150924651,
                        -1.2948475301243745,
                        -8.014335864905235,
                        8.31181459965213
                    ]
                ],
                "mui": [
                    0.0,
                    1.0,
                    0.7281547003255284,
                    -0.34206821626345685,
                    1.4362835177430875,
                    -1.416573284753304,
                    -1.3316253983790824,
                    2.5472696152887107
                ],
                "Ai": [
                    [
                        0.0,
                        0.0,
                        0.0,
                        0.0,
                        0.0,
                        0.0,
                        0.0,
                        0.0
                    ],
                    [
                        0.0,
                        0.0,
                        0.0,
                        0.0,
                        0.0,
                        0.0,
                        0.0,
                        0.0
                    ],
                    [
                        -0.9761750487943102,
                        0.7281547003255284,
                        0.0,
                        0.0,
                        0.0,
                        0.0,
                        0.0,
                        0.0
                    ],
                    [
                        -0.7027450343129441,
                        -0.8829272305786848,
                        0.742780365317194,
                        0.0,
                        0.0,
                        0.0,
                        0.0,
                        0.0
                    ],
                    [
                        0.6620642029271215,
                        0.756784538764647,
                        0.690407062794332,
                        -0.5167853155075208,
                        0.0,
                        0.0,
                        0.0,
                        0.0
                    ],
                    [
                        -0.6047865219103756,
                        -0.8341564586765178,
                        -0.799853143592167,
                        0.0,
                        -0.0,
                        0.0,
                        0.0,
                        0.0
                    ],
                    [
                        -0.7774482333328313,
                        0.7830784924041894,
                        0.6023499328702362,
                        0.9854010533397641,
                        -0.7820084154900963,
                        0.771613907224699,
                        0.0,
                        0.0
                    ],
                    [
                        -0.5133293762112217,
                        0.0,
                        0.8398067115964052,
                        0.5776050373266989,
                        0.5871435378415295,
                        -0.0,
                        -0.9687680569303749,
                        0.0
                    ]
                ]
            },
            "est_params": {
                "mui": [
                    1.1220023258650669,
                    1.6702943797276044,
                    0.4676663687979538,
                    -2.1785912999710018,
                    2.596158040475166,
                    -2.4179651153579687,
                    -5.984190165882685,
                    1.7072574792387785
                ],
                "Si": [
                    [
                        0.9160934357774416,
                        0.3746628661555094,
                        -0.8895005194473485,
                        -1.7568408340582744,
                        0.33002564910710075,
                        -0.18317342206261003,
                        -2.612621019193947,
                        0.34778396043211074
                    ],
                    [
                        0.37466286615550937,
                        0.7891374543242121,
                        -0.09811893812047523,
                        -1.2725307278016675,
                        0.43080352579567494,
                        -0.847877355093872,
                        -1.481331061792768,
                        0.4270625192928703
                    ],
                    [
                        -0.8895005194473485,
                        -0.09811893812047524,
                        1.6043548193196617,
                        1.8190510371222768,
                        -0.5737498114718694,
                        -0.33762071130619503,
                        3.2822406309074936,
                        0.12533730058810702
                    ],
                    [
                        -1.7568408340582744,
                        -1.2725307278016675,
                        1.8190510371222766,
                        4.8308513516292,
                        -1.7443859823778431,
                        0.9769570831305577,
                        7.13463291207637,
                        -0.649588751348466
                    ],
                    [
                        0.33002564910710075,
                        0.4308035257956748,
                        -0.5737498114718693,
                        -1.7443859823778431,
                        2.9100096117236443,
                        -0.3586058985656554,
                        -3.6365584309028796,
                        -1.1672632430560945
                    ],
                    [
                        -0.18317342206260998,
                        -0.847877355093872,
                        -0.33762071130619514,
                        0.9769570831305577,
                        -0.3586058985656553,
                        1.6034005922519992,
                        1.4083943145001647,
                        -0.4539126847409185
                    ],
                    [
                        -2.612621019193947,
                        -1.4813310617927682,
                        3.282240630907493,
                        7.13463291207637,
                        -3.63655843090288,
                        1.4083943145001647,
                        12.27559181956654,
                        0.037293955632154124
                    ],
                    [
                        0.34778396043211074,
                        0.42706251929287026,
                        0.12533730058810705,
                        -0.649588751348466,
                        -1.1672632430560945,
                        -0.4539126847409186,
                        0.03729395563215418,
                        1.521062840665558
                    ]
                ]
            },
            "est_tgt": [
                0,
                1,
                2,
                3,
                4,
                6,
                7
            ],
            "oracle_est_tgt": [
                0,
                1,
                4
            ]
        },
        "2": {
            "intv_type": "do",
            "inode": 2,
            "new_mui": 1.0,
            "new_vari": null,
            "noise_type": "gaussian",
            "obs_noise_gamma_shape": null,
            "true_params": {
                "Si": [
                    [
                        1.0,
                        0.8797980140873585,
                        0.0,
                        -1.4795426583597222,
                        2.0924876567315405,
                        -1.3386757176921196,
                        -4.215723982758349,
                        3.9447286683751432
                    ],
                    [
                        0.8797980140873585,
                        1.77404454559206,
                        0.0,
                        -2.1846259231610996,
                        3.054034851084154,
                        -2.011920696609014,
                        -5.3882209138427175,
                        5.299616028516221
                    ],
                    [
                        0.0,
                        0.0,
                        1e-09,
                        7.427803653171941e-10,
                        3.0654907735109427e-10,
                        -7.998531435921671e-10,
                        4.773847196715035e-10,
                        9.863536347445461e-10
                    ],
                    [
                        -1.4795426583597222,
                        -2.1846259231610996,
                        7.427803653171941e-10,
                        3.9686069729552225,
                        -4.683761158567559,
                        2.717127281370273,
                        9.10951758354566,
                        -8.52326965676443
                    ],
                    [
                        2.0924876567315405,
                        3.054034851084154,
                        3.0654907735109427e-10,
                        -4.683761158567559,
                        7.117106517041536,
                        -3.8130512283552784,
                        -12.3584755511446,
                        12.371760023788674
                    ],
                    [
                        -1.3386757176921196,
                        -2.011920696609014,
                        -7.998531435921671e-10,
                        2.717127281370273,
                        -3.8130512283552784,
                        3.4878696753300256,
                        7.815846227767231,
                        -7.553942576310616
                    ],
                    [
                        -4.215723982758349,
                        -5.3882209138427175,
                        4.773847196715035e-10,
                        9.10951758354566,
                        -12.3584755511446,
                        7.815846227767231,
                        24.729883004890777,
                        -23.787961557569577
                    ],
                    [
                        3.9447286683751432,
                        5.299616028516221,
                        9.863536347445461e-10,
                        -8.52326965676443,
                        12.371760023788674,
                        -7.553942576310616,
                        -23.787961557569577,
                        24.36098765208269
                    ]
                ],
                "mui": [
                    0.0,
                    0.0,
                    1.0,
                    0.742780365317194,
                    0.30654907735109427,
                    -0.799853143592167,
                    0.47738471967150353,
                    0.9863536347445461
                ],
                "Ai": [
                    [
                        0.0,
                        0.0,
                        0.0,
                        0.0,
                        0.0,
                        0.0,
                        0.0,
                        0.0
                    ],
                    [
                        0.8797980140873585,
                        0.0,
                        0.0,
                        0.0,
                        0.0,
                        0.0,
                        0.0,
                        0.0
                    ],
                    [
                        0.0,
                        0.0,
                        0.0,
                        0.0,
                        0.0,
                        0.0,
                        0.0,
                        0.0
                    ],
                    [
                        -0.7027450343129441,
                        -0.8829272305786848,
                        0.742780365317194,
                        0.0,
                        0.0,
                        0.0,
                        0.0,
                        0.0
                    ],
                    [
                        0.6620642029271215,
                        0.756784538764647,
                        0.690407062794332,
                        -0.5167853155075208,
                        0.0,
                        0.0,
                        0.0,
                        0.0
                    ],
                    [
                        -0.6047865219103756,
                        -0.8341564586765178,
                        -0.799853143592167,
                        0.0,
                        -0.0,
                        0.0,
                        0.0,
                        0.0
                    ],
                    [
                        -0.7774482333328313,
                        0.7830784924041894,
                        0.6023499328702362,
                        0.9854010533397641,
                        -0.7820084154900963,
                        0.771613907224699,
                        0.0,
                        0.0
                    ],
                    [
                        -0.5133293762112217,
                        0.0,
                        0.8398067115964052,
                        0.5776050373266989,
                        0.5871435378415295,
                        -0.0,
                        -0.9687680569303749,
                        0.0
                    ]
                ]
            },
            "est_params": {
                "mui": [
                    0.0431922701172619,
                    0.13781255235819712,
                    0.07438073798567658,
                    0.056179869691026105,
                    0.029072320711172446,
                    1.0000017840700484,
                    0.7902368149180371,
                    -0.7205783971129369
                ],
                "Si": [
                    [
                        1.1190079498712844,
                        0.9565441928295935,
                        -0.4322061065533347,
                        -2.0454525619235815,
                        2.3444923599276826,
                        4.496000071804657e-06,
                        -4.199399583552185,
                        3.285767813669812
                    ],
                    [
                        0.9565441928295935,
                        1.839440978815555,
                        0.30731541327635514,
                        -2.127461298453365,
                        3.3488095896011405,
                        2.6725597000703236e-06,
                        -3.6692457657981135,
                        3.921596330819785
                    ],
                    [
                        -0.4322061065533348,
                        0.30731541327635514,
                        1.5986187632527031,
                        1.173047189986197,
                        0.2940909242192323,
                        -7.815436947415986e-07,
                        2.524088497864111,
                        0.013565461455282956
                    ],
                    [
                        -2.0454525619235815,
                        -2.127461298453365,
                        1.173047189986197,
                        5.284351793018914,
                        -5.152524711818433,
                        -8.341051259695365e-06,
                        9.746390663062222,
                        -7.117105728760532
                    ],
                    [
                        2.3444923599276826,
                        3.3488095896011405,
                        0.29409092421923233,
                        -5.152524711818433,
                        7.864816280069022,
                        6.880417621173403e-06,
                        -9.916392243501935,
                        10.114674029067936
                    ],
                    [
                        4.4960000718046565e-06,
                        2.672559700070324e-06,
                        -7.81543694741599e-07,
                        -8.341051259695367e-06,
                        6.880417621173404e-06,
                        1.001078206309087e-06,
                        -1.3860214997415797e-05,
                        4.820523650271859e-06
                    ],
                    [
                        -4.199399583552187,
                        -3.6692457657981135,
                        2.524088497864111,
                        9.746390663062222,
                        -9.916392243501935,
                        -1.3860214997415798e-05,
                        19.978746190909526,
                        -14.953096011473184
                    ],
                    [
                        3.285767813669812,
                        3.921596330819785,
                        0.013565461455282988,
                        -7.117105728760532,
                        10.114674029067936,
                        4.82052365027186e-06,
                        -14.953096011473184,
                        15.48458171612324
                    ]
                ]
            },
            "est_tgt": [
                1,
                4,
                5,
                6
            ],
            "oracle_est_tgt": [
                2,
                4,
                5
            ]
        },
        "3": {
            "intv_type": "do",
            "inode": 3,
            "new_mui": 1.0,
            "new_vari": null,
            "noise_type": "gaussian",
            "obs_noise_gamma_shape": null,
            "true_params": {
                "Si": [
                    [
                        1.0,
                        0.8797980140873585,
                        -0.3355459894995346,
                        0.0,
                        1.096218416181484,
                        -1.0702882031711725,
                        -1.9737147240655806,
                        1.7605861870495305
                    ],
                    [
                        0.8797980140873585,
                        1.77404454559206,
                        0.4329420051288602,
                        0.0,
                        2.223958472238741,
                        -2.3582107204044287,
                        -2.592781124817397,
                        3.7295478136138853
                    ],
                    [
                        -0.3355459894995346,
                        0.4329420051288602,
                        1.642800378675382,
                        0.0,
                        1.239691811778571,
                        -1.4722067250581086,
                        -0.5159867055621725,
                        2.779628871654892
                    ],
                    [
                        0.0,
                        0.0,
                        0.0,
                        1e-09,
                        -5.167853155075208e-10,
                        0.0,
                        1.38953151906835e-09,
                        -1.0719558708962956e-09
                    ],
                    [
                        1.096218416181484,
                        2.223958472238741,
                        1.239691811778571,
                        -5.167853155075208e-10,
                        4.264716341395445,
                        -3.509678839359366,
                        -4.407151815292908,
                        7.251888929050548
                    ],
                    [
                        -1.0702882031711725,
                        -2.3582107204044287,
                        -1.4722067250581086,
                        0.0,
                        -3.509678839359366,
                        4.791961760238413,
                        4.540788680132286,
                        -7.1466149898732825
                    ],
                    [
                        -1.9737147240655806,
                        -2.592781124817397,
                        -0.5159867055621725,
                        1.38953151906835e-09,
                        -4.407151815292908,
                        4.540788680132286,
                        7.143470838143739,
                        -8.928160421742644
                    ],
                    [
                        1.7605861870495305,
                        3.7295478136138853,
                        2.779628871654892,
                        -1.0719558708962956e-09,
                        7.251888929050548,
                        -7.1466149898732825,
                        -8.928160421742644,
                        15.337806717950382
                    ]
                ],
                "mui": [
                    0.0,
                    0.0,
                    0.0,
                    1.0,
                    -0.5167853155075208,
                    0.0,
                    1.38953151906835,
                    -1.0719558708962955
                ],
                "Ai": [
                    [
                        0.0,
                        0.0,
                        0.0,
                        0.0,
                        0.0,
                        0.0,
                        0.0,
                        0.0
                    ],
                    [
                        0.8797980140873585,
                        0.0,
                        0.0,
                        0.0,
                        0.0,
                        0.0,
                        0.0,
                        0.0
                    ],
                    [
                        -0.9761750487943102,
                        0.7281547003255284,
                        0.0,
                        0.0,
                        0.0,
                        0.0,
                        0.0,
                        0.0
                    ],
                    [
                        0.0,
                        0.0,
                        0.0,
                        0.0,
                        0.0,
                        0.0,
                        0.0,
                        0.0
                    ],
                    [
                        0.6620642029271215,
                        0.756784538764647,
                        0.690407062794332,
                        -0.5167853155075208,
                        0.0,
                        0.0,
                        0.0,
                        0.0
                    ],
                    [
                        -0.6047865219103756,
                        -0.8341564586765178,
                        -0.799853143592167,
                        0.0,
                        -0.0,
                        0.0,
                        0.0,
                        0.0
                    ],
                    [
                        -0.7774482333328313,
                        0.7830784924041894,
                        0.6023499328702362,
                        0.9854010533397641,
                        -0.7820084154900963,
                        0.771613907224699,
                        0.0,
                        0.0
                    ],
                    [
                        -0.5133293762112217,
                        0.0,
                        0.8398067115964052,
                        0.5776050373266989,
                        0.5871435378415295,
                        -0.0,
                        -0.9687680569303749,
                        0.0
                    ]
                ]
            },
            "est_params": {
                "mui": [
                    -0.15761809811129157,
                    -0.21280591882029537,
                    -0.13071420516402962,
                    1.0000097000005623,
                    -0.7051566851826367,
                    0.3945211172596321,
                    1.7516009362959577,
                    -1.703841012391278
                ],
                "Si": [
                    [
                        0.9750436464672767,
                        0.818696251657878,
                        -0.3836536523631775,
                        -5.387014795564068e-06,
                        0.9348142358779853,
                        -0.8505288864160003,
                        -1.7940821874793138,
                        1.3709907114466713
                    ],
                    [
                        0.818696251657878,
                        1.433666542207767,
                        0.3292671717697706,
                        -3.2473095570275896e-06,
                        1.7139087374337514,
                        -1.806866792061066,
                        -2.095539550217473,
                        2.7806186651352633
                    ],
                    [
                        -0.3836536523631775,
                        0.3292671717697706,
                        1.6821721439745596,
                        -3.869826356754509e-06,
                        0.8806656448230475,
                        -1.476956330061982,
                        -0.16122886027923783,
                        2.375283427345318
                    ],
                    [
                        -5.387014795564067e-06,
                        -3.2473095570275896e-06,
                        -3.869826356754509e-06,
                        1.0317304119232353e-06,
                        1.3494496259961918e-05,
                        3.822845120203759e-06,
