{
    "expt_args": {
        "save_dir": "all_expt_logs/expt_logs_sim_compsel_backward_cameraready_all_re",
        "exp_name": "299",
        "num_nodes": 4,
        "num_tgt_prior": 5,
        "obs_noise_mean": 0.0,
        "obs_noise_var": 1.0,
        "obs_noise_gamma_shape": null,
        "noise_type": "gaussian",
        "max_edge_strength": 1.0,
        "graph_sparsity_method": "adj_dense_prop",
        "adj_dense_prop": 0.8,
        "num_parents": null,
        "new_noise_mean": 1.0,
        "mix_samples": 4096,
        "stage2_samples": 4096,
        "gmm_tol": 0.001,
        "intv_type": "do",
        "new_noise_var": null,
        "dtype": "simulation",
        "cutoff_drop_ratio": 0.07,
        "intv_targets": [
            0,
            1,
            2,
            3
        ]
    },
    "intv_args_dict": {
        "0": {
            "intv_type": "do",
            "inode": 0,
            "new_mui": 1.0,
            "new_vari": null,
            "noise_type": "gaussian",
            "obs_noise_gamma_shape": null,
            "true_params": {
                "Si": [
                    [
                        1e-09,
                        8.571783503973015e-10,
                        6.720616963742277e-11,
                        -1.807622322638878e-09
                    ],
                    [
                        8.571783503973015e-10,
                        1.0000000007347547,
                        -0.6959085076043501,
                        -0.2731963987190062
                    ],
                    [
                        6.720616963742277e-11,
                        -0.6959085076043501,
                        1.4842886510408098,
                        -0.6837967071688209
                    ],
                    [
                        -1.807622322638878e-09,
                        -0.2731963987190062,
                        -0.6837967071688209,
                        1.8383661560493871
                    ]
                ],
                "mui": [
                    1.0,
                    0.8571783503973014,
                    0.06720616963742276,
                    -1.807622322638878
                ],
                "Ai": [
                    [
                        0.0,
                        0.0,
                        0.0,
                        0.0
                    ],
                    [
                        0.8571783503973014,
                        0.0,
                        0.0,
                        0.0
                    ],
                    [
                        0.6637238762625475,
                        -0.6959085076619578,
                        0.0,
                        0.0
                    ],
                    [
                        -0.9934051023197685,
                        -0.8813622577682425,
                        -0.8739164041002236,
                        0.0
                    ]
                ]
            },
            "est_params": {
                "mui": [
                    1.0000012364437836,
                    0.8260075304164254,
                    0.06812199056620857,
                    -1.8253343182250534
                ],
                "Si": [
                    [
                        1.002991861372062e-06,
                        2.334944007508299e-06,
                        -3.311049359781777e-06,
                        1.868765577220746e-06
                    ],
                    [
                        2.334944007508299e-06,
                        0.9928596545790718,
                        -0.6742776194342331,
                        -0.24404123642506292
                    ],
                    [
                        -3.3110493597817773e-06,
                        -0.6742776194342331,
                        1.4987748194463442,
                        -0.7375435959015944
                    ],
                    [
                        1.8687655772207465e-06,
                        -0.24404123642506287,
                        -0.7375435959015944,
                        1.8480548259364988
                    ]
                ]
            },
            "est_tgt": [
                0
            ],
            "oracle_est_tgt": [
                0
            ]
        },
        "1": {
            "intv_type": "do",
            "inode": 1,
            "new_mui": 1.0,
            "new_vari": null,
            "noise_type": "gaussian",
            "obs_noise_gamma_shape": null,
            "true_params": {
                "Si": [
                    [
                        1.0,
                        0.0,
                        0.6637238762625475,
                        -1.5734442855785957
                    ],
                    [
                        0.0,
                        1e-09,
                        -6.959085076619578e-10,
                        -2.731963971695515e-10
                    ],
                    [
                        0.6637238762625475,
                        -6.959085076619578e-10,
                        1.44052938440527,
                        -1.9182489442174842
                    ],
                    [
                        -1.5734442855785957,
                        -2.731963971695515e-10,
                        -1.9182489442174842,
                        4.239456801250039
                    ]
                ],
                "mui": [
                    0.0,
                    1.0,
                    -0.6959085076619578,
                    -0.27319639716955146
                ],
                "Ai": [
                    [
                        0.0,
                        0.0,
                        0.0,
                        0.0
                    ],
                    [
                        0.0,
                        0.0,
                        0.0,
                        0.0
                    ],
                    [
                        0.6637238762625475,
                        -0.6959085076619578,
                        0.0,
                        0.0
                    ],
                    [
                        -0.9934051023197685,
                        -0.8813622577682425,
                        -0.8739164041002236,
                        0.0
                    ]
                ]
            },
            "est_params": {
                "mui": [
                    -0.041921431829781586,
                    1.0000007686044652,
                    -0.6937096396912286,
                    -0.2669505601541797
                ],
                "Si": [
                    [
                        1.0746760568945328,
                        1.403450602649944e-06,
                        0.6754319992990976,
                        -1.6925587783636356
                    ],
                    [
                        1.403450602649944e-06,
                        1.004416074383203e-06,
                        -2.6287160972636498e-06,
                        -1.1792220939826557e-07
                    ],
                    [
                        0.6754319992990976,
                        -2.6287160972636498e-06,
                        1.4174115459617647,
                        -1.9755431421606693
                    ],
                    [
                        -1.6925587783636356,
                        -1.179222093982661e-07,
                        -1.9755431421606695,
                        4.439335126415928
                    ]
                ]
            },
            "est_tgt": [
                1,
                2
            ],
            "oracle_est_tgt": [
                1,
                2
            ]
        },
        "2": {
            "intv_type": "do",
            "inode": 2,
            "new_mui": 1.0,
            "new_vari": null,
            "noise_type": "gaussian",
            "obs_noise_gamma_shape": null,
            "true_params": {
                "Si": [
                    [
                        1.0,
                        0.8571783503973014,
                        0.0,
                        -1.7488897485359918
                    ],
                    [
                        0.8571783503973014,
                        1.734754724389839,
                        0.0,
                        -2.3804726874450752
                    ],
                    [
                        0.0,
                        0.0,
                        1e-09,
                        -8.739164041002237e-10
                    ],
                    [
                        -1.7488897485359918,
                        -2.3804726874450752,
                        -8.739164041002237e-10,
                        4.835414782716349
                    ]
                ],
                "mui": [
                    0.0,
                    0.0,
                    1.0,
                    -0.8739164041002236
                ],
                "Ai": [
                    [
                        0.0,
                        0.0,
                        0.0,
                        0.0
                    ],
                    [
                        0.8571783503973014,
                        0.0,
                        0.0,
                        0.0
                    ],
                    [
                        0.0,
                        0.0,
                        0.0,
                        0.0
                    ],
                    [
                        -0.9934051023197685,
                        -0.8813622577682425,
                        -0.8739164041002236,
                        0.0
                    ]
                ]
            },
            "est_params": {
                "mui": [
                    0.015502188209527172,
                    0.05726064055285116,
                    1.0000029599946205,
                    -0.9720242461830843
                ],
                "Si": [
                    [
                        1.099892946611033,
                        0.9719459474766218,
                        -7.423388902923411e-06,
                        -1.9023503916847568
                    ],
                    [
                        0.9719459474766221,
                        1.8121747962509314,
                        2.2287320411742596e-07,
                        -2.5280906550715163
                    ],
                    [
                        -7.423388902923411e-06,
                        2.228732041174249e-07,
                        1.0320721825557567e-06,
                        1.5651805511391963e-05
                    ],
                    [
                        -1.9023503916847568,
                        -2.5280906550715163,
                        1.5651805511391963e-05,
                        5.105009364955976
                    ]
                ]
            },
            "est_tgt": [
                1,
                2
            ],
            "oracle_est_tgt": [
                1,
                2
            ]
        },
        "3": {
            "intv_type": "do",
            "inode": 3,
            "new_mui": 1.0,
            "new_vari": null,
            "noise_type": "gaussian",
            "obs_noise_gamma_shape": null,
            "true_params": {
                "Si": [
                    [
                        1.0,
                        0.8571783503973014,
                        0.06720616963742276,
                        0.0
                    ],
                    [
                        0.8571783503973014,
                        1.734754724389839,
                        -0.6383008340356305,
                        0.0
                    ],
                    [
                        0.06720616963742276,
                        -0.6383008340356305,
                        1.488805320273627,
                        0.0
                    ],
                    [
                        0.0,
                        0.0,
                        0.0,
                        1e-09
                    ]
                ],
                "mui": [
                    0.0,
                    0.0,
                    0.0,
                    1.0
                ],
                "Ai": [
                    [
                        0.0,
                        0.0,
                        0.0,
                        0.0
                    ],
                    [
                        0.8571783503973014,
                        0.0,
                        0.0,
                        0.0
                    ],
                    [
                        0.6637238762625475,
                        -0.6959085076619578,
                        0.0,
                        0.0
                    ],
                    [
                        0.0,
                        0.0,
                        0.0,
                        0.0
                    ]
                ]
            },
            "est_params": {
                "mui": [
                    -0.06065220616130017,
                    -0.06200320492606799,
                    -0.010816988961430725,
                    0.9999982357928537
                ],
                "Si": [
                    [
                        1.0464128423308499,
                        0.8906499696962774,
                        0.07547300933061542,
                        1.928926343095438e-06
                    ],
                    [
                        0.8906499696962774,
                        1.7028087620195393,
                        -0.5899727412080489,
                        2.9016477167964254e-06
                    ],
                    [
                        0.07547300933061542,
                        -0.5899727412080488,
                        1.4317034518212255,
                        -1.1046132334487013e-06
                    ],
                    [
                        1.9289263430954384e-06,
                        2.901647716796425e-06,
                        -1.104613233448702e-06,
                        1.0021817527889203e-06
                    ]
                ]
            },
            "est_tgt": [
                3
            ],
            "oracle_est_tgt": [
                3
            ]
        },
        "obs": {
            "intv_type": "obs",
            "noise_type": "gaussian",
            "obs_noise_gamma_shape": null,
            "true_params": {
                "Si": [
                    [
                        1.0,
                        0.8571783503973014,
                        0.06720616963742276,
                        -1.807622322638878
                    ],
                    [
                        0.8571783503973014,
                        1.734754724389839,
                        -0.6383008340356305,
                        -1.8226511178304834
                    ],
                    [
                        0.06720616963742276,
                        -0.6383008340356305,
                        1.488805320273627,
                        -0.8052800795029982
                    ],
                    [
                        -1.807622322638878,
                        -1.8226511178304834,
                        -0.8052800795029982,
                        5.10586461408426
                    ]
                ],
                "mui": [
                    0.0,
                    0.0,
                    0.0,
                    0.0
                ],
                "Ai": [
                    [
                        0.0,
                        0.0,
                        0.0,
                        0.0
                    ],
                    [
                        0.8571783503973014,
                        0.0,
                        0.0,
                        0.0
                    ],
                    [
                        0.6637238762625475,
                        -0.6959085076619578,
                        0.0,
                        0.0
                    ],
                    [
                        -0.9934051023197685,
                        -0.8813622577682425,
                        -0.8739164041002236,
                        0.0
                    ]
                ]
            },
            "est_params": {
                "mui": [
                    0.009050342430381952,
                    -0.02623498255736594,
                    0.009227295120764426,
                    0.013789336847877894
                ],
                "Si": [
                    [
                        1.059734038797864,
                        0.8666220252182172,
                        0.06136677340829945,
                        -1.852097965389231
                    ],
                    [
                        0.8666220252182172,
                        1.6247116285815157,
                        -0.5702660299677093,
                        -1.7925519684441023
                    ],
                    [
                        0.06136677340829945,
                        -0.5702660299677093,
                        1.4620585467481695,
                        -0.8648812405257338
                    ],
                    [
                        -1.852097965389231,
                        -1.7925519684441023,
                        -0.8648812405257338,
                        5.102309234191978
                    ]
                ]
            },
            "est_tgt": [
                0,
                1,
                2,
                3
            ],
            "oracle_est_tgt": [
                0,
                1,
                2,
                3
            ]
        }
    },
    "metric_dict": {
        "param_est_rel_err": 3.606450014792608,
        "est_num_comp": 5,
        "weight_precision_error": 0.0025867513293395816,
        "gm_score_dict": {
            "1": -5.978560074028978,
            "2": -5.857135335257916,
            "3": -5.803104726952047,
            "4": -2.551156897358065,
            "5": -1.3560150082902627
        },
        "est_dag": {
            "amat": [
                [
                    0,
                    1,
                    0,
                    1
                ],
                [
                    0,
                    0,
                    0,
                    1
                ],
                [
                    0,
                    1,
                    0,
                    1
                ],
                [
                    0,
                    0,
                    0,
                    0
                ]
            ],
            "nodes": [
                0,
                1,
                2,
                3
            ]
        },
        "oracle_est_dag": {
            "amat": [
                [
                    0,
                    1,
                    0,
                    1
                ],
                [
                    0,
                    0,
                    0,
                    1
                ],
                [
                    0,
                    1,
                    0,
                    1
                ],
                [
                    0,
                    0,
                    0,
                    0
                ]
            ],
            "nodes": [
                0,
                1,
                2,
                3
            ]
        },
        "igsp_dag": null,
        "intv_base_est_dag": null,
        "act_dag": {
            "amat": [
                [
                    0,
                    1,
                    1,
                    1
                ],
                [
                    0,
                    0,
                    1,
                    1
                ],
                [
                    0,
                    0,
                    0,
                    1
                ],
                [
                    0,
                    0,
                    0,
                    0
                ]
            ],
            "nodes": [
                0,
                1,
                2,
                3
            ]
        },
        "shd": 2,
        "oracle_shd": 2,
        "intv_base_shd": null,
        "igsp_shd": null,
        "avg_js": 0.6,
        "avg_oracle_js": 0.6
    }
}