{
    "expt_args": {
        "save_dir": "all_expt_logs/expt_logs_sim_compsel_backward_cameraready_new_variance",
        "exp_name": "260",
        "num_nodes": 6,
        "num_tgt_prior": 7,
        "obs_noise_mean": 0.0,
        "obs_noise_var": 1.0,
        "obs_noise_gamma_shape": null,
        "noise_type": "gaussian",
        "max_edge_strength": 1.0,
        "graph_sparsity_method": "adj_dense_prop",
        "adj_dense_prop": 0.8,
        "num_parents": null,
        "new_noise_mean": 1.0,
        "mix_samples": 131072,
        "stage2_samples": 131072,
        "gmm_tol": 0.001,
        "intv_type": "hard",
        "new_noise_var": 8.0,
        "dtype": "simulation",
        "cutoff_drop_ratio": 0.07,
        "intv_targets": [
            0,
            1,
            2,
            3,
            4,
            5
        ]
    },
    "intv_args_dict": {
        "0": {
            "intv_type": "hard",
            "inode": 0,
            "new_mui": 1.0,
            "new_vari": 8.0,
            "noise_type": "gaussian",
            "obs_noise_gamma_shape": null,
            "true_params": {
                "Si": [
                    [
                        8.0,
                        -7.304978812528558,
                        1.5289609335417715,
                        4.998801948390879,
                        3.753519653404592,
                        -13.341889120583085
                    ],
                    [
                        -7.304978812528558,
                        7.6703394314363935,
                        -0.67399420225635,
                        -5.215887294526996,
                        -3.3694611349105084,
                        12.907473699715341
                    ],
                    [
                        1.5289609335417715,
                        -0.67399420225635,
                        1.8136929960483377,
                        -0.4170107543634039,
                        1.57348435616458,
                        -1.4503585058224497
                    ],
                    [
                        4.998801948390879,
                        -5.215887294526996,
                        -0.4170107543634039,
                        5.361399976086586,
                        0.6704542497879521,
                        -10.995329118180411
                    ],
                    [
                        3.753519653404592,
                        -3.3694611349105084,
                        1.57348435616458,
                        0.6704542497879521,
                        4.2423806386151774,
                        -3.49455169605942
                    ],
                    [
                        -13.341889120583085,
                        12.907473699715341,
                        -1.4503585058224497,
                        -10.995329118180411,
                        -3.49455169605942,
                        27.44801826252285
                    ]
                ],
                "mui": [
                    1.0,
                    -0.9131223515660698,
                    0.19112011669272144,
                    0.6248502435488599,
                    0.469189956675574,
                    -1.6677361400728856
                ],
                "Ai": [
                    [
                        0.0,
                        0.0,
                        0.0,
                        0.0,
                        0.0,
                        0.0
                    ],
                    [
                        -0.9131223515660698,
                        0.0,
                        0.0,
                        0.0,
                        0.0,
                        0.0
                    ],
                    [
                        0.8505169963026906,
                        0.7221342008319659,
                        0.0,
                        0.0,
                        0.0,
                        0.0
                    ],
                    [
                        0.7972417679323385,
                        0.0,
                        -0.9020061695579948,
                        0.0,
                        0.0,
                        0.0
                    ],
                    [
                        0.5492607860133096,
                        -0.5300399841039624,
                        0.0,
                        -0.9027157976976629,
                        0.0,
                        0.0
                    ],
                    [
                        -0.5788396698746464,
                        0.7058263498621781,
                        -0.927292386556875,
                        -0.9903146271778898,
                        0.7494446679673338,
                        0.0
                    ]
                ]
            },
            "oracle_est_tgt": [
                0
            ]
        },
        "1": {
            "intv_type": "hard",
            "inode": 1,
            "new_mui": 1.0,
            "new_vari": 8.0,
            "noise_type": "gaussian",
            "obs_noise_gamma_shape": null,
            "true_params": {
                "Si": [
                    [
                        1.0,
                        0.0,
                        0.8505169963026906,
                        0.03007018995337729,
                        0.5221159505026264,
                        -1.0059995389713108
                    ],
                    [
                        0.0,
                        8.0,
                        5.777073606655727,
                        -5.210956035194123,
                        0.4636924612460141,
                        5.79757225275802
                    ],
                    [
                        0.8505169963026906,
                        5.777073606655727,
                        5.895201593089528,
                        -4.639440533966015,
                        1.5931718937576744,
                        3.9072222484590875
                    ],
                    [
                        0.03007018995337729,
                        -5.210956035194123,
                        -4.639440533966015,
                        5.208777196335275,
                        -1.9235140315890922,
                        -5.993213593385245
                    ],
                    [
                        0.5221159505026264,
                        0.4636924612460141,
                        1.5931718937576744,
                        -1.9235140315890922,
                        2.7773887759837894,
                        2.5341120554947283
                    ],
                    [
                        -1.0059995389713108,
                        5.79757225275802,
                        3.9072222484590875,
                        -5.993213593385245,
                        2.5341120554947283,
                        9.885598112029927
                    ]
                ],
                "mui": [
                    0.0,
                    1.0,
                    0.7221342008319659,
                    -0.6513695043992653,
                    0.05796155765575176,
                    0.7246965315947524
                ],
                "Ai": [
                    [
                        0.0,
                        0.0,
                        0.0,
                        0.0,
                        0.0,
                        0.0
                    ],
                    [
                        0.0,
                        0.0,
                        0.0,
                        0.0,
                        0.0,
                        0.0
                    ],
                    [
                        0.8505169963026906,
                        0.7221342008319659,
                        0.0,
                        0.0,
                        0.0,
                        0.0
                    ],
                    [
                        0.7972417679323385,
                        0.0,
                        -0.9020061695579948,
                        0.0,
                        0.0,
                        0.0
                    ],
                    [
                        0.5492607860133096,
                        -0.5300399841039624,
                        0.0,
                        -0.9027157976976629,
                        0.0,
                        0.0
                    ],
                    [
                        -0.5788396698746464,
                        0.7058263498621781,
                        -0.927292386556875,
                        -0.9903146271778898,
                        0.7494446679673338,
                        0.0
                    ]
                ]
            },
            "oracle_est_tgt": [
                1
            ]
        },
        "2": {
            "intv_type": "hard",
            "inode": 2,
            "new_mui": 1.0,
            "new_vari": 8.0,
            "noise_type": "gaussian",
            "obs_noise_gamma_shape": null,
            "true_params": {
                "Si": [
                    [
                        1.0,
                        -0.9131223515660698,
                        0.0,
                        0.7972417679323385,
                        0.31356940422542606,
                        -1.7778627524042105
                    ],
                    [
                        -0.9131223515660698,
                        1.833792428929549,
                        0.0,
                        -0.7279792779010678,
                        -0.8163672158694549,
                        1.931996927203031
                    ],
                    [
                        0.0,
                        0.0,
                        8.0,
                        -7.216049356463959,
                        6.5140417510460695,
                        4.609733992926928
                    ],
                    [
                        0.7972417679323385,
                        -0.7279792779010678,
                        -7.216049356463959,
                        8.14451547590137,
                        -6.528431019705413,
                        -7.242245113961367
                    ],
                    [
                        0.31356940422542606,
                        -0.8163672158694549,
                        6.5140417510460695,
                        -6.528431019705413,
                        7.498256459224563,
                        5.286587829746049
                    ],
                    [
                        -1.7778627524042105,
                        1.931996927203031,
                        4.609733992926928,
                        -7.242245113961367,
                        5.286587829746049,
                        10.2522869227709
                    ]
                ],
                "mui": [
                    0.0,
                    0.0,
                    1.0,
                    -0.9020061695579948,
                    0.8142552188807587,
                    0.576216749115866
                ],
                "Ai": [
                    [
                        0.0,
                        0.0,
                        0.0,
                        0.0,
                        0.0,
                        0.0
                    ],
                    [
                        -0.9131223515660698,
                        0.0,
                        0.0,
                        0.0,
                        0.0,
                        0.0
                    ],
                    [
                        0.0,
                        0.0,
                        0.0,
                        0.0,
                        0.0,
                        0.0
                    ],
                    [
                        0.7972417679323385,
                        0.0,
                        -0.9020061695579948,
                        0.0,
                        0.0,
                        0.0
                    ],
                    [
                        0.5492607860133096,
                        -0.5300399841039624,
                        0.0,
                        -0.9027157976976629,
                        0.0,
                        0.0
                    ],
                    [
                        -0.5788396698746464,
                        0.7058263498621781,
                        -0.927292386556875,
                        -0.9903146271778898,
                        0.7494446679673338,
                        0.0
                    ]
                ]
            },
            "oracle_est_tgt": [
                2,
                3
            ]
        },
        "3": {
            "intv_type": "hard",
            "inode": 3,
            "new_mui": 1.0,
            "new_vari": 8.0,
            "noise_type": "gaussian",
            "obs_noise_gamma_shape": null,
            "true_params": {
                "Si": [
                    [
                        1.0,
                        -0.9131223515660698,
                        0.19112011669272144,
                        0.0,
                        1.033252142722362,
                        -0.6262044063560193
                    ],
                    [
                        -0.9131223515660698,
                        1.833792428929549,
                        0.5476181504459264,
                        0.0,
                        -1.473525610427286,
                        0.21076240355500092
                    ],
                    [
                        0.19112011669272144,
                        0.5476181504459264,
                        1.5580047030158615,
                        0.0,
                        -0.18528473023980047,
                        -1.307691137465691
                    ],
                    [
                        0.0,
                        0.0,
                        0.0,
                        8.0,
                        -7.221726381581303,
                        -13.334801347618253
                    ],
                    [
                        1.033252142722362,
                        -1.473525610427286,
                        -0.18528473023980047,
                        -7.221726381581303,
                        8.867718866492703,
                        12.331318478152303
                    ],
                    [
                        -0.6262044063560193,
                        0.21076240355500092,
                        -1.307691137465691,
                        -13.334801347618253,
                        12.331318478152303,
                        25.171135353094503
                    ]
                ],
                "mui": [
                    0.0,
                    0.0,
                    0.0,
                    1.0,
                    -0.9027157976976629,
                    -1.6668501684522816
                ],
                "Ai": [
                    [
                        0.0,
                        0.0,
                        0.0,
                        0.0,
                        0.0,
                        0.0
                    ],
                    [
                        -0.9131223515660698,
                        0.0,
                        0.0,
                        0.0,
                        0.0,
                        0.0
                    ],
                    [
                        0.8505169963026906,
                        0.7221342008319659,
                        0.0,
                        0.0,
                        0.0,
                        0.0
                    ],
                    [
                        0.0,
                        0.0,
                        0.0,
                        0.0,
                        0.0,
                        0.0
                    ],
                    [
                        0.5492607860133096,
                        -0.5300399841039624,
                        0.0,
                        -0.9027157976976629,
                        0.0,
                        0.0
                    ],
                    [
                        -0.5788396698746464,
                        0.7058263498621781,
                        -0.927292386556875,
                        -0.9903146271778898,
                        0.7494446679673338,
                        0.0
                    ]
                ]
            },
            "oracle_est_tgt": [
                2,
                3
            ]
        },
        "4": {
            "intv_type": "hard",
            "inode": 4,
            "new_mui": 1.0,
            "new_vari": 8.0,
            "noise_type": "gaussian",
            "obs_noise_gamma_shape": null,
            "true_params": {
                "Si": [
                    [
                        1.0,
                        -0.9131223515660698,
                        0.19112011669272144,
                        0.6248502435488599,
                        0.0,
                        -2.019368051367219
                    ],
                    [
                        -0.9131223515660698,
                        1.833792428929549,
                        0.5476181504459264,
                        -1.2219342281652317,
                        0.0,
                        2.525187655004395
                    ],
                    [
                        0.19112011669272144,
                        0.5476181504459264,
                        1.5580047030158615,
                        -1.2529609146011385,
                        0.0,
                        0.07199503667998734
                    ],
                    [
                        0.6248502435488599,
                        -1.2219342281652317,
                        -1.2529609146011385,
                        2.6283351880451002,
                        0.0,
                        -2.6651791498188757
                    ],
                    [
                        0.0,
                        0.0,
                        0.0,
                        0.0,
                        8.0,
                        5.99555734373867
                    ],
                    [
                        -2.019368051367219,
                        2.525187655004395,
                        0.07199503667998734,
                        -2.6651791498188757,
                        5.99555734373867,
                        11.017178250946861
                    ]
                ],
                "mui": [
                    0.0,
                    0.0,
                    0.0,
                    0.0,
                    1.0,
                    0.7494446679673338
                ],
                "Ai": [
                    [
                        0.0,
                        0.0,
                        0.0,
                        0.0,
                        0.0,
                        0.0
                    ],
                    [
                        -0.9131223515660698,
                        0.0,
                        0.0,
                        0.0,
                        0.0,
                        0.0
                    ],
                    [
                        0.8505169963026906,
                        0.7221342008319659,
                        0.0,
                        0.0,
                        0.0,
                        0.0
                    ],
                    [
                        0.7972417679323385,
                        0.0,
                        -0.9020061695579948,
                        0.0,
                        0.0,
                        0.0
                    ],
                    [
                        0.0,
                        0.0,
                        0.0,
                        0.0,
                        0.0,
                        0.0
                    ],
                    [
                        -0.5788396698746464,
                        0.7058263498621781,
                        -0.927292386556875,
                        -0.9903146271778898,
                        0.7494446679673338,
                        0.0
                    ]
                ]
            },
            "oracle_est_tgt": [
                4
            ]
        },
        "5": {
            "intv_type": "hard",
            "inode": 5,
            "new_mui": 1.0,
            "new_vari": 8.0,
            "noise_type": "gaussian",
            "obs_noise_gamma_shape": null,
            "true_params": {
                "Si": [
                    [
                        1.0,
                        -0.9131223515660698,
                        0.19112011669272144,
                        0.6248502435488599,
                        0.469189956675574,
                        0.0
                    ],
                    [
                        -0.9131223515660698,
                        1.833792428929549,
                        0.5476181504459264,
                        -1.2219342281652317,
                        -0.37046627891503076,
                        0.0
                    ],
                    [
                        0.19112011669272144,
                        0.5476181504459264,
                        1.5580047030158615,
                        -1.2529609146011385,
                        0.9457828812683595,
                        0.0
                    ],
                    [
                        0.6248502435488599,
                        -1.2219342281652317,
                        -1.2529609146011385,
                        2.6283351880451002,
                        -1.3817599611079276,
                        0.0
                    ],
                    [
                        0.469189956675574,
                        -0.37046627891503076,
                        0.9457828812683595,
                        -1.3817599611079276,
                        2.7014061304985884,
                        0.0
                    ],
                    [
                        0.0,
                        0.0,
                        0.0,
                        0.0,
                        0.0,
                        8.0
                    ]
                ],
                "mui": [
                    0.0,
                    0.0,
                    0.0,
                    0.0,
                    0.0,
                    1.0
                ],
                "Ai": [
                    [
                        0.0,
                        0.0,
                        0.0,
                        0.0,
                        0.0,
                        0.0
                    ],
                    [
                        -0.9131223515660698,
                        0.0,
                        0.0,
                        0.0,
                        0.0,
                        0.0
                    ],
                    [
                        0.8505169963026906,
                        0.7221342008319659,
                        0.0,
                        0.0,
                        0.0,
                        0.0
                    ],
                    [
                        0.7972417679323385,
                        0.0,
                        -0.9020061695579948,
                        0.0,
                        0.0,
                        0.0
                    ],
                    [
                        0.5492607860133096,
                        -0.5300399841039624,
                        0.0,
                        -0.9027157976976629,
                        0.0,
                        0.0
                    ],
                    [
                        0.0,
                        0.0,
                        0.0,
                        0.0,
                        0.0,
                        0.0
                    ]
                ]
            },
            "oracle_est_tgt": [
                5
            ]
        },
        "obs": {
            "intv_type": "obs",
            "noise_type": "gaussian",
            "obs_noise_gamma_shape": null,
            "true_params": {
                "Si": [
                    [
                        1.0,
                        -0.9131223515660698,
                        0.19112011669272144,
                        0.6248502435488599,
                        0.469189956675574,
                        -1.6677361400728856
                    ],
                    [
                        -0.9131223515660698,
                        1.833792428929549,
                        0.5476181504459264,
                        -1.2219342281652317,
                        -0.37046627891503076,
                        2.2475436776098263
                    ],
                    [
                        0.19112011669272144,
                        0.5476181504459264,
                        1.5580047030158615,
                        -1.2529609146011385,
                        0.9457828812683595,
                        0.7808069741013414
                    ],
                    [
                        0.6248502435488599,
                        -1.2219342281652317,
                        -1.2529609146011385,
                        2.6283351880451002,
                        -1.3817599611079276,
                        -3.7007317850819628
                    ],
                    [
                        0.469189956675574,
                        -0.37046627891503076,
                        0.9457828812683595,
                        -1.3817599611079276,
                        2.7014061304985884,
                        1.982843635090184
                    ],
                    [
                        -1.6677361400728856,
                        2.2475436776098263,
                        0.7808069741013414,
                        -3.7007317850819628,
                        1.982843635090184,
                        7.978611432186395
                    ]
                ],
                "mui": [
                    0.0,
                    0.0,
                    0.0,
                    0.0,
                    0.0,
                    0.0
                ],
                "Ai": [
                    [
                        0.0,
                        0.0,
                        0.0,
                        0.0,
                        0.0,
                        0.0
                    ],
                    [
                        -0.9131223515660698,
                        0.0,
                        0.0,
                        0.0,
                        0.0,
                        0.0
                    ],
                    [
                        0.8505169963026906,
                        0.7221342008319659,
                        0.0,
                        0.0,
                        0.0,
                        0.0
                    ],
                    [
                        0.7972417679323385,
                        0.0,
                        -0.9020061695579948,
                        0.0,
                        0.0,
                        0.0
                    ],
                    [
                        0.5492607860133096,
                        -0.5300399841039624,
                        0.0,
                        -0.9027157976976629,
                        0.0,
                        0.0
                    ],
                    [
                        -0.5788396698746464,
                        0.7058263498621781,
                        -0.927292386556875,
                        -0.9903146271778898,
                        0.7494446679673338,
                        0.0
                    ]
                ]
            },
            "est_params": {
                "mui": [
                    0.14005833727263473,
                    0.01615592889255009,
                    0.26798581685331613,
                    0.008231565188843392,
                    0.20656306339643335,
                    -0.02388192025260374
                ],
                "Si": [
                    [
                        2.1308644318781433,
                        -1.8415315279512425,
                        0.4239310301489046,
                        1.2195472164427639,
                        0.9519099650887509,
                        -3.196016760599659
                    ],
                    [
                        -1.8415315279512425,
                        3.8312968776167775,
                        1.1373137564074434,
                        -2.32653755098581,
                        -0.8919795998931217,
                        4.014707902713582
                    ],
                    [
                        0.4239310301489046,
                        1.1373137564074434,
                        3.284119192185605,
                        -2.4709671682939782,
                        1.6750965804434343,
                        1.0606276458389259
                    ],
                    [
                        1.2195472164427639,
                        -2.32653755098581,
                        -2.4709671682939782,
                        5.33751161601577,
                        -2.709126455498877,
                        -6.837005392653137
                    ],
                    [
                        0.9519099650887509,
                        -0.8919795998931217,
                        1.6750965804434343,
                        -2.709126455498877,
                        5.568135050959168,
                        3.8130239071399927
                    ],
                    [
                        -3.196016760599659,
                        4.014707902713582,
                        1.0606276458389259,
                        -6.837005392653137,
                        3.8130239071399927,
                        15.499088596785048
                    ]
                ]
            },
            "est_tgt": [
                0,
                1,
                2,
                3,
                4,
                5
            ],
            "oracle_est_tgt": [
                0,
                1,
                2,
                3,
                4,
                5
            ]
        }
    },
    "metric_dict": {
        "param_est_rel_err": 51.15545284493457,
        "est_num_comp": 1,
        "weight_precision_error": 0.0,
        "gm_score_dict": {
            "1": -11.107092700889908,
            "2": -10.672078533549954,
            "3": -10.466533761414489,
            "4": -10.400731836771577,
            "5": -10.328115807780199,
            "6": -10.26243865056998,
            "7": -10.214509495632889
        },
        "est_dag": {
            "amat": [
                [
                    0,
                    0,
                    1,
                    0,
                    0,
                    0
                ],
                [
                    1,
                    0,
                    1,
                    0,
                    0,
                    0
                ],
                [
                    0,
                    0,
                    0,
                    0,
                    0,
                    0
                ],
                [
                    0,
                    1,
                    1,
                    0,
                    0,
                    1
                ],
                [
                    1,
                    1,
                    1,
                    1,
                    0,
                    0
                ],
                [
                    1,
                    1,
                    1,
                    0,
                    0,
                    0
                ]
            ],
            "nodes": [
                0,
                1,
                2,
                3,
                4,
                5
            ]
        },
        "oracle_est_dag": {
            "amat": [
                [
                    0,
                    1,
                    1,
                    0,
                    1,
                    1
                ],
                [
                    0,
                    0,
                    1,
                    1,
                    1,
                    1
                ],
                [
                    0,
                    0,
                    0,
                    0,
                    0,
                    1
                ],
                [
                    0,
                    0,
                    1,
                    0,
                    1,
                    1
                ],
                [
                    0,
                    0,
                    0,
                    0,
                    0,
                    1
                ],
                [
                    0,
                    0,
                    0,
                    0,
                    0,
                    0
                ]
            ],
            "nodes": [
                0,
                1,
                2,
                3,
                4,
                5
            ]
        },
        "igsp_dag": null,
        "intv_base_est_dag": null,
        "act_dag": {
            "amat": [
                [
                    0,
                    1,
                    1,
                    1,
                    1,
                    1
                ],
                [
                    0,
                    0,
                    1,
                    0,
                    1,
                    1
                ],
                [
                    0,
                    0,
                    0,
                    1,
                    0,
                    1
                ],
                [
                    0,
                    0,
                    0,
                    0,
                    1,
                    1
                ],
                [
                    0,
                    0,
                    0,
                    0,
                    0,
                    1
                ],
                [
                    0,
                    0,
                    0,
                    0,
                    0,
                    0
                ]
            ],
            "nodes": [
                0,
                1,
                2,
                3,
                4,
                5
            ]
        },
        "shd": 12,
        "oracle_shd": 3,
        "intv_base_shd": null,
        "igsp_shd": null,
        "avg_js": 0.0,
        "avg_oracle_js": 0.7142857142857143
    }
}