{
    "expt_args": {
        "save_dir": "all_expt_logs/expt_logs_sim_compsel_backward_cameraready_new_variance",
        "exp_name": "413",
        "num_nodes": 6,
        "num_tgt_prior": 7,
        "obs_noise_mean": 0.0,
        "obs_noise_var": 1.0,
        "obs_noise_gamma_shape": null,
        "noise_type": "gaussian",
        "max_edge_strength": 1.0,
        "graph_sparsity_method": "adj_dense_prop",
        "adj_dense_prop": 0.8,
        "num_parents": null,
        "new_noise_mean": 1.0,
        "mix_samples": 65536,
        "stage2_samples": 65536,
        "gmm_tol": 0.001,
        "intv_type": "hard",
        "new_noise_var": 1.0,
        "dtype": "simulation",
        "cutoff_drop_ratio": 0.07,
        "intv_targets": [
            0,
            1,
            2,
            3,
            4,
            5
        ]
    },
    "intv_args_dict": {
        "0": {
            "intv_type": "hard",
            "inode": 0,
            "new_mui": 1.0,
            "new_vari": 1.0,
            "noise_type": "gaussian",
            "obs_noise_gamma_shape": null,
            "true_params": {
                "Si": [
                    [
                        1.0,
                        -0.5968062329664734,
                        0.44502015513124993,
                        -1.0558214319356505,
                        -0.28686598253775264,
                        -0.026057116191897572
                    ],
                    [
                        -0.5968062329664734,
                        1.3561776797076326,
                        -1.011260218260712,
                        1.1674598094212816,
                        0.8098119501557859,
                        1.0696760082281576
                    ],
                    [
                        0.44502015513124993,
                        -1.011260218260712,
                        1.7540658162558516,
                        -1.5911519711026632,
                        -0.6416111302641435,
                        -0.7201590146263155
                    ],
                    [
                        -1.0558214319356505,
                        1.1674598094212816,
                        -1.5911519711026632,
                        2.922775042087957,
                        -0.20012935112114172,
                        0.5980081006279625
                    ],
                    [
                        -0.28686598253775264,
                        0.8098119501557859,
                        -0.6416111302641435,
                        -0.20012935112114172,
                        2.254309666521565,
                        1.2348303473010827
                    ],
                    [
                        -0.026057116191897572,
                        1.0696760082281576,
                        -0.7201590146263155,
                        0.5980081006279625,
                        1.2348303473010827,
                        2.492838664022861
                    ]
                ],
                "mui": [
                    1.0,
                    -0.5968062329664734,
                    0.44502015513124993,
                    -1.0558214319356505,
                    -0.28686598253775264,
                    -0.026057116191897572
                ],
                "Ai": [
                    [
                        0.0,
                        0.0,
                        0.0,
                        0.0,
                        0.0,
                        0.0
                    ],
                    [
                        -0.5968062329664734,
                        0.0,
                        0.0,
                        0.0,
                        0.0,
                        0.0
                    ],
                    [
                        -0.0,
                        -0.7456694158826751,
                        0.0,
                        0.0,
                        0.0,
                        0.0
                    ],
                    [
                        -0.7351341687476085,
                        0.0,
                        -0.720612896944997,
                        0.0,
                        0.0,
                        0.0
                    ],
                    [
                        -0.5477827819778464,
                        0.6104527180118462,
                        -0.6671190770056956,
                        -0.8733675920277968,
                        0.0,
                        0.0
                    ],
                    [
                        0.9809126995980838,
                        0.7398671575776576,
                        0.527183187161876,
                        0.5921436936525426,
                        0.6094191588119455,
                        0.0
                    ]
                ]
            },
            "oracle_est_tgt": [
                0
            ]
        },
        "1": {
            "intv_type": "hard",
            "inode": 1,
            "new_mui": 1.0,
            "new_vari": 1.0,
            "noise_type": "gaussian",
            "obs_noise_gamma_shape": null,
            "true_params": {
                "Si": [
                    [
                        1.0,
                        0.0,
                        0.0,
                        -0.7351341687476085,
                        0.09425957679860851,
                        0.6030512295882613
                    ],
                    [
                        0.0,
                        1.0,
                        -0.7456694158826751,
                        0.5373389979424983,
                        0.6386085437512036,
                        1.0541249588717014
                    ],
                    [
                        0.0,
                        -0.7456694158826751,
                        1.55602287778281,
                        -1.1212901536717617,
                        -0.5139499862133144,
                        -0.7085630727363242
                    ],
                    [
                        -0.7351341687476085,
                        0.5373389979424983,
                        -1.1212901536717617,
                        2.3484383920135463,
                        -0.5723020392141254,
                        0.12717287452252987
                    ],
                    [
                        0.09425957679860851,
                        0.6386085437512036,
                        -0.5139499862133144,
                        -0.5723020392141254,
                        2.1809024424024677,
                        1.2841988007514638
                    ],
                    [
                        0.6030512295882613,
                        1.0541249588717014,
                        -0.7085630727363242,
                        0.12717287452252987,
                        1.2841988007514638,
                        2.8558304762265365
                    ]
                ],
                "mui": [
                    0.0,
                    1.0,
                    -0.7456694158826751,
                    0.5373389979424983,
                    0.6386085437512036,
                    1.0541249588717014
                ],
                "Ai": [
                    [
                        0.0,
                        0.0,
                        0.0,
                        0.0,
                        0.0,
                        0.0
                    ],
                    [
                        0.0,
                        0.0,
                        0.0,
                        0.0,
                        0.0,
                        0.0
                    ],
                    [
                        -0.0,
                        -0.7456694158826751,
                        0.0,
                        0.0,
                        0.0,
                        0.0
                    ],
                    [
                        -0.7351341687476085,
                        0.0,
                        -0.720612896944997,
                        0.0,
                        0.0,
                        0.0
                    ],
                    [
                        -0.5477827819778464,
                        0.6104527180118462,
                        -0.6671190770056956,
                        -0.8733675920277968,
                        0.0,
                        0.0
                    ],
                    [
                        0.9809126995980838,
                        0.7398671575776576,
                        0.527183187161876,
                        0.5921436936525426,
                        0.6094191588119455,
                        0.0
                    ]
                ]
            },
            "oracle_est_tgt": [
                1,
                2,
                5
            ]
        },
        "2": {
            "intv_type": "hard",
            "inode": 2,
            "new_mui": 1.0,
            "new_vari": 1.0,
            "noise_type": "gaussian",
            "obs_noise_gamma_shape": null,
            "true_params": {
                "Si": [
                    [
                        1.0,
                        -0.5968062329664734,
                        0.0,
                        -0.7351341687476085,
                        -0.27006241024218625,
                        -0.06053090050037034
                    ],
                    [
                        -0.5968062329664734,
                        1.3561776797076326,
                        0.0,
                        0.4387326539752,
                        0.7716276477343317,
                        1.148013958188597
                    ],
                    [
                        0.0,
                        0.0,
                        1.0,
                        -0.720612896944997,
                        -0.037759126416668724,
                        0.07746566961288624
                    ],
                    [
                        -0.7351341687476085,
                        0.4387326539752,
                        -0.720612896944997,
                        2.0597051933036985,
                        -0.6476257730912036,
                        0.04857232301470622
                    ],
                    [
                        -0.27006241024218625,
                        0.7716276477343317,
                        -0.037759126416668724,
                        -0.6476257730912036,
                        2.2097829287860513,
                        1.2492848661731024
                    ],
                    [
                        -0.06053090050037034,
                        1.148013958188597,
                        0.07746566961288624,
                        0.04857232301470622,
                        1.2492848661731024,
                        2.620940820706621
                    ]
                ],
                "mui": [
                    0.0,
                    0.0,
                    1.0,
                    -0.720612896944997,
                    -0.037759126416668724,
                    0.07746566961288624
                ],
                "Ai": [
                    [
                        0.0,
                        0.0,
                        0.0,
                        0.0,
                        0.0,
                        0.0
                    ],
                    [
                        -0.5968062329664734,
                        0.0,
                        0.0,
                        0.0,
                        0.0,
                        0.0
                    ],
                    [
                        0.0,
                        0.0,
                        0.0,
                        0.0,
                        0.0,
                        0.0
                    ],
                    [
                        -0.7351341687476085,
                        0.0,
                        -0.720612896944997,
                        0.0,
                        0.0,
                        0.0
                    ],
                    [
                        -0.5477827819778464,
                        0.6104527180118462,
                        -0.6671190770056956,
                        -0.8733675920277968,
                        0.0,
                        0.0
                    ],
                    [
                        0.9809126995980838,
                        0.7398671575776576,
                        0.527183187161876,
                        0.5921436936525426,
                        0.6094191588119455,
                        0.0
                    ]
                ]
            },
            "oracle_est_tgt": [
                1,
                2
            ]
        },
        "3": {
            "intv_type": "hard",
            "inode": 3,
            "new_mui": 1.0,
            "new_vari": 1.0,
            "noise_type": "gaussian",
            "obs_noise_gamma_shape": null,
            "true_params": {
                "Si": [
                    [
                        1.0,
                        -0.5968062329664734,
                        0.44502015513124993,
                        0.0,
                        -1.208986204158732,
                        0.037183156568253106
                    ],
                    [
                        -0.5968062329664734,
                        1.3561776797076326,
                        -1.011260218260712,
                        0.0,
                        1.8294335126992811,
                        0.9997489594383249
                    ],
                    [
                        0.44502015513124993,
                        -1.011260218260712,
                        1.7540658162558516,
                        0.0,
                        -2.031271695816359,
                        -0.6248541821880245
                    ],
                    [
                        0.0,
                        0.0,
                        0.0,
                        1.0,
                        -0.8733675920277968,
                        0.05989675038534825
                    ],
                    [
                        -1.208986204158732,
                        1.8294335126992811,
                        -2.031271695816359,
                        -0.8733675920277968,
                        4.896915536201378,
                        1.5638906001129924
                    ],
                    [
                        0.037183156568253106,
                        0.9997489594383249,
                        -0.6248541821880245,
                        0.05989675038534825,
                        1.5638906001129924,
                        2.4352746091282205
                    ]
                ],
                "mui": [
                    0.0,
                    0.0,
                    0.0,
                    1.0,
                    -0.8733675920277968,
                    0.05989675038534825
                ],
                "Ai": [
                    [
                        0.0,
                        0.0,
                        0.0,
                        0.0,
                        0.0,
                        0.0
                    ],
                    [
                        -0.5968062329664734,
                        0.0,
                        0.0,
                        0.0,
                        0.0,
                        0.0
                    ],
                    [
                        -0.0,
                        -0.7456694158826751,
                        0.0,
                        0.0,
                        0.0,
                        0.0
                    ],
                    [
                        0.0,
                        0.0,
                        0.0,
                        0.0,
                        0.0,
                        0.0
                    ],
                    [
                        -0.5477827819778464,
                        0.6104527180118462,
                        -0.6671190770056956,
                        -0.8733675920277968,
                        0.0,
                        0.0
                    ],
                    [
                        0.9809126995980838,
                        0.7398671575776576,
                        0.527183187161876,
                        0.5921436936525426,
                        0.6094191588119455,
                        0.0
                    ]
                ]
            },
            "oracle_est_tgt": [
                3
            ]
        },
        "4": {
            "intv_type": "hard",
            "inode": 4,
            "new_mui": 1.0,
            "new_vari": 1.0,
            "noise_type": "gaussian",
            "obs_noise_gamma_shape": null,
            "true_params": {
                "Si": [
                    [
                        1.0,
                        -0.5968062329664734,
                        0.44502015513124993,
                        -1.0558214319356505,
                        0.0,
                        0.1487645095780219
                    ],
                    [
                        -0.5968062329664734,
                        1.3561776797076326,
                        -1.011260218260712,
                        1.1674598094212816,
                        0.0,
                        0.5761610907683574
                    ],
                    [
                        0.44502015513124993,
                        -1.011260218260712,
                        1.7540658162558516,
                        -1.5911519711026632,
                        0.0,
                        -0.32914889933635966
                    ],
                    [
                        -1.0558214319356505,
                        1.1674598094212816,
                        -1.5911519711026632,
                        2.922775042087957,
                        0.0,
                        0.7199707614417892
                    ],
                    [
                        0.0,
                        0.0,
                        0.0,
                        0.0,
                        1.0,
                        0.6094191588119455
                    ],
                    [
                        0.1487645095780219,
                        0.5761610907683574,
                        -0.32914889933635966,
                        0.7199707614417892,
                        0.6094191588119455,
                        2.1964037565542585
                    ]
                ],
                "mui": [
                    0.0,
                    0.0,
                    0.0,
                    0.0,
                    1.0,
                    0.6094191588119455
                ],
                "Ai": [
                    [
                        0.0,
                        0.0,
                        0.0,
                        0.0,
                        0.0,
                        0.0
                    ],
                    [
                        -0.5968062329664734,
                        0.0,
                        0.0,
                        0.0,
                        0.0,
                        0.0
                    ],
                    [
                        -0.0,
                        -0.7456694158826751,
                        0.0,
                        0.0,
                        0.0,
                        0.0
                    ],
                    [
                        -0.7351341687476085,
                        0.0,
                        -0.720612896944997,
                        0.0,
                        0.0,
                        0.0
                    ],
                    [
                        0.0,
                        0.0,
                        0.0,
                        0.0,
                        0.0,
                        0.0
                    ],
                    [
                        0.9809126995980838,
                        0.7398671575776576,
                        0.527183187161876,
                        0.5921436936525426,
                        0.6094191588119455,
                        0.0
                    ]
                ]
            },
            "oracle_est_tgt": [
                1,
                2,
                4,
                5
            ]
        },
        "5": {
            "intv_type": "hard",
            "inode": 5,
            "new_mui": 1.0,
            "new_vari": 1.0,
            "noise_type": "gaussian",
            "obs_noise_gamma_shape": null,
            "true_params": {
                "Si": [
                    [
                        1.0,
                        -0.5968062329664734,
                        0.44502015513124993,
                        -1.0558214319356505,
                        -0.28686598253775264,
                        0.0
                    ],
                    [
                        -0.5968062329664734,
                        1.3561776797076326,
                        -1.011260218260712,
                        1.1674598094212816,
                        0.8098119501557859,
                        0.0
                    ],
                    [
                        0.44502015513124993,
                        -1.011260218260712,
                        1.7540658162558516,
                        -1.5911519711026632,
                        -0.6416111302641435,
                        0.0
                    ],
                    [
                        -1.0558214319356505,
                        1.1674598094212816,
                        -1.5911519711026632,
                        2.922775042087957,
                        -0.20012935112114172,
                        0.0
                    ],
                    [
                        -0.28686598253775264,
                        0.8098119501557859,
                        -0.6416111302641435,
                        -0.20012935112114172,
                        2.254309666521565,
                        0.0
                    ],
                    [
                        0.0,
                        0.0,
                        0.0,
                        0.0,
                        0.0,
                        1.0
                    ]
                ],
                "mui": [
                    0.0,
                    0.0,
                    0.0,
                    0.0,
                    0.0,
                    1.0
                ],
                "Ai": [
                    [
                        0.0,
                        0.0,
                        0.0,
                        0.0,
                        0.0,
                        0.0
                    ],
                    [
                        -0.5968062329664734,
                        0.0,
                        0.0,
                        0.0,
                        0.0,
                        0.0
                    ],
                    [
                        -0.0,
                        -0.7456694158826751,
                        0.0,
                        0.0,
                        0.0,
                        0.0
                    ],
                    [
                        -0.7351341687476085,
                        0.0,
                        -0.720612896944997,
                        0.0,
                        0.0,
                        0.0
                    ],
                    [
                        -0.5477827819778464,
                        0.6104527180118462,
                        -0.6671190770056956,
                        -0.8733675920277968,
                        0.0,
                        0.0
                    ],
                    [
                        0.0,
                        0.0,
                        0.0,
                        0.0,
                        0.0,
                        0.0
                    ]
                ]
            },
            "oracle_est_tgt": [
                1,
                2,
                4,
                5
            ]
        },
        "obs": {
            "intv_type": "obs",
            "noise_type": "gaussian",
            "obs_noise_gamma_shape": null,
            "true_params": {
                "Si": [
                    [
                        1.0,
                        -0.5968062329664734,
                        0.44502015513124993,
                        -1.0558214319356505,
                        -0.28686598253775264,
                        -0.026057116191897572
                    ],
                    [
                        -0.5968062329664734,
                        1.3561776797076326,
                        -1.011260218260712,
                        1.1674598094212816,
                        0.8098119501557859,
                        1.0696760082281576
                    ],
                    [
                        0.44502015513124993,
                        -1.011260218260712,
                        1.7540658162558516,
                        -1.5911519711026632,
                        -0.6416111302641435,
                        -0.7201590146263155
                    ],
                    [
                        -1.0558214319356505,
                        1.1674598094212816,
                        -1.5911519711026632,
                        2.922775042087957,
                        -0.20012935112114172,
                        0.5980081006279625
                    ],
                    [
                        -0.28686598253775264,
                        0.8098119501557859,
                        -0.6416111302641435,
                        -0.20012935112114172,
                        2.254309666521565,
                        1.2348303473010827
                    ],
                    [
                        -0.026057116191897572,
                        1.0696760082281576,
                        -0.7201590146263155,
                        0.5980081006279625,
                        1.2348303473010827,
                        2.492838664022861
                    ]
                ],
                "mui": [
                    0.0,
                    0.0,
                    0.0,
                    0.0,
                    0.0,
                    0.0
                ],
                "Ai": [
                    [
                        0.0,
                        0.0,
                        0.0,
                        0.0,
                        0.0,
                        0.0
                    ],
                    [
                        -0.5968062329664734,
                        0.0,
                        0.0,
                        0.0,
                        0.0,
                        0.0
                    ],
                    [
                        -0.0,
                        -0.7456694158826751,
                        0.0,
                        0.0,
                        0.0,
                        0.0
                    ],
                    [
                        -0.7351341687476085,
                        0.0,
                        -0.720612896944997,
                        0.0,
                        0.0,
                        0.0
                    ],
                    [
                        -0.5477827819778464,
                        0.6104527180118462,
                        -0.6671190770056956,
                        -0.8733675920277968,
                        0.0,
                        0.0
                    ],
                    [
                        0.9809126995980838,
                        0.7398671575776576,
                        0.527183187161876,
                        0.5921436936525426,
                        0.6094191588119455,
                        0.0
                    ]
                ]
            },
            "est_params": {
                "mui": [
                    0.13945550051775985,
                    0.06262616256971484,
                    0.09573547168436024,
                    -0.0376088631292668,
                    0.06924238244524315,
                    0.4003895415508751
                ],
                "Si": [
                    [
                        1.131199641384608,
                        -0.6087830741475059,
                        0.36714722233501923,
                        -0.948812169592056,
                        -0.38223249623447275,
                        0.04514724111676978
                    ],
                    [
                        -0.6087830741475059,
                        1.5050229261313752,
                        -0.9879739369057318,
                        0.973227236918856,
                        0.9311138007016995,
                        0.9838811372871841
                    ],
                    [
                        0.36714722233501923,
                        -0.9879739369057318,
                        1.8689803086896526,
                        -1.397233537387441,
                        -0.7547463364071099,
                        -0.5818089506723187
                    ],
                    [
                        -0.948812169592056,
                        0.973227236918856,
                        -1.397233537387441,
                        2.8414739771455744,
                        -0.402090564914651,
                        0.4120063019769636
                    ],
                    [
                        -0.38223249623447275,
                        0.9311138007016995,
                        -0.7547463364071099,
                        -0.402090564914651,
                        2.7535890637842466,
                        1.170794138677949
                    ],
                    [
                        0.04514724111676978,
                        0.9838811372871841,
                        -0.5818089506723187,
                        0.4120063019769636,
                        1.170794138677949,
                        2.526199385972605
                    ]
                ]
            },
            "est_tgt": [
                0,
                1,
                2,
                3,
                4,
                5
            ],
            "oracle_est_tgt": [
                0,
                1,
                2,
                3,
                4,
                5
            ]
        }
    },
    "metric_dict": {
        "param_est_rel_err": 5.18485530139491,
        "est_num_comp": 1,
        "weight_precision_error": 0.0,
        "gm_score_dict": {
            "1": -9.168013559666786,
            "2": -9.118414106828903,
            "3": -9.080667484523188,
            "4": -9.070345699712243,
            "5": -9.070328896182883,
            "6": -9.054828444768416,
            "7": -9.054959872569777
        },
        "est_dag": {
            "amat": [
                [
                    0,
                    1,
                    1,
                    1,
                    1,
                    0
                ],
                [
                    0,
                    0,
                    0,
                    0,
                    0,
                    0
                ],
                [
                    0,
                    1,
                    0,
                    1,
                    1,
                    0
                ],
                [
                    0,
                    0,
                    0,
                    0,
                    1,
                    0
                ],
                [
                    0,
                    1,
                    0,
                    0,
                    0,
                    0
                ],
                [
                    0,
                    1,
                    1,
                    0,
                    1,
                    0
                ]
            ],
            "nodes": [
                0,
                1,
                2,
                3,
                4,
                5
            ]
        },
        "oracle_est_dag": {
            "amat": [
                [
                    0,
                    1,
                    1,
                    1,
                    1,
                    0
                ],
                [
                    0,
                    0,
                    0,
                    0,
                    0,
                    0
                ],
                [
                    0,
                    1,
                    0,
                    1,
                    1,
                    0
                ],
                [
                    0,
                    0,
                    0,
                    0,
                    1,
                    0
                ],
                [
                    0,
                    1,
                    0,
                    0,
                    0,
                    0
                ],
                [
                    0,
                    1,
                    1,
                    0,
                    1,
                    0
                ]
            ],
            "nodes": [
                0,
                1,
                2,
                3,
                4,
                5
            ]
        },
        "igsp_dag": null,
        "intv_base_est_dag": null,
        "act_dag": {
            "amat": [
                [
                    0,
                    1,
                    0,
                    1,
                    1,
                    1
                ],
                [
                    0,
                    0,
                    1,
                    0,
                    1,
                    1
                ],
                [
                    0,
                    0,
                    0,
                    1,
                    1,
                    1
                ],
                [
                    0,
                    0,
                    0,
                    0,
                    1,
                    1
                ],
                [
                    0,
                    0,
                    0,
                    0,
                    0,
                    1
                ],
                [
                    0,
                    0,
                    0,
                    0,
                    0,
                    0
                ]
            ],
            "nodes": [
                0,
                1,
                2,
                3,
                4,
                5
            ]
        },
        "shd": 8,
        "oracle_shd": 8,
        "intv_base_shd": null,
        "igsp_shd": null,
        "avg_js": 0.0,
        "avg_oracle_js": 0.47619047619047616
    }
}