{
    "expt_args": {
        "save_dir": "all_expt_logs/expt_logs_sim_compsel_backward_cameraready_new_variance",
        "exp_name": "395",
        "num_nodes": 6,
        "num_tgt_prior": 7,
        "obs_noise_mean": 0.0,
        "obs_noise_var": 1.0,
        "obs_noise_gamma_shape": null,
        "noise_type": "gaussian",
        "max_edge_strength": 1.0,
        "graph_sparsity_method": "adj_dense_prop",
        "adj_dense_prop": 0.8,
        "num_parents": null,
        "new_noise_mean": 1.0,
        "mix_samples": 1048576,
        "stage2_samples": 1048576,
        "gmm_tol": 0.001,
        "intv_type": "hard",
        "new_noise_var": 8.0,
        "dtype": "simulation",
        "cutoff_drop_ratio": 0.07,
        "intv_targets": [
            0,
            1,
            2,
            3,
            4,
            5
        ]
    },
    "intv_args_dict": {
        "0": {
            "intv_type": "hard",
            "inode": 0,
            "new_mui": 1.0,
            "new_vari": 8.0,
            "noise_type": "gaussian",
            "obs_noise_gamma_shape": null,
            "true_params": {
                "Si": [
                    [
                        8.0,
                        0.0,
                        0.0,
                        0.0,
                        4.4964773917246035,
                        -3.0849382090857014
                    ],
                    [
                        0.0,
                        1.0,
                        -0.9178649061444656,
                        -0.012141408163435008,
                        0.8123628658824915,
                        0.6578332824704379
                    ],
                    [
                        0.0,
                        -0.9178649061444656,
                        1.8424759859315887,
                        0.6291097773522153,
                        -0.2767148139065419,
                        0.06346348573212657
                    ],
                    [
                        0.0,
                        -0.012141408163435008,
                        0.6291097773522153,
                        1.3820289026165633,
                        1.0387358394608126,
                        0.16068478260367858
                    ],
                    [
                        4.4964773917246035,
                        0.8123628658824915,
                        -0.2767148139065419,
                        1.0387358394608126,
                        4.982919803671216,
                        -0.2910970327717656
                    ],
                    [
                        -3.0849382090857014,
                        0.6578332824704379,
                        0.06346348573212657,
                        0.16068478260367858,
                        -0.2910970327717656,
                        3.736044434059397
                    ]
                ],
                "mui": [
                    1.0,
                    0.0,
                    0.0,
                    0.0,
                    0.5620596739655754,
                    -0.38561727613571267
                ],
                "Ai": [
                    [
                        0.0,
                        0.0,
                        0.0,
                        0.0,
                        0.0,
                        0.0
                    ],
                    [
                        -0.0,
                        0.0,
                        0.0,
                        0.0,
                        0.0,
                        0.0
                    ],
                    [
                        -0.0,
                        -0.9178649061444656,
                        0.0,
                        0.0,
                        0.0,
                        0.0
                    ],
                    [
                        -0.0,
                        0.555067533767434,
                        0.6179656048878224,
                        0.0,
                        0.0,
                        0.0
                    ],
                    [
                        0.5620596739655754,
                        0.821576007092168,
                        -0.0,
                        0.7588198243283506,
                        0.0,
                        0.0
                    ],
                    [
                        -0.8242663456202104,
                        0.7643654284514257,
                        0.8178485650462051,
                        -0.8358822535127755,
                        0.7804314911789308,
                        0.0
                    ]
                ]
            },
            "oracle_est_tgt": [
                0
            ]
        },
        "1": {
            "intv_type": "hard",
            "inode": 1,
            "new_mui": 1.0,
            "new_vari": 8.0,
            "noise_type": "gaussian",
            "obs_noise_gamma_shape": null,
            "true_params": {
                "Si": [
                    [
                        1.0,
                        0.0,
                        0.0,
                        0.0,
                        0.5620596739655754,
                        -0.38561727613571267
                    ],
                    [
                        0.0,
                        8.0,
                        -7.342919249155725,
                        -0.09713126530748006,
                        6.498902927059932,
                        5.262666259763503
                    ],
                    [
                        0.0,
                        -7.342919249155725,
                        7.7398078874527085,
                        0.7071189846029657,
                        -5.496190373445917,
                        -4.163151102781914
                    ],
                    [
                        0.0,
                        -0.09713126530748006,
                        0.7071189846029657,
                        1.3830607991619013,
                        0.9696932355403326,
                        0.1047756259019178
                    ],
                    [
                        0.5620596739655754,
                        6.498902927059932,
                        -5.496190373445917,
                        0.9696932355403326,
                        7.391076245036897,
                        4.966877725074559
                    ],
                    [
                        -0.38561727613571267,
                        5.262666259763503,
                        -4.163151102781914,
                        0.1047756259019178,
                        4.966877725074559,
                        5.724352041159929
                    ]
                ],
                "mui": [
                    0.0,
                    1.0,
                    -0.9178649061444656,
                    -0.012141408163435008,
                    0.8123628658824915,
                    0.6578332824704379
                ],
                "Ai": [
                    [
                        0.0,
                        0.0,
                        0.0,
                        0.0,
                        0.0,
                        0.0
                    ],
                    [
                        0.0,
                        0.0,
                        0.0,
                        0.0,
                        0.0,
                        0.0
                    ],
                    [
                        -0.0,
                        -0.9178649061444656,
                        0.0,
                        0.0,
                        0.0,
                        0.0
                    ],
                    [
                        -0.0,
                        0.555067533767434,
                        0.6179656048878224,
                        0.0,
                        0.0,
                        0.0
                    ],
                    [
                        0.5620596739655754,
                        0.821576007092168,
                        -0.0,
                        0.7588198243283506,
                        0.0,
                        0.0
                    ],
                    [
                        -0.8242663456202104,
                        0.7643654284514257,
                        0.8178485650462051,
                        -0.8358822535127755,
                        0.7804314911789308,
                        0.0
                    ]
                ]
            },
            "oracle_est_tgt": [
                1
            ]
        },
        "2": {
            "intv_type": "hard",
            "inode": 2,
            "new_mui": 1.0,
            "new_vari": 8.0,
            "noise_type": "gaussian",
            "obs_noise_gamma_shape": null,
            "true_params": {
                "Si": [
                    [
                        1.0,
                        0.0,
                        0.0,
                        0.0,
                        0.5620596739655754,
                        -0.38561727613571267
                    ],
                    [
                        0.0,
                        1.0,
                        0.0,
                        0.555067533767434,
                        1.242772255555943,
                        1.2702929320734524
                    ],
                    [
                        0.0,
                        0.0,
                        8.0,
                        4.943724839102579,
                        3.7513964139355225,
                        5.338124558444487
                    ],
                    [
                        0.0,
                        0.555067533767434,
                        4.943724839102579,
                        4.363151877637639,
                        3.766876309366052,
                        3.760200370217834
                    ],
                    [
                        0.5620596739655754,
                        1.242772255555943,
                        3.7513964139355225,
                        3.766876309366052,
                        5.1953233638826415,
                        4.460648350017005
                    ],
                    [
                        -0.38561727613571267,
                        1.2702929320734524,
                        5.338124558444487,
                        3.760200370217834,
                        4.460648350017005,
                        6.992742538764628
                    ]
                ],
                "mui": [
                    0.0,
                    0.0,
                    1.0,
                    0.6179656048878224,
                    0.4689245517419403,
                    0.6672655698055608
                ],
                "Ai": [
                    [
                        0.0,
                        0.0,
                        0.0,
                        0.0,
                        0.0,
                        0.0
                    ],
                    [
                        -0.0,
                        0.0,
                        0.0,
                        0.0,
                        0.0,
                        0.0
                    ],
                    [
                        0.0,
                        0.0,
                        0.0,
                        0.0,
                        0.0,
                        0.0
                    ],
                    [
                        -0.0,
                        0.555067533767434,
                        0.6179656048878224,
                        0.0,
                        0.0,
                        0.0
                    ],
                    [
                        0.5620596739655754,
                        0.821576007092168,
                        -0.0,
                        0.7588198243283506,
                        0.0,
                        0.0
                    ],
                    [
                        -0.8242663456202104,
                        0.7643654284514257,
                        0.8178485650462051,
                        -0.8358822535127755,
                        0.7804314911789308,
                        0.0
                    ]
                ]
            },
            "oracle_est_tgt": [
                2,
                3
            ]
        },
        "3": {
            "intv_type": "hard",
            "inode": 3,
            "new_mui": 1.0,
            "new_vari": 8.0,
            "noise_type": "gaussian",
            "obs_noise_gamma_shape": null,
            "true_params": {
                "Si": [
                    [
                        1.0,
                        0.0,
                        0.0,
                        0.0,
                        0.5620596739655754,
                        -0.38561727613571267
                    ],
                    [
                        0.0,
                        1.0,
                        -0.9178649061444656,
                        0.0,
                        0.821576007092168,
                        0.6548747203866775
                    ],
                    [
                        0.0,
                        -0.9178649061444656,
                        1.8424759859315887,
                        0.0,
                        -0.7540957846401977,
                        0.2167620412821042
                    ],
                    [
                        0.0,
                        0.0,
                        0.0,
                        8.0,
                        6.070558594626805,
                        -1.9494029318085317
                    ],
                    [
                        0.5620596739655754,
                        0.821576007092168,
                        -0.7540957846401977,
                        6.070558594626805,
                        6.59735841887747,
                        -0.37752466166063636
                    ],
                    [
                        -0.38561727613571267,
                        0.6548747203866775,
                        0.2167620412821042,
                        -1.9494029318085317,
                        -0.37752466166063636,
                        3.330532644645724
                    ]
                ],
                "mui": [
                    0.0,
                    0.0,
                    0.0,
                    1.0,
                    0.7588198243283506,
                    -0.24367536647606647
                ],
                "Ai": [
                    [
                        0.0,
                        0.0,
                        0.0,
                        0.0,
                        0.0,
                        0.0
                    ],
                    [
                        -0.0,
                        0.0,
                        0.0,
                        0.0,
                        0.0,
                        0.0
                    ],
                    [
                        -0.0,
                        -0.9178649061444656,
                        0.0,
                        0.0,
                        0.0,
                        0.0
                    ],
                    [
                        0.0,
                        0.0,
                        0.0,
                        0.0,
                        0.0,
                        0.0
                    ],
                    [
                        0.5620596739655754,
                        0.821576007092168,
                        -0.0,
                        0.7588198243283506,
                        0.0,
                        0.0
                    ],
                    [
                        -0.8242663456202104,
                        0.7643654284514257,
                        0.8178485650462051,
                        -0.8358822535127755,
                        0.7804314911789308,
                        0.0
                    ]
                ]
            },
            "oracle_est_tgt": [
                2,
                3
            ]
        },
        "4": {
            "intv_type": "hard",
            "inode": 4,
            "new_mui": 1.0,
            "new_vari": 8.0,
            "noise_type": "gaussian",
            "obs_noise_gamma_shape": null,
            "true_params": {
                "Si": [
                    [
                        1.0,
                        0.0,
                        0.0,
                        0.0,
                        0.0,
                        -0.8242663456202104
                    ],
                    [
                        0.0,
                        1.0,
                        -0.9178649061444656,
                        -0.012141408163435008,
                        0.0,
                        0.023839719671375336
                    ],
                    [
                        0.0,
                        -0.9178649061444656,
                        1.8424759859315887,
                        0.6291097773522153,
                        0.0,
                        0.2794204405805094
                    ],
                    [
                        0.0,
                        -0.012141408163435008,
                        0.6291097773522153,
                        1.3820289026165633,
                        0.0,
                        -0.6499773775277219
                    ],
                    [
                        0.0,
                        0.0,
                        0.0,
                        0.0,
                        8.0,
                        6.243451929431447
                    ],
                    [
                        -0.8242663456202104,
                        0.023839719671375336,
                        0.2794204405805094,
                        -0.6499773775277219,
                        6.243451929431447,
                        7.34205192688657
                    ]
                ],
                "mui": [
                    0.0,
                    0.0,
                    0.0,
                    0.0,
                    1.0,
                    0.7804314911789308
                ],
                "Ai": [
                    [
                        0.0,
                        0.0,
                        0.0,
                        0.0,
                        0.0,
                        0.0
                    ],
                    [
                        -0.0,
                        0.0,
                        0.0,
                        0.0,
                        0.0,
                        0.0
                    ],
                    [
                        -0.0,
                        -0.9178649061444656,
                        0.0,
                        0.0,
                        0.0,
                        0.0
                    ],
                    [
                        -0.0,
                        0.555067533767434,
                        0.6179656048878224,
                        0.0,
                        0.0,
                        0.0
                    ],
                    [
                        0.0,
                        0.0,
                        0.0,
                        0.0,
                        0.0,
                        0.0
                    ],
                    [
                        -0.8242663456202104,
                        0.7643654284514257,
                        0.8178485650462051,
                        -0.8358822535127755,
                        0.7804314911789308,
                        0.0
                    ]
                ]
            },
            "oracle_est_tgt": [
                4
            ]
        },
        "5": {
            "intv_type": "hard",
            "inode": 5,
            "new_mui": 1.0,
            "new_vari": 8.0,
            "noise_type": "gaussian",
            "obs_noise_gamma_shape": null,
            "true_params": {
                "Si": [
                    [
                        1.0,
                        0.0,
                        0.0,
                        0.0,
                        0.5620596739655754,
                        0.0
                    ],
                    [
                        0.0,
                        1.0,
                        -0.9178649061444656,
                        -0.012141408163435008,
                        0.8123628658824915,
                        0.0
                    ],
                    [
                        0.0,
                        -0.9178649061444656,
                        1.8424759859315887,
                        0.6291097773522153,
                        -0.2767148139065419,
                        0.0
                    ],
                    [
                        0.0,
                        -0.012141408163435008,
                        0.6291097773522153,
                        1.3820289026165633,
                        1.0387358394608126,
                        0.0
                    ],
                    [
                        0.5620596739655754,
                        0.8123628658824915,
                        -0.2767148139065419,
                        1.0387358394608126,
                        2.771542263983193,
                        0.0
                    ],
                    [
                        0.0,
                        0.0,
                        0.0,
                        0.0,
                        0.0,
                        8.0
                    ]
                ],
                "mui": [
                    0.0,
                    0.0,
                    0.0,
                    0.0,
                    0.0,
                    1.0
                ],
                "Ai": [
                    [
                        0.0,
                        0.0,
                        0.0,
                        0.0,
                        0.0,
                        0.0
                    ],
                    [
                        -0.0,
                        0.0,
                        0.0,
                        0.0,
                        0.0,
                        0.0
                    ],
                    [
                        -0.0,
                        -0.9178649061444656,
                        0.0,
                        0.0,
                        0.0,
                        0.0
                    ],
                    [
                        -0.0,
                        0.555067533767434,
                        0.6179656048878224,
                        0.0,
                        0.0,
                        0.0
                    ],
                    [
                        0.5620596739655754,
                        0.821576007092168,
                        -0.0,
                        0.7588198243283506,
                        0.0,
                        0.0
                    ],
                    [
                        0.0,
                        0.0,
                        0.0,
                        0.0,
                        0.0,
                        0.0
                    ]
                ]
            },
            "oracle_est_tgt": [
                5
            ]
        },
        "obs": {
            "intv_type": "obs",
            "noise_type": "gaussian",
            "obs_noise_gamma_shape": null,
            "true_params": {
                "Si": [
                    [
                        1.0,
                        0.0,
                        0.0,
                        0.0,
                        0.5620596739655754,
                        -0.38561727613571267
                    ],
                    [
                        0.0,
                        1.0,
                        -0.9178649061444656,
                        -0.012141408163435008,
                        0.8123628658824915,
                        0.6578332824704379
                    ],
                    [
                        0.0,
                        -0.9178649061444656,
                        1.8424759859315887,
                        0.6291097773522153,
                        -0.2767148139065419,
                        0.06346348573212657
                    ],
                    [
                        0.0,
                        -0.012141408163435008,
                        0.6291097773522153,
                        1.3820289026165633,
                        1.0387358394608126,
                        0.16068478260367858
                    ],
                    [
                        0.5620596739655754,
                        0.8123628658824915,
                        -0.2767148139065419,
                        1.0387358394608126,
                        2.771542263983193,
                        1.2260824107305581
                    ],
                    [
                        -0.38561727613571267,
                        0.6578332824704379,
                        0.06346348573212657,
                        0.16068478260367858,
                        1.2260824107305581,
                        2.6951396484791124
                    ]
                ],
                "mui": [
                    0.0,
                    0.0,
                    0.0,
                    0.0,
                    0.0,
                    0.0
                ],
                "Ai": [
                    [
                        0.0,
                        0.0,
                        0.0,
                        0.0,
                        0.0,
                        0.0
                    ],
                    [
                        -0.0,
                        0.0,
                        0.0,
                        0.0,
                        0.0,
                        0.0
                    ],
                    [
                        -0.0,
                        -0.9178649061444656,
                        0.0,
                        0.0,
                        0.0,
                        0.0
                    ],
                    [
                        -0.0,
                        0.555067533767434,
                        0.6179656048878224,
                        0.0,
                        0.0,
                        0.0
                    ],
                    [
                        0.5620596739655754,
                        0.821576007092168,
                        -0.0,
                        0.7588198243283506,
                        0.0,
                        0.0
                    ],
                    [
                        -0.8242663456202104,
                        0.7643654284514257,
                        0.8178485650462051,
                        -0.8358822535127755,
                        0.7804314911789308,
                        0.0
                    ]
                ]
            },
            "est_params": {
                "mui": [
                    0.14120552712608106,
                    0.14371295014609542,
                    0.009628616952906196,
                    0.2296078819158087,
                    0.5157152918264122,
                    0.3551123853222064
                ],
                "Si": [
                    [
                        2.122340154229938,
                        -0.0193761839164708,
                        -0.00019851683250825407,
                        -0.029861991238985693,
                        1.0537379102759252,
                        -0.8810798862696865
                    ],
                    [
                        -0.0193761839164708,
                        2.122265873623176,
                        -1.8365921977151332,
                        0.02917550817693076,
                        1.6160424447641317,
                        1.2596210581928011
                    ],
                    [
                        -0.00019851683250825407,
                        -1.8365921977151332,
                        3.824750172656084,
                        1.247545291579104,
                        -0.5238346353997103,
                        0.258855819811423
                    ],
                    [
                        -0.029861991238985693,
                        0.02917550817693076,
                        1.247545291579104,
                        2.8997889766700666,
                        2.025137187250714,
                        0.16895208713391743
                    ],
                    [
                        1.0537379102759252,
                        1.6160424447641317,
                        -0.5238346353997103,
                        2.025137187250714,
                        5.52155889943837,
                        2.306941853659575
                    ],
                    [
                        -0.8810798862696865,
                        1.2596210581928011,
                        0.258855819811423,
                        0.16895208713391743,
                        2.306941853659575,
                        5.653384243223286
                    ]
                ]
            },
            "est_tgt": [
                0,
                1,
                2,
                3,
                4,
                5
            ],
            "oracle_est_tgt": [
                0,
                1,
                2,
                3,
                4,
                5
            ]
        }
    },
    "metric_dict": {
        "param_est_rel_err": 25.925013904111648,
        "est_num_comp": 1,
        "weight_precision_error": 0.0,
        "gm_score_dict": {
            "1": -10.910259297362769,
            "2": -10.601216964710465,
            "3": -10.418738924867018,
            "4": -10.302978528706198,
            "5": -10.301004617055792,
            "6": -10.246026278561274,
            "7": -10.212420897750595
        },
        "est_dag": {
            "amat": [
                [
                    0,
                    0,
                    0,
                    0,
                    1,
                    1
                ],
                [
                    0,
                    0,
                    1,
                    0,
                    1,
                    1
                ],
                [
                    0,
                    0,
                    0,
                    0,
                    0,
                    1
                ],
                [
                    0,
                    0,
                    1,
                    0,
                    1,
                    1
                ],
                [
                    0,
                    0,
                    0,
                    0,
                    0,
                    1
                ],
                [
                    0,
                    0,
                    0,
                    0,
                    0,
                    0
                ]
            ],
            "nodes": [
                0,
                1,
                2,
                3,
                4,
                5
            ]
        },
        "oracle_est_dag": {
            "amat": [
                [
                    0,
                    0,
                    0,
                    0,
                    1,
                    1
                ],
                [
                    0,
                    0,
                    1,
                    0,
                    1,
                    1
                ],
                [
                    0,
                    0,
                    0,
                    0,
                    0,
                    1
                ],
                [
                    0,
                    0,
                    1,
                    0,
                    1,
                    1
                ],
                [
                    0,
                    0,
                    0,
                    0,
                    0,
                    1
                ],
                [
                    0,
                    0,
                    0,
                    0,
                    0,
                    0
                ]
            ],
            "nodes": [
                0,
                1,
                2,
                3,
                4,
                5
            ]
        },
        "igsp_dag": null,
        "intv_base_est_dag": null,
        "act_dag": {
            "amat": [
                [
                    0,
                    0,
                    0,
                    0,
                    1,
                    1
                ],
                [
                    0,
                    0,
                    1,
                    1,
                    1,
                    1
                ],
                [
                    0,
                    0,
                    0,
                    1,
                    0,
                    1
                ],
                [
                    0,
                    0,
                    0,
                    0,
                    1,
                    1
                ],
                [
                    0,
                    0,
                    0,
                    0,
                    0,
                    1
                ],
                [
                    0,
                    0,
                    0,
                    0,
                    0,
                    0
                ]
            ],
            "nodes": [
                0,
                1,
                2,
                3,
                4,
                5
            ]
        },
        "shd": 2,
        "oracle_shd": 2,
        "intv_base_shd": null,
        "igsp_shd": null,
        "avg_js": 0.0,
        "avg_oracle_js": 0.7142857142857143
    }
}