{
    "expt_args": {
        "save_dir": "all_expt_logs/expt_logs_sim_compsel_backward_cameraready_new_variance",
        "exp_name": "269",
        "num_nodes": 6,
        "num_tgt_prior": 7,
        "obs_noise_mean": 0.0,
        "obs_noise_var": 1.0,
        "obs_noise_gamma_shape": null,
        "noise_type": "gaussian",
        "max_edge_strength": 1.0,
        "graph_sparsity_method": "adj_dense_prop",
        "adj_dense_prop": 0.8,
        "num_parents": null,
        "new_noise_mean": 1.0,
        "mix_samples": 32768,
        "stage2_samples": 32768,
        "gmm_tol": 0.001,
        "intv_type": "hard",
        "new_noise_var": 0.1,
        "dtype": "simulation",
        "cutoff_drop_ratio": 0.07,
        "intv_targets": [
            0,
            1,
            2,
            3,
            4,
            5
        ]
    },
    "intv_args_dict": {
        "0": {
            "intv_type": "hard",
            "inode": 0,
            "new_mui": 1.0,
            "new_vari": 0.1,
            "noise_type": "gaussian",
            "obs_noise_gamma_shape": null,
            "true_params": {
                "Si": [
                    [
                        0.1,
                        0.0,
                        -0.07785711309718588,
                        0.013207967257870767,
                        -0.05774423788189709,
                        -0.0020099619683999316
                    ],
                    [
                        0.0,
                        1.0,
                        -0.5827450404935688,
                        0.3212538813923719,
                        -1.2554282782590878,
                        0.14525252312342718
                    ],
                    [
                        -0.07785711309718588,
                        -0.5827450404935688,
                        1.400209082818131,
                        0.7092550903624952,
                        1.5182219933495782,
                        -1.7360309896485624
                    ],
                    [
                        0.013207967257870767,
                        0.3212538813923719,
                        0.7092550903624952,
                        1.9271396588563905,
                        0.26156885006177205,
                        -1.9771630095334018
                    ],
                    [
                        -0.05774423788189709,
                        -1.2554282782590878,
                        1.5182219933495782,
                        0.26156885006177205,
                        3.1595176217919643,
                        -1.9083015511270336
                    ],
                    [
                        -0.0020099619683999316,
                        0.14525252312342718,
                        -1.7360309896485624,
                        -1.9771630095334018,
                        -1.9083015511270336,
                        4.279915318636293
                    ]
                ],
                "mui": [
                    1.0,
                    0.0,
                    -0.7785711309718587,
                    0.13207967257870767,
                    -0.5774423788189709,
                    -0.020099619683999315
                ],
                "Ai": [
                    [
                        0.0,
                        0.0,
                        0.0,
                        0.0,
                        0.0,
                        0.0
                    ],
                    [
                        -0.0,
                        0.0,
                        0.0,
                        0.0,
                        0.0,
                        0.0
                    ],
                    [
                        -0.7785711309718587,
                        -0.5827450404935688,
                        0.0,
                        0.0,
                        0.0,
                        0.0
                    ],
                    [
                        0.8380471291260443,
                        0.8496565124265931,
                        0.9067475384890088,
                        0.0,
                        0.0,
                        0.0
                    ],
                    [
                        0.0,
                        -0.8232241172757201,
                        0.7416693939038981,
                        0.0,
                        0.0,
                        0.0
                    ],
                    [
                        -0.8672728344276948,
                        -0.7847089897533454,
                        -0.805434746457019,
                        -0.5247514922898742,
                        -0.5011651191056454,
                        0.0
                    ]
                ]
            },
            "oracle_est_tgt": [
                0
            ]
        },
        "1": {
            "intv_type": "hard",
            "inode": 1,
            "new_mui": 1.0,
            "new_vari": 0.1,
            "noise_type": "gaussian",
            "obs_noise_gamma_shape": null,
            "true_params": {
                "Si": [
                    [
                        1.0,
                        0.0,
                        -0.7785711309718587,
                        0.13207967257870767,
                        -0.5774423788189709,
                        -0.020099619683999315
                    ],
                    [
                        0.0,
                        0.1,
                        -0.058274504049356884,
                        0.03212538813923719,
                        -0.12554282782590878,
                        0.014525252312342718
                    ],
                    [
                        -0.7785711309718587,
                        -0.058274504049356884,
                        1.6401321842047842,
                        0.7851932078189402,
                        1.264408820137151,
                        -1.6457662356596152
                    ],
                    [
                        0.13207967257870767,
                        0.03212538813923719,
                        0.7851932078189402,
                        1.8499565440953414,
                        0.5559073762474674,
                        -2.0215489287534316
                    ],
                    [
                        -0.5774423788189709,
                        -0.12554282782590878,
                        1.264408820137151,
                        0.5559073762474674,
                        2.0411232068951453,
                        -1.7337371036278475
                    ],
                    [
                        -0.020099619683999315,
                        0.014525252312342718,
                        -1.6457662356596152,
                        -2.0215489287534316,
                        -1.7337371036278475,
                        4.261290447950241
                    ]
                ],
                "mui": [
                    0.0,
                    1.0,
                    -0.5827450404935688,
                    0.3212538813923719,
                    -1.2554282782590878,
                    0.14525252312342718
                ],
                "Ai": [
                    [
                        0.0,
                        0.0,
                        0.0,
                        0.0,
                        0.0,
                        0.0
                    ],
                    [
                        0.0,
                        0.0,
                        0.0,
                        0.0,
                        0.0,
                        0.0
                    ],
                    [
                        -0.7785711309718587,
                        -0.5827450404935688,
                        0.0,
                        0.0,
                        0.0,
                        0.0
                    ],
                    [
                        0.8380471291260443,
                        0.8496565124265931,
                        0.9067475384890088,
                        0.0,
                        0.0,
                        0.0
                    ],
                    [
                        0.0,
                        -0.8232241172757201,
                        0.7416693939038981,
                        0.0,
                        0.0,
                        0.0
                    ],
                    [
                        -0.8672728344276948,
                        -0.7847089897533454,
                        -0.805434746457019,
                        -0.5247514922898742,
                        -0.5011651191056454,
                        0.0
                    ]
                ]
            },
            "oracle_est_tgt": [
                1
            ]
        },
        "2": {
            "intv_type": "hard",
            "inode": 2,
            "new_mui": 1.0,
            "new_vari": 0.1,
            "noise_type": "gaussian",
            "obs_noise_gamma_shape": null,
            "true_params": {
                "Si": [
                    [
                        1.0,
                        0.0,
                        0.0,
                        0.8380471291260443,
                        0.0,
                        -1.3070393160458313
                    ],
                    [
                        0.0,
                        1.0,
                        0.0,
                        0.8496565124265931,
                        -0.8232241172757201,
                        -0.8179962997978839
                    ],
                    [
                        0.0,
                        0.0,
                        0.1,
                        0.09067475384890089,
                        0.0741669393903898,
                        -0.16529507005421554
                    ],
                    [
                        0.8380471291260443,
                        0.8496565124265931,
                        0.09067475384890089,
                        2.5064582896009138,
                        -0.6322070427004496,
                        -2.4650088199171076
                    ],
                    [
                        0.0,
                        -0.8232241172757201,
                        0.0741669393903898,
                        -0.6322070427004496,
                        1.7327052962497662,
                        0.04963486830786046
                    ],
                    [
                        -1.3070393160458313,
                        -0.8179962997978839,
                        -0.16529507005421554,
                        -2.4650088199171076,
                        0.04963486830786046,
                        4.17722492728349
                    ]
                ],
                "mui": [
                    0.0,
                    0.0,
                    1.0,
                    0.9067475384890088,
                    0.7416693939038981,
                    -1.6529507005421553
                ],
                "Ai": [
                    [
                        0.0,
                        0.0,
                        0.0,
                        0.0,
                        0.0,
                        0.0
                    ],
                    [
                        -0.0,
                        0.0,
                        0.0,
                        0.0,
                        0.0,
                        0.0
                    ],
                    [
                        0.0,
                        0.0,
                        0.0,
                        0.0,
                        0.0,
                        0.0
                    ],
                    [
                        0.8380471291260443,
                        0.8496565124265931,
                        0.9067475384890088,
                        0.0,
                        0.0,
                        0.0
                    ],
                    [
                        0.0,
                        -0.8232241172757201,
                        0.7416693939038981,
                        0.0,
                        0.0,
                        0.0
                    ],
                    [
                        -0.8672728344276948,
                        -0.7847089897533454,
                        -0.805434746457019,
                        -0.5247514922898742,
                        -0.5011651191056454,
                        0.0
                    ]
                ]
            },
            "oracle_est_tgt": [
                2
            ]
        },
        "3": {
            "intv_type": "hard",
            "inode": 3,
            "new_mui": 1.0,
            "new_vari": 0.1,
            "noise_type": "gaussian",
            "obs_noise_gamma_shape": null,
            "true_params": {
                "Si": [
                    [
                        1.0,
                        0.0,
                        -0.7785711309718587,
                        0.0,
                        -0.5774423788189709,
                        0.0492093856028355
                    ],
                    [
                        0.0,
                        1.0,
                        -0.5827450404935688,
                        0.0,
                        -1.2554282782590878,
                        0.31383097678798855
                    ],
                    [
                        -0.7785711309718587,
                        -0.5827450404935688,
                        1.9457647882026503,
                        0.0,
                        1.9228439627029281,
                        -1.3983300288695604
                    ],
                    [
                        0.0,
                        0.0,
                        0.0,
                        0.1,
                        0.0,
                        -0.05247514922898742
                    ],
                    [
                        -0.5774423788189709,
                        -1.2554282782590878,
                        1.9228439627029281,
                        0.0,
                        3.4596133525624646,
                        -1.7966169329350214
                    ],
                    [
                        0.0492093856028355,
                        0.31383097678798855,
                        -1.3983300288695604,
                        -0.05247514922898742,
                        -1.7966169329350214,
                        2.7652577922326103
                    ]
                ],
                "mui": [
                    0.0,
                    0.0,
                    0.0,
                    1.0,
                    0.0,
                    -0.5247514922898742
                ],
                "Ai": [
                    [
                        0.0,
                        0.0,
                        0.0,
                        0.0,
                        0.0,
                        0.0
                    ],
                    [
                        -0.0,
                        0.0,
                        0.0,
                        0.0,
                        0.0,
                        0.0
                    ],
                    [
                        -0.7785711309718587,
                        -0.5827450404935688,
                        0.0,
                        0.0,
                        0.0,
                        0.0
                    ],
                    [
                        0.0,
                        0.0,
                        0.0,
                        0.0,
                        0.0,
                        0.0
                    ],
                    [
                        0.0,
                        -0.8232241172757201,
                        0.7416693939038981,
                        0.0,
                        0.0,
                        0.0
                    ],
                    [
                        -0.8672728344276948,
                        -0.7847089897533454,
                        -0.805434746457019,
                        -0.5247514922898742,
                        -0.5011651191056454,
                        0.0
                    ]
                ]
            },
            "oracle_est_tgt": [
                3
            ]
        },
        "4": {
            "intv_type": "hard",
            "inode": 4,
            "new_mui": 1.0,
            "new_vari": 0.1,
            "noise_type": "gaussian",
            "obs_noise_gamma_shape": null,
            "true_params": {
                "Si": [
                    [
                        1.0,
                        0.0,
                        -0.7785711309718587,
                        0.13207967257870767,
                        0.0,
                        -0.30949359824145606
                    ],
                    [
                        0.0,
                        1.0,
                        -0.5827450404935688,
                        0.3212538813923719,
                        0.0,
                        -0.4839243394788839
                    ],
                    [
                        -0.7785711309718587,
                        -0.5827450404935688,
                        1.9457647882026503,
                        0.6167050123102977,
                        0.0,
                        -0.7582845807924501
                    ],
                    [
                        0.13207967257870767,
                        0.3212538813923719,
                        0.6167050123102977,
                        1.9428401947740392,
                        0.0,
                        -1.882863857446711
                    ],
                    [
                        0.0,
                        0.0,
                        0.0,
                        0.0,
                        0.1,
                        -0.05011651191056454
                    ],
                    [
                        -0.30949359824145606,
                        -0.4839243394788839,
                        -0.7582845807924501,
                        -1.882863857446711,
                        -0.05011651191056454,
                        3.2720561854411057
                    ]
                ],
                "mui": [
                    0.0,
                    0.0,
                    0.0,
                    0.0,
                    1.0,
                    -0.5011651191056454
                ],
                "Ai": [
                    [
                        0.0,
                        0.0,
                        0.0,
                        0.0,
                        0.0,
                        0.0
                    ],
                    [
                        -0.0,
                        0.0,
                        0.0,
                        0.0,
                        0.0,
                        0.0
                    ],
                    [
                        -0.7785711309718587,
                        -0.5827450404935688,
                        0.0,
                        0.0,
                        0.0,
                        0.0
                    ],
                    [
                        0.8380471291260443,
                        0.8496565124265931,
                        0.9067475384890088,
                        0.0,
                        0.0,
                        0.0
                    ],
                    [
                        0.0,
                        0.0,
                        0.0,
                        0.0,
                        0.0,
                        0.0
                    ],
                    [
                        -0.8672728344276948,
                        -0.7847089897533454,
                        -0.805434746457019,
                        -0.5247514922898742,
                        -0.5011651191056454,
                        0.0
                    ]
                ]
            },
            "oracle_est_tgt": [
                4
            ]
        },
        "5": {
            "intv_type": "hard",
            "inode": 5,
            "new_mui": 1.0,
            "new_vari": 0.1,
            "noise_type": "gaussian",
            "obs_noise_gamma_shape": null,
            "true_params": {
                "Si": [
                    [
                        1.0,
                        0.0,
                        -0.7785711309718587,
                        0.13207967257870767,
                        -0.5774423788189709,
                        0.0
                    ],
                    [
                        0.0,
                        1.0,
                        -0.5827450404935688,
                        0.3212538813923719,
                        -1.2554282782590878,
                        0.0
                    ],
                    [
                        -0.7785711309718587,
                        -0.5827450404935688,
                        1.9457647882026503,
                        0.6167050123102977,
                        1.9228439627029281,
                        0.0
                    ],
                    [
                        0.13207967257870767,
                        0.3212538813923719,
                        0.6167050123102977,
                        1.9428401947740392,
                        0.1929272897670403,
                        0.0
                    ],
                    [
                        -0.5774423788189709,
                        -1.2554282782590878,
                        1.9228439627029281,
                        0.1929272897670403,
                        3.4596133525624646,
                        0.0
                    ],
                    [
                        0.0,
                        0.0,
                        0.0,
                        0.0,
                        0.0,
                        0.1
                    ]
                ],
                "mui": [
                    0.0,
                    0.0,
                    0.0,
                    0.0,
                    0.0,
                    1.0
                ],
                "Ai": [
                    [
                        0.0,
                        0.0,
                        0.0,
                        0.0,
                        0.0,
                        0.0
                    ],
                    [
                        -0.0,
                        0.0,
                        0.0,
                        0.0,
                        0.0,
                        0.0
                    ],
                    [
                        -0.7785711309718587,
                        -0.5827450404935688,
                        0.0,
                        0.0,
                        0.0,
                        0.0
                    ],
                    [
                        0.8380471291260443,
                        0.8496565124265931,
                        0.9067475384890088,
                        0.0,
                        0.0,
                        0.0
                    ],
                    [
                        0.0,
                        -0.8232241172757201,
                        0.7416693939038981,
                        0.0,
                        0.0,
                        0.0
                    ],
                    [
                        0.0,
                        0.0,
                        0.0,
                        0.0,
                        0.0,
                        0.0
                    ]
                ]
            },
            "oracle_est_tgt": [
                5
            ]
        },
        "obs": {
            "intv_type": "obs",
            "noise_type": "gaussian",
            "obs_noise_gamma_shape": null,
            "true_params": {
                "Si": [
                    [
                        1.0,
                        0.0,
                        -0.7785711309718587,
                        0.13207967257870767,
                        -0.5774423788189709,
                        -0.020099619683999315
                    ],
                    [
                        0.0,
                        1.0,
                        -0.5827450404935688,
                        0.3212538813923719,
                        -1.2554282782590878,
                        0.14525252312342718
                    ],
                    [
                        -0.7785711309718587,
                        -0.5827450404935688,
                        1.9457647882026503,
                        0.6167050123102977,
                        1.9228439627029281,
                        -1.7219469043820343
                    ],
                    [
                        0.13207967257870767,
                        0.3212538813923719,
                        0.6167050123102977,
                        1.9428401947740392,
                        0.1929272897670403,
                        -1.979552285601539
                    ],
                    [
                        -0.5774423788189709,
                        -1.2554282782590878,
                        1.9228439627029281,
                        0.1929272897670403,
                        3.4596133525624646,
                        -1.897855816143717
                    ],
                    [
                        -0.020099619683999315,
                        0.14525252312342718,
                        -1.7219469043820343,
                        -1.979552285601539,
                        -1.897855816143717,
                        4.280278913876591
                    ]
                ],
                "mui": [
                    0.0,
                    0.0,
                    0.0,
                    0.0,
                    0.0,
                    0.0
                ],
                "Ai": [
                    [
                        0.0,
                        0.0,
                        0.0,
                        0.0,
                        0.0,
                        0.0
                    ],
                    [
                        -0.0,
                        0.0,
                        0.0,
                        0.0,
                        0.0,
                        0.0
                    ],
                    [
                        -0.7785711309718587,
                        -0.5827450404935688,
                        0.0,
                        0.0,
                        0.0,
                        0.0
                    ],
                    [
                        0.8380471291260443,
                        0.8496565124265931,
                        0.9067475384890088,
                        0.0,
                        0.0,
                        0.0
                    ],
                    [
                        0.0,
                        -0.8232241172757201,
                        0.7416693939038981,
                        0.0,
                        0.0,
                        0.0
                    ],
                    [
                        -0.8672728344276948,
                        -0.7847089897533454,
                        -0.805434746457019,
                        -0.5247514922898742,
                        -0.5011651191056454,
                        0.0
                    ]
                ]
            },
            "est_params": {
                "mui": [
                    0.1389359923369954,
                    0.1404089037003194,
                    -0.05217356962391789,
                    0.3305492947967125,
                    -0.013948913393250169,
                    -0.21448009435872506
                ],
                "Si": [
                    [
                        0.9992558566040255,
                        -0.02658996216579884,
                        -0.6749651001037122,
                        0.16898589209117432,
                        -0.416218239752401,
                        -0.19985973101380766
                    ],
                    [
                        -0.02658996216579884,
                        1.0003466400834844,
                        -0.49924830594975167,
                        0.31154590017853145,
                        -1.0389537857205169,
                        -0.04587659456352532
                    ],
                    [
                        -0.6749651001037122,
                        -0.49924830594975167,
                        1.8298008873997968,
                        0.5837472242702588,
                        1.5092978349950459,
                        -1.2995953208784086
                    ],
                    [
                        0.16898589209117432,
                        0.31154590017853145,
                        0.5837472242702588,
                        1.9002572678812604,
                        0.1176382579182624,
                        -1.6769869511242848
                    ],
                    [
                        -0.416218239752401,
                        -1.0389537857205169,
                        1.5092978349950459,
                        0.1176382579182624,
                        3.0016975182968553,
                        -1.3166506076502271
                    ],
                    [
                        -0.19985973101380766,
                        -0.04587659456352532,
                        -1.2995953208784086,
                        -1.6769869511242848,
                        -1.3166506076502271,
                        3.8442657489296153
                    ]
                ]
            },
            "est_tgt": [
                0,
                1,
                2,
                3,
                4,
                5
            ],
            "oracle_est_tgt": [
                0,
                1,
                2,
                3,
                4,
                5
            ]
        }
    },
    "metric_dict": {
        "param_est_rel_err": 7.617683104591677,
        "est_num_comp": 1,
        "weight_precision_error": 0.0,
        "gm_score_dict": {
            "1": -8.917886136766056,
            "2": -8.873236344513453,
            "3": -8.818450233317765,
            "4": -8.69400729242996,
            "5": -8.637191152748029,
            "6": -8.602776179696914,
            "7": -8.604219157804277
        },
        "est_dag": {
            "amat": [
                [
                    0,
                    0,
                    1,
                    1,
                    0,
                    1
                ],
                [
                    0,
                    0,
                    1,
                    1,
                    1,
                    1
                ],
                [
                    0,
                    0,
                    0,
                    0,
                    1,
                    1
                ],
                [
                    0,
                    0,
                    1,
                    0,
                    0,
                    1
                ],
                [
                    0,
                    0,
                    0,
                    0,
                    0,
                    1
                ],
                [
                    0,
                    0,
                    0,
                    0,
                    0,
                    0
                ]
            ],
            "nodes": [
                0,
                1,
                2,
                3,
                4,
                5
            ]
        },
        "oracle_est_dag": {
            "amat": [
                [
                    0,
                    0,
                    1,
                    1,
                    0,
                    1
                ],
                [
                    0,
                    0,
                    1,
                    1,
                    1,
                    1
                ],
                [
                    0,
                    0,
                    0,
                    1,
                    1,
                    1
                ],
                [
                    0,
                    0,
                    0,
                    0,
                    0,
                    1
                ],
                [
                    0,
                    0,
                    0,
                    0,
                    0,
                    1
                ],
                [
                    0,
                    0,
                    0,
                    0,
                    0,
                    0
                ]
            ],
            "nodes": [
                0,
                1,
                2,
                3,
                4,
                5
            ]
        },
        "igsp_dag": null,
        "intv_base_est_dag": null,
        "act_dag": {
            "amat": [
                [
                    0,
                    0,
                    1,
                    1,
                    0,
                    1
                ],
                [
                    0,
                    0,
                    1,
                    1,
                    1,
                    1
                ],
                [
                    0,
                    0,
                    0,
                    1,
                    1,
                    1
                ],
                [
                    0,
                    0,
                    0,
                    0,
                    0,
                    1
                ],
                [
                    0,
                    0,
                    0,
                    0,
                    0,
                    1
                ],
                [
                    0,
                    0,
                    0,
                    0,
                    0,
                    0
                ]
            ],
            "nodes": [
                0,
                1,
                2,
                3,
                4,
                5
            ]
        },
        "shd": 1,
        "oracle_shd": 0,
        "intv_base_shd": null,
        "igsp_shd": null,
        "avg_js": 0.0,
        "avg_oracle_js": 0.8571428571428571
    }
}