{
    "expt_args": {
        "save_dir": "all_expt_logs/expt_logs_sim_compsel_backward_cameraready_new_variance",
        "exp_name": "148",
        "num_nodes": 6,
        "num_tgt_prior": 7,
        "obs_noise_mean": 0.0,
        "obs_noise_var": 1.0,
        "obs_noise_gamma_shape": null,
        "noise_type": "gaussian",
        "max_edge_strength": 1.0,
        "graph_sparsity_method": "adj_dense_prop",
        "adj_dense_prop": 0.8,
        "num_parents": null,
        "new_noise_mean": 1.0,
        "mix_samples": 32768,
        "stage2_samples": 32768,
        "gmm_tol": 0.001,
        "intv_type": "hard",
        "new_noise_var": 1.0,
        "dtype": "simulation",
        "cutoff_drop_ratio": 0.07,
        "intv_targets": [
            0,
            1,
            2,
            3,
            4,
            5
        ]
    },
    "intv_args_dict": {
        "0": {
            "intv_type": "hard",
            "inode": 0,
            "new_mui": 1.0,
            "new_vari": 1.0,
            "noise_type": "gaussian",
            "obs_noise_gamma_shape": null,
            "true_params": {
                "Si": [
                    [
                        1.0,
                        0.9923796345724902,
                        -0.10982033657999801,
                        -0.12396230443621607,
                        -0.7432502013319908,
                        -2.195910049046838
                    ],
                    [
                        0.9923796345724902,
                        1.9848173391142292,
                        0.5137850624259195,
                        -1.5144262922486194,
                        -0.14162623675993702,
                        -1.3925892192347002
                    ],
                    [
                        -0.10982033657999801,
                        0.5137850624259195,
                        1.3999011456814905,
                        -1.6697154433884924,
                        0.391813342024391,
                        1.224986003795762
                    ],
                    [
                        -0.12396230443621607,
                        -1.5144262922486194,
                        -1.6697154433884924,
                        3.6185526134482515,
                        -1.4054383286151977,
                        -2.552704703732222
                    ],
                    [
                        -0.7432502013319908,
                        -0.14162623675993702,
                        0.391813342024391,
                        -1.4054383286151977,
                        2.4270274730396673,
                        3.9347360539883267
                    ],
                    [
                        -2.195910049046838,
                        -1.3925892192347002,
                        1.224986003795762,
                        -2.552704703732222,
                        3.9347360539883267,
                        9.275546957558673
                    ]
                ],
                "mui": [
                    1.0,
                    0.9923796345724902,
                    -0.10982033657999801,
                    -0.12396230443621607,
                    -0.7432502013319908,
                    -2.195910049046838
                ],
                "Ai": [
                    [
                        0.0,
                        0.0,
                        0.0,
                        0.0,
                        0.0,
                        0.0
                    ],
                    [
                        0.9923796345724902,
                        0.0,
                        0.0,
                        0.0,
                        0.0,
                        0.0
                    ],
                    [
                        -0.7278431407303787,
                        0.6227685279098057,
                        0.0,
                        0.0,
                        0.0,
                        0.0
                    ],
                    [
                        0.662338437175854,
                        -0.8827290978066034,
                        -0.8168035237299454,
                        0.0,
                        0.0,
                        0.0
                    ],
                    [
                        -0.9033846400770684,
                        0.0,
                        -0.647533695631477,
                        -0.7181382336252429,
                        0.0,
                        0.0
                    ],
                    [
                        -0.9150727584885404,
                        -0.6924005855413982,
                        -0.0,
                        -0.6727444526531137,
                        0.9110095119181285,
                        0.0
                    ]
                ]
            },
            "oracle_est_tgt": [
                0
            ]
        },
        "1": {
            "intv_type": "hard",
            "inode": 1,
            "new_mui": 1.0,
            "new_vari": 1.0,
            "noise_type": "gaussian",
            "obs_noise_gamma_shape": null,
            "true_params": {
                "Si": [
                    [
                        1.0,
                        0.0,
                        -0.7278431407303787,
                        1.2568432792470978,
                        -1.3346688938221738,
                        -2.976503159989621
                    ],
                    [
                        0.0,
                        1.0,
                        0.6227685279098057,
                        -1.3914086258714435,
                        0.5959601264338338,
                        0.7865871927924603
                    ],
                    [
                        -0.7278431407303787,
                        0.6227685279098057,
                        1.9175962768632084,
                        -2.598113785157986,
                        1.281618954265632,
                        3.150257831470781
                    ],
                    [
                        1.2568432792470978,
                        -1.3914086258714435,
                        -2.598113785157986,
                        5.182840989115713,
                        -3.1750429655655505,
                        -6.565912766037416
                    ],
                    [
                        -1.3346688938221738,
                        0.5959601264338338,
                        1.281618954265632,
                        -3.1750429655655505,
                        3.655947667396127,
                        6.275271647928874
                    ],
                    [
                        -2.976503159989621,
                        0.7865871927924603,
                        3.150257831470781,
                        -6.565912766037416,
                        6.275271647928874,
                        13.313097075481984
                    ]
                ],
                "mui": [
                    0.0,
                    1.0,
                    0.6227685279098057,
                    -1.3914086258714435,
                    0.5959601264338338,
                    0.7865871927924603
                ],
                "Ai": [
                    [
                        0.0,
                        0.0,
                        0.0,
                        0.0,
                        0.0,
                        0.0
                    ],
                    [
                        0.0,
                        0.0,
                        0.0,
                        0.0,
                        0.0,
                        0.0
                    ],
                    [
                        -0.7278431407303787,
                        0.6227685279098057,
                        0.0,
                        0.0,
                        0.0,
                        0.0
                    ],
                    [
                        0.662338437175854,
                        -0.8827290978066034,
                        -0.8168035237299454,
                        0.0,
                        0.0,
                        0.0
                    ],
                    [
                        -0.9033846400770684,
                        0.0,
                        -0.647533695631477,
                        -0.7181382336252429,
                        0.0,
                        0.0
                    ],
                    [
                        -0.9150727584885404,
                        -0.6924005855413982,
                        -0.0,
                        -0.6727444526531137,
                        0.9110095119181285,
                        0.0
                    ]
                ]
            },
            "oracle_est_tgt": [
                1
            ]
        },
        "2": {
            "intv_type": "hard",
            "inode": 2,
            "new_mui": 1.0,
            "new_vari": 1.0,
            "noise_type": "gaussian",
            "obs_noise_gamma_shape": null,
            "true_params": {
                "Si": [
                    [
                        1.0,
                        0.9923796345724902,
                        0.0,
                        -0.21366394233196706,
                        -0.7499443939413838,
                        -2.1416622429003427
                    ],
                    [
                        0.9923796345724902,
                        1.9848173391142292,
                        0.0,
                        -1.0947648428193184,
                        -0.11030802854079969,
                        -1.6463829457467614
                    ],
                    [
                        0.0,
                        0.0,
                        1.0,
                        -0.8168035237299454,
                        -0.06095585588117989,
                        0.4939686749819712
                    ],
                    [
                        -0.21366394233196706,
                        -1.0947648428193184,
                        -0.8168035237299454,
                        2.4920309367449534,
                        -1.0676941670868043,
                        -1.6956456592732099
                    ],
                    [
                        -0.7499443939413838,
                        -0.11030802854079969,
                        -0.06095585588117989,
                        -1.0676941670868043,
                        2.483711220231365,
                        3.7436009033548157
                    ],
                    [
                        -2.1416622429003427,
                        -1.6463829457467614,
                        0.4939686749819712,
                        -1.6956456592732099,
                        3.7436009033548157,
                        8.650925534744921
                    ]
                ],
                "mui": [
                    0.0,
                    0.0,
                    1.0,
                    -0.8168035237299454,
                    -0.06095585588117989,
                    0.4939686749819712
                ],
                "Ai": [
                    [
                        0.0,
                        0.0,
                        0.0,
                        0.0,
                        0.0,
                        0.0
                    ],
                    [
                        0.9923796345724902,
                        0.0,
                        0.0,
                        0.0,
                        0.0,
                        0.0
                    ],
                    [
                        0.0,
                        0.0,
                        0.0,
                        0.0,
                        0.0,
                        0.0
                    ],
                    [
                        0.662338437175854,
                        -0.8827290978066034,
                        -0.8168035237299454,
                        0.0,
                        0.0,
                        0.0
                    ],
                    [
                        -0.9033846400770684,
                        0.0,
                        -0.647533695631477,
                        -0.7181382336252429,
                        0.0,
                        0.0
                    ],
                    [
                        -0.9150727584885404,
                        -0.6924005855413982,
                        -0.0,
                        -0.6727444526531137,
                        0.9110095119181285,
                        0.0
                    ]
                ]
            },
            "oracle_est_tgt": [
                2
            ]
        },
        "3": {
            "intv_type": "hard",
            "inode": 3,
            "new_mui": 1.0,
            "new_vari": 1.0,
            "noise_type": "gaussian",
            "obs_noise_gamma_shape": null,
            "true_params": {
                "Si": [
                    [
                        1.0,
                        0.9923796345724902,
                        -0.10982033657999801,
                        0.0,
                        -0.8322722716759297,
                        -2.3604049545483723
                    ],
                    [
                        0.9923796345724902,
                        1.9848173391142292,
                        0.5137850624259195,
                        0.0,
                        -1.2291936592309867,
                        -3.4021953730203904
                    ],
                    [
                        -0.10982033657999801,
                        0.5137850624259195,
                        1.3999011456814905,
                        0.0,
                        -0.8072731571474102,
                        -0.9906850046112006
                    ],
                    [
                        0.0,
                        0.0,
                        0.0,
                        1.0,
                        -0.7181382336252429,
                        -1.326975214357793
                    ],
                    [
                        -0.8322722716759297,
                        -1.2291936592309867,
                        -0.8072731571474102,
                        -0.7181382336252429,
                        2.7903210800202203,
                        4.6378166509649
                    ],
                    [
                        -2.3604049545483723,
                        -3.4021953730203904,
                        -0.9906850046112006,
                        -1.326975214357793,
                        4.6378166509649,
                        10.633434639142836
                    ]
                ],
                "mui": [
                    0.0,
                    0.0,
                    0.0,
                    1.0,
                    -0.7181382336252429,
                    -1.326975214357793
                ],
                "Ai": [
                    [
                        0.0,
                        0.0,
                        0.0,
                        0.0,
                        0.0,
                        0.0
                    ],
                    [
                        0.9923796345724902,
                        0.0,
                        0.0,
                        0.0,
                        0.0,
                        0.0
                    ],
                    [
                        -0.7278431407303787,
                        0.6227685279098057,
                        0.0,
                        0.0,
                        0.0,
                        0.0
                    ],
                    [
                        0.0,
                        0.0,
                        0.0,
                        0.0,
                        0.0,
                        0.0
                    ],
                    [
                        -0.9033846400770684,
                        0.0,
                        -0.647533695631477,
                        -0.7181382336252429,
                        0.0,
                        0.0
                    ],
                    [
                        -0.9150727584885404,
                        -0.6924005855413982,
                        -0.0,
                        -0.6727444526531137,
                        0.9110095119181285,
                        0.0
                    ]
                ]
            },
            "oracle_est_tgt": [
                3,
                4
            ]
        },
        "4": {
            "intv_type": "hard",
            "inode": 4,
            "new_mui": 1.0,
            "new_vari": 1.0,
            "noise_type": "gaussian",
            "obs_noise_gamma_shape": null,
            "true_params": {
                "Si": [
                    [
                        1.0,
                        0.9923796345724902,
                        -0.10982033657999801,
                        -0.12396230443621607,
                        0.0,
                        -1.5188020458983307
                    ],
                    [
                        0.9923796345724902,
                        1.9848173391142292,
                        0.5137850624259195,
                        -1.5144262922486194,
                        0.0,
                        -1.2635663704092286
                    ],
                    [
                        -0.10982033657999801,
                        0.5137850624259195,
                        1.3999011456814905,
                        -1.6697154433884924,
                        0.0,
                        0.8680403223151107
                    ],
                    [
                        -0.12396230443621607,
                        -1.5144262922486194,
                        -1.6697154433884924,
                        3.6185526134482515,
                        0.0,
                        -1.2723370179494606
                    ],
                    [
                        0.0,
                        0.0,
                        0.0,
                        0.0,
                        1.0,
                        0.9110095119181285
                    ],
                    [
                        -1.5188020458983307,
                        -1.2635663704092286,
                        0.8680403223151107,
                        -1.2723370179494606,
                        0.9110095119181285,
                        4.950604474016005
                    ]
                ],
                "mui": [
                    0.0,
                    0.0,
                    0.0,
                    0.0,
                    1.0,
                    0.9110095119181285
                ],
                "Ai": [
                    [
                        0.0,
                        0.0,
                        0.0,
                        0.0,
                        0.0,
                        0.0
                    ],
                    [
                        0.9923796345724902,
                        0.0,
                        0.0,
                        0.0,
                        0.0,
                        0.0
                    ],
                    [
                        -0.7278431407303787,
                        0.6227685279098057,
                        0.0,
                        0.0,
                        0.0,
                        0.0
                    ],
                    [
                        0.662338437175854,
                        -0.8827290978066034,
                        -0.8168035237299454,
                        0.0,
                        0.0,
                        0.0
                    ],
                    [
                        0.0,
                        0.0,
                        0.0,
                        0.0,
                        0.0,
                        0.0
                    ],
                    [
                        -0.9150727584885404,
                        -0.6924005855413982,
                        -0.0,
                        -0.6727444526531137,
                        0.9110095119181285,
                        0.0
                    ]
                ]
            },
            "oracle_est_tgt": [
                3,
                4
            ]
        },
        "5": {
            "intv_type": "hard",
            "inode": 5,
            "new_mui": 1.0,
            "new_vari": 1.0,
            "noise_type": "gaussian",
            "obs_noise_gamma_shape": null,
            "true_params": {
                "Si": [
                    [
                        1.0,
                        0.9923796345724902,
                        -0.10982033657999801,
                        -0.12396230443621607,
                        -0.7432502013319908,
                        0.0
                    ],
                    [
                        0.9923796345724902,
                        1.9848173391142292,
                        0.5137850624259195,
                        -1.5144262922486194,
                        -0.14162623675993702,
                        0.0
                    ],
                    [
                        -0.10982033657999801,
                        0.5137850624259195,
                        1.3999011456814905,
                        -1.6697154433884924,
                        0.391813342024391,
                        0.0
                    ],
                    [
                        -0.12396230443621607,
                        -1.5144262922486194,
                        -1.6697154433884924,
                        3.6185526134482515,
                        -1.4054383286151977,
                        0.0
                    ],
                    [
                        -0.7432502013319908,
                        -0.14162623675993702,
                        0.391813342024391,
                        -1.4054383286151977,
                        2.4270274730396673,
                        0.0
                    ],
                    [
                        0.0,
                        0.0,
                        0.0,
                        0.0,
                        0.0,
                        1.0
                    ]
                ],
                "mui": [
                    0.0,
                    0.0,
                    0.0,
                    0.0,
                    0.0,
                    1.0
                ],
                "Ai": [
                    [
                        0.0,
                        0.0,
                        0.0,
                        0.0,
                        0.0,
                        0.0
                    ],
                    [
                        0.9923796345724902,
                        0.0,
                        0.0,
                        0.0,
                        0.0,
                        0.0
                    ],
                    [
                        -0.7278431407303787,
                        0.6227685279098057,
                        0.0,
                        0.0,
                        0.0,
                        0.0
                    ],
                    [
                        0.662338437175854,
                        -0.8827290978066034,
                        -0.8168035237299454,
                        0.0,
                        0.0,
                        0.0
                    ],
                    [
                        -0.9033846400770684,
                        0.0,
                        -0.647533695631477,
                        -0.7181382336252429,
                        0.0,
                        0.0
                    ],
                    [
                        0.0,
                        0.0,
                        0.0,
                        0.0,
                        0.0,
                        0.0
                    ]
                ]
            },
            "oracle_est_tgt": [
                5
            ]
        },
        "obs": {
            "intv_type": "obs",
            "noise_type": "gaussian",
            "obs_noise_gamma_shape": null,
            "true_params": {
                "Si": [
                    [
                        1.0,
                        0.9923796345724902,
                        -0.10982033657999801,
                        -0.12396230443621607,
                        -0.7432502013319908,
                        -2.195910049046838
                    ],
                    [
                        0.9923796345724902,
                        1.9848173391142292,
                        0.5137850624259195,
                        -1.5144262922486194,
                        -0.14162623675993702,
                        -1.3925892192347002
                    ],
                    [
                        -0.10982033657999801,
                        0.5137850624259195,
                        1.3999011456814905,
                        -1.6697154433884924,
                        0.391813342024391,
                        1.224986003795762
                    ],
                    [
                        -0.12396230443621607,
                        -1.5144262922486194,
                        -1.6697154433884924,
                        3.6185526134482515,
                        -1.4054383286151977,
                        -2.552704703732222
                    ],
                    [
                        -0.7432502013319908,
                        -0.14162623675993702,
                        0.391813342024391,
                        -1.4054383286151977,
                        2.4270274730396673,
                        3.9347360539883267
                    ],
                    [
                        -2.195910049046838,
                        -1.3925892192347002,
                        1.224986003795762,
                        -2.552704703732222,
                        3.9347360539883267,
                        9.275546957558673
                    ]
                ],
                "mui": [
                    0.0,
                    0.0,
                    0.0,
                    0.0,
                    0.0,
                    0.0
                ],
                "Ai": [
                    [
                        0.0,
                        0.0,
                        0.0,
                        0.0,
                        0.0,
                        0.0
                    ],
                    [
                        0.9923796345724902,
                        0.0,
                        0.0,
                        0.0,
                        0.0,
                        0.0
                    ],
                    [
                        -0.7278431407303787,
                        0.6227685279098057,
                        0.0,
                        0.0,
                        0.0,
                        0.0
                    ],
                    [
                        0.662338437175854,
                        -0.8827290978066034,
                        -0.8168035237299454,
                        0.0,
                        0.0,
                        0.0
                    ],
                    [
                        -0.9033846400770684,
                        0.0,
                        -0.647533695631477,
                        -0.7181382336252429,
                        0.0,
                        0.0
                    ],
                    [
                        -0.9150727584885404,
                        -0.6924005855413982,
                        -0.0,
                        -0.6727444526531137,
                        0.9110095119181285,
                        0.0
                    ]
                ]
            },
            "est_params": {
                "mui": [
                    0.14322466204521422,
                    0.272351345409113,
                    0.20529942672325918,
                    -0.17002465444740056,
                    -0.0050333712932763884,
                    -0.06757970947034721
                ],
                "Si": [
                    [
                        1.1368766110731103,
                        0.9679351806532288,
                        -0.22209764506684607,
                        0.07761326873518538,
                        -0.8464642133355499,
                        -2.246289254286927
                    ],
                    [
                        0.9679351806532288,
                        2.070796122198503,
                        0.4680183330334044,
                        -1.3916003783238662,
                        -0.20293705369700288,
                        -1.422203182793921
                    ],
                    [
                        -0.22209764506684607,
                        0.4680183330334044,
                        1.5660391470059019,
                        -1.6280044685532804,
                        0.25817330773494823,
                        0.99963000059424
                    ],
                    [
                        0.07761326873518538,
                        -1.3916003783238662,
                        -1.6280044685532804,
                        3.7694439221655935,
                        -1.4722391786620674,
                        -2.5863737218013583
                    ],
                    [
                        -0.8464642133355499,
                        -0.20293705369700288,
                        0.25817330773494823,
                        -1.4722391786620674,
                        2.7979075254966177,
                        3.8991422150463184
                    ],
                    [
                        -2.246289254286927,
                        -1.422203182793921,
                        0.99963000059424,
                        -2.5863737218013583,
                        3.8991422150463184,
                        9.511196043731683
                    ]
                ]
            },
            "est_tgt": [
                0,
                1,
                2,
                3,
                4,
                5
            ],
            "oracle_est_tgt": [
                0,
                1,
                2,
                3,
                4,
                5
            ]
        }
    },
    "metric_dict": {
        "param_est_rel_err": 4.586284404255519,
        "est_num_comp": 1,
        "weight_precision_error": 0.0,
        "gm_score_dict": {
            "1": -9.483083599617814,
            "2": -9.285607265079832,
            "3": -9.234753725986575,
            "4": -9.200933126252862,
            "5": -9.188847996364219,
            "6": -9.187214419199757,
            "7": -9.186213678098461
        },
        "est_dag": {
            "amat": [
                [
                    0,
                    1,
                    0,
                    0,
                    1,
                    1
                ],
                [
                    0,
                    0,
                    0,
                    1,
                    0,
                    1
                ],
                [
                    0,
                    1,
                    0,
                    1,
                    0,
                    0
                ],
                [
                    0,
                    0,
                    0,
                    0,
                    0,
                    1
                ],
                [
                    0,
                    1,
                    1,
                    1,
                    0,
                    1
                ],
                [
                    0,
                    0,
                    0,
                    0,
                    0,
                    0
                ]
            ],
            "nodes": [
                0,
                1,
                2,
                3,
                4,
                5
            ]
        },
        "oracle_est_dag": {
            "amat": [
                [
                    0,
                    1,
                    1,
                    0,
                    1,
                    1
                ],
                [
                    0,
                    0,
                    1,
                    1,
                    1,
                    1
                ],
                [
                    0,
                    0,
                    0,
                    1,
                    1,
                    0
                ],
                [
                    0,
                    0,
                    0,
                    0,
                    0,
                    1
                ],
                [
                    0,
                    0,
                    0,
                    1,
                    0,
                    1
                ],
                [
                    0,
                    0,
                    0,
                    0,
                    0,
                    0
                ]
            ],
            "nodes": [
                0,
                1,
                2,
                3,
                4,
                5
            ]
        },
        "igsp_dag": null,
        "intv_base_est_dag": null,
        "act_dag": {
            "amat": [
                [
                    0,
                    1,
                    1,
                    1,
                    1,
                    1
                ],
                [
                    0,
                    0,
                    1,
                    1,
                    0,
                    1
                ],
                [
                    0,
                    0,
                    0,
                    1,
                    1,
                    0
                ],
                [
                    0,
                    0,
                    0,
                    0,
                    1,
                    1
                ],
                [
                    0,
                    0,
                    0,
                    0,
                    0,
                    1
                ],
                [
                    0,
                    0,
                    0,
                    0,
                    0,
                    0
                ]
            ],
            "nodes": [
                0,
                1,
                2,
                3,
                4,
                5
            ]
        },
        "shd": 6,
        "oracle_shd": 3,
        "intv_base_shd": null,
        "igsp_shd": null,
        "avg_js": 0.0,
        "avg_oracle_js": 0.7142857142857143
    }
}