{
    "expt_args": {
        "save_dir": "all_expt_logs/expt_logs_sim_compsel_backward_cameraready_new_variance",
        "exp_name": "185",
        "num_nodes": 6,
        "num_tgt_prior": 7,
        "obs_noise_mean": 0.0,
        "obs_noise_var": 1.0,
        "obs_noise_gamma_shape": null,
        "noise_type": "gaussian",
        "max_edge_strength": 1.0,
        "graph_sparsity_method": "adj_dense_prop",
        "adj_dense_prop": 0.8,
        "num_parents": null,
        "new_noise_mean": 1.0,
        "mix_samples": 524288,
        "stage2_samples": 524288,
        "gmm_tol": 0.001,
        "intv_type": "hard",
        "new_noise_var": 0.1,
        "dtype": "simulation",
        "cutoff_drop_ratio": 0.07,
        "intv_targets": [
            0,
            1,
            2,
            3,
            4,
            5
        ]
    },
    "intv_args_dict": {
        "0": {
            "intv_type": "hard",
            "inode": 0,
            "new_mui": 1.0,
            "new_vari": 0.1,
            "noise_type": "gaussian",
            "obs_noise_gamma_shape": null,
            "true_params": {
                "Si": [
                    [
                        0.1,
                        -0.0746099995706222,
                        0.03061413873535144,
                        0.11034610714479068,
                        -0.016737241904972094,
                        0.17737249926658175
                    ],
                    [
                        -0.0746099995706222,
                        1.0556665203592825,
                        0.7311223886753154,
                        -0.6753500024089165,
                        1.87071770941879,
                        0.45433977312480345
                    ],
                    [
                        0.03061413873535144,
                        0.7311223886753154,
                        1.5778333611913196,
                        -0.41333456454973483,
                        2.3811130367148863,
                        2.0835709936006825
                    ],
                    [
                        0.11034610714479068,
                        -0.6753500024089165,
                        -0.41333456454973483,
                        1.4734362700491865,
                        -1.6769746699717023,
                        0.42266938648656927
                    ],
                    [
                        -0.016737241904972094,
                        1.87071770941879,
                        2.3811130367148863,
                        -1.6769746699717023,
                        5.736170872620442,
                        2.9235211934122787
                    ],
                    [
                        0.17737249926658175,
                        0.45433977312480345,
                        2.0835709936006825,
                        0.42266938648656927,
                        2.9235211934122787,
                        4.891419042919515
                    ]
                ],
                "mui": [
                    1.0,
                    -0.746099995706222,
                    0.30614138735351437,
                    1.1034610714479067,
                    -0.16737241904972092,
                    1.7737249926658174
                ],
                "Ai": [
                    [
                        0.0,
                        0.0,
                        0.0,
                        0.0,
                        0.0,
                        0.0
                    ],
                    [
                        -0.746099995706222,
                        0.0,
                        0.0,
                        0.0,
                        0.0,
                        0.0
                    ],
                    [
                        0.8686736241768234,
                        0.7539635974543109,
                        0.0,
                        0.0,
                        0.0,
                        0.0
                    ],
                    [
                        0.6610082757498477,
                        -0.5930207723419899,
                        0.0,
                        0.0,
                        0.0,
                        0.0
                    ],
                    [
                        0.7311118706082854,
                        0.7853878773597307,
                        0.9851991832843237,
                        -0.5565367536859196,
                        0.0,
                        0.0
                    ],
                    [
                        0.0,
                        -0.7554663188090703,
                        0.9765980414098391,
                        0.9196364299368828,
                        0.6195077106917859,
                        0.0
                    ]
                ]
            },
            "oracle_est_tgt": [
                0
            ]
        },
        "1": {
            "intv_type": "hard",
            "inode": 1,
            "new_mui": 1.0,
            "new_vari": 0.1,
            "noise_type": "gaussian",
            "obs_noise_gamma_shape": null,
            "true_params": {
                "Si": [
                    [
                        1.0,
                        0.0,
                        0.8686736241768234,
                        0.6610082757498477,
                        1.2190530157425779,
                        2.2114449938593985
                    ],
                    [
                        0.0,
                        0.1,
                        0.07539635974543109,
                        -0.059302077234198995,
                        0.18582300533053564,
                        0.058667739406600194
                    ],
                    [
                        0.8686736241768234,
                        0.07539635974543109,
                        1.8114399759691215,
                        0.5294888470184831,
                        2.184262166121897,
                        3.5521938093627767
                    ],
                    [
                        0.6610082757498477,
                        -0.059302077234198995,
                        0.5294888470184831,
                        1.4720993042526955,
                        0.13907047615770973,
                        2.001849873917253
                    ],
                    [
                        1.2190530157425779,
                        0.18582300533053564,
                        2.184262166121897,
                        0.13907047615770973,
                        4.111742737239156,
                        4.667913737877065
                    ],
                    [
                        2.2114449938593985,
                        0.058667739406600194,
                        3.5521938093627767,
                        2.001849873917253,
                        4.667913737877065,
                        9.157526640587308
                    ]
                ],
                "mui": [
                    0.0,
                    1.0,
                    0.7539635974543109,
                    -0.5930207723419899,
                    1.8582300533053562,
                    0.586677394066002
                ],
                "Ai": [
                    [
                        0.0,
                        0.0,
                        0.0,
                        0.0,
                        0.0,
                        0.0
                    ],
                    [
                        0.0,
                        0.0,
                        0.0,
                        0.0,
                        0.0,
                        0.0
                    ],
                    [
                        0.8686736241768234,
                        0.7539635974543109,
                        0.0,
                        0.0,
                        0.0,
                        0.0
                    ],
                    [
                        0.6610082757498477,
                        -0.5930207723419899,
                        0.0,
                        0.0,
                        0.0,
                        0.0
                    ],
                    [
                        0.7311118706082854,
                        0.7853878773597307,
                        0.9851991832843237,
                        -0.5565367536859196,
                        0.0,
                        0.0
                    ],
                    [
                        0.0,
                        -0.7554663188090703,
                        0.9765980414098391,
                        0.9196364299368828,
                        0.6195077106917859,
                        0.0
                    ]
                ]
            },
            "oracle_est_tgt": [
                1
            ]
        },
        "2": {
            "intv_type": "hard",
            "inode": 2,
            "new_mui": 1.0,
            "new_vari": 0.1,
            "noise_type": "gaussian",
            "obs_noise_gamma_shape": null,
            "true_params": {
                "Si": [
                    [
                        1.0,
                        -0.746099995706222,
                        0.0,
                        1.1034610714479067,
                        -0.46898266383993303,
                        1.2878980411107108
                    ],
                    [
                        -0.746099995706222,
                        1.5566652035928246,
                        0.0,
                        -1.4163130730112563,
                        1.4653336963445251,
                        -1.570715705491521
                    ],
                    [
                        0.0,
                        0.0,
                        0.1,
                        0.0,
                        0.09851991832843238,
                        0.15869365320217277
                    ],
                    [
                        1.1034610714479067,
                        -1.4163130730112563,
                        0.0,
                        2.5692999726300525,
                        -1.7355114960122973,
                        2.3576359240415528
                    ],
                    [
                        -0.46898266383993303,
                        1.4653336963445251,
                        0.09851991832843238,
                        -1.7355114960122973,
                        2.8709142058025323,
                        -0.8282820032027962
                    ],
                    [
                        1.2878980411107108,
                        -1.570715705491521,
                        0.15869365320217277,
                        2.3576359240415528,
                        -0.8282820032027962,
                        3.9966435194898318
                    ]
                ],
                "mui": [
                    0.0,
                    0.0,
                    1.0,
                    0.0,
                    0.9851991832843237,
                    1.5869365320217277
                ],
                "Ai": [
                    [
                        0.0,
                        0.0,
                        0.0,
                        0.0,
                        0.0,
                        0.0
                    ],
                    [
                        -0.746099995706222,
                        0.0,
                        0.0,
                        0.0,
                        0.0,
                        0.0
                    ],
                    [
                        0.0,
                        0.0,
                        0.0,
                        0.0,
                        0.0,
                        0.0
                    ],
                    [
                        0.6610082757498477,
                        -0.5930207723419899,
                        0.0,
                        0.0,
                        0.0,
                        0.0
                    ],
                    [
                        0.7311118706082854,
                        0.7853878773597307,
                        0.9851991832843237,
                        -0.5565367536859196,
                        0.0,
                        0.0
                    ],
                    [
                        0.0,
                        -0.7554663188090703,
                        0.9765980414098391,
                        0.9196364299368828,
                        0.6195077106917859,
                        0.0
                    ]
                ]
            },
            "oracle_est_tgt": [
                2
            ]
        },
        "3": {
            "intv_type": "hard",
            "inode": 3,
            "new_mui": 1.0,
            "new_vari": 0.1,
            "noise_type": "gaussian",
            "obs_noise_gamma_shape": null,
            "true_params": {
                "Si": [
                    [
                        1.0,
                        -0.746099995706222,
                        0.30614138735351437,
                        0.0,
                        0.44674422347268367,
                        1.1393919876519176
                    ],
                    [
                        -0.746099995706222,
                        1.5566652035928246,
                        0.5255515096643569,
                        0.0,
                        1.1948763345830795,
                        0.07747954661910805
                    ],
                    [
                        0.30614138735351437,
                        0.5255515096643569,
                        1.6621836553369806,
                        0.0,
                        2.27416736670368,
                        2.6351130569914254
                    ],
                    [
                        0.0,
                        0.0,
                        0.0,
                        0.1,
                        -0.05565367536859196,
                        0.05748576197450803
                    ],
                    [
                        0.44674422347268367,
                        1.1948763345830795,
                        2.27416736670368,
                        -0.05565367536859196,
                        4.536542541180793,
                        4.077500507055403
                    ],
                    [
                        1.1393919876519176,
                        0.07747954661910805,
                        2.6351130569914254,
                        0.05748576197450803,
                        4.077500507055403,
                        6.0938220678689135
                    ]
                ],
                "mui": [
                    0.0,
                    0.0,
                    0.0,
                    1.0,
                    -0.5565367536859196,
                    0.5748576197450803
                ],
                "Ai": [
                    [
                        0.0,
                        0.0,
                        0.0,
                        0.0,
                        0.0,
                        0.0
                    ],
                    [
                        -0.746099995706222,
                        0.0,
                        0.0,
                        0.0,
                        0.0,
                        0.0
                    ],
                    [
                        0.8686736241768234,
                        0.7539635974543109,
                        0.0,
                        0.0,
                        0.0,
                        0.0
                    ],
                    [
                        0.0,
                        0.0,
                        0.0,
                        0.0,
                        0.0,
                        0.0
                    ],
                    [
                        0.7311118706082854,
                        0.7853878773597307,
                        0.9851991832843237,
                        -0.5565367536859196,
                        0.0,
                        0.0
                    ],
                    [
                        0.0,
                        -0.7554663188090703,
                        0.9765980414098391,
                        0.9196364299368828,
                        0.6195077106917859,
                        0.0
                    ]
                ]
            },
            "oracle_est_tgt": [
                3
            ]
        },
        "4": {
            "intv_type": "hard",
            "inode": 4,
            "new_mui": 1.0,
            "new_vari": 0.1,
            "noise_type": "gaussian",
            "obs_noise_gamma_shape": null,
            "true_params": {
                "Si": [
                    [
                        1.0,
                        -0.746099995706222,
                        0.30614138735351437,
                        1.1034610714479067,
                        0.0,
                        1.8774134968242562
                    ],
                    [
                        -0.746099995706222,
                        1.5566652035928246,
                        0.5255515096643569,
                        -1.4163130730112563,
                        0.0,
                        -1.9652486541152554
                    ],
                    [
                        0.30614138735351437,
                        0.5255515096643569,
                        1.6621836553369806,
                        -0.109300971576443,
                        0.0,
                        1.1257316826256683
                    ],
                    [
                        1.1034610714479067,
                        -1.4163130730112563,
                        -0.109300971576443,
                        2.5692999726300525,
                        0.0,
                        3.3260555630496613
                    ],
                    [
                        0.0,
                        0.0,
                        0.0,
                        0.0,
                        0.1,
                        0.061950771069178595
                    ],
                    [
                        1.8774134968242562,
                        -1.9652486541152554,
                        1.1257316826256683,
                        3.3260555630496613,
                        0.061950771069178595,
                        6.6812073668095175
                    ]
                ],
                "mui": [
                    0.0,
                    0.0,
                    0.0,
                    0.0,
                    1.0,
                    0.6195077106917859
                ],
                "Ai": [
                    [
                        0.0,
                        0.0,
                        0.0,
                        0.0,
                        0.0,
                        0.0
                    ],
                    [
                        -0.746099995706222,
                        0.0,
                        0.0,
                        0.0,
                        0.0,
                        0.0
                    ],
                    [
                        0.8686736241768234,
                        0.7539635974543109,
                        0.0,
                        0.0,
                        0.0,
                        0.0
                    ],
                    [
                        0.6610082757498477,
                        -0.5930207723419899,
                        0.0,
                        0.0,
                        0.0,
                        0.0
                    ],
                    [
                        0.0,
                        0.0,
                        0.0,
                        0.0,
                        0.0,
                        0.0
                    ],
                    [
                        0.0,
                        -0.7554663188090703,
                        0.9765980414098391,
                        0.9196364299368828,
                        0.6195077106917859,
                        0.0
                    ]
                ]
            },
            "oracle_est_tgt": [
                4
            ]
        },
        "5": {
            "intv_type": "hard",
            "inode": 5,
            "new_mui": 1.0,
            "new_vari": 0.1,
            "noise_type": "gaussian",
            "obs_noise_gamma_shape": null,
            "true_params": {
                "Si": [
                    [
                        1.0,
                        -0.746099995706222,
                        0.30614138735351437,
                        1.1034610714479067,
                        -0.16737241904972092,
                        0.0
                    ],
                    [
                        -0.746099995706222,
                        1.5566652035928246,
                        0.5255515096643569,
                        -1.4163130730112563,
                        1.983106614439693,
                        0.0
                    ],
                    [
                        0.30614138735351437,
                        0.5255515096643569,
                        1.6621836553369806,
                        -0.109300971576443,
                        2.3349973745995505,
                        0.0
                    ],
                    [
                        1.1034610714479067,
                        -1.4163130730112563,
                        -0.109300971576443,
                        2.5692999726300525,
                        -1.843194723941592,
                        0.0
                    ],
                    [
                        -0.16737241904972092,
                        1.983106614439693,
                        2.3349973745995505,
                        -1.843194723941592,
                        5.761383046613142,
                        0.0
                    ],
                    [
                        0.0,
                        0.0,
                        0.0,
                        0.0,
                        0.0,
                        0.1
                    ]
                ],
                "mui": [
                    0.0,
                    0.0,
                    0.0,
                    0.0,
                    0.0,
                    1.0
                ],
                "Ai": [
                    [
                        0.0,
                        0.0,
                        0.0,
                        0.0,
                        0.0,
                        0.0
                    ],
                    [
                        -0.746099995706222,
                        0.0,
                        0.0,
                        0.0,
                        0.0,
                        0.0
                    ],
                    [
                        0.8686736241768234,
                        0.7539635974543109,
                        0.0,
                        0.0,
                        0.0,
                        0.0
                    ],
                    [
                        0.6610082757498477,
                        -0.5930207723419899,
                        0.0,
                        0.0,
                        0.0,
                        0.0
                    ],
                    [
                        0.7311118706082854,
                        0.7853878773597307,
                        0.9851991832843237,
                        -0.5565367536859196,
                        0.0,
                        0.0
                    ],
                    [
                        0.0,
                        0.0,
                        0.0,
                        0.0,
                        0.0,
                        0.0
                    ]
                ]
            },
            "oracle_est_tgt": [
                5
            ]
        },
        "obs": {
            "intv_type": "obs",
            "noise_type": "gaussian",
            "obs_noise_gamma_shape": null,
            "true_params": {
                "Si": [
                    [
                        1.0,
                        -0.746099995706222,
                        0.30614138735351437,
                        1.1034610714479067,
                        -0.16737241904972092,
                        1.7737249926658174
                    ],
                    [
                        -0.746099995706222,
                        1.5566652035928246,
                        0.5255515096643569,
                        -1.4163130730112563,
                        1.983106614439693,
                        -0.736698815345983
                    ],
                    [
                        0.30614138735351437,
                        0.5255515096643569,
                        1.6621836553369806,
                        -0.109300971576443,
                        2.3349973745995505,
                        2.5722805606351664
                    ],
                    [
                        1.1034610714479067,
                        -1.4163130730112563,
                        -0.109300971576443,
                        2.5692999726300525,
                        -1.843194723941592,
                        2.1841822192614275
                    ],
                    [
                        -0.16737241904972092,
                        1.983106614439693,
                        2.3349973745995505,
                        -1.843194723941592,
                        5.761383046613142,
                        2.656335814935995
                    ],
                    [
                        1.7737249926658174,
                        -0.736698815345983,
                        2.5722805606351664,
                        2.1841822192614275,
                        2.656335814935995,
                        7.7229093575661345
                    ]
                ],
                "mui": [
                    0.0,
                    0.0,
                    0.0,
                    0.0,
                    0.0,
                    0.0
                ],
                "Ai": [
                    [
                        0.0,
                        0.0,
                        0.0,
                        0.0,
                        0.0,
                        0.0
                    ],
                    [
                        -0.746099995706222,
                        0.0,
                        0.0,
                        0.0,
                        0.0,
                        0.0
                    ],
                    [
                        0.8686736241768234,
                        0.7539635974543109,
                        0.0,
                        0.0,
                        0.0,
                        0.0
                    ],
                    [
                        0.6610082757498477,
                        -0.5930207723419899,
                        0.0,
                        0.0,
                        0.0,
                        0.0
                    ],
                    [
                        0.7311118706082854,
                        0.7853878773597307,
                        0.9851991832843237,
                        -0.5565367536859196,
                        0.0,
                        0.0
                    ],
                    [
                        0.0,
                        -0.7554663188090703,
                        0.9765980414098391,
                        0.9196364299368828,
                        0.6195077106917859,
                        0.0
                    ]
                ]
            },
            "est_params": {
                "mui": [
                    0.14137869320501034,
                    0.03607334249715607,
                    0.2923923472119038,
                    0.2137884213816926,
                    0.44098417153675246,
                    0.8735507995247633
                ],
                "Si": [
                    [
                        0.9951675387267345,
                        -0.655221586943633,
                        0.3052591852026843,
                        0.8675834187179862,
                        0.03521823769637953,
                        1.34105226943282
                    ],
                    [
                        -0.655221586943633,
                        1.4959505245700122,
                        0.4777274904418973,
                        -1.1238925143955354,
                        1.501547386016084,
                        -0.6684540666741796
                    ],
                    [
                        0.3052591852026843,
                        0.4777274904418973,
                        1.5970627307169867,
                        -0.10970248404077189,
                        1.8552584036344417,
                        1.8389975728567496
                    ],
                    [
                        0.8675834187179862,
                        -1.1238925143955354,
                        -0.10970248404077189,
                        2.223142520644157,
                        -1.3611616575959737,
                        1.6058408058109788
                    ],
                    [
                        0.03521823769637953,
                        1.501547386016084,
                        1.8552584036344417,
                        -1.3611616575959737,
                        4.739591746084144,
                        1.9175195301302748
                    ],
                    [
                        1.34105226943282,
                        -0.6684540666741796,
                        1.8389975728567496,
                        1.6058408058109788,
                        1.9175195301302748,
                        5.860954939388357
                    ]
                ]
            },
            "est_tgt": [
                0,
                1,
                2,
                3,
                4,
                5
            ],
            "oracle_est_tgt": [
                0,
                1,
                2,
                3,
                4,
                5
            ]
        }
    },
    "metric_dict": {
        "param_est_rel_err": 15.089867879697367,
        "est_num_comp": 1,
        "weight_precision_error": 0.0,
        "gm_score_dict": {
            "1": -9.165151087003936,
            "2": -9.018059194757141,
            "3": -8.787409866810291,
            "4": -8.764688395974455,
            "5": -8.738967041775503,
            "6": -8.64768898445412,
            "7": -8.626855724561805
        },
        "est_dag": {
            "amat": [
                [
                    0,
                    1,
                    1,
                    1,
                    1,
                    0
                ],
                [
                    0,
                    0,
                    0,
                    1,
                    1,
                    1
                ],
                [
                    0,
                    0,
                    0,
                    0,
                    0,
                    1
                ],
                [
                    0,
                    0,
                    1,
                    0,
                    0,
                    1
                ],
                [
                    0,
                    0,
                    1,
                    1,
                    0,
                    1
                ],
                [
                    0,
                    0,
                    0,
                    0,
                    0,
                    0
                ]
            ],
            "nodes": [
                0,
                1,
                2,
                3,
                4,
                5
            ]
        },
        "oracle_est_dag": {
            "amat": [
                [
                    0,
                    1,
                    1,
                    1,
                    1,
                    0
                ],
                [
                    0,
                    0,
                    1,
                    1,
                    1,
                    1
                ],
                [
                    0,
                    0,
                    0,
                    0,
                    1,
                    1
                ],
                [
                    0,
                    0,
                    0,
                    0,
                    1,
                    1
                ],
                [
                    0,
                    0,
                    0,
                    0,
                    0,
                    1
                ],
                [
                    0,
                    0,
                    0,
                    0,
                    0,
                    0
                ]
            ],
            "nodes": [
                0,
                1,
                2,
                3,
                4,
                5
            ]
        },
        "igsp_dag": null,
        "intv_base_est_dag": null,
        "act_dag": {
            "amat": [
                [
                    0,
                    1,
                    1,
                    1,
                    1,
                    0
                ],
                [
                    0,
                    0,
                    1,
                    1,
                    1,
                    1
                ],
                [
                    0,
                    0,
                    0,
                    0,
                    1,
                    1
                ],
                [
                    0,
                    0,
                    0,
                    0,
                    1,
                    1
                ],
                [
                    0,
                    0,
                    0,
                    0,
                    0,
                    1
                ],
                [
                    0,
                    0,
                    0,
                    0,
                    0,
                    0
                ]
            ],
            "nodes": [
                0,
                1,
                2,
                3,
                4,
                5
            ]
        },
        "shd": 4,
        "oracle_shd": 0,
        "intv_base_shd": null,
        "igsp_shd": null,
        "avg_js": 0.0,
        "avg_oracle_js": 0.8571428571428571
    }
}