{
    "expt_args": {
        "save_dir": "all_expt_logs/expt_logs_sim_compsel_backward_cameraready_new_variance",
        "exp_name": "315",
        "num_nodes": 6,
        "num_tgt_prior": 7,
        "obs_noise_mean": 0.0,
        "obs_noise_var": 1.0,
        "obs_noise_gamma_shape": null,
        "noise_type": "gaussian",
        "max_edge_strength": 1.0,
        "graph_sparsity_method": "adj_dense_prop",
        "adj_dense_prop": 0.8,
        "num_parents": null,
        "new_noise_mean": 1.0,
        "mix_samples": 131072,
        "stage2_samples": 131072,
        "gmm_tol": 0.001,
        "intv_type": "hard",
        "new_noise_var": 0.1,
        "dtype": "simulation",
        "cutoff_drop_ratio": 0.07,
        "intv_targets": [
            0,
            1,
            2,
            3,
            4,
            5
        ]
    },
    "intv_args_dict": {
        "0": {
            "intv_type": "hard",
            "inode": 0,
            "new_mui": 1.0,
            "new_vari": 0.1,
            "noise_type": "gaussian",
            "obs_noise_gamma_shape": null,
            "true_params": {
                "Si": [
                    [
                        0.1,
                        0.05808022779908087,
                        -0.12340646628312074,
                        -0.1442572698810953,
                        0.31817992020924674,
                        -0.09589505385359913
                    ],
                    [
                        0.05808022779908087,
                        1.0337331286119313,
                        -1.0321947622295367,
                        -0.20800987347025257,
                        1.5448921610111512,
                        0.24421703078186846
                    ],
                    [
                        -0.12340646628312074,
                        -1.0321947622295367,
                        2.074890240158111,
                        1.2731290273454317,
                        -3.095498722468509,
                        0.5067419234633488
                    ],
                    [
                        -0.1442572698810953,
                        -0.2080098734702526,
                        1.2731290273454317,
                        2.17569117255098,
                        -2.7551529906932517,
                        0.7611723256524393
                    ],
                    [
                        0.31817992020924674,
                        1.5448921610111512,
                        -3.095498722468509,
                        -2.7551529906932517,
                        6.396861405976903,
                        -0.8418696866084961
                    ],
                    [
                        -0.09589505385359913,
                        0.24421703078186846,
                        0.5067419234633488,
                        0.7611723256524392,
                        -0.8418696866084961,
                        1.6395232205591062
                    ]
                ],
                "mui": [
                    1.0,
                    0.5808022779908086,
                    -1.2340646628312073,
                    -1.4425726988109528,
                    3.181799202092467,
                    -0.9589505385359912
                ],
                "Ai": [
                    [
                        0.0,
                        0.0,
                        0.0,
                        0.0,
                        0.0,
                        0.0
                    ],
                    [
                        0.5808022779908086,
                        0.0,
                        0.0,
                        0.0,
                        0.0,
                        0.0
                    ],
                    [
                        -0.676192455584836,
                        -0.9605200054935041,
                        0.0,
                        0.0,
                        0.0,
                        0.0
                    ],
                    [
                        -0.7106036488607461,
                        0.8130367682015054,
                        0.9757857049802192,
                        0.0,
                        0.0,
                        0.0
                    ],
                    [
                        0.9042848315666903,
                        0.6403948317625672,
                        -0.650397504843796,
                        -0.7645639050373838,
                        0.0,
                        0.0
                    ],
                    [
                        -0.6757142984739035,
                        0.9496796716341778,
                        0.676473755267851,
                        -0.0,
                        -0.0,
                        0.0
                    ]
                ]
            },
            "oracle_est_tgt": [
                0
            ]
        },
        "1": {
            "intv_type": "hard",
            "inode": 1,
            "new_mui": 1.0,
            "new_vari": 0.1,
            "noise_type": "gaussian",
            "obs_noise_gamma_shape": null,
            "true_params": {
                "Si": [
                    [
                        1.0,
                        0.0,
                        -0.676192455584836,
                        -1.3704225808359007,
                        2.391854357428573,
                        -1.1331407481871671
                    ],
                    [
                        0.0,
                        0.1,
                        -0.09605200054935042,
                        -0.012422492250657759,
                        0.1360092538542687,
                        0.02999130965080901
                    ],
                    [
                        -0.676192455584836,
                        -0.09605200054935042,
                        1.5494961050851745,
                        1.9143871674294002,
                        -3.144441514533315,
                        1.4138877273972175
                    ],
                    [
                        -1.3704225808359007,
                        -0.012422492250657759,
                        1.9143871674294002,
                        3.831758975245851,
                        -5.421944894798389,
                        2.209249420648395
                    ],
                    [
                        2.391854357428573,
                        0.1360092538542687,
                        -3.144441514533315,
                        -5.421944894798389,
                        9.440577514823786,
                        -3.6141771251985473
                    ],
                    [
                        -1.1331407481871671,
                        0.02999130965080901,
                        1.4138877273972175,
                        2.209249420648395,
                        -3.6141771251985473,
                        2.7506194833140687
                    ]
                ],
                "mui": [
                    0.0,
                    1.0,
                    -0.9605200054935041,
                    -0.12422492250657757,
                    1.360092538542687,
                    0.2999130965080901
                ],
                "Ai": [
                    [
                        0.0,
                        0.0,
                        0.0,
                        0.0,
                        0.0,
                        0.0
                    ],
                    [
                        0.0,
                        0.0,
                        0.0,
                        0.0,
                        0.0,
                        0.0
                    ],
                    [
                        -0.676192455584836,
                        -0.9605200054935041,
                        0.0,
                        0.0,
                        0.0,
                        0.0
                    ],
                    [
                        -0.7106036488607461,
                        0.8130367682015054,
                        0.9757857049802192,
                        0.0,
                        0.0,
                        0.0
                    ],
                    [
                        0.9042848315666903,
                        0.6403948317625672,
                        -0.650397504843796,
                        -0.7645639050373838,
                        0.0,
                        0.0
                    ],
                    [
                        -0.6757142984739035,
                        0.9496796716341778,
                        0.676473755267851,
                        -0.0,
                        -0.0,
                        0.0
                    ]
                ]
            },
            "est_params": {
                "mui": [
                    0.14006145506458087,
                    0.2206513398989583,
                    -0.16484614531065594,
                    0.06780042415205476,
                    0.47126263081989267,
                    0.1455082479883812
                ],
                "Si": [
                    [
                        0.9931238914386166,
                        0.4778898223532889,
                        -0.9773883571271859,
                        -1.075137552296666,
                        2.1890276383642364,
                        -0.7656638509085595
                    ],
                    [
                        0.4778898223532889,
                        1.263580987130784,
                        -1.325846078716043,
                        -0.48883364120306455,
                        1.9793878961045357,
                        -0.02105250720931933
                    ],
                    [
                        -0.9773883571271859,
                        -1.325846078716043,
                        2.9693571848772193,
                        2.109204163489502,
                        -4.301955852679001,
                        1.2174883641378835
                    ],
                    [
                        -1.075137552296666,
                        -0.48883364120306455,
                        2.109204163489502,
                        3.425220550910946,
                        -4.314863816718974,
                        1.3971321548803592
                    ],
                    [
                        2.1890276383642364,
                        1.9793878961045357,
                        -4.301955852679001,
                        -4.314863816718974,
                        10.309437191442468,
                        -2.0795158754372025
                    ],
                    [
                        -0.7656638509085595,
                        -0.02105250720931933,
                        1.2174883641378835,
                        1.3971321548803592,
                        -2.0795158754372025,
                        2.314827705589083
                    ]
                ]
            },
            "est_tgt": [
                0,
                1,
                2,
                3,
                4,
                5
            ],
            "oracle_est_tgt": [
                1
            ]
        },
        "2": {
            "intv_type": "hard",
            "inode": 2,
            "new_mui": 1.0,
            "new_vari": 0.1,
            "noise_type": "gaussian",
            "obs_noise_gamma_shape": null,
            "true_params": {
                "Si": [
                    [
                        1.0,
                        0.5808022779908086,
                        0.0,
                        -0.23839004179902673,
                        1.4584920299478188,
                        -0.12413818182720994
                    ],
                    [
                        0.5808022779908086,
                        1.3373312861193125,
                        0.0,
                        0.6745792888743065,
                        0.8658717587525818,
                        0.877579932843297
                    ],
                    [
                        0.0,
                        0.0,
                        0.1,
                        0.09757857049802193,
                        -0.1396448033923129,
                        0.06764737552678511
                    ],
                    [
                        -0.23839004179902673,
                        0.6745792888743065,
                        0.09757857049802193,
                        1.8130743726808645,
                        -1.23325148986446,
                        0.8677271394252282
                    ],
                    [
                        1.4584920299478188,
                        0.8658717587525818,
                        -0.1396448033923129,
                        -1.2332514898644598,
                        3.907116225591747,
                        -0.2576891558709486
                    ],
                    [
                        -0.12413818182720994,
                        0.877579932843297,
                        0.06764737552678511,
                        0.8677271394252282,
                        -0.2576891558709486,
                        1.9630634410591838
                    ]
                ],
                "mui": [
                    0.0,
                    0.0,
                    1.0,
                    0.9757857049802192,
                    -1.3964480339231289,
                    0.676473755267851
                ],
                "Ai": [
                    [
                        0.0,
                        0.0,
                        0.0,
                        0.0,
                        0.0,
                        0.0
                    ],
                    [
                        0.5808022779908086,
                        0.0,
                        0.0,
                        0.0,
                        0.0,
                        0.0
                    ],
                    [
                        0.0,
                        0.0,
                        0.0,
                        0.0,
                        0.0,
                        0.0
                    ],
                    [
                        -0.7106036488607461,
                        0.8130367682015054,
                        0.9757857049802192,
                        0.0,
                        0.0,
                        0.0
                    ],
                    [
                        0.9042848315666903,
                        0.6403948317625672,
                        -0.650397504843796,
                        -0.7645639050373838,
                        0.0,
                        0.0
                    ],
                    [
                        -0.6757142984739035,
                        0.9496796716341778,
                        0.676473755267851,
                        -0.0,
                        -0.0,
                        0.0
                    ]
                ]
            },
            "oracle_est_tgt": [
                2
            ]
        },
        "3": {
            "intv_type": "hard",
            "inode": 3,
            "new_mui": 1.0,
            "new_vari": 0.1,
            "noise_type": "gaussian",
            "obs_noise_gamma_shape": null,
            "true_params": {
                "Si": [
                    [
                        1.0,
                        0.5808022779908086,
                        -1.2340646628312073,
                        0.0,
                        2.0788601861892473,
                        -0.9589505385359912
                    ],
                    [
                        0.5808022779908086,
                        1.3373312861193125,
                        -1.6772675728538284,
                        0.0,
                        2.4725213784512032,
                        -0.2570475607541263
                    ],
                    [
                        -1.2340646628312073,
                        -1.6772675728538284,
                        3.4455142730019426,
                        0.0,
                        -4.431013326973408,
                        1.571808199172549
                    ],
                    [
                        0.0,
                        0.0,
                        0.0,
                        0.1,
                        -0.07645639050373838,
                        0.0
                    ],
                    [
                        2.0788601861892473,
                        2.4725213784512032,
                        -4.431013326973408,
                        -0.07645639050373838,
                        7.403647453783164,
                        -2.0540764864797687
                    ],
                    [
                        -0.9589505385359912,
                        -0.2570475607541263,
                        1.571808199172549,
                        0.0,
                        -2.0540764864797687,
                        2.467150742381727
                    ]
                ],
                "mui": [
                    0.0,
                    0.0,
                    0.0,
                    1.0,
                    -0.7645639050373838,
                    0.0
                ],
                "Ai": [
                    [
                        0.0,
                        0.0,
                        0.0,
                        0.0,
                        0.0,
                        0.0
                    ],
                    [
                        0.5808022779908086,
                        0.0,
                        0.0,
                        0.0,
                        0.0,
                        0.0
                    ],
                    [
                        -0.676192455584836,
                        -0.9605200054935041,
                        0.0,
                        0.0,
                        0.0,
                        0.0
                    ],
                    [
                        0.0,
                        0.0,
                        0.0,
                        0.0,
                        0.0,
                        0.0
                    ],
                    [
                        0.9042848315666903,
                        0.6403948317625672,
                        -0.650397504843796,
                        -0.7645639050373838,
                        0.0,
                        0.0
                    ],
                    [
                        -0.6757142984739035,
                        0.9496796716341778,
                        0.676473755267851,
                        -0.0,
                        -0.0,
                        0.0
                    ]
                ]
            },
            "oracle_est_tgt": [
                3,
                4
            ]
        },
        "4": {
            "intv_type": "hard",
            "inode": 4,
            "new_mui": 1.0,
            "new_vari": 0.1,
            "noise_type": "gaussian",
            "obs_noise_gamma_shape": null,
            "true_params": {
                "Si": [
                    [
                        1.0,
                        0.5808022779908086,
                        -1.2340646628312073,
                        -1.4425726988109528,
                        0.0,
                        -0.9589505385359912
                    ],
                    [
                        0.5808022779908086,
                        1.3373312861193125,
                        -1.6772675728538284,
                        -0.9620744321433277,
                        0.0,
                        -0.2570475607541263
                    ],
                    [
                        -1.2340646628312073,
                        -1.6772675728538284,
                        3.4455142730019426,
                        2.8753342193963105,
                        0.0,
                        1.571808199172549
                    ],
                    [
                        -1.4425726988109528,
                        -0.9620744321433277,
                        2.8753342193963105,
                        4.048605564770225,
                        0.0,
                        2.0061926054143124
                    ],
                    [
                        0.0,
                        0.0,
                        0.0,
                        0.0,
                        0.1,
                        0.0
                    ],
                    [
                        -0.9589505385359912,
                        -0.2570475607541263,
                        1.571808199172549,
                        2.0061926054143124,
                        0.0,
                        2.467150742381727
                    ]
                ],
                "mui": [
                    0.0,
                    0.0,
                    0.0,
                    0.0,
                    1.0,
                    0.0
                ],
                "Ai": [
                    [
                        0.0,
                        0.0,
                        0.0,
                        0.0,
                        0.0,
                        0.0
                    ],
                    [
                        0.5808022779908086,
                        0.0,
                        0.0,
                        0.0,
                        0.0,
                        0.0
                    ],
                    [
                        -0.676192455584836,
                        -0.9605200054935041,
                        0.0,
                        0.0,
                        0.0,
                        0.0
                    ],
                    [
                        -0.7106036488607461,
                        0.8130367682015054,
                        0.9757857049802192,
                        0.0,
                        0.0,
                        0.0
                    ],
                    [
                        0.0,
                        0.0,
                        0.0,
                        0.0,
                        0.0,
                        0.0
                    ],
                    [
                        -0.6757142984739035,
                        0.9496796716341778,
                        0.676473755267851,
                        -0.0,
                        -0.0,
                        0.0
                    ]
                ]
            },
            "oracle_est_tgt": [
                3,
                4
            ]
        },
        "5": {
            "intv_type": "hard",
            "inode": 5,
            "new_mui": 1.0,
            "new_vari": 0.1,
            "noise_type": "gaussian",
            "obs_noise_gamma_shape": null,
            "true_params": {
                "Si": [
                    [
                        1.0,
                        0.5808022779908086,
                        -1.2340646628312073,
                        -1.4425726988109528,
                        3.181799202092467,
                        0.0
                    ],
                    [
                        0.5808022779908086,
                        1.3373312861193125,
                        -1.6772675728538284,
                        -0.9620744321433277,
                        3.2080887632273294,
                        0.0
                    ],
                    [
                        -1.2340646628312073,
                        -1.6772675728538284,
                        3.4455142730019426,
                        2.8753342193963105,
                        -6.629390086042669,
                        0.0
                    ],
                    [
                        -1.4425726988109528,
                        -0.9620744321433277,
                        2.8753342193963105,
                        4.048605564770225,
                        -6.886131986526611,
                        0.0
                    ],
                    [
                        3.181799202092467,
                        3.2080887632273294,
                        -6.629390086042669,
                        -6.886131986526611,
                        15.508322952169536,
                        0.0
                    ],
                    [
                        0.0,
                        0.0,
                        0.0,
                        0.0,
                        0.0,
                        0.1
                    ]
                ],
                "mui": [
                    0.0,
                    0.0,
                    0.0,
                    0.0,
                    0.0,
                    1.0
                ],
                "Ai": [
                    [
                        0.0,
                        0.0,
                        0.0,
                        0.0,
                        0.0,
                        0.0
                    ],
                    [
                        0.5808022779908086,
                        0.0,
                        0.0,
                        0.0,
                        0.0,
                        0.0
                    ],
                    [
                        -0.676192455584836,
                        -0.9605200054935041,
                        0.0,
                        0.0,
                        0.0,
                        0.0
                    ],
                    [
                        -0.7106036488607461,
                        0.8130367682015054,
                        0.9757857049802192,
                        0.0,
                        0.0,
                        0.0
                    ],
                    [
                        0.9042848315666903,
                        0.6403948317625672,
                        -0.650397504843796,
                        -0.7645639050373838,
                        0.0,
                        0.0
                    ],
                    [
                        0.0,
                        0.0,
                        0.0,
                        0.0,
                        0.0,
                        0.0
                    ]
                ]
            },
            "oracle_est_tgt": [
                5
            ]
        },
        "obs": {
            "intv_type": "obs",
            "noise_type": "gaussian",
            "obs_noise_gamma_shape": null,
            "true_params": {
                "Si": [
                    [
                        1.0,
                        0.5808022779908086,
                        -1.2340646628312073,
                        -1.4425726988109528,
                        3.181799202092467,
                        -0.9589505385359912
                    ],
                    [
                        0.5808022779908086,
                        1.3373312861193125,
                        -1.6772675728538284,
                        -0.9620744321433277,
                        3.2080887632273294,
                        -0.2570475607541263
                    ],
                    [
                        -1.2340646628312073,
                        -1.6772675728538284,
                        3.4455142730019426,
                        2.8753342193963105,
                        -6.629390086042669,
                        1.571808199172549
                    ],
                    [
                        -1.4425726988109528,
                        -0.9620744321433277,
                        2.8753342193963105,
                        4.048605564770225,
                        -6.886131986526611,
                        2.0061926054143124
                    ],
                    [
                        3.181799202092467,
                        3.2080887632273294,
                        -6.629390086042669,
                        -6.886131986526611,
                        15.508322952169536,
                        -3.5879389391324588
                    ],
                    [
                        -0.9589505385359912,
                        -0.2570475607541263,
                        1.571808199172549,
                        2.0061926054143124,
                        -3.5879389391324588,
                        2.467150742381727
                    ]
                ],
                "mui": [
                    0.0,
                    0.0,
                    0.0,
                    0.0,
                    0.0,
                    0.0
                ],
                "Ai": [
                    [
                        0.0,
                        0.0,
                        0.0,
                        0.0,
                        0.0,
                        0.0
                    ],
                    [
                        0.5808022779908086,
                        0.0,
                        0.0,
                        0.0,
                        0.0,
                        0.0
                    ],
                    [
                        -0.676192455584836,
                        -0.9605200054935041,
                        0.0,
                        0.0,
                        0.0,
                        0.0
                    ],
                    [
                        -0.7106036488607461,
                        0.8130367682015054,
                        0.9757857049802192,
                        0.0,
                        0.0,
                        0.0
                    ],
                    [
                        0.9042848315666903,
                        0.6403948317625672,
                        -0.650397504843796,
                        -0.7645639050373838,
                        0.0,
                        0.0
                    ],
                    [
                        -0.6757142984739035,
                        0.9496796716341778,
                        0.676473755267851,
                        -0.0,
                        -0.0,
                        0.0
                    ]
                ]
            },
            "est_tgt": [
                0,
                1,
                2,
                3,
                4,
                5
            ],
            "oracle_est_tgt": [
                0,
                1,
                2,
                3,
                4,
                5
            ]
        }
    },
    "metric_dict": {
        "param_est_rel_err": 27.74763682457485,
        "est_num_comp": 1,
        "weight_precision_error": 0.0,
        "gm_score_dict": {
            "1": -9.387835222909098,
            "2": -9.00737486846203,
            "3": -8.938595393968821,
            "4": -8.874279273874162,
            "5": -8.765573888515318,
            "6": -8.827414219498456,
            "7": -8.72126649817436
        },
        "est_dag": {
            "amat": [
                [
                    0,
                    0,
                    0,
                    0,
                    0,
                    1
                ],
                [
                    0,
                    0,
                    0,
                    1,
                    0,
                    1
                ],
                [
                    1,
                    1,
                    0,
                    1,
                    1,
                    1
                ],
                [
                    0,
                    0,
                    0,
                    0,
                    0,
                    0
                ],
                [
                    1,
                    0,
                    0,
                    1,
                    0,
                    0
                ],
                [
                    0,
                    0,
                    0,
                    0,
                    0,
                    0
                ]
            ],
            "nodes": [
                0,
                1,
                2,
                3,
                4,
                5
            ]
        },
        "oracle_est_dag": {
            "amat": [
                [
                    0,
                    1,
                    1,
                    0,
                    1,
                    1
                ],
                [
                    0,
                    0,
                    1,
                    1,
                    0,
                    1
                ],
                [
                    0,
                    0,
                    0,
                    1,
                    1,
                    1
                ],
                [
                    0,
                    0,
                    0,
                    0,
                    0,
                    0
                ],
                [
                    0,
                    0,
                    0,
                    1,
                    0,
                    0
                ],
                [
                    0,
                    0,
                    0,
                    0,
                    0,
                    0
                ]
            ],
            "nodes": [
                0,
                1,
                2,
                3,
                4,
                5
            ]
        },
        "igsp_dag": null,
        "intv_base_est_dag": null,
        "act_dag": {
            "amat": [
                [
                    0,
                    1,
                    1,
                    1,
                    1,
                    1
                ],
                [
                    0,
                    0,
                    1,
                    1,
                    1,
                    1
                ],
                [
                    0,
                    0,
                    0,
                    1,
                    1,
                    1
                ],
                [
                    0,
                    0,
                    0,
                    0,
                    1,
                    0
                ],
                [
                    0,
                    0,
                    0,
                    0,
                    0,
                    0
                ],
                [
                    0,
                    0,
                    0,
                    0,
                    0,
                    0
                ]
            ],
            "nodes": [
                0,
                1,
                2,
                3,
                4,
                5
            ]
        },
        "shd": 7,
        "oracle_shd": 3,
        "intv_base_shd": null,
        "igsp_shd": null,
        "avg_js": 0.08333333333333333,
        "avg_oracle_js": 0.7142857142857143
    }
}