{
    "expt_args": {
        "save_dir": "all_expt_logs/expt_logs_sim_compsel_backward_cameraready_new_variance",
        "exp_name": "131",
        "num_nodes": 6,
        "num_tgt_prior": 7,
        "obs_noise_mean": 0.0,
        "obs_noise_var": 1.0,
        "obs_noise_gamma_shape": null,
        "noise_type": "gaussian",
        "max_edge_strength": 1.0,
        "graph_sparsity_method": "adj_dense_prop",
        "adj_dense_prop": 0.8,
        "num_parents": null,
        "new_noise_mean": 1.0,
        "mix_samples": 1048576,
        "stage2_samples": 1048576,
        "gmm_tol": 0.001,
        "intv_type": "hard",
        "new_noise_var": 8.0,
        "dtype": "simulation",
        "cutoff_drop_ratio": 0.07,
        "intv_targets": [
            0,
            1,
            2,
            3,
            4,
            5
        ]
    },
    "intv_args_dict": {
        "0": {
            "intv_type": "hard",
            "inode": 0,
            "new_mui": 1.0,
            "new_vari": 8.0,
            "noise_type": "gaussian",
            "obs_noise_gamma_shape": null,
            "true_params": {
                "Si": [
                    [
                        8.0,
                        6.094125983020136,
                        6.035938675494332,
                        -3.0437516403373914,
                        13.69613439078005,
                        11.624588483985592
                    ],
                    [
                        6.094125983020136,
                        5.642296437115143,
                        4.59797133928077,
                        -3.1948436581509436,
                        11.08811083105701,
                        9.770143712430123
                    ],
                    [
                        6.035938675494332,
                        4.59797133928077,
                        5.554069461791034,
                        -3.178265965491183,
                        11.940062101625474,
                        9.363801023082782
                    ],
                    [
                        -3.0437516403373914,
                        -3.1948436581509436,
                        -3.178265965491183,
                        3.70334448713016,
                        -7.9486537842316345,
                        -6.791671281119898
                    ],
                    [
                        13.69613439078005,
                        11.08811083105701,
                        11.940062101625474,
                        -7.9486537842316345,
                        28.01606103347988,
                        22.870913861266327
                    ],
                    [
                        11.624588483985592,
                        9.770143712430123,
                        9.363801023082782,
                        -6.791671281119898,
                        22.870913861266327,
                        20.576419111507377
                    ]
                ],
                "mui": [
                    1.0,
                    0.761765747877517,
                    0.7544923344367915,
                    -0.38046895504217393,
                    1.7120167988475063,
                    1.453073560498199
                ],
                "Ai": [
                    [
                        0.0,
                        0.0,
                        0.0,
                        0.0,
                        0.0,
                        0.0
                    ],
                    [
                        0.761765747877517,
                        0.0,
                        0.0,
                        0.0,
                        0.0,
                        0.0
                    ],
                    [
                        0.7544923344367915,
                        -0.0,
                        0.0,
                        0.0,
                        0.0,
                        0.0
                    ],
                    [
                        0.9522990975830521,
                        -0.8762179134959113,
                        -0.8817786849272111,
                        0.0,
                        0.0,
                        0.0
                    ],
                    [
                        0.7128474092619692,
                        0.0,
                        0.9474129280308883,
                        -0.7473766100269508,
                        0.0,
                        0.0
                    ],
                    [
                        0.848857894982512,
                        -0.0,
                        -0.9311326426546754,
                        -0.568077246548587,
                        0.637033673442406,
                        0.0
                    ]
                ]
            },
            "oracle_est_tgt": [
                0
            ]
        },
        "1": {
            "intv_type": "hard",
            "inode": 1,
            "new_mui": 1.0,
            "new_vari": 8.0,
            "noise_type": "gaussian",
            "obs_noise_gamma_shape": null,
            "true_params": {
                "Si": [
                    [
                        1.0,
                        0.0,
                        0.7544923344367915,
                        0.2870038391357165,
                        1.213163244649618,
                        0.7561109412950501
                    ],
                    [
                        0.0,
                        8.0,
                        0.0,
                        -7.00974330796729,
                        5.238918190667698,
                        7.319442977267729
                    ],
                    [
                        0.7544923344367915,
                        0.0,
                        1.5692586827238793,
                        -0.665236488345383,
                        2.5217560608744125,
                        1.163618030124351
                    ],
                    [
                        0.2870038391357165,
                        -7.00974330796729,
                        -0.665236488345383,
                        8.001967508319627,
                        -6.4061470559938805,
                        -7.7636181766655135
                    ],
                    [
                        1.213163244649618,
                        5.238918190667698,
                        2.5217560608744125,
                        -6.4061470559938805,
                        9.041749039415828,
                        8.080798798508745
                    ],
                    [
                        0.7561109412950501,
                        7.319442977267729,
                        1.163618030124351,
                        -7.7636181766655135,
                        8.080798798508745,
                        10.11642379058836
                    ]
                ],
                "mui": [
                    0.0,
                    1.0,
                    0.0,
                    -0.8762179134959113,
                    0.6548647738334622,
                    0.9149303721584662
                ],
                "Ai": [
                    [
                        0.0,
                        0.0,
                        0.0,
                        0.0,
                        0.0,
                        0.0
                    ],
                    [
                        0.0,
                        0.0,
                        0.0,
                        0.0,
                        0.0,
                        0.0
                    ],
                    [
                        0.7544923344367915,
                        -0.0,
                        0.0,
                        0.0,
                        0.0,
                        0.0
                    ],
                    [
                        0.9522990975830521,
                        -0.8762179134959113,
                        -0.8817786849272111,
                        0.0,
                        0.0,
                        0.0
                    ],
                    [
                        0.7128474092619692,
                        0.0,
                        0.9474129280308883,
                        -0.7473766100269508,
                        0.0,
                        0.0
                    ],
                    [
                        0.848857894982512,
                        -0.0,
                        -0.9311326426546754,
                        -0.568077246548587,
                        0.637033673442406,
                        0.0
                    ]
                ]
            },
            "oracle_est_tgt": [
                1
            ]
        },
        "2": {
            "intv_type": "hard",
            "inode": 2,
            "new_mui": 1.0,
            "new_vari": 8.0,
            "noise_type": "gaussian",
            "obs_noise_gamma_shape": null,
            "true_params": {
                "Si": [
                    [
                        1.0,
                        0.761765747877517,
                        0.0,
                        0.2848263034051617,
                        0.49997489217651175,
                        1.0055553949916693
                    ],
                    [
                        0.761765747877517,
                        1.5802870546393928,
                        0.0,
                        -0.6592469914672897,
                        1.0357285214922836,
                        1.6809280296565672
                    ],
                    [
                        0.0,
                        0.0,
                        8.0,
                        -7.054229479417689,
                        12.85146953892648,
                        4.74510496746759
                    ],
                    [
                        0.2848263034051617,
                        -0.6592469914672897,
                        -7.054229479417689,
                        8.069153048578272,
                        -12.510926764859953,
                        -5.74358348759627
                    ],
                    [
                        0.49997489217651175,
                        1.0357285214922836,
                        12.85146953892648,
                        -12.510926764859953,
                        22.882428225774643,
                        10.142034979040469
                    ],
                    [
                        1.0055553949916693,
                        1.6809280296565672,
                        4.74510496746759,
                        -5.74358348759627,
                        10.142034979040469,
                        7.158868399684157
                    ]
                ],
                "mui": [
                    0.0,
                    0.0,
                    1.0,
                    -0.8817786849272111,
                    1.60643369236581,
                    0.5931381209334488
                ],
                "Ai": [
                    [
                        0.0,
                        0.0,
                        0.0,
                        0.0,
                        0.0,
                        0.0
                    ],
                    [
                        0.761765747877517,
                        0.0,
                        0.0,
                        0.0,
                        0.0,
                        0.0
                    ],
                    [
                        0.0,
                        0.0,
                        0.0,
                        0.0,
                        0.0,
                        0.0
                    ],
                    [
                        0.9522990975830521,
                        -0.8762179134959113,
                        -0.8817786849272111,
                        0.0,
                        0.0,
                        0.0
                    ],
                    [
                        0.7128474092619692,
                        0.0,
                        0.9474129280308883,
                        -0.7473766100269508,
                        0.0,
                        0.0
                    ],
                    [
                        0.848857894982512,
                        -0.0,
                        -0.9311326426546754,
                        -0.568077246548587,
                        0.637033673442406,
                        0.0
                    ]
                ]
            },
            "oracle_est_tgt": [
                2
            ]
        },
        "3": {
            "intv_type": "hard",
            "inode": 3,
            "new_mui": 1.0,
            "new_vari": 8.0,
            "noise_type": "gaussian",
            "obs_noise_gamma_shape": null,
            "true_params": {
                "Si": [
                    [
                        1.0,
                        0.761765747877517,
                        0.7544923344367915,
                        0.0,
                        1.42766320100759,
                        1.0557949871320964
                    ],
                    [
                        0.761765747877517,
                        1.5802870546393928,
                        0.5747464174100962,
                        0.0,
                        1.0875449260327568,
                        0.8042684579780149
                    ],
                    [
                        0.7544923344367915,
                        0.5747464174100962,
                        1.5692586827238793,
                        0.0,
                        2.0245738693486075,
                        0.4689905196836248
                    ],
                    [
                        0.0,
                        0.0,
                        0.0,
                        8.0,
                        -5.979012880215606,
                        -8.353450511031905
                    ],
                    [
                        1.42766320100759,
                        1.0875449260327568,
                        2.0245738693486075,
                        -5.979012880215606,
                        8.404387849434315,
                        8.07715560116641
                    ],
                    [
                        1.0557949871320964,
                        0.8042684579780149,
                        0.4689905196836248,
                        -8.353450511031905,
                        8.07715560116641,
                        11.350352797400873
                    ]
                ],
                "mui": [
                    0.0,
                    0.0,
                    0.0,
                    1.0,
                    -0.7473766100269508,
                    -1.0441813138789882
                ],
                "Ai": [
                    [
                        0.0,
                        0.0,
                        0.0,
                        0.0,
                        0.0,
                        0.0
                    ],
                    [
                        0.761765747877517,
                        0.0,
                        0.0,
                        0.0,
                        0.0,
                        0.0
                    ],
                    [
                        0.7544923344367915,
                        -0.0,
                        0.0,
                        0.0,
                        0.0,
                        0.0
                    ],
                    [
                        0.0,
                        0.0,
                        0.0,
                        0.0,
                        0.0,
                        0.0
                    ],
                    [
                        0.7128474092619692,
                        0.0,
                        0.9474129280308883,
                        -0.7473766100269508,
                        0.0,
                        0.0
                    ],
                    [
                        0.848857894982512,
                        -0.0,
                        -0.9311326426546754,
                        -0.568077246548587,
                        0.637033673442406,
                        0.0
                    ]
                ]
            },
            "oracle_est_tgt": [
                3
            ]
        },
        "4": {
            "intv_type": "hard",
            "inode": 4,
            "new_mui": 1.0,
            "new_vari": 8.0,
            "noise_type": "gaussian",
            "obs_noise_gamma_shape": null,
            "true_params": {
                "Si": [
                    [
                        1.0,
                        0.761765747877517,
                        0.7544923344367915,
                        -0.38046895504217393,
                        0.0,
                        0.36246121013326343
                    ],
                    [
                        0.761765747877517,
                        1.5802870546393928,
                        0.5747464174100962,
                        -1.1660461315777904,
                        0.0,
                        0.7738699944890606
                    ],
                    [
                        0.7544923344367915,
                        0.5747464174100962,
                        1.5692586827238793,
                        -1.1688395949977077,
                        0.0,
                        -0.15674003067976094
                    ],
                    [
                        -0.38046895504217393,
                        -1.1660461315777904,
                        -1.1688395949977077,
                        2.6900481068739737,
                        0.0,
                        -0.762774496989866
                    ],
                    [
                        0.0,
                        0.0,
                        0.0,
                        0.0,
                        8.0,
                        5.096269387539248
                    ],
                    [
                        0.36246121013326343,
                        0.7738699944890606,
                        -0.15674003067976094,
                        -0.762774496989866,
                        5.096269387539248,
                        5.133433863606851
                    ]
                ],
                "mui": [
                    0.0,
                    0.0,
                    0.0,
                    0.0,
                    1.0,
                    0.637033673442406
                ],
                "Ai": [
                    [
                        0.0,
                        0.0,
                        0.0,
                        0.0,
                        0.0,
                        0.0
                    ],
                    [
                        0.761765747877517,
                        0.0,
                        0.0,
                        0.0,
                        0.0,
                        0.0
                    ],
                    [
                        0.7544923344367915,
                        -0.0,
                        0.0,
                        0.0,
                        0.0,
                        0.0
                    ],
                    [
                        0.9522990975830521,
                        -0.8762179134959113,
                        -0.8817786849272111,
                        0.0,
                        0.0,
                        0.0
                    ],
                    [
                        0.0,
                        0.0,
                        0.0,
                        0.0,
                        0.0,
                        0.0
                    ],
                    [
                        0.848857894982512,
                        -0.0,
                        -0.9311326426546754,
                        -0.568077246548587,
                        0.637033673442406,
                        0.0
                    ]
                ]
            },
            "oracle_est_tgt": [
                4
            ]
        },
        "5": {
            "intv_type": "hard",
            "inode": 5,
            "new_mui": 1.0,
            "new_vari": 8.0,
            "noise_type": "gaussian",
            "obs_noise_gamma_shape": null,
            "true_params": {
                "Si": [
                    [
                        1.0,
                        0.761765747877517,
                        0.7544923344367915,
                        -0.38046895504217393,
                        1.7120167988475063,
                        0.0
                    ],
                    [
                        0.761765747877517,
                        1.5802870546393928,
                        0.5747464174100962,
                        -1.1660461315777904,
                        1.9590205309864057,
                        0.0
                    ],
                    [
                        0.7544923344367915,
                        0.5747464174100962,
                        1.5692586827238793,
                        -1.1688395949977077,
                        2.898137243523268,
                        0.0
                    ],
                    [
                        -0.38046895504217393,
                        -1.1660461315777904,
                        -1.1688395949977077,
                        2.6900481068739737,
                        -3.389069086926525,
                        0.0
                    ],
                    [
                        1.7120167988475063,
                        1.9590205309864057,
                        2.898137243523268,
                        -3.389069086926525,
                        7.499050396727441,
                        0.0
                    ],
                    [
                        0.0,
                        0.0,
                        0.0,
                        0.0,
                        0.0,
                        8.0
                    ]
                ],
                "mui": [
                    0.0,
                    0.0,
                    0.0,
                    0.0,
                    0.0,
                    1.0
                ],
                "Ai": [
                    [
                        0.0,
                        0.0,
                        0.0,
                        0.0,
                        0.0,
                        0.0
                    ],
                    [
                        0.761765747877517,
                        0.0,
                        0.0,
                        0.0,
                        0.0,
                        0.0
                    ],
                    [
                        0.7544923344367915,
                        -0.0,
                        0.0,
                        0.0,
                        0.0,
                        0.0
                    ],
                    [
                        0.9522990975830521,
                        -0.8762179134959113,
                        -0.8817786849272111,
                        0.0,
                        0.0,
                        0.0
                    ],
                    [
                        0.7128474092619692,
                        0.0,
                        0.9474129280308883,
                        -0.7473766100269508,
                        0.0,
                        0.0
                    ],
                    [
                        0.0,
                        0.0,
                        0.0,
                        0.0,
                        0.0,
                        0.0
                    ]
                ]
            },
            "oracle_est_tgt": [
                5
            ]
        },
        "obs": {
            "intv_type": "obs",
            "noise_type": "gaussian",
            "obs_noise_gamma_shape": null,
            "true_params": {
                "Si": [
                    [
                        1.0,
                        0.761765747877517,
                        0.7544923344367915,
                        -0.38046895504217393,
                        1.7120167988475063,
                        1.453073560498199
                    ],
                    [
                        0.761765747877517,
                        1.5802870546393928,
                        0.5747464174100962,
                        -1.1660461315777904,
                        1.9590205309864057,
                        2.0218320396924234
                    ],
                    [
                        0.7544923344367915,
                        0.5747464174100962,
                        1.5692586827238793,
                        -1.1688395949977077,
                        2.898137243523268,
                        1.6894709837021153
                    ],
                    [
                        -0.38046895504217393,
                        -1.1660461315777904,
                        -1.1688395949977077,
                        2.6900481068739737,
                        -3.389069086926525,
                        -2.921725626984771
                    ],
                    [
                        1.7120167988475063,
                        1.9590205309864057,
                        2.898137243523268,
                        -3.389069086926525,
                        7.499050396727441,
                        5.4571094425278055
                    ],
                    [
                        1.453073560498199,
                        2.0218320396924234,
                        1.6894709837021153,
                        -2.921725626984771,
                        5.4571094425278055,
                        5.796459705974981
                    ]
                ],
                "mui": [
                    0.0,
                    0.0,
                    0.0,
                    0.0,
                    0.0,
                    0.0
                ],
                "Ai": [
                    [
                        0.0,
                        0.0,
                        0.0,
                        0.0,
                        0.0,
                        0.0
                    ],
                    [
                        0.761765747877517,
                        0.0,
                        0.0,
                        0.0,
                        0.0,
                        0.0
                    ],
                    [
                        0.7544923344367915,
                        -0.0,
                        0.0,
                        0.0,
                        0.0,
                        0.0
                    ],
                    [
                        0.9522990975830521,
                        -0.8762179134959113,
                        -0.8817786849272111,
                        0.0,
                        0.0,
                        0.0
                    ],
                    [
                        0.7128474092619692,
                        0.0,
                        0.9474129280308883,
                        -0.7473766100269508,
                        0.0,
                        0.0
                    ],
                    [
                        0.848857894982512,
                        -0.0,
                        -0.9311326426546754,
                        -0.568077246548587,
                        0.637033673442406,
                        0.0
                    ]
                ]
            },
            "est_params": {
                "mui": [
                    0.1414117995710617,
                    0.2508748663732357,
                    0.25246503799616543,
                    -0.16414795155669334,
                    0.6024018180006484,
                    0.5059384954691509
                ],
                "Si": [
                    [
                        2.121502661991798,
                        1.4877033155652646,
                        1.4690985640677336,
                        -0.5411620389894389,
                        3.045190355122355,
                        2.4505779181929874
                    ],
                    [
                        1.4877033155652646,
                        3.246474484074303,
                        1.0000163373046453,
                        -2.174467463477475,
                        3.318683164023193,
                        3.356293187059926
                    ],
                    [
                        1.4690985640677336,
                        1.0000163373046453,
                        3.214576915301303,
                        -2.1772142848875267,
                        5.267821728221821,
                        2.565880029621355
                    ],
                    [
                        -0.5411620389894389,
                        -2.174467463477475,
                        -2.1772142848875267,
                        5.480619190344412,
                        -6.035902542346643,
                        -4.9466457098682
                    ],
                    [
                        3.045190355122355,
                        3.318683164023193,
                        5.267821728221821,
                        -6.035902542346643,
                        13.735066457430921,
                        8.986575130780594
                    ],
                    [
                        2.4505779181929874,
                        3.356293187059926,
                        2.565880029621355,
                        -4.9466457098682,
                        8.986575130780594,
                        10.29629079152058
                    ]
                ]
            },
            "est_tgt": [
                0,
                1,
                2,
                3,
                4,
                5
            ],
            "oracle_est_tgt": [
                0,
                1,
                2,
                3,
                4,
                5
            ]
        }
    },
    "metric_dict": {
        "param_est_rel_err": 60.90750107168673,
        "est_num_comp": 1,
        "weight_precision_error": 0.0,
        "gm_score_dict": {
            "1": -11.159078568231577,
            "2": -10.708178775811785,
            "3": -10.483774010442033,
            "4": -10.381426323600905,
            "5": -10.464638469947163,
            "6": -10.328203233645437,
            "7": -10.274459732155506
        },
        "est_dag": {
            "amat": [
                [
                    0,
                    1,
                    1,
                    1,
                    1,
                    1
                ],
                [
                    0,
                    0,
                    0,
                    1,
                    0,
                    0
                ],
                [
                    0,
                    0,
                    0,
                    1,
                    1,
                    1
                ],
                [
                    0,
                    0,
                    0,
                    0,
                    1,
                    1
                ],
                [
                    0,
                    0,
                    0,
                    0,
                    0,
                    1
                ],
                [
                    0,
                    0,
                    0,
                    0,
                    0,
                    0
                ]
            ],
            "nodes": [
                0,
                1,
                2,
                3,
                4,
                5
            ]
        },
        "oracle_est_dag": {
            "amat": [
                [
                    0,
                    1,
                    1,
                    1,
                    1,
                    1
                ],
                [
                    0,
                    0,
                    0,
                    1,
                    0,
                    0
                ],
                [
                    0,
                    0,
                    0,
                    1,
                    1,
                    1
                ],
                [
                    0,
                    0,
                    0,
                    0,
                    1,
                    1
                ],
                [
                    0,
                    0,
                    0,
                    0,
                    0,
                    1
                ],
                [
                    0,
                    0,
                    0,
                    0,
                    0,
                    0
                ]
            ],
            "nodes": [
                0,
                1,
                2,
                3,
                4,
                5
            ]
        },
        "igsp_dag": null,
        "intv_base_est_dag": null,
        "act_dag": {
            "amat": [
                [
                    0,
                    1,
                    1,
                    1,
                    1,
                    1
                ],
                [
                    0,
                    0,
                    0,
                    1,
                    0,
                    0
                ],
                [
                    0,
                    0,
                    0,
                    1,
                    1,
                    1
                ],
                [
                    0,
                    0,
                    0,
                    0,
                    1,
                    1
                ],
                [
                    0,
                    0,
                    0,
                    0,
                    0,
                    1
                ],
                [
                    0,
                    0,
                    0,
                    0,
                    0,
                    0
                ]
            ],
            "nodes": [
                0,
                1,
                2,
                3,
                4,
                5
            ]
        },
        "shd": 0,
        "oracle_shd": 0,
        "intv_base_shd": null,
        "igsp_shd": null,
        "avg_js": 0.0,
        "avg_oracle_js": 0.8571428571428571
    }
}