{
    "expt_args": {
        "save_dir": "all_expt_logs/expt_logs_sim_compsel_backward_cameraready_new_variance",
        "exp_name": "217",
        "num_nodes": 6,
        "num_tgt_prior": 7,
        "obs_noise_mean": 0.0,
        "obs_noise_var": 1.0,
        "obs_noise_gamma_shape": null,
        "noise_type": "gaussian",
        "max_edge_strength": 1.0,
        "graph_sparsity_method": "adj_dense_prop",
        "adj_dense_prop": 0.8,
        "num_parents": null,
        "new_noise_mean": 1.0,
        "mix_samples": 262144,
        "stage2_samples": 262144,
        "gmm_tol": 0.001,
        "intv_type": "hard",
        "new_noise_var": 8.0,
        "dtype": "simulation",
        "cutoff_drop_ratio": 0.07,
        "intv_targets": [
            0,
            1,
            2,
            3,
            4,
            5
        ]
    },
    "intv_args_dict": {
        "0": {
            "intv_type": "hard",
            "inode": 0,
            "new_mui": 1.0,
            "new_vari": 8.0,
            "noise_type": "gaussian",
            "obs_noise_gamma_shape": null,
            "true_params": {
                "Si": [
                    [
                        8.0,
                        0.0,
                        -7.365018017549252,
                        -1.2150498692553273,
                        7.085237149310812,
                        4.058956835094907
                    ],
                    [
                        0.0,
                        1.0,
                        0.7448394788912279,
                        0.4431932579762338,
                        -0.1383693696233618,
                        -1.8033105012695647
                    ],
                    [
                        -7.365018017549252,
                        0.7448394788912279,
                        8.335222149168095,
                        0.9199038445178742,
                        -6.912923115932642,
                        -5.347408885995453
                    ],
                    [
                        -1.2150498692553273,
                        0.4431932579762338,
                        0.9199038445178742,
                        1.6606056823301358,
                        -1.9586118339387562,
                        -2.928995099463572
                    ],
                    [
                        7.085237149310812,
                        -0.1383693696233618,
                        -6.912923115932642,
                        -1.9586118339387562,
                        8.323200680619289,
                        6.302923351089605
                    ],
                    [
                        4.058956835094907,
                        -1.8033105012695647,
                        -5.347408885995453,
                        -2.928995099463572,
                        6.302923351089605,
                        9.71673871605304
                    ]
                ],
                "mui": [
                    1.0,
                    0.0,
                    -0.9206272521936565,
                    -0.15188123365691591,
                    0.8856546436638515,
                    0.5073696043868634
                ],
                "Ai": [
                    [
                        0.0,
                        0.0,
                        0.0,
                        0.0,
                        0.0,
                        0.0
                    ],
                    [
                        0.0,
                        0.0,
                        0.0,
                        0.0,
                        0.0,
                        0.0
                    ],
                    [
                        -0.9206272521936565,
                        0.7448394788912279,
                        0.0,
                        0.0,
                        0.0,
                        0.0
                    ],
                    [
                        -0.6387199843073145,
                        0.837073322328513,
                        -0.5288120132120429,
                        0.0,
                        0.0,
                        0.0
                    ],
                    [
                        -0.0,
                        0.8898206270934647,
                        -0.8015004984008398,
                        -0.9729407552946316,
                        0.0,
                        0.0
                    ],
                    [
                        -0.7957568536005768,
                        -0.9057906365806284,
                        -0.5238429512468543,
                        -0.9037584165771888,
                        0.7718566405687218,
                        0.0
                    ]
                ]
            },
            "oracle_est_tgt": [
                0
            ]
        },
        "1": {
            "intv_type": "hard",
            "inode": 1,
            "new_mui": 1.0,
            "new_vari": 8.0,
            "noise_type": "gaussian",
            "obs_noise_gamma_shape": null,
            "true_params": {
                "Si": [
                    [
                        1.0,
                        0.0,
                        -0.9206272521936565,
                        -0.15188123365691591,
                        0.8856546436638515,
                        0.5073696043868634
                    ],
                    [
                        0.0,
                        8.0,
                        5.958715831129823,
                        3.5455460638098706,
                        -1.1069549569868944,
                        -14.426484010156518
                    ],
                    [
                        -0.9206272521936565,
                        5.958715831129823,
                        6.28584133200129,
                        2.2518766721422945,
                        -1.9268592931644237,
                        -11.479958871175539
                    ],
                    [
                        -0.15188123365691591,
                        3.5455460638098706,
                        2.2518766721422945,
                        2.874072165779229,
                        -1.4462821969157302,
                        -7.98408104282638
                    ],
                    [
                        0.8856546436638515,
                        -1.1069549569868944,
                        -1.9268592931644237,
                        -1.4462821969157302,
                        2.966534222865648,
                        4.904104188906795
                    ],
                    [
                        0.5073696043868634,
                        -14.426484010156518,
                        -11.479958871175539,
                        -7.98408104282638,
                        4.904104188906795,
                        30.678272655786888
                    ]
                ],
                "mui": [
                    0.0,
                    1.0,
                    0.7448394788912279,
                    0.4431932579762338,
                    -0.1383693696233618,
                    -1.8033105012695647
                ],
                "Ai": [
                    [
                        0.0,
                        0.0,
                        0.0,
                        0.0,
                        0.0,
                        0.0
                    ],
                    [
                        0.0,
                        0.0,
                        0.0,
                        0.0,
                        0.0,
                        0.0
                    ],
                    [
                        -0.9206272521936565,
                        0.7448394788912279,
                        0.0,
                        0.0,
                        0.0,
                        0.0
                    ],
                    [
                        -0.6387199843073145,
                        0.837073322328513,
                        -0.5288120132120429,
                        0.0,
                        0.0,
                        0.0
                    ],
                    [
                        -0.0,
                        0.8898206270934647,
                        -0.8015004984008398,
                        -0.9729407552946316,
                        0.0,
                        0.0
                    ],
                    [
                        -0.7957568536005768,
                        -0.9057906365806284,
                        -0.5238429512468543,
                        -0.9037584165771888,
                        0.7718566405687218,
                        0.0
                    ]
                ]
            },
            "oracle_est_tgt": [
                1
            ]
        },
        "2": {
            "intv_type": "hard",
            "inode": 2,
            "new_mui": 1.0,
            "new_vari": 8.0,
            "noise_type": "gaussian",
            "obs_noise_gamma_shape": null,
            "true_params": {
                "Si": [
                    [
                        1.0,
                        0.0,
                        0.0,
                        -0.6387199843073145,
                        0.6214367039537338,
                        0.261151754693037
                    ],
                    [
                        0.0,
                        1.0,
                        0.0,
                        0.837073322328513,
                        0.07539787663017462,
                        -1.6041063451654705
                    ],
                    [
                        0.0,
                        0.0,
                        8.0,
                        -4.230496105696343,
                        -2.295981910859521,
                        -2.1395660326773287
                    ],
                    [
                        -0.6387199843073145,
                        0.837073322328513,
                        -4.230496105696343,
                        4.345792127846621,
                        -0.09260842942455771,
                        -2.032858450666369
                    ],
                    [
                        0.6214367039537338,
                        0.07539787663017462,
                        -2.295981910859521,
                        -0.09260842942455771,
                        2.9974237470087752,
                        3.0372038045397756
                    ],
                    [
                        0.261151754693037,
                        -1.6041063451654705,
                        -2.1395660326773287,
                        -2.032858450666369,
                        3.0372038045397756,
                        7.547466653643279
                    ]
                ],
                "mui": [
                    0.0,
                    0.0,
                    1.0,
                    -0.5288120132120429,
                    -0.2869977388574401,
                    -0.2674457540846661
                ],
                "Ai": [
                    [
                        0.0,
                        0.0,
                        0.0,
                        0.0,
                        0.0,
                        0.0
                    ],
                    [
                        0.0,
                        0.0,
                        0.0,
                        0.0,
                        0.0,
                        0.0
                    ],
                    [
                        0.0,
                        0.0,
                        0.0,
                        0.0,
                        0.0,
                        0.0
                    ],
                    [
                        -0.6387199843073145,
                        0.837073322328513,
                        -0.5288120132120429,
                        0.0,
                        0.0,
                        0.0
                    ],
                    [
                        -0.0,
                        0.8898206270934647,
                        -0.8015004984008398,
                        -0.9729407552946316,
                        0.0,
                        0.0
                    ],
                    [
                        -0.7957568536005768,
                        -0.9057906365806284,
                        -0.5238429512468543,
                        -0.9037584165771888,
                        0.7718566405687218,
                        0.0
                    ]
                ]
            },
            "oracle_est_tgt": [
                2
            ]
        },
        "3": {
            "intv_type": "hard",
            "inode": 3,
            "new_mui": 1.0,
            "new_vari": 8.0,
            "noise_type": "gaussian",
            "obs_noise_gamma_shape": null,
            "true_params": {
                "Si": [
                    [
                        1.0,
                        0.0,
                        -0.9206272521936565,
                        0.0,
                        0.7378832014746113,
                        0.2560472922091171
                    ],
                    [
                        0.0,
                        1.0,
                        0.7448394788912279,
                        0.0,
                        0.29283141353352365,
                        -1.0699456763052027
                    ],
                    [
                        -0.9206272521936565,
                        0.7448394788912279,
                        2.402340386796598,
                        0.0,
                        -1.262703485154978,
                        -2.175148328395878
                    ],
                    [
                        0.0,
                        0.0,
                        0.0,
                        8.0,
                        -7.783526042357053,
                        -13.237833595450384
                    ],
                    [
                        0.7378832014746113,
                        0.29283141353352365,
                        -1.262703485154978,
                        -7.783526042357053,
                        9.845534611213564,
                        14.442807194050081
                    ],
                    [
                        0.2560472922091171,
                        -1.0699456763052027,
                        -2.175148328395878,
                        -13.237833595450384,
                        14.442807194050081,
                        26.016411677690282
                    ]
                ],
                "mui": [
                    0.0,
                    0.0,
                    0.0,
                    1.0,
                    -0.9729407552946316,
                    -1.654729199431298
                ],
                "Ai": [
                    [
                        0.0,
                        0.0,
                        0.0,
                        0.0,
                        0.0,
                        0.0
                    ],
                    [
                        0.0,
                        0.0,
                        0.0,
                        0.0,
                        0.0,
                        0.0
                    ],
                    [
                        -0.9206272521936565,
                        0.7448394788912279,
                        0.0,
                        0.0,
                        0.0,
                        0.0
                    ],
                    [
                        0.0,
                        0.0,
                        0.0,
                        0.0,
                        0.0,
                        0.0
                    ],
                    [
                        -0.0,
                        0.8898206270934647,
                        -0.8015004984008398,
                        -0.9729407552946316,
                        0.0,
                        0.0
                    ],
                    [
                        -0.7957568536005768,
                        -0.9057906365806284,
                        -0.5238429512468543,
                        -0.9037584165771888,
                        0.7718566405687218,
                        0.0
                    ]
                ]
            },
            "oracle_est_tgt": [
                3
            ]
        },
        "4": {
            "intv_type": "hard",
            "inode": 4,
            "new_mui": 1.0,
            "new_vari": 8.0,
            "noise_type": "gaussian",
            "obs_noise_gamma_shape": null,
            "true_params": {
                "Si": [
                    [
                        1.0,
                        0.0,
                        -0.9206272521936565,
                        -0.15188123365691591,
                        0.0,
                        -0.17622881357560538
                    ],
                    [
                        0.0,
                        1.0,
                        0.7448394788912279,
                        0.4431932579762338,
                        0.0,
                        -1.6965091844744649
                    ],
                    [
                        -0.9206272521936565,
                        0.7448394788912279,
                        2.402340386796598,
                        -0.05887817509157012,
                        0.0,
                        -1.1473106120180279
                    ],
                    [
                        -0.15188123365691591,
                        0.4431932579762338,
                        -0.05887817509157012,
                        1.499130318370109,
                        0.0,
                        -1.6045884964237636
                    ],
                    [
                        0.0,
                        0.0,
                        0.0,
                        0.0,
                        8.0,
                        6.174853124549775
                    ],
                    [
                        -0.17622881357560538,
                        -1.6965091844744649,
                        -1.1473106120180279,
                        -1.6045884964237636,
                        6.174853124549775,
                        9.494189744877229
                    ]
                ],
                "mui": [
                    0.0,
                    0.0,
                    0.0,
                    0.0,
                    1.0,
                    0.7718566405687218
                ],
                "Ai": [
                    [
                        0.0,
                        0.0,
                        0.0,
                        0.0,
                        0.0,
                        0.0
                    ],
                    [
                        0.0,
                        0.0,
                        0.0,
                        0.0,
                        0.0,
                        0.0
                    ],
                    [
                        -0.9206272521936565,
                        0.7448394788912279,
                        0.0,
                        0.0,
                        0.0,
                        0.0
                    ],
                    [
                        -0.6387199843073145,
                        0.837073322328513,
                        -0.5288120132120429,
                        0.0,
                        0.0,
                        0.0
                    ],
                    [
                        0.0,
                        0.0,
                        0.0,
                        0.0,
                        0.0,
                        0.0
                    ],
                    [
                        -0.7957568536005768,
                        -0.9057906365806284,
                        -0.5238429512468543,
                        -0.9037584165771888,
                        0.7718566405687218,
                        0.0
                    ]
                ]
            },
            "oracle_est_tgt": [
                4
            ]
        },
        "5": {
            "intv_type": "hard",
            "inode": 5,
            "new_mui": 1.0,
            "new_vari": 8.0,
            "noise_type": "gaussian",
            "obs_noise_gamma_shape": null,
            "true_params": {
                "Si": [
                    [
                        1.0,
                        0.0,
                        -0.9206272521936565,
                        -0.15188123365691591,
                        0.8856546436638515,
                        0.0
                    ],
                    [
                        0.0,
                        1.0,
                        0.7448394788912279,
                        0.4431932579762338,
                        -0.1383693696233618,
                        0.0
                    ],
                    [
                        -0.9206272521936565,
                        0.7448394788912279,
                        2.402340386796598,
                        -0.05887817509157012,
                        -1.2054185090110163,
                        0.0
                    ],
                    [
                        -0.15188123365691591,
                        0.4431932579762338,
                        -0.05887817509157012,
                        1.499130318370109,
                        -1.017011594823262,
                        0.0
                    ],
                    [
                        0.8856546436638515,
                        -0.1383693696233618,
                        -1.2054185090110163,
                        -1.017011594823262,
                        2.832511645715882,
                        0.0
                    ],
                    [
                        0.0,
                        0.0,
                        0.0,
                        0.0,
                        0.0,
                        8.0
                    ]
                ],
                "mui": [
                    0.0,
                    0.0,
                    0.0,
                    0.0,
                    0.0,
                    1.0
                ],
                "Ai": [
                    [
                        0.0,
                        0.0,
                        0.0,
                        0.0,
                        0.0,
                        0.0
                    ],
                    [
                        0.0,
                        0.0,
                        0.0,
                        0.0,
                        0.0,
                        0.0
                    ],
                    [
                        -0.9206272521936565,
                        0.7448394788912279,
                        0.0,
                        0.0,
                        0.0,
                        0.0
                    ],
                    [
                        -0.6387199843073145,
                        0.837073322328513,
                        -0.5288120132120429,
                        0.0,
                        0.0,
                        0.0
                    ],
                    [
                        -0.0,
                        0.8898206270934647,
                        -0.8015004984008398,
                        -0.9729407552946316,
                        0.0,
                        0.0
                    ],
                    [
                        0.0,
                        0.0,
                        0.0,
                        0.0,
                        0.0,
                        0.0
                    ]
                ]
            },
            "oracle_est_tgt": [
                5
            ]
        },
        "obs": {
            "intv_type": "obs",
            "noise_type": "gaussian",
            "obs_noise_gamma_shape": null,
            "true_params": {
                "Si": [
                    [
                        1.0,
                        0.0,
                        -0.9206272521936565,
                        -0.15188123365691591,
                        0.8856546436638515,
                        0.5073696043868634
                    ],
                    [
                        0.0,
                        1.0,
                        0.7448394788912279,
                        0.4431932579762338,
                        -0.1383693696233618,
                        -1.8033105012695647
                    ],
                    [
                        -0.9206272521936565,
                        0.7448394788912279,
                        2.402340386796598,
                        -0.05887817509157012,
                        -1.2054185090110163,
                        -2.077720892862628
                    ],
                    [
                        -0.15188123365691591,
                        0.4431932579762338,
                        -0.05887817509157012,
                        1.499130318370109,
                        -1.017011594823262,
                        -2.3895756494234845
                    ],
                    [
                        0.8856546436638515,
                        -0.1383693696233618,
                        -1.2054185090110163,
                        -1.017011594823262,
                        2.832511645715882,
                        3.157443627835787
                    ],
                    [
                        0.5073696043868634,
                        -1.8033105012695647,
                        -2.077720892862628,
                        -2.3895756494234845,
                        3.157443627835787,
                        7.914771307863265
                    ]
                ],
                "mui": [
                    0.0,
                    0.0,
                    0.0,
                    0.0,
                    0.0,
                    0.0
                ],
                "Ai": [
                    [
                        0.0,
                        0.0,
                        0.0,
                        0.0,
                        0.0,
                        0.0
                    ],
                    [
                        0.0,
                        0.0,
                        0.0,
                        0.0,
                        0.0,
                        0.0
                    ],
                    [
                        -0.9206272521936565,
                        0.7448394788912279,
                        0.0,
                        0.0,
                        0.0,
                        0.0
                    ],
                    [
                        -0.6387199843073145,
                        0.837073322328513,
                        -0.5288120132120429,
                        0.0,
                        0.0,
                        0.0
                    ],
                    [
                        -0.0,
                        0.8898206270934647,
                        -0.8015004984008398,
                        -0.9729407552946316,
                        0.0,
                        0.0
                    ],
                    [
                        -0.7957568536005768,
                        -0.9057906365806284,
                        -0.5238429512468543,
                        -0.9037584165771888,
                        0.7718566405687218,
                        0.0
                    ]
                ]
            },
            "est_params": {
                "mui": [
                    0.14251361035436,
                    0.142679223899438,
                    0.1177149372256524,
                    0.10488221140291262,
                    0.06867183019719407,
                    -0.2060630331636171
                ],
                "Si": [
                    [
                        2.1264366670929453,
                        -0.019949363298338282,
                        -1.8692571863673828,
                        -0.382716232871351,
                        1.7063491786604021,
                        0.8777454502651678
                    ],
                    [
                        -0.019949363298338282,
                        2.1355649647244244,
                        1.4777490114852285,
                        0.9384187864625575,
                        -0.18958247780284443,
                        -3.4506266330669053
                    ],
                    [
                        -1.8692571863673828,
                        1.4777490114852285,
                        4.953829049144823,
                        -0.19802976782975584,
                        -2.2991282979903263,
                        -3.7686364499111558
                    ],
                    [
                        -0.382716232871351,
                        0.9384187864625575,
                        -0.19802976782975584,
                        3.2444748850163765,
                        -2.037805421571989,
                        -4.622941069150882
                    ],
                    [
                        1.7063491786604021,
                        -0.18958247780284443,
                        -2.2991282979903263,
                        -2.037805421571989,
                        5.780906390463248,
                        5.8648206909552325
                    ],
                    [
                        0.8777454502651678,
                        -3.4506266330669053,
                        -3.7686364499111558,
                        -4.622941069150882,
                        5.8648206909552325,
                        15.258346917092473
                    ]
                ]
            },
            "est_tgt": [
                0,
                1,
                2,
                3,
                4,
                5
            ],
            "oracle_est_tgt": [
                0,
                1,
                2,
                3,
                4,
                5
            ]
        }
    },
    "metric_dict": {
        "param_est_rel_err": 46.038254514991806,
        "est_num_comp": 1,
        "weight_precision_error": 0.0,
        "gm_score_dict": {
            "1": -11.057554061857724,
            "2": -10.616345060798938,
            "3": -10.455144348906158,
            "4": -10.317973296784354,
            "5": -10.400599283850411,
            "6": -10.26152817674065,
            "7": -10.259900132924624
        },
        "est_dag": {
            "amat": [
                [
                    0,
                    0,
                    1,
                    1,
                    0,
                    1
                ],
                [
                    0,
                    0,
                    1,
                    1,
                    1,
                    1
                ],
                [
                    0,
                    0,
                    0,
                    1,
                    1,
                    1
                ],
                [
                    0,
                    0,
                    0,
                    0,
                    1,
                    1
                ],
                [
                    0,
                    0,
                    0,
                    0,
                    0,
                    1
                ],
                [
                    0,
                    0,
                    0,
                    0,
                    0,
                    0
                ]
            ],
            "nodes": [
                0,
                1,
                2,
                3,
                4,
                5
            ]
        },
        "oracle_est_dag": {
            "amat": [
                [
                    0,
                    0,
                    1,
                    1,
                    0,
                    1
                ],
                [
                    0,
                    0,
                    1,
                    1,
                    1,
                    1
                ],
                [
                    0,
                    0,
                    0,
                    1,
                    1,
                    1
                ],
                [
                    0,
                    0,
                    0,
                    0,
                    1,
                    1
                ],
                [
                    0,
                    0,
                    0,
                    0,
                    0,
                    1
                ],
                [
                    0,
                    0,
                    0,
                    0,
                    0,
                    0
                ]
            ],
            "nodes": [
                0,
                1,
                2,
                3,
                4,
                5
            ]
        },
        "igsp_dag": null,
        "intv_base_est_dag": null,
        "act_dag": {
            "amat": [
                [
                    0,
                    0,
                    1,
                    1,
                    0,
                    1
                ],
                [
                    0,
                    0,
                    1,
                    1,
                    1,
                    1
                ],
                [
                    0,
                    0,
                    0,
                    1,
                    1,
                    1
                ],
                [
                    0,
                    0,
                    0,
                    0,
                    1,
                    1
                ],
                [
                    0,
                    0,
                    0,
                    0,
                    0,
                    1
                ],
                [
                    0,
                    0,
                    0,
                    0,
                    0,
                    0
                ]
            ],
            "nodes": [
                0,
                1,
                2,
                3,
                4,
                5
            ]
        },
        "shd": 0,
        "oracle_shd": 0,
        "intv_base_shd": null,
        "igsp_shd": null,
        "avg_js": 0.0,
        "avg_oracle_js": 0.8571428571428571
    }
}