{
    "expt_args": {
        "save_dir": "all_expt_logs/expt_logs_sim_compsel_backward_cameraready_new_variance",
        "exp_name": "226",
        "num_nodes": 6,
        "num_tgt_prior": 7,
        "obs_noise_mean": 0.0,
        "obs_noise_var": 1.0,
        "obs_noise_gamma_shape": null,
        "noise_type": "gaussian",
        "max_edge_strength": 1.0,
        "graph_sparsity_method": "adj_dense_prop",
        "adj_dense_prop": 0.8,
        "num_parents": null,
        "new_noise_mean": 1.0,
        "mix_samples": 65536,
        "stage2_samples": 65536,
        "gmm_tol": 0.001,
        "intv_type": "hard",
        "new_noise_var": 0.1,
        "dtype": "simulation",
        "cutoff_drop_ratio": 0.07,
        "intv_targets": [
            0,
            1,
            2,
            3,
            4,
            5
        ]
    },
    "intv_args_dict": {
        "0": {
            "intv_type": "hard",
            "inode": 0,
            "new_mui": 1.0,
            "new_vari": 0.1,
            "noise_type": "gaussian",
            "obs_noise_gamma_shape": null,
            "true_params": {
                "Si": [
                    [
                        0.1,
                        -0.09770005187164554,
                        -0.17924445192025143,
                        0.21280200087654216,
                        0.1528290695349817,
                        -0.1706721758841129
                    ],
                    [
                        -0.09770005187164554,
                        1.0954530013572223,
                        1.1421436041684994,
                        -1.0841010897822314,
                        -1.0134843331850254,
                        1.189347467382428
                    ],
                    [
                        -0.17924445192025143,
                        1.1421436041684994,
                        2.2564166682528275,
                        -2.1348080479085136,
                        -1.109608999339283,
                        1.67586133314832
                    ],
                    [
                        0.21280200087654216,
                        -1.0841010897822314,
                        -2.1348080479085136,
                        3.041532341253046,
                        1.0824036112323616,
                        -0.9755014542384415
                    ],
                    [
                        0.1528290695349817,
                        -1.0134843331850254,
                        -1.109608999339283,
                        1.0824036112323616,
                        1.9803574710751128,
                        -1.1445377720066843
                    ],
                    [
                        -0.1706721758841129,
                        1.189347467382428,
                        1.67586133314832,
                        -0.9755014542384413,
                        -1.1445377720066843,
                        2.877803074494535
                    ]
                ],
                "mui": [
                    1.0,
                    -0.9770005187164554,
                    -1.7924445192025142,
                    2.1280200087654215,
                    1.528290695349817,
                    -1.706721758841129
                ],
                "Ai": [
                    [
                        0.0,
                        0.0,
                        0.0,
                        0.0,
                        0.0,
                        0.0
                    ],
                    [
                        -0.9770005187164554,
                        0.0,
                        0.0,
                        0.0,
                        0.0,
                        0.0
                    ],
                    [
                        -0.8476638346053917,
                        0.967021681665367,
                        0.0,
                        0.0,
                        0.0,
                        0.0
                    ],
                    [
                        0.5039322231877517,
                        -0.0,
                        -0.9060742288973336,
                        0.0,
                        0.0,
                        0.0
                    ],
                    [
                        0.6839959099345025,
                        -0.8641702529743951,
                        -0.0,
                        0.0,
                        0.0,
                        0.0
                    ],
                    [
                        -0.7015797551160858,
                        0.6541035959923853,
                        0.9509488322171002,
                        0.628960519962352,
                        0.0,
                        0.0
                    ]
                ]
            },
            "oracle_est_tgt": [
                0
            ]
        },
        "1": {
            "intv_type": "hard",
            "inode": 1,
            "new_mui": 1.0,
            "new_vari": 0.1,
            "noise_type": "gaussian",
            "obs_noise_gamma_shape": null,
            "true_params": {
                "Si": [
                    [
                        1.0,
                        0.0,
                        -0.8476638346053917,
                        1.2719785784919888,
                        0.6839959099345025,
                        -0.7076403806374577
                    ],
                    [
                        0.0,
                        0.1,
                        0.0967021681665367,
                        -0.08761934245419502,
                        -0.08641702529743951,
                        0.10226006630131837
                    ],
                    [
                        -0.8476638346053917,
                        0.0967021681665367,
                        1.8120470697790085,
                        -2.0690142721642375,
                        -0.6633657329971331,
                        1.0797927739400255
                    ],
                    [
                        1.2719785784919888,
                        -0.08761934245419502,
                        -2.0690142721642375,
                        3.515671504135453,
                        0.9457461745469148,
                        -0.7060146752863301
                    ],
                    [
                        0.6839959099345025,
                        -0.08641702529743951,
                        -0.6633657329971331,
                        0.9457461745469148,
                        1.5425294274197112,
                        -0.5723932334253043
                    ],
                    [
                        -0.7076403806374577,
                        0.10226006630131837,
                        1.0797927739400255,
                        -0.7060146752863301,
                        -0.5723932334253043,
                        2.146127162197583
                    ]
                ],
                "mui": [
                    0.0,
                    1.0,
                    0.967021681665367,
                    -0.8761934245419501,
                    -0.8641702529743951,
                    1.0226006630131836
                ],
                "Ai": [
                    [
                        0.0,
                        0.0,
                        0.0,
                        0.0,
                        0.0,
                        0.0
                    ],
                    [
                        0.0,
                        0.0,
                        0.0,
                        0.0,
                        0.0,
                        0.0
                    ],
                    [
                        -0.8476638346053917,
                        0.967021681665367,
                        0.0,
                        0.0,
                        0.0,
                        0.0
                    ],
                    [
                        0.5039322231877517,
                        -0.0,
                        -0.9060742288973336,
                        0.0,
                        0.0,
                        0.0
                    ],
                    [
                        0.6839959099345025,
                        -0.8641702529743951,
                        -0.0,
                        0.0,
                        0.0,
                        0.0
                    ],
                    [
                        -0.7015797551160858,
                        0.6541035959923853,
                        0.9509488322171002,
                        0.628960519962352,
                        0.0,
                        0.0
                    ]
                ]
            },
            "oracle_est_tgt": [
                1
            ]
        },
        "2": {
            "intv_type": "hard",
            "inode": 2,
            "new_mui": 1.0,
            "new_vari": 0.1,
            "noise_type": "gaussian",
            "obs_noise_gamma_shape": null,
            "true_params": {
                "Si": [
                    [
                        1.0,
                        -0.9770005187164554,
                        0.0,
                        0.5039322231877517,
                        1.528290695349817,
                        -1.0236858345729927
                    ],
                    [
                        -0.9770005187164554,
                        1.954530013572223,
                        0.0,
                        -0.49234204345237,
                        -2.3573110550806984,
                        1.6542451873728867
                    ],
                    [
                        0.0,
                        0.0,
                        0.1,
                        -0.09060742288973336,
                        0.0,
                        0.03810639140853462
                    ],
                    [
                        0.5039322231877517,
                        -0.49234204345237,
                        -0.09060742288973336,
                        1.3360447363941397,
                        0.7701549277847881,
                        0.07856502228862683
                    ],
                    [
                        1.528290695349817,
                        -2.3573110550806984,
                        0.0,
                        0.7701549277847881,
                        4.0824626756186575,
                        -2.129746405959518
                    ],
                    [
                        -1.0236858345729927,
                        1.6542451873728867,
                        0.03810639140853462,
                        0.07856502228862683,
                        -2.129746405959518,
                        2.885896508528691
                    ]
                ],
                "mui": [
                    0.0,
                    0.0,
                    1.0,
                    -0.9060742288973336,
                    0.0,
                    0.3810639140853462
                ],
                "Ai": [
                    [
                        0.0,
                        0.0,
                        0.0,
                        0.0,
                        0.0,
                        0.0
                    ],
                    [
                        -0.9770005187164554,
                        0.0,
                        0.0,
                        0.0,
                        0.0,
                        0.0
                    ],
                    [
                        0.0,
                        0.0,
                        0.0,
                        0.0,
                        0.0,
                        0.0
                    ],
                    [
                        0.5039322231877517,
                        -0.0,
                        -0.9060742288973336,
                        0.0,
                        0.0,
                        0.0
                    ],
                    [
                        0.6839959099345025,
                        -0.8641702529743951,
                        -0.0,
                        0.0,
                        0.0,
                        0.0
                    ],
                    [
                        -0.7015797551160858,
                        0.6541035959923853,
                        0.9509488322171002,
                        0.628960519962352,
                        0.0,
                        0.0
                    ]
                ]
            },
            "oracle_est_tgt": [
                2
            ]
        },
        "3": {
            "intv_type": "hard",
            "inode": 3,
            "new_mui": 1.0,
            "new_vari": 0.1,
            "noise_type": "gaussian",
            "obs_noise_gamma_shape": null,
            "true_params": {
                "Si": [
                    [
                        1.0,
                        -0.9770005187164554,
                        -1.7924445192025142,
                        0.0,
                        1.528290695349817,
                        -3.0451623300445174
                    ],
                    [
                        -0.9770005187164554,
                        1.954530013572223,
                        2.718240906696691,
                        0.0,
                        -2.3573110550806984,
                        4.548816910929986
                    ],
                    [
                        -1.7924445192025142,
                        2.718240906696691,
                        5.147988287230047,
                        0.0,
                        -3.575047651904464,
                        7.9310273886939004
                    ],
                    [
                        0.0,
                        0.0,
                        0.0,
                        0.1,
                        0.0,
                        0.0628960519962352
                    ],
                    [
                        1.528290695349817,
                        -2.3573110550806984,
                        -3.575047651904464,
                        0.0,
                        4.0824626756186575,
                        -6.013830839489642
                    ],
                    [
                        -3.0451623300445174,
                        4.548816910929986,
                        7.9310273886939004,
                        0.0628960519962352,
                        -6.013830839489642,
                        13.693382107879073
                    ]
                ],
                "mui": [
                    0.0,
                    0.0,
                    0.0,
                    1.0,
                    0.0,
                    0.628960519962352
                ],
                "Ai": [
                    [
                        0.0,
                        0.0,
                        0.0,
                        0.0,
                        0.0,
                        0.0
                    ],
                    [
                        -0.9770005187164554,
                        0.0,
                        0.0,
                        0.0,
                        0.0,
                        0.0
                    ],
                    [
                        -0.8476638346053917,
                        0.967021681665367,
                        0.0,
                        0.0,
                        0.0,
                        0.0
                    ],
                    [
                        0.0,
                        0.0,
                        0.0,
                        0.0,
                        0.0,
                        0.0
                    ],
                    [
                        0.6839959099345025,
                        -0.8641702529743951,
                        -0.0,
                        0.0,
                        0.0,
                        0.0
                    ],
                    [
                        -0.7015797551160858,
                        0.6541035959923853,
                        0.9509488322171002,
                        0.628960519962352,
                        0.0,
                        0.0
                    ]
                ]
            },
            "oracle_est_tgt": [
                3
            ]
        },
        "4": {
            "intv_type": "hard",
            "inode": 4,
            "new_mui": 1.0,
            "new_vari": 0.1,
            "noise_type": "gaussian",
            "obs_noise_gamma_shape": null,
            "true_params": {
                "Si": [
                    [
                        1.0,
                        -0.9770005187164554,
                        -1.7924445192025142,
                        2.1280200087654215,
                        0.0,
                        -1.706721758841129
                    ],
                    [
                        -0.9770005187164554,
                        1.954530013572223,
                        2.718240906696691,
                        -2.955270076944763,
                        0.0,
                        2.690068706705628
                    ],
                    [
                        -1.7924445192025142,
                        2.718240906696691,
                        5.147988287230047,
                        -5.567730069226893,
                        0.0,
                        4.429144989342931
                    ],
                    [
                        2.1280200087654215,
                        -2.955270076944763,
                        -5.567730069226893,
                        7.117154583188432,
                        0.0,
                        -4.2442457012267525
                    ],
                    [
                        0.0,
                        0.0,
                        0.0,
                        0.0,
                        0.1,
                        0.0
                    ],
                    [
                        -1.706721758841129,
                        2.690068706705628,
                        4.429144989342931,
                        -4.2442457012267525,
                        0.0,
                        5.499412320386116
                    ]
                ],
                "mui": [
                    0.0,
                    0.0,
                    0.0,
                    0.0,
                    1.0,
                    0.0
                ],
                "Ai": [
                    [
                        0.0,
                        0.0,
                        0.0,
                        0.0,
                        0.0,
                        0.0
                    ],
                    [
                        -0.9770005187164554,
                        0.0,
                        0.0,
                        0.0,
                        0.0,
                        0.0
                    ],
                    [
                        -0.8476638346053917,
                        0.967021681665367,
                        0.0,
                        0.0,
                        0.0,
                        0.0
                    ],
                    [
                        0.5039322231877517,
                        -0.0,
                        -0.9060742288973336,
                        0.0,
                        0.0,
                        0.0
                    ],
                    [
                        0.0,
                        0.0,
                        0.0,
                        0.0,
                        0.0,
                        0.0
                    ],
                    [
                        -0.7015797551160858,
                        0.6541035959923853,
                        0.9509488322171002,
                        0.628960519962352,
                        0.0,
                        0.0
                    ]
                ]
            },
            "oracle_est_tgt": [
                4
            ]
        },
        "5": {
            "intv_type": "hard",
            "inode": 5,
            "new_mui": 1.0,
            "new_vari": 0.1,
            "noise_type": "gaussian",
            "obs_noise_gamma_shape": null,
            "true_params": {
                "Si": [
                    [
                        1.0,
                        -0.9770005187164554,
                        -1.7924445192025142,
                        2.1280200087654215,
                        1.528290695349817,
                        0.0
                    ],
                    [
                        -0.9770005187164554,
                        1.954530013572223,
                        2.718240906696691,
                        -2.955270076944763,
                        -2.3573110550806984,
                        0.0
                    ],
                    [
                        -1.7924445192025142,
                        2.718240906696691,
                        5.147988287230047,
                        -5.567730069226893,
                        -3.575047651904464,
                        0.0
                    ],
                    [
                        2.1280200087654215,
                        -2.955270076944763,
                        -5.567730069226893,
                        7.117154583188432,
                        4.009413472255348,
                        0.0
                    ],
                    [
                        1.528290695349817,
                        -2.3573110550806984,
                        -3.575047651904464,
                        4.009413472255348,
                        4.0824626756186575,
                        0.0
                    ],
                    [
                        0.0,
                        0.0,
                        0.0,
                        0.0,
                        0.0,
                        0.1
                    ]
                ],
                "mui": [
                    0.0,
                    0.0,
                    0.0,
                    0.0,
                    0.0,
                    1.0
                ],
                "Ai": [
                    [
                        0.0,
                        0.0,
                        0.0,
                        0.0,
                        0.0,
                        0.0
                    ],
                    [
                        -0.9770005187164554,
                        0.0,
                        0.0,
                        0.0,
                        0.0,
                        0.0
                    ],
                    [
                        -0.8476638346053917,
                        0.967021681665367,
                        0.0,
                        0.0,
                        0.0,
                        0.0
                    ],
                    [
                        0.5039322231877517,
                        -0.0,
                        -0.9060742288973336,
                        0.0,
                        0.0,
                        0.0
                    ],
                    [
                        0.6839959099345025,
                        -0.8641702529743951,
                        -0.0,
                        0.0,
                        0.0,
                        0.0
                    ],
                    [
                        0.0,
                        0.0,
                        0.0,
                        0.0,
                        0.0,
                        0.0
                    ]
                ]
            },
            "oracle_est_tgt": [
                5
            ]
        },
        "obs": {
            "intv_type": "obs",
            "noise_type": "gaussian",
            "obs_noise_gamma_shape": null,
            "true_params": {
                "Si": [
                    [
                        1.0,
                        -0.9770005187164554,
                        -1.7924445192025142,
                        2.1280200087654215,
                        1.528290695349817,
                        -1.706721758841129
                    ],
                    [
                        -0.9770005187164554,
                        1.954530013572223,
                        2.718240906696691,
                        -2.955270076944763,
                        -2.3573110550806984,
                        2.690068706705628
                    ],
                    [
                        -1.7924445192025142,
                        2.718240906696691,
                        5.147988287230047,
                        -5.567730069226893,
                        -3.575047651904464,
                        4.429144989342931
                    ],
                    [
                        2.1280200087654215,
                        -2.955270076944763,
                        -5.567730069226893,
                        7.117154583188432,
                        4.009413472255348,
                        -4.2442457012267525
                    ],
                    [
                        1.528290695349817,
                        -2.3573110550806984,
                        -3.575047651904464,
                        4.009413472255348,
                        4.0824626756186575,
                        -3.492068057235859
                    ],
                    [
                        -1.706721758841129,
                        2.690068706705628,
                        4.429144989342931,
                        -4.2442457012267525,
                        -3.492068057235859,
                        5.499412320386116
                    ]
                ],
                "mui": [
                    0.0,
                    0.0,
                    0.0,
                    0.0,
                    0.0,
                    0.0
                ],
                "Ai": [
                    [
                        0.0,
                        0.0,
                        0.0,
                        0.0,
                        0.0,
                        0.0
                    ],
                    [
                        -0.9770005187164554,
                        0.0,
                        0.0,
                        0.0,
                        0.0,
                        0.0
                    ],
                    [
                        -0.8476638346053917,
                        0.967021681665367,
                        0.0,
                        0.0,
                        0.0,
                        0.0
                    ],
                    [
                        0.5039322231877517,
                        -0.0,
                        -0.9060742288973336,
                        0.0,
                        0.0,
                        0.0
                    ],
                    [
                        0.6839959099345025,
                        -0.8641702529743951,
                        -0.0,
                        0.0,
                        0.0,
                        0.0
                    ],
                    [
                        -0.7015797551160858,
                        0.6541035959923853,
                        0.9509488322171002,
                        0.628960519962352,
                        0.0,
                        0.0
                    ]
                ]
            },
            "est_params": {
                "mui": [
                    0.14299789196929527,
                    0.007952170178230047,
                    0.023900141653699414,
                    0.1867405546124569,
                    0.23070043144590333,
                    0.1954565026816029
                ],
                "Si": [
                    [
                        0.9947731283638724,
                        -0.8577204138915354,
                        -1.4463930686679451,
                        1.4889008895760527,
                        1.1781643229109786,
                        -1.4735991285754473
                    ],
                    [
                        -0.8577204138915354,
                        1.852723457971915,
                        2.133957548306664,
                        -1.9478871639402313,
                        -1.8520373448636467,
                        2.2268095454884036
                    ],
                    [
                        -1.4463930686679451,
                        2.133957548306664,
                        4.319115754187059,
                        -3.8415616896893683,
                        -2.3224540874322233,
                        3.4592662905014335
                    ],
                    [
                        1.4889008895760527,
                        -1.9478871639402313,
                        -3.8415616896893683,
                        5.2089400494060545,
                        2.092910420226377,
                        -2.1104100993423334
                    ],
                    [
                        1.1781643229109786,
                        -1.8520373448636467,
                        -2.3224540874322233,
                        2.092910420226377,
                        3.3993187072849045,
                        -2.45328293527403
                    ],
                    [
                        -1.4735991285754473,
                        2.2268095454884036,
                        3.4592662905014335,
                        -2.1104100993423334,
                        -2.45328293527403,
                        5.4232225435812405
                    ]
                ]
            },
            "est_tgt": [
                0,
                1,
                2,
                3,
                4,
                5
            ],
            "oracle_est_tgt": [
                0,
                1,
                2,
                3,
                4,
                5
            ]
        }
    },
    "metric_dict": {
        "param_est_rel_err": 30.96252840935901,
        "est_num_comp": 1,
        "weight_precision_error": 0.0,
        "gm_score_dict": {
            "1": -9.404174543198044,
            "2": -9.317358286172345,
            "3": -9.176516169391638,
            "4": -9.01071149985611,
            "5": -8.989967858442984,
            "6": -8.806674261727142,
            "7": -8.725772928104004
        },
        "est_dag": {
            "amat": [
                [
                    0,
                    1,
                    1,
                    0,
                    1,
                    1
                ],
                [
                    0,
                    0,
                    0,
                    0,
                    1,
                    1
                ],
                [
                    0,
                    1,
                    0,
                    0,
                    0,
                    1
                ],
                [
                    1,
                    0,
                    1,
                    0,
                    0,
                    1
                ],
                [
                    0,
                    0,
                    0,
                    0,
                    0,
                    0
                ],
                [
                    0,
                    0,
                    0,
                    0,
                    0,
                    0
                ]
            ],
            "nodes": [
                0,
                1,
                2,
                3,
                4,
                5
            ]
        },
        "oracle_est_dag": {
            "amat": [
                [
                    0,
                    1,
                    1,
                    1,
                    1,
                    1
                ],
                [
                    0,
                    0,
                    1,
                    0,
                    1,
                    1
                ],
                [
                    0,
                    0,
                    0,
                    1,
                    0,
                    1
                ],
                [
                    0,
                    0,
                    0,
                    0,
                    0,
                    1
                ],
                [
                    0,
                    0,
                    0,
                    0,
                    0,
                    0
                ],
                [
                    0,
                    0,
                    0,
                    0,
                    0,
                    0
                ]
            ],
            "nodes": [
                0,
                1,
                2,
                3,
                4,
                5
            ]
        },
        "igsp_dag": null,
        "intv_base_est_dag": null,
        "act_dag": {
            "amat": [
                [
                    0,
                    1,
                    1,
                    1,
                    1,
                    1
                ],
                [
                    0,
                    0,
                    1,
                    0,
                    1,
                    1
                ],
                [
                    0,
                    0,
                    0,
                    1,
                    0,
                    1
                ],
                [
                    0,
                    0,
                    0,
                    0,
                    0,
                    1
                ],
                [
                    0,
                    0,
                    0,
                    0,
                    0,
                    0
                ],
                [
                    0,
                    0,
                    0,
                    0,
                    0,
                    0
                ]
            ],
            "nodes": [
                0,
                1,
                2,
                3,
                4,
                5
            ]
        },
        "shd": 3,
        "oracle_shd": 0,
        "intv_base_shd": null,
        "igsp_shd": null,
        "avg_js": 0.0,
        "avg_oracle_js": 0.8571428571428571
    }
}