{
    "expt_args": {
        "save_dir": "all_expt_logs/expt_logs_sim_compsel_backward_cameraready_new_variance",
        "exp_name": "42",
        "num_nodes": 6,
        "num_tgt_prior": 7,
        "obs_noise_mean": 0.0,
        "obs_noise_var": 1.0,
        "obs_noise_gamma_shape": null,
        "noise_type": "gaussian",
        "max_edge_strength": 1.0,
        "graph_sparsity_method": "adj_dense_prop",
        "adj_dense_prop": 0.8,
        "num_parents": null,
        "new_noise_mean": 1.0,
        "mix_samples": 524288,
        "stage2_samples": 524288,
        "gmm_tol": 0.001,
        "intv_type": "hard",
        "new_noise_var": 8.0,
        "dtype": "simulation",
        "cutoff_drop_ratio": 0.07,
        "intv_targets": [
            0,
            1,
            2,
            3,
            4,
            5
        ]
    },
    "intv_args_dict": {
        "0": {
            "intv_type": "hard",
            "inode": 0,
            "new_mui": 1.0,
            "new_vari": 8.0,
            "noise_type": "gaussian",
            "obs_noise_gamma_shape": null,
            "true_params": {
                "Si": [
                    [
                        8.0,
                        5.114957052017066,
                        10.321842434327692,
                        -14.891598427854678,
                        6.01355822591732,
                        -3.2516095683887007
                    ],
                    [
                        5.114957052017066,
                        4.270348205497389,
                        7.33293450246847,
                        -10.246557677563839,
                        4.641547018256023,
                        -2.0097564377092074
                    ],
                    [
                        10.321842434327692,
                        7.33293450246847,
                        14.855520276560148,
                        -20.73448944447077,
                        8.725417380224604,
                        -4.6224887551719265
                    ],
                    [
                        -14.891598427854678,
                        -10.246557677563839,
                        -20.73448944447077,
                        30.223981770256295,
                        -13.138498093133958,
                        5.671264898911751
                    ],
                    [
                        6.01355822591732,
                        4.641547018256023,
                        8.725417380224604,
                        -13.138498093133958,
                        7.278740288850847,
                        -0.9639130735896903
                    ],
                    [
                        -3.2516095683887007,
                        -2.0097564377092074,
                        -4.6224887551719265,
                        5.671264898911751,
                        -0.9639130735896903,
                        3.862031203749257
                    ]
                ],
                "mui": [
                    1.0,
                    0.6393696315021332,
                    1.2902303042909615,
                    -1.8614498034818348,
                    0.751694778239665,
                    -0.4064511960485876
                ],
                "Ai": [
                    [
                        0.0,
                        0.0,
                        0.0,
                        0.0,
                        0.0,
                        0.0
                    ],
                    [
                        0.6393696315021332,
                        0.0,
                        0.0,
                        0.0,
                        0.0,
                        0.0
                    ],
                    [
                        0.8212770339347134,
                        0.7334619088092916,
                        0.0,
                        0.0,
                        0.0,
                        0.0
                    ],
                    [
                        -0.5855385987313568,
                        0.0,
                        -0.9889019041849645,
                        0.0,
                        0.0,
                        0.0
                    ],
                    [
                        -0.650524873640044,
                        0.5163151007140856,
                        -0.5955503974799408,
                        -0.9887457740282091,
                        0.0,
                        0.0
                    ],
                    [
                        -0.0,
                        0.0,
                        -0.7886893754211723,
                        0.0,
                        0.8130158070584182,
                        0.0
                    ]
                ]
            },
            "oracle_est_tgt": [
                0
            ]
        },
        "1": {
            "intv_type": "hard",
            "inode": 1,
            "new_mui": 1.0,
            "new_vari": 8.0,
            "noise_type": "gaussian",
            "obs_noise_gamma_shape": null,
            "true_params": {
                "Si": [
                    [
                        1.0,
                        0.0,
                        0.8212770339347134,
                        -1.3977010214527748,
                        0.24233424067533296,
                        -0.45071090268117725
                    ],
                    [
                        0.0,
                        8.0,
                        5.867695270474333,
                        -5.802575026149178,
                        6.373284090677152,
                        0.5537917905622933
                    ],
                    [
                        0.8212770339347134,
                        5.867695270474333,
                        5.978226939861957,
                        -6.39276940809972,
                        5.255806842146005,
                        -0.441910029815263
                    ],
                    [
                        -1.3977010214527748,
                        -5.802575026149178,
                        -6.39276940809972,
                        8.140229738232044,
                        -6.32811921996442,
                        -0.10295164309551519
                    ],
                    [
                        0.24233424067533296,
                        6.373284090677152,
                        5.255806842146005,
                        -6.32811921996442,
                        7.2597816482321385,
                        1.757118220138889
                    ],
                    [
                        -0.45071090268117725,
                        0.5537917905622933,
                        -0.441910029815263,
                        -0.10295164309551519,
                        1.757118220138889,
                        2.7770946332506217
                    ]
                ],
                "mui": [
                    0.0,
                    1.0,
                    0.7334619088092916,
                    -0.7253218782686472,
                    0.796660511334644,
                    0.06922397382028667
                ],
                "Ai": [
                    [
                        0.0,
                        0.0,
                        0.0,
                        0.0,
                        0.0,
                        0.0
                    ],
                    [
                        0.0,
                        0.0,
                        0.0,
                        0.0,
                        0.0,
                        0.0
                    ],
                    [
                        0.8212770339347134,
                        0.7334619088092916,
                        0.0,
                        0.0,
                        0.0,
                        0.0
                    ],
                    [
                        -0.5855385987313568,
                        0.0,
                        -0.9889019041849645,
                        0.0,
                        0.0,
                        0.0
                    ],
                    [
                        -0.650524873640044,
                        0.5163151007140856,
                        -0.5955503974799408,
                        -0.9887457740282091,
                        0.0,
                        0.0
                    ],
                    [
                        -0.0,
                        0.0,
                        -0.7886893754211723,
                        0.0,
                        0.8130158070584182,
                        0.0
                    ]
                ]
            },
            "oracle_est_tgt": [
                1
            ]
        },
        "2": {
            "intv_type": "hard",
            "inode": 2,
            "new_mui": 1.0,
            "new_vari": 8.0,
            "noise_type": "gaussian",
            "obs_noise_gamma_shape": null,
            "true_params": {
                "Si": [
                    [
                        1.0,
                        0.6393696315021332,
                        0.0,
                        -0.5855385987313568,
                        0.25854013706853607,
                        0.21019721819576992
                    ],
                    [
                        0.6393696315021332,
                        1.4087935256871735,
                        0.0,
                        -0.37437559810114307,
                        0.6816178128801065,
                        0.5541660562441137
                    ],
                    [
                        0.0,
                        0.0,
                        8.0,
                        -7.911215233479716,
                        3.0577774496911343,
                        -3.823493602303709
                    ],
                    [
                        -0.5855385987313568,
                        -0.37437559810114307,
                        -7.911215233479716,
                        9.16627125940947,
                        -4.16397294617654,
                        2.854115575910442
                    ],
                    [
                        0.25854013706853607,
                        0.6816178128801065,
                        3.0577774496911343,
                        -4.16397294617654,
                        3.479792857839408,
                        0.41749001173858025
                    ],
                    [
                        0.21019721819576992,
                        0.5541660562441137,
                        -3.823493602303709,
                        2.854115575910442,
                        0.41749001173858025,
                        4.35497475996023
                    ]
                ],
                "mui": [
                    0.0,
                    0.0,
                    1.0,
                    -0.9889019041849645,
                    0.3822221812113918,
                    -0.47793670028796365
                ],
                "Ai": [
                    [
                        0.0,
                        0.0,
                        0.0,
                        0.0,
                        0.0,
                        0.0
                    ],
                    [
                        0.6393696315021332,
                        0.0,
                        0.0,
                        0.0,
                        0.0,
                        0.0
                    ],
                    [
                        0.0,
                        0.0,
                        0.0,
                        0.0,
                        0.0,
                        0.0
                    ],
                    [
                        -0.5855385987313568,
                        0.0,
                        -0.9889019041849645,
                        0.0,
                        0.0,
                        0.0
                    ],
                    [
                        -0.650524873640044,
                        0.5163151007140856,
                        -0.5955503974799408,
                        -0.9887457740282091,
                        0.0,
                        0.0
                    ],
                    [
                        -0.0,
                        0.0,
                        -0.7886893754211723,
                        0.0,
                        0.8130158070584182,
                        0.0
                    ]
                ]
            },
            "oracle_est_tgt": [
                2
            ]
        },
        "3": {
            "intv_type": "hard",
            "inode": 3,
            "new_mui": 1.0,
            "new_vari": 8.0,
            "noise_type": "gaussian",
            "obs_noise_gamma_shape": null,
            "true_params": {
                "Si": [
                    [
                        1.0,
                        0.6393696315021332,
                        1.2902303042909615,
                        0.0,
                        -1.0888058485186394,
                        -1.902807298504015
                    ],
                    [
                        0.6393696315021332,
                        1.4087935256871735,
                        1.558395983016689,
                        0.0,
                        -0.6166478247584141,
                        -1.7304347834210763
                    ],
                    [
                        1.2902303042909615,
                        1.558395983016689,
                        3.202660609784917,
                        0.0,
                        -1.9420493258925018,
                        -4.104821196055006
                    ],
                    [
                        0.0,
                        0.0,
                        0.0,
                        8.0,
                        -7.9099661922256725,
                        -6.430927547577158
                    ],
                    [
                        -1.0888058485186394,
                        -0.6166478247584141,
                        -1.9420493258925018,
                        -7.9099661922256725,
                        10.367444596510936,
                        9.960570005641042
                    ],
                    [
                        -1.902807298504015,
                        -1.7304347834210763,
                        -4.104821196055006,
                        -6.430927547577158,
                        9.960570005641042,
                        12.335529727230337
                    ]
                ],
                "mui": [
                    0.0,
                    0.0,
                    0.0,
                    1.0,
                    -0.9887457740282091,
                    -0.8038659434471448
                ],
                "Ai": [
                    [
                        0.0,
                        0.0,
                        0.0,
                        0.0,
                        0.0,
                        0.0
                    ],
                    [
                        0.6393696315021332,
                        0.0,
                        0.0,
                        0.0,
                        0.0,
                        0.0
                    ],
                    [
                        0.8212770339347134,
                        0.7334619088092916,
                        0.0,
                        0.0,
                        0.0,
                        0.0
                    ],
                    [
                        0.0,
                        0.0,
                        0.0,
                        0.0,
                        0.0,
                        0.0
                    ],
                    [
                        -0.650524873640044,
                        0.5163151007140856,
                        -0.5955503974799408,
                        -0.9887457740282091,
                        0.0,
                        0.0
                    ],
                    [
                        -0.0,
                        0.0,
                        -0.7886893754211723,
                        0.0,
                        0.8130158070584182,
                        0.0
                    ]
                ]
            },
            "oracle_est_tgt": [
                3
            ]
        },
        "4": {
            "intv_type": "hard",
            "inode": 4,
            "new_mui": 1.0,
            "new_vari": 8.0,
            "noise_type": "gaussian",
            "obs_noise_gamma_shape": null,
            "true_params": {
                "Si": [
                    [
                        1.0,
                        0.6393696315021332,
                        1.2902303042909615,
                        -1.8614498034818348,
                        0.0,
                        -1.0175909328407076
                    ],
                    [
                        0.6393696315021332,
                        1.4087935256871735,
                        1.558395983016689,
                        -1.9154763531805463,
                        0.0,
                        -1.2290903545042964
                    ],
                    [
                        1.2902303042909615,
                        1.558395983016689,
                        3.202660609784917,
                        -3.9225968198897454,
                        0.0,
                        -2.525904396017257
                    ],
                    [
                        -1.8614498034818348,
                        -1.9154763531805463,
                        -3.9225968198897454,
                        5.969014174078368,
                        0.0,
                        3.09371043590792
                    ],
                    [
                        0.0,
                        0.0,
                        0.0,
                        0.0,
                        8.0,
                        6.504126456467346
                    ],
                    [
                        -1.0175909328407076,
                        -1.2290903545042964,
                        -2.525904396017257,
                        3.09371043590792,
                        6.504126456467346,
                        8.280111580683254
                    ]
                ],
                "mui": [
                    0.0,
                    0.0,
                    0.0,
                    0.0,
                    1.0,
                    0.8130158070584182
                ],
                "Ai": [
                    [
                        0.0,
                        0.0,
                        0.0,
                        0.0,
                        0.0,
                        0.0
                    ],
                    [
                        0.6393696315021332,
                        0.0,
                        0.0,
                        0.0,
                        0.0,
                        0.0
                    ],
                    [
                        0.8212770339347134,
                        0.7334619088092916,
                        0.0,
                        0.0,
                        0.0,
                        0.0
                    ],
                    [
                        -0.5855385987313568,
                        0.0,
                        -0.9889019041849645,
                        0.0,
                        0.0,
                        0.0
                    ],
                    [
                        0.0,
                        0.0,
                        0.0,
                        0.0,
                        0.0,
                        0.0
                    ],
                    [
                        -0.0,
                        0.0,
                        -0.7886893754211723,
                        0.0,
                        0.8130158070584182,
                        0.0
                    ]
                ]
            },
            "oracle_est_tgt": [
                4
            ]
        },
        "5": {
            "intv_type": "hard",
            "inode": 5,
            "new_mui": 1.0,
            "new_vari": 8.0,
            "noise_type": "gaussian",
            "obs_noise_gamma_shape": null,
            "true_params": {
                "Si": [
                    [
                        1.0,
                        0.6393696315021332,
                        1.2902303042909615,
                        -1.8614498034818348,
                        0.751694778239665,
                        0.0
                    ],
                    [
                        0.6393696315021332,
                        1.4087935256871735,
                        1.558395983016689,
                        -1.9154763531805463,
                        1.2772713246998164,
                        0.0
                    ],
                    [
                        1.2902303042909615,
                        1.558395983016689,
                        3.202660609784917,
                        -3.9225968198897454,
                        1.9364017029899758,
                        0.0
                    ],
                    [
                        -1.8614498034818348,
                        -1.9154763531805463,
                        -3.9225968198897454,
                        5.969014174078368,
                        -3.343803412506136,
                        0.0
                    ],
                    [
                        0.751694778239665,
                        1.2772713246998164,
                        1.9364017029899758,
                        -3.343803412506136,
                        3.3234250114213917,
                        0.0
                    ],
                    [
                        0.0,
                        0.0,
                        0.0,
                        0.0,
                        0.0,
                        8.0
                    ]
                ],
                "mui": [
                    0.0,
                    0.0,
                    0.0,
                    0.0,
                    0.0,
                    1.0
                ],
                "Ai": [
                    [
                        0.0,
                        0.0,
                        0.0,
                        0.0,
                        0.0,
                        0.0
                    ],
                    [
                        0.6393696315021332,
                        0.0,
                        0.0,
                        0.0,
                        0.0,
                        0.0
                    ],
                    [
                        0.8212770339347134,
                        0.7334619088092916,
                        0.0,
                        0.0,
                        0.0,
                        0.0
                    ],
                    [
                        -0.5855385987313568,
                        0.0,
                        -0.9889019041849645,
                        0.0,
                        0.0,
                        0.0
                    ],
                    [
                        -0.650524873640044,
                        0.5163151007140856,
                        -0.5955503974799408,
                        -0.9887457740282091,
                        0.0,
                        0.0
                    ],
                    [
                        0.0,
                        0.0,
                        0.0,
                        0.0,
                        0.0,
                        0.0
                    ]
                ]
            },
            "oracle_est_tgt": [
                5
            ]
        },
        "obs": {
            "intv_type": "obs",
            "noise_type": "gaussian",
            "obs_noise_gamma_shape": null,
            "true_params": {
                "Si": [
                    [
                        1.0,
                        0.6393696315021332,
                        1.2902303042909615,
                        -1.8614498034818348,
                        0.751694778239665,
                        -0.4064511960485876
                    ],
                    [
                        0.6393696315021332,
                        1.4087935256871735,
                        1.558395983016689,
                        -1.9154763531805463,
                        1.2772713246998164,
                        -0.1906485776209001
                    ],
                    [
                        1.2902303042909615,
                        1.558395983016689,
                        3.202660609784917,
                        -3.9225968198897454,
                        1.9364017029899758,
                        -0.9515792026715661
                    ],
                    [
                        -1.8614498034818348,
                        -1.9154763531805463,
                        -3.9225968198897454,
                        5.969014174078368,
                        -3.343803412506136,
                        0.375145405844551
                    ],
                    [
                        0.751694778239665,
                        1.2772713246998164,
                        1.9364017029899758,
                        -3.343803412506136,
                        3.3234250114213917,
                        1.1747776181632372
                    ],
                    [
                        -0.4064511960485876,
                        -0.1906485776209001,
                        -0.9515792026715661,
                        0.375145405844551,
                        1.1747776181632372,
                        2.705613180363965
                    ]
                ],
                "mui": [
                    0.0,
                    0.0,
                    0.0,
                    0.0,
                    0.0,
                    0.0
                ],
                "Ai": [
                    [
                        0.0,
                        0.0,
                        0.0,
                        0.0,
                        0.0,
                        0.0
                    ],
                    [
                        0.6393696315021332,
                        0.0,
                        0.0,
                        0.0,
                        0.0,
                        0.0
                    ],
                    [
                        0.8212770339347134,
                        0.7334619088092916,
                        0.0,
                        0.0,
                        0.0,
                        0.0
                    ],
                    [
                        -0.5855385987313568,
                        0.0,
                        -0.9889019041849645,
                        0.0,
                        0.0,
                        0.0
                    ],
                    [
                        -0.650524873640044,
                        0.5163151007140856,
                        -0.5955503974799408,
                        -0.9887457740282091,
                        0.0,
                        0.0
                    ],
                    [
                        -0.0,
                        0.0,
                        -0.7886893754211723,
                        0.0,
                        0.8130158070584182,
                        0.0
                    ]
                ]
            },
            "est_params": {
                "mui": [
                    0.1419261799350359,
                    0.23340370394851195,
                    0.42694737448204845,
                    -0.36188516327634346,
                    0.27285808150157015,
                    0.025862236280814185
                ],
                "Si": [
                    [
                        2.121113172505074,
                        1.2441045644715074,
                        2.445358475381416,
                        -3.4133891356320953,
                        1.0521722813189338,
                        -1.0337195858576806
                    ],
                    [
                        1.2441045644715074,
                        2.8953694026532113,
                        2.8868838784448165,
                        -3.3429654602130054,
                        2.050392667387322,
                        -0.6181597425088105
                    ],
                    [
                        2.445358475381416,
                        2.8868838784448165,
                        6.205153664829321,
                        -7.067602781043269,
                        2.8438132050564224,
                        -2.504399358920667
                    ],
                    [
                        -3.4133891356320953,
                        -3.3429654602130054,
                        -7.067602781043269,
                        11.186103890275,
                        -5.818905198313977,
                        0.8375481995311077
                    ],
                    [
                        1.0521722813189338,
                        2.050392667387322,
                        2.8438132050564224,
                        -5.818905198313977,
                        6.541729252792919,
                        2.8689856223185375
                    ],
                    [
                        -1.0337195858576806,
                        -0.6181597425088105,
                        -2.504399358920667,
                        0.8375481995311077,
                        2.8689856223185375,
                        6.436485319000703
                    ]
                ]
            },
            "est_tgt": [
                0,
                1,
                2,
                3,
                4,
                5
            ],
            "oracle_est_tgt": [
                0,
                1,
                2,
                3,
                4,
                5
            ]
        }
    },
    "metric_dict": {
        "param_est_rel_err": 56.10554702465119,
        "est_num_comp": 1,
        "weight_precision_error": 0.0,
        "gm_score_dict": {
            "1": -11.100707932505358,
            "2": -10.653022151992499,
            "3": -10.467338011554235,
            "4": -10.425736058976492,
            "5": -10.386618948499693,
            "6": -10.374620280704647,
            "7": -10.370787547221736
        },
        "est_dag": {
            "amat": [
                [
                    0,
                    1,
                    1,
                    1,
                    1,
                    0
                ],
                [
                    0,
                    0,
                    0,
                    0,
                    1,
                    0
                ],
                [
                    0,
                    1,
                    0,
                    1,
                    1,
                    1
                ],
                [
                    0,
                    0,
                    0,
                    0,
                    1,
                    0
                ],
                [
                    0,
                    0,
                    0,
                    0,
                    0,
                    1
                ],
                [
                    0,
                    0,
                    0,
                    0,
                    0,
                    0
                ]
            ],
            "nodes": [
                0,
                1,
                2,
                3,
                4,
                5
            ]
        },
        "oracle_est_dag": {
            "amat": [
                [
                    0,
                    1,
                    1,
                    1,
                    1,
                    0
                ],
                [
                    0,
                    0,
                    1,
                    0,
                    1,
                    0
                ],
                [
                    0,
                    0,
                    0,
                    1,
                    1,
                    1
                ],
                [
                    0,
                    0,
                    0,
                    0,
                    1,
                    0
                ],
                [
                    0,
                    0,
                    0,
                    0,
                    0,
                    1
                ],
                [
                    0,
                    0,
                    0,
                    0,
                    0,
                    0
                ]
            ],
            "nodes": [
                0,
                1,
                2,
                3,
                4,
                5
            ]
        },
        "igsp_dag": null,
        "intv_base_est_dag": null,
        "act_dag": {
            "amat": [
                [
                    0,
                    1,
                    1,
                    1,
                    1,
                    0
                ],
                [
                    0,
                    0,
                    1,
                    0,
                    1,
                    0
                ],
                [
                    0,
                    0,
                    0,
                    1,
                    1,
                    1
                ],
                [
                    0,
                    0,
                    0,
                    0,
                    1,
                    0
                ],
                [
                    0,
                    0,
                    0,
                    0,
                    0,
                    1
                ],
                [
                    0,
                    0,
                    0,
                    0,
                    0,
                    0
                ]
            ],
            "nodes": [
                0,
                1,
                2,
                3,
                4,
                5
            ]
        },
        "shd": 1,
        "oracle_shd": 0,
        "intv_base_shd": null,
        "igsp_shd": null,
        "avg_js": 0.0,
        "avg_oracle_js": 0.8571428571428571
    }
}