{
    "expt_args": {
        "save_dir": "all_expt_logs/expt_logs_sim_compsel_backward_cameraready_new_variance",
        "exp_name": "191",
        "num_nodes": 6,
        "num_tgt_prior": 7,
        "obs_noise_mean": 0.0,
        "obs_noise_var": 1.0,
        "obs_noise_gamma_shape": null,
        "noise_type": "gaussian",
        "max_edge_strength": 1.0,
        "graph_sparsity_method": "adj_dense_prop",
        "adj_dense_prop": 0.8,
        "num_parents": null,
        "new_noise_mean": 1.0,
        "mix_samples": 16384,
        "stage2_samples": 16384,
        "gmm_tol": 0.001,
        "intv_type": "hard",
        "new_noise_var": 1.0,
        "dtype": "simulation",
        "cutoff_drop_ratio": 0.07,
        "intv_targets": [
            0,
            1,
            2,
            3,
            4,
            5
        ]
    },
    "intv_args_dict": {
        "0": {
            "intv_type": "hard",
            "inode": 0,
            "new_mui": 1.0,
            "new_vari": 1.0,
            "noise_type": "gaussian",
            "obs_noise_gamma_shape": null,
            "true_params": {
                "Si": [
                    [
                        1.0,
                        0.8044111296179505,
                        -1.4129097539585886,
                        1.5183066898434956,
                        -1.6484464842314979,
                        2.879790109358565
                    ],
                    [
                        0.8044111296179505,
                        1.647077265453227,
                        -1.9573321660743792,
                        1.22364422925973,
                        -1.6834674246379602,
                        2.422065582597032
                    ],
                    [
                        -1.4129097539585886,
                        -1.9573321660743792,
                        3.6699803777050484,
                        -2.850418503941226,
                        2.3834957309479603,
                        -5.224597675549711
                    ],
                    [
                        1.5183066898434956,
                        1.22364422925973,
                        -2.850418503941226,
                        3.799890298947823,
                        -3.055818621479111,
                        6.475056138755754
                    ],
                    [
                        -1.6484464842314979,
                        -1.6834674246379602,
                        2.3834957309479603,
                        -3.055818621479111,
                        4.420980027325891,
                        -6.293930808296265
                    ],
                    [
                        2.879790109358565,
                        2.422065582597032,
                        -5.224597675549711,
                        6.475056138755754,
                        -6.293930808296265,
                        12.898214881641097
                    ]
                ],
                "mui": [
                    1.0,
                    0.8044111296179505,
                    -1.4129097539585886,
                    1.5183066898434956,
                    -1.6484464842314979,
                    2.879790109358565
                ],
                "Ai": [
                    [
                        0.0,
                        0.0,
                        0.0,
                        0.0,
                        0.0,
                        0.0
                    ],
                    [
                        0.8044111296179505,
                        0.0,
                        0.0,
                        0.0,
                        0.0,
                        0.0
                    ],
                    [
                        -0.7526717551328628,
                        -0.8207718348443306,
                        0.0,
                        0.0,
                        0.0,
                        0.0
                    ],
                    [
                        0.9871019330913865,
                        -0.5749467644394153,
                        -0.7032992236205693,
                        0.0,
                        0.0,
                        0.0
                    ],
                    [
                        -0.8298590040078686,
                        -0.9676841155301121,
                        -0.745521369163807,
                        -0.7202273620526087,
                        0.0,
                        0.0
                    ],
                    [
                        -0.0,
                        -0.7617457212122773,
                        -0.709626555858935,
                        0.7801986399871113,
                        -0.7918532757881782,
                        0.0
                    ]
                ]
            },
            "oracle_est_tgt": [
                0,
                1,
                2,
                3,
                4
            ]
        },
        "1": {
            "intv_type": "hard",
            "inode": 1,
            "new_mui": 1.0,
            "new_vari": 1.0,
            "noise_type": "gaussian",
            "obs_noise_gamma_shape": null,
            "true_params": {
                "Si": [
                    [
                        1.0,
                        0.0,
                        -0.7526717551328628,
                        1.51645539411746,
                        -1.3609187947659585,
                        2.7949003070959177
                    ],
                    [
                        0.0,
                        1.0,
                        -0.8207718348443306,
                        0.0023014297762324887,
                        -0.357438726142562,
                        0.10553036766530724
                    ],
                    [
                        -0.7526717551328628,
                        -0.8207718348443306,
                        2.2401811758485133,
                        -1.8465813154318587,
                        1.0787147523483283,
                        -3.259356660246785
                    ],
                    [
                        1.51645539411746,
                        0.0023014297762324887,
                        -1.8465813154318587,
                        3.7942720568722517,
                        -2.616743943900108,
                        6.340993197087663
                    ],
                    [
                        -1.3609187947659585,
                        -0.357438726142562,
                        1.0787147523483283,
                        -2.616743943900108,
                        3.555704181897934,
                        -5.350383284623481
                    ],
                    [
                        2.7949003070959177,
                        0.10553036766530724,
                        -3.259356660246785,
                        6.340993197087663,
                        -5.350383284623481,
                        12.416491534286536
                    ]
                ],
                "mui": [
                    0.0,
                    1.0,
                    -0.8207718348443306,
                    0.0023014297762324887,
                    -0.357438726142562,
                    0.10553036766530724
                ],
                "Ai": [
                    [
                        0.0,
                        0.0,
                        0.0,
                        0.0,
                        0.0,
                        0.0
                    ],
                    [
                        0.0,
                        0.0,
                        0.0,
                        0.0,
                        0.0,
                        0.0
                    ],
                    [
                        -0.7526717551328628,
                        -0.8207718348443306,
                        0.0,
                        0.0,
                        0.0,
                        0.0
                    ],
                    [
                        0.9871019330913865,
                        -0.5749467644394153,
                        -0.7032992236205693,
                        0.0,
                        0.0,
                        0.0
                    ],
                    [
                        -0.8298590040078686,
                        -0.9676841155301121,
                        -0.745521369163807,
                        -0.7202273620526087,
                        0.0,
                        0.0
                    ],
                    [
                        -0.0,
                        -0.7617457212122773,
                        -0.709626555858935,
                        0.7801986399871113,
                        -0.7918532757881782,
                        0.0
                    ]
                ]
            },
            "oracle_est_tgt": [
                0,
                1,
                2,
                4
            ]
        },
        "2": {
            "intv_type": "hard",
            "inode": 2,
            "new_mui": 1.0,
            "new_vari": 1.0,
            "noise_type": "gaussian",
            "obs_noise_gamma_shape": null,
            "true_params": {
                "Si": [
                    [
                        1.0,
                        0.8044111296179505,
                        0.0,
                        0.5246083568384907,
                        -1.9861121694513333,
                        1.3692514179120587
                    ],
                    [
                        0.8044111296179505,
                        1.647077265453227,
                        0.0,
                        -0.1529459635079481,
                        -2.1512424578335345,
                        0.32948609506466275
                    ],
                    [
                        0.0,
                        0.0,
                        1.0,
                        -0.7032992236205693,
                        -0.23898602460191656,
                        -1.0690977871830727
                    ],
                    [
                        0.5246083568384907,
                        -0.1529459635079481,
                        -0.7032992236205693,
                        2.1004075079494293,
                        -1.275793947639567,
                        3.264562436864981
                    ],
                    [
                        -1.9861121694513333,
                        -2.1512424578335345,
                        -0.23898602460191656,
                        -1.275793947639567,
                        5.826947119591625,
                        -3.8011693002637403
                    ],
                    [
                        1.3692514179120587,
                        0.32948609506466275,
                        -1.0690977871830727,
                        3.264562436864981,
                        -3.8011693002637403,
                        7.064651093115052
                    ]
                ],
                "mui": [
                    0.0,
                    0.0,
                    1.0,
                    -0.7032992236205693,
                    -0.23898602460191656,
                    -1.0690977871830727
                ],
                "Ai": [
                    [
                        0.0,
                        0.0,
                        0.0,
                        0.0,
                        0.0,
                        0.0
                    ],
                    [
                        0.8044111296179505,
                        0.0,
                        0.0,
                        0.0,
                        0.0,
                        0.0
                    ],
                    [
                        0.0,
                        0.0,
                        0.0,
                        0.0,
                        0.0,
                        0.0
                    ],
                    [
                        0.9871019330913865,
                        -0.5749467644394153,
                        -0.7032992236205693,
                        0.0,
                        0.0,
                        0.0
                    ],
                    [
                        -0.8298590040078686,
                        -0.9676841155301121,
                        -0.745521369163807,
                        -0.7202273620526087,
                        0.0,
                        0.0
                    ],
                    [
                        -0.0,
                        -0.7617457212122773,
                        -0.709626555858935,
                        0.7801986399871113,
                        -0.7918532757881782,
                        0.0
                    ]
                ]
            },
            "oracle_est_tgt": [
                0,
                2,
                3,
                4,
                5
            ]
        },
        "3": {
            "intv_type": "hard",
            "inode": 3,
            "new_mui": 1.0,
            "new_vari": 1.0,
            "noise_type": "gaussian",
            "obs_noise_gamma_shape": null,
            "true_params": {
                "Si": [
                    [
                        1.0,
                        0.8044111296179505,
                        -1.4129097539585886,
                        0.0,
                        -0.5549204622186887,
                        0.8292971321688787
                    ],
                    [
                        0.8044111296179505,
                        1.647077265453227,
                        -1.9573321660743792,
                        0.0,
                        -0.8021653693073274,
                        0.7695180996280976
                    ],
                    [
                        -1.4129097539585886,
                        -1.9573321660743792,
                        3.6699803777050484,
                        0.0,
                        0.33054633110842824,
                        -1.3750703280903622
                    ],
                    [
                        0.0,
                        0.0,
                        0.0,
                        1.0,
                        -0.7202273620526087,
                        1.3505130359407476
                    ],
                    [
                        -0.5549204622186887,
                        -0.8021653693073274,
                        0.33054633110842824,
                        -0.7202273620526087,
                        2.509046527696665,
                        -2.172235537138266
                    ],
                    [
                        0.8292971321688787,
                        0.7695180996280976,
                        -1.3750703280903622,
                        1.3505130359407476,
                        -2.172235537138266,
                        4.163369560991738
                    ]
                ],
                "mui": [
                    0.0,
                    0.0,
                    0.0,
                    1.0,
                    -0.7202273620526087,
                    1.3505130359407476
                ],
                "Ai": [
                    [
                        0.0,
                        0.0,
                        0.0,
                        0.0,
                        0.0,
                        0.0
                    ],
                    [
                        0.8044111296179505,
                        0.0,
                        0.0,
                        0.0,
                        0.0,
                        0.0
                    ],
                    [
                        -0.7526717551328628,
                        -0.8207718348443306,
                        0.0,
                        0.0,
                        0.0,
                        0.0
                    ],
                    [
                        0.0,
                        0.0,
                        0.0,
                        0.0,
                        0.0,
                        0.0
                    ],
                    [
                        -0.8298590040078686,
                        -0.9676841155301121,
                        -0.745521369163807,
                        -0.7202273620526087,
                        0.0,
                        0.0
                    ],
                    [
                        -0.0,
                        -0.7617457212122773,
                        -0.709626555858935,
                        0.7801986399871113,
                        -0.7918532757881782,
                        0.0
                    ]
                ]
            },
            "oracle_est_tgt": [
                0,
                1,
                2,
                3,
                5
            ]
        },
        "4": {
            "intv_type": "hard",
            "inode": 4,
            "new_mui": 1.0,
            "new_vari": 1.0,
            "noise_type": "gaussian",
            "obs_noise_gamma_shape": null,
            "true_params": {
                "Si": [
                    [
                        1.0,
                        0.8044111296179505,
                        -1.4129097539585886,
                        1.5183066898434956,
                        0.0,
                        1.5744623608583481
                    ],
                    [
                        0.8044111296179505,
                        1.647077265453227,
                        -1.9573321660743792,
                        1.22364422925973,
                        0.0,
                        1.0890063877147749
                    ],
                    [
                        -1.4129097539585886,
                        -1.9573321660743792,
                        3.6699803777050484,
                        -2.850418503941226,
                        0.0,
                        -3.3372187731714305
                    ],
                    [
                        1.5183066898434956,
                        1.22364422925973,
                        -2.850418503941226,
                        3.799890298947823,
                        0.0,
                        4.055296153123005
                    ],
                    [
                        0.0,
                        0.0,
                        0.0,
                        0.0,
                        1.0,
                        -0.7918532757881782
                    ],
                    [
                        1.5744623608583481,
                        1.0890063877147749,
                        -3.3372187731714305,
                        4.055296153123005,
                        -0.7918532757881782,
                        6.329601261726856
                    ]
                ],
                "mui": [
                    0.0,
                    0.0,
                    0.0,
                    0.0,
                    1.0,
                    -0.7918532757881782
                ],
                "Ai": [
                    [
                        0.0,
                        0.0,
                        0.0,
                        0.0,
                        0.0,
                        0.0
                    ],
                    [
                        0.8044111296179505,
                        0.0,
                        0.0,
                        0.0,
                        0.0,
                        0.0
                    ],
                    [
                        -0.7526717551328628,
                        -0.8207718348443306,
                        0.0,
                        0.0,
                        0.0,
                        0.0
                    ],
                    [
                        0.9871019330913865,
                        -0.5749467644394153,
                        -0.7032992236205693,
                        0.0,
                        0.0,
                        0.0
                    ],
                    [
                        0.0,
                        0.0,
                        0.0,
                        0.0,
                        0.0,
                        0.0
                    ],
                    [
                        -0.0,
                        -0.7617457212122773,
                        -0.709626555858935,
                        0.7801986399871113,
                        -0.7918532757881782,
                        0.0
                    ]
                ]
            },
            "oracle_est_tgt": [
                0,
                1,
                2,
                4,
                5
            ]
        },
        "5": {
            "intv_type": "hard",
            "inode": 5,
            "new_mui": 1.0,
            "new_vari": 1.0,
            "noise_type": "gaussian",
            "obs_noise_gamma_shape": null,
            "true_params": {
                "Si": [
                    [
                        1.0,
                        0.8044111296179505,
                        -1.4129097539585886,
                        1.5183066898434956,
                        -1.6484464842314979,
                        0.0
                    ],
                    [
                        0.8044111296179505,
                        1.647077265453227,
                        -1.9573321660743792,
                        1.22364422925973,
                        -1.6834674246379602,
                        0.0
                    ],
                    [
                        -1.4129097539585886,
                        -1.9573321660743792,
                        3.6699803777050484,
                        -2.850418503941226,
                        2.3834957309479603,
                        0.0
                    ],
                    [
                        1.5183066898434956,
                        1.22364422925973,
                        -2.850418503941226,
                        3.799890298947823,
                        -3.055818621479111,
                        0.0
                    ],
                    [
                        -1.6484464842314979,
                        -1.6834674246379602,
                        2.3834957309479603,
                        -3.055818621479111,
                        4.420980027325891,
                        0.0
                    ],
                    [
                        0.0,
                        0.0,
                        0.0,
                        0.0,
                        0.0,
                        1.0
                    ]
                ],
                "mui": [
                    0.0,
                    0.0,
                    0.0,
                    0.0,
                    0.0,
                    1.0
                ],
                "Ai": [
                    [
                        0.0,
                        0.0,
                        0.0,
                        0.0,
                        0.0,
                        0.0
                    ],
                    [
                        0.8044111296179505,
                        0.0,
                        0.0,
                        0.0,
                        0.0,
                        0.0
                    ],
                    [
                        -0.7526717551328628,
                        -0.8207718348443306,
                        0.0,
                        0.0,
                        0.0,
                        0.0
                    ],
                    [
                        0.9871019330913865,
                        -0.5749467644394153,
                        -0.7032992236205693,
                        0.0,
                        0.0,
                        0.0
                    ],
                    [
                        -0.8298590040078686,
                        -0.9676841155301121,
                        -0.745521369163807,
                        -0.7202273620526087,
                        0.0,
                        0.0
                    ],
                    [
                        0.0,
                        0.0,
                        0.0,
                        0.0,
                        0.0,
                        0.0
                    ]
                ]
            },
            "oracle_est_tgt": [
                2,
                5
            ]
        },
        "obs": {
            "intv_type": "obs",
            "noise_type": "gaussian",
            "obs_noise_gamma_shape": null,
            "true_params": {
                "Si": [
                    [
                        1.0,
                        0.8044111296179505,
                        -1.4129097539585886,
                        1.5183066898434956,
                        -1.6484464842314979,
                        2.879790109358565
                    ],
                    [
                        0.8044111296179505,
                        1.647077265453227,
                        -1.9573321660743792,
                        1.22364422925973,
                        -1.6834674246379602,
                        2.422065582597032
                    ],
                    [
                        -1.4129097539585886,
                        -1.9573321660743792,
                        3.6699803777050484,
                        -2.850418503941226,
                        2.3834957309479603,
                        -5.224597675549711
                    ],
                    [
                        1.5183066898434956,
                        1.22364422925973,
                        -2.850418503941226,
                        3.799890298947823,
                        -3.055818621479111,
                        6.475056138755754
                    ],
                    [
                        -1.6484464842314979,
                        -1.6834674246379602,
                        2.3834957309479603,
                        -3.055818621479111,
                        4.420980027325891,
                        -6.293930808296265
                    ],
                    [
                        2.879790109358565,
                        2.422065582597032,
                        -5.224597675549711,
                        6.475056138755754,
                        -6.293930808296265,
                        12.898214881641097
                    ]
                ],
                "mui": [
                    0.0,
                    0.0,
                    0.0,
                    0.0,
                    0.0,
                    0.0
                ],
                "Ai": [
                    [
                        0.0,
                        0.0,
                        0.0,
                        0.0,
                        0.0,
                        0.0
                    ],
                    [
                        0.8044111296179505,
                        0.0,
                        0.0,
                        0.0,
                        0.0,
                        0.0
                    ],
                    [
                        -0.7526717551328628,
                        -0.8207718348443306,
                        0.0,
                        0.0,
                        0.0,
                        0.0
                    ],
                    [
                        0.9871019330913865,
                        -0.5749467644394153,
                        -0.7032992236205693,
                        0.0,
                        0.0,
                        0.0
                    ],
                    [
                        -0.8298590040078686,
                        -0.9676841155301121,
                        -0.745521369163807,
                        -0.7202273620526087,
                        0.0,
                        0.0
                    ],
                    [
                        -0.0,
                        -0.7617457212122773,
                        -0.709626555858935,
                        0.7801986399871113,
                        -0.7918532757881782,
                        0.0
                    ]
                ]
            },
            "est_params": {
                "mui": [
                    0.1540657598416781,
                    0.2635602168668506,
                    -0.19175247798110726,
                    0.28494386004610295,
                    -0.3098905473473906,
                    0.5361619437057253
                ],
                "Si": [
                    [
                        1.1149782293344175,
                        0.7635637140219758,
                        -1.2792887698742812,
                        1.3333319157914276,
                        -1.4470411403158259,
                        2.079085342646154
                    ],
                    [
                        0.7635637140219758,
                        1.7110449438012465,
                        -1.7384706580718816,
                        0.7839685186577924,
                        -1.3338244591114168,
                        1.2259262624426146
                    ],
                    [
                        -1.2792887698742812,
                        -1.7384706580718816,
                        3.585366466674906,
                        -2.357021955083328,
                        1.4182220618225532,
                        -3.4256901757137506
                    ],
                    [
                        1.3333319157914276,
                        0.7839685186577924,
                        -2.357021955083328,
                        3.632162145970384,
                        -2.3081586562984193,
                        4.8253686584519055
                    ],
                    [
                        -1.4470411403158259,
                        -1.3338244591114168,
                        1.4182220618225532,
                        -2.3081586562984193,
                        4.262614837872331,
                        -4.257282126008796
                    ],
                    [
                        2.079085342646154,
                        1.2259262624426146,
                        -3.4256901757137506,
                        4.8253686584519055,
                        -4.257282126008796,
                        9.67294663119869
                    ]
                ]
            },
            "est_tgt": [
                0,
                1,
                2,
                3,
                4,
                5
            ],
            "oracle_est_tgt": [
                0,
                1,
                2,
                3,
                4,
                5
            ]
        }
    },
    "metric_dict": {
        "param_est_rel_err": 28.070189485849053,
        "est_num_comp": 1,
        "weight_precision_error": 0.0,
        "gm_score_dict": {
            "1": -9.705175099688347,
            "2": -9.455866579180208,
            "3": -9.424634050056042,
            "4": -9.28678530908481,
            "5": -9.272506199432637,
            "6": -9.225836614871804,
            "7": -9.226142951236907
        },
        "est_dag": {
            "amat": [
                [
                    0,
                    0,
                    0,
                    0,
                    0,
                    0
                ],
                [
                    0,
                    0,
                    1,
                    0,
                    0,
                    0
                ],
                [
                    1,
                    0,
                    0,
                    0,
                    0,
                    0
                ],
                [
                    1,
                    0,
                    1,
                    0,
                    0,
                    0
                ],
                [
                    1,
                    1,
                    1,
                    1,
                    0,
                    0
                ],
                [
                    0,
                    0,
                    1,
                    1,
                    1,
                    0
                ]
            ],
            "nodes": [
                0,
                1,
                2,
                3,
                4,
                5
            ]
        },
        "oracle_est_dag": {
            "amat": [
                [
                    0,
                    0,
                    0,
                    0,
                    0,
                    0
                ],
                [
                    0,
                    0,
                    1,
                    0,
                    0,
                    0
                ],
                [
                    1,
                    0,
                    0,
                    0,
                    0,
                    0
                ],
                [
                    1,
                    0,
                    1,
                    0,
                    1,
                    1
                ],
                [
                    1,
                    1,
                    1,
                    0,
                    0,
                    1
                ],
                [
                    0,
                    0,
                    1,
                    0,
                    0,
                    0
                ]
            ],
            "nodes": [
                0,
                1,
                2,
                3,
                4,
                5
            ]
        },
        "igsp_dag": null,
        "intv_base_est_dag": null,
        "act_dag": {
            "amat": [
                [
                    0,
                    1,
                    1,
                    1,
                    1,
                    0
                ],
                [
                    0,
                    0,
                    1,
                    1,
                    1,
                    1
                ],
                [
                    0,
                    0,
                    0,
                    1,
                    1,
                    1
                ],
                [
                    0,
                    0,
                    0,
                    0,
                    1,
                    1
                ],
                [
                    0,
                    0,
                    0,
                    0,
                    0,
                    1
                ],
                [
                    0,
                    0,
                    0,
                    0,
                    0,
                    0
                ]
            ],
            "nodes": [
                0,
                1,
                2,
                3,
                4,
                5
            ]
        },
        "shd": 13,
        "oracle_shd": 10,
        "intv_base_shd": null,
        "igsp_shd": null,
        "avg_js": 0.0,
        "avg_oracle_js": 0.22142857142857145
    }
}