{
    "expt_args": {
        "save_dir": "all_expt_logs/expt_logs_sim_compsel_backward_cameraready_new_variance",
        "exp_name": "311",
        "num_nodes": 6,
        "num_tgt_prior": 7,
        "obs_noise_mean": 0.0,
        "obs_noise_var": 1.0,
        "obs_noise_gamma_shape": null,
        "noise_type": "gaussian",
        "max_edge_strength": 1.0,
        "graph_sparsity_method": "adj_dense_prop",
        "adj_dense_prop": 0.8,
        "num_parents": null,
        "new_noise_mean": 1.0,
        "mix_samples": 8192,
        "stage2_samples": 8192,
        "gmm_tol": 0.001,
        "intv_type": "hard",
        "new_noise_var": 0.1,
        "dtype": "simulation",
        "cutoff_drop_ratio": 0.07,
        "intv_targets": [
            0,
            1,
            2,
            3,
            4,
            5
        ]
    },
    "intv_args_dict": {
        "0": {
            "intv_type": "hard",
            "inode": 0,
            "new_mui": 1.0,
            "new_vari": 0.1,
            "noise_type": "gaussian",
            "obs_noise_gamma_shape": null,
            "true_params": {
                "Si": [
                    [
                        0.1,
                        -0.07064363682175179,
                        0.052379196054024704,
                        0.04097494246935337,
                        -0.06942027536358493,
                        -0.009743624175154897
                    ],
                    [
                        -0.07064363682175179,
                        1.0499052342340356,
                        0.5749118530076781,
                        0.5005386334047337,
                        0.1753111229259591,
                        0.19421919863196105
                    ],
                    [
                        0.052379196054024704,
                        0.5749118530076781,
                        1.4018750616910487,
                        0.3454617448629454,
                        0.8992394114716104,
                        -0.9572051592120724
                    ],
                    [
                        0.04097494246935337,
                        0.5005386334047337,
                        0.3454617448629454,
                        1.297143636838808,
                        -0.7150687624794511,
                        -0.17771156611596736
                    ],
                    [
                        -0.06942027536358493,
                        0.17531112292595913,
                        0.8992394114716104,
                        -0.7150687624794511,
                        2.368609381992999,
                        -1.2087383626117285
                    ],
                    [
                        -0.009743624175154897,
                        0.19421919863196105,
                        -0.9572051592120724,
                        -0.17771156611596736,
                        -1.2087383626117285,
                        2.52847417556355
                    ]
                ],
                "mui": [
                    1.0,
                    -0.7064363682175179,
                    0.523791960540247,
                    0.40974942469353365,
                    -0.6942027536358493,
                    -0.09743624175154897
                ],
                "Ai": [
                    [
                        0.0,
                        0.0,
                        0.0,
                        0.0,
                        0.0,
                        0.0
                    ],
                    [
                        -0.7064363682175179,
                        0.0,
                        0.0,
                        0.0,
                        0.0,
                        0.0
                    ],
                    [
                        0.9560705625048604,
                        0.6119144220382366,
                        0.0,
                        0.0,
                        0.0,
                        0.0
                    ],
                    [
                        0.7837967600451254,
                        0.5294848229507054,
                        -0.0,
                        0.0,
                        0.0,
                        0.0
                    ],
                    [
                        -0.8350527656895619,
                        -0.0,
                        0.8583346887256028,
                        -0.7534819544517736,
                        0.0,
                        0.0
                    ],
                    [
                        0.8267962638716678,
                        0.9845885917867734,
                        -0.6125259494267101,
                        -0.671634377382996,
                        -0.5291748687139406,
                        0.0
                    ]
                ]
            },
            "oracle_est_tgt": [
                0
            ]
        },
        "1": {
            "intv_type": "hard",
            "inode": 1,
            "new_mui": 1.0,
            "new_vari": 0.1,
            "noise_type": "gaussian",
            "obs_noise_gamma_shape": null,
            "true_params": {
                "Si": [
                    [
                        1.0,
                        0.0,
                        0.9560705625048604,
                        0.7837967600451254,
                        -0.6050009516740095,
                        0.03490468510063505
                    ],
                    [
                        0.0,
                        0.1,
                        0.061191442203823665,
                        0.05294848229507054,
                        0.012627011571744815,
                        0.018733594815638823
                    ],
                    [
                        0.9560705625048604,
                        0.061191442203823665,
                        1.951514846478199,
                        0.7817649492072201,
                        0.28763773903065104,
                        -1.0219003968831728
                    ],
                    [
                        0.7837967600451254,
                        0.05294848229507054,
                        0.7817649492072201,
                        1.64237277883075,
                        -1.2209939292116179,
                        -0.2356333298311935
                    ],
                    [
                        -0.6050009516740095,
                        0.012627011571744815,
                        0.28763773903065104,
                        -1.2209939292116179,
                        2.6720940592929288,
                        -1.25790921971485
                    ],
                    [
                        0.03490468510063505,
                        0.018733594815638823,
                        -1.0219003968831728,
                        -0.2356333298311935,
                        -1.25790921971485,
                        2.49715784876037
                    ]
                ],
                "mui": [
                    0.0,
                    1.0,
                    0.6119144220382366,
                    0.5294848229507054,
                    0.12627011571744814,
                    0.1873359481563882
                ],
                "Ai": [
                    [
                        0.0,
                        0.0,
                        0.0,
                        0.0,
                        0.0,
                        0.0
                    ],
                    [
                        0.0,
                        0.0,
                        0.0,
                        0.0,
                        0.0,
                        0.0
                    ],
                    [
                        0.9560705625048604,
                        0.6119144220382366,
                        0.0,
                        0.0,
                        0.0,
                        0.0
                    ],
                    [
                        0.7837967600451254,
                        0.5294848229507054,
                        -0.0,
                        0.0,
                        0.0,
                        0.0
                    ],
                    [
                        -0.8350527656895619,
                        -0.0,
                        0.8583346887256028,
                        -0.7534819544517736,
                        0.0,
                        0.0
                    ],
                    [
                        0.8267962638716678,
                        0.9845885917867734,
                        -0.6125259494267101,
                        -0.671634377382996,
                        -0.5291748687139406,
                        0.0
                    ]
                ]
            },
            "oracle_est_tgt": [
                1,
                2,
                3
            ]
        },
        "2": {
            "intv_type": "hard",
            "inode": 2,
            "new_mui": 1.0,
            "new_vari": 0.1,
            "noise_type": "gaussian",
            "obs_noise_gamma_shape": null,
            "true_params": {
                "Si": [
                    [
                        1.0,
                        -0.7064363682175179,
                        0.0,
                        0.40974942469353365,
                        -1.1437915630431355,
                        0.4613110253738013
                    ],
                    [
                        -0.7064363682175179,
                        1.4990523423403566,
                        0.0,
                        0.2400229274909882,
                        0.409058698544582,
                        0.5141996522925637
                    ],
                    [
                        0.0,
                        0.0,
                        0.1,
                        0.0,
                        0.08583346887256028,
                        -0.10667350956457021
                    ],
                    [
                        0.40974942469353365,
                        0.2400229274909882,
                        0.0,
                        1.4482487687718217,
                        -1.433391703156609,
                        0.36092433585886713
                    ],
                    [
                        -1.1437915630431355,
                        0.409058698544582,
                        0.08583346887256028,
                        -1.433391703156609,
                        3.1088349338679233,
                        -1.2779054639149416
                    ],
                    [
                        0.4613110253738013,
                        0.5141996522925637,
                        -0.10667350956457021,
                        0.36092433585886713,
                        -1.2779054639149416,
                        2.3868519010336433
                    ]
                ],
                "mui": [
                    0.0,
                    0.0,
                    1.0,
                    0.0,
                    0.8583346887256028,
                    -1.066735095645702
                ],
                "Ai": [
                    [
                        0.0,
                        0.0,
                        0.0,
                        0.0,
                        0.0,
                        0.0
                    ],
                    [
                        -0.7064363682175179,
                        0.0,
                        0.0,
                        0.0,
                        0.0,
                        0.0
                    ],
                    [
                        0.0,
                        0.0,
                        0.0,
                        0.0,
                        0.0,
                        0.0
                    ],
                    [
                        0.7837967600451254,
                        0.5294848229507054,
                        -0.0,
                        0.0,
                        0.0,
                        0.0
                    ],
                    [
                        -0.8350527656895619,
                        -0.0,
                        0.8583346887256028,
                        -0.7534819544517736,
                        0.0,
                        0.0
                    ],
                    [
                        0.8267962638716678,
                        0.9845885917867734,
                        -0.6125259494267101,
                        -0.671634377382996,
                        -0.5291748687139406,
                        0.0
                    ]
                ]
            },
            "oracle_est_tgt": [
                1,
                2,
                3,
                5
            ]
        },
        "3": {
            "intv_type": "hard",
            "inode": 3,
            "new_mui": 1.0,
            "new_vari": 0.1,
            "noise_type": "gaussian",
            "obs_noise_gamma_shape": null,
            "true_params": {
                "Si": [
                    [
                        1.0,
                        -0.7064363682175179,
                        0.523791960540247,
                        0.0,
                        -0.38546395628227575,
                        0.014388745429056132
                    ],
                    [
                        -0.7064363682175179,
                        1.4990523423403566,
                        0.24188873173265113,
                        0.0,
                        0.7975331323217039,
                        0.3216732692027217
                    ],
                    [
                        0.523791960540247,
                        0.24188873173265113,
                        1.6487972778249849,
                        0.0,
                        0.9778259729384385,
                        -0.8561419271002715
                    ],
                    [
                        0.0,
                        0.0,
                        0.0,
                        0.1,
                        -0.07534819544517736,
                        -0.02729106630576554
                    ],
                    [
                        -0.38546395628227575,
                        0.7975331323217039,
                        0.9778259729384385,
                        -0.07534819544517736,
                        2.2179582004455254,
                        -1.2554832189026852
                    ],
                    [
                        0.014388745429056132,
                        0.3216732692027217,
                        -0.8561419271002715,
                        -0.02729106630576554,
                        -1.2554832189026852,
                        2.5357213247051815
                    ]
                ],
                "mui": [
                    0.0,
                    0.0,
                    0.0,
                    1.0,
                    -0.7534819544517736,
                    -0.2729106630576554
                ],
                "Ai": [
                    [
                        0.0,
                        0.0,
                        0.0,
                        0.0,
                        0.0,
                        0.0
                    ],
                    [
                        -0.7064363682175179,
                        0.0,
                        0.0,
                        0.0,
                        0.0,
                        0.0
                    ],
                    [
                        0.9560705625048604,
                        0.6119144220382366,
                        0.0,
                        0.0,
                        0.0,
                        0.0
                    ],
                    [
                        0.0,
                        0.0,
                        0.0,
                        0.0,
                        0.0,
                        0.0
                    ],
                    [
                        -0.8350527656895619,
                        -0.0,
                        0.8583346887256028,
                        -0.7534819544517736,
                        0.0,
                        0.0
                    ],
                    [
                        0.8267962638716678,
                        0.9845885917867734,
                        -0.6125259494267101,
                        -0.671634377382996,
                        -0.5291748687139406,
                        0.0
                    ]
                ]
            },
            "oracle_est_tgt": [
                1,
                3,
                5
            ]
        },
        "4": {
            "intv_type": "hard",
            "inode": 4,
            "new_mui": 1.0,
            "new_vari": 0.1,
            "noise_type": "gaussian",
            "obs_noise_gamma_shape": null,
            "true_params": {
                "Si": [
                    [
                        1.0,
                        -0.7064363682175179,
                        0.523791960540247,
                        0.40974942469353365,
                        0.0,
                        -0.46479089276765556
                    ],
                    [
                        -0.7064363682175179,
                        1.4990523423403566,
                        0.24188873173265113,
                        0.2400229274909882,
                        0.0,
                        0.5825001103310232
                    ],
                    [
                        0.523791960540247,
                        0.24188873173265113,
                        1.6487972778249849,
                        0.5386228539043633,
                        0.0,
                        -0.7004586213718016
                    ],
                    [
                        0.40974942469353365,
                        0.2400229274909882,
                        0.5386228539043633,
                        1.4482487687718217,
                        0.0,
                        -0.7275110054453775
                    ],
                    [
                        0.0,
                        0.0,
                        0.0,
                        0.0,
                        0.1,
                        -0.05291748687139406
                    ],
                    [
                        -0.46479089276765556,
                        0.5825001103310232,
                        -0.7004586213718016,
                        -0.7275110054453775,
                        -0.05291748687139406,
                        2.1349086771639003
                    ]
                ],
                "mui": [
                    0.0,
                    0.0,
                    0.0,
                    0.0,
                    1.0,
                    -0.5291748687139406
                ],
                "Ai": [
                    [
                        0.0,
                        0.0,
                        0.0,
                        0.0,
                        0.0,
                        0.0
                    ],
                    [
                        -0.7064363682175179,
                        0.0,
                        0.0,
                        0.0,
                        0.0,
                        0.0
                    ],
                    [
                        0.9560705625048604,
                        0.6119144220382366,
                        0.0,
                        0.0,
                        0.0,
                        0.0
                    ],
                    [
                        0.7837967600451254,
                        0.5294848229507054,
                        -0.0,
                        0.0,
                        0.0,
                        0.0
                    ],
                    [
                        0.0,
                        0.0,
                        0.0,
                        0.0,
                        0.0,
                        0.0
                    ],
                    [
                        0.8267962638716678,
                        0.9845885917867734,
                        -0.6125259494267101,
                        -0.671634377382996,
                        -0.5291748687139406,
                        0.0
                    ]
                ]
            },
            "oracle_est_tgt": [
                1,
                2,
                4,
                5
            ]
        },
        "5": {
            "intv_type": "hard",
            "inode": 5,
            "new_mui": 1.0,
            "new_vari": 0.1,
            "noise_type": "gaussian",
            "obs_noise_gamma_shape": null,
            "true_params": {
                "Si": [
                    [
                        1.0,
                        -0.7064363682175179,
                        0.523791960540247,
                        0.40974942469353365,
                        -0.6942027536358493,
                        0.0
                    ],
                    [
                        -0.7064363682175179,
                        1.4990523423403566,
                        0.24188873173265113,
                        0.2400229274909882,
                        0.6166801878025578,
                        0.0
                    ],
                    [
                        0.523791960540247,
                        0.24188873173265113,
                        1.6487972778249849,
                        0.5386228539043633,
                        0.5719833722661867,
                        0.0
                    ],
                    [
                        0.40974942469353365,
                        0.2400229274909882,
                        0.5386228539043633,
                        1.4482487687718217,
                        -0.9710730235101116,
                        0.0
                    ],
                    [
                        -0.6942027536358493,
                        0.6166801878025578,
                        0.5719833722661867,
                        -0.9710730235101116,
                        2.8023350988330353,
                        0.0
                    ],
                    [
                        0.0,
                        0.0,
                        0.0,
                        0.0,
                        0.0,
                        0.1
                    ]
                ],
                "mui": [
                    0.0,
                    0.0,
                    0.0,
                    0.0,
                    0.0,
                    1.0
                ],
                "Ai": [
                    [
                        0.0,
                        0.0,
                        0.0,
                        0.0,
                        0.0,
                        0.0
                    ],
                    [
                        -0.7064363682175179,
                        0.0,
                        0.0,
                        0.0,
                        0.0,
                        0.0
                    ],
                    [
                        0.9560705625048604,
                        0.6119144220382366,
                        0.0,
                        0.0,
                        0.0,
                        0.0
                    ],
                    [
                        0.7837967600451254,
                        0.5294848229507054,
                        -0.0,
                        0.0,
                        0.0,
                        0.0
                    ],
                    [
                        -0.8350527656895619,
                        -0.0,
                        0.8583346887256028,
                        -0.7534819544517736,
                        0.0,
                        0.0
                    ],
                    [
                        0.0,
                        0.0,
                        0.0,
                        0.0,
                        0.0,
                        0.0
                    ]
                ]
            },
            "oracle_est_tgt": [
                1,
                2,
                4,
                5
            ]
        },
        "obs": {
            "intv_type": "obs",
            "noise_type": "gaussian",
            "obs_noise_gamma_shape": null,
            "true_params": {
                "Si": [
                    [
                        1.0,
                        -0.7064363682175179,
                        0.523791960540247,
                        0.40974942469353365,
                        -0.6942027536358493,
                        -0.09743624175154897
                    ],
                    [
                        -0.7064363682175179,
                        1.4990523423403566,
                        0.24188873173265113,
                        0.2400229274909882,
                        0.6166801878025578,
                        0.25616845291211654
                    ],
                    [
                        0.523791960540247,
                        0.24188873173265113,
                        1.6487972778249849,
                        0.5386228539043633,
                        0.5719833722661867,
                        -1.003137847297318
                    ],
                    [
                        0.40974942469353365,
                        0.2400229274909882,
                        0.5386228539043633,
                        1.4482487687718217,
                        -0.9710730235101116,
                        -0.21364356571776488
                    ],
                    [
                        -0.6942027536358493,
                        0.6166801878025578,
                        0.5719833722661867,
                        -0.9710730235101116,
                        2.8023350988330353,
                        -1.1478619060166602
                    ],
                    [
                        -0.09743624175154897,
                        0.25616845291211654,
                        -1.003137847297318,
                        -0.21364356571776488,
                        -1.1478619060166602,
                        2.5370186146495497
                    ]
                ],
                "mui": [
                    0.0,
                    0.0,
                    0.0,
                    0.0,
                    0.0,
                    0.0
                ],
                "Ai": [
                    [
                        0.0,
                        0.0,
                        0.0,
                        0.0,
                        0.0,
                        0.0
                    ],
                    [
                        -0.7064363682175179,
                        0.0,
                        0.0,
                        0.0,
                        0.0,
                        0.0
                    ],
                    [
                        0.9560705625048604,
                        0.6119144220382366,
                        0.0,
                        0.0,
                        0.0,
                        0.0
                    ],
                    [
                        0.7837967600451254,
                        0.5294848229507054,
                        -0.0,
                        0.0,
                        0.0,
                        0.0
                    ],
                    [
                        -0.8350527656895619,
                        -0.0,
                        0.8583346887256028,
                        -0.7534819544517736,
                        0.0,
                        0.0
                    ],
                    [
                        0.8267962638716678,
                        0.9845885917867734,
                        -0.6125259494267101,
                        -0.671634377382996,
                        -0.5291748687139406,
                        0.0
                    ]
                ]
            },
            "est_params": {
                "mui": [
                    0.15802152624755939,
                    0.04771471395835485,
                    0.3234293104057385,
                    0.2866304002496512,
                    0.09326694980846248,
                    -0.10394381074491725
                ],
                "Si": [
                    [
                        0.9789960975761796,
                        -0.6012243108747453,
                        0.4700451616842571,
                        0.37783870215641857,
                        -0.6303357172344369,
                        -0.0008420143338453207
                    ],
                    [
                        -0.6012243108747453,
                        1.4367614647354663,
                        0.2871366869407437,
                        0.2551522659553485,
                        0.4605166792091077,
                        0.3018427158177231
                    ],
                    [
                        0.4700451616842571,
                        0.2871366869407437,
                        1.6192000659929133,
                        0.4100160787659998,
                        0.5520720321316759,
                        -0.7852560446774978
                    ],
                    [
                        0.37783870215641857,
                        0.2551522659553485,
                        0.4100160787659998,
                        1.4034431068428397,
                        -0.9105047330246067,
                        -0.1574222466380135
                    ],
                    [
                        -0.6303357172344369,
                        0.4605166792091077,
                        0.5520720321316759,
                        -0.9105047330246067,
                        2.6639698641645175,
                        -1.0413147418075765
                    ],
                    [
                        -0.0008420143338453207,
                        0.3018427158177231,
                        -0.7852560446774978,
                        -0.1574222466380135,
                        -1.0413147418075765,
                        2.476652231328511
                    ]
                ]
            },
            "est_tgt": [
                0,
                1,
                2,
                3,
                4,
                5
            ],
            "oracle_est_tgt": [
                0,
                1,
                2,
                3,
                4,
                5
            ]
        }
    },
    "metric_dict": {
        "param_est_rel_err": 3.77600118198108,
        "est_num_comp": 1,
        "weight_precision_error": 0.0,
        "gm_score_dict": {
            "1": -8.77349289325568,
            "2": -8.733704099780507,
            "3": -8.707729348991178,
            "4": -8.637078016709026,
            "5": -8.563916682487076,
            "6": -8.525747891489434,
            "7": -8.51781147020782
        },
        "est_dag": {
            "amat": [
                [
                    0,
                    0,
                    0,
                    1,
                    1,
                    1
                ],
                [
                    1,
                    0,
                    1,
                    1,
                    0,
                    1
                ],
                [
                    1,
                    0,
                    0,
                    0,
                    1,
                    1
                ],
                [
                    0,
                    0,
                    0,
                    0,
                    1,
                    1
                ],
                [
                    0,
                    0,
                    0,
                    0,
                    0,
                    1
                ],
                [
                    0,
                    0,
                    0,
                    0,
                    0,
                    0
                ]
            ],
            "nodes": [
                0,
                1,
                2,
                3,
                4,
                5
            ]
        },
        "oracle_est_dag": {
            "amat": [
                [
                    0,
                    1,
                    1,
                    1,
                    1,
                    0
                ],
                [
                    0,
                    0,
                    0,
                    0,
                    1,
                    0
                ],
                [
                    0,
                    1,
                    0,
                    1,
                    1,
                    0
                ],
                [
                    0,
                    1,
                    0,
                    0,
                    1,
                    0
                ],
                [
                    0,
                    0,
                    0,
                    0,
                    0,
                    0
                ],
                [
                    0,
                    1,
                    1,
                    0,
                    1,
                    0
                ]
            ],
            "nodes": [
                0,
                1,
                2,
                3,
                4,
                5
            ]
        },
        "igsp_dag": null,
        "intv_base_est_dag": null,
        "act_dag": {
            "amat": [
                [
                    0,
                    1,
                    1,
                    1,
                    1,
                    1
                ],
                [
                    0,
                    0,
                    1,
                    1,
                    0,
                    1
                ],
                [
                    0,
                    0,
                    0,
                    0,
                    1,
                    1
                ],
                [
                    0,
                    0,
                    0,
                    0,
                    1,
                    1
                ],
                [
                    0,
                    0,
                    0,
                    0,
                    0,
                    1
                ],
                [
                    0,
                    0,
                    0,
                    0,
                    0,
                    0
                ]
            ],
            "nodes": [
                0,
                1,
                2,
                3,
                4,
                5
            ]
        },
        "shd": 2,
        "oracle_shd": 9,
        "intv_base_shd": null,
        "igsp_shd": null,
        "avg_js": 0.0,
        "avg_oracle_js": 0.34523809523809523
    }
}