{
    "expt_args": {
        "save_dir": "all_expt_logs/expt_logs_sim_compsel_backward_cameraready_cutoff_var_half",
        "exp_name": "356",
        "num_nodes": 6,
        "num_tgt_prior": 7,
        "obs_noise_mean": 0.0,
        "obs_noise_var": 1.0,
        "obs_noise_gamma_shape": null,
        "noise_type": "gaussian",
        "max_edge_strength": 1.0,
        "graph_sparsity_method": "adj_dense_prop",
        "adj_dense_prop": 0.8,
        "num_parents": null,
        "new_noise_mean": 1.0,
        "mix_samples": 2048,
        "stage2_samples": 2048,
        "gmm_tol": 0.001,
        "intv_type": "do",
        "new_noise_var": null,
        "dtype": "simulation",
        "cutoff_drop_ratio": 0.01,
        "intv_targets": [
            3,
            4,
            0
        ]
    },
    "intv_args_dict": {
        "3": {
            "intv_type": "do",
            "inode": 3,
            "new_mui": 1.0,
            "new_vari": null,
            "noise_type": "gaussian",
            "obs_noise_gamma_shape": null,
            "true_params": {
                "Si": [
                    [
                        1.0,
                        0.8881494773075091,
                        1.4280862316382357,
                        0.0,
                        0.8542542159786296,
                        -2.0055230799146417
                    ],
                    [
                        0.8881494773075091,
                        1.7888094940416017,
                        1.802424676668384,
                        0.0,
                        0.14691745143417156,
                        -1.8738926603286141
                    ],
                    [
                        1.4280862316382357,
                        1.802424676668384,
                        3.3246617297542853,
                        0.0,
                        1.5882125090387276,
                        -3.562994351875037
                    ],
                    [
                        0.0,
                        0.0,
                        0.0,
                        1e-09,
                        -6.338351155742312e-10,
                        1.176426043812934e-09
                    ],
                    [
                        0.8542542159786296,
                        0.14691745143417156,
                        1.5882125090387276,
                        -6.338351155742312e-10,
                        2.587062337059584,
                        -3.042310072146972
                    ],
                    [
                        -2.0055230799146417,
                        -1.8738926603286141,
                        -3.562994351875037,
                        1.176426043812934e-09,
                        -3.042310072146972,
                        6.3256404334168455
                    ]
                ],
                "mui": [
                    0.0,
                    0.0,
                    0.0,
                    1.0,
                    -0.6338351155742311,
                    1.176426043812934
                ],
                "Ai": [
                    [
                        0.0,
                        0.0,
                        0.0,
                        0.0,
                        0.0,
                        0.0
                    ],
                    [
                        0.8881494773075091,
                        0.0,
                        0.0,
                        0.0,
                        0.0,
                        0.0
                    ],
                    [
                        0.9537516749953885,
                        0.5340706364888346,
                        0.0,
                        0.0,
                        0.0,
                        0.0
                    ],
                    [
                        0.0,
                        0.0,
                        0.0,
                        0.0,
                        0.0,
                        0.0
                    ],
                    [
                        0.7347542414738362,
                        -0.98296804988059,
                        0.6950018228784716,
                        -0.6338351155742311,
                        0.0,
                        0.0
                    ],
                    [
                        -0.617226523931899,
                        -0.6643629767898319,
                        0.0,
                        0.5841498953125879,
                        -0.9344325266102774,
                        0.0
                    ]
                ]
            },
            "est_params": {
                "mui": [
                    0.012082072703906505,
                    0.04919282890581405,
                    0.0664694345836526,
                    1.0000017641191492,
                    -0.5594075422011197,
                    1.0781832260939235
                ],
                "Si": [
                    [
                        1.111270816993373,
                        1.0244702317653351,
                        1.5959642766236593,
                        8.584309711275756e-07,
                        0.9645998261549987,
                        -2.3147055637294565
                    ],
                    [
                        1.0244702317653351,
                        1.9855275666737042,
                        2.074794742365906,
                        9.408541368838254e-07,
                        0.2948162967196509,
                        -2.1913247305726147
                    ],
                    [
                        1.595964276623659,
                        2.074794742365906,
                        3.734592441778406,
                        2.9750800547017316e-06,
                        1.919893252749674,
                        -4.158861117108544
                    ],
                    [
                        8.584309711275757e-07,
                        9.408541368838254e-07,
                        2.9750800547017325e-06,
                        1.0011199902806349e-06,
                        2.7619350923993616e-06,
                        -2.2465601984569616e-06
                    ],
                    [
                        0.9645998261549986,
                        0.294816296719651,
                        1.919893252749674,
                        2.7619350923993616e-06,
                        2.8050893817391747,
                        -3.523885819063608
                    ],
                    [
                        -2.3147055637294565,
                        -2.1913247305726147,
                        -4.158861117108544,
                        -2.246560198456961e-06,
                        -3.523885819063608,
                        7.344800101672748
                    ]
                ]
            },
            "est_tgt": [
                2,
                3,
                5
            ],
            "oracle_est_tgt": [
                2,
                3,
                5
            ]
        },
        "4": {
            "intv_type": "do",
            "inode": 4,
            "new_mui": 1.0,
            "new_vari": null,
            "noise_type": "gaussian",
            "obs_noise_gamma_shape": null,
            "true_params": {
                "Si": [
                    [
                        1.0,
                        0.8881494773075091,
                        1.4280862316382357,
                        1.1157778954839142,
                        0.0,
                        -0.5554986136712211
                    ],
                    [
                        0.8881494773075091,
                        1.7888094940416017,
                        1.802424676668384,
                        0.5314767446084494,
                        0.0,
                        -1.4261461302577378
                    ],
                    [
                        1.4280862316382357,
                        1.802424676668384,
                        3.3246617297542853,
                        2.0413661488132107,
                        0.0,
                        -0.8864531021360331
                    ],
                    [
                        1.1157778954839142,
                        0.5314767446084494,
                        2.0413661488132107,
                        2.936828579988259,
                        0.0,
                        0.6737669234989327
                    ],
                    [
                        0.0,
                        0.0,
                        0.0,
                        0.0,
                        1e-09,
                        -9.344325266102775e-10
                    ],
                    [
                        -0.5554986136712211,
                        -1.4261461302577378,
                        -0.8864531021360331,
                        0.6737669234989327,
                        -9.344325266102775e-10,
                        2.683928045500757
                    ]
                ],
                "mui": [
                    0.0,
                    0.0,
                    0.0,
                    0.0,
                    1.0,
                    -0.9344325266102774
                ],
                "Ai": [
                    [
                        0.0,
                        0.0,
                        0.0,
                        0.0,
                        0.0,
                        0.0
                    ],
                    [
                        0.8881494773075091,
                        0.0,
                        0.0,
                        0.0,
                        0.0,
                        0.0
                    ],
                    [
                        0.9537516749953885,
                        0.5340706364888346,
                        0.0,
                        0.0,
                        0.0,
                        0.0
                    ],
                    [
                        0.8626043553401095,
                        -0.829796009531915,
                        0.6933449888005498,
                        0.0,
                        0.0,
                        0.0
                    ],
                    [
                        0.0,
                        0.0,
                        0.0,
                        0.0,
                        0.0,
                        0.0
                    ],
                    [
                        -0.617226523931899,
                        -0.6643629767898319,
                        0.0,
                        0.5841498953125879,
                        -0.9344325266102774,
                        0.0
                    ]
                ]
            },
            "est_params": {
                "mui": [
                    -0.021167691184473165,
                    -0.015642445259019987,
                    -0.0656310178546488,
                    -0.09270153768323582,
                    0.9999982410886696,
                    -0.9336553407982714
                ],
                "Si": [
                    [
                        0.9097273039907622,
                        0.7979512480631333,
                        1.290797088835145,
                        0.9953210063754329,
                        -3.125735773363152e-07,
                        -0.4664253402148121
                    ],
                    [
                        0.7979512480631333,
                        1.6737374553225504,
                        1.7020679807516816,
                        0.4909382217494046,
                        -2.015584563863626e-07,
                        -1.2578311856450417
                    ],
                    [
                        1.290797088835145,
                        1.7020679807516816,
                        3.173181943335251,
                        1.9410585298198157,
                        1.9692018104110957e-06,
                        -0.7629392807619999
                    ],
                    [
                        0.995321006375433,
                        0.4909382217494047,
                        1.9410585298198155,
                        2.7281526306695265,
                        2.08913668492614e-06,
                        0.6941155109333452
                    ],
                    [
                        -3.1257357733631507e-07,
                        -2.015584563863628e-07,
                        1.9692018104110966e-06,
                        2.0891366849261404e-06,
                        1.001023777684204e-06,
                        -3.609629371227854e-07
                    ],
                    [
                        -0.4664253402148121,
                        -1.2578311856450417,
                        -0.7629392807619999,
                        0.6941155109333452,
                        -3.609629371227846e-07,
                        2.582273489361461
                    ]
                ]
            },
            "est_tgt": [
                2,
                4,
                5
            ],
            "oracle_est_tgt": [
                2,
                4,
                5
            ]
        },
        "0": {
            "intv_type": "do",
            "inode": 0,
            "new_mui": 1.0,
            "new_vari": null,
            "noise_type": "gaussian",
            "obs_noise_gamma_shape": null,
            "true_params": {
                "Si": [
                    [
                        1e-09,
                        8.881494773075092e-10,
                        1.4280862316382357e-09,
                        1.1157778954839142e-09,
                        1.4703500463941054e-10,
                        -6.928929045565794e-10
                    ],
                    [
                        8.881494773075092e-10,
                        1.0000000007888095,
                        0.5340706377571887,
                        -0.4595008090658839,
                        -0.32054023479555166,
                        -0.6332571058937039
                    ],
                    [
                        1.4280862316382357e-09,
                        0.5340706377571887,
                        1.2852314467990191,
                        0.4479391002997738,
                        0.08434429469195523,
                        -0.17196723344550038
                    ],
                    [
                        1.1157778954839142e-09,
                        -0.4595008090658839,
                        0.4479391002997738,
                        1.6918682691827067,
                        -0.30937241366104223,
                        1.5826676431462343
                    ],
                    [
                        1.4703500463941054e-10,
                        -0.32054023479555166,
                        0.08434429469195523,
                        -0.30937241366104223,
                        1.5697913477419179,
                        -1.434628893895203
                    ],
                    [
                        -6.928929045565794e-10,
                        -0.6332571058937039,
                        -0.17196723344550038,
                        1.5826676431462343,
                        -1.434628893895203,
                        3.685791616501622
                    ]
                ],
                "mui": [
                    1.0,
                    0.8881494773075091,
                    1.4280862316382357,
                    1.1157778954839142,
                    0.14703500463941052,
                    -0.6928929045565794
                ],
                "Ai": [
                    [
                        0.0,
                        0.0,
                        0.0,
                        0.0,
                        0.0,
                        0.0
                    ],
                    [
                        0.8881494773075091,
                        0.0,
                        0.0,
                        0.0,
                        0.0,
                        0.0
                    ],
                    [
                        0.9537516749953885,
                        0.5340706364888346,
                        0.0,
                        0.0,
                        0.0,
                        0.0
                    ],
                    [
                        0.8626043553401095,
                        -0.829796009531915,
                        0.6933449888005498,
                        0.0,
                        0.0,
                        0.0
                    ],
                    [
                        0.7347542414738362,
                        -0.98296804988059,
                        0.6950018228784716,
                        -0.6338351155742311,
                        0.0,
                        0.0
                    ],
                    [
                        -0.617226523931899,
                        -0.6643629767898319,
                        0.0,
                        0.5841498953125879,
                        -0.9344325266102774,
                        0.0
                    ]
                ]
            },
            "est_params": {
                "mui": [
                    1.0000071250176756,
                    0.8106143801976589,
                    1.2984759296412316,
                    1.108837739151435,
                    0.2135004945274108,
                    -0.7311978694324222
                ],
                "Si": [
                    [
                        1.0241467292151496e-06,
                        -6.6926708677266e-06,
                        -7.760144718625132e-06,
                        2.3948961003982143e-06,
                        -1.4824470227301112e-06,
                        1.7114767045371876e-05
                    ],
                    [
                        -6.692670867726601e-06,
                        1.0497549332012148,
                        0.545634286228943,
                        -0.482202283153861,
                        -0.31104031647239005,
                        -0.6851215117151807
                    ],
                    [
                        -7.760144718625132e-06,
                        0.545634286228943,
                        1.2651614150294468,
                        0.456366508033835,
                        0.07409928994952014,
                        -0.21435458321868625
                    ],
                    [
                        2.3948961003982135e-06,
                        -0.482202283153861,
                        0.456366508033835,
                        1.6435629667778708,
                        -0.30726730889092624,
                        1.5143851619178739
                    ],
                    [
                        -1.4824470227301114e-06,
                        -0.31104031647239005,
                        0.07409928994952013,
                        -0.3072673088909263,
                        1.5620865602803122,
                        -1.4216240051052307
                    ],
                    [
                        1.711476704537188e-05,
                        -0.6851215117151807,
                        -0.21435458321868622,
                        1.5143851619178739,
                        -1.4216240051052307,
                        3.60333949899096
                    ]
                ]
            },
            "est_tgt": [
                0
            ],
            "oracle_est_tgt": [
                0
            ]
        },
        "obs": {
            "intv_type": "obs",
            "noise_type": "gaussian",
            "obs_noise_gamma_shape": null,
            "true_params": {
                "Si": [
                    [
                        1.0,
                        0.8881494773075091,
                        1.4280862316382357,
                        1.1157778954839142,
                        0.14703500463941052,
                        -0.6928929045565794
                    ],
                    [
                        0.8881494773075091,
                        1.7888094940416017,
                        1.802424676668384,
                        0.5314767446084494,
                        -0.18995117240974105,
                        -1.2486495762903191
                    ],
                    [
                        1.4280862316382357,
                        1.802424676668384,
                        3.3246617297542853,
                        2.0413661488132107,
                        0.2943229601763828,
                        -1.1614780494530668
                    ],
                    [
                        1.1157778954839142,
                        0.5314767446084494,
                        2.0413661488132107,
                        2.936828579988259,
                        -0.14531400578607168,
                        0.809553057077472
                    ],
                    [
                        0.14703500463941052,
                        -0.18995117240974105,
                        0.2943229601763828,
                        -0.14531400578607168,
                        1.59141064030961,
                        -1.5365084052294147
                    ],
                    [
                        -0.6928929045565794,
                        -1.2486495762903191,
                        -1.1614780494530668,
                        0.809553057077472,
                        -1.5365084052294147,
                        4.165892193206375
                    ]
                ],
                "mui": [
                    0.0,
                    0.0,
                    0.0,
                    0.0,
                    0.0,
                    0.0
                ],
                "Ai": [
                    [
                        0.0,
                        0.0,
                        0.0,
                        0.0,
                        0.0,
                        0.0
                    ],
                    [
                        0.8881494773075091,
                        0.0,
                        0.0,
                        0.0,
                        0.0,
                        0.0
                    ],
                    [
                        0.9537516749953885,
                        0.5340706364888346,
                        0.0,
                        0.0,
                        0.0,
                        0.0
                    ],
                    [
                        0.8626043553401095,
                        -0.829796009531915,
                        0.6933449888005498,
                        0.0,
                        0.0,
                        0.0
                    ],
                    [
                        0.7347542414738362,
                        -0.98296804988059,
                        0.6950018228784716,
                        -0.6338351155742311,
                        0.0,
                        0.0
                    ],
                    [
                        -0.617226523931899,
                        -0.6643629767898319,
                        0.0,
                        0.5841498953125879,
                        -0.9344325266102774,
                        0.0
                    ]
                ]
            },
            "est_params": {
                "mui": [
                    0.08153320491137962,
                    0.09144525328378991,
                    0.13403448394217513,
                    0.04767079197021642,
                    0.05308601130532343,
                    -0.2000806687508691
                ],
                "Si": [
                    [
                        0.9636109337188844,
                        0.8968324141992754,
                        1.3149330278525497,
                        0.999149638948808,
                        0.053641649328108554,
                        -0.6683941469682322
                    ],
                    [
                        0.8968324141992754,
                        1.7892502034168023,
                        1.7811570950985547,
                        0.6202745549804269,
                        -0.27240438477095824,
                        -1.0828991424686722
                    ],
                    [
                        1.3149330278525497,
                        1.7811570950985547,
                        3.1391396666816287,
                        1.9028522005200788,
                        0.2180096291091494,
                        -1.114451357860846
                    ],
                    [
                        0.999149638948808,
                        0.6202745549804269,
                        1.9028522005200788,
                        2.711019823216861,
                        -0.3126606377496116,
                        0.7740665042306977
                    ],
                    [
                        0.053641649328108554,
                        -0.27240438477095824,
                        0.2180096291091494,
                        -0.3126606377496116,
                        1.7834274451959518,
                        -1.7145341764230397
                    ],
                    [
                        -0.6683941469682322,
                        -1.0828991424686722,
                        -1.114451357860846,
                        0.7740665042306977,
                        -1.7145341764230397,
                        4.058127106284988
                    ]
                ]
            },
            "est_tgt": [
                0,
                1,
                2,
                3,
                4,
                5
            ],
            "oracle_est_tgt": [
                0,
                1,
                2,
                3,
                4,
                5
            ]
        }
    },
    "metric_dict": {
        "param_est_rel_err": 15.918384059636,
        "est_num_comp": 4,
        "weight_precision_error": 0.0011420101805621197,
        "gm_score_dict": {
            "1": -8.625959049321114,
            "2": -7.352068972397813,
            "3": -5.828716319577353,
            "4": -4.3472738628167225,
            "5": -4.3411125738702525,
            "6": -4.337024785294318,
            "7": -4.324497214138081
        },
        "est_dag": {
            "amat": [
                [
                    0,
                    1,
                    0,
                    1,
                    0,
                    1
                ],
                [
                    0,
                    0,
                    1,
                    0,
                    1,
                    0
                ],
                [
                    0,
                    0,
                    0,
                    0,
                    1,
                    0
                ],
                [
                    0,
                    0,
                    1,
                    0,
                    0,
                    1
                ],
                [
                    0,
                    0,
                    0,
                    0,
                    0,
                    0
                ],
                [
                    0,
                    0,
                    1,
                    0,
                    1,
                    0
                ]
            ],
            "nodes": [
                0,
                1,
                2,
                3,
                4,
                5
            ]
        },
        "oracle_est_dag": {
            "amat": [
                [
                    0,
                    1,
                    0,
                    1,
                    0,
                    1
                ],
                [
                    0,
                    0,
                    1,
                    0,
                    1,
                    0
                ],
                [
                    0,
                    0,
                    0,
                    0,
                    0,
                    0
                ],
                [
                    0,
                    0,
                    1,
                    0,
                    1,
                    1
                ],
                [
                    0,
                    0,
                    1,
                    0,
                    0,
                    0
                ],
                [
                    0,
                    0,
                    0,
                    0,
                    1,
                    0
                ]
            ],
            "nodes": [
                0,
                1,
                2,
                3,
                4,
                5
            ]
        },
        "igsp_dag": null,
        "intv_base_est_dag": null,
        "act_dag": {
            "amat": [
                [
                    0,
                    1,
                    1,
                    1,
                    1,
                    1
                ],
                [
                    0,
                    0,
                    1,
                    1,
                    1,
                    1
                ],
                [
                    0,
                    0,
                    0,
                    1,
                    1,
                    0
                ],
                [
                    0,
                    0,
                    0,
                    0,
                    1,
                    1
                ],
                [
                    0,
                    0,
                    0,
                    0,
                    0,
                    1
                ],
                [
                    0,
                    0,
                    0,
                    0,
                    0,
                    0
                ]
            ],
            "nodes": [
                0,
                1,
                2,
                3,
                4,
                5
            ]
        },
        "shd": 8,
        "oracle_shd": 7,
        "intv_base_shd": null,
        "igsp_shd": null,
        "avg_js": 0.41666666666666663,
        "avg_oracle_js": 0.41666666666666663
    }
}