{
    "expt_args": {
        "save_dir": "all_expt_logs/expt_logs_sim_compsel_backward_cameraready_cutoff_var_half",
        "exp_name": "91",
        "num_nodes": 6,
        "num_tgt_prior": 7,
        "obs_noise_mean": 0.0,
        "obs_noise_var": 1.0,
        "obs_noise_gamma_shape": null,
        "noise_type": "gaussian",
        "max_edge_strength": 1.0,
        "graph_sparsity_method": "adj_dense_prop",
        "adj_dense_prop": 0.8,
        "num_parents": null,
        "new_noise_mean": 1.0,
        "mix_samples": 1024,
        "stage2_samples": 1024,
        "gmm_tol": 0.001,
        "intv_type": "do",
        "new_noise_var": null,
        "dtype": "simulation",
        "cutoff_drop_ratio": 0.6,
        "intv_targets": [
            0,
            3,
            1
        ]
    },
    "intv_args_dict": {
        "0": {
            "intv_type": "do",
            "inode": 0,
            "new_mui": 1.0,
            "new_vari": null,
            "noise_type": "gaussian",
            "obs_noise_gamma_shape": null,
            "true_params": {
                "Si": [
                    [
                        1e-09,
                        0.0,
                        -6.225655190843509e-10,
                        -1.028857806621231e-09,
                        -4.50181679602071e-10,
                        -8.98424917116275e-10
                    ],
                    [
                        0.0,
                        1.0,
                        -0.7357141197978649,
                        -1.000220643973937,
                        -2.1306752013618095,
                        -1.965196007466966
                    ],
                    [
                        -6.225655190843509e-10,
                        -0.7357141197978649,
                        1.5412752664575349,
                        1.3953246023395263,
                        2.9231328713495808,
                        2.1813715527427284
                    ],
                    [
                        -1.028857806621231e-09,
                        -1.000220643973937,
                        1.3953246023395263,
                        2.435313201566043,
                        3.7064386283880335,
                        2.820406437542461
                    ],
                    [
                        -4.50181679602071e-10,
                        -2.1306752013618095,
                        2.9231328713495808,
                        3.7064386283880335,
                        7.841596353058716,
                        5.978809203329906
                    ],
                    [
                        -8.98424917116275e-10,
                        -1.965196007466966,
                        2.1813715527427284,
                        2.820406437542461,
                        5.978809203329906,
                        5.834151327371947
                    ]
                ],
                "mui": [
                    1.0,
                    0.0,
                    -0.6225655190843509,
                    -1.0288578066212308,
                    -0.45018167960207095,
                    -0.8984249171162749
                ],
                "Ai": [
                    [
                        0.0,
                        0.0,
                        0.0,
                        0.0,
                        0.0,
                        0.0
                    ],
                    [
                        -0.0,
                        0.0,
                        0.0,
                        0.0,
                        0.0,
                        0.0
                    ],
                    [
                        -0.6225655190843509,
                        -0.7357141197978649,
                        0.0,
                        0.0,
                        0.0,
                        0.0
                    ],
                    [
                        -0.6183081261759495,
                        -0.5150553279983011,
                        0.6594481510140562,
                        0.0,
                        0.0,
                        0.0
                    ],
                    [
                        0.8150420208557301,
                        -0.7824244120335726,
                        0.906237878695583,
                        0.6813684462345395,
                        0.0,
                        0.0
                    ],
                    [
                        -0.6541498584404379,
                        -0.80906097706798,
                        -0.0,
                        0.0,
                        0.5426143926864351,
                        0.0
                    ]
                ]
            },
            "est_params": {
                "mui": [
                    0.2784763641813237,
                    0.25400015527043746,
                    -0.3916242340431265,
                    -0.3004149625328099,
                    -0.5450410009135234,
                    -0.7088521782798034
                ],
                "Si": [
                    [
                        1.0000912522202958,
                        -0.11679629159407569,
                        -0.5682860101370922,
                        -0.7081369635835753,
                        -0.046546626377851674,
                        -0.5557559959157283
                    ],
                    [
                        -0.11679629159407569,
                        0.9459633534020916,
                        -0.6007775615653901,
                        -0.7130128043023879,
                        -1.8621232977666886,
                        -1.6663276697488736
                    ],
                    [
                        -0.5682860101370922,
                        -0.6007775615653901,
                        1.8682934381300387,
                        1.4428225285087046,
                        2.639416475635037,
                        2.248597093471554
                    ],
                    [
                        -0.7081369635835753,
                        -0.7130128043023879,
                        1.4428225285087046,
                        2.9046805674713765,
                        3.228566494534519,
                        2.7349413812129666
                    ],
                    [
                        -0.046546626377851674,
                        -1.8621232977666886,
                        2.639416475635037,
                        3.228566494534519,
                        6.99541410898174,
                        5.172570025688851
                    ],
                    [
                        -0.5557559959157283,
                        -1.6663276697488736,
                        2.248597093471554,
                        2.7349413812129666,
                        5.172570025688851,
                        5.398302524178072
                    ]
                ]
            },
            "est_tgt": [],
            "oracle_est_tgt": [
                0
            ]
        },
        "3": {
            "intv_type": "do",
            "inode": 3,
            "new_mui": 1.0,
            "new_vari": null,
            "noise_type": "gaussian",
            "obs_noise_gamma_shape": null,
            "true_params": {
                "Si": [
                    [
                        1.0,
                        0.0,
                        -0.6225655190843509,
                        0.0,
                        0.25084956549171344,
                        -0.5180352738054957
                    ],
                    [
                        0.0,
                        1.0,
                        -0.7357141197978649,
                        0.0,
                        -1.4491564152855778,
                        -1.595394105255815
                    ],
                    [
                        -0.6225655190843509,
                        -0.7357141197978649,
                        1.9288630916227145,
                        0.0,
                        1.8162324252644086,
                        1.9880025851975534
                    ],
                    [
                        0.0,
                        0.0,
                        0.0,
                        1e-09,
                        6.813684462345396e-10,
                        3.6972032564925457e-10
                    ],
                    [
                        0.25084956549171344,
                        -1.4491564152855778,
                        1.8162324252644086,
                        6.813684462345396e-10,
                        3.9842469137176604,
                        3.170272416918743
                    ],
                    [
                        -0.5180352738054957,
                        -1.595394105255815,
                        1.9880025851975534,
                        3.6972032564925457e-10,
                        3.170272416918743,
                        4.349879256790704
                    ]
                ],
                "mui": [
                    0.0,
                    0.0,
                    0.0,
                    1.0,
                    0.6813684462345395,
                    0.36972032564925456
                ],
                "Ai": [
                    [
                        0.0,
                        0.0,
                        0.0,
                        0.0,
                        0.0,
                        0.0
                    ],
                    [
                        -0.0,
                        0.0,
                        0.0,
                        0.0,
                        0.0,
                        0.0
                    ],
                    [
                        -0.6225655190843509,
                        -0.7357141197978649,
                        0.0,
                        0.0,
                        0.0,
                        0.0
                    ],
                    [
                        0.0,
                        0.0,
                        0.0,
                        0.0,
                        0.0,
                        0.0
                    ],
                    [
                        0.8150420208557301,
                        -0.7824244120335726,
                        0.906237878695583,
                        0.6813684462345395,
                        0.0,
                        0.0
                    ],
                    [
                        -0.6541498584404379,
                        -0.80906097706798,
                        -0.0,
                        0.0,
                        0.5426143926864351,
                        0.0
                    ]
                ]
            },
            "oracle_est_tgt": [
                1,
                2,
                3,
                4
            ]
        },
        "1": {
            "intv_type": "do",
            "inode": 1,
            "new_mui": 1.0,
            "new_vari": null,
            "noise_type": "gaussian",
            "obs_noise_gamma_shape": null,
            "true_params": {
                "Si": [
                    [
                        1.0,
                        0.0,
                        -0.6225655190843509,
                        -1.0288578066212308,
                        -0.45018167960207095,
                        -0.8984249171162749
                    ],
                    [
                        0.0,
                        1e-09,
                        -7.35714119797865e-10,
                        -1.000220643973937e-09,
                        -2.13067520136181e-09,
                        -1.965196007466966e-09
                    ],
                    [
                        -0.6225655190843509,
                        -7.35714119797865e-10,
                        1.3875878260940424,
                        1.2999795461930659,
                        1.6358326333355666,
                        1.2948774776481937
                    ],
                    [
                        -1.0288578066212308,
                        -1.000220643973937e-09,
                        1.2999795461930659,
                        2.4934202511217487,
                        2.038466243507047,
                        1.7791283120982322
                    ],
                    [
                        -0.45018167960207095,
                        -2.13067520136181e-09,
                        1.6358326333355666,
                        2.038466243507047,
                        3.504483088346982,
                        2.1960692463713
                    ],
                    [
                        -0.8984249171162749,
                        -1.965196007466966e-09,
                        1.2948774776481937,
                        1.7791283120982322,
                        2.1960692463713,
                        2.7793233143580567
                    ]
                ],
                "mui": [
                    0.0,
                    1.0,
                    -0.7357141197978649,
                    -1.000220643973937,
                    -2.1306752013618095,
                    -1.965196007466966
                ],
                "Ai": [
                    [
                        0.0,
                        0.0,
                        0.0,
                        0.0,
                        0.0,
                        0.0
                    ],
                    [
                        0.0,
                        0.0,
                        0.0,
                        0.0,
                        0.0,
                        0.0
                    ],
                    [
                        -0.6225655190843509,
                        -0.7357141197978649,
                        0.0,
                        0.0,
                        0.0,
                        0.0
                    ],
                    [
                        -0.6183081261759495,
                        -0.5150553279983011,
                        0.6594481510140562,
                        0.0,
                        0.0,
                        0.0
                    ],
                    [
                        0.8150420208557301,
                        -0.7824244120335726,
                        0.906237878695583,
                        0.6813684462345395,
                        0.0,
                        0.0
                    ],
                    [
                        -0.6541498584404379,
                        -0.80906097706798,
                        -0.0,
                        0.0,
                        0.5426143926864351,
                        0.0
                    ]
                ]
            },
            "oracle_est_tgt": [
                1,
                4,
                5
            ]
        },
        "obs": {
            "intv_type": "obs",
            "noise_type": "gaussian",
            "obs_noise_gamma_shape": null,
            "true_params": {
                "Si": [
                    [
                        1.0,
                        0.0,
                        -0.6225655190843509,
                        -1.0288578066212308,
                        -0.45018167960207095,
                        -0.8984249171162749
                    ],
                    [
                        0.0,
                        1.0,
                        -0.7357141197978649,
                        -1.000220643973937,
                        -2.1306752013618095,
                        -1.965196007466966
                    ],
                    [
                        -0.6225655190843509,
                        -0.7357141197978649,
                        1.9288630916227145,
                        2.035855996142128,
                        3.2034004621130414,
                        2.740699927066209
                    ],
                    [
                        -1.0288578066212308,
                        -1.000220643973937,
                        2.035855996142128,
                        3.4938615867529443,
                        4.169611563381309,
                        3.7447579262562214
                    ],
                    [
                        -0.45018167960207095,
                        -2.1306752013618095,
                        3.2034004621130414,
                        4.169611563381309,
                        8.044259897505395,
                        6.383263641109207
                    ],
                    [
                        -0.8984249171162749,
                        -1.965196007466966,
                        2.740699927066209,
                        3.7447579262562214,
                        6.383263641109207,
                        6.6413186582601655
                    ]
                ],
                "mui": [
                    0.0,
                    0.0,
                    0.0,
                    0.0,
                    0.0,
                    0.0
                ],
                "Ai": [
                    [
                        0.0,
                        0.0,
                        0.0,
                        0.0,
                        0.0,
                        0.0
                    ],
                    [
                        -0.0,
                        0.0,
                        0.0,
                        0.0,
                        0.0,
                        0.0
                    ],
                    [
                        -0.6225655190843509,
                        -0.7357141197978649,
                        0.0,
                        0.0,
                        0.0,
                        0.0
                    ],
                    [
                        -0.6183081261759495,
                        -0.5150553279983011,
                        0.6594481510140562,
                        0.0,
                        0.0,
                        0.0
                    ],
                    [
                        0.8150420208557301,
                        -0.7824244120335726,
                        0.906237878695583,
                        0.6813684462345395,
                        0.0,
                        0.0
                    ],
                    [
                        -0.6541498584404379,
                        -0.80906097706798,
                        -0.0,
                        0.0,
                        0.5426143926864351,
                        0.0
                    ]
                ]
            },
            "est_tgt": [
                0,
                1,
                2,
                3,
                4,
                5
            ],
            "oracle_est_tgt": [
                0,
                1,
                2,
                3,
                4,
                5
            ]
        }
    },
    "metric_dict": {
        "param_est_rel_err": 14.85808997155786,
        "est_num_comp": 1,
        "weight_precision_error": 0.0,
        "gm_score_dict": {
            "1": -8.728848895431721,
            "2": -8.558961845903465,
            "3": -5.999908119006859,
            "4": -4.3836094278624635,
            "5": -4.3686518865728114,
            "6": -4.334343144650433,
            "7": -4.3224983696160155
        },
        "est_dag": {
            "amat": [
                [
                    0,
                    0,
                    1,
                    1,
                    0,
                    1
                ],
                [
                    0,
                    0,
                    0,
                    0,
                    0,
                    1
                ],
                [
                    0,
                    0,
                    0,
                    0,
                    0,
                    0
                ],
                [
                    0,
                    0,
                    0,
                    0,
                    0,
                    0
                ],
                [
                    0,
                    1,
                    1,
                    1,
                    0,
                    1
                ],
                [
                    0,
                    0,
                    0,
                    0,
                    0,
                    0
                ]
            ],
            "nodes": [
                0,
                1,
                2,
                3,
                4,
                5
            ]
        },
        "oracle_est_dag": {
            "amat": [
                [
                    0,
                    1,
                    1,
                    1,
                    0,
                    1
                ],
                [
                    0,
                    0,
                    0,
                    0,
                    0,
                    0
                ],
                [
                    0,
                    0,
                    0,
                    0,
                    0,
                    0
                ],
                [
                    0,
                    0,
                    0,
                    0,
                    0,
                    0
                ],
                [
                    0,
                    0,
                    1,
                    1,
                    0,
                    1
                ],
                [
                    0,
                    1,
                    0,
                    0,
                    0,
                    0
                ]
            ],
            "nodes": [
                0,
                1,
                2,
                3,
                4,
                5
            ]
        },
        "igsp_dag": null,
        "intv_base_est_dag": null,
        "act_dag": {
            "amat": [
                [
                    0,
                    0,
                    1,
                    1,
                    1,
                    1
                ],
                [
                    0,
                    0,
                    1,
                    1,
                    1,
                    1
                ],
                [
                    0,
                    0,
                    0,
                    1,
                    1,
                    0
                ],
                [
                    0,
                    0,
                    0,
                    0,
                    1,
                    0
                ],
                [
                    0,
                    0,
                    0,
                    0,
                    0,
                    1
                ],
                [
                    0,
                    0,
                    0,
                    0,
                    0,
                    0
                ]
            ],
            "nodes": [
                0,
                1,
                2,
                3,
                4,
                5
            ]
        },
        "shd": 7,
        "oracle_shd": 9,
        "intv_base_shd": null,
        "igsp_shd": null,
        "avg_js": 0.0,
        "avg_oracle_js": 0.3958333333333333
    }
}