{
    "expt_args": {
        "save_dir": "all_expt_logs/expt_logs_sim_compsel_backward_cameraready_cutoff_var_half",
        "exp_name": "131",
        "num_nodes": 6,
        "num_tgt_prior": 7,
        "obs_noise_mean": 0.0,
        "obs_noise_var": 1.0,
        "obs_noise_gamma_shape": null,
        "noise_type": "gaussian",
        "max_edge_strength": 1.0,
        "graph_sparsity_method": "adj_dense_prop",
        "adj_dense_prop": 0.8,
        "num_parents": null,
        "new_noise_mean": 1.0,
        "mix_samples": 1048576,
        "stage2_samples": 1048576,
        "gmm_tol": 0.001,
        "intv_type": "do",
        "new_noise_var": null,
        "dtype": "simulation",
        "cutoff_drop_ratio": 0.6,
        "intv_targets": [
            5,
            4,
            1
        ]
    },
    "intv_args_dict": {
        "5": {
            "intv_type": "do",
            "inode": 5,
            "new_mui": 1.0,
            "new_vari": null,
            "noise_type": "gaussian",
            "obs_noise_gamma_shape": null,
            "true_params": {
                "Si": [
                    [
                        1.0,
                        -0.8259948494717713,
                        0.0661947492831354,
                        1.6766116612522446,
                        -1.6001272172291088,
                        0.0
                    ],
                    [
                        -0.8259948494717713,
                        1.682267491353894,
                        -0.8942434330054135,
                        -2.994542827515965,
                        2.97508303879294,
                        0.0
                    ],
                    [
                        0.0661947492831354,
                        -0.8942434330054135,
                        1.7092543429382954,
                        2.358767139870511,
                        -1.4029692841889292,
                        0.0
                    ],
                    [
                        1.6766116612522446,
                        -2.994542827515965,
                        2.358767139870511,
                        7.205523273967008,
                        -6.135580203436564,
                        0.0
                    ],
                    [
                        -1.6001272172291088,
                        2.97508303879294,
                        -1.4029692841889292,
                        -6.135580203436564,
                        7.064554455548632,
                        0.0
                    ],
                    [
                        0.0,
                        0.0,
                        0.0,
                        0.0,
                        0.0,
                        1e-09
                    ]
                ],
                "mui": [
                    0.0,
                    0.0,
                    0.0,
                    0.0,
                    0.0,
                    1.0
                ],
                "Ai": [
                    [
                        0.0,
                        0.0,
                        0.0,
                        0.0,
                        0.0,
                        0.0
                    ],
                    [
                        -0.8259948494717713,
                        0.0,
                        0.0,
                        0.0,
                        0.0,
                        0.0
                    ],
                    [
                        -0.6272831950190864,
                        -0.8395669110354684,
                        0.0,
                        0.0,
                        0.0,
                        0.0
                    ],
                    [
                        0.9093028947340145,
                        -0.8571173878590521,
                        0.8963583878860805,
                        0.0,
                        0.0,
                        0.0
                    ],
                    [
                        0.6165343513200412,
                        0.9815715262424416,
                        0.8736189586589853,
                        -0.8730212041641991,
                        0.0,
                        0.0
                    ],
                    [
                        0.0,
                        0.0,
                        0.0,
                        0.0,
                        0.0,
                        0.0
                    ]
                ]
            },
            "est_params": {
                "mui": [
                    0.003607052328388296,
                    -0.0013557380360522608,
                    -8.791466448467927e-06,
                    0.003101731465060233,
                    -0.002210208421628348,
                    0.999999879939425
                ],
                "Si": [
                    [
                        0.9977658904221918,
                        -0.8232913473156876,
                        0.06456406767465112,
                        1.6674773258586686,
                        -1.5898902818625906,
                        -4.6818429326947674e-08
                    ],
                    [
                        -0.8232913473156876,
                        1.680900926612879,
                        -0.893505800564286,
                        -2.9899728918837174,
                        2.9707782716629736,
                        -8.622738156839307e-10
                    ],
                    [
                        0.06456406767465112,
                        -0.8935058005642861,
                        1.7062296933999974,
                        2.357358209649432,
                        -1.404875004338873,
                        5.908460585026884e-09
                    ],
                    [
                        1.6674773258586686,
                        -2.9899728918837174,
                        2.357358209649432,
                        7.194402015335638,
                        -6.124549822703053,
                        8.59544779586647e-08
                    ],
                    [
                        -1.5898902818625906,
                        2.9707782716629736,
                        -1.4048750043388731,
                        -6.124549822703053,
                        7.052678508177815,
                        -4.072822502805216e-07
                    ],
                    [
                        -4.681842932694762e-08,
                        -8.622738156839175e-10,
                        5.90846058502682e-09,
                        8.595447795866449e-08,
                        -4.072822502805218e-07,
                        1.0063537533103964e-06
                    ]
                ]
            },
            "est_tgt": [
                5
            ],
            "oracle_est_tgt": [
                5
            ]
        },
        "4": {
            "intv_type": "do",
            "inode": 4,
            "new_mui": 1.0,
            "new_vari": null,
            "noise_type": "gaussian",
            "obs_noise_gamma_shape": null,
            "true_params": {
                "Si": [
                    [
                        1.0,
                        -0.8259948494717713,
                        0.0661947492831354,
                        1.6766116612522446,
                        0.0,
                        -1.432859820299686
                    ],
                    [
                        -0.8259948494717713,
                        1.682267491353894,
                        -0.8942434330054135,
                        -2.994542827515965,
                        0.0,
                        3.195873845217161
                    ],
                    [
                        0.0661947492831354,
                        -0.8942434330054135,
                        1.7092543429382954,
                        2.358767139870511,
                        0.0,
                        -2.95774931771692
                    ],
                    [
                        1.6766116612522446,
                        -2.994542827515965,
                        2.358767139870511,
                        7.205523273967008,
                        0.0,
                        -7.2506272796953395
                    ],
                    [
                        0.0,
                        0.0,
                        0.0,
                        0.0,
                        1e-09,
                        0.0
                    ],
                    [
                        -1.432859820299686,
                        3.195873845217161,
                        -2.95774931771692,
                        -7.2506272796953395,
                        0.0,
                        8.790044928137931
                    ]
                ],
                "mui": [
                    0.0,
                    0.0,
                    0.0,
                    0.0,
                    1.0,
                    0.0
                ],
                "Ai": [
                    [
                        0.0,
                        0.0,
                        0.0,
                        0.0,
                        0.0,
                        0.0
                    ],
                    [
                        -0.8259948494717713,
                        0.0,
                        0.0,
                        0.0,
                        0.0,
                        0.0
                    ],
                    [
                        -0.6272831950190864,
                        -0.8395669110354684,
                        0.0,
                        0.0,
                        0.0,
                        0.0
                    ],
                    [
                        0.9093028947340145,
                        -0.8571173878590521,
                        0.8963583878860805,
                        0.0,
                        0.0,
                        0.0
                    ],
                    [
                        0.0,
                        0.0,
                        0.0,
                        0.0,
                        0.0,
                        0.0
                    ],
                    [
                        0.0,
                        0.5495288107050487,
                        -0.6738845531452933,
                        -0.5572812450092857,
                        0.0,
                        0.0
                    ]
                ]
            },
            "est_params": {
                "mui": [
                    -2.2145762778167268e-05,
                    0.0013230729375050933,
                    0.001883670167509272,
                    -0.0006478976462226045,
                    0.9999996412354302,
                    0.0034251103443680092
                ],
                "Si": [
                    [
                        1.0007135016506061,
                        -0.8259886495921297,
                        0.062061669048062026,
                        1.670782392838961,
                        -1.5519829758529223e-07,
                        -1.4268356577795736
                    ],
                    [
                        -0.8259886495921297,
                        1.6783014262548033,
                        -0.8868731330884853,
                        -2.982173577379583,
                        -3.2114415952587026e-08,
                        3.182329367026425
                    ],
                    [
                        0.06206166904806201,
                        -0.8868731330884853,
                        1.7038493668840753,
                        2.34538685147038,
                        2.789673417354055e-07,
                        -2.94541803861238
                    ],
                    [
                        1.670782392838961,
                        -2.982173577379583,
                        2.3453868514703795,
                        7.167719198343684,
                        3.7490672045710744e-07,
                        -7.21682053602023
                    ],
                    [
                        -1.5519829758529225e-07,
                        -3.211441595258705e-08,
                        2.7896734173540545e-07,
                        3.749067204571073e-07,
                        1.0071607482451572e-06,
                        -2.832468098602748e-07
                    ],
                    [
                        -1.4268356577795738,
                        3.182329367026425,
                        -2.9454180386123796,
                        -7.216820536020229,
                        -2.83246809860275e-07,
                        8.760833562130216
                    ]
                ]
            },
            "est_tgt": [
                3,
                4
            ],
            "oracle_est_tgt": [
                3,
                4
            ]
        },
        "1": {
            "intv_type": "do",
            "inode": 1,
            "new_mui": 1.0,
            "new_vari": null,
            "noise_type": "gaussian",
            "obs_noise_gamma_shape": null,
            "true_params": {
                "Si": [
                    [
                        1.0,
                        0.0,
                        -0.6272831950190864,
                        0.34703234129867644,
                        -0.2344387327813061,
                        0.2293218403535751
                    ],
                    [
                        0.0,
                        1e-09,
                        -8.395669110354685e-10,
                        -1.609670230757301e-09,
                        1.653386198862098e-09,
                        2.0123390136345725e-09
                    ],
                    [
                        -0.6272831950190864,
                        -8.395669110354685e-10,
                        1.3934842074582257,
                        0.6786708334127185,
                        0.2381385554511542,
                        -1.317258009915105
                    ],
                    [
                        0.34703234129867644,
                        -1.609670230757301e-09,
                        0.6786708334127185,
                        1.9238898080320124,
                        -0.8727395322794443,
                        -1.5294934996723892
                    ],
                    [
                        -0.2344387327813061,
                        1.653386198862098e-09,
                        0.2381385554511542,
                        -0.8727395322794443,
                        1.8254229438053946,
                        0.32588347999922707
                    ],
                    [
                        0.2293218403535751,
                        2.0123390136345725e-09,
                        -1.317258009915105,
                        -1.5294934996723892,
                        0.32588347999922707,
                        2.740037868225576
                    ]
                ],
                "mui": [
                    0.0,
                    1.0,
                    -0.8395669110354684,
                    -1.609670230757301,
                    1.653386198862098,
                    2.0123390136345725
                ],
                "Ai": [
                    [
                        0.0,
                        0.0,
                        0.0,
                        0.0,
                        0.0,
                        0.0
                    ],
                    [
                        0.0,
                        0.0,
                        0.0,
                        0.0,
                        0.0,
                        0.0
                    ],
                    [
                        -0.6272831950190864,
                        -0.8395669110354684,
                        0.0,
                        0.0,
                        0.0,
                        0.0
                    ],
                    [
                        0.9093028947340145,
                        -0.8571173878590521,
                        0.8963583878860805,
                        0.0,
                        0.0,
                        0.0
                    ],
                    [
                        0.6165343513200412,
                        0.9815715262424416,
                        0.8736189586589853,
                        -0.8730212041641991,
                        0.0,
                        0.0
                    ],
                    [
                        0.0,
                        0.5495288107050487,
                        -0.6738845531452933,
                        -0.5572812450092857,
                        0.0,
                        0.0
                    ]
                ]
            },
            "est_params": {
                "mui": [
                    0.0009917583704651311,
                    0.9999997096596358,
                    -0.8414675174793537,
                    -1.6080160192607214,
                    1.6533873750103294,
                    2.0117540274421604
                ],
                "Si": [
                    [
                        1.0006179403556652,
                        1.3191600464769805e-07,
                        -0.6272968214469916,
                        0.3482339998018695,
                        -0.23726002937491092,
                        0.22791131454137187
                    ],
                    [
                        1.319160046476981e-07,
                        1.0106113817967283e-06,
                        -6.521353782247007e-08,
                        4.030840501231826e-07,
                        -1.5924700809772613e-07,
                        -5.460691367390695e-07
                    ],
                    [
                        -0.6272968214469917,
                        -6.521353782246988e-08,
                        1.394800674497673,
                        0.6797152017072055,
                        0.24090768926359854,
                        -1.3189038105375774
                    ],
                    [
                        0.3482339998018695,
                        4.030840501231827e-07,
                        0.6797152017072055,
                        1.920078067387482,
                        -0.8694725304034655,
                        -1.530170890510966
                    ],
                    [
                        -0.23726002937491092,
                        -1.5924700809772608e-07,
                        0.24090768926359854,
                        -0.8694725304034655,
                        1.8211008793234034,
                        0.321012167238852
                    ],
                    [
                        0.22791131454137187,
                        -5.4606913673907e-07,
                        -1.3189038105375774,
                        -1.530170890510966,
                        0.321012167238852,
                        2.7447788250634
                    ]
                ]
            },
            "est_tgt": [
                1,
                4
            ],
            "oracle_est_tgt": [
                1
            ]
        },
        "obs": {
            "intv_type": "obs",
            "noise_type": "gaussian",
            "obs_noise_gamma_shape": null,
            "true_params": {
                "Si": [
                    [
                        1.0,
                        -0.8259948494717713,
                        0.0661947492831354,
                        1.6766116612522446,
                        -1.6001272172291088,
                        -1.432859820299686
                    ],
                    [
                        -0.8259948494717713,
                        1.682267491353894,
                        -0.8942434330054135,
                        -2.994542827515965,
                        2.97508303879294,
                        3.195873845217161
                    ],
                    [
                        0.0661947492831354,
                        -0.8942434330054135,
                        1.7092543429382954,
                        2.358767139870511,
                        -1.4029692841889292,
                        -2.95774931771692
                    ],
                    [
                        1.6766116612522446,
                        -2.994542827515965,
                        2.358767139870511,
                        7.205523273967008,
                        -6.135580203436564,
                        -7.2506272796953395
                    ],
                    [
                        -1.6001272172291088,
                        2.97508303879294,
                        -1.4029692841889292,
                        -6.135580203436564,
                        7.064554455548632,
                        5.999576947834329
                    ],
                    [
                        -1.432859820299686,
                        3.195873845217161,
                        -2.95774931771692,
                        -7.2506272796953395,
                        5.999576947834329,
                        8.790044928137931
                    ]
                ],
                "mui": [
                    0.0,
                    0.0,
                    0.0,
                    0.0,
                    0.0,
                    0.0
                ],
                "Ai": [
                    [
                        0.0,
                        0.0,
                        0.0,
                        0.0,
                        0.0,
                        0.0
                    ],
                    [
                        -0.8259948494717713,
                        0.0,
                        0.0,
                        0.0,
                        0.0,
                        0.0
                    ],
                    [
                        -0.6272831950190864,
                        -0.8395669110354684,
                        0.0,
                        0.0,
                        0.0,
                        0.0
                    ],
                    [
                        0.9093028947340145,
                        -0.8571173878590521,
                        0.8963583878860805,
                        0.0,
                        0.0,
                        0.0
                    ],
                    [
                        0.6165343513200412,
                        0.9815715262424416,
                        0.8736189586589853,
                        -0.8730212041641991,
                        0.0,
                        0.0
                    ],
                    [
                        0.0,
                        0.5495288107050487,
                        -0.6738845531452933,
                        -0.5572812450092857,
                        0.0,
                        0.0
                    ]
                ]
            },
            "est_params": {
                "mui": [
                    0.2842887763572923,
                    -0.5572390388783937,
                    0.3347668011757955,
                    1.1634931884221864,
                    -1.158448883373875,
                    -1.203247527838702
                ],
                "Si": [
                    [
                        0.8712332038485299,
                        -0.5862487012396281,
                        -0.07589906589940848,
                        1.1617252786538976,
                        -1.0912276575206337,
                        -0.9071908696170594
                    ],
                    [
                        -0.5862487012396281,
                        1.2122060324283048,
                        -0.6063919067719747,
                        -2.0017853819484372,
                        1.9954758852895629,
                        2.166511108650652
                    ],
                    [
                        -0.07589906589940848,
                        -0.6063919067719747,
                        1.5281095496732287,
                        1.763226853576249,
                        -0.8157577472426222,
                        -2.3327411686859927
                    ],
                    [
                        1.1617252786538979,
                        -2.0017853819484372,
                        1.7632268535762494,
                        5.124018686662066,
                        -4.072258764137626,
                        -5.103508392970333
                    ],
                    [
                        -1.0912276575206337,
                        1.9954758852895633,
                        -0.8157577472426222,
                        -4.072258764137626,
                        5.0170642410471515,
                        3.8757118757602966
                    ],
                    [
                        -0.9071908696170594,
                        2.166511108650652,
                        -2.3327411686859927,
                        -5.103508392970334,
                        3.8757118757602966,
                        6.562612351361619
                    ]
                ]
            },
            "est_tgt": [
                0,
                1,
                2,
                3,
                4,
                5
            ],
            "oracle_est_tgt": [
                0,
                1,
                2,
                3,
                4,
                5
            ]
        },
        "left_comp_3": {
            "true_params": {
                "mui": [
                    -0.5003007280465694,
                    0.9627795165445001,
                    -0.5846931734355013,
                    -2.0327715170536065,
                    2.0075161675605013,
                    2.095438726170738
                ],
                "Si": [
                    [
                        0.8330571700886855,
                        -0.5000276930672238,
                        -0.12612199710834415,
                        1.007193137131804,
                        -0.9296212143119373,
                        -0.7347749651305262
                    ],
                    [
                        -0.5000276930672238,
                        1.0509014309994649,
                        -0.521402940520865,
                        -1.6795509901655252,
                        1.6604941194348308,
                        1.8371642202004181
                    ],
                    [
                        -0.12612199710834412,
                        -0.5214029405208651,
                        1.4869778988739433,
                        1.5744866603311594,
                        -0.6265192047950916,
                        -2.1478800791868657
                    ],
                    [
                        1.007193137131804,
                        -1.6795509901655252,
                        1.5744866603311598,
                        4.464554572080294,
                        -3.4044771584051468,
                        -4.413886216965689
                    ],
                    [
                        -0.9296212143119373,
                        1.6604941194348308,
                        -0.6265192047950916,
                        -3.4044771584051468,
                        4.33995557788685,
                        3.1780650958957004
                    ],
                    [
                        -0.7347749651305262,
                        1.8371642202004181,
                        -2.1478800791868657,
                        -4.413886216965689,
                        3.1780650958957004,
                        5.857284308816134
                    ]
                ]
            },
            "est_params": {
                "mui": [
                    -0.5003007280465694,
                    0.9627795165445001,
                    -0.5846931734355013,
                    -2.0327715170536065,
                    2.0075161675605013,
                    2.095438726170738
                ],
                "Si": [
                    [
                        0.8330571700886855,
                        -0.5000276930672238,
                        -0.12612199710834415,
                        1.007193137131804,
                        -0.9296212143119373,
                        -0.7347749651305262
                    ],
                    [
                        -0.5000276930672238,
                        1.0509014309994649,
                        -0.521402940520865,
                        -1.6795509901655252,
                        1.6604941194348308,
                        1.8371642202004181
                    ],
                    [
                        -0.12612199710834412,
                        -0.5214029405208651,
                        1.4869778988739433,
                        1.5744866603311594,
                        -0.6265192047950916,
                        -2.1478800791868657
                    ],
                    [
                        1.007193137131804,
                        -1.6795509901655252,
                        1.5744866603311598,
                        4.464554572080294,
                        -3.4044771584051468,
                        -4.413886216965689
                    ],
                    [
                        -0.9296212143119373,
                        1.6604941194348308,
                        -0.6265192047950916,
                        -3.4044771584051468,
                        4.33995557788685,
                        3.1780650958957004
                    ],
                    [
                        -0.7347749651305262,
                        1.8371642202004181,
                        -2.1478800791868657,
                        -4.413886216965689,
                        3.1780650958957004,
                        5.857284308816134
                    ]
                ]
            },
            "est_tgt": [
                0,
                1,
                2,
                3,
                4,
                5
            ]
        }
    },
    "metric_dict": {
        "param_est_rel_err": 39.0603823875742,
        "est_num_comp": 5,
        "weight_precision_error": 0.19187048953504857,
        "gm_score_dict": {
            "1": -9.249947455346145,
            "2": -7.841044601148129,
            "3": -9.0031564867884,
            "4": -7.333698235281344,
            "5": -4.340539529745744,
            "6": -4.34057919277902,
            "7": -4.341029519186495
        },
        "est_dag": {
            "amat": [
                [
                    0,
                    1,
                    1,
                    1,
                    1,
                    0
                ],
                [
                    0,
                    0,
                    1,
                    0,
                    1,
                    1
                ],
                [
                    0,
                    0,
                    0,
                    1,
                    1,
                    1
                ],
                [
                    0,
                    0,
                    0,
                    0,
                    0,
                    1
                ],
                [
                    0,
                    0,
                    0,
                    1,
                    0,
                    0
                ],
                [
                    0,
                    0,
                    0,
                    0,
                    0,
                    0
                ]
            ],
            "nodes": [
                0,
                1,
                2,
                3,
                4,
                5
            ]
        },
        "oracle_est_dag": {
            "amat": [
                [
                    0,
                    1,
                    1,
                    1,
                    1,
                    0
                ],
                [
                    0,
                    0,
                    1,
                    0,
                    1,
                    1
                ],
                [
                    0,
                    0,
                    0,
                    1,
                    1,
                    1
                ],
                [
                    0,
                    0,
                    0,
                    0,
                    0,
                    1
                ],
                [
                    0,
                    0,
                    0,
                    1,
                    0,
                    0
                ],
                [
                    0,
                    0,
                    0,
                    0,
                    0,
                    0
                ]
            ],
            "nodes": [
                0,
                1,
                2,
                3,
                4,
                5
            ]
        },
        "igsp_dag": null,
        "intv_base_est_dag": null,
        "act_dag": {
            "amat": [
                [
                    0,
                    1,
                    1,
                    1,
                    1,
                    0
                ],
                [
                    0,
                    0,
                    1,
                    1,
                    1,
                    1
                ],
                [
                    0,
                    0,
                    0,
                    1,
                    1,
                    1
                ],
                [
                    0,
                    0,
                    0,
                    0,
                    1,
                    1
                ],
                [
                    0,
                    0,
                    0,
                    0,
                    0,
                    0
                ],
                [
                    0,
                    0,
                    0,
                    0,
                    0,
                    0
                ]
            ],
            "nodes": [
                0,
                1,
                2,
                3,
                4,
                5
            ]
        },
        "shd": 2,
        "oracle_shd": 2,
        "intv_base_shd": null,
        "igsp_shd": null,
        "avg_js": 0.5,
        "avg_oracle_js": 0.625
    }
}