{
    "expt_args": {
        "save_dir": "all_expt_logs/expt_logs_sim_compsel_backward_cameraready_cutoff_var_half",
        "exp_name": "182",
        "num_nodes": 6,
        "num_tgt_prior": 7,
        "obs_noise_mean": 0.0,
        "obs_noise_var": 1.0,
        "obs_noise_gamma_shape": null,
        "noise_type": "gaussian",
        "max_edge_strength": 1.0,
        "graph_sparsity_method": "adj_dense_prop",
        "adj_dense_prop": 0.8,
        "num_parents": null,
        "new_noise_mean": 1.0,
        "mix_samples": 2048,
        "stage2_samples": 2048,
        "gmm_tol": 0.001,
        "intv_type": "do",
        "new_noise_var": null,
        "dtype": "simulation",
        "cutoff_drop_ratio": 0.3,
        "intv_targets": [
            0,
            1,
            2
        ]
    },
    "intv_args_dict": {
        "0": {
            "intv_type": "do",
            "inode": 0,
            "new_mui": 1.0,
            "new_vari": null,
            "noise_type": "gaussian",
            "obs_noise_gamma_shape": null,
            "true_params": {
                "Si": [
                    [
                        1e-09,
                        -7.993049903027694e-10,
                        -1.3682716634103914e-09,
                        3.930044382971254e-10,
                        -2.3567643032582237e-09,
                        -1.8762330014517177e-09
                    ],
                    [
                        -7.993049903027694e-10,
                        1.0000000006388885,
                        0.7154043924646809,
                        0.3549551800988725,
                        1.144727707271676,
                        0.11102529474302439
                    ],
                    [
                        -1.3682716634103914e-09,
                        0.7154043924646809,
                        1.511803445065099,
                        -0.5957412319319055,
                        1.5049526284560744,
                        0.7898163223056182
                    ],
                    [
                        3.930044382971254e-10,
                        0.3549551800988725,
                        -0.5957412319319055,
                        1.8479454186594682,
                        -0.17655987707393736,
                        -1.5115801438027332
                    ],
                    [
                        -2.3567643032582237e-09,
                        1.144727707271676,
                        1.5049526284560744,
                        -0.17655987707393736,
                        2.7810104190068063,
                        1.401903072733979
                    ],
                    [
                        -1.8762330014517177e-09,
                        0.11102529474302439,
                        0.7898163223056182,
                        -1.5115801438027332,
                        1.401903072733979,
                        3.034641095119692
                    ]
                ],
                "mui": [
                    1.0,
                    -0.7993049903027694,
                    -1.3682716634103913,
                    0.3930044382971254,
                    -2.3567643032582235,
                    -1.8762330014517175
                ],
                "Ai": [
                    [
                        0.0,
                        0.0,
                        0.0,
                        0.0,
                        0.0,
                        0.0
                    ],
                    [
                        -0.7993049903027694,
                        0.0,
                        0.0,
                        0.0,
                        0.0,
                        0.0
                    ],
                    [
                        -0.796445363303024,
                        0.7154043913710145,
                        0.0,
                        0.0,
                        0.0,
                        0.0
                    ],
                    [
                        -0.0,
                        0.96281835698771,
                        -0.8496777262015217,
                        0.0,
                        0.0,
                        0.0
                    ],
                    [
                        -0.8954087316857359,
                        0.6539535696279086,
                        0.6860093978728101,
                        -0.0,
                        0.0,
                        0.0
                    ],
                    [
                        -0.5165913106751248,
                        0.0,
                        -0.6348022606593651,
                        -0.9473879988178024,
                        0.7874762635427976,
                        0.0
                    ]
                ]
            },
            "est_params": {
                "mui": [
                    1.000003629586386,
                    -0.7935190240221909,
                    -1.3821410807765324,
                    0.4186287693588555,
                    -2.355265173868979,
                    -1.8083836791112098
                ],
                "Si": [
                    [
                        1.0074512301262558e-06,
                        -1.3838424648595371e-06,
                        -1.0233874730527644e-06,
                        2.67040886257959e-06,
                        -3.0846066509705073e-06,
                        -7.891474451214128e-07
                    ],
                    [
                        -1.3838424648595365e-06,
                        1.0133949069606965,
                        0.7673532854064381,
                        0.27686102800710877,
                        1.173883754867814,
                        0.16291851899332924
                    ],
                    [
                        -1.0233874730527644e-06,
                        0.7673532854064382,
                        1.5682752843437997,
                        -0.6053236312163705,
                        1.5213107841011078,
                        0.8250399529826516
                    ],
                    [
                        2.67040886257959e-06,
                        0.2768610280071088,
                        -0.6053236312163705,
                        1.7921373619054186,
                        -0.12952461140122945,
                        -1.5228316874115073
                    ],
                    [
                        -3.0846066509705065e-06,
                        1.1738837548678138,
                        1.5213107841011078,
                        -0.12952461140122948,
                        2.8098439562267883,
                        1.3785486441231887
                    ],
                    [
                        -7.891474451214149e-07,
                        0.16291851899332918,
                        0.8250399529826516,
                        -1.5228316874115073,
                        1.3785486441231884,
                        3.1020886519900874
                    ]
                ]
            },
            "est_tgt": [
                0,
                4,
                5
            ],
            "oracle_est_tgt": [
                0,
                1,
                2,
                3,
                4,
                5
            ]
        },
        "1": {
            "intv_type": "do",
            "inode": 1,
            "new_mui": 1.0,
            "new_vari": null,
            "noise_type": "gaussian",
            "obs_noise_gamma_shape": null,
            "true_params": {
                "Si": [
                    [
                        1.0,
                        0.0,
                        -0.796445363303024,
                        0.6767218853350583,
                        -1.4417777358038348,
                        -1.7874899305124856
                    ],
                    [
                        0.0,
                        1e-09,
                        7.154043913710146e-10,
                        3.549551804130029e-10,
                        1.1447277053879027e-09,
                        1.1102529324334199e-10
                    ],
                    [
                        -0.796445363303024,
                        7.154043913710146e-10,
                        1.6343252172386893,
                        -1.388649733768373,
                        1.8343065912862497,
                        2.134026404585822
                    ],
                    [
                        0.6767218853350583,
                        3.549551804130029e-10,
                        -1.388649733768373,
                        2.179904748620417,
                        -1.5585694525384,
                        -2.760622701813395
                    ],
                    [
                        -1.4417777358038348,
                        1.1447277053879027e-09,
                        1.8343065912862497,
                        -1.5585694525384,
                        3.5493319347398495,
                        3.85197252405121
                    ],
                    [
                        -1.7874899305124856,
                        1.1102529324334199e-10,
                        2.134026404585822,
                        -2.760622701813395,
                        3.85197252405121,
                        6.217434727555529
                    ]
                ],
                "mui": [
                    0.0,
                    1.0,
                    0.7154043913710145,
                    0.3549551804130029,
                    1.1447277053879026,
                    0.11102529324334198
                ],
                "Ai": [
                    [
                        0.0,
                        0.0,
                        0.0,
                        0.0,
                        0.0,
                        0.0
                    ],
                    [
                        0.0,
                        0.0,
                        0.0,
                        0.0,
                        0.0,
                        0.0
                    ],
                    [
                        -0.796445363303024,
                        0.7154043913710145,
                        0.0,
                        0.0,
                        0.0,
                        0.0
                    ],
                    [
                        -0.0,
                        0.96281835698771,
                        -0.8496777262015217,
                        0.0,
                        0.0,
                        0.0
                    ],
                    [
                        -0.8954087316857359,
                        0.6539535696279086,
                        0.6860093978728101,
                        -0.0,
                        0.0,
                        0.0
                    ],
                    [
                        -0.5165913106751248,
                        0.0,
                        -0.6348022606593651,
                        -0.9473879988178024,
                        0.7874762635427976,
                        0.0
                    ]
                ]
            },
            "est_params": {
                "mui": [
                    -0.04824464048219185,
                    1.0000004303254424,
                    0.710144892423354,
                    0.40837953372520913,
                    1.1745713022030946,
                    0.07662092135953723
                ],
                "Si": [
                    [
                        1.0022120642339298,
                        2.7048613091754784e-06,
                        -0.8701697182628602,
                        0.7271720776144568,
                        -1.5076774161251358,
                        -1.7621111978284119
                    ],
                    [
                        2.704861309175479e-06,
                        1.0009865099336521e-06,
                        -3.427080286318686e-06,
                        2.962987954523435e-06,
                        -5.157649024672763e-06,
                        -4.556965602816475e-06
                    ],
                    [
                        -0.8701697182628602,
                        -3.427080286318686e-06,
                        1.7712301685349192,
                        -1.5385758238201799,
                        2.142461113543703,
                        2.3281302810782436
                    ],
                    [
                        0.7271720776144567,
                        2.9629879545234346e-06,
                        -1.5385758238201799,
                        2.2630122099767678,
                        -1.8002019112670944,
                        -2.8664901003872836
                    ],
                    [
                        -1.5076774161251358,
                        -5.157649024672763e-06,
                        2.142461113543703,
                        -1.8002019112670944,
                        4.046118076618604,
                        4.042257686590005
                    ],
                    [
                        -1.7621111978284119,
                        -4.556965602816474e-06,
                        2.3281302810782436,
                        -2.8664901003872836,
                        4.042257686590004,
                        6.0324654665723605
                    ]
                ]
            },
            "est_tgt": [
                0,
                1,
                4
            ],
            "oracle_est_tgt": [
                0,
                1,
                3,
                4
            ]
        },
        "2": {
            "intv_type": "do",
            "inode": 2,
            "new_mui": 1.0,
            "new_vari": null,
            "noise_type": "gaussian",
            "obs_noise_gamma_shape": null,
            "true_params": {
                "Si": [
                    [
                        1.0,
                        -0.7993049903027694,
                        0.0,
                        -0.7695855174953898,
                        -1.4181170833156327,
                        -0.9042287693716091
                    ],
                    [
                        -0.7993049903027694,
                        1.6388884675229103,
                        0.0,
                        1.5779519015865144,
                        1.787461631155702,
                        0.3255649248234882
                    ],
                    [
                        0.0,
                        0.0,
                        1e-09,
                        -8.496777262015217e-10,
                        6.860093978728101e-10,
                        7.103883373988802e-10
                    ],
                    [
                        -0.7695855174953898,
                        1.5779519015865144,
                        -8.496777262015217e-10,
                        2.519281058013113,
                        1.7210008703050181,
                        -0.6339281134100254
                    ],
                    [
                        -1.4181170833156327,
                        1.787461631155702,
                        6.860093978728101e-10,
                        1.7210008703050181,
                        3.4387113336913298,
                        1.8100349443008787
                    ],
                    [
                        -0.9042287693716091,
                        0.3255649248234882,
                        7.103883373988802e-10,
                        -0.6339281134100254,
                        1.8100349443008787,
                        3.493052166246699
                    ]
                ],
                "mui": [
                    0.0,
                    0.0,
                    1.0,
                    -0.8496777262015217,
                    0.6860093978728101,
                    0.7103883373988802
                ],
                "Ai": [
                    [
                        0.0,
                        0.0,
                        0.0,
                        0.0,
                        0.0,
                        0.0
                    ],
                    [
                        -0.7993049903027694,
                        0.0,
                        0.0,
                        0.0,
                        0.0,
                        0.0
                    ],
                    [
                        0.0,
                        0.0,
                        0.0,
                        0.0,
                        0.0,
                        0.0
                    ],
                    [
                        -0.0,
                        0.96281835698771,
                        -0.8496777262015217,
                        0.0,
                        0.0,
                        0.0
                    ],
                    [
                        -0.8954087316857359,
                        0.6539535696279086,
                        0.6860093978728101,
                        -0.0,
                        0.0,
                        0.0
                    ],
                    [
                        -0.5165913106751248,
                        0.0,
                        -0.6348022606593651,
                        -0.9473879988178024,
                        0.7874762635427976,
                        0.0
                    ]
                ]
            },
            "est_params": {
                "mui": [
                    0.018930602007440615,
                    0.013348733774121413,
                    1.0000039783265842,
                    -0.8018717163061609,
                    0.655935950883785,
                    0.5995065152106452
                ],
                "Si": [
                    [
                        0.9570056433003332,
                        -0.7667974998050554,
                        -4.174662533780192e-06,
                        -0.7748340037790267,
                        -1.3842356527868953,
                        -0.8281436152018499
                    ],
                    [
                        -0.7667974998050554,
                        1.5660412326540027,
                        4.744642350857761e-06,
                        1.604680144207166,
                        1.7120869548761652,
                        0.2154169712175142
                    ],
                    [
                        -4.174662533780191e-06,
                        4.744642350857761e-06,
                        1.0286077512598532e-06,
                        -8.70509896578729e-08,
                        9.099793135719804e-06,
                        1.4224259673785915e-05
                    ],
                    [
                        -0.7748340037790267,
                        1.6046801442071663,
                        -8.70509896578729e-08,
                        2.51430690392444,
                        1.8034073501989858,
                        -0.5573110388663074
                    ],
                    [
                        -1.3842356527868953,
                        1.7120869548761652,
                        9.099793135719806e-06,
                        1.8034073501989862,
                        3.3309275047709046,
                        1.6280048861676764
                    ],
                    [
                        -0.8281436152018498,
                        0.2154169712175142,
                        1.4224259673785915e-05,
                        -0.5573110388663074,
                        1.6280048861676764,
                        3.3030075046543472
                    ]
                ]
            },
            "est_tgt": [
                0,
                1,
                2,
                4
            ],
            "oracle_est_tgt": [
                0,
                2,
                3,
                4
            ]
        },
        "obs": {
            "intv_type": "obs",
            "noise_type": "gaussian",
            "obs_noise_gamma_shape": null,
            "true_params": {
                "Si": [
                    [
                        1.0,
                        -0.7993049903027694,
                        -1.3682716634103913,
                        0.3930044382971254,
                        -2.3567643032582235,
                        -1.8762330014517175
                    ],
                    [
                        -0.7993049903027694,
                        1.6388884675229103,
                        1.8090707600248113,
                        0.04082477167097376,
                        3.02850117394963,
                        1.610707694274443
                    ],
                    [
                        -1.3682716634103913,
                        1.8090707600248113,
                        3.383970788084771,
                        -1.133478067910643,
                        4.729646438716742,
                        3.3570127695802343
                    ],
                    [
                        0.3930044382971254,
                        0.04082477167097376,
                        -1.133478067910643,
                        2.0023979070262543,
                        -1.1027787073484328,
                        -2.2489480399154274
                    ],
                    [
                        -2.3567643032582235,
                        3.02850117394963,
                        4.729646438716742,
                        -1.1027787073484328,
                        8.335348394564688,
                        5.823742030728582
                    ],
                    [
                        -1.8762330014517175,
                        1.610707694274443,
                        3.3570127695802343,
                        -2.2489480399154274,
                        5.823742030728582,
                        6.554891367335961
                    ]
                ],
                "mui": [
                    0.0,
                    0.0,
                    0.0,
                    0.0,
                    0.0,
                    0.0
                ],
                "Ai": [
                    [
                        0.0,
                        0.0,
                        0.0,
                        0.0,
                        0.0,
                        0.0
                    ],
                    [
                        -0.7993049903027694,
                        0.0,
                        0.0,
                        0.0,
                        0.0,
                        0.0
                    ],
                    [
                        -0.796445363303024,
                        0.7154043913710145,
                        0.0,
                        0.0,
                        0.0,
                        0.0
                    ],
                    [
                        -0.0,
                        0.96281835698771,
                        -0.8496777262015217,
                        0.0,
                        0.0,
                        0.0
                    ],
                    [
                        -0.8954087316857359,
                        0.6539535696279086,
                        0.6860093978728101,
                        -0.0,
                        0.0,
                        0.0
                    ],
                    [
                        -0.5165913106751248,
                        0.0,
                        -0.6348022606593651,
                        -0.9473879988178024,
                        0.7874762635427976,
                        0.0
                    ]
                ]
            },
            "est_params": {
                "mui": [
                    0.06226662565972646,
                    -0.047159252315832914,
                    -0.09475528182819278,
                    -0.0658218012525944,
                    -0.14218564427890787,
                    0.03530217760833836
                ],
                "Si": [
                    [
                        1.0194453637483065,
                        -0.8505729441959602,
                        -1.434782499324249,
                        0.5006226042576655,
                        -2.4692015087813934,
                        -2.062091428075102
                    ],
                    [
                        -0.8505729441959602,
                        1.7233851639346462,
                        1.9318511773125906,
                        -0.10169085362288262,
                        3.1774343009858175,
                        1.9311687459569196
                    ],
                    [
                        -1.434782499324249,
                        1.9318511773125906,
                        3.587931292959686,
                        -1.3184707951974235,
                        4.970160230267782,
                        3.8029866553162393
                    ],
                    [
                        0.5006226042576655,
                        -0.10169085362288262,
                        -1.3184707951974235,
                        2.06763243010859,
                        -1.4888861257982875,
                        -2.5315513298214007
                    ],
                    [
                        -2.4692015087813934,
                        3.1774343009858175,
                        4.970160230267782,
                        -1.4888861257982875,
                        8.59376303855562,
                        6.463586001901405
                    ],
                    [
                        -2.062091428075102,
                        1.9311687459569196,
                        3.8029866553162393,
                        -2.5315513298214007,
                        6.463586001901405,
                        7.109013587905149
                    ]
                ]
            },
            "est_tgt": [
                0,
                1,
                2,
                3,
                4,
                5
            ],
            "oracle_est_tgt": [
                0,
                1,
                2,
                3,
                4,
                5
            ]
        }
    },
    "metric_dict": {
        "param_est_rel_err": 15.482251529126861,
        "est_num_comp": 4,
        "weight_precision_error": 0.0040413875069119365,
        "gm_score_dict": {
            "1": -8.66887774705657,
            "2": -7.314222367918567,
            "3": -5.8063346993976275,
            "4": -4.311552412183804,
            "5": -4.30734155240611,
            "6": -4.297265797631102,
            "7": -4.293752728356267
        },
        "est_dag": {
            "amat": [
                [
                    0,
                    0,
                    0,
                    0,
                    0,
                    0
                ],
                [
                    0,
                    0,
                    0,
                    1,
                    0,
                    0
                ],
                [
                    0,
                    1,
                    0,
                    1,
                    0,
                    1
                ],
                [
                    0,
                    0,
                    0,
                    0,
                    0,
                    1
                ],
                [
                    1,
                    1,
                    1,
                    0,
                    0,
                    1
                ],
                [
                    1,
                    0,
                    0,
                    0,
                    0,
                    0
                ]
            ],
            "nodes": [
                0,
                1,
                2,
                3,
                4,
                5
            ]
        },
        "oracle_est_dag": {
            "amat": [
                [
                    0,
                    0,
                    0,
                    0,
                    0,
                    0
                ],
                [
                    0,
                    0,
                    1,
                    0,
                    1,
                    0
                ],
                [
                    0,
                    0,
                    0,
                    0,
                    1,
                    1
                ],
                [
                    1,
                    0,
                    1,
                    0,
                    0,
                    1
                ],
                [
                    1,
                    0,
                    0,
                    0,
                    0,
                    1
                ],
                [
                    1,
                    0,
                    0,
                    0,
                    0,
                    0
                ]
            ],
            "nodes": [
                0,
                1,
                2,
                3,
                4,
                5
            ]
        },
        "igsp_dag": null,
        "intv_base_est_dag": null,
        "act_dag": {
            "amat": [
                [
                    0,
                    1,
                    1,
                    0,
                    1,
                    1
                ],
                [
                    0,
                    0,
                    1,
                    1,
                    1,
                    0
                ],
                [
                    0,
                    0,
                    0,
                    1,
                    1,
                    1
                ],
                [
                    0,
                    0,
                    0,
                    0,
                    0,
                    1
                ],
                [
                    0,
                    0,
                    0,
                    0,
                    0,
                    1
                ],
                [
                    0,
                    0,
                    0,
                    0,
                    0,
                    0
                ]
            ],
            "nodes": [
                0,
                1,
                2,
                3,
                4,
                5
            ]
        },
        "shd": 7,
        "oracle_shd": 7,
        "intv_base_shd": null,
        "igsp_shd": null,
        "avg_js": 0.22916666666666666,
        "avg_oracle_js": 0.16666666666666666
    }
}