{
    "expt_args": {
        "save_dir": "all_expt_logs/expt_logs_sim_compsel_backward_cameraready_cutoff_var_half",
        "exp_name": "253",
        "num_nodes": 6,
        "num_tgt_prior": 7,
        "obs_noise_mean": 0.0,
        "obs_noise_var": 1.0,
        "obs_noise_gamma_shape": null,
        "noise_type": "gaussian",
        "max_edge_strength": 1.0,
        "graph_sparsity_method": "adj_dense_prop",
        "adj_dense_prop": 0.8,
        "num_parents": null,
        "new_noise_mean": 1.0,
        "mix_samples": 262144,
        "stage2_samples": 262144,
        "gmm_tol": 0.001,
        "intv_type": "do",
        "new_noise_var": null,
        "dtype": "simulation",
        "cutoff_drop_ratio": 0.15,
        "intv_targets": [
            3,
            5,
            1
        ]
    },
    "intv_args_dict": {
        "3": {
            "intv_type": "do",
            "inode": 3,
            "new_mui": 1.0,
            "new_vari": null,
            "noise_type": "gaussian",
            "obs_noise_gamma_shape": null,
            "true_params": {
                "Si": [
                    [
                        1.0,
                        0.619930246976585,
                        -1.154382142829823,
                        0.0,
                        1.3919172006829574,
                        2.184371639125561
                    ],
                    [
                        0.619930246976585,
                        1.3843135111164497,
                        -1.441429370988721,
                        0.0,
                        2.2592097609492257,
                        2.1307158729451356
                    ],
                    [
                        -1.154382142829823,
                        -1.441429370988721,
                        2.859373558390765,
                        0.0,
                        -3.3673555535951047,
                        -4.444179059744169
                    ],
                    [
                        0.0,
                        0.0,
                        0.0,
                        1e-09,
                        5.928416097596481e-10,
                        3.681574317516575e-10
                    ],
                    [
                        1.3919172006829574,
                        2.2592097609492257,
                        -3.3673555535951047,
                        5.928416097596481e-10,
                        5.445316221988031,
                        5.761087471574111
                    ],
                    [
                        2.184371639125561,
                        2.1307158729451356,
                        -4.444179059744169,
                        3.681574317516575e-10,
                        5.761087471574111,
                        8.606938581451072
                    ]
                ],
                "mui": [
                    0.0,
                    0.0,
                    0.0,
                    1.0,
                    0.5928416097596481,
                    0.3681574317516575
                ],
                "Ai": [
                    [
                        0.0,
                        0.0,
                        0.0,
                        0.0,
                        0.0,
                        0.0
                    ],
                    [
                        0.619930246976585,
                        0.0,
                        0.0,
                        0.0,
                        0.0,
                        0.0
                    ],
                    [
                        -0.704441131354542,
                        -0.7257929640788693,
                        0.0,
                        0.0,
                        0.0,
                        0.0
                    ],
                    [
                        0.0,
                        0.0,
                        0.0,
                        0.0,
                        0.0,
                        0.0
                    ],
                    [
                        0.0,
                        0.8540686270560764,
                        -0.7471132771189033,
                        0.5928416097596481,
                        0.0,
                        0.0
                    ],
                    [
                        0.7456531701288192,
                        -0.7401458728472023,
                        -0.8949983781939694,
                        -0.0,
                        0.6210047096743381,
                        0.0
                    ]
                ]
            },
            "est_params": {
                "mui": [
                    0.003239600774004169,
                    0.005015532577610961,
                    -0.007054933051286103,
                    0.9999998421958671,
                    0.6003715648971225,
                    0.38182940191187525
                ],
                "Si": [
                    [
                        1.0058601591313754,
                        0.619597925749966,
                        -1.158835222897802,
                        -2.907145833036377e-07,
                        1.3953108940432197,
                        2.1946102485095222
                    ],
                    [
                        0.619597925749966,
                        1.3833784793208872,
                        -1.4400661552762049,
                        1.0675439699786934e-07,
                        2.262299963240325,
                        2.1322948238498975
                    ],
                    [
                        -1.158835222897802,
                        -1.4400661552762049,
                        2.859279412435071,
                        4.497487806431707e-08,
                        -3.3726126756466432,
                        -4.450831267186364
                    ],
                    [
                        -2.907145833036378e-07,
                        1.0675439699786918e-07,
                        4.4974878064316884e-08,
                        1.009087672594616e-06,
                        7.643124398124016e-07,
                        9.038824421613292e-08
                    ],
                    [
                        1.39531089404322,
                        2.262299963240325,
                        -3.3726126756466432,
                        7.643124398124018e-07,
                        5.467254573047407,
                        5.778885479748375
                    ],
                    [
                        2.1946102485095222,
                        2.1322948238498975,
                        -4.450831267186364,
                        9.038824421613265e-08,
                        5.778885479748375,
                        8.631043018221831
                    ]
                ]
            },
            "est_tgt": [
                3
            ],
            "oracle_est_tgt": [
                3
            ]
        },
        "5": {
            "intv_type": "do",
            "inode": 5,
            "new_mui": 1.0,
            "new_vari": null,
            "noise_type": "gaussian",
            "obs_noise_gamma_shape": null,
            "true_params": {
                "Si": [
                    [
                        1.0,
                        0.619930246976585,
                        -1.154382142829823,
                        1.0975723700334532,
                        2.042603771361302,
                        0.0
                    ],
                    [
                        0.619930246976585,
                        1.3843135111164497,
                        -1.441429370988721,
                        0.4741397666156767,
                        2.540299543440727,
                        0.0
                    ],
                    [
                        -1.154382142829823,
                        -1.441429370988721,
                        2.859373558390765,
                        -2.088670140638129,
                        -4.6056061220279245,
                        0.0
                    ],
                    [
                        1.0975723700334532,
                        0.4741397666156767,
                        -2.088670140638129,
                        3.19077117691511,
                        3.857043013995734,
                        0.0
                    ],
                    [
                        2.042603771361302,
                        2.540299543440727,
                        -4.6056061220279245,
                        3.857043013995734,
                        8.897115215654201,
                        0.0
                    ],
                    [
                        0.0,
                        0.0,
                        0.0,
                        0.0,
                        0.0,
                        1e-09
                    ]
                ],
                "mui": [
                    0.0,
                    0.0,
                    0.0,
                    0.0,
                    0.0,
                    1.0
                ],
                "Ai": [
                    [
                        0.0,
                        0.0,
                        0.0,
                        0.0,
                        0.0,
                        0.0
                    ],
                    [
                        0.619930246976585,
                        0.0,
                        0.0,
                        0.0,
                        0.0,
                        0.0
                    ],
                    [
                        -0.704441131354542,
                        -0.7257929640788693,
                        0.0,
                        0.0,
                        0.0,
                        0.0
                    ],
                    [
                        0.5411793086795755,
                        -0.9112903946795374,
                        -0.9713677119486221,
                        0.0,
                        0.0,
                        0.0
                    ],
                    [
                        0.0,
                        0.8540686270560764,
                        -0.7471132771189033,
                        0.5928416097596481,
                        0.0,
                        0.0
                    ],
                    [
                        0.0,
                        0.0,
                        0.0,
                        0.0,
                        0.0,
                        0.0
                    ]
                ]
            },
            "est_params": {
                "mui": [
                    0.0015002456893611238,
                    0.0013982977490505685,
                    0.0009135866921206266,
                    -0.004906720825697107,
                    -0.007455867592953776,
                    0.9999997882330389
                ],
                "Si": [
                    [
                        1.0021879364068254,
                        0.617731192197246,
                        -1.1530343541741326,
                        1.0978964971648593,
                        2.0422773350547296,
                        -3.019918031878403e-07
                    ],
                    [
                        0.617731192197246,
                        1.3867929836167399,
                        -1.4419176578338546,
                        0.47150290961440716,
                        2.544204509135866,
                        -2.344769930450657e-07
                    ],
                    [
                        -1.153034354174133,
                        -1.4419176578338546,
                        2.852324032482772,
                        -2.080583582476016,
                        -4.596305582364894,
                        1.8679380214656454e-07
                    ],
                    [
                        1.0978964971648593,
                        0.47150290961440716,
                        -2.0805835824760166,
                        3.1791104965056647,
                        3.836764504711385,
                        -3.276300649304077e-07
                    ],
                    [
                        2.04227733505473,
                        2.544204509135866,
                        -4.596305582364894,
                        3.836764504711385,
                        8.888663153382618,
                        -8.06255278665536e-07
                    ],
                    [
                        -3.019918031878402e-07,
                        -2.344769930450658e-07,
                        1.8679380214656454e-07,
                        -3.276300649304078e-07,
                        -8.062552786655363e-07,
                        1.0059297988348362e-06
                    ]
                ]
            },
            "est_tgt": [
                5
            ],
            "oracle_est_tgt": [
                5
            ]
        },
        "1": {
            "intv_type": "do",
            "inode": 1,
            "new_mui": 1.0,
            "new_vari": null,
            "noise_type": "gaussian",
            "obs_noise_gamma_shape": null,
            "true_params": {
                "Si": [
                    [
                        1.0,
                        0.0,
                        -0.704441131354542,
                        1.2254506786459358,
                        1.2527954751931494,
                        2.1541187305779053
                    ],
                    [
                        0.0,
                        1e-09,
                        -7.257929640788694e-10,
                        -2.062785438138377e-10,
                        1.2740276829854115e-09,
                        7.006148442974047e-10
                    ],
                    [
                        -0.704441131354542,
                        -7.257929640788694e-10,
                        1.4962373080708424,
                        -1.834625574283441,
                        -2.205501137964664,
                        -3.2340253202113365
                    ],
                    [
                        1.2254506786459358,
                        -2.062785438138377e-10,
                        -1.834625574283441,
                        3.4452845976526367,
                        3.413181191865386,
                        4.675349692218665
                    ],
                    [
                        1.2527954751931494,
                        1.2740276829854115e-09,
                        -2.205501137964664,
                        3.413181191865386,
                        4.671235016149187,
                        5.808929803265502
                    ],
                    [
                        2.1541187305779053,
                        7.006148442974047e-10,
                        -3.2340253202113365,
                        4.675349692218665,
                        5.808929803265502,
                        9.108045642393607
                    ]
                ],
                "mui": [
                    0.0,
                    1.0,
                    -0.7257929640788693,
                    -0.2062785438138377,
                    1.2740276829854114,
                    0.7006148442974046
                ],
                "Ai": [
                    [
                        0.0,
                        0.0,
                        0.0,
                        0.0,
                        0.0,
                        0.0
                    ],
                    [
                        0.0,
                        0.0,
                        0.0,
                        0.0,
                        0.0,
                        0.0
                    ],
                    [
                        -0.704441131354542,
                        -0.7257929640788693,
                        0.0,
                        0.0,
                        0.0,
                        0.0
                    ],
                    [
                        0.5411793086795755,
                        -0.9112903946795374,
                        -0.9713677119486221,
                        0.0,
                        0.0,
                        0.0
                    ],
                    [
                        0.0,
                        0.8540686270560764,
                        -0.7471132771189033,
                        0.5928416097596481,
                        0.0,
                        0.0
                    ],
                    [
                        0.7456531701288192,
                        -0.7401458728472023,
                        -0.8949983781939694,
                        -0.0,
                        0.6210047096743381,
                        0.0
                    ]
                ]
            },
            "est_params": {
                "mui": [
                    0.0025343620406678307,
                    0.9999999881735794,
                    -0.7324119813113035,
                    -0.1971157715808678,
                    1.2863646174184964,
                    0.7156541914473755
                ],
                "Si": [
                    [
                        1.0049223758863335,
                        4.5495512556026247e-07,
                        -0.7072411856951791,
                        1.2337552422055034,
                        1.2574348543427578,
                        2.16458529862595
                    ],
                    [
                        4.5495512556026247e-07,
                        1.0106679174903568e-06,
                        -1.8947449013593208e-07,
                        1.6241659950219497e-07,
                        9.74253042840794e-09,
                        4.6170303114753836e-07
                    ],
                    [
                        -0.707241185695179,
                        -1.8947449013593208e-07,
                        1.499385408078791,
                        -1.8455702679472756,
                        -2.219079502613906,
                        -3.2489449222668982
                    ],
                    [
                        1.2337552422055034,
                        1.6241659950219487e-07,
                        -1.8455702679472752,
                        3.463019336424371,
                        3.435747610860714,
                        4.705297723591129
                    ],
                    [
                        1.2574348543427578,
                        9.742530428407952e-09,
                        -2.219079502613906,
                        3.435747610860714,
                        4.700129775161784,
                        5.843571678035979
                    ],
                    [
                        2.16458529862595,
                        4.6170303114753826e-07,
                        -3.2489449222668974,
                        4.705297723591129,
                        5.843571678035979,
                        9.15281765772065
                    ]
                ]
            },
            "est_tgt": [
                1
            ],
            "oracle_est_tgt": [
                1
            ]
        },
        "obs": {
            "intv_type": "obs",
            "noise_type": "gaussian",
            "obs_noise_gamma_shape": null,
            "true_params": {
                "Si": [
                    [
                        1.0,
                        0.619930246976585,
                        -1.154382142829823,
                        1.0975723700334532,
                        2.042603771361302,
                        2.588451064038657
                    ],
                    [
                        0.619930246976585,
                        1.3843135111164497,
                        -1.441429370988721,
                        0.4741397666156767,
                        2.540299543440727,
                        2.3052739517136938
                    ],
                    [
                        -1.154382142829823,
                        -1.441429370988721,
                        2.859373558390765,
                        -2.088670140638129,
                        -4.6056061220279245,
                        -5.213138494497875
                    ],
                    [
                        1.0975723700334532,
                        0.4741397666156767,
                        -2.088670140638129,
                        3.19077117691511,
                        3.857043013995734,
                        4.732073991309067
                    ],
                    [
                        2.042603771361302,
                        2.540299543440727,
                        -4.6056061220279245,
                        3.857043013995734,
                        8.897115215654201,
                        9.290042215811033
                    ],
                    [
                        2.588451064038657,
                        2.3052739517136938,
                        -5.213138494497875,
                        4.732073991309067,
                        9.290042215811033,
                        11.658758207448914
                    ]
                ],
                "mui": [
                    0.0,
                    0.0,
                    0.0,
                    0.0,
                    0.0,
                    0.0
                ],
                "Ai": [
                    [
                        0.0,
                        0.0,
                        0.0,
                        0.0,
                        0.0,
                        0.0
                    ],
                    [
                        0.619930246976585,
                        0.0,
                        0.0,
                        0.0,
                        0.0,
                        0.0
                    ],
                    [
                        -0.704441131354542,
                        -0.7257929640788693,
                        0.0,
                        0.0,
                        0.0,
                        0.0
                    ],
                    [
                        0.5411793086795755,
                        -0.9112903946795374,
                        -0.9713677119486221,
                        0.0,
                        0.0,
                        0.0
                    ],
                    [
                        0.0,
                        0.8540686270560764,
                        -0.7471132771189033,
                        0.5928416097596481,
                        0.0,
                        0.0
                    ],
                    [
                        0.7456531701288192,
                        -0.7401458728472023,
                        -0.8949983781939694,
                        -0.0,
                        0.6210047096743381,
                        0.0
                    ]
                ]
            },
            "est_params": {
                "mui": [
                    -0.007580502288835768,
                    -0.007858165436942146,
                    0.019783364286425277,
                    -0.021142733673727973,
                    -0.03135481365540259,
                    -0.03613820173312864
                ],
                "Si": [
                    [
                        0.995401819179453,
                        0.6159317563832503,
                        -1.147443076393977,
                        1.0956090262756464,
                        2.027574575707799,
                        2.5779266224998936
                    ],
                    [
                        0.6159317563832503,
                        1.3748023305874564,
                        -1.4293180366565978,
                        0.4820198385545873,
                        2.5179113940001776,
                        2.2867470726760684
                    ],
                    [
                        -1.147443076393977,
                        -1.4293180366565978,
                        2.845327579172998,
                        -2.1003866658408676,
                        -4.579058601873799,
                        -5.192575368282484
                    ],
                    [
                        1.0956090262756464,
                        0.4820198385545873,
                        -2.1003866658408676,
                        3.2132716673414414,
                        3.876255165574911,
                        4.742336380768147
                    ],
                    [
                        2.027574575707799,
                        2.5179113940001776,
                        -4.579058601873799,
                        3.876255165574911,
                        8.847395789270696,
                        9.240276303776161
                    ],
                    [
                        2.5779266224998936,
                        2.2867470726760684,
                        -5.192575368282484,
                        4.742336380768147,
                        9.240276303776161,
                        11.614825033238864
                    ]
                ]
            },
            "est_tgt": [
                0,
                1,
                2,
                3,
                4,
                5
            ],
            "oracle_est_tgt": [
                0,
                1,
                2,
                3,
                4,
                5
            ]
        }
    },
    "metric_dict": {
        "param_est_rel_err": 1.537368773791935,
        "est_num_comp": 4,
        "weight_precision_error": 0.001341057356459202,
        "gm_score_dict": {
            "1": -9.169917206785291,
            "2": -7.333526270809865,
            "3": -8.991943608792251,
            "4": -4.343788904459847,
            "5": -4.344167258936926,
            "6": -4.344450845625167,
            "7": -4.344838581568336
        },
        "est_dag": {
            "amat": [
                [
                    0,
                    1,
                    1,
                    1,
                    0,
                    1
                ],
                [
                    0,
                    0,
                    1,
                    1,
                    1,
                    1
                ],
                [
                    0,
                    0,
                    0,
                    1,
                    1,
                    1
                ],
                [
                    0,
                    0,
                    0,
                    0,
                    1,
                    0
                ],
                [
                    0,
                    0,
                    0,
                    0,
                    0,
                    1
                ],
                [
                    0,
                    0,
                    0,
                    0,
                    0,
                    0
                ]
            ],
            "nodes": [
                0,
                1,
                2,
                3,
                4,
                5
            ]
        },
        "oracle_est_dag": {
            "amat": [
                [
                    0,
                    1,
                    1,
                    1,
                    0,
                    1
                ],
                [
                    0,
                    0,
                    1,
                    1,
                    1,
                    1
                ],
                [
                    0,
                    0,
                    0,
                    1,
                    1,
                    1
                ],
                [
                    0,
                    0,
                    0,
                    0,
                    1,
                    0
                ],
                [
                    0,
                    0,
                    0,
                    0,
                    0,
                    1
                ],
                [
                    0,
                    0,
                    0,
                    0,
                    0,
                    0
                ]
            ],
            "nodes": [
                0,
                1,
                2,
                3,
                4,
                5
            ]
        },
        "igsp_dag": null,
        "intv_base_est_dag": null,
        "act_dag": {
            "amat": [
                [
                    0,
                    1,
                    1,
                    1,
                    0,
                    1
                ],
                [
                    0,
                    0,
                    1,
                    1,
                    1,
                    1
                ],
                [
                    0,
                    0,
                    0,
                    1,
                    1,
                    1
                ],
                [
                    0,
                    0,
                    0,
                    0,
                    1,
                    0
                ],
                [
                    0,
                    0,
                    0,
                    0,
                    0,
                    1
                ],
                [
                    0,
                    0,
                    0,
                    0,
                    0,
                    0
                ]
            ],
            "nodes": [
                0,
                1,
                2,
                3,
                4,
                5
            ]
        },
        "shd": 0,
        "oracle_shd": 0,
        "intv_base_shd": null,
        "igsp_shd": null,
        "avg_js": 0.75,
        "avg_oracle_js": 0.75
    }
}