{
    "expt_args": {
        "save_dir": "all_expt_logs/expt_logs_sim_compsel_backward_cameraready_cutoff_var_half",
        "exp_name": "399",
        "num_nodes": 6,
        "num_tgt_prior": 7,
        "obs_noise_mean": 0.0,
        "obs_noise_var": 1.0,
        "obs_noise_gamma_shape": null,
        "noise_type": "gaussian",
        "max_edge_strength": 1.0,
        "graph_sparsity_method": "adj_dense_prop",
        "adj_dense_prop": 0.8,
        "num_parents": null,
        "new_noise_mean": 1.0,
        "mix_samples": 1024,
        "stage2_samples": 1024,
        "gmm_tol": 0.001,
        "intv_type": "do",
        "new_noise_var": null,
        "dtype": "simulation",
        "cutoff_drop_ratio": 0.6,
        "intv_targets": [
            5,
            0,
            1
        ]
    },
    "intv_args_dict": {
        "5": {
            "intv_type": "do",
            "inode": 5,
            "new_mui": 1.0,
            "new_vari": null,
            "noise_type": "gaussian",
            "obs_noise_gamma_shape": null,
            "true_params": {
                "Si": [
                    [
                        1.0,
                        0.9320121882037338,
                        1.3931642868453942,
                        -1.5660369998140347,
                        0.6089654761090044,
                        0.0
                    ],
                    [
                        0.9320121882037338,
                        1.8686467189603122,
                        2.0770616750383595,
                        -1.858165558632845,
                        1.3641657632011284,
                        0.0
                    ],
                    [
                        1.3931642868453942,
                        2.0770616750383595,
                        3.5471489508256098,
                        -3.0040372366591916,
                        1.7828155710925835,
                        0.0
                    ],
                    [
                        -1.5660369998140347,
                        -1.858165558632845,
                        -3.0040372366591916,
                        3.8734305176691968,
                        -2.045738077770154,
                        0.0
                    ],
                    [
                        0.6089654761090044,
                        1.3641657632011284,
                        1.7828155710925835,
                        -2.045738077770154,
                        2.4807639906708543,
                        0.0
                    ],
                    [
                        0.0,
                        0.0,
                        0.0,
                        0.0,
                        0.0,
                        1e-09
                    ]
                ],
                "mui": [
                    0.0,
                    0.0,
                    0.0,
                    0.0,
                    0.0,
                    1.0
                ],
                "Ai": [
                    [
                        0.0,
                        0.0,
                        0.0,
                        0.0,
                        0.0,
                        0.0
                    ],
                    [
                        0.9320121882037338,
                        0.0,
                        0.0,
                        0.0,
                        0.0,
                        0.0
                    ],
                    [
                        0.6674850767997147,
                        0.7786155795282894,
                        0.0,
                        0.0,
                        0.0,
                        0.0
                    ],
                    [
                        -0.8528284767621438,
                        -0.0,
                        -0.5119342562727053,
                        0.0,
                        0.0,
                        0.0
                    ],
                    [
                        -0.8665777871914104,
                        0.5519774737575882,
                        0.0,
                        -0.6137106149206979,
                        0.0,
                        0.0
                    ],
                    [
                        0.0,
                        0.0,
                        0.0,
                        0.0,
                        0.0,
                        0.0
                    ]
                ]
            },
            "est_params": {
                "mui": [
                    -0.05600454663538532,
                    0.03651276807883901,
                    -0.010250584809050996,
                    0.012792186001638948,
                    0.009508368063051975,
                    0.9999972877428533
                ],
                "Si": [
                    [
                        0.8626626559461796,
                        0.7572627227143953,
                        1.0491402255077489,
                        -1.2259597751475688,
                        0.3629696963753107,
                        -2.3063650835542197e-06
                    ],
                    [
                        0.7572627227143953,
                        1.7785894349826215,
                        1.7607318206781477,
                        -1.4635483000992917,
                        1.1638559524613896,
                        -3.2899578605950583e-06
                    ],
                    [
                        1.0491402255077489,
                        1.7607318206781477,
                        2.9262764263713996,
                        -2.2639908590864133,
                        1.35599120405894,
                        -5.269038282883532e-06
                    ],
                    [
                        -1.2259597751475688,
                        -1.4635483000992915,
                        -2.2639908590864133,
                        2.985603679918866,
                        -1.4761155229676768,
                        5.6015495558661614e-06
                    ],
                    [
                        0.3629696963753107,
                        1.1638559524613894,
                        1.35599120405894,
                        -1.4761155229676766,
                        2.206038416494797,
                        -8.059575056769378e-06
                    ],
                    [
                        -2.306365083554219e-06,
                        -3.2899578605950566e-06,
                        -5.269038282883533e-06,
                        5.6015495558661614e-06,
                        -8.059575056769376e-06,
                        1.0010126634354665e-06
                    ]
                ]
            },
            "est_tgt": [
                2,
                5
            ],
            "oracle_est_tgt": [
                2,
                5
            ]
        },
        "0": {
            "intv_type": "do",
            "inode": 0,
            "new_mui": 1.0,
            "new_vari": null,
            "noise_type": "gaussian",
            "obs_noise_gamma_shape": null,
            "true_params": {
                "Si": [
                    [
                        1e-09,
                        9.320121882037339e-10,
                        1.3931642868453942e-09,
                        -1.5660369998140347e-09,
                        6.089654761090045e-10,
                        2.4195360916261327e-09
                    ],
                    [
                        9.320121882037339e-10,
                        1.0000000008686467,
                        0.7786155808267355,
                        -0.3985999890877218,
                        0.7966025178398097,
                        1.2604274327882163
                    ],
                    [
                        1.3931642868453942e-09,
                        0.7786155808267355,
                        1.6062422226250808,
                        -0.8222904188215179,
                        0.9344266187041055,
                        1.7058560336241675
                    ],
                    [
                        -1.5660369998140347e-09,
                        -0.3985999890877218,
                        -0.8222904188215179,
                        1.420958635335126,
                        -1.092075611527746,
                        -1.2435111002205832
                    ],
                    [
                        6.089654761090045e-10,
                        0.7966025178398097,
                        0.9344266187041055,
                        -1.092075611527746,
                        2.109925039949027,
                        0.9448007878606959
                    ],
                    [
                        2.4195360916261327e-09,
                        1.2604274327882163,
                        1.7058560336241675,
                        -1.2435111002205832,
                        0.9448007878606959,
                        3.5148781761332115
                    ]
                ],
                "mui": [
                    1.0,
                    0.9320121882037338,
                    1.3931642868453942,
                    -1.5660369998140347,
                    0.6089654761090044,
                    2.4195360916261324
                ],
                "Ai": [
                    [
                        0.0,
                        0.0,
                        0.0,
                        0.0,
                        0.0,
                        0.0
                    ],
                    [
                        0.9320121882037338,
                        0.0,
                        0.0,
                        0.0,
                        0.0,
                        0.0
                    ],
                    [
                        0.6674850767997147,
                        0.7786155795282894,
                        0.0,
                        0.0,
                        0.0,
                        0.0
                    ],
                    [
                        -0.8528284767621438,
                        -0.0,
                        -0.5119342562727053,
                        0.0,
                        0.0,
                        0.0
                    ],
                    [
                        -0.8665777871914104,
                        0.5519774737575882,
                        0.0,
                        -0.6137106149206979,
                        0.0,
                        0.0
                    ],
                    [
                        -0.0,
                        0.9801077557594291,
                        0.534936757307082,
                        -0.6857229818521746,
                        -0.5140827222248774,
                        0.0
                    ]
                ]
            },
            "est_params": {
                "mui": [
                    0.9999950549019548,
                    0.9294661858651961,
                    1.293433048085078,
                    -1.5385832636806527,
                    0.7667379144467498,
                    2.3279122337226874
                ],
                "Si": [
                    [
                        1.0059958166293682e-06,
                        -2.745900796770506e-07,
                        -4.515794579480984e-07,
                        5.450799333595436e-06,
                        -2.1177707583928025e-06,
                        2.449865890303674e-06
                    ],
                    [
                        -2.745900796770506e-07,
                        1.084772279300748,
                        0.7566655952672502,
                        -0.3429744616579766,
                        0.8608884196575047,
                        1.339030202880163
                    ],
                    [
                        -4.515794579480988e-07,
                        0.7566655952672501,
                        1.6221954684999766,
                        -0.9050300372805293,
                        1.0095626572815273,
                        1.7497680895197354
                    ],
                    [
                        5.450799333595436e-06,
                        -0.3429744616579766,
                        -0.9050300372805293,
                        1.6308570151675619,
                        -1.3077421634121533,
                        -1.2173269821690185
                    ],
                    [
                        -2.117770758392803e-06,
                        0.8608884196575047,
                        1.0095626572815273,
                        -1.3077421634121535,
                        2.3272479784459383,
                        1.0413578560689036
                    ],
                    [
                        2.449865890303675e-06,
                        1.3390302028801633,
                        1.7497680895197352,
                        -1.2173269821690185,
                        1.0413578560689036,
                        3.5556995627198993
                    ]
                ]
            },
            "est_tgt": [
                0
            ],
            "oracle_est_tgt": [
                0
            ]
        },
        "1": {
            "intv_type": "do",
            "inode": 1,
            "new_mui": 1.0,
            "new_vari": null,
            "noise_type": "gaussian",
            "obs_noise_gamma_shape": null,
            "true_params": {
                "Si": [
                    [
                        1.0,
                        0.0,
                        0.6674850767997147,
                        -1.1945369531267354,
                        -0.1334777791425048,
                        1.244802364022894
                    ],
                    [
                        0.0,
                        1e-09,
                        7.786155795282895e-10,
                        -3.985999876281563e-10,
                        7.966025172722466e-10,
                        1.2604274305331794e-09
                    ],
                    [
                        0.6674850767997147,
                        7.786155795282895e-10,
                        1.4455363283565632,
                        -1.3092698464809576,
                        0.2250850621743491,
                        1.5553545985070882
                    ],
                    [
                        -1.1945369531267354,
                        -3.985999876281563e-10,
                        -1.3092698464809576,
                        2.6889952152896743,
                        -0.6151057177553226,
                        -2.2280671618820573
                    ],
                    [
                        -0.1334777791425048,
                        7.966025172722466e-10,
                        0.2250850621743491,
                        -0.6151057177553226,
                        1.4931657872130986,
                        -0.2254123316314942
                    ],
                    [
                        1.244802364022894,
                        1.2604274305331794e-09,
                        1.5553545985070882,
                        -2.2280671618820573,
                        -0.2254123316314942,
                        3.475733789704247
                    ]
                ],
                "mui": [
                    0.0,
                    1.0,
                    0.7786155795282894,
                    -0.39859998762815624,
                    0.7966025172722465,
                    1.2604274305331793
                ],
                "Ai": [
                    [
                        0.0,
                        0.0,
                        0.0,
                        0.0,
                        0.0,
                        0.0
                    ],
                    [
                        0.0,
                        0.0,
                        0.0,
                        0.0,
                        0.0,
                        0.0
                    ],
                    [
                        0.6674850767997147,
                        0.7786155795282894,
                        0.0,
                        0.0,
                        0.0,
                        0.0
                    ],
                    [
                        -0.8528284767621438,
                        -0.0,
                        -0.5119342562727053,
                        0.0,
                        0.0,
                        0.0
                    ],
                    [
                        -0.8665777871914104,
                        0.5519774737575882,
                        0.0,
                        -0.6137106149206979,
                        0.0,
                        0.0
                    ],
                    [
                        -0.0,
                        0.9801077557594291,
                        0.534936757307082,
                        -0.6857229818521746,
                        -0.5140827222248774,
                        0.0
                    ]
                ]
            },
            "est_params": {
                "mui": [
                    0.04524964928448553,
                    1.0000018123288545,
                    0.9022551065532346,
                    -0.4699959522810442,
                    0.7454090375434563,
                    1.497781351979901
                ],
                "Si": [
                    [
                        0.9591269972035439,
                        7.962585938961365e-07,
                        0.6055207922937982,
                        -1.1363764251327655,
                        -0.24066173052351017,
                        1.15456452928664
                    ],
                    [
                        7.962585938961365e-07,
                        1.0032885752359535e-06,
                        -1.3010523643629874e-06,
                        -3.0643189047087616e-06,
                        1.1816251779500777e-06,
                        8.627369606836249e-07
                    ],
                    [
                        0.6055207922937982,
                        -1.3010523643629883e-06,
                        1.4119017665440745,
                        -1.3753955464608771,
                        0.2643112942518902,
                        1.5203384699321487
                    ],
                    [
                        -1.1363764251327655,
                        -3.064318904708763e-06,
                        -1.3753955464608771,
                        2.676312369359877,
                        -0.5701573428136373,
                        -2.2641797778901283
                    ],
                    [
                        -0.2406617305235102,
                        1.181625177950078e-06,
                        0.26431129425189015,
                        -0.5701573428136373,
                        1.64080011322787,
                        -0.2905537600757116
                    ],
                    [
                        1.15456452928664,
                        8.627369606836249e-07,
                        1.5203384699321485,
                        -2.2641797778901283,
                        -0.2905537600757116,
                        3.4453582040943247
                    ]
                ]
            },
            "est_tgt": [
                1
            ],
            "oracle_est_tgt": [
                1
            ]
        },
        "obs": {
            "intv_type": "obs",
            "noise_type": "gaussian",
            "obs_noise_gamma_shape": null,
            "true_params": {
                "Si": [
                    [
                        1.0,
                        0.9320121882037338,
                        1.3931642868453942,
                        -1.5660369998140347,
                        0.6089654761090044,
                        2.4195360916261324
                    ],
                    [
                        0.9320121882037338,
                        1.8686467189603122,
                        2.0770616750383595,
                        -1.858165558632845,
                        1.3641657632011284,
                        3.5154645577275607
                    ],
                    [
                        1.3931642868453942,
                        2.0770616750383595,
                        3.5471489508256098,
                        -3.0040372366591916,
                        1.7828155710925835,
                        5.0766673038403685
                    ],
                    [
                        -1.5660369998140347,
                        -1.858165558632845,
                        -3.0040372366591916,
                        3.8734305176691968,
                        -2.045738077770154,
                        -5.032594138303463
                    ],
                    [
                        0.6089654761090044,
                        1.3641657632011284,
                        1.7828155710925835,
                        -2.045738077770154,
                        2.4807639906708543,
                        2.4182147343873095
                    ],
                    [
                        2.4195360916261324,
                        3.5154645577275607,
                        5.0766673038403685,
                        -5.032594138303463,
                        2.4182147343873095,
                        9.369033068960517
                    ]
                ],
                "mui": [
                    0.0,
                    0.0,
                    0.0,
                    0.0,
                    0.0,
                    0.0
                ],
                "Ai": [
                    [
                        0.0,
                        0.0,
                        0.0,
                        0.0,
                        0.0,
                        0.0
                    ],
                    [
                        0.9320121882037338,
                        0.0,
                        0.0,
                        0.0,
                        0.0,
                        0.0
                    ],
                    [
                        0.6674850767997147,
                        0.7786155795282894,
                        0.0,
                        0.0,
                        0.0,
                        0.0
                    ],
                    [
                        -0.8528284767621438,
                        -0.0,
                        -0.5119342562727053,
                        0.0,
                        0.0,
                        0.0
                    ],
                    [
                        -0.8665777871914104,
                        0.5519774737575882,
                        0.0,
                        -0.6137106149206979,
                        0.0,
                        0.0
                    ],
                    [
                        -0.0,
                        0.9801077557594291,
                        0.534936757307082,
                        -0.6857229818521746,
                        -0.5140827222248774,
                        0.0
                    ]
                ]
            },
            "est_params": {
                "mui": [
                    -0.060866370554342304,
                    0.017505549789185386,
                    0.026860835527408984,
                    0.06277002394336421,
                    -0.005852559499288956,
                    -0.01798283487471491
                ],
                "Si": [
                    [
                        1.0278100318854333,
                        0.9621636254551698,
                        1.4712353589417224,
                        -1.6411227015211693,
                        0.7313205014148288,
                        2.490046017679916
                    ],
                    [
                        0.9621636254551698,
                        1.9804739624415242,
                        2.19127752475283,
                        -1.9644765701876494,
                        1.5509183546008865,
                        3.7297825922581467
                    ],
                    [
                        1.4712353589417224,
                        2.19127752475283,
                        3.788811108196982,
                        -3.160567314166,
                        1.9600815304485941,
                        5.3122297930157005
                    ],
                    [
                        -1.6411227015211693,
                        -1.9644765701876494,
                        -3.160567314166,
                        4.047685532964466,
                        -2.4109069932135507,
                        -5.252135481182476
                    ],
                    [
                        0.7313205014148288,
                        1.5509183546008865,
                        1.9600815304485941,
                        -2.4109069932135507,
                        2.919615056120395,
                        2.739050833905634
                    ],
                    [
                        2.490046017679916,
                        3.7297825922581467,
                        5.3122297930157005,
                        -5.252135481182476,
                        2.739050833905634,
                        9.972532742361114
                    ]
                ]
            },
            "est_tgt": [
                0,
                1,
                2,
                3,
                4,
                5
            ],
            "oracle_est_tgt": [
                0,
                1,
                2,
                3,
                4,
                5
            ]
        }
    },
    "metric_dict": {
        "param_est_rel_err": 20.847755182786873,
        "est_num_comp": 4,
        "weight_precision_error": 0.0009971774239085351,
        "gm_score_dict": {
            "1": -8.914019261287093,
            "2": -8.763805087092837,
            "3": -7.1111444423646,
            "4": -4.375571473580879,
            "5": -4.3621985709845195,
            "6": -4.346565604989623,
            "7": -4.324704963408507
        },
        "est_dag": {
            "amat": [
                [
                    0,
                    1,
                    0,
                    1,
                    0,
                    0
                ],
                [
                    0,
                    0,
                    0,
                    0,
                    1,
                    1
                ],
                [
                    0,
                    0,
                    0,
                    0,
                    0,
                    0
                ],
                [
                    0,
                    0,
                    0,
                    0,
                    0,
                    1
                ],
                [
                    0,
                    0,
                    0,
                    1,
                    0,
                    1
                ],
                [
                    0,
                    0,
                    1,
                    0,
                    0,
                    0
                ]
            ],
            "nodes": [
                0,
                1,
                2,
                3,
                4,
                5
            ]
        },
        "oracle_est_dag": {
            "amat": [
                [
                    0,
                    1,
                    0,
                    1,
                    0,
                    0
                ],
                [
                    0,
                    0,
                    0,
                    0,
                    1,
                    1
                ],
                [
                    0,
                    0,
                    0,
                    0,
                    0,
                    0
                ],
                [
                    0,
                    0,
                    0,
                    0,
                    0,
                    1
                ],
                [
                    0,
                    0,
                    0,
                    1,
                    0,
                    1
                ],
                [
                    0,
                    0,
                    1,
                    0,
                    0,
                    0
                ]
            ],
            "nodes": [
                0,
                1,
                2,
                3,
                4,
                5
            ]
        },
        "igsp_dag": null,
        "intv_base_est_dag": null,
        "act_dag": {
            "amat": [
                [
                    0,
                    1,
                    1,
                    1,
                    1,
                    0
                ],
                [
                    0,
                    0,
                    1,
                    0,
                    1,
                    1
                ],
                [
                    0,
                    0,
                    0,
                    1,
                    0,
                    1
                ],
                [
                    0,
                    0,
                    0,
                    0,
                    1,
                    1
                ],
                [
                    0,
                    0,
                    0,
                    0,
                    0,
                    1
                ],
                [
                    0,
                    0,
                    0,
                    0,
                    0,
                    0
                ]
            ],
            "nodes": [
                0,
                1,
                2,
                3,
                4,
                5
            ]
        },
        "shd": 6,
        "oracle_shd": 6,
        "intv_base_shd": null,
        "igsp_shd": null,
        "avg_js": 0.625,
        "avg_oracle_js": 0.625
    }
}