{
    "expt_args": {
        "save_dir": "all_expt_logs/expt_logs_sim_compsel_backward_cameraready_cutoff_var_half",
        "exp_name": "156",
        "num_nodes": 6,
        "num_tgt_prior": 7,
        "obs_noise_mean": 0.0,
        "obs_noise_var": 1.0,
        "obs_noise_gamma_shape": null,
        "noise_type": "gaussian",
        "max_edge_strength": 1.0,
        "graph_sparsity_method": "adj_dense_prop",
        "adj_dense_prop": 0.8,
        "num_parents": null,
        "new_noise_mean": 1.0,
        "mix_samples": 65536,
        "stage2_samples": 65536,
        "gmm_tol": 0.001,
        "intv_type": "do",
        "new_noise_var": null,
        "dtype": "simulation",
        "cutoff_drop_ratio": 0.01,
        "intv_targets": [
            4,
            3,
            1
        ]
    },
    "intv_args_dict": {
        "4": {
            "intv_type": "do",
            "inode": 4,
            "new_mui": 1.0,
            "new_vari": null,
            "noise_type": "gaussian",
            "obs_noise_gamma_shape": null,
            "true_params": {
                "Si": [
                    [
                        1.0,
                        -0.8012618897870283,
                        1.2615152046950193,
                        -0.2408634571927023,
                        0.0,
                        0.7254215406424671
                    ],
                    [
                        -0.8012618897870283,
                        1.6420206160250799,
                        -1.5510562359472249,
                        -0.6728028193816997,
                        0.0,
                        -0.08714858510737938
                    ],
                    [
                        1.2615152046950193,
                        -1.5510562359472249,
                        2.8832930286322656,
                        0.1638960877511576,
                        0.0,
                        0.6481895139521765
                    ],
                    [
                        -0.2408634571927023,
                        -0.6728028193816997,
                        0.1638960877511576,
                        1.8076205649736976,
                        0.0,
                        -1.173213981949825
                    ],
                    [
                        0.0,
                        0.0,
                        0.0,
                        0.0,
                        1e-09,
                        -7.925343882709316e-10
                    ],
                    [
                        0.7254215406424671,
                        -0.08714858510737938,
                        0.6481895139521765,
                        -1.173213981949825,
                        -7.925343882709316e-10,
                        2.0960650131339342
                    ]
                ],
                "mui": [
                    0.0,
                    0.0,
                    0.0,
                    0.0,
                    1.0,
                    -0.7925343882709316
                ],
                "Ai": [
                    [
                        0.0,
                        0.0,
                        0.0,
                        0.0,
                        0.0,
                        0.0
                    ],
                    [
                        -0.8012618897870283,
                        0.0,
                        0.0,
                        0.0,
                        0.0,
                        0.0
                    ],
                    [
                        0.8286317227572921,
                        -0.5402521790382238,
                        0.0,
                        0.0,
                        0.0,
                        0.0
                    ],
                    [
                        -0.9345940208693129,
                        -0.8657975282725614,
                        -0.0,
                        0.0,
                        0.0,
                        0.0
                    ],
                    [
                        0.0,
                        0.0,
                        0.0,
                        0.0,
                        0.0,
                        0.0
                    ],
                    [
                        0.5879626017165391,
                        -0.0,
                        0.0,
                        -0.5706923770339901,
                        -0.7925343882709316,
                        0.0
                    ]
                ]
            },
            "est_params": {
                "mui": [
                    -0.006979900973804928,
                    0.010798586640663294,
                    -0.02506779638980777,
                    -0.00934353984289155,
                    1.0000012683710182,
                    -0.7860714349533001
                ],
                "Si": [
                    [
                        1.0016751063827245,
                        -0.7906628469917686,
                        1.262009024466524,
                        -0.2431803916843334,
                        1.8251033614122223e-06,
                        0.7348772117551761
                    ],
                    [
                        -0.7906628469917688,
                        1.6202669188157048,
                        -1.5353399608580753,
                        -0.6696995160272708,
                        -1.5663955034074278e-06,
                        -0.09312080641858554
                    ],
                    [
                        1.262009024466524,
                        -1.5353399608580756,
                        2.878103016832078,
                        0.15728627045516178,
                        1.789530961125592e-06,
                        0.6589734639099696
                    ],
                    [
                        -0.2431803916843334,
                        -0.6696995160272707,
                        0.15728627045516178,
                        1.7923163661841257,
                        -9.605105444207796e-07,
                        -1.1489038636197875
                    ],
                    [
                        1.8251033614122223e-06,
                        -1.566395503407428e-06,
                        1.7895309611255925e-06,
                        -9.605105444207796e-07,
                        1.0102228325949298e-06,
                        9.71115465860281e-07
                    ],
                    [
                        0.7348772117551761,
                        -0.09312080641858556,
                        0.6589734639099696,
                        -1.1489038636197875,
                        9.71115465860281e-07,
                        2.093287496243942
                    ]
                ]
            },
            "est_tgt": [
                4
            ],
            "oracle_est_tgt": [
                4
            ]
        },
        "3": {
            "intv_type": "do",
            "inode": 3,
            "new_mui": 1.0,
            "new_vari": null,
            "noise_type": "gaussian",
            "obs_noise_gamma_shape": null,
            "true_params": {
                "Si": [
                    [
                        1.0,
                        -0.8012618897870283,
                        1.2615152046950193,
                        0.0,
                        0.30956538432263475,
                        0.3426213892225439
                    ],
                    [
                        -0.8012618897870283,
                        1.6420206160250799,
                        -1.5510562359472249,
                        0.0,
                        0.026911796873263977,
                        -0.4924405498477158
                    ],
                    [
                        1.2615152046950193,
                        -1.5510562359472249,
                        2.8832930286322656,
                        0.0,
                        0.8814356946623604,
                        0.04315566278805849
                    ],
                    [
                        0.0,
                        0.0,
                        0.0,
                        1e-09,
                        -7.274783064138926e-10,
                        5.859197520117543e-12
                    ],
                    [
                        0.30956538432263475,
                        0.026911796873263977,
                        0.8814356946623604,
                        -7.274783064138926e-10,
                        1.5803388471385027,
                        -1.0704600122948196
                    ],
                    [
                        0.3426213892225439,
                        -0.4924405498477158,
                        0.04315566278805849,
                        5.859197520117543e-12,
                        -1.0704600122948196,
                        2.049824934420247
                    ]
                ],
                "mui": [
                    0.0,
                    0.0,
                    0.0,
                    1.0,
                    -0.7274783064138926,
                    0.005859197520117543
                ],
                "Ai": [
                    [
                        0.0,
                        0.0,
                        0.0,
                        0.0,
                        0.0,
                        0.0
                    ],
                    [
                        -0.8012618897870283,
                        0.0,
                        0.0,
                        0.0,
                        0.0,
                        0.0
                    ],
                    [
                        0.8286317227572921,
                        -0.5402521790382238,
                        0.0,
                        0.0,
                        0.0,
                        0.0
                    ],
                    [
                        0.0,
                        0.0,
                        0.0,
                        0.0,
                        0.0,
                        0.0
                    ],
                    [
                        0.0,
                        0.6204239430004178,
                        0.6394591538476873,
                        -0.7274783064138926,
                        0.0,
                        0.0
                    ],
                    [
                        0.5879626017165391,
                        -0.0,
                        0.0,
                        -0.5706923770339901,
                        -0.7925343882709316,
                        0.0
                    ]
                ]
            },
            "est_params": {
                "mui": [
                    0.008009036517446699,
                    0.009496216372134492,
                    -0.0023708329914255274,
                    0.9999999206259219,
                    -0.7205081369154901,
                    0.018554466139266895
                ],
                "Si": [
                    [
                        0.9975058036147137,
                        -0.795493044115674,
                        1.2551922506122315,
                        -2.944890455484834e-07,
                        0.3133060498490444,
                        0.33724440072678474
                    ],
                    [
                        -0.795493044115674,
                        1.629808925743387,
                        -1.5395260722360928,
                        6.246604258282942e-07,
                        0.02124263415279073,
                        -0.4879833489168959
                    ],
                    [
                        1.2551922506122315,
                        -1.5395260722360928,
                        2.872412147168242,
                        -1.0690416546580897e-06,
                        0.8822407426177035,
                        0.03468153895004243
                    ],
                    [
                        -2.944890455484833e-07,
                        6.246604258282941e-07,
                        -1.0690416546580897e-06,
                        1.0103239168006007e-06,
                        1.4880662183476393e-06,
                        -1.2913668488662511e-06
                    ],
                    [
                        0.3133060498490444,
                        0.021242634152790728,
                        0.8822407426177036,
                        1.488066218347639e-06,
                        1.5698934159733697,
                        -1.060292347381399
                    ],
                    [
                        0.3372444007267848,
                        -0.4879833489168959,
                        0.034681538950042425,
                        -1.2913668488662511e-06,
                        -1.060292347381399,
                        2.027945824428869
                    ]
                ]
            },
            "est_tgt": [
                3
            ],
            "oracle_est_tgt": [
                3
            ]
        },
        "1": {
            "intv_type": "do",
            "inode": 1,
            "new_mui": 1.0,
            "new_vari": null,
            "noise_type": "gaussian",
            "obs_noise_gamma_shape": null,
            "true_params": {
                "Si": [
                    [
                        1.0,
                        0.0,
                        0.8286317227572921,
                        -0.9345940208693129,
                        1.2097730157722872,
                        0.16254156804643205
                    ],
                    [
                        0.0,
                        1e-09,
                        -5.402521790382238e-10,
                        -8.657975282725614e-10,
                        9.048036612933233e-10,
                        -2.229839667683818e-10
                    ],
                    [
                        0.8286317227572921,
                        -5.402521790382238e-10,
                        1.6866305322515904,
                        -0.7744342531238544,
                        1.6419154515635404,
                        -0.37210626964847016
                    ],
                    [
                        -0.9345940208693129,
                        -8.657975282725614e-10,
                        -0.7744342531238544,
                        1.873465984594275,
                        -1.8581249343470858,
                        -0.14605117992574146
                    ],
                    [
                        1.2097730157722872,
                        9.048036612933233e-10,
                        1.6419154515635404,
                        -1.8581249343470858,
                        3.40168344625187,
                        -0.9242320837179772
                    ],
                    [
                        0.16254156804643205,
                        -2.229839667683818e-10,
                        -0.37210626964847016,
                        -0.14605117992574146,
                        -0.9242320837179772,
                        1.9114043673659018
                    ]
                ],
                "mui": [
                    0.0,
                    1.0,
                    -0.5402521790382238,
                    -0.8657975282725614,
                    0.9048036612933232,
                    -0.22298396676838178
                ],
                "Ai": [
                    [
                        0.0,
                        0.0,
                        0.0,
                        0.0,
                        0.0,
                        0.0
                    ],
                    [
                        0.0,
                        0.0,
                        0.0,
                        0.0,
                        0.0,
                        0.0
                    ],
                    [
                        0.8286317227572921,
                        -0.5402521790382238,
                        0.0,
                        0.0,
                        0.0,
                        0.0
                    ],
                    [
                        -0.9345940208693129,
                        -0.8657975282725614,
                        -0.0,
                        0.0,
                        0.0,
                        0.0
                    ],
                    [
                        0.0,
                        0.6204239430004178,
                        0.6394591538476873,
                        -0.7274783064138926,
                        0.0,
                        0.0
                    ],
                    [
                        0.5879626017165391,
                        -0.0,
                        0.0,
                        -0.5706923770339901,
                        -0.7925343882709316,
                        0.0
                    ]
                ]
            },
            "est_params": {
                "mui": [
                    0.007121069217038596,
                    0.9999993667826852,
                    -0.5217434275977533,
                    -0.8722053342379729,
                    0.9245380355600568,
                    -0.23014295965593573
                ],
                "Si": [
                    [
                        0.9926237528288114,
                        -2.2900878684483672e-07,
                        0.8179728136581098,
                        -0.9272976450617885,
                        1.202216699548784,
                        0.163495495815797
                    ],
                    [
                        -2.2900878684483664e-07,
                        1.0115966239645157e-06,
                        -6.284268632490829e-07,
                        -4.952251527981247e-07,
                        -8.450594184040461e-07,
                        4.5370251087000744e-07
                    ],
                    [
                        0.8179728136581098,
                        -6.284268632490827e-07,
                        1.6567399645693819,
                        -0.7638306276890514,
                        1.6128234053494217,
                        -0.3554477913065324
                    ],
                    [
                        -0.9272976450617885,
                        -4.95225152798125e-07,
                        -0.7638306276890514,
                        1.8635552776429452,
                        -1.8529313645182512,
                        -0.15132908448869642
                    ],
                    [
                        1.202216699548784,
                        -8.450594184040464e-07,
                        1.6128234053494217,
                        -1.8529313645182512,
                        3.377627446615916,
                        -0.8919289761447435
                    ],
                    [
                        0.163495495815797,
                        4.537025108700076e-07,
                        -0.3554477913065324,
                        -0.15132908448869642,
                        -0.8919289761447435,
                        1.8806300254847623
                    ]
                ]
            },
            "est_tgt": [
                1
            ],
            "oracle_est_tgt": [
                1
            ]
        },
        "obs": {
            "intv_type": "obs",
            "noise_type": "gaussian",
            "obs_noise_gamma_shape": null,
            "true_params": {
                "Si": [
                    [
                        1.0,
                        -0.8012618897870283,
                        1.2615152046950193,
                        -0.2408634571927023,
                        0.4847883242381769,
                        0.34121012265147355
                    ],
                    [
                        -0.8012618897870283,
                        1.6420206160250799,
                        -1.5510562359472249,
                        -0.6728028193816997,
                        0.5163612524675549,
                        -0.4963826344585652
                    ],
                    [
                        1.2615152046950193,
                        -1.5510562359472249,
                        2.8832930286322656,
                        0.1638960877511576,
                        0.7622048463172856,
                        0.044115962338967085
                    ],
                    [
                        -0.2408634571927023,
                        -0.6728028193816997,
                        0.1638960877511576,
                        1.8076205649736976,
                        -1.6276228717162797,
                        0.11673311502161356
                    ],
                    [
                        0.4847883242381769,
                        0.5163612524675549,
                        0.7622048463172856,
                        -1.6276228717162797,
                        2.991822080549888,
                        -1.1572125124485388
                    ],
                    [
                        0.34121012265147355,
                        -0.4963826344585652,
                        0.044115962338967085,
                        0.11673311502161356,
                        -1.1572125124485388,
                        2.0511308032087836
                    ]
                ],
                "mui": [
                    0.0,
                    0.0,
                    0.0,
                    0.0,
                    0.0,
                    0.0
                ],
                "Ai": [
                    [
                        0.0,
                        0.0,
                        0.0,
                        0.0,
                        0.0,
                        0.0
                    ],
                    [
                        -0.8012618897870283,
                        0.0,
                        0.0,
                        0.0,
                        0.0,
                        0.0
                    ],
                    [
                        0.8286317227572921,
                        -0.5402521790382238,
                        0.0,
                        0.0,
                        0.0,
                        0.0
                    ],
                    [
                        -0.9345940208693129,
                        -0.8657975282725614,
                        -0.0,
                        0.0,
                        0.0,
                        0.0
                    ],
                    [
                        0.0,
                        0.6204239430004178,
                        0.6394591538476873,
                        -0.7274783064138926,
                        0.0,
                        0.0
                    ],
                    [
                        0.5879626017165391,
                        -0.0,
                        0.0,
                        -0.5706923770339901,
                        -0.7925343882709316,
                        0.0
                    ]
                ]
            },
            "est_params": {
                "mui": [
                    0.00486142811985095,
                    -0.009152313315313796,
                    0.016938533572487997,
                    0.004209479187121811,
                    0.021258100371172085,
                    -0.02655425246010861
                ],
                "Si": [
                    [
                        1.0052355689017065,
                        -0.8076267832633187,
                        1.2700175082255147,
                        -0.22979568082741356,
                        0.49206301834101057,
                        0.32632758646439086
                    ],
                    [
                        -0.8076267832633187,
                        1.6453633234857865,
                        -1.5586325345887706,
                        -0.68352600205325,
                        0.523755281742161,
                        -0.4901811273261205
                    ],
                    [
                        1.2700175082255147,
                        -1.5586325345887706,
                        2.8853437383624128,
                        0.182336995039141,
                        0.755067430223869,
                        0.030883642383168826
                    ],
                    [
                        -0.22979568082741356,
                        -0.68352600205325,
                        0.182336995039141,
                        1.7936283063542735,
                        -1.643847545193557,
                        0.14119416329006362
                    ],
                    [
                        0.49206301834101057,
                        0.523755281742161,
                        0.755067430223869,
                        -1.643847545193557,
                        3.0281722130528492,
                        -1.1794818665165303
                    ],
                    [
                        0.32632758646439086,
                        -0.4901811273261205,
                        0.030883642383168826,
                        0.14119416329006362,
                        -1.1794818665165303,
                        2.029951022274381
                    ]
                ]
            },
            "est_tgt": [
                0,
                1,
                2,
                3,
                4,
                5
            ],
            "oracle_est_tgt": [
                0,
                1,
                2,
                3,
                4,
                5
            ]
        }
    },
    "metric_dict": {
        "param_est_rel_err": 1.4469466852911688,
        "est_num_comp": 4,
        "weight_precision_error": 0.0018299970512766772,
        "gm_score_dict": {
            "1": -8.718681274595577,
            "2": -7.315269056710365,
            "3": -7.175293373054661,
            "4": -4.3268600497383005,
            "5": -4.3270211731343515,
            "6": -4.327610205925311,
            "7": -4.327616962695119
        },
        "est_dag": {
            "amat": [
                [
                    0,
                    1,
                    1,
                    1,
                    0,
                    1
                ],
                [
                    0,
                    0,
                    1,
                    1,
                    1,
                    0
                ],
                [
                    0,
                    0,
                    0,
                    0,
                    1,
                    0
                ],
                [
                    0,
                    0,
                    0,
                    0,
                    1,
                    1
                ],
                [
                    0,
                    0,
                    0,
                    0,
                    0,
                    1
                ],
                [
                    0,
                    0,
                    0,
                    0,
                    0,
                    0
                ]
            ],
            "nodes": [
                0,
                1,
                2,
                3,
                4,
                5
            ]
        },
        "oracle_est_dag": {
            "amat": [
                [
                    0,
                    1,
                    1,
                    1,
                    0,
                    1
                ],
                [
                    0,
                    0,
                    1,
                    1,
                    1,
                    0
                ],
                [
                    0,
                    0,
                    0,
                    0,
                    1,
                    0
                ],
                [
                    0,
                    0,
                    0,
                    0,
                    1,
                    1
                ],
                [
                    0,
                    0,
                    0,
                    0,
                    0,
                    1
                ],
                [
                    0,
                    0,
                    0,
                    0,
                    0,
                    0
                ]
            ],
            "nodes": [
                0,
                1,
                2,
                3,
                4,
                5
            ]
        },
        "igsp_dag": null,
        "intv_base_est_dag": null,
        "act_dag": {
            "amat": [
                [
                    0,
                    1,
                    1,
                    1,
                    0,
                    1
                ],
                [
                    0,
                    0,
                    1,
                    1,
                    1,
                    0
                ],
                [
                    0,
                    0,
                    0,
                    0,
                    1,
                    0
                ],
                [
                    0,
                    0,
                    0,
                    0,
                    1,
                    1
                ],
                [
                    0,
                    0,
                    0,
                    0,
                    0,
                    1
                ],
                [
                    0,
                    0,
                    0,
                    0,
                    0,
                    0
                ]
            ],
            "nodes": [
                0,
                1,
                2,
                3,
                4,
                5
            ]
        },
        "shd": 0,
        "oracle_shd": 0,
        "intv_base_shd": null,
        "igsp_shd": null,
        "avg_js": 0.75,
        "avg_oracle_js": 0.75
    }
}