{
    "expt_args": {
        "save_dir": "all_expt_logs/expt_logs_sim_compsel_backward_cameraready_cutoff_var_half",
        "exp_name": "197",
        "num_nodes": 6,
        "num_tgt_prior": 7,
        "obs_noise_mean": 0.0,
        "obs_noise_var": 1.0,
        "obs_noise_gamma_shape": null,
        "noise_type": "gaussian",
        "max_edge_strength": 1.0,
        "graph_sparsity_method": "adj_dense_prop",
        "adj_dense_prop": 0.8,
        "num_parents": null,
        "new_noise_mean": 1.0,
        "mix_samples": 32768,
        "stage2_samples": 32768,
        "gmm_tol": 0.001,
        "intv_type": "do",
        "new_noise_var": null,
        "dtype": "simulation",
        "cutoff_drop_ratio": 0.15,
        "intv_targets": [
            4,
            5,
            3
        ]
    },
    "intv_args_dict": {
        "4": {
            "intv_type": "do",
            "inode": 4,
            "new_mui": 1.0,
            "new_vari": null,
            "noise_type": "gaussian",
            "obs_noise_gamma_shape": null,
            "true_params": {
                "Si": [
                    [
                        1.0,
                        -0.8367129011977792,
                        -1.3831751910428456,
                        0.5304961201576694,
                        0.0,
                        1.5494821114220394
                    ],
                    [
                        -0.8367129011977792,
                        1.7000884790308046,
                        2.01530408120357,
                        0.09931231645142025,
                        0.0,
                        -2.409533130393376
                    ],
                    [
                        -1.3831751910428456,
                        2.01530408120357,
                        3.6493093884649777,
                        -0.26772504873726294,
                        0.0,
                        -4.033603488981833
                    ],
                    [
                        0.5304961201576694,
                        0.09931231645142025,
                        -0.26772504873726294,
                        1.5764763647710351,
                        0.0,
                        1.0590813935380177
                    ],
                    [
                        0.0,
                        0.0,
                        0.0,
                        0.0,
                        1e-09,
                        6.494937410103672e-10
                    ],
                    [
                        1.5494821114220394,
                        -2.409533130393376,
                        -4.033603488981833,
                        1.0590813935380177,
                        6.494937410103672e-10,
                        6.223227069421576
                    ]
                ],
                "mui": [
                    0.0,
                    0.0,
                    0.0,
                    0.0,
                    1.0,
                    0.6494937410103672
                ],
                "Ai": [
                    [
                        0.0,
                        0.0,
                        0.0,
                        0.0,
                        0.0,
                        0.0
                    ],
                    [
                        -0.8367129011977792,
                        0.0,
                        0.0,
                        0.0,
                        0.0,
                        0.0
                    ],
                    [
                        -0.66528928219361,
                        0.8579835542413183,
                        0.0,
                        0.0,
                        0.0,
                        0.0
                    ],
                    [
                        0.984986238473335,
                        0.5431852642227095,
                        -0.0,
                        0.0,
                        0.0,
                        0.0
                    ],
                    [
                        0.0,
                        0.0,
                        0.0,
                        0.0,
                        0.0,
                        0.0
                    ],
                    [
                        -0.833197774645529,
                        -0.7676864755848889,
                        -0.9354098480249073,
                        0.8416857271128003,
                        0.6494937410103672,
                        0.0
                    ]
                ]
            },
            "est_params": {
                "mui": [
                    0.0037875227575884,
                    0.005519546320831634,
                    -0.013335960142120948,
                    0.005214646094264887,
                    0.9999987895273522,
                    0.6488205084015054
                ],
                "Si": [
                    [
                        1.0012894622465094,
                        -0.8254140660663343,
                        -1.3788356278651646,
                        0.5364218536817607,
                        -5.720059275907436e-08,
                        1.556057289006456
                    ],
                    [
                        -0.825414066066334,
                        1.675601642313591,
                        1.9632375241804207,
                        0.12078882024971252,
                        2.4601113341513095e-07,
                        -2.3496456989571155
                    ],
                    [
                        -1.3788356278651646,
                        1.9632375241804205,
                        3.564901884336308,
                        -0.2702390564608641,
                        -1.1174105026968697e-06,
                        -3.9314842808963406
                    ],
                    [
                        0.5364218536817607,
                        0.12078882024971255,
                        -0.27023905646086416,
                        1.591931949932046,
                        2.2784993271641484e-07,
                        1.0447010121471012
                    ],
                    [
                        -5.720059275907441e-08,
                        2.460111334151312e-07,
                        -1.11741050269687e-06,
                        2.2784993271641473e-07,
                        1.0038776251412297e-06,
                        1.6202614839306219e-06
                    ],
                    [
                        1.556057289006456,
                        -2.3496456989571155,
                        -3.9314842808963406,
                        1.0447010121471012,
                        1.6202614839306219e-06,
                        6.0787749464484975
                    ]
                ]
            },
            "est_tgt": [
                4,
                5
            ],
            "oracle_est_tgt": [
                4,
                5
            ]
        },
        "5": {
            "intv_type": "do",
            "inode": 5,
            "new_mui": 1.0,
            "new_vari": null,
            "noise_type": "gaussian",
            "obs_noise_gamma_shape": null,
            "true_params": {
                "Si": [
                    [
                        1.0,
                        -0.8367129011977792,
                        -1.3831751910428456,
                        0.5304961201576694,
                        1.931944573927619,
                        0.0
                    ],
                    [
                        -0.8367129011977792,
                        1.7000884790308046,
                        2.01530408120357,
                        0.09931231645142025,
                        -3.132156536369265,
                        0.0
                    ],
                    [
                        -1.3831751910428456,
                        2.01530408120357,
                        3.6493093884649777,
                        -0.26772504873726294,
                        -4.643551986107747,
                        0.0
                    ],
                    [
                        0.5304961201576694,
                        0.09931231645142025,
                        -0.26772504873726294,
                        1.5764763647710351,
                        -0.5870646142154663,
                        0.0
                    ],
                    [
                        1.931944573927619,
                        -3.132156536369265,
                        -4.643551986107747,
                        -0.5870646142154663,
                        8.101786054921268,
                        0.0
                    ],
                    [
                        0.0,
                        0.0,
                        0.0,
                        0.0,
                        0.0,
                        1e-09
                    ]
                ],
                "mui": [
                    0.0,
                    0.0,
                    0.0,
                    0.0,
                    0.0,
                    1.0
                ],
                "Ai": [
                    [
                        0.0,
                        0.0,
                        0.0,
                        0.0,
                        0.0,
                        0.0
                    ],
                    [
                        -0.8367129011977792,
                        0.0,
                        0.0,
                        0.0,
                        0.0,
                        0.0
                    ],
                    [
                        -0.66528928219361,
                        0.8579835542413183,
                        0.0,
                        0.0,
                        0.0,
                        0.0
                    ],
                    [
                        0.984986238473335,
                        0.5431852642227095,
                        -0.0,
                        0.0,
                        0.0,
                        0.0
                    ],
                    [
                        0.9942322908381072,
                        -0.5116531746888746,
                        -0.6709111697673222,
                        -0.7886621572327757,
                        0.0,
                        0.0
                    ],
                    [
                        0.0,
                        0.0,
                        0.0,
                        0.0,
                        0.0,
                        0.0
                    ]
                ]
            },
            "est_params": {
                "mui": [
                    0.02451736257089737,
                    0.0002878433556014774,
                    -0.04353632824580313,
                    0.032219522974776836,
                    0.033956914570098785,
                    0.9999995996314668
                ],
                "Si": [
                    [
                        0.9838553031985176,
                        -0.8201849699144871,
                        -1.3451450107013603,
                        0.4972342891545583,
                        1.9098676502055434,
                        5.39196073429741e-07
                    ],
                    [
                        -0.8201849699144871,
                        1.6766901970177042,
                        1.9746154218016756,
                        0.12354130248974902,
                        -3.0767615454350676,
                        -2.106157892234373e-07
                    ],
                    [
                        -1.3451450107013603,
                        1.9746154218016756,
                        3.5585145203436417,
                        -0.21000219957322802,
                        -4.541963696628249,
                        -2.4731159986265208e-08
                    ],
                    [
                        0.4972342891545583,
                        0.12354130248974901,
                        -0.21000219957322805,
                        1.5407865041976867,
                        -0.6350222518390388,
                        8.93150535274122e-07
                    ],
                    [
                        1.9098676502055434,
                        -3.076761545435069,
                        -4.541963696628249,
                        -0.6350222518390388,
                        7.990991545552316,
                        -4.7512433664819866e-08
                    ],
                    [
                        5.39196073429741e-07,
                        -2.106157892234376e-07,
                        -2.473115998626535e-08,
                        8.931505352741218e-07,
                        -4.751243366481975e-08,
                        1.0044487517891793e-06
                    ]
                ]
            },
            "est_tgt": [
                4,
                5
            ],
            "oracle_est_tgt": [
                4,
                5
            ]
        },
        "3": {
            "intv_type": "do",
            "inode": 3,
            "new_mui": 1.0,
            "new_vari": null,
            "noise_type": "gaussian",
            "obs_noise_gamma_shape": null,
            "true_params": {
                "Si": [
                    [
                        1.0,
                        -0.8367129011977792,
                        -1.3831751910428456,
                        0.0,
                        2.3503267884547845,
                        2.6294936372269917
                    ],
                    [
                        -0.8367129011977792,
                        1.7000884790308046,
                        2.01530408120357,
                        0.0,
                        -3.053832670636904,
                        -4.476568095348689
                    ],
                    [
                        -1.3831751910428456,
                        2.01530408120357,
                        3.6493093884649777,
                        0.0,
                        -4.854696600590127,
                        -6.961358193256694
                    ],
                    [
                        0.0,
                        0.0,
                        0.0,
                        1e-09,
                        -7.886621572327757e-10,
                        3.2945459221837847e-10
                    ],
                    [
                        2.3503267884547845,
                        -3.053832670636904,
                        -4.854696600590127,
                        -7.886621572327757e-10,
                        8.1563441437929,
                        10.224724469738225
                    ],
                    [
                        2.6294936372269917,
                        -4.476568095348689,
                        -6.961358193256694,
                        3.2945459221837847e-10,
                        10.224724469738225,
                        15.398330093380894
                    ]
                ],
                "mui": [
                    0.0,
                    0.0,
                    0.0,
                    1.0,
                    -0.7886621572327757,
                    0.3294545922183785
                ],
                "Ai": [
                    [
                        0.0,
                        0.0,
                        0.0,
                        0.0,
                        0.0,
                        0.0
                    ],
                    [
                        -0.8367129011977792,
                        0.0,
                        0.0,
                        0.0,
                        0.0,
                        0.0
                    ],
                    [
                        -0.66528928219361,
                        0.8579835542413183,
                        0.0,
                        0.0,
                        0.0,
                        0.0
                    ],
                    [
                        0.0,
                        0.0,
                        0.0,
                        0.0,
                        0.0,
                        0.0
                    ],
                    [
                        0.9942322908381072,
                        -0.5116531746888746,
                        -0.6709111697673222,
                        -0.7886621572327757,
                        0.0,
                        0.0
                    ],
                    [
                        -0.833197774645529,
                        -0.7676864755848889,
                        -0.9354098480249073,
                        0.8416857271128003,
                        0.6494937410103672,
                        0.0
                    ]
                ]
            },
            "est_params": {
                "mui": [
                    -0.008786212766324398,
                    -0.004041317654793839,
                    -0.011264984360935431,
                    1.0000008365335962,
                    -0.7919130539878497,
                    0.3446538668199913
                ],
                "Si": [
                    [
                        0.9901783306194878,
                        -0.8428382734035572,
                        -1.3733361699431064,
                        6.91664223897886e-07,
                        2.3380887148917098,
                        2.617420951216725
                    ],
                    [
                        -0.8428382734035572,
                        1.7181470748935834,
                        2.040965062931939,
                        -1.639208462378564e-06,
                        -3.0820684686585706,
                        -4.537626514667869
                    ],
                    [
                        -1.3733361699431064,
                        2.040965062931939,
                        3.6731572146115443,
                        -1.2510143744039587e-06,
                        -4.8607090742842916,
                        -7.017293490996792
                    ],
                    [
                        6.916642238978862e-07,
                        -1.6392084623785635e-06,
                        -1.2510143744039591e-06,
                        1.0127027416035118e-06,
                        1.2609224023761557e-06,
                        4.013856374038957e-06
                    ],
                    [
                        2.3380887148917098,
                        -3.0820684686585706,
                        -4.8607090742842916,
                        1.2609224023761557e-06,
                        8.166177578796917,
                        10.273225191481242
                    ],
                    [
                        2.617420951216725,
                        -4.537626514667869,
                        -7.017293490996792,
                        4.013856374038956e-06,
                        10.273225191481242,
                        15.564616456826906
                    ]
                ]
            },
            "est_tgt": [
                3
            ],
            "oracle_est_tgt": [
                3
            ]
        },
        "obs": {
            "intv_type": "obs",
            "noise_type": "gaussian",
            "obs_noise_gamma_shape": null,
            "true_params": {
                "Si": [
                    [
                        1.0,
                        -0.8367129011977792,
                        -1.3831751910428456,
                        0.5304961201576694,
                        1.931944573927619,
                        2.8042680201669685
                    ],
                    [
                        -0.8367129011977792,
                        1.7000884790308046,
                        2.01530408120357,
                        0.09931231645142025,
                        -3.132156536369265,
                        -4.443849196629923
                    ],
                    [
                        -1.3831751910428456,
                        2.01530408120357,
                        3.6493093884649777,
                        -0.26772504873726294,
                        -4.643551986107747,
                        -7.049561440015074
                    ],
                    [
                        0.5304961201576694,
                        0.09931231645142025,
                        -0.26772504873726294,
                        1.5764763647710351,
                        -0.5870646142154663,
                        0.6777866010364068
                    ],
                    [
                        1.931944573927619,
                        -3.132156536369265,
                        -4.643551986107747,
                        -0.5870646142154663,
                        8.101786054921268,
                        9.9063819772696
                    ],
                    [
                        2.8042680201669685,
                        -4.443849196629923,
                        -7.049561440015074,
                        0.6777866010364068,
                        9.9063819772696,
                        15.67381864754072
                    ]
                ],
                "mui": [
                    0.0,
                    0.0,
                    0.0,
                    0.0,
                    0.0,
                    0.0
                ],
                "Ai": [
                    [
                        0.0,
                        0.0,
                        0.0,
                        0.0,
                        0.0,
                        0.0
                    ],
                    [
                        -0.8367129011977792,
                        0.0,
                        0.0,
                        0.0,
                        0.0,
                        0.0
                    ],
                    [
                        -0.66528928219361,
                        0.8579835542413183,
                        0.0,
                        0.0,
                        0.0,
                        0.0
                    ],
                    [
                        0.984986238473335,
                        0.5431852642227095,
                        -0.0,
                        0.0,
                        0.0,
                        0.0
                    ],
                    [
                        0.9942322908381072,
                        -0.5116531746888746,
                        -0.6709111697673222,
                        -0.7886621572327757,
                        0.0,
                        0.0
                    ],
                    [
                        -0.833197774645529,
                        -0.7676864755848889,
                        -0.9354098480249073,
                        0.8416857271128003,
                        0.6494937410103672,
                        0.0
                    ]
                ]
            },
            "est_params": {
                "mui": [
                    0.00297013456842764,
                    -0.0023773414502859377,
                    -0.010038326554303232,
                    -0.004412814992288386,
                    0.0017263487707982468,
                    0.011155382875483332
                ],
                "Si": [
                    [
                        1.0034043075351626,
                        -0.849283622569207,
                        -1.390311138830029,
                        0.5137502277545258,
                        1.9590061303805861,
                        2.8246619133430477
                    ],
                    [
                        -0.849283622569207,
                        1.72482035215946,
                        2.0664541043341256,
                        0.10253906138629425,
                        -3.206835874437284,
                        -4.539179454425298
                    ],
                    [
                        -1.390311138830029,
                        2.0664541043341256,
                        3.6910655646689974,
                        -0.23470616131026437,
                        -4.7477035099503295,
                        -7.163530569646774
                    ],
                    [
                        0.5137502277545258,
                        0.10253906138629425,
                        -0.23470616131026437,
                        1.53832537831693,
                        -0.6110777322290335,
                        0.616938944791494
                    ],
                    [
                        1.9590061303805861,
                        -3.206835874437284,
                        -4.7477035099503295,
                        -0.6110777322290335,
                        8.274022597826212,
                        10.12678670612821
                    ],
                    [
                        2.8246619133430477,
                        -4.539179454425298,
                        -7.163530569646774,
                        0.616938944791494,
                        10.12678670612821,
                        15.948424141726644
                    ]
                ]
            },
            "est_tgt": [
                0,
                1,
                2,
                3,
                4,
                5
            ],
            "oracle_est_tgt": [
                0,
                1,
                2,
                3,
                4,
                5
            ]
        }
    },
    "metric_dict": {
        "param_est_rel_err": 5.264831943843209,
        "est_num_comp": 4,
        "weight_precision_error": 0.0012202656504570475,
        "gm_score_dict": {
            "1": -9.543056549136818,
            "2": -9.42247584610724,
            "3": -5.812234015015609,
            "4": -4.334642070689389,
            "5": -4.334561449977542,
            "6": -4.334470981131407,
            "7": -4.334975559807676
        },
        "est_dag": {
            "amat": [
                [
                    0,
                    0,
                    1,
                    1,
                    1,
                    1
                ],
                [
                    1,
                    0,
                    1,
                    1,
                    0,
                    1
                ],
                [
                    0,
                    0,
                    0,
                    0,
                    1,
                    1
                ],
                [
                    0,
                    0,
                    0,
                    0,
                    1,
                    1
                ],
                [
                    0,
                    0,
                    0,
                    0,
                    0,
                    0
                ],
                [
                    0,
                    0,
                    0,
                    0,
                    1,
                    0
                ]
            ],
            "nodes": [
                0,
                1,
                2,
                3,
                4,
                5
            ]
        },
        "oracle_est_dag": {
            "amat": [
                [
                    0,
                    0,
                    0,
                    1,
                    1,
                    1
                ],
                [
                    1,
                    0,
                    0,
                    1,
                    0,
                    1
                ],
                [
                    1,
                    1,
                    0,
                    0,
                    1,
                    1
                ],
                [
                    0,
                    0,
                    0,
                    0,
                    1,
                    1
                ],
                [
                    0,
                    0,
                    0,
                    0,
                    0,
                    0
                ],
                [
                    0,
                    0,
                    0,
                    0,
                    1,
                    0
                ]
            ],
            "nodes": [
                0,
                1,
                2,
                3,
                4,
                5
            ]
        },
        "igsp_dag": null,
        "intv_base_est_dag": null,
        "act_dag": {
            "amat": [
                [
                    0,
                    1,
                    1,
                    1,
                    1,
                    1
                ],
                [
                    0,
                    0,
                    1,
                    1,
                    1,
                    1
                ],
                [
                    0,
                    0,
                    0,
                    0,
                    1,
                    1
                ],
                [
                    0,
                    0,
                    0,
                    0,
                    1,
                    1
                ],
                [
                    0,
                    0,
                    0,
                    0,
                    0,
                    1
                ],
                [
                    0,
                    0,
                    0,
                    0,
                    0,
                    0
                ]
            ],
            "nodes": [
                0,
                1,
                2,
                3,
                4,
                5
            ]
        },
        "shd": 3,
        "oracle_shd": 5,
        "intv_base_shd": null,
        "igsp_shd": null,
        "avg_js": 0.5,
        "avg_oracle_js": 0.5
    }
}