{
    "expt_args": {
        "save_dir": "all_expt_logs/expt_logs_sim_compsel_backward_cameraready_cutoff_var_half",
        "exp_name": "214",
        "num_nodes": 6,
        "num_tgt_prior": 7,
        "obs_noise_mean": 0.0,
        "obs_noise_var": 1.0,
        "obs_noise_gamma_shape": null,
        "noise_type": "gaussian",
        "max_edge_strength": 1.0,
        "graph_sparsity_method": "adj_dense_prop",
        "adj_dense_prop": 0.8,
        "num_parents": null,
        "new_noise_mean": 1.0,
        "mix_samples": 524288,
        "stage2_samples": 524288,
        "gmm_tol": 0.001,
        "intv_type": "do",
        "new_noise_var": null,
        "dtype": "simulation",
        "cutoff_drop_ratio": 0.3,
        "intv_targets": [
            1,
            3,
            2
        ]
    },
    "intv_args_dict": {
        "1": {
            "intv_type": "do",
            "inode": 1,
            "new_mui": 1.0,
            "new_vari": null,
            "noise_type": "gaussian",
            "obs_noise_gamma_shape": null,
            "true_params": {
                "Si": [
                    [
                        1.0,
                        0.0,
                        -0.7420748514784344,
                        -1.4102905382498645,
                        2.267110642999456,
                        -2.448588449769732
                    ],
                    [
                        0.0,
                        1e-09,
                        8.029968502435765e-10,
                        -5.143149899550026e-11,
                        8.696006366651048e-11,
                        -6.136027298519304e-11
                    ],
                    [
                        -0.7420748514784344,
                        8.029968502435765e-10,
                        1.5506750858415446,
                        1.968718793399468,
                        -3.08618686407711,
                        2.8075922698556033
                    ],
                    [
                        -1.4102905382498645,
                        -5.143149899550026e-11,
                        1.968718793399468,
                        3.839331023625491,
                        -5.041808059900286,
                        4.754743370977156
                    ],
                    [
                        2.267110642999456,
                        8.696006366651048e-11,
                        -3.08618686407711,
                        -5.041808059900286,
                        8.412950315854582,
                        -7.860809509976605
                    ],
                    [
                        -2.448588449769732,
                        -6.136027298519304e-11,
                        2.8075922698556033,
                        4.754743370977156,
                        -7.860809509976605,
                        8.625264348742697
                    ]
                ],
                "mui": [
                    0.0,
                    1.0,
                    0.8029968502435765,
                    -0.05143149899550026,
                    0.08696006366651048,
                    -0.06136027298519304
                ],
                "Ai": [
                    [
                        0.0,
                        0.0,
                        0.0,
                        0.0,
                        0.0,
                        0.0
                    ],
                    [
                        0.0,
                        0.0,
                        0.0,
                        0.0,
                        0.0,
                        0.0
                    ],
                    [
                        -0.7420748514784344,
                        0.8029968502435765,
                        0.0,
                        0.0,
                        0.0,
                        0.0
                    ],
                    [
                        -0.7259656943074054,
                        -0.7919372486977472,
                        0.922177651727558,
                        0.0,
                        0.0,
                        0.0
                    ],
                    [
                        0.8261248054197312,
                        0.7786973171438831,
                        -0.8966685923247617,
                        -0.5499509527075458,
                        0.0,
                        0.0
                    ],
                    [
                        -0.8488825379207218,
                        0.0,
                        -0.0,
                        0.0,
                        -0.7056143981277204,
                        0.0
                    ]
                ]
            },
            "est_params": {
                "mui": [
                    -0.0028853357161260297,
                    1.0000000005548912,
                    0.8052120548932882,
                    -0.05137072434986527,
                    0.08654381959355734,
                    -0.061016033051288075
                ],
                "Si": [
                    [
                        0.993895628787681,
                        9.699075693379963e-08,
                        -0.7388740461537496,
                        -1.4038760260659926,
                        2.2544550045724643,
                        -2.43461171580952
                    ],
                    [
                        9.69907569337997e-08,
                        1.010615786248532e-06,
                        -4.3504585011124994e-07,
                        -2.8704812393295712e-08,
                        5.391450199431312e-07,
                        -2.56636919503052e-07
                    ],
                    [
                        -0.7388740461537496,
                        -4.350458501112501e-07,
                        1.5479760074599833,
                        1.9623445958801171,
                        -3.0749302040286555,
                        2.801602082637331
                    ],
                    [
                        -1.4038760260659926,
                        -2.8704812393295897e-08,
                        1.9623445958801171,
                        3.82709874823828,
                        -5.022412442792003,
                        4.737331557778453
                    ],
                    [
                        2.2544550045724643,
                        5.391450199431312e-07,
                        -3.074930204028656,
                        -5.022412442792003,
                        8.372045639313514,
                        -7.827874643350532
                    ],
                    [
                        -2.43461171580952,
                        -2.566369195030519e-07,
                        2.801602082637331,
                        4.737331557778453,
                        -7.827874643350532,
                        8.594872676092297
                    ]
                ]
            },
            "est_tgt": [
                1
            ],
            "oracle_est_tgt": [
                1
            ]
        },
        "3": {
            "intv_type": "do",
            "inode": 3,
            "new_mui": 1.0,
            "new_vari": null,
            "noise_type": "gaussian",
            "obs_noise_gamma_shape": null,
            "true_params": {
                "Si": [
                    [
                        1.0,
                        0.7989009284108821,
                        -0.10055992230782707,
                        0.0,
                        1.5383957390170893,
                        -1.9343967213895148
                    ],
                    [
                        0.7989009284108821,
                        1.6382426934157694,
                        0.7226594349509272,
                        0.0,
                        1.2877010459588556,
                        -1.5867934461693445
                    ],
                    [
                        -0.10055992230782707,
                        0.7226594349509272,
                        1.6549162394756611,
                        0.0,
                        -1.0042534979106046,
                        0.793979289557628
                    ],
                    [
                        0.0,
                        0.0,
                        0.0,
                        1e-09,
                        -5.499509527075458e-10,
                        3.8805331049450137e-10
                    ],
                    [
                        1.5383957390170893,
                        1.2877010459588556,
                        -1.0042534979106046,
                        -5.499509527075458e-10,
                        4.174118800936736,
                        -4.251235604699827
                    ],
                    [
                        -1.9343967213895148,
                        -1.5867934461693445,
                        0.793979289557628,
                        3.8805331049450137e-10,
                        -4.251235604699827,
                        5.641808650708059
                    ]
                ],
                "mui": [
                    0.0,
                    0.0,
                    0.0,
                    1.0,
                    -0.5499509527075458,
                    0.38805331049450137
                ],
                "Ai": [
                    [
                        0.0,
                        0.0,
                        0.0,
                        0.0,
                        0.0,
                        0.0
                    ],
                    [
                        0.7989009284108821,
                        0.0,
                        0.0,
                        0.0,
                        0.0,
                        0.0
                    ],
                    [
                        -0.7420748514784344,
                        0.8029968502435765,
                        0.0,
                        0.0,
                        0.0,
                        0.0
                    ],
                    [
                        0.0,
                        0.0,
                        0.0,
                        0.0,
                        0.0,
                        0.0
                    ],
                    [
                        0.8261248054197312,
                        0.7786973171438831,
                        -0.8966685923247617,
                        -0.5499509527075458,
                        0.0,
                        0.0
                    ],
                    [
                        -0.8488825379207218,
                        0.0,
                        -0.0,
                        0.0,
                        -0.7056143981277204,
                        0.0
                    ]
                ]
            },
            "est_params": {
                "mui": [
                    -0.0008515311985196227,
                    0.0020350826009302276,
                    -0.0008414516325817163,
                    0.9999999005065582,
                    -0.5530313755259696,
                    0.3891901566066659
                ],
                "Si": [
                    [
                        0.9903373544688253,
                        0.7914128293131658,
                        -0.10207103041528254,
                        -8.409996718463961e-08,
                        1.5227906339482933,
                        -1.9151504024032788
                    ],
                    [
                        0.7914128293131658,
                        1.6345601108444088,
                        0.7191547744534321,
                        -2.9723045590848787e-07,
                        1.2829598188990416,
                        -1.5738701354953348
                    ],
                    [
                        -0.10207103041528254,
                        0.7191547744534321,
                        1.6472059506684478,
                        -2.755824978363932e-07,
                        -0.9973681624915657,
                        0.7914867694116715
                    ],
                    [
                        -8.409996718463961e-08,
                        -2.9723045590848797e-07,
                        -2.755824978363931e-07,
                        1.0068428474604678e-06,
                        -1.6657363579915633e-08,
                        -4.857781263258235e-07
                    ],
                    [
                        1.5227906339482933,
                        1.2829598188990419,
                        -0.9973681624915657,
                        -1.6657363579915606e-08,
                        4.148521788390197,
                        -4.219674577214632
                    ],
                    [
                        -1.9151504024032788,
                        -1.573870135495335,
                        0.7914867694116715,
                        -4.857781263258236e-07,
                        -4.219674577214632,
                        5.602796030928989
                    ]
                ]
            },
            "est_tgt": [
                2,
                3,
                4
            ],
            "oracle_est_tgt": [
                2,
                3,
                4
            ]
        },
        "2": {
            "intv_type": "do",
            "inode": 2,
            "new_mui": 1.0,
            "new_vari": null,
            "noise_type": "gaussian",
            "obs_noise_gamma_shape": null,
            "true_params": {
                "Si": [
                    [
                        1.0,
                        0.7989009284108821,
                        0.0,
                        -1.3586450975351951,
                        2.1954149808179597,
                        -2.397998958251167
                    ],
                    [
                        0.7989009284108821,
                        1.6382426934157694,
                        0.0,
                        -1.8773600784995081,
                        2.968143027972429,
                        -2.7725375038964053
                    ],
                    [
                        0.0,
                        0.0,
                        1e-09,
                        9.22177651727558e-10,
                        -1.4038210704579396e-09,
                        9.905563597101913e-10
                    ],
                    [
                        -1.3586450975351951,
                        -1.8773600784995081,
                        9.22177651727558e-10,
                        3.473081107781789,
                        -4.494329938158393,
                        4.324594012830252
                    ],
                    [
                        2.1954149808179597,
                        2.968143027972429,
                        -1.4038210704579396e-09,
                        -4.494329938158393,
                        7.596632819156268,
                        -7.223942935192161
                    ],
                    [
                        -2.397998958251167,
                        -2.7725375038964053,
                        9.905563597101913e-10,
                        4.324594012830252,
                        -7.223942935192161,
                        8.132937587936112
                    ]
                ],
                "mui": [
                    0.0,
                    0.0,
                    1.0,
                    0.922177651727558,
                    -1.4038210704579395,
                    0.9905563597101912
                ],
                "Ai": [
                    [
                        0.0,
                        0.0,
                        0.0,
                        0.0,
                        0.0,
                        0.0
                    ],
                    [
                        0.7989009284108821,
                        0.0,
                        0.0,
                        0.0,
                        0.0,
                        0.0
                    ],
                    [
                        0.0,
                        0.0,
                        0.0,
                        0.0,
                        0.0,
                        0.0
                    ],
                    [
                        -0.7259656943074054,
                        -0.7919372486977472,
                        0.922177651727558,
                        0.0,
                        0.0,
                        0.0
                    ],
                    [
                        0.8261248054197312,
                        0.7786973171438831,
                        -0.8966685923247617,
                        -0.5499509527075458,
                        0.0,
                        0.0
                    ],
                    [
                        -0.8488825379207218,
                        0.0,
                        -0.0,
                        0.0,
                        -0.7056143981277204,
                        0.0
                    ]
                ]
            },
            "est_params": {
                "mui": [
                    0.001203487807411305,
                    0.003981874355274377,
                    1.0000000327071537,
                    0.9161763190285435,
                    -1.397456228972969,
                    0.9841241381728136
                ],
                "Si": [
                    [
                        1.0044484181536124,
                        0.8047329466706077,
                        1.1281352873753683e-07,
                        -1.3655047513379728,
                        2.211055662293215,
                        -2.4167715124502633
                    ],
                    [
                        0.8047329466706078,
                        1.6426944692266774,
                        8.36697869344027e-08,
                        -1.8825352265962363,
                        2.9809406035370936,
                        -2.7870777708231254
                    ],
                    [
                        1.1281352873753688e-07,
                        8.366978693440275e-08,
                        1.0102419452147422e-06,
                        1.6570850908292345e-07,
                        5.259011428931013e-07,
                        -6.648883340735135e-07
                    ],
                    [
                        -1.3655047513379728,
                        -1.8825352265962363,
                        1.6570850908292356e-07,
                        3.4722788908818636,
                        -4.512357406129211,
                        4.3479804962562625
                    ],
                    [
                        2.211055662293215,
                        2.9809406035370936,
                        5.259011428931013e-07,
                        -4.512357406129211,
                        7.63045039465192,
                        -7.265174129213157
                    ],
                    [
                        -2.416771512450264,
                        -2.7870777708231254,
                        -6.648883340735133e-07,
                        4.347980496256262,
                        -7.265174129213156,
                        8.184827809012866
                    ]
                ]
            },
            "est_tgt": [
                2,
                3,
                4
            ],
            "oracle_est_tgt": [
                2,
                3,
                4
            ]
        },
        "obs": {
            "intv_type": "obs",
            "noise_type": "gaussian",
            "obs_noise_gamma_shape": null,
            "true_params": {
                "Si": [
                    [
                        1.0,
                        0.7989009284108821,
                        -0.10055992230782707,
                        -1.4513792105469328,
                        2.3365831185973005,
                        -2.497609228825148
                    ],
                    [
                        0.7989009284108821,
                        1.6382426934157694,
                        0.7226594349509272,
                        -1.210939697777698,
                        1.9536584864230881,
                        -2.056702604701191
                    ],
                    [
                        -0.10055992230782707,
                        0.7226594349509272,
                        1.6549162394756611,
                        1.0268289006826605,
                        -1.5689590301086755,
                        1.1924436437789638
                    ],
                    [
                        -1.4513792105469328,
                        -1.210939697777698,
                        1.0268289006826605,
                        3.959558433242515,
                        -5.240264019382267,
                        4.929656209801221
                    ],
                    [
                        2.3365831185973005,
                        1.9536584864230881,
                        -1.5689590301086755,
                        -5.240264019382267,
                        8.740342371032384,
                        -8.150796029343818
                    ],
                    [
                        -2.497609228825148,
                        -2.056702604701191,
                        1.1924436437789638,
                        4.929656209801221,
                        -8.150796029343818,
                        8.87149589540656
                    ]
                ],
                "mui": [
                    0.0,
                    0.0,
                    0.0,
                    0.0,
                    0.0,
                    0.0
                ],
                "Ai": [
                    [
                        0.0,
                        0.0,
                        0.0,
                        0.0,
                        0.0,
                        0.0
                    ],
                    [
                        0.7989009284108821,
                        0.0,
                        0.0,
                        0.0,
                        0.0,
                        0.0
                    ],
                    [
                        -0.7420748514784344,
                        0.8029968502435765,
                        0.0,
                        0.0,
                        0.0,
                        0.0
                    ],
                    [
                        -0.7259656943074054,
                        -0.7919372486977472,
                        0.922177651727558,
                        0.0,
                        0.0,
                        0.0
                    ],
                    [
                        0.8261248054197312,
                        0.7786973171438831,
                        -0.8966685923247617,
                        -0.5499509527075458,
                        0.0,
                        0.0
                    ],
                    [
                        -0.8488825379207218,
                        0.0,
                        -0.0,
                        0.0,
                        -0.7056143981277204,
                        0.0
                    ]
                ]
            },
            "est_params": {
                "mui": [
                    -0.00252405681170398,
                    -0.0017060366863150527,
                    -0.0019191854159579477,
                    0.0009033623973847471,
                    -0.0009455870588306168,
                    0.003679035226196551
                ],
                "Si": [
                    [
                        1.0025250571443736,
                        0.8017820472359648,
                        -0.09721730887957564,
                        -1.4523994827961308,
                        2.3421204161336195,
                        -2.501760113804661
                    ],
                    [
                        0.8017820472359648,
                        1.6376977136891893,
                        0.7249944054773387,
                        -1.2091818066360962,
                        1.957301671602475,
                        -2.058474700959265
                    ],
                    [
                        -0.09721730887957564,
                        0.7249944054773387,
                        1.6587075691877657,
                        1.0278611312625587,
                        -1.569235166157982,
                        1.1914583220932962
                    ],
                    [
                        -1.4523994827961308,
                        -1.2091818066360962,
                        1.0278611312625587,
                        3.9572262692436992,
                        -5.244639658046031,
                        4.935479777476513
                    ],
                    [
                        2.3421204161336195,
                        1.957301671602475,
                        -1.569235166157982,
                        -5.244639658046031,
                        8.768718942831418,
                        -8.174829555465479
                    ],
                    [
                        -2.501760113804661,
                        -2.058474700959265,
                        1.1914583220932962,
                        4.935479777476513,
                        -8.174829555465479,
                        8.885824279917435
                    ]
                ]
            },
            "est_tgt": [
                0,
                1,
                2,
                3,
                4,
                5
            ],
            "oracle_est_tgt": [
                0,
                1,
                2,
                3,
                4,
                5
            ]
        }
    },
    "metric_dict": {
        "param_est_rel_err": 1.2964444491848965,
        "est_num_comp": 4,
        "weight_precision_error": 0.001404303991754341,
        "gm_score_dict": {
            "1": -8.744870347246032,
            "2": -8.69596639502629,
            "3": -5.8182905377699035,
            "4": -4.337331141660581,
            "5": -4.337600547879985,
            "6": -4.337707503164073,
            "7": -4.3378895764341125
        },
        "est_dag": {
            "amat": [
                [
                    0,
                    1,
                    1,
                    1,
                    1,
                    1
                ],
                [
                    0,
                    0,
                    1,
                    0,
                    1,
                    0
                ],
                [
                    0,
                    0,
                    0,
                    0,
                    0,
                    0
                ],
                [
                    0,
                    0,
                    1,
                    0,
                    0,
                    0
                ],
                [
                    0,
                    0,
                    1,
                    1,
                    0,
                    1
                ],
                [
                    0,
                    0,
                    0,
                    0,
                    0,
                    0
                ]
            ],
            "nodes": [
                0,
                1,
                2,
                3,
                4,
                5
            ]
        },
        "oracle_est_dag": {
            "amat": [
                [
                    0,
                    1,
                    1,
                    1,
                    1,
                    1
                ],
                [
                    0,
                    0,
                    1,
                    0,
                    1,
                    0
                ],
                [
                    0,
                    0,
                    0,
                    0,
                    0,
                    0
                ],
                [
                    0,
                    0,
                    1,
                    0,
                    0,
                    0
                ],
                [
                    0,
                    0,
                    1,
                    1,
                    0,
                    1
                ],
                [
                    0,
                    0,
                    0,
                    0,
                    0,
                    0
                ]
            ],
            "nodes": [
                0,
                1,
                2,
                3,
                4,
                5
            ]
        },
        "igsp_dag": null,
        "intv_base_est_dag": null,
        "act_dag": {
            "amat": [
                [
                    0,
                    1,
                    1,
                    1,
                    1,
                    1
                ],
                [
                    0,
                    0,
                    1,
                    1,
                    1,
                    0
                ],
                [
                    0,
                    0,
                    0,
                    1,
                    1,
                    0
                ],
                [
                    0,
                    0,
                    0,
                    0,
                    1,
                    0
                ],
                [
                    0,
                    0,
                    0,
                    0,
                    0,
                    1
                ],
                [
                    0,
                    0,
                    0,
                    0,
                    0,
                    0
                ]
            ],
            "nodes": [
                0,
                1,
                2,
                3,
                4,
                5
            ]
        },
        "shd": 4,
        "oracle_shd": 4,
        "intv_base_shd": null,
        "igsp_shd": null,
        "avg_js": 0.41666666666666663,
        "avg_oracle_js": 0.41666666666666663
    }
}