{
    "expt_args": {
        "save_dir": "all_expt_logs/expt_logs_sim_compsel_backward_cameraready_cutoff_var_half",
        "exp_name": "413",
        "num_nodes": 6,
        "num_tgt_prior": 7,
        "obs_noise_mean": 0.0,
        "obs_noise_var": 1.0,
        "obs_noise_gamma_shape": null,
        "noise_type": "gaussian",
        "max_edge_strength": 1.0,
        "graph_sparsity_method": "adj_dense_prop",
        "adj_dense_prop": 0.8,
        "num_parents": null,
        "new_noise_mean": 1.0,
        "mix_samples": 16384,
        "stage2_samples": 16384,
        "gmm_tol": 0.001,
        "intv_type": "do",
        "new_noise_var": null,
        "dtype": "simulation",
        "cutoff_drop_ratio": 0.15,
        "intv_targets": [
            1,
            5,
            3
        ]
    },
    "intv_args_dict": {
        "1": {
            "intv_type": "do",
            "inode": 1,
            "new_mui": 1.0,
            "new_vari": null,
            "noise_type": "gaussian",
            "obs_noise_gamma_shape": null,
            "true_params": {
                "Si": [
                    [
                        1.0,
                        0.0,
                        0.9753156336539845,
                        -1.393538817161915,
                        -0.5966667258296231,
                        0.8153623405762367
                    ],
                    [
                        0.0,
                        1e-09,
                        9.747827476718266e-10,
                        6.627893245962802e-12,
                        -1.554080079428066e-09,
                        -1.2928699914269958e-09
                    ],
                    [
                        0.9753156336539845,
                        9.747827476718266e-10,
                        1.9512405862000748,
                        -2.2370452981618443,
                        -0.9407986469994518,
                        0.5729256522205244
                    ],
                    [
                        -1.393538817161915,
                        6.627893245962802e-12,
                        -2.2370452981618443,
                        3.712667806016067,
                        0.460876640303161,
                        -2.544446565965452
                    ],
                    [
                        -0.5966667258296231,
                        -1.554080079428066e-09,
                        -0.9407986469994518,
                        0.460876640303161,
                        1.9549034820059297,
                        1.6835086770333574
                    ],
                    [
                        0.8153623405762367,
                        -1.2928699914269958e-09,
                        0.5729256522205244,
                        -2.544446565965452,
                        1.6835086770333574,
                        5.266893230197892
                    ]
                ],
                "mui": [
                    0.0,
                    1.0,
                    0.9747827476718265,
                    0.0066278932459628015,
                    -1.554080079428066,
                    -1.2928699914269957
                ],
                "Ai": [
                    [
                        0.0,
                        0.0,
                        0.0,
                        0.0,
                        0.0,
                        0.0
                    ],
                    [
                        0.0,
                        0.0,
                        0.0,
                        0.0,
                        0.0,
                        0.0
                    ],
                    [
                        0.9753156336539845,
                        0.9747827476718265,
                        0.0,
                        0.0,
                        0.0,
                        0.0
                    ],
                    [
                        -0.5373042446717439,
                        0.8623946424127142,
                        -0.877905103686608,
                        0.0,
                        0.0,
                        0.0
                    ],
                    [
                        -0.615065670610937,
                        -0.6129711137771906,
                        -0.9607931343862839,
                        -0.685646856541531,
                        0.0,
                        0.0
                    ],
                    [
                        0.7801418588321288,
                        0.9139571968312032,
                        -0.6778887429405587,
                        -0.9239799124820276,
                        0.9908813046134498,
                        0.0
                    ]
                ]
            },
            "est_params": {
                "mui": [
                    -0.012517978027545819,
                    0.9999992320566111,
                    0.9482405398233266,
                    0.05538092016083444,
                    -1.5294673797951421,
                    -1.3197096400276265
                ],
                "Si": [
                    [
                        1.033311007677191,
                        5.127510192504425e-07,
                        1.016054159309924,
                        -1.4366480513225666,
                        -0.6311599983985483,
                        0.8034077697273021
                    ],
                    [
                        5.127510192504423e-07,
                        1.0126361829531838e-06,
                        1.067094854685096e-06,
                        -5.447610557433351e-08,
                        3.53862266831953e-07,
                        -2.3679125475557854e-06
                    ],
                    [
                        1.016054159309924,
                        1.0670948546850958e-06,
                        1.9589894648838317,
                        -2.2290641536445386,
                        -0.9844551202733076,
                        0.5332540415229688
                    ],
                    [
                        -1.4366480513225666,
                        -5.447610557433383e-08,
                        -2.2290641536445386,
                        3.69684408292325,
                        0.475131493128673,
                        -2.5316482826248814
                    ],
                    [
                        -0.6311599983985484,
                        3.53862266831953e-07,
                        -0.9844551202733077,
                        0.4751314931286729,
                        2.0775342923532993,
                        1.7855208418039412
                    ],
                    [
                        0.8034077697273021,
                        -2.3679125475557846e-06,
                        0.5332540415229687,
                        -2.5316482826248814,
                        1.7855208418039412,
                        5.3349991918033774
                    ]
                ]
            },
            "est_tgt": [
                1,
                2,
                4
            ],
            "oracle_est_tgt": [
                1,
                2,
                5
            ]
        },
        "5": {
            "intv_type": "do",
            "inode": 5,
            "new_mui": 1.0,
            "new_vari": null,
            "noise_type": "gaussian",
            "obs_noise_gamma_shape": null,
            "true_params": {
                "Si": [
                    [
                        1.0,
                        0.7901481653981636,
                        1.7455384333886592,
                        -1.3883017994731626,
                        -1.8246202494715418,
                        0.0
                    ],
                    [
                        0.7901481653981636,
                        1.6243341232820838,
                        2.35401673844586,
                        -1.0903362266267256,
                        -2.9958004220963446,
                        0.0
                    ],
                    [
                        1.7455384333886592,
                        2.35401673844586,
                        4.99710582759557,
                        -3.2947784958200734,
                        -5.058695481420514,
                        0.0
                    ],
                    [
                        -1.3883017994731626,
                        -1.0903362266267256,
                        -3.2947784958200734,
                        3.698143186468295,
                        2.152221695795361,
                        0.0
                    ],
                    [
                        -1.8246202494715418,
                        -2.9958004220963446,
                        -5.058695481420514,
                        2.152221695795361,
                        7.3432962459352575,
                        0.0
                    ],
                    [
                        0.0,
                        0.0,
                        0.0,
                        0.0,
                        0.0,
                        1e-09
                    ]
                ],
                "mui": [
                    0.0,
                    0.0,
                    0.0,
                    0.0,
                    0.0,
                    1.0
                ],
                "Ai": [
                    [
                        0.0,
                        0.0,
                        0.0,
                        0.0,
                        0.0,
                        0.0
                    ],
                    [
                        0.7901481653981636,
                        0.0,
                        0.0,
                        0.0,
                        0.0,
                        0.0
                    ],
                    [
                        0.9753156336539845,
                        0.9747827476718265,
                        0.0,
                        0.0,
                        0.0,
                        0.0
                    ],
                    [
                        -0.5373042446717439,
                        0.8623946424127142,
                        -0.877905103686608,
                        0.0,
                        0.0,
                        0.0
                    ],
                    [
                        -0.615065670610937,
                        -0.6129711137771906,
                        -0.9607931343862839,
                        -0.685646856541531,
                        0.0,
                        0.0
                    ],
                    [
                        0.0,
                        0.0,
                        0.0,
                        0.0,
                        0.0,
                        0.0
                    ]
                ]
            },
            "est_params": {
                "mui": [
                    0.008786861149098428,
                    0.007466760458573906,
                    -0.0029754758650009762,
                    0.0042281510037660425,
                    -0.008635685768615078,
                    0.9999996011080141
                ],
                "Si": [
                    [
                        1.0467396738095704,
                        0.8180649243507824,
                        1.8185137791794341,
                        -1.4386460751873515,
                        -1.9114455668048294,
                        3.2925074911251803e-07
                    ],
                    [
                        0.8180649243507824,
                        1.6244547411148713,
                        2.3886950552695483,
                        -1.1133380607849375,
                        -3.028826006589778,
                        -4.784243231842538e-07
                    ],
                    [
                        1.818513779179434,
                        2.3886950552695483,
                        5.113334686213764,
                        -3.360268056249554,
                        -5.202854494844963,
                        -9.109794603742914e-07
                    ],
                    [
                        -1.4386460751873515,
                        -1.1133380607849375,
                        -3.360268056249554,
                        3.7310514757462334,
                        2.2495607610428836,
                        5.679994346234779e-08
                    ],
                    [
                        -1.9114455668048294,
                        -3.028826006589778,
                        -5.202854494844963,
                        2.2495607610428836,
                        7.487215560905552,
                        -1.1144190627921956e-06
                    ],
                    [
                        3.292507491125188e-07,
                        -4.784243231842538e-07,
                        -9.109794603742921e-07,
                        5.6799943462348e-08,
                        -1.1144190627921956e-06,
                        1.0055600871494208e-06
                    ]
                ]
            },
            "est_tgt": [
                3,
                5
            ],
            "oracle_est_tgt": [
                1,
                3,
                4,
                5
            ]
        },
        "3": {
            "intv_type": "do",
            "inode": 3,
            "new_mui": 1.0,
            "new_vari": null,
            "noise_type": "gaussian",
            "obs_noise_gamma_shape": null,
            "true_params": {
                "Si": [
                    [
                        1.0,
                        0.7901481653981636,
                        1.7455384333886592,
                        0.0,
                        -2.7765050142112666,
                        -2.4321643039509624
                    ],
                    [
                        0.7901481653981636,
                        1.6243341232820838,
                        2.35401673844586,
                        0.0,
                        -3.743386028456313,
                        -3.204013158695967
                    ],
                    [
                        1.7455384333886592,
                        2.35401673844586,
                        4.99710582759557,
                        0.0,
                        -7.317750000080182,
                        -7.1252653170737625
                    ],
                    [
                        0.0,
                        0.0,
                        0.0,
                        1e-09,
                        -6.856468565415311e-10,
                        -1.603374564196011e-09
                    ],
                    [
                        -2.7765050142112666,
                        -3.743386028456313,
                        -7.317750000080182,
                        -6.856468565415311e-10,
                        12.033164381383699,
                        11.2966955861262
                    ],
                    [
                        -2.4321643039509624,
                        -3.204013158695967,
                        -7.1252653170737625,
                        -1.603374564196011e-09,
                        11.2966955861262,
                        12.1980575443908
                    ]
                ],
                "mui": [
                    0.0,
                    0.0,
                    0.0,
                    1.0,
                    -0.685646856541531,
                    -1.6033745641960109
                ],
                "Ai": [
                    [
                        0.0,
                        0.0,
                        0.0,
                        0.0,
                        0.0,
                        0.0
                    ],
                    [
                        0.7901481653981636,
                        0.0,
                        0.0,
                        0.0,
                        0.0,
                        0.0
                    ],
                    [
                        0.9753156336539845,
                        0.9747827476718265,
                        0.0,
                        0.0,
                        0.0,
                        0.0
                    ],
                    [
                        0.0,
                        0.0,
                        0.0,
                        0.0,
                        0.0,
                        0.0
                    ],
                    [
                        -0.615065670610937,
                        -0.6129711137771906,
                        -0.9607931343862839,
                        -0.685646856541531,
                        0.0,
                        0.0
                    ],
                    [
                        0.7801418588321288,
                        0.9139571968312032,
                        -0.6778887429405587,
                        -0.9239799124820276,
                        0.9908813046134498,
                        0.0
                    ]
                ]
            },
            "est_params": {
                "mui": [
                    0.014701989768175553,
                    0.035063802716863206,
                    0.03491211758661168,
                    0.9999999538763595,
                    -0.7344485122254868,
                    -1.6223872008655877
                ],
                "Si": [
                    [
                        0.9595067629620022,
                        0.7630562502843156,
                        1.679846028963036,
                        -5.597886805603066e-07,
                        -2.692111471828198,
                        -2.3801990334673233
                    ],
                    [
                        0.7630562502843156,
                        1.6462792284523584,
                        2.349782682957427,
                        -5.443966679418517e-07,
                        -3.7759155809988494,
                        -3.248257590207454
                    ],
                    [
                        1.679846028963036,
                        2.349782682957426,
                        4.9382853461317575,
                        -1.2416918430591992e-06,
                        -7.259312222041914,
                        -7.120780090524048
                    ],
                    [
                        -5.597886805603066e-07,
                        -5.443966679418516e-07,
                        -1.2416918430591988e-06,
                        1.0013352987958332e-06,
                        2.517718041665988e-06,
                        2.6291103973232247e-06
                    ],
                    [
                        -2.692111471828198,
                        -3.7759155809988494,
                        -7.259312222041914,
                        2.517718041665988e-06,
                        12.01775019216236,
                        11.325130118063058
                    ],
                    [
                        -2.3801990334673233,
                        -3.248257590207454,
                        -7.120780090524048,
                        2.629110397323225e-06,
                        11.325130118063058,
                        12.255327422972504
                    ]
                ]
            },
            "est_tgt": [
                1,
                3,
                4,
                5
            ],
            "oracle_est_tgt": [
                1,
                3,
                4,
                5
            ]
        },
        "obs": {
            "intv_type": "obs",
            "noise_type": "gaussian",
            "obs_noise_gamma_shape": null,
            "true_params": {
                "Si": [
                    [
                        1.0,
                        0.7901481653981636,
                        1.7455384333886592,
                        -1.3883017994731626,
                        -1.8246202494715418,
                        -0.2061965112481432
                    ],
                    [
                        0.7901481653981636,
                        1.6243341232820838,
                        2.35401673844586,
                        -1.0903362266267256,
                        -2.9958004220963446,
                        -1.4557957865012179
                    ],
                    [
                        1.7455384333886592,
                        2.35401673844586,
                        4.99710582759557,
                        -3.2947784958200734,
                        -5.058695481420514,
                        -1.8425012822158648
                    ],
                    [
                        -1.3883017994731626,
                        -1.0903362266267256,
                        -3.2947784958200734,
                        3.698143186468295,
                        2.152221695795361,
                        -1.1305135109851052
                    ],
                    [
                        -1.8246202494715418,
                        -2.9958004220963446,
                        -5.058695481420514,
                        2.152221695795361,
                        7.3432962459352575,
                        4.555462081901312
                    ],
                    [
                        -0.2061965112481432,
                        -1.4557957865012179,
                        -1.8425012822158648,
                        -1.1305135109851052,
                        4.555462081901312,
                        6.316107298079765
                    ]
                ],
                "mui": [
                    0.0,
                    0.0,
                    0.0,
                    0.0,
                    0.0,
                    0.0
                ],
                "Ai": [
                    [
                        0.0,
                        0.0,
                        0.0,
                        0.0,
                        0.0,
                        0.0
                    ],
                    [
                        0.7901481653981636,
                        0.0,
                        0.0,
                        0.0,
                        0.0,
                        0.0
                    ],
                    [
                        0.9753156336539845,
                        0.9747827476718265,
                        0.0,
                        0.0,
                        0.0,
                        0.0
                    ],
                    [
                        -0.5373042446717439,
                        0.8623946424127142,
                        -0.877905103686608,
                        0.0,
                        0.0,
                        0.0
                    ],
                    [
                        -0.615065670610937,
                        -0.6129711137771906,
                        -0.9607931343862839,
                        -0.685646856541531,
                        0.0,
                        0.0
                    ],
                    [
                        0.7801418588321288,
                        0.9139571968312032,
                        -0.6778887429405587,
                        -0.9239799124820276,
                        0.9908813046134498,
                        0.0
                    ]
                ]
            },
            "est_params": {
                "mui": [
                    -0.023893597327142784,
                    -0.008654744376998863,
                    -0.04560761276479258,
                    0.0476209140691322,
                    0.03372844167361721,
                    -0.008809375656959453
                ],
                "Si": [
                    [
                        0.9856609454865641,
                        0.7738028784434502,
                        1.7288104808640843,
                        -1.3529883221047774,
                        -1.7854155945539376,
                        -0.2286986024919474
                    ],
                    [
                        0.7738028784434502,
                        1.6159157858666175,
                        2.318517374387239,
                        -1.0452118462073365,
                        -2.974694965416057,
                        -1.4774409426684525
                    ],
                    [
                        1.7288104808640843,
                        2.318517374387239,
                        4.956457494911957,
                        -3.254549331182345,
                        -5.018732260502129,
                        -1.8987622047147672
                    ],
                    [
                        -1.3529883221047774,
                        -1.0452118462073365,
                        -3.254549331182345,
                        3.6556258791005827,
                        2.087497360925158,
                        -1.09638428770969
                    ],
                    [
                        -1.7854155945539376,
                        -2.974694965416057,
                        -5.018732260502129,
                        2.087497360925158,
                        7.323331516194771,
                        4.656501314705746
                    ],
                    [
                        -0.2286986024919474,
                        -1.4774409426684525,
                        -1.8987622047147672,
                        -1.09638428770969,
                        4.656501314705746,
                        6.434193683622267
                    ]
                ]
            },
            "est_tgt": [
                0,
                1,
                2,
                3,
                4,
                5
            ],
            "oracle_est_tgt": [
                0,
                1,
                2,
                3,
                4,
                5
            ]
        }
    },
    "metric_dict": {
        "param_est_rel_err": 5.473148933905066,
        "est_num_comp": 4,
        "weight_precision_error": 0.0009175241474269347,
        "gm_score_dict": {
            "1": -9.093436761215898,
            "2": -7.385061037532834,
            "3": -5.942155548573516,
            "4": -4.352372441474264,
            "5": -4.352235132284996,
            "6": -4.351889226705047,
            "7": -4.350991766034709
        },
        "est_dag": {
            "amat": [
                [
                    0,
                    1,
                    1,
                    0,
                    0,
                    1
                ],
                [
                    0,
                    0,
                    0,
                    1,
                    0,
                    1
                ],
                [
                    0,
                    1,
                    0,
                    1,
                    1,
                    1
                ],
                [
                    0,
                    0,
                    0,
                    0,
                    0,
                    0
                ],
                [
                    0,
                    1,
                    0,
                    1,
                    0,
                    1
                ],
                [
                    0,
                    0,
                    0,
                    1,
                    0,
                    0
                ]
            ],
            "nodes": [
                0,
                1,
                2,
                3,
                4,
                5
            ]
        },
        "oracle_est_dag": {
            "amat": [
                [
                    0,
                    0,
                    1,
                    0,
                    1,
                    1
                ],
                [
                    0,
                    0,
                    0,
                    1,
                    1,
                    0
                ],
                [
                    0,
                    1,
                    0,
                    1,
                    1,
                    1
                ],
                [
                    0,
                    0,
                    0,
                    0,
                    0,
                    0
                ],
                [
                    0,
                    0,
                    0,
                    1,
                    0,
                    0
                ],
                [
                    0,
                    1,
                    0,
                    1,
                    1,
                    0
                ]
            ],
            "nodes": [
                0,
                1,
                2,
                3,
                4,
                5
            ]
        },
        "igsp_dag": null,
        "intv_base_est_dag": null,
        "act_dag": {
            "amat": [
                [
                    0,
                    1,
                    1,
                    1,
                    1,
                    1
                ],
                [
                    0,
                    0,
                    1,
                    1,
                    1,
                    1
                ],
                [
                    0,
                    0,
                    0,
                    1,
                    1,
                    1
                ],
                [
                    0,
                    0,
                    0,
                    0,
                    1,
                    1
                ],
                [
                    0,
                    0,
                    0,
                    0,
                    0,
                    1
                ],
                [
                    0,
                    0,
                    0,
                    0,
                    0,
                    0
                ]
            ],
            "nodes": [
                0,
                1,
                2,
                3,
                4,
                5
            ]
        },
        "shd": 6,
        "oracle_shd": 7,
        "intv_base_shd": null,
        "igsp_shd": null,
        "avg_js": 0.2708333333333333,
        "avg_oracle_js": 0.20833333333333331
    }
}