{
    "expt_args": {
        "save_dir": "all_expt_logs/expt_logs_sim_compsel_backward_cameraready_cutoff_var_half",
        "exp_name": "230",
        "num_nodes": 6,
        "num_tgt_prior": 7,
        "obs_noise_mean": 0.0,
        "obs_noise_var": 1.0,
        "obs_noise_gamma_shape": null,
        "noise_type": "gaussian",
        "max_edge_strength": 1.0,
        "graph_sparsity_method": "adj_dense_prop",
        "adj_dense_prop": 0.8,
        "num_parents": null,
        "new_noise_mean": 1.0,
        "mix_samples": 4096,
        "stage2_samples": 4096,
        "gmm_tol": 0.001,
        "intv_type": "do",
        "new_noise_var": null,
        "dtype": "simulation",
        "cutoff_drop_ratio": 0.3,
        "intv_targets": [
            0,
            1,
            5
        ]
    },
    "intv_args_dict": {
        "0": {
            "intv_type": "do",
            "inode": 0,
            "new_mui": 1.0,
            "new_vari": null,
            "noise_type": "gaussian",
            "obs_noise_gamma_shape": null,
            "true_params": {
                "Si": [
                    [
                        1e-09,
                        6.531214927019013e-10,
                        6.453522076905625e-10,
                        7.172743039241339e-10,
                        -1.6723331632741144e-09,
                        -1.2585578449155137e-09
                    ],
                    [
                        6.531214927019013e-10,
                        1.0000000004265677,
                        4.214933972053276e-10,
                        4.684672640556477e-10,
                        -0.7172293470855623,
                        -1.237851296752734
                    ],
                    [
                        6.453522076905625e-10,
                        4.214933972053276e-10,
                        1.0000000004164795,
                        4.628945555571513e-10,
                        -0.9655811395170973,
                        -0.519749291117909
                    ],
                    [
                        7.172743039241339e-10,
                        4.684672640556477e-10,
                        4.628945555571513e-10,
                        1.0000000005144825,
                        -1.1995216056166853e-09,
                        -0.8962312443594684
                    ],
                    [
                        -1.6723331632741144e-09,
                        -0.7172293470855623,
                        -0.9655811395170973,
                        -1.1995216056166855e-09,
                        2.4467648724576527,
                        1.9279595312885511
                    ],
                    [
                        -1.2585578449155137e-09,
                        -1.237851296752734,
                        -0.519749291117909,
                        -0.8962312443594684,
                        1.9279595312885511,
                        3.8953868043451836
                    ]
                ],
                "mui": [
                    1.0,
                    0.6531214927019013,
                    0.6453522076905625,
                    0.7172743039241339,
                    -1.6723331632741143,
                    -1.2585578449155137
                ],
                "Ai": [
                    [
                        0.0,
                        0.0,
                        0.0,
                        0.0,
                        0.0,
                        0.0
                    ],
                    [
                        0.6531214927019013,
                        0.0,
                        0.0,
                        0.0,
                        0.0,
                        0.0
                    ],
                    [
                        0.6453522076905625,
                        -0.0,
                        0.0,
                        0.0,
                        0.0,
                        0.0
                    ],
                    [
                        0.7172743039241339,
                        -0.0,
                        0.0,
                        0.0,
                        0.0,
                        0.0
                    ],
                    [
                        -0.5807553428141097,
                        -0.7172293459933256,
                        -0.9655811384378534,
                        0.0,
                        0.0,
                        0.0
                    ],
                    [
                        0.8407811800436042,
                        -0.8517838504030233,
                        -0.0,
                        -0.8962312434567372,
                        0.5382761423307856,
                        0.0
                    ]
                ]
            },
            "est_params": {
                "mui": [
                    1.0000069284081516,
                    0.6461240045217446,
                    0.6069747096614231,
                    0.694505222097712,
                    -1.6082809012647945,
                    -1.1948826001769361
                ],
                "Si": [
                    [
                        1.0178743766580163e-06,
                        3.691418411608648e-06,
                        -1.449461030695384e-06,
                        3.862217181019432e-07,
                        -3.383412969579882e-06,
                        -6.550972737963788e-06
                    ],
                    [
                        3.6914184116086473e-06,
                        0.9792154714349729,
                        0.04470519400436166,
                        0.02781832812023481,
                        -0.7220478074703319,
                        -1.215889078988824
                    ],
                    [
                        -1.4494610306953841e-06,
                        0.04470519400436167,
                        0.9859427477672353,
                        -0.0112416507536106,
                        -0.9592201168431828,
                        -0.5591850552718799
                    ],
                    [
                        3.862217181019432e-07,
                        0.02781832812023482,
                        -0.011241650753610603,
                        1.0420197873027208,
                        -0.005998263660889176,
                        -1.0122184848198137
                    ],
                    [
                        -3.3834129695798817e-06,
                        -0.7220478074703319,
                        -0.9592201168431828,
                        -0.005998263660889169,
                        2.388504718270235,
                        1.8752341052319232
                    ],
                    [
                        -6.550972737963786e-06,
                        -1.215889078988824,
                        -0.5591850552718799,
                        -1.0122184848198137,
                        1.8752341052319235,
                        3.928747426686189
                    ]
                ]
            },
            "est_tgt": [
                0
            ],
            "oracle_est_tgt": [
                0
            ]
        },
        "1": {
            "intv_type": "do",
            "inode": 1,
            "new_mui": 1.0,
            "new_vari": null,
            "noise_type": "gaussian",
            "obs_noise_gamma_shape": null,
            "true_params": {
                "Si": [
                    [
                        1.0,
                        0.0,
                        0.6453522076905625,
                        0.7172743039241339,
                        -1.203895262209345,
                        -0.45009055877424375
                    ],
                    [
                        0.0,
                        1e-09,
                        0.0,
                        0.0,
                        -7.172293459933256e-10,
                        -1.237851295930743e-09
                    ],
                    [
                        0.6453522076905625,
                        0.0,
                        1.416479471971083,
                        0.4628945555571513,
                        -1.7425176037328627,
                        -0.810216226071333
                    ],
                    [
                        0.7172743039241339,
                        0.0,
                        0.4628945555571513,
                        1.5144824270698507,
                        -0.8635231361987706,
                        -1.2190696357043573
                    ],
                    [
                        -1.203895262209345,
                        -7.172293459933256e-10,
                        -1.7425176037328627,
                        -0.8635231361987706,
                        3.3817107377914666,
                        1.581998145927718
                    ],
                    [
                        -0.45009055877424375,
                        -1.237851295930743e-09,
                        -0.810216226071333,
                        -1.2190696357043573,
                        1.581998145927718,
                        2.565692484553783
                    ]
                ],
                "mui": [
                    0.0,
                    1.0,
                    0.0,
                    0.0,
                    -0.7172293459933256,
                    -1.2378512959307428
                ],
                "Ai": [
                    [
                        0.0,
                        0.0,
                        0.0,
                        0.0,
                        0.0,
                        0.0
                    ],
                    [
                        0.0,
                        0.0,
                        0.0,
                        0.0,
                        0.0,
                        0.0
                    ],
                    [
                        0.6453522076905625,
                        -0.0,
                        0.0,
                        0.0,
                        0.0,
                        0.0
                    ],
                    [
                        0.7172743039241339,
                        -0.0,
                        0.0,
                        0.0,
                        0.0,
                        0.0
                    ],
                    [
                        -0.5807553428141097,
                        -0.7172293459933256,
                        -0.9655811384378534,
                        0.0,
                        0.0,
                        0.0
                    ],
                    [
                        0.8407811800436042,
                        -0.8517838504030233,
                        -0.0,
                        -0.8962312434567372,
                        0.5382761423307856,
                        0.0
                    ]
                ]
            },
            "est_params": {
                "mui": [
                    0.04623980004579379,
                    0.9999990254858173,
                    -0.012468455153625057,
                    0.06257895372839824,
                    -0.7555213289708977,
                    -1.2609800166499066
                ],
                "Si": [
                    [
                        0.9799396596726306,
                        -7.865533154007106e-07,
                        0.6687553942356405,
                        0.7387279826587645,
                        -1.1557149556682964,
                        -0.4484898439687782
                    ],
                    [
                        -7.865533154007107e-07,
                        1.0035446805663308e-06,
                        -3.505296925889669e-07,
                        -1.8838224808780488e-06,
                        -1.7673034156076275e-07,
                        3.942618255850018e-07
                    ],
                    [
                        0.6687553942356402,
                        -3.5052969258896705e-07,
                        1.4466262473115215,
                        0.4766974410277203,
                        -1.7414637035950309,
                        -0.7655468875437318
                    ],
                    [
                        0.7387279826587645,
                        -1.8838224808780488e-06,
                        0.4766974410277203,
                        1.3803106412374255,
                        -0.8888224812069752,
                        -1.1339246657152149
                    ],
                    [
                        -1.1557149556682964,
                        -1.767303415607621e-07,
                        -1.741463703595031,
                        -0.8888224812069752,
                        3.234627182209705,
                        1.5534369139730162
                    ],
                    [
                        -0.4484898439687782,
                        3.942618255850017e-07,
                        -0.7655468875437318,
                        -1.1339246657152149,
                        1.5534369139730162,
                        2.483278063847822
                    ]
                ]
            },
            "est_tgt": [
                1,
                4
            ],
            "oracle_est_tgt": [
                1
            ]
        },
        "5": {
            "intv_type": "do",
            "inode": 5,
            "new_mui": 1.0,
            "new_vari": null,
            "noise_type": "gaussian",
            "obs_noise_gamma_shape": null,
            "true_params": {
                "Si": [
                    [
                        1.0,
                        0.6531214927019013,
                        0.6453522076905625,
                        0.7172743039241339,
                        -1.6723331632741143,
                        0.0
                    ],
                    [
                        0.6531214927019013,
                        1.4265676842291597,
                        0.4214933972053276,
                        0.4684672640556476,
                        -1.8094660778858076,
                        0.0
                    ],
                    [
                        0.6453522076905625,
                        0.4214933972053276,
                        1.416479471971083,
                        0.4628945555571513,
                        -2.044825037350945,
                        0.0
                    ],
                    [
                        0.7172743039241339,
                        0.4684672640556476,
                        0.4628945555571513,
                        1.5144824270698507,
                        -1.1995216056166853,
                        0.0
                    ],
                    [
                        -1.6723331632741143,
                        -1.8094660778858076,
                        -2.044825037350945,
                        -1.1995216056166853,
                        5.24346307864736,
                        0.0
                    ],
                    [
                        0.0,
                        0.0,
                        0.0,
                        0.0,
                        0.0,
                        1e-09
                    ]
                ],
                "mui": [
                    0.0,
                    0.0,
                    0.0,
                    0.0,
                    0.0,
                    1.0
                ],
                "Ai": [
                    [
                        0.0,
                        0.0,
                        0.0,
                        0.0,
                        0.0,
                        0.0
                    ],
                    [
                        0.6531214927019013,
                        0.0,
                        0.0,
                        0.0,
                        0.0,
                        0.0
                    ],
                    [
                        0.6453522076905625,
                        -0.0,
                        0.0,
                        0.0,
                        0.0,
                        0.0
                    ],
                    [
                        0.7172743039241339,
                        -0.0,
                        0.0,
                        0.0,
                        0.0,
                        0.0
                    ],
                    [
                        -0.5807553428141097,
                        -0.7172293459933256,
                        -0.9655811384378534,
                        0.0,
                        0.0,
                        0.0
                    ],
                    [
                        0.0,
                        0.0,
                        0.0,
                        0.0,
                        0.0,
                        0.0
                    ]
                ]
            },
            "est_params": {
                "mui": [
                    -0.023954696160295413,
                    -0.04265181923069646,
                    0.034149690021652385,
                    -0.014345597364159246,
                    0.020770682794287187,
                    0.9999984131894406
                ],
                "Si": [
                    [
                        0.975356479944882,
                        0.6414077656256917,
                        0.6157752244079119,
                        0.6738858391623755,
                        -1.6426149820136053,
                        2.4332166665508865e-06
                    ],
                    [
                        0.6414077656256917,
                        1.4522097782668342,
                        0.393693597877801,
                        0.3822584575960116,
                        -1.828662936088924,
                        -1.1217294587103287e-06
                    ],
                    [
                        0.6157752244079118,
                        0.393693597877801,
                        1.3438957169047914,
                        0.39244868061992383,
                        -1.9111288322561883,
                        4.427672531305058e-07
                    ],
                    [
                        0.6738858391623755,
                        0.38225845759601157,
                        0.39244868061992383,
                        1.5525340566970043,
                        -1.020433086611274,
                        4.5575753823304725e-06
                    ],
                    [
                        -1.6426149820136058,
                        -1.828662936088924,
                        -1.9111288322561883,
                        -1.020433086611274,
                        5.13089761558902,
                        -5.518300867257876e-08
                    ],
                    [
                        2.433216666550887e-06,
                        -1.1217294587103292e-06,
                        4.427672531305064e-07,
                        4.557575382330472e-06,
                        -5.5183008672579604e-08,
                        1.0057082680620334e-06
                    ]
                ]
            },
            "est_tgt": [
                5
            ],
            "oracle_est_tgt": [
                4,
                5
            ]
        },
        "obs": {
            "intv_type": "obs",
            "noise_type": "gaussian",
            "obs_noise_gamma_shape": null,
            "true_params": {
                "Si": [
                    [
                        1.0,
                        0.6531214927019013,
                        0.6453522076905625,
                        0.7172743039241339,
                        -1.6723331632741143,
                        -1.2585578449155137
                    ],
                    [
                        0.6531214927019013,
                        1.4265676842291597,
                        0.4214933972053276,
                        0.4684672640556476,
                        -1.8094660778858076,
                        -2.059842474253651
                    ],
                    [
                        0.6453522076905625,
                        0.4214933972053276,
                        1.416479471971083,
                        0.4628945555571513,
                        -2.044825037350945,
                        -1.3319623740281994
                    ],
                    [
                        0.7172743039241339,
                        0.4684672640556476,
                        0.4628945555571513,
                        1.5144824270698507,
                        -1.1995216056166853,
                        -1.7989624456167705
                    ],
                    [
                        -1.6723331632741143,
                        -1.8094660778858076,
                        -2.044825037350945,
                        -1.1995216056166853,
                        5.24346307864736,
                        4.032687551134837
                    ],
                    [
                        -1.2585578449155137,
                        -2.059842474253651,
                        -1.3319623740281994,
                        -1.7989624456167705,
                        4.032687551134837,
                        5.479354651759597
                    ]
                ],
                "mui": [
                    0.0,
                    0.0,
                    0.0,
                    0.0,
                    0.0,
                    0.0
                ],
                "Ai": [
                    [
                        0.0,
                        0.0,
                        0.0,
                        0.0,
                        0.0,
                        0.0
                    ],
                    [
                        0.6531214927019013,
                        0.0,
                        0.0,
                        0.0,
                        0.0,
                        0.0
                    ],
                    [
                        0.6453522076905625,
                        -0.0,
                        0.0,
                        0.0,
                        0.0,
                        0.0
                    ],
                    [
                        0.7172743039241339,
                        -0.0,
                        0.0,
                        0.0,
                        0.0,
                        0.0
                    ],
                    [
                        -0.5807553428141097,
                        -0.7172293459933256,
                        -0.9655811384378534,
                        0.0,
                        0.0,
                        0.0
                    ],
                    [
                        0.8407811800436042,
                        -0.8517838504030233,
                        -0.0,
                        -0.8962312434567372,
                        0.5382761423307856,
                        0.0
                    ]
                ]
            },
            "est_params": {
                "mui": [
                    -0.016607505540843778,
                    0.001389752952201604,
                    0.023491593896221033,
                    -0.03513551308034011,
                    -0.01814498817127465,
                    0.026851791272954964
                ],
                "Si": [
                    [
                        1.032170024910485,
                        0.6115322103466506,
                        0.6710425291638232,
                        0.7428801153147232,
                        -1.6647386663777526,
                        -1.207256607532831
                    ],
                    [
                        0.6115322103466506,
                        1.3430867826349724,
                        0.421536621956729,
                        0.46608135072915474,
                        -1.7111241831032888,
                        -1.975454550579706
                    ],
                    [
                        0.6710425291638232,
                        0.421536621956729,
                        1.4614275990004568,
                        0.4516702868404801,
                        -2.132668815046993,
                        -1.4109505434190457
                    ],
                    [
                        0.7428801153147232,
                        0.46608135072915474,
                        0.4516702868404801,
                        1.5252602328602345,
                        -1.1841336980069745,
                        -1.7774936122747056
                    ],
                    [
                        -1.6647386663777526,
                        -1.7111241831032888,
                        -2.132668815046993,
                        -1.1841336980069745,
                        5.164223117588137,
                        3.952252935461392
                    ],
                    [
                        -1.207256607532831,
                        -1.975454550579706,
                        -1.4109505434190457,
                        -1.7774936122747056,
                        3.952252935461392,
                        5.437719101127098
                    ]
                ]
            },
            "est_tgt": [
                0,
                1,
                2,
                3,
                4,
                5
            ],
            "oracle_est_tgt": [
                0,
                1,
                2,
                3,
                4,
                5
            ]
        }
    },
    "metric_dict": {
        "param_est_rel_err": 5.5589274527822825,
        "est_num_comp": 4,
        "weight_precision_error": 0.0021461142607698824,
        "gm_score_dict": {
            "1": -8.721000153237387,
            "2": -8.55612842682805,
            "3": -7.00338789246692,
            "4": -4.290445456681824,
            "5": -4.286523310359293,
            "6": -4.284225719041738,
            "7": -4.279322447048269
        },
        "est_dag": {
            "amat": [
                [
                    0,
                    0,
                    0,
                    1,
                    1,
                    1
                ],
                [
                    0,
                    0,
                    1,
                    0,
                    0,
                    1
                ],
                [
                    0,
                    0,
                    0,
                    0,
                    0,
                    0
                ],
                [
                    0,
                    0,
                    0,
                    0,
                    0,
                    1
                ],
                [
                    0,
                    1,
                    1,
                    0,
                    0,
                    1
                ],
                [
                    0,
                    0,
                    0,
                    0,
                    0,
                    0
                ]
            ],
            "nodes": [
                0,
                1,
                2,
                3,
                4,
                5
            ]
        },
        "oracle_est_dag": {
            "amat": [
                [
                    0,
                    1,
                    0,
                    1,
                    1,
                    1
                ],
                [
                    0,
                    0,
                    1,
                    0,
                    0,
                    1
                ],
                [
                    0,
                    0,
                    0,
                    0,
                    0,
                    0
                ],
                [
                    0,
                    0,
                    0,
                    0,
                    1,
                    1
                ],
                [
                    0,
                    0,
                    1,
                    0,
                    0,
                    0
                ],
                [
                    0,
                    0,
                    0,
                    0,
                    1,
                    0
                ]
            ],
            "nodes": [
                0,
                1,
                2,
                3,
                4,
                5
            ]
        },
        "igsp_dag": null,
        "intv_base_est_dag": null,
        "act_dag": {
            "amat": [
                [
                    0,
                    1,
                    1,
                    1,
                    1,
                    1
                ],
                [
                    0,
                    0,
                    0,
                    0,
                    1,
                    1
                ],
                [
                    0,
                    0,
                    0,
                    0,
                    1,
                    0
                ],
                [
                    0,
                    0,
                    0,
                    0,
                    0,
                    1
                ],
                [
                    0,
                    0,
                    0,
                    0,
                    0,
                    1
                ],
                [
                    0,
                    0,
                    0,
                    0,
                    0,
                    0
                ]
            ],
            "nodes": [
                0,
                1,
                2,
                3,
                4,
                5
            ]
        },
        "shd": 5,
        "oracle_shd": 6,
        "intv_base_shd": null,
        "igsp_shd": null,
        "avg_js": 0.625,
        "avg_oracle_js": 0.625
    }
}