{
    "expt_args": {
        "save_dir": "all_expt_logs/expt_logs_sim_compsel_backward_cameraready_cutoff_var_half",
        "exp_name": "89",
        "num_nodes": 6,
        "num_tgt_prior": 7,
        "obs_noise_mean": 0.0,
        "obs_noise_var": 1.0,
        "obs_noise_gamma_shape": null,
        "noise_type": "gaussian",
        "max_edge_strength": 1.0,
        "graph_sparsity_method": "adj_dense_prop",
        "adj_dense_prop": 0.8,
        "num_parents": null,
        "new_noise_mean": 1.0,
        "mix_samples": 1024,
        "stage2_samples": 1024,
        "gmm_tol": 0.001,
        "intv_type": "do",
        "new_noise_var": null,
        "dtype": "simulation",
        "cutoff_drop_ratio": 0.15,
        "intv_targets": [
            5,
            3,
            1
        ]
    },
    "intv_args_dict": {
        "5": {
            "intv_type": "do",
            "inode": 5,
            "new_mui": 1.0,
            "new_vari": null,
            "noise_type": "gaussian",
            "obs_noise_gamma_shape": null,
            "true_params": {
                "Si": [
                    [
                        1.0,
                        0.0,
                        -0.6225655190843509,
                        -1.0288578066212308,
                        -0.45018167960207095,
                        0.0
                    ],
                    [
                        0.0,
                        1.0,
                        -0.7357141197978649,
                        -1.000220643973937,
                        -2.1306752013618095,
                        0.0
                    ],
                    [
                        -0.6225655190843509,
                        -0.7357141197978649,
                        1.9288630916227145,
                        2.035855996142128,
                        3.2034004621130414,
                        0.0
                    ],
                    [
                        -1.0288578066212308,
                        -1.000220643973937,
                        2.035855996142128,
                        3.4938615867529443,
                        4.169611563381309,
                        0.0
                    ],
                    [
                        -0.45018167960207095,
                        -2.1306752013618095,
                        3.2034004621130414,
                        4.169611563381309,
                        8.044259897505395,
                        0.0
                    ],
                    [
                        0.0,
                        0.0,
                        0.0,
                        0.0,
                        0.0,
                        1e-09
                    ]
                ],
                "mui": [
                    0.0,
                    0.0,
                    0.0,
                    0.0,
                    0.0,
                    1.0
                ],
                "Ai": [
                    [
                        0.0,
                        0.0,
                        0.0,
                        0.0,
                        0.0,
                        0.0
                    ],
                    [
                        -0.0,
                        0.0,
                        0.0,
                        0.0,
                        0.0,
                        0.0
                    ],
                    [
                        -0.6225655190843509,
                        -0.7357141197978649,
                        0.0,
                        0.0,
                        0.0,
                        0.0
                    ],
                    [
                        -0.6183081261759495,
                        -0.5150553279983011,
                        0.6594481510140562,
                        0.0,
                        0.0,
                        0.0
                    ],
                    [
                        0.8150420208557301,
                        -0.7824244120335726,
                        0.906237878695583,
                        0.6813684462345395,
                        0.0,
                        0.0
                    ],
                    [
                        0.0,
                        0.0,
                        0.0,
                        0.0,
                        0.0,
                        0.0
                    ]
                ]
            },
            "est_params": {
                "mui": [
                    -0.08880088397728346,
                    -0.05002225161223966,
                    -0.031159117373932545,
                    0.10948792362108029,
                    0.03243947784451776,
                    0.9999998509320778
                ],
                "Si": [
                    [
                        1.0361892734016196,
                        -0.014154735042119808,
                        -0.6761818289214349,
                        -1.0578139455168192,
                        -0.5385920276693935,
                        3.01192529720967e-06
                    ],
                    [
                        -0.014154735042119797,
                        0.9123911386964959,
                        -0.6765708559442326,
                        -1.0506252812450882,
                        -1.894833786598587,
                        1.5997809130888618e-06
                    ],
                    [
                        -0.676181828921435,
                        -0.6765708559442327,
                        1.879594417025632,
                        1.9765590676231646,
                        3.0050467223016466,
                        -2.415318693409592e-06
                    ],
                    [
                        -1.0578139455168192,
                        -1.0506252812450882,
                        1.9765590676231646,
                        3.5101694470107687,
                        4.107518260794261,
                        -2.660006877802263e-06
                    ],
                    [
                        -0.5385920276693935,
                        -1.8948337865985871,
                        3.0050467223016466,
                        4.107518260794261,
                        7.4725549434822,
                        -5.281229342573952e-06
                    ],
                    [
                        3.0119252972096695e-06,
                        1.5997809130888618e-06,
                        -2.415318693409592e-06,
                        -2.660006877802263e-06,
                        -5.2812293425739515e-06,
                        1.0079151344444532e-06
                    ]
                ]
            },
            "est_tgt": [
                5
            ],
            "oracle_est_tgt": [
                5
            ]
        },
        "3": {
            "intv_type": "do",
            "inode": 3,
            "new_mui": 1.0,
            "new_vari": null,
            "noise_type": "gaussian",
            "obs_noise_gamma_shape": null,
            "true_params": {
                "Si": [
                    [
                        1.0,
                        0.0,
                        -0.6225655190843509,
                        0.0,
                        0.25084956549171344,
                        -0.5180352738054957
                    ],
                    [
                        0.0,
                        1.0,
                        -0.7357141197978649,
                        0.0,
                        -1.4491564152855778,
                        -1.595394105255815
                    ],
                    [
                        -0.6225655190843509,
                        -0.7357141197978649,
                        1.9288630916227145,
                        0.0,
                        1.8162324252644086,
                        1.9880025851975534
                    ],
                    [
                        0.0,
                        0.0,
                        0.0,
                        1e-09,
                        6.813684462345396e-10,
                        3.6972032564925457e-10
                    ],
                    [
                        0.25084956549171344,
                        -1.4491564152855778,
                        1.8162324252644086,
                        6.813684462345396e-10,
                        3.9842469137176604,
                        3.170272416918743
                    ],
                    [
                        -0.5180352738054957,
                        -1.595394105255815,
                        1.9880025851975534,
                        3.6972032564925457e-10,
                        3.170272416918743,
                        4.349879256790704
                    ]
                ],
                "mui": [
                    0.0,
                    0.0,
                    0.0,
                    1.0,
                    0.6813684462345395,
                    0.36972032564925456
                ],
                "Ai": [
                    [
                        0.0,
                        0.0,
                        0.0,
                        0.0,
                        0.0,
                        0.0
                    ],
                    [
                        -0.0,
                        0.0,
                        0.0,
                        0.0,
                        0.0,
                        0.0
                    ],
                    [
                        -0.6225655190843509,
                        -0.7357141197978649,
                        0.0,
                        0.0,
                        0.0,
                        0.0
                    ],
                    [
                        0.0,
                        0.0,
                        0.0,
                        0.0,
                        0.0,
                        0.0
                    ],
                    [
                        0.8150420208557301,
                        -0.7824244120335726,
                        0.906237878695583,
                        0.6813684462345395,
                        0.0,
                        0.0
                    ],
                    [
                        -0.6541498584404379,
                        -0.80906097706798,
                        -0.0,
                        0.0,
                        0.5426143926864351,
                        0.0
                    ]
                ]
            },
            "est_params": {
                "mui": [
                    0.10969553644592502,
                    -0.02562660935986259,
                    -0.08003767214416432,
                    1.0000048036326705,
                    0.7246196299055057,
                    0.2583158303116332
                ],
                "Si": [
                    [
                        1.1195053697129242,
                        -0.08720031724205826,
                        -0.5671626312823326,
                        3.5230833316368527e-06,
                        0.4847923157583243,
                        -0.3734061104135272
                    ],
                    [
                        -0.08720031724205825,
                        1.0489389764818544,
                        -0.7530564807037777,
                        2.803634999485349e-06,
                        -1.6040333356053795,
                        -1.714222473292954
                    ],
                    [
                        -0.5671626312823326,
                        -0.7530564807037778,
                        2.0263212289991928,
                        -3.313741169330054e-08,
                        1.9128966005255992,
                        1.9493782458264663
                    ],
                    [
                        3.523083331636852e-06,
                        2.80363499948535e-06,
                        -3.313741169330065e-08,
                        1.0125345877050804e-06,
                        5.374770776973302e-06,
                        6.032732864958388e-06
                    ],
                    [
                        0.48479231575832443,
                        -1.6040333356053795,
                        1.9128966005255992,
                        5.374770776973302e-06,
                        4.271089304639043,
                        3.236495803763108
                    ],
                    [
                        -0.3734061104135271,
                        -1.7142224732929543,
                        1.9493782458264663,
                        6.0327328649583895e-06,
                        3.2364958037631077,
                        4.413409474029621
                    ]
                ]
            },
            "est_tgt": [
                2,
                3,
                4
            ],
            "oracle_est_tgt": [
                2,
                3,
                4
            ]
        },
        "1": {
            "intv_type": "do",
            "inode": 1,
            "new_mui": 1.0,
            "new_vari": null,
            "noise_type": "gaussian",
            "obs_noise_gamma_shape": null,
            "true_params": {
                "Si": [
                    [
                        1.0,
                        0.0,
                        -0.6225655190843509,
                        -1.0288578066212308,
                        -0.45018167960207095,
                        -0.8984249171162749
                    ],
                    [
                        0.0,
                        1e-09,
                        -7.35714119797865e-10,
                        -1.000220643973937e-09,
                        -2.13067520136181e-09,
                        -1.965196007466966e-09
                    ],
                    [
                        -0.6225655190843509,
                        -7.35714119797865e-10,
                        1.3875878260940424,
                        1.2999795461930659,
                        1.6358326333355666,
                        1.2948774776481937
                    ],
                    [
                        -1.0288578066212308,
                        -1.000220643973937e-09,
                        1.2999795461930659,
                        2.4934202511217487,
                        2.038466243507047,
                        1.7791283120982322
                    ],
                    [
                        -0.45018167960207095,
                        -2.13067520136181e-09,
                        1.6358326333355666,
                        2.038466243507047,
                        3.504483088346982,
                        2.1960692463713
                    ],
                    [
                        -0.8984249171162749,
                        -1.965196007466966e-09,
                        1.2948774776481937,
                        1.7791283120982322,
                        2.1960692463713,
                        2.7793233143580567
                    ]
                ],
                "mui": [
                    0.0,
                    1.0,
                    -0.7357141197978649,
                    -1.000220643973937,
                    -2.1306752013618095,
                    -1.965196007466966
                ],
                "Ai": [
                    [
                        0.0,
                        0.0,
                        0.0,
                        0.0,
                        0.0,
                        0.0
                    ],
                    [
                        0.0,
                        0.0,
                        0.0,
                        0.0,
                        0.0,
                        0.0
                    ],
                    [
                        -0.6225655190843509,
                        -0.7357141197978649,
                        0.0,
                        0.0,
                        0.0,
                        0.0
                    ],
                    [
                        -0.6183081261759495,
                        -0.5150553279983011,
                        0.6594481510140562,
                        0.0,
                        0.0,
                        0.0
                    ],
                    [
                        0.8150420208557301,
                        -0.7824244120335726,
                        0.906237878695583,
                        0.6813684462345395,
                        0.0,
                        0.0
                    ],
                    [
                        -0.6541498584404379,
                        -0.80906097706798,
                        -0.0,
                        0.0,
                        0.5426143926864351,
                        0.0
                    ]
                ]
            },
            "est_params": {
                "mui": [
                    -0.010612050371354079,
                    1.0000021512917567,
                    -0.6958269100227676,
                    -1.076815495379975,
                    -2.2635102798666247,
                    -1.986309385389008
                ],
                "Si": [
                    [
                        1.0372899757746186,
                        -6.1496170310415554e-06,
                        -0.719682002507316,
                        -1.107158192119298,
                        -0.46320532617561094,
                        -0.9017418010777499
                    ],
                    [
                        -6.149617031041555e-06,
                        1.009509281431092e-06,
                        -9.786716477701093e-06,
                        -1.3208235833200829e-05,
                        -1.5505585475739136e-05,
                        -1.2514848285658882e-05
                    ],
                    [
                        -0.7196820025073158,
                        -9.786716477701093e-06,
                        1.6895270471019468,
                        1.476719717899586,
                        1.8419224458792562,
                        1.544712734981084
                    ],
                    [
                        -1.1071581921192977,
                        -1.3208235833200827e-05,
                        1.4767197178995861,
                        2.6897158693241368,
                        2.1299262668663332,
                        1.927589149219812
                    ],
                    [
                        -0.46320532617561094,
                        -1.5505585475739133e-05,
                        1.8419224458792562,
                        2.129926266866333,
                        3.633228894832317,
                        2.2440550868469304
                    ],
                    [
                        -0.9017418010777498,
                        -1.2514848285658882e-05,
                        1.544712734981084,
                        1.927589149219812,
                        2.2440550868469304,
                        2.6971307300068528
                    ]
                ]
            },
            "est_tgt": [
                1,
                2
            ],
            "oracle_est_tgt": [
                1
            ]
        },
        "obs": {
            "intv_type": "obs",
            "noise_type": "gaussian",
            "obs_noise_gamma_shape": null,
            "true_params": {
                "Si": [
                    [
                        1.0,
                        0.0,
                        -0.6225655190843509,
                        -1.0288578066212308,
                        -0.45018167960207095,
                        -0.8984249171162749
                    ],
                    [
                        0.0,
                        1.0,
                        -0.7357141197978649,
                        -1.000220643973937,
                        -2.1306752013618095,
                        -1.965196007466966
                    ],
                    [
                        -0.6225655190843509,
                        -0.7357141197978649,
                        1.9288630916227145,
                        2.035855996142128,
                        3.2034004621130414,
                        2.740699927066209
                    ],
                    [
                        -1.0288578066212308,
                        -1.000220643973937,
                        2.035855996142128,
                        3.4938615867529443,
                        4.169611563381309,
                        3.7447579262562214
                    ],
                    [
                        -0.45018167960207095,
                        -2.1306752013618095,
                        3.2034004621130414,
                        4.169611563381309,
                        8.044259897505395,
                        6.383263641109207
                    ],
                    [
                        -0.8984249171162749,
                        -1.965196007466966,
                        2.740699927066209,
                        3.7447579262562214,
                        6.383263641109207,
                        6.6413186582601655
                    ]
                ],
                "mui": [
                    0.0,
                    0.0,
                    0.0,
                    0.0,
                    0.0,
                    0.0
                ],
                "Ai": [
                    [
                        0.0,
                        0.0,
                        0.0,
                        0.0,
                        0.0,
                        0.0
                    ],
                    [
                        -0.0,
                        0.0,
                        0.0,
                        0.0,
                        0.0,
                        0.0
                    ],
                    [
                        -0.6225655190843509,
                        -0.7357141197978649,
                        0.0,
                        0.0,
                        0.0,
                        0.0
                    ],
                    [
                        -0.6183081261759495,
                        -0.5150553279983011,
                        0.6594481510140562,
                        0.0,
                        0.0,
                        0.0
                    ],
                    [
                        0.8150420208557301,
                        -0.7824244120335726,
                        0.906237878695583,
                        0.6813684462345395,
                        0.0,
                        0.0
                    ],
                    [
                        -0.6541498584404379,
                        -0.80906097706798,
                        -0.0,
                        0.0,
                        0.5426143926864351,
                        0.0
                    ]
                ]
            },
            "est_params": {
                "mui": [
                    0.014355223923751962,
                    0.08849198831466941,
                    -0.0791377543897126,
                    -0.118785712767465,
                    -0.18165757019228418,
                    -0.2854891663263685
                ],
                "Si": [
                    [
                        1.1392010791006824,
                        -0.03530293337221861,
                        -0.7084785823029269,
                        -1.17882390589126,
                        -0.46610541711257064,
                        -0.9693506904642175
                    ],
                    [
                        -0.03530293337221861,
                        1.0699160052146741,
                        -0.6963596049306652,
                        -1.036694952382585,
                        -2.2256289968014307,
                        -1.9919229585350542
                    ],
                    [
                        -0.7084785823029269,
                        -0.6963596049306652,
                        1.9267755140574185,
                        2.0982143324530185,
                        3.1529294611598,
                        2.7185598117072827
                    ],
                    [
                        -1.17882390589126,
                        -1.036694952382585,
                        2.0982143324530185,
                        3.687025823438551,
                        4.2631329278771855,
                        3.886312505724029
                    ],
                    [
                        -0.46610541711257064,
                        -2.2256289968014307,
                        3.1529294611598,
                        4.2631329278771855,
                        8.200750171789085,
                        6.398749272544575
                    ],
                    [
                        -0.9693506904642175,
                        -1.9919229585350542,
                        2.7185598117072827,
                        3.886312505724029,
                        6.398749272544575,
                        6.653070055195179
                    ]
                ]
            },
            "est_tgt": [
                0,
                1,
                2,
                3,
                4,
                5
            ],
            "oracle_est_tgt": [
                0,
                1,
                2,
                3,
                4,
                5
            ]
        }
    },
    "metric_dict": {
        "param_est_rel_err": 12.26231761385569,
        "est_num_comp": 4,
        "weight_precision_error": 0.006007577016373555,
        "gm_score_dict": {
            "1": -9.084993150709064,
            "2": -8.892732252676327,
            "3": -7.296338645017219,
            "4": -4.388592581312517,
            "5": -4.355402448111896,
            "6": -4.359794873054647,
            "7": -4.325415611499865
        },
        "est_dag": {
            "amat": [
                [
                    0,
                    0,
                    1,
                    1,
                    0,
                    1
                ],
                [
                    0,
                    0,
                    0,
                    0,
                    1,
                    1
                ],
                [
                    0,
                    0,
                    0,
                    0,
                    0,
                    0
                ],
                [
                    0,
                    0,
                    0,
                    0,
                    0,
                    0
                ],
                [
                    0,
                    0,
                    1,
                    1,
                    0,
                    1
                ],
                [
                    0,
                    0,
                    0,
                    0,
                    0,
                    0
                ]
            ],
            "nodes": [
                0,
                1,
                2,
                3,
                4,
                5
            ]
        },
        "oracle_est_dag": {
            "amat": [
                [
                    0,
                    0,
                    1,
                    1,
                    0,
                    1
                ],
                [
                    0,
                    0,
                    0,
                    0,
                    1,
                    1
                ],
                [
                    0,
                    0,
                    0,
                    0,
                    0,
                    0
                ],
                [
                    0,
                    0,
                    0,
                    0,
                    0,
                    0
                ],
                [
                    0,
                    0,
                    1,
                    1,
                    0,
                    1
                ],
                [
                    0,
                    0,
                    0,
                    0,
                    0,
                    0
                ]
            ],
            "nodes": [
                0,
                1,
                2,
                3,
                4,
                5
            ]
        },
        "igsp_dag": null,
        "intv_base_est_dag": null,
        "act_dag": {
            "amat": [
                [
                    0,
                    0,
                    1,
                    1,
                    1,
                    1
                ],
                [
                    0,
                    0,
                    1,
                    1,
                    1,
                    1
                ],
                [
                    0,
                    0,
                    0,
                    1,
                    1,
                    0
                ],
                [
                    0,
                    0,
                    0,
                    0,
                    1,
                    0
                ],
                [
                    0,
                    0,
                    0,
                    0,
                    0,
                    1
                ],
                [
                    0,
                    0,
                    0,
                    0,
                    0,
                    0
                ]
            ],
            "nodes": [
                0,
                1,
                2,
                3,
                4,
                5
            ]
        },
        "shd": 6,
        "oracle_shd": 6,
        "intv_base_shd": null,
        "igsp_shd": null,
        "avg_js": 0.4583333333333333,
        "avg_oracle_js": 0.5833333333333333
    }
}