{
    "expt_args": {
        "save_dir": "all_expt_logs/expt_logs_sim_compsel_backward_cameraready_cutoff_var_half",
        "exp_name": "216",
        "num_nodes": 6,
        "num_tgt_prior": 7,
        "obs_noise_mean": 0.0,
        "obs_noise_var": 1.0,
        "obs_noise_gamma_shape": null,
        "noise_type": "gaussian",
        "max_edge_strength": 1.0,
        "graph_sparsity_method": "adj_dense_prop",
        "adj_dense_prop": 0.8,
        "num_parents": null,
        "new_noise_mean": 1.0,
        "mix_samples": 1048576,
        "stage2_samples": 1048576,
        "gmm_tol": 0.001,
        "intv_type": "do",
        "new_noise_var": null,
        "dtype": "simulation",
        "cutoff_drop_ratio": 0.01,
        "intv_targets": [
            1,
            2,
            0
        ]
    },
    "intv_args_dict": {
        "1": {
            "intv_type": "do",
            "inode": 1,
            "new_mui": 1.0,
            "new_vari": null,
            "noise_type": "gaussian",
            "obs_noise_gamma_shape": null,
            "true_params": {
                "Si": [
                    [
                        1.0,
                        0.0,
                        -0.9883108483540886,
                        -0.4990498397856426,
                        -1.1957807265589535,
                        2.2365146347177784
                    ],
                    [
                        0.0,
                        1e-09,
                        0.0,
                        -5.268343372665581e-10,
                        1.2416771006322637e-09,
                        1.2199694682166895e-10
                    ],
                    [
                        -0.9883108483540886,
                        0.0,
                        1.976758332974378,
                        0.9981686743686915,
                        1.7181247457833746,
                        -3.4616924273936123
                    ],
                    [
                        -0.4990498397856426,
                        -5.268343372665581e-10,
                        0.9981686743686915,
                        1.5040275720201164,
                        0.30123431032852976,
                        -1.4640907247134287
                    ],
                    [
                        -1.1957807265589535,
                        1.2416771006322637e-09,
                        1.7181247457833746,
                        0.30123431032852976,
                        3.038269794019267,
                        -4.007563708829335
                    ],
                    [
                        2.2365146347177784,
                        1.2199694682166895e-10,
                        -3.4616924273936123,
                        -1.4640907247134287,
                        -4.007563708829335,
                        7.899691370986534
                    ]
                ],
                "mui": [
                    0.0,
                    1.0,
                    0.0,
                    -0.526834337266558,
                    1.2416771006322636,
                    0.12199694682166895
                ],
                "Ai": [
                    [
                        0.0,
                        0.0,
                        0.0,
                        0.0,
                        0.0,
                        0.0
                    ],
                    [
                        0.0,
                        0.0,
                        0.0,
                        0.0,
                        0.0,
                        0.0
                    ],
                    [
                        -0.9883108483540886,
                        0.0,
                        0.0,
                        0.0,
                        0.0,
                        0.0
                    ],
                    [
                        0.0,
                        -0.526834337266558,
                        0.504952303839171,
                        0.0,
                        0.0,
                        0.0
                    ],
                    [
                        -0.6657281905522483,
                        0.943311460764958,
                        0.8222947219145798,
                        -0.566336737683717,
                        0.0,
                        0.0
                    ],
                    [
                        0.6660979959958448,
                        0.7444370380889331,
                        -0.9824681518029461,
                        0.0,
                        -0.5012898207998818,
                        0.0
                    ]
                ]
            },
            "est_params": {
                "mui": [
                    -0.0011492370289436233,
                    0.9999998351095386,
                    -0.0008310580826218994,
                    -0.5239133181619452,
                    1.2380884295264991,
                    0.12053851506313716
                ],
                "Si": [
                    [
                        0.9985258213305995,
                        1.543579462009892e-08,
                        -0.9858057763871875,
                        -0.5002791883117346,
                        -1.1905237985043897,
                        2.2287610352853386
                    ],
                    [
                        1.543579462009887e-08,
                        1.0106132458150253e-06,
                        -1.0917610993386703e-07,
                        -1.6121384969063642e-07,
                        -3.1471254943846224e-07,
                        6.00499346867185e-07
                    ],
                    [
                        -0.9858057763871875,
                        -1.0917610993386702e-07,
                        1.9650175257849851,
                        0.994077036883074,
                        1.705440715467802,
                        -3.4437823337144113
                    ],
                    [
                        -0.5002791883117346,
                        -1.612138496906365e-07,
                        0.994077036883074,
                        1.5017541708783944,
                        0.2930746419560658,
                        -1.4568833808164074
                    ],
                    [
                        -1.1905237985043897,
                        -3.1471254943846213e-07,
                        1.705440715467802,
                        0.2930746419560658,
                        3.0260883515052526,
                        -3.989788997819346
                    ],
                    [
                        2.2287610352853386,
                        6.004993468671849e-07,
                        -3.4437823337144113,
                        -1.456883380816408,
                        -3.989788997819346,
                        7.872269160577794
                    ]
                ]
            },
            "est_tgt": [
                1
            ],
            "oracle_est_tgt": [
                1
            ]
        },
        "2": {
            "intv_type": "do",
            "inode": 2,
            "new_mui": 1.0,
            "new_vari": null,
            "noise_type": "gaussian",
            "obs_noise_gamma_shape": null,
            "true_params": {
                "Si": [
                    [
                        1.0,
                        -0.7240651895892865,
                        0.0,
                        0.3814624042950564,
                        -1.5647833558302238,
                        0.9114870189094653
                    ],
                    [
                        -0.7240651895892865,
                        1.5242703987749693,
                        0.0,
                        -0.8030379853536431,
                        2.3746822578376343,
                        -0.5379790743331866
                    ],
                    [
                        0.0,
                        0.0,
                        1e-09,
                        5.04952303839171e-10,
                        5.363216814724267e-10,
                        -1.2513207513993501e-09
                    ],
                    [
                        0.3814624042950564,
                        -0.8030379853536431,
                        5.04952303839171e-10,
                        1.4230679850686352,
                        -1.8174008909394437,
                        0.5673246902036035
                    ],
                    [
                        -1.5647833558302238,
                        2.3746822578376343,
                        5.363216814724267e-10,
                        -1.8174008909394437,
                        5.311046273655718,
                        -1.9368710663668502
                    ],
                    [
                        0.9114870189094653,
                        -0.5379790743331866,
                        -1.2513207513993501e-09,
                        0.5673246902036035,
                        -1.9368710663668502,
                        2.177581879022295
                    ]
                ],
                "mui": [
                    0.0,
                    0.0,
                    1.0,
                    0.504952303839171,
                    0.5363216814724266,
                    -1.25132075139935
                ],
                "Ai": [
                    [
                        0.0,
                        0.0,
                        0.0,
                        0.0,
                        0.0,
                        0.0
                    ],
                    [
                        -0.7240651895892865,
                        0.0,
                        0.0,
                        0.0,
                        0.0,
                        0.0
                    ],
                    [
                        0.0,
                        0.0,
                        0.0,
                        0.0,
                        0.0,
                        0.0
                    ],
                    [
                        0.0,
                        -0.526834337266558,
                        0.504952303839171,
                        0.0,
                        0.0,
                        0.0
                    ],
                    [
                        -0.6657281905522483,
                        0.943311460764958,
                        0.8222947219145798,
                        -0.566336737683717,
                        0.0,
                        0.0
                    ],
                    [
                        0.6660979959958448,
                        0.7444370380889331,
                        -0.9824681518029461,
                        0.0,
                        -0.5012898207998818,
                        0.0
                    ]
                ]
            },
            "est_params": {
                "mui": [
                    -0.0006796934710834843,
                    0.000427723474158261,
                    0.9999998249022509,
                    0.5079348399309797,
                    0.534744669142589,
                    -1.2513164214532133
                ],
                "Si": [
                    [
                        0.9996960242383945,
                        -0.7243477139691706,
                        1.8524564642820573e-07,
                        0.38211736494198734,
                        -1.5651360273517205,
                        0.9103408831542972
                    ],
                    [
                        -0.7243477139691706,
                        1.5230576466027892,
                        -1.1287002577175272e-07,
                        -0.8024569069445261,
                        2.3766181192767277,
                        -0.5372768106949429
                    ],
                    [
                        1.8524564642820584e-07,
                        -1.128700257717528e-07,
                        1.0095066416160806e-06,
                        3.3589945863988355e-07,
                        -4.828336486416967e-07,
                        6.091471088724878e-07
                    ],
                    [
                        0.3821173649419873,
                        -0.802456906944526,
                        3.358994586398836e-07,
                        1.4193371136803963,
                        -1.8187209872722938,
                        0.569173327130331
                    ],
                    [
                        -1.5651360273517205,
                        2.3766181192767277,
                        -4.828336486416967e-07,
                        -1.8187209872722936,
                        5.321003819164069,
                        -1.935277746795381
                    ],
                    [
                        0.9103408831542972,
                        -0.5372768106949429,
                        6.091471088724877e-07,
                        0.569173327130331,
                        -1.935277746795381,
                        2.170190637525221
                    ]
                ]
            },
            "est_tgt": [
                2
            ],
            "oracle_est_tgt": [
                2
            ]
        },
        "0": {
            "intv_type": "do",
            "inode": 0,
            "new_mui": 1.0,
            "new_vari": null,
            "noise_type": "gaussian",
            "obs_noise_gamma_shape": null,
            "true_params": {
                "Si": [
                    [
                        1e-09,
                        -7.240651895892865e-10,
                        -9.883108483540886e-10,
                        -1.1758743549058622e-10,
                        -2.094835891836929e-09,
                        2.1481808922880324e-09
                    ],
                    [
                        -7.240651895892865e-10,
                        1.0000000005242704,
                        7.156014817866517e-10,
                        -0.526834337181417,
                        1.2416771021490614,
                        0.12199694526624595
                    ],
                    [
                        -9.883108483540886e-10,
                        7.156014817866517e-10,
                        1.0000000009767582,
                        0.5049523039553839,
                        0.5363216835427757,
                        -1.2513207535224204
                    ],
                    [
                        -1.1758743549058622e-10,
                        -0.526834337181417,
                        0.5049523039553839,
                        1.5325312480894067,
                        -0.9496780011896506,
                        -0.4122306353949408
                    ],
                    [
                        -2.094835891836929e-09,
                        1.2416771021490614,
                        0.5363216835427757,
                        -0.9496780011896506,
                        3.150140273090528,
                        -1.181701803402826
                    ],
                    [
                        2.1481808922880324e-09,
                        0.12199694526624595,
                        -1.2513207535224204,
                        -0.4122306353949408,
                        -1.181701803402826,
                        2.9125769193133424
                    ]
                ],
                "mui": [
                    1.0,
                    -0.7240651895892865,
                    -0.9883108483540886,
                    -0.1175874354905862,
                    -2.094835891836929,
                    2.1481808922880323
                ],
                "Ai": [
                    [
                        0.0,
                        0.0,
                        0.0,
                        0.0,
                        0.0,
                        0.0
                    ],
                    [
                        -0.7240651895892865,
                        0.0,
                        0.0,
                        0.0,
                        0.0,
                        0.0
                    ],
                    [
                        -0.9883108483540886,
                        0.0,
                        0.0,
                        0.0,
                        0.0,
                        0.0
                    ],
                    [
                        0.0,
                        -0.526834337266558,
                        0.504952303839171,
                        0.0,
                        0.0,
                        0.0
                    ],
                    [
                        -0.6657281905522483,
                        0.943311460764958,
                        0.8222947219145798,
                        -0.566336737683717,
                        0.0,
                        0.0
                    ],
                    [
                        0.6660979959958448,
                        0.7444370380889331,
                        -0.9824681518029461,
                        0.0,
                        -0.5012898207998818,
                        0.0
                    ]
                ]
            },
            "est_params": {
                "mui": [
                    0.9999998701374497,
                    -0.7252077182728267,
                    -0.9863977080003244,
                    -0.1178745691711459,
                    -2.09554007234445,
                    2.1457795101063324
                ],
                "Si": [
                    [
                        1.0109568529962337e-06,
                        5.7218699070877266e-08,
                        2.1709598278495627e-07,
                        -7.604490482586423e-08,
                        1.5653936453425967e-07,
                        -1.6348414163616168e-07
                    ],
                    [
                        5.72186990708772e-08,
                        0.9997667322335122,
                        0.0005370952164987103,
                        -0.5244430119398279,
                        1.2396138262226906,
                        0.12124173631155995
                    ],
                    [
                        2.1709598278495627e-07,
                        0.0005370952164987106,
                        0.998318350421534,
                        0.500238678590644,
                        0.5360694957097997,
                        -1.2504641939234076
                    ],
                    [
                        -7.604490482586426e-08,
                        -0.5244430119398279,
                        0.5002386785906439,
                        1.5286230312863942,
                        -0.9500389170874026,
                        -0.41059193044749615
                    ],
                    [
                        1.5653936453425962e-07,
                        1.2396138262226906,
                        0.5360694957097997,
                        -0.9500389170874026,
                        3.1475362750620577,
                        -1.181544174970943
                    ],
                    [
                        -1.6348414163616186e-07,
                        0.12124173631155993,
                        -1.2504641939234078,
                        -0.41059193044749615,
                        -1.1815441749709432,
                        2.9108244560963326
                    ]
                ]
            },
            "est_tgt": [
                0
            ],
            "oracle_est_tgt": [
                0
            ]
        },
        "obs": {
            "intv_type": "obs",
            "noise_type": "gaussian",
            "obs_noise_gamma_shape": null,
            "true_params": {
                "Si": [
                    [
                        1.0,
                        -0.7240651895892865,
                        -0.9883108483540886,
                        -0.1175874354905862,
                        -2.094835891836929,
                        2.1481808922880323
                    ],
                    [
                        -0.7240651895892865,
                        1.5242703987749693,
                        0.7156014817866516,
                        -0.4416933684947487,
                        2.7584748478136114,
                        -1.4334260582249478
                    ],
                    [
                        -0.9883108483540886,
                        0.7156014817866516,
                        1.976758332974378,
                        0.621165241964654,
                        2.6066707188963756,
                        -3.3743912314745783
                    ],
                    [
                        -0.1175874354905862,
                        -0.4416933684947487,
                        0.621165241964654,
                        1.5463580530608327,
                        -0.7033516211412374,
                        -0.6648297172363706
                    ],
                    [
                        -2.094835891836929,
                        2.7584748478136114,
                        2.6066707188963756,
                        -0.7033516211412374,
                        7.538477682430412,
                        -5.68178823422599
                    ],
                    [
                        2.1481808922880323,
                        -1.4334260582249478,
                        -3.3743912314745783,
                        -0.6648297172363706,
                        -5.68178823422599,
                        7.527258060690069
                    ]
                ],
                "mui": [
                    0.0,
                    0.0,
                    0.0,
                    0.0,
                    0.0,
                    0.0
                ],
                "Ai": [
                    [
                        0.0,
                        0.0,
                        0.0,
                        0.0,
                        0.0,
                        0.0
                    ],
                    [
                        -0.7240651895892865,
                        0.0,
                        0.0,
                        0.0,
                        0.0,
                        0.0
                    ],
                    [
                        -0.9883108483540886,
                        0.0,
                        0.0,
                        0.0,
                        0.0,
                        0.0
                    ],
                    [
                        0.0,
                        -0.526834337266558,
                        0.504952303839171,
                        0.0,
                        0.0,
                        0.0
                    ],
                    [
                        -0.6657281905522483,
                        0.943311460764958,
                        0.8222947219145798,
                        -0.566336737683717,
                        0.0,
                        0.0
                    ],
                    [
                        0.6660979959958448,
                        0.7444370380889331,
                        -0.9824681518029461,
                        0.0,
                        -0.5012898207998818,
                        0.0
                    ]
                ]
            },
            "est_params": {
                "mui": [
                    0.0021301197230603514,
                    -0.00024826071589853006,
                    -0.003994967087604125,
                    -0.0023706210488813294,
                    -0.005128477251087031,
                    0.006865394446303055
                ],
                "Si": [
                    [
                        1.0024130214239264,
                        -0.7276339843641526,
                        -0.9899987697387204,
                        -0.1130159164590624,
                        -2.1049394818744687,
                        2.152631874293615
                    ],
                    [
                        -0.7276339843641526,
                        1.5268066334932697,
                        0.7195591776574326,
                        -0.44697756238007996,
                        2.7715204006545737,
                        -1.4439491572986878
                    ],
                    [
                        -0.9899987697387204,
                        0.7195591776574326,
                        1.9771474830585638,
                        0.6146502373183526,
                        2.6195471047863337,
                        -3.377258004525425
                    ],
                    [
                        -0.1130159164590624,
                        -0.44697756238007996,
                        0.6146502373183526,
                        1.5470646448042904,
                        -0.714383952151074,
                        -0.6542458981109348
                    ],
                    [
                        -2.1049394818744687,
                        2.7715204006545737,
                        2.6195471047863337,
                        -0.714383952151074,
                        7.575197190441053,
                        -5.708428737632398
                    ],
                    [
                        2.152631874293615,
                        -1.4439491572986878,
                        -3.377258004525425,
                        -0.6542458981109348,
                        -5.708428737632398,
                        7.537795372458479
                    ]
                ]
            },
            "est_tgt": [
                0,
                1,
                2,
                3,
                4,
                5
            ],
            "oracle_est_tgt": [
                0,
                1,
                2,
                3,
                4,
                5
            ]
        }
    },
    "metric_dict": {
        "param_est_rel_err": 0.6568358153388608,
        "est_num_comp": 4,
        "weight_precision_error": 0.0016690439338351848,
        "gm_score_dict": {
            "1": -8.569708343343777,
            "2": -7.246292750729991,
            "3": -5.84193257316714,
            "4": -4.338594833470884,
            "5": -4.339163541318335,
            "6": -4.339428484293737,
            "7": -4.339897590795713
        },
        "est_dag": {
            "amat": [
                [
                    0,
                    1,
                    1,
                    1,
                    1,
                    1
                ],
                [
                    0,
                    0,
                    0,
                    0,
                    1,
                    1
                ],
                [
                    0,
                    0,
                    0,
                    1,
                    1,
                    1
                ],
                [
                    0,
                    0,
                    0,
                    0,
                    0,
                    0
                ],
                [
                    0,
                    0,
                    0,
                    1,
                    0,
                    0
                ],
                [
                    0,
                    0,
                    0,
                    0,
                    1,
                    0
                ]
            ],
            "nodes": [
                0,
                1,
                2,
                3,
                4,
                5
            ]
        },
        "oracle_est_dag": {
            "amat": [
                [
                    0,
                    1,
                    1,
                    1,
                    1,
                    1
                ],
                [
                    0,
                    0,
                    0,
                    0,
                    1,
                    1
                ],
                [
                    0,
                    0,
                    0,
                    1,
                    1,
                    1
                ],
                [
                    0,
                    0,
                    0,
                    0,
                    0,
                    0
                ],
                [
                    0,
                    0,
                    0,
                    1,
                    0,
                    1
                ],
                [
                    0,
                    0,
                    0,
                    0,
                    0,
                    0
                ]
            ],
            "nodes": [
                0,
                1,
                2,
                3,
                4,
                5
            ]
        },
        "igsp_dag": null,
        "intv_base_est_dag": null,
        "act_dag": {
            "amat": [
                [
                    0,
                    1,
                    1,
                    0,
                    1,
                    1
                ],
                [
                    0,
                    0,
                    0,
                    1,
                    1,
                    1
                ],
                [
                    0,
                    0,
                    0,
                    1,
                    1,
                    1
                ],
                [
                    0,
                    0,
                    0,
                    0,
                    1,
                    0
                ],
                [
                    0,
                    0,
                    0,
                    0,
                    0,
                    1
                ],
                [
                    0,
                    0,
                    0,
                    0,
                    0,
                    0
                ]
            ],
            "nodes": [
                0,
                1,
                2,
                3,
                4,
                5
            ]
        },
        "shd": 4,
        "oracle_shd": 3,
        "intv_base_shd": null,
        "igsp_shd": null,
        "avg_js": 0.75,
        "avg_oracle_js": 0.75
    }
}