{
    "expt_args": {
        "save_dir": "all_expt_logs/expt_logs_sim_compsel_backward_cameraready_cutoff_var_half",
        "exp_name": "100",
        "num_nodes": 6,
        "num_tgt_prior": 7,
        "obs_noise_mean": 0.0,
        "obs_noise_var": 1.0,
        "obs_noise_gamma_shape": null,
        "noise_type": "gaussian",
        "max_edge_strength": 1.0,
        "graph_sparsity_method": "adj_dense_prop",
        "adj_dense_prop": 0.8,
        "num_parents": null,
        "new_noise_mean": 1.0,
        "mix_samples": 8192,
        "stage2_samples": 8192,
        "gmm_tol": 0.001,
        "intv_type": "do",
        "new_noise_var": null,
        "dtype": "simulation",
        "cutoff_drop_ratio": 0.01,
        "intv_targets": [
            4,
            2,
            0
        ]
    },
    "intv_args_dict": {
        "4": {
            "intv_type": "do",
            "inode": 4,
            "new_mui": 1.0,
            "new_vari": null,
            "noise_type": "gaussian",
            "obs_noise_gamma_shape": null,
            "true_params": {
                "Si": [
                    [
                        1.0,
                        0.6320907972613083,
                        -1.5091845924541942,
                        -0.18851338405787765,
                        0.0,
                        -1.0339913199330735
                    ],
                    [
                        0.6320907972613083,
                        1.3995387759824365,
                        -1.828681473492442,
                        0.5132117645270041,
                        0.0,
                        -1.5971347212837685
                    ],
                    [
                        -1.5091845924541942,
                        -1.828681473492442,
                        4.042807818973717,
                        -0.2686571232206973,
                        0.0,
                        2.3858517702591384
                    ],
                    [
                        -0.18851338405787765,
                        0.5132117645270041,
                        -0.2686571232206973,
                        1.4354282778255314,
                        0.0,
                        -0.9534414145157666
                    ],
                    [
                        0.0,
                        0.0,
                        0.0,
                        0.0,
                        1e-09,
                        5.686331580979417e-10
                    ],
                    [
                        -1.0339913199330735,
                        -1.5971347212837685,
                        2.3858517702591384,
                        -0.9534414145157666,
                        5.686331580979417e-10,
                        3.2637969895883194
                    ]
                ],
                "mui": [
                    0.0,
                    0.0,
                    0.0,
                    0.0,
                    1.0,
                    0.5686331580979416
                ],
                "Ai": [
                    [
                        0.0,
                        0.0,
                        0.0,
                        0.0,
                        0.0,
                        0.0
                    ],
                    [
                        0.6320907972613083,
                        0.0,
                        0.0,
                        0.0,
                        0.0,
                        0.0
                    ],
                    [
                        -0.9562696267380735,
                        -0.8747397812335875,
                        0.0,
                        0.0,
                        0.0,
                        0.0
                    ],
                    [
                        -0.5882282241844259,
                        0.6323693397505752,
                        -0.0,
                        0.0,
                        0.0,
                        0.0
                    ],
                    [
                        0.0,
                        0.0,
                        0.0,
                        0.0,
                        0.0,
                        0.0
                    ],
                    [
                        -0.7620936296883425,
                        -0.5946894778210854,
                        0.0,
                        -0.5516852632711734,
                        0.5686331580979416,
                        0.0
                    ]
                ]
            },
            "est_params": {
                "mui": [
                    -0.048087803605681545,
                    -0.016914020005599793,
                    0.03779100199782817,
                    0.005964141253523301,
                    0.999999565927301,
                    0.6390692780681592
                ],
                "Si": [
                    [
                        0.9932835554218342,
                        0.6242971269412304,
                        -1.4951994772933632,
                        -0.17699371466819686,
                        3.111124031028677e-07,
                        -1.0527912605838698
                    ],
                    [
                        0.6242971269412304,
                        1.3886450109570625,
                        -1.821414917939064,
                        0.514154353947171,
                        8.585578839125928e-07,
                        -1.5847611753636157
                    ],
                    [
                        -1.4951994772933632,
                        -1.8214149179390637,
                        4.013177292457072,
                        -0.3064800335364103,
                        -5.325960850334538e-07,
                        2.4073008185900098
                    ],
                    [
                        -0.17699371466819683,
                        0.514154353947171,
                        -0.3064800335364103,
                        1.4284795746866241,
                        5.246180784510212e-07,
                        -0.9588567900164958
                    ],
                    [
                        3.111124031028677e-07,
                        8.585578839125927e-07,
                        -5.325960850334536e-07,
                        5.246180784510213e-07,
                        1.00142013465884e-06,
                        -7.477193981275911e-07
                    ],
                    [
                        -1.05279126058387,
                        -1.5847611753636157,
                        2.4073008185900098,
                        -0.9588567900164958,
                        -7.477193981275909e-07,
                        3.3535165658191395
                    ]
                ]
            },
            "est_tgt": [
                4
            ],
            "oracle_est_tgt": [
                0,
                2,
                3,
                4,
                5
            ]
        },
        "2": {
            "intv_type": "do",
            "inode": 2,
            "new_mui": 1.0,
            "new_vari": null,
            "noise_type": "gaussian",
            "obs_noise_gamma_shape": null,
            "true_params": {
                "Si": [
                    [
                        1.0,
                        0.6320907972613083,
                        0.0,
                        -0.18851338405787765,
                        -0.5247199680960392,
                        -1.3323644925085754
                    ],
                    [
                        0.6320907972613083,
                        1.3995387759824365,
                        0.0,
                        0.5132117645270041,
                        -0.5017093822104531,
                        -1.8824233117374658
                    ],
                    [
                        0.0,
                        0.0,
                        1e-09,
                        0.0,
                        6.489829913964385e-10,
                        3.69033247949606e-10
                    ],
                    [
                        -0.18851338405787765,
                        0.5132117645270041,
                        0.0,
                        1.4354282778255314,
                        0.7007060888773782,
                        -0.5549966982989663
                    ],
                    [
                        -0.5247199680960392,
                        -0.5017093822104531,
                        6.489829913964385e-10,
                        0.7007060888773782,
                        1.8073742853496135,
                        1.339410760206266
                    ],
                    [
                        -1.3323644925085754,
                        -1.8824233117374658,
                        3.69033247949606e-10,
                        -0.5549966982989663,
                        1.339410760206266,
                        4.20266069864127
                    ]
                ],
                "mui": [
                    0.0,
                    0.0,
                    1.0,
                    0.0,
                    0.6489829913964384,
                    0.369033247949606
                ],
                "Ai": [
                    [
                        0.0,
                        0.0,
                        0.0,
                        0.0,
                        0.0,
                        0.0
                    ],
                    [
                        0.6320907972613083,
                        0.0,
                        0.0,
                        0.0,
                        0.0,
                        0.0
                    ],
                    [
                        0.0,
                        0.0,
                        0.0,
                        0.0,
                        0.0,
                        0.0
                    ],
                    [
                        -0.5882282241844259,
                        0.6323693397505752,
                        -0.0,
                        0.0,
                        0.0,
                        0.0
                    ],
                    [
                        -0.0,
                        -0.6185888048260626,
                        0.6489829913964384,
                        0.7093166246252297,
                        0.0,
                        0.0
                    ],
                    [
                        -0.7620936296883425,
                        -0.5946894778210854,
                        0.0,
                        -0.5516852632711734,
                        0.5686331580979416,
                        0.0
                    ]
                ]
            },
            "est_params": {
                "mui": [
                    0.011588300320369454,
                    -0.010387983267891117,
                    0.9999966465326695,
                    -0.02826871877155491,
                    0.6202289323913338,
                    0.37077856218067895
                ],
                "Si": [
                    [
                        1.0631205512271265,
                        0.6434490642986717,
                        -5.295571089657011e-07,
                        -0.19355629975871927,
                        -0.5006852438355038,
                        -1.388054199205167
                    ],
                    [
                        0.6434490642986717,
                        1.399810808842339,
                        2.929208080807116e-06,
                        0.5129657586566246,
                        -0.46088689715866427,
                        -1.8911784630470878
                    ],
                    [
                        -5.29557108965701e-07,
                        2.929208080807116e-06,
                        1.0129500843200754e-06,
                        4.9610499569907795e-06,
                        1.0155964019204242e-06,
                        -1.8581395369909154e-06
                    ],
                    [
                        -0.19355629975871924,
                        0.5129657586566246,
                        4.9610499569907795e-06,
                        1.439935407391665,
                        0.7346638221245783,
                        -0.5092251369907066
                    ],
                    [
                        -0.5006852438355038,
                        -0.4608868971586643,
                        1.0155964019204242e-06,
                        0.7346638221245784,
                        1.7725355428971494,
                        1.284884909401254
                    ],
                    [
                        -1.3880541992051667,
                        -1.891178463047088,
                        -1.8581395369909154e-06,
                        -0.5092251369907066,
                        1.284884909401254,
                        4.212977278410764
                    ]
                ]
            },
            "est_tgt": [
                2
            ],
            "oracle_est_tgt": [
                0,
                2,
                3,
                4,
                5
            ]
        },
        "0": {
            "intv_type": "do",
            "inode": 0,
            "new_mui": 1.0,
            "new_vari": null,
            "noise_type": "gaussian",
            "obs_noise_gamma_shape": null,
            "true_params": {
                "Si": [
                    [
                        1e-09,
                        6.320907972613084e-10,
                        -1.5091845924541943e-09,
                        -1.8851338405787766e-10,
                        -1.5041550994763769e-09,
                        -1.8893037844174493e-09
                    ],
                    [
                        6.320907972613084e-10,
                        1.0000000003995388,
                        -0.8747397821875292,
                        0.6323693396314176,
                        -0.7377299601069018,
                        -1.363056041198632
                    ],
                    [
                        -1.5091845924541943e-09,
                        -0.8747397821875292,
                        1.7651696871502227,
                        -0.5531586176277449,
                        1.2943047367481908,
                        1.5613525930435013
                    ],
                    [
                        -1.8851338405787766e-10,
                        0.6323693396314176,
                        -0.5531586176277449,
                        1.3998909818921157,
                        0.2427988177229965,
                        -1.010299158623627
                    ],
                    [
                        -1.5041550994763769e-09,
                        -0.7377299601069018,
                        1.2943047367481908,
                        0.2427988177229965,
                        2.4685544919906004,
                        1.7084736529352846
                    ],
                    [
                        -1.8893037844174493e-09,
                        -1.363056041198632,
                        1.5613525930435013,
                        -1.010299158623627,
                        1.7084736529352846,
                        3.339457012924755
                    ]
                ],
                "mui": [
                    1.0,
                    0.6320907972613083,
                    -1.5091845924541942,
                    -0.18851338405787765,
                    -1.5041550994763768,
                    -1.8893037844174492
                ],
                "Ai": [
                    [
                        0.0,
                        0.0,
                        0.0,
                        0.0,
                        0.0,
                        0.0
                    ],
                    [
                        0.6320907972613083,
                        0.0,
                        0.0,
                        0.0,
                        0.0,
                        0.0
                    ],
                    [
                        -0.9562696267380735,
                        -0.8747397812335875,
                        0.0,
                        0.0,
                        0.0,
                        0.0
                    ],
                    [
                        -0.5882282241844259,
                        0.6323693397505752,
                        -0.0,
                        0.0,
                        0.0,
                        0.0
                    ],
                    [
                        -0.0,
                        -0.6185888048260626,
                        0.6489829913964384,
                        0.7093166246252297,
                        0.0,
                        0.0
                    ],
                    [
                        -0.7620936296883425,
                        -0.5946894778210854,
                        0.0,
                        -0.5516852632711734,
                        0.5686331580979416,
                        0.0
                    ]
                ]
            },
            "est_params": {
                "mui": [
                    0.9999989151293781,
                    0.6338390470065508,
                    -1.4915197599125833,
                    -0.17581621121301266,
                    -1.4793714092948222,
                    -1.8438395709272297
                ],
                "Si": [
                    [
                        1.014648721891548e-06,
                        -1.1385618573280383e-06,
                        5.917665485894201e-07,
                        -2.46115941106888e-06,
                        -1.5795203374915408e-07,
                        3.933407428927376e-06
                    ],
                    [
                        -1.1385618573280383e-06,
                        1.0114053699391417,
                        -0.9220607342575867,
                        0.6233717795867803,
                        -0.7776244324680094,
                        -1.3927917504328549
                    ],
                    [
                        5.917665485894201e-07,
                        -0.9220607342575867,
                        1.8093717191448757,
                        -0.5526997136200531,
                        1.365574299177925,
                        1.623969627138592
                    ],
                    [
                        -2.4611594110688795e-06,
                        0.6233717795867804,
                        -0.552699713620053,
                        1.3277304238880834,
                        0.2167177066143691,
                        -0.978688137509979
                    ],
                    [
                        -1.5795203374915366e-07,
                        -0.7776244324680094,
                        1.3655742991779247,
                        0.21671770661436907,
                        2.5310029485253267,
                        1.7783410974146354
                    ],
                    [
                        3.933407428927376e-06,
                        -1.392791750432855,
                        1.623969627138592,
                        -0.9786881375099789,
                        1.7783410974146354,
                        3.389963921356565
                    ]
                ]
            },
            "est_tgt": [
                0
            ],
            "oracle_est_tgt": [
                0,
                1,
                3,
                4,
                5
            ]
        },
        "obs": {
            "intv_type": "obs",
            "noise_type": "gaussian",
            "obs_noise_gamma_shape": null,
            "true_params": {
                "Si": [
                    [
                        1.0,
                        0.6320907972613083,
                        -1.5091845924541942,
                        -0.18851338405787765,
                        -1.5041550994763768,
                        -1.8893037844174492
                    ],
                    [
                        0.6320907972613083,
                        1.3995387759824365,
                        -1.828681473492442,
                        0.5132117645270041,
                        -1.6884925551888248,
                        -2.557267575365653
                    ],
                    [
                        -1.5091845924541942,
                        -1.828681473492442,
                        4.042807818973717,
                        -0.2686571232206973,
                        3.564352435269297,
                        4.4126607521004075
                    ],
                    [
                        -0.18851338405787765,
                        0.5132117645270041,
                        -0.2686571232206973,
                        1.4354282778255314,
                        0.5263521853896486,
                        -0.6541401090658976
                    ],
                    [
                        -1.5041550994763768,
                        -1.6884925551888248,
                        3.564352435269297,
                        0.5263521853896486,
                        4.731037053008906,
                        4.550279571885001
                    ],
                    [
                        -1.8893037844174492,
                        -2.557267575365653,
                        4.4126607521004075,
                        -0.6541401090658976,
                        4.550279571885001,
                        6.90892579916938
                    ]
                ],
                "mui": [
                    0.0,
                    0.0,
                    0.0,
                    0.0,
                    0.0,
                    0.0
                ],
                "Ai": [
                    [
                        0.0,
                        0.0,
                        0.0,
                        0.0,
                        0.0,
                        0.0
                    ],
                    [
                        0.6320907972613083,
                        0.0,
                        0.0,
                        0.0,
                        0.0,
                        0.0
                    ],
                    [
                        -0.9562696267380735,
                        -0.8747397812335875,
                        0.0,
                        0.0,
                        0.0,
                        0.0
                    ],
                    [
                        -0.5882282241844259,
                        0.6323693397505752,
                        -0.0,
                        0.0,
                        0.0,
                        0.0
                    ],
                    [
                        -0.0,
                        -0.6185888048260626,
                        0.6489829913964384,
                        0.7093166246252297,
                        0.0,
                        0.0
                    ],
                    [
                        -0.7620936296883425,
                        -0.5946894778210854,
                        0.0,
                        -0.5516852632711734,
                        0.5686331580979416,
                        0.0
                    ]
                ]
            },
            "est_params": {
                "mui": [
                    0.008761517758615812,
                    0.0010921640959804981,
                    -0.007231406939803327,
                    -0.021841179954892813,
                    -0.02948159986562846,
                    -0.001164264623226779
                ],
                "Si": [
                    [
                        0.951162761587942,
                        0.5940411882832344,
                        -1.4394331729086964,
                        -0.20665830869159124,
                        -1.4326212225481811,
                        -1.7678996300870622
                    ],
                    [
                        0.5940411882832344,
                        1.3554772731771165,
                        -1.7492180705478793,
                        0.5079758588708339,
                        -1.5816979668517277,
                        -2.4662848370867376
                    ],
                    [
                        -1.4394331729086964,
                        -1.7492180705478793,
                        3.92457808222163,
                        -0.25855373019308914,
                        3.4037556823234882,
                        4.246740161692849
                    ],
                    [
                        -0.20665830869159124,
                        0.5079758588708339,
                        -0.25855373019308914,
                        1.4546501108532528,
                        0.5804160054253331,
                        -0.6556205915353277
                    ],
                    [
                        -1.4326212225481811,
                        -1.5816979668517277,
                        3.4037556823234882,
                        0.5804160054253331,
                        4.563479143281777,
                        4.301768504302018
                    ],
                    [
                        -1.7678996300870622,
                        -2.4662848370867376,
                        4.246740161692849,
                        -0.6556205915353277,
                        4.301768504302018,
                        6.625082672530493
                    ]
                ]
            },
            "est_tgt": [
                0,
                1,
                2,
                3,
                4,
                5
            ],
            "oracle_est_tgt": [
                0,
                1,
                2,
                3,
                4,
                5
            ]
        }
    },
    "metric_dict": {
        "param_est_rel_err": 5.706286121182445,
        "est_num_comp": 4,
        "weight_precision_error": 0.0012956983051497228,
        "gm_score_dict": {
            "1": -8.930297564752351,
            "2": -7.528049298734958,
            "3": -5.937746855177847,
            "4": -4.331068609600989,
            "5": -4.330458769850605,
            "6": -4.330654562114161,
            "7": -4.328308300277386
        },
        "est_dag": {
            "amat": [
                [
                    0,
                    1,
                    1,
                    1,
                    0,
                    1
                ],
                [
                    0,
                    0,
                    1,
                    0,
                    1,
                    1
                ],
                [
                    0,
                    0,
                    0,
                    0,
                    1,
                    0
                ],
                [
                    0,
                    1,
                    0,
                    0,
                    1,
                    1
                ],
                [
                    0,
                    0,
                    0,
                    0,
                    0,
                    1
                ],
                [
                    0,
                    0,
                    0,
                    0,
                    0,
                    0
                ]
            ],
            "nodes": [
                0,
                1,
                2,
                3,
                4,
                5
            ]
        },
        "oracle_est_dag": {
            "amat": [
                [
                    0,
                    0,
                    1,
                    0,
                    0,
                    0
                ],
                [
                    0,
                    0,
                    1,
                    1,
                    0,
                    1
                ],
                [
                    0,
                    0,
                    0,
                    0,
                    0,
                    0
                ],
                [
                    1,
                    0,
                    1,
                    0,
                    0,
                    0
                ],
                [
                    0,
                    0,
                    1,
                    1,
                    0,
                    0
                ],
                [
                    1,
                    0,
                    0,
                    1,
                    1,
                    0
                ]
            ],
            "nodes": [
                0,
                1,
                2,
                3,
                4,
                5
            ]
        },
        "igsp_dag": null,
        "intv_base_est_dag": null,
        "act_dag": {
            "amat": [
                [
                    0,
                    1,
                    1,
                    1,
                    0,
                    1
                ],
                [
                    0,
                    0,
                    1,
                    1,
                    1,
                    1
                ],
                [
                    0,
                    0,
                    0,
                    0,
                    1,
                    0
                ],
                [
                    0,
                    0,
                    0,
                    0,
                    1,
                    1
                ],
                [
                    0,
                    0,
                    0,
                    0,
                    0,
                    1
                ],
                [
                    0,
                    0,
                    0,
                    0,
                    0,
                    0
                ]
            ],
            "nodes": [
                0,
                1,
                2,
                3,
                4,
                5
            ]
        },
        "shd": 1,
        "oracle_shd": 9,
        "intv_base_shd": null,
        "igsp_shd": null,
        "avg_js": 0.75,
        "avg_oracle_js": 0.15000000000000002
    }
}