{
    "expt_args": {
        "save_dir": "all_expt_logs/expt_logs_sim_compsel_backward_cameraready_cutoff_var_half",
        "exp_name": "133",
        "num_nodes": 6,
        "num_tgt_prior": 7,
        "obs_noise_mean": 0.0,
        "obs_noise_var": 1.0,
        "obs_noise_gamma_shape": null,
        "noise_type": "gaussian",
        "max_edge_strength": 1.0,
        "graph_sparsity_method": "adj_dense_prop",
        "adj_dense_prop": 0.8,
        "num_parents": null,
        "new_noise_mean": 1.0,
        "mix_samples": 1024,
        "stage2_samples": 1024,
        "gmm_tol": 0.001,
        "intv_type": "do",
        "new_noise_var": null,
        "dtype": "simulation",
        "cutoff_drop_ratio": 0.15,
        "intv_targets": [
            3,
            5,
            1
        ]
    },
    "intv_args_dict": {
        "3": {
            "intv_type": "do",
            "inode": 3,
            "new_mui": 1.0,
            "new_vari": null,
            "noise_type": "gaussian",
            "obs_noise_gamma_shape": null,
            "true_params": {
                "Si": [
                    [
                        1.0,
                        0.6541676204273359,
                        -0.6650742498372002,
                        0.0,
                        0.737843174603452,
                        0.06167512172288632
                    ],
                    [
                        0.6541676204273359,
                        1.427935275615563,
                        -0.43507003942349676,
                        0.0,
                        1.313432720651261,
                        -0.5481317047195443
                    ],
                    [
                        -0.6650742498372002,
                        -0.43507003942349676,
                        1.4423237577965147,
                        0.0,
                        0.4291593413124608,
                        0.6237757732884903
                    ],
                    [
                        0.0,
                        0.0,
                        0.0,
                        1e-09,
                        7.22266770638395e-10,
                        -9.298549507973339e-10
                    ],
                    [
                        0.737843174603452,
                        1.313432720651261,
                        0.4291593413124608,
                        7.22266770638395e-10,
                        3.0807529900536155,
                        0.16815405062816002
                    ],
                    [
                        0.06167512172288632,
                        -0.5481317047195443,
                        0.6237757732884903,
                        -9.298549507973339e-10,
                        0.16815405062816002,
                        1.7920611473968615
                    ]
                ],
                "mui": [
                    0.0,
                    0.0,
                    0.0,
                    1.0,
                    0.722266770638395,
                    -0.9298549507973339
                ],
                "Ai": [
                    [
                        0.0,
                        0.0,
                        0.0,
                        0.0,
                        0.0,
                        0.0
                    ],
                    [
                        0.6541676204273359,
                        0.0,
                        0.0,
                        0.0,
                        0.0,
                        0.0
                    ],
                    [
                        -0.6650742498372002,
                        0.0,
                        0.0,
                        0.0,
                        0.0,
                        0.0
                    ],
                    [
                        0.0,
                        0.0,
                        0.0,
                        0.0,
                        0.0,
                        0.0
                    ],
                    [
                        0.8061755320677255,
                        0.8307596068723695,
                        0.91987983715935,
                        0.722266770638395,
                        0.0,
                        0.0
                    ],
                    [
                        0.8887756709826432,
                        -0.5884775723365712,
                        0.664794308601957,
                        -0.9298549507973339,
                        0.0,
                        0.0
                    ]
                ]
            },
            "est_params": {
                "mui": [
                    -0.027209844574663952,
                    -0.05951136220370097,
                    -0.066334292543549,
                    0.9999956536218152,
                    0.4904306989438751,
                    -0.9779612667754596
                ],
                "Si": [
                    [
                        1.0594037965823697,
                        0.6953777418923573,
                        -0.6681357640472453,
                        3.023756508152575e-06,
                        0.8907073924187576,
                        -0.010333439777365866
                    ],
                    [
                        0.6953777418923573,
                        1.4782194228970742,
                        -0.4964552694392548,
                        1.9754189696784364e-06,
                        1.3281323106720127,
                        -0.5703698178317754
                    ],
                    [
                        -0.6681357640472452,
                        -0.4964552694392547,
                        1.2673655835415365,
                        1.8452220361551818e-06,
                        0.17658752117561416,
                        0.5999413883274551
                    ],
                    [
                        3.0237565081525743e-06,
                        1.9754189696784355e-06,
                        1.845222036155182e-06,
                        1.0248110497640903e-06,
                        1.583654211447373e-05,
                        -5.288066687262153e-06
                    ],
                    [
                        0.8907073924187576,
                        1.3281323106720127,
                        0.1765875211756141,
                        1.583654211447373e-05,
                        2.9925414655148366,
                        0.03628760766682583
                    ],
                    [
                        -0.010333439777365856,
                        -0.5703698178317755,
                        0.5999413883274551,
                        -5.288066687262153e-06,
                        0.03628760766682582,
                        1.5471111653249798
                    ]
                ]
            },
            "est_tgt": [
                2,
                3,
                5
            ],
            "oracle_est_tgt": [
                0,
                2,
                3,
                5
            ]
        },
        "5": {
            "intv_type": "do",
            "inode": 5,
            "new_mui": 1.0,
            "new_vari": null,
            "noise_type": "gaussian",
            "obs_noise_gamma_shape": null,
            "true_params": {
                "Si": [
                    [
                        1.0,
                        0.6541676204273359,
                        -0.6650742498372002,
                        -1.322887010438988,
                        -0.2176341543457966,
                        0.0
                    ],
                    [
                        0.6541676204273359,
                        1.427935275615563,
                        -0.43507003942349676,
                        -1.7723115928420814,
                        0.03335094992422108,
                        0.0
                    ],
                    [
                        -0.6650742498372002,
                        -0.43507003942349676,
                        1.4423237577965147,
                        0.8798180860870864,
                        1.0646227090998341,
                        0.0
                    ],
                    [
                        -1.322887010438988,
                        -1.7723115928420814,
                        0.8798180860870864,
                        3.572537094175991,
                        0.8508077261250441,
                        0.0
                    ],
                    [
                        -0.2176341543457966,
                        0.03335094992422108,
                        1.0646227090998341,
                        0.8508077261250441,
                        2.4460904049374665,
                        0.0
                    ],
                    [
                        0.0,
                        0.0,
                        0.0,
                        0.0,
                        0.0,
                        1e-09
                    ]
                ],
                "mui": [
                    0.0,
                    0.0,
                    0.0,
                    0.0,
                    0.0,
                    1.0
                ],
                "Ai": [
                    [
                        0.0,
                        0.0,
                        0.0,
                        0.0,
                        0.0,
                        0.0
                    ],
                    [
                        0.6541676204273359,
                        0.0,
                        0.0,
                        0.0,
                        0.0,
                        0.0
                    ],
                    [
                        -0.6650742498372002,
                        0.0,
                        0.0,
                        0.0,
                        0.0,
                        0.0
                    ],
                    [
                        -0.7296081705141588,
                        -0.9069217451289762,
                        -0.0,
                        0.0,
                        0.0,
                        0.0
                    ],
                    [
                        0.8061755320677255,
                        0.8307596068723695,
                        0.91987983715935,
                        0.722266770638395,
                        0.0,
                        0.0
                    ],
                    [
                        0.0,
                        0.0,
                        0.0,
                        0.0,
                        0.0,
                        0.0
                    ]
                ]
            },
            "est_params": {
                "mui": [
                    0.03618900673963357,
                    0.07802472334259214,
                    -0.0620820858616687,
                    -0.054298797217512136,
                    -0.14004759447463527,
                    0.9999962600735092
                ],
                "Si": [
                    [
                        1.1510829657792336,
                        0.7579714381543983,
                        -0.7613263004957387,
                        -1.6033853053628482,
                        -0.30269446411474094,
                        -6.252350664724228e-06
                    ],
                    [
                        0.7579714381543984,
                        1.5537700785977173,
                        -0.49715104739103544,
                        -1.9988620622743616,
                        0.010459996912286582,
                        5.886825920950636e-06
                    ],
                    [
                        -0.7613263004957387,
                        -0.49715104739103544,
                        1.5356254138038337,
                        1.044772342383351,
                        1.0873475244135045,
                        8.739110444424221e-06
                    ],
                    [
                        -1.6033853053628482,
                        -1.998862062274362,
                        1.044772342383351,
                        3.9289072254808013,
                        0.8683449236677876,
                        1.0873912198685153e-05
                    ],
                    [
                        -0.302694464114741,
                        0.010459996912286603,
                        1.0873475244135042,
                        0.8683449236677877,
                        2.478862564088733,
                        6.532292661584314e-06
                    ],
                    [
                        -6.252350664724228e-06,
                        5.886825920950636e-06,
                        8.739110444424223e-06,
                        1.0873912198685153e-05,
                        6.532292661584314e-06,
                        1.016728644669937e-06
                    ]
                ]
            },
            "est_tgt": [
                0,
                3,
                5
            ],
            "oracle_est_tgt": [
                0,
                3,
                5
            ]
        },
        "1": {
            "intv_type": "do",
            "inode": 1,
            "new_mui": 1.0,
            "new_vari": null,
            "noise_type": "gaussian",
            "obs_noise_gamma_shape": null,
            "true_params": {
                "Si": [
                    [
                        1.0,
                        0.0,
                        -0.6650742498372002,
                        -0.7296081705141588,
                        -0.33258459772004395,
                        1.1250678643879324
                    ],
                    [
                        0.0,
                        1e-09,
                        0.0,
                        -9.069217451289762e-10,
                        1.7572016679632638e-10,
                        2.5482810235736523e-10
                    ],
                    [
                        -0.6650742498372002,
                        0.0,
                        1.4423237577965147,
                        0.4852436066797962,
                        1.1410732889954152,
                        -0.083459357321788
                    ],
                    [
                        -0.7296081705141588,
                        -9.069217451289762e-10,
                        0.4852436066797962,
                        1.5323280833035249,
                        0.9649232103627392,
                        -1.7507136572687942
                    ],
                    [
                        -0.33258459772004395,
                        1.7572016679632638e-10,
                        1.1410732889954152,
                        0.9649232103627392,
                        2.478460717452209,
                        -0.43425269517371423
                    ],
                    [
                        1.1250678643879324,
                        2.5482810235736523e-10,
                        -0.083459357321788,
                        -1.7507136572687942,
                        -0.43425269517371423,
                        3.572359401815227
                    ]
                ],
                "mui": [
                    0.0,
                    1.0,
                    0.0,
                    -0.9069217451289762,
                    0.17572016679632638,
                    0.2548281023573652
                ],
                "Ai": [
                    [
                        0.0,
                        0.0,
                        0.0,
                        0.0,
                        0.0,
                        0.0
                    ],
                    [
                        0.0,
                        0.0,
                        0.0,
                        0.0,
                        0.0,
                        0.0
                    ],
                    [
                        -0.6650742498372002,
                        0.0,
                        0.0,
                        0.0,
                        0.0,
                        0.0
                    ],
                    [
                        -0.7296081705141588,
                        -0.9069217451289762,
                        -0.0,
                        0.0,
                        0.0,
                        0.0
                    ],
                    [
                        0.8061755320677255,
                        0.8307596068723695,
                        0.91987983715935,
                        0.722266770638395,
                        0.0,
                        0.0
                    ],
                    [
                        0.8887756709826432,
                        -0.5884775723365712,
                        0.664794308601957,
                        -0.9298549507973339,
                        0.0,
                        0.0
                    ]
                ]
            },
            "est_params": {
                "mui": [
                    0.044367723802294805,
                    1.0000040051549688,
                    -0.042621483410151734,
                    -0.9143815765807618,
                    0.20608947042726286,
                    0.260960038368896
                ],
                "Si": [
                    [
                        0.8892997934805026,
                        3.1818838523199167e-07,
                        -0.6489582624970252,
                        -0.6350538625016389,
                        -0.3206207716525216,
                        0.840851749079805
                    ],
                    [
                        3.181883852319919e-07,
                        1.0042580250322575e-06,
                        1.1180675895463176e-06,
                        8.945531894627019e-07,
                        6.703145052563963e-06,
                        5.758031365444972e-06
                    ],
                    [
                        -0.6489582624970252,
                        1.1180675895463168e-06,
                        1.6003349169055687,
                        0.420653860478557,
                        1.3036439949488203,
                        0.22243007202534357
                    ],
                    [
                        -0.635053862501639,
                        8.945531894627023e-07,
                        0.4206538604785571,
                        1.5091948792821315,
                        1.0506985974011736,
                        -1.6289691997604108
                    ],
                    [
                        -0.32062077165252156,
                        6.703145052563961e-06,
                        1.3036439949488203,
                        1.0506985974011736,
                        2.8979971657532717,
                        -0.28110901715503156
                    ],
                    [
                        0.8408517490798051,
                        5.758031365444972e-06,
                        0.2224300720253436,
                        -1.6289691997604108,
                        -0.2811090171550315,
                        3.4381949554358053
                    ]
                ]
            },
            "est_tgt": [
                1
            ],
            "oracle_est_tgt": [
                1
            ]
        },
        "obs": {
            "intv_type": "obs",
            "noise_type": "gaussian",
            "obs_noise_gamma_shape": null,
            "true_params": {
                "Si": [
                    [
                        1.0,
                        0.6541676204273359,
                        -0.6650742498372002,
                        -1.322887010438988,
                        -0.2176341543457966,
                        1.2917681577250637
                    ],
                    [
                        0.6541676204273359,
                        1.427935275615563,
                        -0.43507003942349676,
                        -1.7723115928420814,
                        0.03335094992422108,
                        1.0998610042401737
                    ],
                    [
                        -0.6650742498372002,
                        -0.43507003942349676,
                        1.4423237577965147,
                        0.8798180860870864,
                        1.0646227090998341,
                        -0.1943274298606219
                    ],
                    [
                        -1.322887010438988,
                        -1.7723115928420814,
                        0.8798180860870864,
                        3.572537094175991,
                        0.8508077261250441,
                        -2.8698274144483698
                    ],
                    [
                        -0.2176341543457966,
                        0.03335094992422108,
                        1.0646227090998341,
                        0.8508077261250441,
                        2.4460904049374665,
                        -0.2964268860999775
                    ],
                    [
                        1.2917681577250637,
                        1.0998610042401737,
                        -0.1943274298606219,
                        -2.8698274144483698,
                        -0.2964268860999775,
                        4.040184037335328
                    ]
                ],
                "mui": [
                    0.0,
                    0.0,
                    0.0,
                    0.0,
                    0.0,
                    0.0
                ],
                "Ai": [
                    [
                        0.0,
                        0.0,
                        0.0,
                        0.0,
                        0.0,
                        0.0
                    ],
                    [
                        0.6541676204273359,
                        0.0,
                        0.0,
                        0.0,
                        0.0,
                        0.0
                    ],
                    [
                        -0.6650742498372002,
                        0.0,
                        0.0,
                        0.0,
                        0.0,
                        0.0
                    ],
                    [
                        -0.7296081705141588,
                        -0.9069217451289762,
                        -0.0,
                        0.0,
                        0.0,
                        0.0
                    ],
                    [
                        0.8061755320677255,
                        0.8307596068723695,
                        0.91987983715935,
                        0.722266770638395,
                        0.0,
                        0.0
                    ],
                    [
                        0.8887756709826432,
                        -0.5884775723365712,
                        0.664794308601957,
                        -0.9298549507973339,
                        0.0,
                        0.0
                    ]
                ]
            },
            "est_params": {
                "mui": [
                    -0.04832184374473639,
                    0.0052957448559937705,
                    0.05662889405835548,
                    0.05569637747341265,
                    0.07529165909230458,
                    -0.12798833714925428
                ],
                "Si": [
                    [
                        0.8630972615851192,
                        0.5760724866924606,
                        -0.5551837398873061,
                        -1.0559845898724858,
                        -0.11023208617713359,
                        1.1549769071401346
                    ],
                    [
                        0.5760724866924606,
                        1.430551109905592,
                        -0.2509990564923131,
                        -1.6333570750331807,
                        0.20101198979706683,
                        1.089277201392441
                    ],
                    [
                        -0.5551837398873061,
                        -0.2509990564923131,
                        1.2930418000249801,
                        0.6321000330052946,
                        1.0350197946258093,
                        -0.17082469854630844
                    ],
                    [
                        -1.0559845898724858,
                        -1.6333570750331807,
                        0.6321000330052946,
                        3.147012649713685,
                        0.7580194767645986,
                        -2.719264588790567
                    ],
                    [
                        -0.11023208617713359,
                        0.20101198979706683,
                        1.0350197946258093,
                        0.7580194767645986,
                        2.684007491646187,
                        -0.30979265923705274
                    ],
                    [
                        1.1549769071401346,
                        1.089277201392441,
                        -0.17082469854630844,
                        -2.719264588790567,
                        -0.30979265923705274,
                        4.033111918769981
                    ]
                ]
            },
            "est_tgt": [
                0,
                1,
                2,
                3,
                4,
                5
            ],
            "oracle_est_tgt": [
                0,
                1,
                2,
                3,
                4,
                5
            ]
        }
    },
    "metric_dict": {
        "param_est_rel_err": 14.319117602938391,
        "est_num_comp": 4,
        "weight_precision_error": 0.002541705806274136,
        "gm_score_dict": {
            "1": -8.920594573575592,
            "2": -8.779204975783358,
            "3": -7.293226749591157,
            "4": -4.336701728677616,
            "5": -4.317401938816461,
            "6": -4.304440003331992,
            "7": -4.282971964552271
        },
        "est_dag": {
            "amat": [
                [
                    0,
                    0,
                    0,
                    0,
                    0,
                    0
                ],
                [
                    0,
                    0,
                    0,
                    1,
                    0,
                    1
                ],
                [
                    1,
                    0,
                    0,
                    0,
                    0,
                    0
                ],
                [
                    0,
                    0,
                    0,
                    0,
                    0,
                    0
                ],
                [
                    1,
                    0,
                    1,
                    1,
                    0,
                    0
                ],
                [
                    1,
                    0,
                    0,
                    1,
                    0,
                    0
                ]
            ],
            "nodes": [
                0,
                1,
                2,
                3,
                4,
                5
            ]
        },
        "oracle_est_dag": {
            "amat": [
                [
                    0,
                    0,
                    0,
                    0,
                    0,
                    0
                ],
                [
                    0,
                    0,
                    0,
                    1,
                    0,
                    1
                ],
                [
                    1,
                    0,
                    0,
                    0,
                    0,
                    0
                ],
                [
                    0,
                    0,
                    0,
                    0,
                    0,
                    0
                ],
                [
                    1,
                    0,
                    1,
                    1,
                    0,
                    0
                ],
                [
                    1,
                    0,
                    0,
                    1,
                    0,
                    0
                ]
            ],
            "nodes": [
                0,
                1,
                2,
                3,
                4,
                5
            ]
        },
        "igsp_dag": null,
        "intv_base_est_dag": null,
        "act_dag": {
            "amat": [
                [
                    0,
                    1,
                    1,
                    1,
                    1,
                    1
                ],
                [
                    0,
                    0,
                    0,
                    1,
                    1,
                    1
                ],
                [
                    0,
                    0,
                    0,
                    0,
                    1,
                    1
                ],
                [
                    0,
                    0,
                    0,
                    0,
                    1,
                    1
                ],
                [
                    0,
                    0,
                    0,
                    0,
                    0,
                    0
                ],
                [
                    0,
                    0,
                    0,
                    0,
                    0,
                    0
                ]
            ],
            "nodes": [
                0,
                1,
                2,
                3,
                4,
                5
            ]
        },
        "shd": 10,
        "oracle_shd": 10,
        "intv_base_shd": null,
        "igsp_shd": null,
        "avg_js": 0.41666666666666663,
        "avg_oracle_js": 0.3958333333333333
    }
}