{
    "expt_args": {
        "save_dir": "all_expt_logs/expt_logs_sim_compsel_backward_cameraready_cutoff_var_half",
        "exp_name": "398",
        "num_nodes": 6,
        "num_tgt_prior": 7,
        "obs_noise_mean": 0.0,
        "obs_noise_var": 1.0,
        "obs_noise_gamma_shape": null,
        "noise_type": "gaussian",
        "max_edge_strength": 1.0,
        "graph_sparsity_method": "adj_dense_prop",
        "adj_dense_prop": 0.8,
        "num_parents": null,
        "new_noise_mean": 1.0,
        "mix_samples": 1024,
        "stage2_samples": 1024,
        "gmm_tol": 0.001,
        "intv_type": "do",
        "new_noise_var": null,
        "dtype": "simulation",
        "cutoff_drop_ratio": 0.3,
        "intv_targets": [
            1,
            0,
            4
        ]
    },
    "intv_args_dict": {
        "1": {
            "intv_type": "do",
            "inode": 1,
            "new_mui": 1.0,
            "new_vari": null,
            "noise_type": "gaussian",
            "obs_noise_gamma_shape": null,
            "true_params": {
                "Si": [
                    [
                        1.0,
                        0.0,
                        -0.9615815860161188,
                        -0.04302969969726256,
                        -0.5477348589872272,
                        -1.8739391052293586
                    ],
                    [
                        0.0,
                        1e-09,
                        7.883531535879547e-10,
                        -5.72875024795474e-10,
                        -5.237087941161548e-10,
                        -4.4157876215908016e-10
                    ],
                    [
                        -0.9615815860161188,
                        7.883531535879547e-10,
                        1.9246391471867752,
                        -0.6852965269532666,
                        1.0963104602655638,
                        2.839891280115881
                    ],
                    [
                        -0.04302969969726256,
                        -5.72875024795474e-10,
                        -0.6852965269532666,
                        1.5299053400300666,
                        -0.39035772052838186,
                        -0.6736123523683882
                    ],
                    [
                        -0.5477348589872272,
                        -5.237087941161548e-10,
                        1.0963104602655638,
                        -0.39035772052838186,
                        1.6244789465421299,
                        2.3721105504624918
                    ],
                    [
                        -1.8739391052293586,
                        -4.4157876215908016e-10,
                        2.839891280115881,
                        -0.6736123523683882,
                        2.3721105504624918,
                        6.1581824319403635
                    ]
                ],
                "mui": [
                    0.0,
                    1.0,
                    0.7883531535879547,
                    -0.5728750247954739,
                    -0.5237087941161548,
                    -0.44157876215908015
                ],
                "Ai": [
                    [
                        0.0,
                        0.0,
                        0.0,
                        0.0,
                        0.0,
                        0.0
                    ],
                    [
                        0.0,
                        0.0,
                        0.0,
                        0.0,
                        0.0,
                        0.0
                    ],
                    [
                        -0.9615815860161188,
                        0.7883531535879547,
                        0.0,
                        0.0,
                        0.0,
                        0.0
                    ],
                    [
                        -0.7417851653470824,
                        -0.0,
                        -0.7266730933823298,
                        0.0,
                        0.0,
                        0.0
                    ],
                    [
                        0.0,
                        -0.9727694975366921,
                        0.5696187062571783,
                        0.0,
                        0.0,
                        0.0
                    ],
                    [
                        -0.8758693986220062,
                        -0.5259355652282839,
                        0.6081940613742155,
                        -0.0,
                        0.7544553531422875,
                        0.0
                    ]
                ]
            },
            "est_params": {
                "mui": [
                    0.030166805751274634,
                    1.0000109521186709,
                    0.7365670482799652,
                    -0.5944097406535019,
                    -0.5501841614227756,
                    -0.5086725744943923
                ],
                "Si": [
                    [
                        1.137316798908736,
                        -1.9889271534439097e-05,
                        -1.0243362917635537,
                        -0.10539617722539403,
                        -0.5372987596352954,
                        -1.9076129922267446
                    ],
                    [
                        -1.9889271534439097e-05,
                        1.0298621204013883e-06,
                        1.013739285464066e-05,
                        1.3715165896211773e-05,
                        5.754679061600275e-06,
                        2.7826054145034936e-05
                    ],
                    [
                        -1.024336291763554,
                        1.0137392854640659e-05,
                        2.0569515865917616,
                        -0.6384381580584588,
                        1.1899614359954485,
                        2.8751914075763936
                    ],
                    [
                        -0.10539617722539406,
                        1.3715165896211773e-05,
                        -0.6384381580584589,
                        1.480764313856534,
                        -0.3866420681403189,
                        -0.43056693408651103
                    ],
                    [
                        -0.5372987596352953,
                        5.754679061600273e-06,
                        1.1899614359954485,
                        -0.3866420681403189,
                        1.573742847984462,
                        2.279446771637604
                    ],
                    [
                        -1.9076129922267444,
                        2.7826054145034936e-05,
                        2.8751914075763936,
                        -0.4305669340865111,
                        2.279446771637604,
                        5.781222446632361
                    ]
                ]
            },
            "est_tgt": [
                1,
                4
            ],
            "oracle_est_tgt": [
                1,
                4
            ]
        },
        "0": {
            "intv_type": "do",
            "inode": 0,
            "new_mui": 1.0,
            "new_vari": null,
            "noise_type": "gaussian",
            "obs_noise_gamma_shape": null,
            "true_params": {
                "Si": [
                    [
                        1e-09,
                        -9.606280584368862e-10,
                        -1.718895745309912e-09,
                        5.072901230989966e-10,
                        -4.464549690910251e-11,
                        -1.449746156289518e-09
                    ],
                    [
                        -9.606280584368862e-10,
                        1.0000000009228063,
                        0.7883531552391742,
                        -0.572875025282791,
                        -0.5237087940732671,
                        -0.44157876076641334
                    ],
                    [
                        -1.718895745309912e-09,
                        0.7883531552391742,
                        1.6215006977266757,
                        -1.1783009266635982,
                        0.1567512269307037,
                        0.6898259363463142
                    ],
                    [
                        5.072901230989966e-10,
                        -0.572875025282791,
                        -1.1783009266635982,
                        1.8562395789376023,
                        -0.11390689893209269,
                        -0.5012779459847381
                    ],
                    [
                        -4.464549690910251e-11,
                        -0.5237087940732671,
                        0.1567512269307037,
                        -0.11390689893209269,
                        1.5987363715546916,
                        1.5769474597801407
                    ],
                    [
                        -1.449746156289518e-09,
                        -0.44157876076641334,
                        0.6898259363463142,
                        -0.5012779459847381,
                        1.5769474597801407,
                        2.841526466929272
                    ]
                ],
                "mui": [
                    1.0,
                    -0.960628058436886,
                    -1.7188957453099118,
                    0.5072901230989966,
                    -0.04464549690910251,
                    -1.4497461562895178
                ],
                "Ai": [
                    [
                        0.0,
                        0.0,
                        0.0,
                        0.0,
                        0.0,
                        0.0
                    ],
                    [
                        -0.960628058436886,
                        0.0,
                        0.0,
                        0.0,
                        0.0,
                        0.0
                    ],
                    [
                        -0.9615815860161188,
                        0.7883531535879547,
                        0.0,
                        0.0,
                        0.0,
                        0.0
                    ],
                    [
                        -0.7417851653470824,
                        -0.0,
                        -0.7266730933823298,
                        0.0,
                        0.0,
                        0.0
                    ],
                    [
                        0.0,
                        -0.9727694975366921,
                        0.5696187062571783,
                        0.0,
                        0.0,
                        0.0
                    ],
                    [
                        -0.8758693986220062,
                        -0.5259355652282839,
                        0.6081940613742155,
                        -0.0,
                        0.7544553531422875,
                        0.0
                    ]
                ]
            },
            "est_params": {
                "mui": [
                    0.9999878352143402,
                    -0.9400671775647925,
                    -1.745170125785465,
                    0.5929678340515917,
                    0.03796672982381157,
                    -1.425749750258959
                ],
                "Si": [
                    [
                        1.039713881843427e-06,
                        -4.030677269348784e-06,
                        8.69196959702317e-06,
                        -3.721069669247033e-06,
                        8.497999524784673e-06,
                        2.065170490516229e-05
                    ],
                    [
                        -4.030677269348784e-06,
                        1.0708389983887454,
                        0.7960035349633218,
                        -0.5546014409851681,
                        -0.48856779380073556,
                        -0.41589583608044434
                    ],
                    [
                        8.69196959702317e-06,
                        0.7960035349633218,
                        1.5116331554856575,
                        -1.1057552195650113,
                        0.18719722571185904,
                        0.6744234429769207
                    ],
                    [
                        -3.7210696692470323e-06,
                        -0.5546014409851681,
                        -1.1057552195650113,
                        1.6980055869855755,
                        -0.1460125244176692,
                        -0.5447172342583909
                    ],
                    [
                        8.497999524784673e-06,
                        -0.4885677938007355,
                        0.18719722571185904,
                        -0.14601252441766924,
                        1.4823355436511843,
                        1.436375556590762
                    ],
                    [
                        2.0651704905162293e-05,
                        -0.41589583608044434,
                        0.6744234429769208,
                        -0.5447172342583908,
                        1.436375556590762,
                        2.910671891299877
                    ]
                ]
            },
            "est_tgt": [
                0,
                2
            ],
            "oracle_est_tgt": [
                0
            ]
        },
        "4": {
            "intv_type": "do",
            "inode": 4,
            "new_mui": 1.0,
            "new_vari": null,
            "noise_type": "gaussian",
            "obs_noise_gamma_shape": null,
            "true_params": {
                "Si": [
                    [
                        1.0,
                        -0.960628058436886,
                        -1.7188957453099118,
                        0.5072901230989966,
                        0.0,
                        -1.416063122152748
                    ],
                    [
                        -0.960628058436886,
                        1.9228062666562213,
                        2.4395726360604395,
                        -1.0601921508122718,
                        0.0,
                        1.3138461087072142
                    ],
                    [
                        -1.7188957453099118,
                        2.4395726360604395,
                        4.576103278016591,
                        -2.050279760024226,
                        0.0,
                        3.005629007401387
                    ],
                    [
                        0.5072901230989966,
                        -1.0601921508122718,
                        -2.050279760024226,
                        2.113582847674054,
                        0.0,
                        -1.1336951111600455
                    ],
                    [
                        0.0,
                        0.0,
                        0.0,
                        0.0,
                        1e-09,
                        7.544553531422876e-10
                    ],
                    [
                        -1.416063122152748,
                        1.3138461087072142,
                        3.005629007401387,
                        -1.1336951111600455,
                        7.544553531422876e-10,
                        3.3772936729696226
                    ]
                ],
                "mui": [
                    0.0,
                    0.0,
                    0.0,
                    0.0,
                    1.0,
                    0.7544553531422875
                ],
                "Ai": [
                    [
                        0.0,
                        0.0,
                        0.0,
                        0.0,
                        0.0,
                        0.0
                    ],
                    [
                        -0.960628058436886,
                        0.0,
                        0.0,
                        0.0,
                        0.0,
                        0.0
                    ],
                    [
                        -0.9615815860161188,
                        0.7883531535879547,
                        0.0,
                        0.0,
                        0.0,
                        0.0
                    ],
                    [
                        -0.7417851653470824,
                        -0.0,
                        -0.7266730933823298,
                        0.0,
                        0.0,
                        0.0
                    ],
                    [
                        0.0,
                        0.0,
                        0.0,
                        0.0,
                        0.0,
                        0.0
                    ],
                    [
                        -0.8758693986220062,
                        -0.5259355652282839,
                        0.6081940613742155,
                        -0.0,
                        0.7544553531422875,
                        0.0
                    ]
                ]
            },
            "est_params": {
                "mui": [
                    0.011092271883921617,
                    0.013699391238844451,
                    -0.09710428309400206,
                    0.04185778155537903,
                    1.0000018762372012,
                    0.6465527284386231
                ],
                "Si": [
                    [
                        0.8788690735223585,
                        -0.7604717273049533,
                        -1.4349848514182508,
                        0.42549465913711443,
                        -3.17879602023785e-05,
                        -1.2402755642092136
                    ],
                    [
                        -0.7604717273049532,
                        1.5259788138313415,
                        1.8800979307760635,
                        -0.8073754973460318,
                        2.8470522266499267e-05,
                        0.9324023850272856
                    ],
                    [
                        -1.4349848514182506,
                        1.8800979307760635,
                        3.68427492079756,
                        -1.555208010437421,
                        2.455588702192798e-05,
                        2.4121452129131864
                    ],
                    [
                        0.4254946591371144,
                        -0.8073754973460319,
                        -1.555208010437421,
                        1.893380985672829,
                        -2.056555805420966e-05,
                        -0.9338909283287294
                    ],
                    [
                        -3.17879602023785e-05,
                        2.8470522266499267e-05,
                        2.455588702192798e-05,
                        -2.0565558054209658e-05,
                        1.0698770834351845e-06,
                        2.6875770260880926e-05
                    ],
                    [
                        -1.2402755642092136,
                        0.9324023850272857,
                        2.4121452129131864,
                        -0.9338909283287294,
                        2.6875770260880922e-05,
                        3.076650680019697
                    ]
                ]
            },
            "est_tgt": [
                2,
                4
            ],
            "oracle_est_tgt": [
                2,
                4
            ]
        },
        "obs": {
            "intv_type": "obs",
            "noise_type": "gaussian",
            "obs_noise_gamma_shape": null,
            "true_params": {
                "Si": [
                    [
                        1.0,
                        -0.960628058436886,
                        -1.7188957453099118,
                        0.5072901230989966,
                        -0.04464549690910251,
                        -1.4497461562895178
                    ],
                    [
                        -0.960628058436886,
                        1.9228062666562213,
                        2.4395726360604395,
                        -1.0601921508122718,
                        -0.4808210771024136,
                        0.9510880731836577
                    ],
                    [
                        -1.7188957453099118,
                        2.4395726360604395,
                        4.576103278016591,
                        -2.050279760024226,
                        0.2334921815382659,
                        3.1817884336798024
                    ],
                    [
                        0.5072901230989966,
                        -1.0601921508122718,
                        -2.050279760024226,
                        2.113582847674054,
                        -0.13655511853227895,
                        -1.2367198513357027
                    ],
                    [
                        -0.04464549690910251,
                        -0.4808210771024136,
                        0.2334921815382659,
                        -0.13655511853227895,
                        1.6007295919469593,
                        1.641672097255023
                    ],
                    [
                        -1.4497461562895178,
                        0.9510880731836577,
                        3.1817884336798024,
                        -1.2367198513357027,
                        1.641672097255023,
                        4.943290382503739
                    ]
                ],
                "mui": [
                    0.0,
                    0.0,
                    0.0,
                    0.0,
                    0.0,
                    0.0
                ],
                "Ai": [
                    [
                        0.0,
                        0.0,
                        0.0,
                        0.0,
                        0.0,
                        0.0
                    ],
                    [
                        -0.960628058436886,
                        0.0,
                        0.0,
                        0.0,
                        0.0,
                        0.0
                    ],
                    [
                        -0.9615815860161188,
                        0.7883531535879547,
                        0.0,
                        0.0,
                        0.0,
                        0.0
                    ],
                    [
                        -0.7417851653470824,
                        -0.0,
                        -0.7266730933823298,
                        0.0,
                        0.0,
                        0.0
                    ],
                    [
                        0.0,
                        -0.9727694975366921,
                        0.5696187062571783,
                        0.0,
                        0.0,
                        0.0
                    ],
                    [
                        -0.8758693986220062,
                        -0.5259355652282839,
                        0.6081940613742155,
                        -0.0,
                        0.7544553531422875,
                        0.0
                    ]
                ]
            },
            "est_params": {
                "mui": [
                    -0.05940199872028598,
                    0.1195415736695519,
                    0.148696623355194,
                    -0.0688226830821225,
                    -0.010051735054089437,
                    0.1372942760596109
                ],
                "Si": [
                    [
                        1.0104224617115654,
                        -1.0687187847584145,
                        -1.7511188983918609,
                        0.5280158063279357,
                        0.00024843548774522705,
                        -1.4552357017403215
                    ],
                    [
                        -1.0687187847584145,
                        2.1845932450398564,
                        2.6404945815910215,
                        -1.1088047364426332,
                        -0.56260169443713,
                        1.0356276182494135
                    ],
                    [
                        -1.7511188983918609,
                        2.6404945815910215,
                        4.582350447725643,
                        -1.9866326228481355,
                        0.10669431469469726,
                        3.189240265230564
                    ],
                    [
                        0.5280158063279357,
                        -1.1088047364426332,
                        -1.9866326228481355,
                        2.0630166006915927,
                        -0.07138434843494344,
                        -1.2209193437216785
                    ],
                    [
                        0.00024843548774522705,
                        -0.56260169443713,
                        0.10669431469469726,
                        -0.07138434843494344,
                        1.4627820495912993,
                        1.529158232263814
                    ],
                    [
                        -1.4552357017403215,
                        1.0356276182494135,
                        3.189240265230564,
                        -1.2209193437216785,
                        1.529158232263814,
                        4.887654648809675
                    ]
                ]
            },
            "est_tgt": [
                0,
                1,
                2,
                3,
                4,
                5
            ],
            "oracle_est_tgt": [
                0,
                1,
                2,
                3,
                4,
                5
            ]
        }
    },
    "metric_dict": {
        "param_est_rel_err": 15.672631319031085,
        "est_num_comp": 4,
        "weight_precision_error": 0.008604490072676413,
        "gm_score_dict": {
            "1": -8.55859490926847,
            "2": -8.456847822798988,
            "3": -5.768447236608642,
            "4": -4.283019047327765,
            "5": -4.266491165426885,
            "6": -4.2562202553454345,
            "7": -4.2290753911032475
        },
        "est_dag": {
            "amat": [
                [
                    0,
                    1,
                    0,
                    1,
                    0,
                    1
                ],
                [
                    0,
                    0,
                    1,
                    0,
                    0,
                    0
                ],
                [
                    0,
                    0,
                    0,
                    1,
                    0,
                    0
                ],
                [
                    0,
                    0,
                    0,
                    0,
                    0,
                    0
                ],
                [
                    0,
                    1,
                    0,
                    0,
                    0,
                    1
                ],
                [
                    0,
                    0,
                    1,
                    0,
                    0,
                    0
                ]
            ],
            "nodes": [
                0,
                1,
                2,
                3,
                4,
                5
            ]
        },
        "oracle_est_dag": {
            "amat": [
                [
                    0,
                    1,
                    0,
                    1,
                    0,
                    1
                ],
                [
                    0,
                    0,
                    1,
                    0,
                    0,
                    0
                ],
                [
                    0,
                    0,
                    0,
                    1,
                    0,
                    0
                ],
                [
                    0,
                    0,
                    0,
                    0,
                    0,
                    0
                ],
                [
                    0,
                    1,
                    0,
                    0,
                    0,
                    1
                ],
                [
                    0,
                    0,
                    1,
                    0,
                    0,
                    0
                ]
            ],
            "nodes": [
                0,
                1,
                2,
                3,
                4,
                5
            ]
        },
        "igsp_dag": null,
        "intv_base_est_dag": null,
        "act_dag": {
            "amat": [
                [
                    0,
                    1,
                    1,
                    1,
                    0,
                    1
                ],
                [
                    0,
                    0,
                    1,
                    0,
                    1,
                    1
                ],
                [
                    0,
                    0,
                    0,
                    1,
                    1,
                    1
                ],
                [
                    0,
                    0,
                    0,
                    0,
                    0,
                    0
                ],
                [
                    0,
                    0,
                    0,
                    0,
                    0,
                    1
                ],
                [
                    0,
                    0,
                    0,
                    0,
                    0,
                    0
                ]
            ],
            "nodes": [
                0,
                1,
                2,
                3,
                4,
                5
            ]
        },
        "shd": 5,
        "oracle_shd": 5,
        "intv_base_shd": null,
        "igsp_shd": null,
        "avg_js": 0.375,
        "avg_oracle_js": 0.5
    }
}