{
    "expt_args": {
        "save_dir": "all_expt_logs/expt_logs_sim_compsel_backward_cameraready_cutoff_var_half",
        "exp_name": "124",
        "num_nodes": 6,
        "num_tgt_prior": 7,
        "obs_noise_mean": 0.0,
        "obs_noise_var": 1.0,
        "obs_noise_gamma_shape": null,
        "noise_type": "gaussian",
        "max_edge_strength": 1.0,
        "graph_sparsity_method": "adj_dense_prop",
        "adj_dense_prop": 0.8,
        "num_parents": null,
        "new_noise_mean": 1.0,
        "mix_samples": 524288,
        "stage2_samples": 524288,
        "gmm_tol": 0.001,
        "intv_type": "do",
        "new_noise_var": null,
        "dtype": "simulation",
        "cutoff_drop_ratio": 0.01,
        "intv_targets": [
            3,
            1,
            0
        ]
    },
    "intv_args_dict": {
        "3": {
            "intv_type": "do",
            "inode": 3,
            "new_mui": 1.0,
            "new_vari": null,
            "noise_type": "gaussian",
            "obs_noise_gamma_shape": null,
            "true_params": {
                "Si": [
                    [
                        1.0,
                        0.6320907972613083,
                        -1.5091845924541942,
                        0.0,
                        -1.3704394221997636,
                        -1.9172686724745533
                    ],
                    [
                        0.6320907972613083,
                        1.3995387759824365,
                        -1.828681473492442,
                        0.0,
                        -2.052522191721078,
                        -2.48113552980129
                    ],
                    [
                        -1.5091845924541942,
                        -1.828681473492442,
                        4.042807818973717,
                        0.0,
                        3.754915399093726,
                        4.37280699628271
                    ],
                    [
                        0.0,
                        0.0,
                        0.0,
                        1e-09,
                        7.093166246252297e-10,
                        -1.4834431091915691e-10
                    ],
                    [
                        -1.3704394221997636,
                        -2.052522191721078,
                        3.754915399093726,
                        7.093166246252297e-10,
                        4.7065434781032405,
                        4.941313185230806
                    ],
                    [
                        -1.9172686724745533,
                        -2.48113552980129,
                        4.37280699628271,
                        -1.4834431091915691e-10,
                        4.941313185230806,
                        6.746437956065384
                    ]
                ],
                "mui": [
                    0.0,
                    0.0,
                    0.0,
                    1.0,
                    0.7093166246252297,
                    -0.1483443109191569
                ],
                "Ai": [
                    [
                        0.0,
                        0.0,
                        0.0,
                        0.0,
                        0.0,
                        0.0
                    ],
                    [
                        0.6320907972613083,
                        0.0,
                        0.0,
                        0.0,
                        0.0,
                        0.0
                    ],
                    [
                        -0.9562696267380735,
                        -0.8747397812335875,
                        0.0,
                        0.0,
                        0.0,
                        0.0
                    ],
                    [
                        0.0,
                        0.0,
                        0.0,
                        0.0,
                        0.0,
                        0.0
                    ],
                    [
                        -0.0,
                        -0.6185888048260626,
                        0.6489829913964384,
                        0.7093166246252297,
                        0.0,
                        0.0
                    ],
                    [
                        -0.7620936296883425,
                        -0.5946894778210854,
                        0.0,
                        -0.5516852632711734,
                        0.5686331580979416,
                        0.0
                    ]
                ]
            },
            "est_params": {
                "mui": [
                    0.0021057353203933335,
                    0.0015364614626382828,
                    -0.00046734490865269287,
                    0.9999997448269847,
                    0.7031382605544345,
                    -0.15154888959536733
                ],
                "Si": [
                    [
                        0.9971394772732296,
                        0.6289424820357378,
                        -1.5027099432145021,
                        3.578429469162907e-07,
                        -1.3676902425138346,
                        -1.9091717927522922
                    ],
                    [
                        0.628942482035738,
                        1.3966889028323348,
                        -1.8244618487802153,
                        1.1983778384077162e-07,
                        -2.0530362224754475,
                        -2.479654720211548
                    ],
                    [
                        -1.5027099432145021,
                        -1.8244618487802153,
                        4.029899217253196,
                        -4.1688680099658763e-07,
                        3.754536570211253,
                        4.3643287350697095
                    ],
                    [
                        3.578429469162907e-07,
                        1.1983778384077168e-07,
                        -4.1688680099658763e-07,
                        1.0106608260153621e-06,
                        -4.3579140864365053e-07,
                        -8.304819469610183e-07
                    ],
                    [
                        -1.3676902425138344,
                        -2.0530362224754475,
                        3.754536570211253,
                        -4.3579140864365074e-07,
                        4.710492804207703,
                        4.945068890180303
                    ],
                    [
                        -1.9091717927522922,
                        -2.4796547202115486,
                        4.3643287350697095,
                        -8.304819469610178e-07,
                        4.945068890180303,
                        6.736116447900427
                    ]
                ]
            },
            "est_tgt": [
                3
            ],
            "oracle_est_tgt": [
                3
            ]
        },
        "1": {
            "intv_type": "do",
            "inode": 1,
            "new_mui": 1.0,
            "new_vari": null,
            "noise_type": "gaussian",
            "obs_noise_gamma_shape": null,
            "true_params": {
                "Si": [
                    [
                        1.0,
                        0.0,
                        -0.9562696267380735,
                        -0.5882282241844259,
                        -1.0378427814298203,
                        -1.0277286053792132
                    ],
                    [
                        0.0,
                        1e-09,
                        -8.747397812335876e-10,
                        6.323693397505752e-10,
                        -7.377299591561393e-10,
                        -1.3630560400044206e-09
                    ],
                    [
                        -0.9562696267380735,
                        -8.747397812335876e-10,
                        1.9144515997869442,
                        0.5625047838244821,
                        1.6414405212524585,
                        1.3518188989959463
                    ],
                    [
                        -0.5882282241844259,
                        6.323693397505752e-10,
                        0.5625047838244821,
                        1.3460124441270542,
                        1.3198050404618002,
                        0.45619466070463943
                    ],
                    [
                        -1.0378427814298203,
                        -7.377299591561393e-10,
                        1.6414405212524585,
                        1.3198050404618002,
                        3.00142663660183,
                        1.7695270887408086
                    ],
                    [
                        -1.0277286053792132,
                        -1.3630560400044206e-09,
                        1.3518188989959463,
                        0.45619466070463943,
                        1.7695270887408086,
                        2.5377613293353773
                    ]
                ],
                "mui": [
                    0.0,
                    1.0,
                    -0.8747397812335875,
                    0.6323693397505752,
                    -0.7377299591561393,
                    -1.3630560400044205
                ],
                "Ai": [
                    [
                        0.0,
                        0.0,
                        0.0,
                        0.0,
                        0.0,
                        0.0
                    ],
                    [
                        0.0,
                        0.0,
                        0.0,
                        0.0,
                        0.0,
                        0.0
                    ],
                    [
                        -0.9562696267380735,
                        -0.8747397812335875,
                        0.0,
                        0.0,
                        0.0,
                        0.0
                    ],
                    [
                        -0.5882282241844259,
                        0.6323693397505752,
                        -0.0,
                        0.0,
                        0.0,
                        0.0
                    ],
                    [
                        -0.0,
                        -0.6185888048260626,
                        0.6489829913964384,
                        0.7093166246252297,
                        0.0,
                        0.0
                    ],
                    [
                        -0.7620936296883425,
                        -0.5946894778210854,
                        0.0,
                        -0.5516852632711734,
                        0.5686331580979416,
                        0.0
                    ]
                ]
            },
            "est_params": {
                "mui": [
                    -0.003360611311633459,
                    0.9999998282767456,
                    -0.8751725950986248,
                    0.6299588261031165,
                    -0.7411051788102403,
                    -1.3598134945337719
                ],
                "Si": [
                    [
                        0.9970071791025259,
                        -1.5620794382951138e-07,
                        -0.9542175233700017,
                        -0.5839430855377539,
                        -1.034961235006425,
                        -1.0221130717751372
                    ],
                    [
                        -1.5620794382951111e-07,
                        1.011394723820227e-06,
                        5.5391884045784937e-08,
                        3.402821172103081e-07,
                        2.239030354965148e-07,
                        -2.7469711204577837e-07
                    ],
                    [
                        -0.9542175233700017,
                        5.539188404578482e-08,
                        1.9153312045961584,
                        0.5604289505486602,
                        1.6430925418509705,
                        1.346167000582292
                    ],
                    [
                        -0.5839430855377539,
                        3.4028211721030793e-07,
                        0.56042895054866,
                        1.3453609286398922,
                        1.31897258662346,
                        0.4482786303403982
                    ],
                    [
                        -1.034961235006425,
                        2.23903035496515e-07,
                        1.6430925418509705,
                        1.31897258662346,
                        2.998477297538994,
                        1.7567194409989115
                    ],
                    [
                        -1.0221130717751372,
                        -2.746971120457782e-07,
                        1.3461670005822923,
                        0.4482786303403983,
                        1.7567194409989115,
                        2.525692099397543
                    ]
                ]
            },
            "est_tgt": [
                1
            ],
            "oracle_est_tgt": [
                1
            ]
        },
        "0": {
            "intv_type": "do",
            "inode": 0,
            "new_mui": 1.0,
            "new_vari": null,
            "noise_type": "gaussian",
            "obs_noise_gamma_shape": null,
            "true_params": {
                "Si": [
                    [
                        1e-09,
                        6.320907972613084e-10,
                        -1.5091845924541943e-09,
                        -1.8851338405787766e-10,
                        -1.5041550994763769e-09,
                        -1.8893037844174493e-09
                    ],
                    [
                        6.320907972613084e-10,
                        1.0000000003995388,
                        -0.8747397821875292,
                        0.6323693396314176,
                        -0.7377299601069018,
                        -1.363056041198632
                    ],
                    [
                        -1.5091845924541943e-09,
                        -0.8747397821875292,
                        1.7651696871502227,
                        -0.5531586176277449,
                        1.2943047367481908,
                        1.5613525930435013
                    ],
                    [
                        -1.8851338405787766e-10,
                        0.6323693396314176,
                        -0.5531586176277449,
                        1.3998909818921157,
                        0.2427988177229965,
                        -1.010299158623627
                    ],
                    [
                        -1.5041550994763769e-09,
                        -0.7377299601069018,
                        1.2943047367481908,
                        0.2427988177229965,
                        2.4685544919906004,
                        1.7084736529352846
                    ],
                    [
                        -1.8893037844174493e-09,
                        -1.363056041198632,
                        1.5613525930435013,
                        -1.010299158623627,
                        1.7084736529352846,
                        3.339457012924755
                    ]
                ],
                "mui": [
                    1.0,
                    0.6320907972613083,
                    -1.5091845924541942,
                    -0.18851338405787765,
                    -1.5041550994763768,
                    -1.8893037844174492
                ],
                "Ai": [
                    [
                        0.0,
                        0.0,
                        0.0,
                        0.0,
                        0.0,
                        0.0
                    ],
                    [
                        0.6320907972613083,
                        0.0,
                        0.0,
                        0.0,
                        0.0,
                        0.0
                    ],
                    [
                        -0.9562696267380735,
                        -0.8747397812335875,
                        0.0,
                        0.0,
                        0.0,
                        0.0
                    ],
                    [
                        -0.5882282241844259,
                        0.6323693397505752,
                        -0.0,
                        0.0,
                        0.0,
                        0.0
                    ],
                    [
                        -0.0,
                        -0.6185888048260626,
                        0.6489829913964384,
                        0.7093166246252297,
                        0.0,
                        0.0
                    ],
                    [
                        -0.7620936296883425,
                        -0.5946894778210854,
                        0.0,
                        -0.5516852632711734,
                        0.5686331580979416,
                        0.0
                    ]
                ]
            },
            "est_params": {
                "mui": [
                    1.0000001656136472,
                    0.6288192366845387,
                    -1.5093766436795093,
                    -0.19193487984613333,
                    -1.503167083245393,
                    -1.8797178430127583
                ],
                "Si": [
                    [
                        1.0114913069601948e-06,
                        1.6640049186781698e-07,
                        1.8683005435890601e-07,
                        -2.3134363051921512e-07,
                        -6.396699676037904e-07,
                        -7.172601808447e-07
                    ],
                    [
                        1.6640049186781698e-07,
                        0.9948108821779579,
                        -0.8709293498566938,
                        0.6271157566562925,
                        -0.7349591338703148,
                        -1.3521945055245324
                    ],
                    [
                        1.868300543589059e-07,
                        -0.8709293498566938,
                        1.755334556728842,
                        -0.5470981210215492,
                        1.2888778427327074,
                        1.549929281247006
                    ],
                    [
                        -2.3134363051921523e-07,
                        0.6271157566562925,
                        -0.5470981210215492,
                        1.3939127711514645,
                        0.24239447148841947,
                        -1.0009529711005711
                    ],
                    [
                        -6.396699676037904e-07,
                        -0.7349591338703149,
                        1.2888778427327074,
                        0.24239447148841947,
                        2.460162427549424,
                        1.700931603606119
                    ],
                    [
                        -7.172601808447e-07,
                        -1.3521945055245324,
                        1.549929281247006,
                        -1.0009529711005711,
                        1.700931603606119,
                        3.3242729905633706
                    ]
                ]
            },
            "est_tgt": [
                0
            ],
            "oracle_est_tgt": [
                0
            ]
        },
        "obs": {
            "intv_type": "obs",
            "noise_type": "gaussian",
            "obs_noise_gamma_shape": null,
            "true_params": {
                "Si": [
                    [
                        1.0,
                        0.6320907972613083,
                        -1.5091845924541942,
                        -0.18851338405787765,
                        -1.5041550994763768,
                        -1.8893037844174492
                    ],
                    [
                        0.6320907972613083,
                        1.3995387759824365,
                        -1.828681473492442,
                        0.5132117645270041,
                        -1.6884925551888248,
                        -2.557267575365653
                    ],
                    [
                        -1.5091845924541942,
                        -1.828681473492442,
                        4.042807818973717,
                        -0.2686571232206973,
                        3.564352435269297,
                        4.4126607521004075
                    ],
                    [
                        -0.18851338405787765,
                        0.5132117645270041,
                        -0.2686571232206973,
                        1.4354282778255314,
                        0.5263521853896486,
                        -0.6541401090658976
                    ],
                    [
                        -1.5041550994763768,
                        -1.6884925551888248,
                        3.564352435269297,
                        0.5263521853896486,
                        4.731037053008906,
                        4.550279571885001
                    ],
                    [
                        -1.8893037844174492,
                        -2.557267575365653,
                        4.4126607521004075,
                        -0.6541401090658976,
                        4.550279571885001,
                        6.90892579916938
                    ]
                ],
                "mui": [
                    0.0,
                    0.0,
                    0.0,
                    0.0,
                    0.0,
                    0.0
                ],
                "Ai": [
                    [
                        0.0,
                        0.0,
                        0.0,
                        0.0,
                        0.0,
                        0.0
                    ],
                    [
                        0.6320907972613083,
                        0.0,
                        0.0,
                        0.0,
                        0.0,
                        0.0
                    ],
                    [
                        -0.9562696267380735,
                        -0.8747397812335875,
                        0.0,
                        0.0,
                        0.0,
                        0.0
                    ],
                    [
                        -0.5882282241844259,
                        0.6323693397505752,
                        -0.0,
                        0.0,
                        0.0,
                        0.0
                    ],
                    [
                        -0.0,
                        -0.6185888048260626,
                        0.6489829913964384,
                        0.7093166246252297,
                        0.0,
                        0.0
                    ],
                    [
                        -0.7620936296883425,
                        -0.5946894778210854,
                        0.0,
                        -0.5516852632711734,
                        0.5686331580979416,
                        0.0
                    ]
                ]
            },
            "est_params": {
                "mui": [
                    -0.002305033728506006,
                    -0.0054973160966461125,
                    0.006795973304157381,
                    -0.0013115129268742246,
                    0.006600110448517557,
                    0.009147157340392446
                ],
                "Si": [
                    [
                        0.9968009890858965,
                        0.6307397955382834,
                        -1.5049433858844423,
                        -0.18704382028197314,
                        -1.498442921450547,
                        -1.8843542026474591
                    ],
                    [
                        0.6307397955382834,
                        1.393533164297244,
                        -1.8276967792128926,
                        0.514808213283812,
                        -1.6834023803329952,
                        -2.548457371662755
                    ],
                    [
                        -1.5049433858844423,
                        -1.8276967792128926,
                        4.044103360502365,
                        -0.27620571701751895,
                        3.5548008968701024,
                        4.406935527295503
                    ],
                    [
                        -0.18704382028197314,
                        0.514808213283812,
                        -0.27620571701751895,
                        1.4337189163740551,
                        0.5178819567483136,
                        -0.6585123690554455
                    ],
                    [
                        -1.498442921450547,
                        -1.6834023803329954,
                        3.5548008968701024,
                        0.5178819567483136,
                        4.714766784231764,
                        4.5425702736522275
                    ],
                    [
                        -1.8843542026474591,
                        -2.548457371662755,
                        4.406935527295503,
                        -0.6585123690554455,
                        4.5425702736522275,
                        6.8944023357701925
                    ]
                ]
            },
            "est_tgt": [
                0,
                1,
                2,
                3,
                4,
                5
            ],
            "oracle_est_tgt": [
                0,
                1,
                2,
                3,
                4,
                5
            ]
        }
    },
    "metric_dict": {
        "param_est_rel_err": 0.6665551277100474,
        "est_num_comp": 4,
        "weight_precision_error": 0.0017946465072074536,
        "gm_score_dict": {
            "1": -8.466949941096575,
            "2": -8.390104982184393,
            "3": -5.802302202573903,
            "4": -4.335274908670543,
            "5": -4.335701849740347,
            "6": -4.336133276976306,
            "7": -4.336291583612261
        },
        "est_dag": {
            "amat": [
                [
                    0,
                    1,
                    1,
                    1,
                    0,
                    1
                ],
                [
                    0,
                    0,
                    1,
                    1,
                    1,
                    1
                ],
                [
                    0,
                    0,
                    0,
                    0,
                    1,
                    0
                ],
                [
                    0,
                    0,
                    0,
                    0,
                    1,
                    1
                ],
                [
                    0,
                    0,
                    0,
                    0,
                    0,
                    1
                ],
                [
                    0,
                    0,
                    0,
                    0,
                    0,
                    0
                ]
            ],
            "nodes": [
                0,
                1,
                2,
                3,
                4,
                5
            ]
        },
        "oracle_est_dag": {
            "amat": [
                [
                    0,
                    1,
                    1,
                    1,
                    0,
                    1
                ],
                [
                    0,
                    0,
                    1,
                    1,
                    1,
                    1
                ],
                [
                    0,
                    0,
                    0,
                    0,
                    1,
                    0
                ],
                [
                    0,
                    0,
                    0,
                    0,
                    1,
                    1
                ],
                [
                    0,
                    0,
                    0,
                    0,
                    0,
                    1
                ],
                [
                    0,
                    0,
                    0,
                    0,
                    0,
                    0
                ]
            ],
            "nodes": [
                0,
                1,
                2,
                3,
                4,
                5
            ]
        },
        "igsp_dag": null,
        "intv_base_est_dag": null,
        "act_dag": {
            "amat": [
                [
                    0,
                    1,
                    1,
                    1,
                    0,
                    1
                ],
                [
                    0,
                    0,
                    1,
                    1,
                    1,
                    1
                ],
                [
                    0,
                    0,
                    0,
                    0,
                    1,
                    0
                ],
                [
                    0,
                    0,
                    0,
                    0,
                    1,
                    1
                ],
                [
                    0,
                    0,
                    0,
                    0,
                    0,
                    1
                ],
                [
                    0,
                    0,
                    0,
                    0,
                    0,
                    0
                ]
            ],
            "nodes": [
                0,
                1,
                2,
                3,
                4,
                5
            ]
        },
        "shd": 0,
        "oracle_shd": 0,
        "intv_base_shd": null,
        "igsp_shd": null,
        "avg_js": 0.75,
        "avg_oracle_js": 0.75
    }
}