{
    "expt_args": {
        "save_dir": "all_expt_logs/expt_logs_sim_compsel_backward_cameraready_cutoff_var_half",
        "exp_name": "43",
        "num_nodes": 6,
        "num_tgt_prior": 7,
        "obs_noise_mean": 0.0,
        "obs_noise_var": 1.0,
        "obs_noise_gamma_shape": null,
        "noise_type": "gaussian",
        "max_edge_strength": 1.0,
        "graph_sparsity_method": "adj_dense_prop",
        "adj_dense_prop": 0.8,
        "num_parents": null,
        "new_noise_mean": 1.0,
        "mix_samples": 1048576,
        "stage2_samples": 1048576,
        "gmm_tol": 0.001,
        "intv_type": "do",
        "new_noise_var": null,
        "dtype": "simulation",
        "cutoff_drop_ratio": 0.6,
        "intv_targets": [
            5,
            0,
            1
        ]
    },
    "intv_args_dict": {
        "5": {
            "intv_type": "do",
            "inode": 5,
            "new_mui": 1.0,
            "new_vari": null,
            "noise_type": "gaussian",
            "obs_noise_gamma_shape": null,
            "true_params": {
                "Si": [
                    [
                        1.0,
                        0.7668313780925622,
                        -0.22842077077878536,
                        -1.3560581886069105,
                        2.0960280235290663,
                        0.0
                    ],
                    [
                        0.7668313780925622,
                        1.5880303624273382,
                        0.37607076957433166,
                        -1.8774863897023377,
                        3.192696911607852,
                        0.0
                    ],
                    [
                        -0.22842077077878536,
                        0.37607076957433166,
                        1.3560316462619733,
                        -0.15196936931146646,
                        1.0411668705664252,
                        0.0
                    ],
                    [
                        -1.3560581886069105,
                        -1.8774863897023377,
                        -0.15196936931146646,
                        3.5404984286778443,
                        -4.70572597328383,
                        0.0
                    ],
                    [
                        2.0960280235290663,
                        3.192696911607852,
                        1.0411668705664252,
                        -4.70572597328383,
                        8.610850670065119,
                        0.0
                    ],
                    [
                        0.0,
                        0.0,
                        0.0,
                        0.0,
                        0.0,
                        1e-09
                    ]
                ],
                "mui": [
                    0.0,
                    0.0,
                    0.0,
                    0.0,
                    0.0,
                    1.0
                ],
                "Ai": [
                    [
                        0.0,
                        0.0,
                        0.0,
                        0.0,
                        0.0,
                        0.0
                    ],
                    [
                        0.7668313780925622,
                        0.0,
                        0.0,
                        0.0,
                        0.0,
                        0.0
                    ],
                    [
                        -0.6511219858987816,
                        0.5512309840155929,
                        0.0,
                        0.0,
                        0.0,
                        0.0
                    ],
                    [
                        -0.7137461011605188,
                        -0.837618420159197,
                        0.0,
                        0.0,
                        0.0,
                        0.0
                    ],
                    [
                        0.9187731808190401,
                        0.7808007313357233,
                        0.6460233394970283,
                        -0.5354324004186537,
                        0.0,
                        0.0
                    ],
                    [
                        0.0,
                        0.0,
                        0.0,
                        0.0,
                        0.0,
                        0.0
                    ]
                ]
            },
            "est_params": {
                "mui": [
                    0.00322539302171742,
                    0.003871265915527884,
                    0.0017747984015756345,
                    -0.006347255802014457,
                    0.010869100810111812,
                    0.9999998053320018
                ],
                "Si": [
                    [
                        0.9971313103857806,
                        0.7649312726730216,
                        -0.22818451718268398,
                        -1.355748638301366,
                        2.0940086230110646,
                        2.1314527776309426e-08
                    ],
                    [
                        0.7649312726730216,
                        1.5884779548055048,
                        0.37724925693244765,
                        -1.8809726272917138,
                        3.1965114695680383,
                        2.501685257776129e-07
                    ],
                    [
                        -0.22818451718268398,
                        0.37724925693244765,
                        1.354294408893109,
                        -0.15250034928222117,
                        1.042041485448078,
                        3.460332061863012e-07
                    ],
                    [
                        -1.355748638301366,
                        -1.8809726272917138,
                        -0.1525003492822212,
                        3.552395413089022,
                        -4.718412850393416,
                        -1.959562332737976e-07
                    ],
                    [
                        2.0940086230110646,
                        3.1965114695680383,
                        1.042041485448078,
                        -4.718412850393416,
                        8.625916444210002,
                        7.826831902820819e-07
                    ],
                    [
                        2.13145277763094e-08,
                        2.5016852577761285e-07,
                        3.4603320618630126e-07,
                        -1.9595623327379743e-07,
                        7.82683190282082e-07,
                        1.0053848721128526e-06
                    ]
                ]
            },
            "est_tgt": [
                5
            ],
            "oracle_est_tgt": [
                5
            ]
        },
        "0": {
            "intv_type": "do",
            "inode": 0,
            "new_mui": 1.0,
            "new_vari": null,
            "noise_type": "gaussian",
            "obs_noise_gamma_shape": null,
            "true_params": {
                "Si": [
                    [
                        1e-09,
                        7.668313780925622e-10,
                        -2.2842077077878537e-10,
                        -1.3560581886069106e-09,
                        2.0960280235290665e-09,
                        -2.4171455926531372e-09
                    ],
                    [
                        7.668313780925622e-10,
                        1.0000000005880303,
                        0.5512309838404327,
                        -0.8376184211990649,
                        1.585396855411729,
                        -1.5517270873222306
                    ],
                    [
                        -2.2842077077878537e-10,
                        0.5512309838404327,
                        1.303855597790975,
                        -0.4617212256641886,
                        1.5199432067960923,
                        -0.45142682363450937
                    ],
                    [
                        -1.3560581886069106e-09,
                        -0.8376184211990649,
                        -0.4617212256641886,
                        1.701604619628883,
                        -1.8633900112700168,
                        2.694678896952143
                    ],
                    [
                        2.0960280235290665e-09,
                        1.585396855411729,
                        1.5199432067960923,
                        -1.8633900112700168,
                        4.217517199039289,
                        -3.722133074463729
                    ],
                    [
                        -2.4171455926531372e-09,
                        -1.5517270873222306,
                        -0.45142682363450937,
                        2.694678896952143,
                        -3.722133074463729,
                        6.119151135433753
                    ]
                ],
                "mui": [
                    1.0,
                    0.7668313780925622,
                    -0.22842077077878536,
                    -1.3560581886069105,
                    2.0960280235290663,
                    -2.417145592653137
                ],
                "Ai": [
                    [
                        0.0,
                        0.0,
                        0.0,
                        0.0,
                        0.0,
                        0.0
                    ],
                    [
                        0.7668313780925622,
                        0.0,
                        0.0,
                        0.0,
                        0.0,
                        0.0
                    ],
                    [
                        -0.6511219858987816,
                        0.5512309840155929,
                        0.0,
                        0.0,
                        0.0,
                        0.0
                    ],
                    [
                        -0.7137461011605188,
                        -0.837618420159197,
                        0.0,
                        0.0,
                        0.0,
                        0.0
                    ],
                    [
                        0.9187731808190401,
                        0.7808007313357233,
                        0.6460233394970283,
                        -0.5354324004186537,
                        0.0,
                        0.0
                    ],
                    [
                        0.7444518107284828,
                        -0.0,
                        0.9053072692478782,
                        0.9793784872526881,
                        -0.776092773332793,
                        0.0
                    ]
                ]
            },
            "est_params": {
                "mui": [
                    0.9999998796899648,
                    0.7678266772063677,
                    -0.22498616499314383,
                    -1.3580677768993938,
                    2.098278095249699,
                    -2.4139263485836744
                ],
                "Si": [
                    [
                        1.010907388376058e-06,
                        5.059029538586762e-09,
                        -1.9867221612983807e-08,
                        -1.4351708227724948e-07,
                        8.5189285831285e-08,
                        -7.603180758984846e-08
                    ],
                    [
                        5.059029538586809e-09,
                        0.9970578497025272,
                        0.5516816955397067,
                        -0.835511631585125,
                        1.5829498474520518,
                        -1.547097315956434
                    ],
                    [
                        -1.9867221612983886e-08,
                        0.5516816955397066,
                        1.3043418326077239,
                        -0.4601806335996467,
                        1.519893718268408,
                        -0.45136389164986346
                    ],
                    [
                        -1.4351708227724943e-07,
                        -0.8355116315851251,
                        -0.4601806335996467,
                        1.6932433067184953,
                        -1.8540279094747598,
                        2.6803762723035627
                    ],
                    [
                        8.518928583128484e-08,
                        1.5829498474520518,
                        1.519893718268408,
                        -1.8540279094747598,
                        4.213514643350388,
                        -3.710730062546328
                    ],
                    [
                        -7.603180758984834e-08,
                        -1.547097315956434,
                        -0.45136389164986346,
                        2.6803762723035627,
                        -3.7107300625463275,
                        6.096259615934947
                    ]
                ]
            },
            "est_tgt": [
                0
            ],
            "oracle_est_tgt": [
                0
            ]
        },
        "1": {
            "intv_type": "do",
            "inode": 1,
            "new_mui": 1.0,
            "new_vari": null,
            "noise_type": "gaussian",
            "obs_noise_gamma_shape": null,
            "true_params": {
                "Si": [
                    [
                        1.0,
                        0.0,
                        -0.6511219858987816,
                        -0.7137461011605188,
                        0.8802959693026041,
                        -1.227232573279629
                    ],
                    [
                        0.0,
                        1e-09,
                        5.512309840155929e-10,
                        -8.376184201591971e-10,
                        1.585396853804429e-09,
                        -1.5517270854686877e-09
                    ],
                    [
                        -0.6511219858987816,
                        5.512309840155929e-10,
                        1.4239598408246288,
                        0.46473577835342844,
                        0.07284328065994361,
                        1.203011333478061
                    ],
                    [
                        -0.7137461011605188,
                        -8.376184201591971e-10,
                        0.46473577835342844,
                        1.5094334976234463,
                        -1.1637402177036646,
                        2.2708561695211165
                    ],
                    [
                        0.8802959693026041,
                        1.585396853804429e-09,
                        0.07284328065994361,
                        -1.1637402177036646,
                        2.478955006676869,
                        -2.3423577202471737
                    ],
                    [
                        -1.227232573279629,
                        -1.5517270854686877e-09,
                        1.203011333478061,
                        2.2708561695211165,
                        -2.3423577202471737,
                        5.2173939731404095
                    ]
                ],
                "mui": [
                    0.0,
                    1.0,
                    0.5512309840155929,
                    -0.837618420159197,
                    1.585396853804429,
                    -1.5517270854686875
                ],
                "Ai": [
                    [
                        0.0,
                        0.0,
                        0.0,
                        0.0,
                        0.0,
                        0.0
                    ],
                    [
                        0.0,
                        0.0,
                        0.0,
                        0.0,
                        0.0,
                        0.0
                    ],
                    [
                        -0.6511219858987816,
                        0.5512309840155929,
                        0.0,
                        0.0,
                        0.0,
                        0.0
                    ],
                    [
                        -0.7137461011605188,
                        -0.837618420159197,
                        0.0,
                        0.0,
                        0.0,
                        0.0
                    ],
                    [
                        0.9187731808190401,
                        0.7808007313357233,
                        0.6460233394970283,
                        -0.5354324004186537,
                        0.0,
                        0.0
                    ],
                    [
                        0.7444518107284828,
                        -0.0,
                        0.9053072692478782,
                        0.9793784872526881,
                        -0.776092773332793,
                        0.0
                    ]
                ]
            },
            "est_params": {
                "mui": [
                    0.002349311756713152,
                    1.000000012417646,
                    0.5486787155148171,
                    -0.8371546707385346,
                    1.5874544261401218,
                    -1.5543377338580104
                ],
                "Si": [
                    [
                        1.0001657618705202,
                        1.017632693979521e-07,
                        -0.6513551421287206,
                        -0.7137344309494423,
                        0.8783056437765778,
                        -1.2261783450932044
                    ],
                    [
                        1.0176326939795207e-07,
                        1.0100758013672784e-06,
                        -1.3092835533051793e-07,
                        -1.775648493245516e-07,
                        1.1882742485244465e-07,
                        -3.340902882534182e-07
                    ],
                    [
                        -0.6513551421287206,
                        -1.3092835533051796e-07,
                        1.4257449490597291,
                        0.4652226580138496,
                        0.07630912527198656,
                        1.2017553992433379
                    ],
                    [
                        -0.7137344309494423,
                        -1.7756484932455163e-07,
                        0.4652226580138495,
                        1.5035712442874167,
                        -1.1606363904097592,
                        2.2622426725196267
                    ],
                    [
                        0.8783056437765778,
                        1.1882742485244473e-07,
                        0.07630912527198656,
                        -1.1606363904097592,
                        2.4739685660594075,
                        -2.3360920128753415
                    ],
                    [
                        -1.2261783450932044,
                        -3.340902882534179e-07,
                        1.201755399243338,
                        2.2622426725196263,
                        -2.336092012875342,
                        5.20514580576109
                    ]
                ]
            },
            "est_tgt": [
                1
            ],
            "oracle_est_tgt": [
                1
            ]
        },
        "obs": {
            "intv_type": "obs",
            "noise_type": "gaussian",
            "obs_noise_gamma_shape": null,
            "true_params": {
                "Si": [
                    [
                        1.0,
                        0.7668313780925622,
                        -0.22842077077878536,
                        -1.3560581886069105,
                        2.0960280235290663,
                        -2.417145592653137
                    ],
                    [
                        0.7668313780925622,
                        1.5880303624273382,
                        0.37607076957433166,
                        -1.8774863897023377,
                        3.192696911607852,
                        -3.4052701713332554
                    ],
                    [
                        -0.22842077077878536,
                        0.37607076957433166,
                        1.3560316462619733,
                        -0.15196936931146646,
                        1.0411668705664252,
                        0.10069943517173785
                    ],
                    [
                        -1.3560581886069105,
                        -1.8774863897023377,
                        -0.15196936931146646,
                        3.5404984286778443,
                        -4.70572597328383,
                        5.972468967646742
                    ],
                    [
                        2.0960280235290663,
                        3.192696911607852,
                        1.0411668705664252,
                        -4.70572597328383,
                        8.610850670065119,
                        -8.788537968548072
                    ],
                    [
                        -2.417145592653137,
                        -3.4052701713332554,
                        0.10069943517173785,
                        5.972468967646742,
                        -8.788537968548072,
                        11.961743945673643
                    ]
                ],
                "mui": [
                    0.0,
                    0.0,
                    0.0,
                    0.0,
                    0.0,
                    0.0
                ],
                "Ai": [
                    [
                        0.0,
                        0.0,
                        0.0,
                        0.0,
                        0.0,
                        0.0
                    ],
                    [
                        0.7668313780925622,
                        0.0,
                        0.0,
                        0.0,
                        0.0,
                        0.0
                    ],
                    [
                        -0.6511219858987816,
                        0.5512309840155929,
                        0.0,
                        0.0,
                        0.0,
                        0.0
                    ],
                    [
                        -0.7137461011605188,
                        -0.837618420159197,
                        0.0,
                        0.0,
                        0.0,
                        0.0
                    ],
                    [
                        0.9187731808190401,
                        0.7808007313357233,
                        0.6460233394970283,
                        -0.5354324004186537,
                        0.0,
                        0.0
                    ],
                    [
                        0.7444518107284828,
                        -0.0,
                        0.9053072692478782,
                        0.9793784872526881,
                        -0.776092773332793,
                        0.0
                    ]
                ]
            },
            "est_params": {
                "mui": [
                    -0.00302935636861741,
                    -0.007767842406241793,
                    -0.006487723583988536,
                    0.006734270318056649,
                    -0.017485509189614515,
                    0.011496477813449106
                ],
                "Si": [
                    [
                        1.000116404599824,
                        0.7628494497745356,
                        -0.22784855826028025,
                        -1.3535896298938865,
                        2.0922984272076364,
                        -2.4098609345544775
                    ],
                    [
                        0.7628494497745356,
                        1.5786497636401926,
                        0.3748132264875635,
                        -1.8685657659426995,
                        3.1766647338263674,
                        -3.3891404292501623
                    ],
                    [
                        -0.22784855826028025,
                        0.3748132264875635,
                        1.3524905015554263,
                        -0.14638094671191373,
                        1.0332526866082834,
                        0.1083050169552636
                    ],
                    [
                        -1.3535896298938865,
                        -1.8685657659426995,
                        -0.14638094671191373,
                        3.534704630912326,
                        -4.691799978547609,
                        5.957926525101511
                    ],
                    [
                        2.0922984272076364,
                        3.1766647338263674,
                        1.0332526866082834,
                        -4.691799978547609,
                        8.583057123609702,
                        -8.759539000692975
                    ],
                    [
                        -2.4098609345544775,
                        -3.3891404292501623,
                        0.1083050169552636,
                        5.957926525101511,
                        -8.759539000692975,
                        11.931233368749803
                    ]
                ]
            },
            "est_tgt": [
                0,
                1,
                2,
                3,
                4,
                5
            ],
            "oracle_est_tgt": [
                0,
                1,
                2,
                3,
                4,
                5
            ]
        }
    },
    "metric_dict": {
        "param_est_rel_err": 0.7515757151307078,
        "est_num_comp": 4,
        "weight_precision_error": 0.0014398293135938767,
        "gm_score_dict": {
            "1": -9.032852738086262,
            "2": -7.1513572651163555,
            "3": -7.0692702879553915,
            "4": -4.339693581140804,
            "5": -4.339957997661874,
            "6": -4.3407623574419505,
            "7": -4.340677012397666
        },
        "est_dag": {
            "amat": [
                [
                    0,
                    1,
                    1,
                    1,
                    1,
                    1
                ],
                [
                    0,
                    0,
                    1,
                    1,
                    1,
                    0
                ],
                [
                    0,
                    0,
                    0,
                    0,
                    1,
                    1
                ],
                [
                    0,
                    0,
                    0,
                    0,
                    1,
                    1
                ],
                [
                    0,
                    0,
                    0,
                    0,
                    0,
                    1
                ],
                [
                    0,
                    0,
                    0,
                    0,
                    0,
                    0
                ]
            ],
            "nodes": [
                0,
                1,
                2,
                3,
                4,
                5
            ]
        },
        "oracle_est_dag": {
            "amat": [
                [
                    0,
                    1,
                    1,
                    1,
                    1,
                    1
                ],
                [
                    0,
                    0,
                    1,
                    1,
                    1,
                    0
                ],
                [
                    0,
                    0,
                    0,
                    0,
                    1,
                    1
                ],
                [
                    0,
                    0,
                    0,
                    0,
                    1,
                    1
                ],
                [
                    0,
                    0,
                    0,
                    0,
                    0,
                    1
                ],
                [
                    0,
                    0,
                    0,
                    0,
                    0,
                    0
                ]
            ],
            "nodes": [
                0,
                1,
                2,
                3,
                4,
                5
            ]
        },
        "igsp_dag": null,
        "intv_base_est_dag": null,
        "act_dag": {
            "amat": [
                [
                    0,
                    1,
                    1,
                    1,
                    1,
                    1
                ],
                [
                    0,
                    0,
                    1,
                    1,
                    1,
                    0
                ],
                [
                    0,
                    0,
                    0,
                    0,
                    1,
                    1
                ],
                [
                    0,
                    0,
                    0,
                    0,
                    1,
                    1
                ],
                [
                    0,
                    0,
                    0,
                    0,
                    0,
                    1
                ],
                [
                    0,
                    0,
                    0,
                    0,
                    0,
                    0
                ]
            ],
            "nodes": [
                0,
                1,
                2,
                3,
                4,
                5
            ]
        },
        "shd": 0,
        "oracle_shd": 0,
        "intv_base_shd": null,
        "igsp_shd": null,
        "avg_js": 0.75,
        "avg_oracle_js": 0.75
    }
}