{
    "expt_args": {
        "save_dir": "all_expt_logs/expt_logs_sim_compsel_backward_cameraready_cutoff_var_half",
        "exp_name": "219",
        "num_nodes": 6,
        "num_tgt_prior": 7,
        "obs_noise_mean": 0.0,
        "obs_noise_var": 1.0,
        "obs_noise_gamma_shape": null,
        "noise_type": "gaussian",
        "max_edge_strength": 1.0,
        "graph_sparsity_method": "adj_dense_prop",
        "adj_dense_prop": 0.8,
        "num_parents": null,
        "new_noise_mean": 1.0,
        "mix_samples": 1048576,
        "stage2_samples": 1048576,
        "gmm_tol": 0.001,
        "intv_type": "do",
        "new_noise_var": null,
        "dtype": "simulation",
        "cutoff_drop_ratio": 0.6,
        "intv_targets": [
            2,
            1,
            4
        ]
    },
    "intv_args_dict": {
        "2": {
            "intv_type": "do",
            "inode": 2,
            "new_mui": 1.0,
            "new_vari": null,
            "noise_type": "gaussian",
            "obs_noise_gamma_shape": null,
            "true_params": {
                "Si": [
                    [
                        1.0,
                        -0.6259802621776485,
                        0.0,
                        -1.3059185665721746,
                        -0.1970959705305415,
                        0.33979635635521044
                    ],
                    [
                        -0.6259802621776485,
                        1.3918512886359975,
                        0.0,
                        1.6994090029210194,
                        -0.5542881326955962,
                        -1.8215031618713193
                    ],
                    [
                        0.0,
                        0.0,
                        1e-09,
                        -5.432924227525722e-10,
                        5.133645846599807e-10,
                        6.97524755916071e-10
                    ],
                    [
                        -1.3059185665721746,
                        1.6994090029210194,
                        -5.432924227525722e-10,
                        3.483223397746717,
                        -0.3402628053752981,
                        -2.4491712941581953
                    ],
                    [
                        -0.1970959705305415,
                        -0.5542881326955962,
                        5.133645846599807e-10,
                        -0.3402628053752981,
                        1.4980784631285995,
                        1.761212328229706
                    ],
                    [
                        0.33979635635521044,
                        -1.8215031618713193,
                        6.97524755916071e-10,
                        -2.4491712941581953,
                        1.761212328229706,
                        4.592345605412392
                    ]
                ],
                "mui": [
                    0.0,
                    0.0,
                    1.0,
                    -0.5432924227525722,
                    0.5133645846599807,
                    0.6975247559160709
                ],
                "Ai": [
                    [
                        0.0,
                        0.0,
                        0.0,
                        0.0,
                        0.0,
                        0.0
                    ],
                    [
                        -0.6259802621776485,
                        0.0,
                        0.0,
                        0.0,
                        0.0,
                        0.0
                    ],
                    [
                        0.0,
                        0.0,
                        0.0,
                        0.0,
                        0.0,
                        0.0
                    ],
                    [
                        -0.7538479465416,
                        0.8819297562355106,
                        -0.5432924227525722,
                        0.0,
                        0.0,
                        0.0
                    ],
                    [
                        -0.6213017111946453,
                        -0.6776663200024626,
                        0.5133645846599807,
                        0.0,
                        0.0,
                        0.0
                    ],
                    [
                        -0.650976182960785,
                        -0.5913875350106726,
                        0.0,
                        -0.5865786687671578,
                        0.7379570409546324,
                        0.0
                    ]
                ]
            },
            "oracle_est_tgt": [
                2
            ]
        },
        "1": {
            "intv_type": "do",
            "inode": 1,
            "new_mui": 1.0,
            "new_vari": null,
            "noise_type": "gaussian",
            "obs_noise_gamma_shape": null,
            "true_params": {
                "Si": [
                    [
                        1.0,
                        0.0,
                        0.0,
                        -0.7538479465416,
                        -0.6213017111946453,
                        -0.6672790303588078
                    ],
                    [
                        0.0,
                        1e-09,
                        7.385457621503765e-10,
                        4.806834398031877e-10,
                        -2.9852308156374575e-10,
                        -1.093643397156285e-09
                    ],
                    [
                        0.0,
                        7.385457621503765e-10,
                        1.00000000054545,
                        -0.5432924223975655,
                        0.5133645844395077,
                        0.6975247551083652
                    ],
                    [
                        -0.7538479465416,
                        4.806834398031877e-10,
                        -0.5432924223975655,
                        1.8634533833564033,
                        0.18945993006808162,
                        -0.4625116570581355
                    ],
                    [
                        -0.6213017111946453,
                        -2.9852308156374575e-10,
                        0.5133645844395077,
                        0.18945993006808162,
                        1.649559013205625,
                        1.5106231512982493
                    ],
                    [
                        -0.6672790303588078,
                        -1.093643397156285e-09,
                        0.6975247551083652,
                        -0.4625116570581355,
                        1.5106231512982493,
                        2.820457219615589
                    ]
                ],
                "mui": [
                    0.0,
                    1.0,
                    0.7385457621503765,
                    0.4806834398031877,
                    -0.29852308156374574,
                    -1.093643397156285
                ],
                "Ai": [
                    [
                        0.0,
                        0.0,
                        0.0,
                        0.0,
                        0.0,
                        0.0
                    ],
                    [
                        0.0,
                        0.0,
                        0.0,
                        0.0,
                        0.0,
                        0.0
                    ],
                    [
                        -0.0,
                        0.7385457621503765,
                        0.0,
                        0.0,
                        0.0,
                        0.0
                    ],
                    [
                        -0.7538479465416,
                        0.8819297562355106,
                        -0.5432924227525722,
                        0.0,
                        0.0,
                        0.0
                    ],
                    [
                        -0.6213017111946453,
                        -0.6776663200024626,
                        0.5133645846599807,
                        0.0,
                        0.0,
                        0.0
                    ],
                    [
                        -0.650976182960785,
                        -0.5913875350106726,
                        0.0,
                        -0.5865786687671578,
                        0.7379570409546324,
                        0.0
                    ]
                ]
            },
            "oracle_est_tgt": [
                1
            ]
        },
        "4": {
            "intv_type": "do",
            "inode": 4,
            "new_mui": 1.0,
            "new_vari": null,
            "noise_type": "gaussian",
            "obs_noise_gamma_shape": null,
            "true_params": {
                "Si": [
                    [
                        1.0,
                        -0.6259802621776485,
                        -0.4623150698210839,
                        -1.0547462922140534,
                        0.0,
                        0.3379124172278042
                    ],
                    [
                        -0.6259802621776485,
                        1.3918512886359975,
                        1.0279458707656564,
                        1.1409338003342435,
                        0.0,
                        -1.0848726907581885
                    ],
                    [
                        -0.4623150698210839,
                        1.0279458707656564,
                        1.7591850665739541,
                        0.2993394003784071,
                        0.0,
                        -0.4825443821426484
                    ],
                    [
                        -1.0547462922140534,
                        1.1409338003342435,
                        0.2993394003784071,
                        2.6387129668606777,
                        0.0,
                        -1.5359320518522557
                    ],
                    [
                        0.0,
                        0.0,
                        0.0,
                        0.0,
                        1e-09,
                        7.379570409546324e-10
                    ],
                    [
                        0.3379124172278042,
                        -1.0848726907581885,
                        -0.4825443821426484,
                        -1.5359320518522557,
                        7.379570409546324e-10,
                        2.322552229682759
                    ]
                ],
                "mui": [
                    0.0,
                    0.0,
                    0.0,
                    0.0,
                    1.0,
                    0.7379570409546324
                ],
                "Ai": [
                    [
                        0.0,
                        0.0,
                        0.0,
                        0.0,
                        0.0,
                        0.0
                    ],
                    [
                        -0.6259802621776485,
                        0.0,
                        0.0,
                        0.0,
                        0.0,
                        0.0
                    ],
                    [
                        -0.0,
                        0.7385457621503765,
                        0.0,
                        0.0,
                        0.0,
                        0.0
                    ],
                    [
                        -0.7538479465416,
                        0.8819297562355106,
                        -0.5432924227525722,
                        0.0,
                        0.0,
                        0.0
                    ],
                    [
                        0.0,
                        0.0,
                        0.0,
                        0.0,
                        0.0,
                        0.0
                    ],
                    [
                        -0.650976182960785,
                        -0.5913875350106726,
                        0.0,
                        -0.5865786687671578,
                        0.7379570409546324,
                        0.0
                    ]
                ]
            },
            "oracle_est_tgt": [
                4
            ]
        },
        "obs": {
            "intv_type": "obs",
            "noise_type": "gaussian",
            "obs_noise_gamma_shape": null,
            "true_params": {
                "Si": [
                    [
                        1.0,
                        -0.6259802621776485,
                        -0.4623150698210839,
                        -1.0547462922140534,
                        -0.43443215433129223,
                        0.01732015012193755
                    ],
                    [
                        -0.6259802621776485,
                        1.3918512886359975,
                        1.0279458707656564,
                        1.1409338003342435,
                        -0.02657712769704279,
                        -1.1044854692705717
                    ],
                    [
                        -0.4623150698210839,
                        1.0279458707656564,
                        1.7591850665739541,
                        0.2993394003784071,
                        0.49373615962920037,
                        -0.11818830677037961
                    ],
                    [
                        -1.0547462922140534,
                        1.1409338003342435,
                        0.2993394003784071,
                        2.6387129668606777,
                        0.035813513337496175,
                        -1.5095032175235277
                    ],
                    [
                        -0.43443215433129223,
                        -0.02657712769704279,
                        0.49373615962920037,
                        0.035813513337496175,
                        1.541390523726357,
                        1.4149949144856635
                    ],
                    [
                        0.01732015012193755,
                        -1.1044854692705717,
                        -0.11818830677037961,
                        -1.5095032175235277,
                        1.4149949144856635,
                        3.5715517818067286
                    ]
                ],
                "mui": [
                    0.0,
                    0.0,
                    0.0,
                    0.0,
                    0.0,
                    0.0
                ],
                "Ai": [
                    [
                        0.0,
                        0.0,
                        0.0,
                        0.0,
                        0.0,
                        0.0
                    ],
                    [
                        -0.6259802621776485,
                        0.0,
                        0.0,
                        0.0,
                        0.0,
                        0.0
                    ],
                    [
                        -0.0,
                        0.7385457621503765,
                        0.0,
                        0.0,
                        0.0,
                        0.0
                    ],
                    [
                        -0.7538479465416,
                        0.8819297562355106,
                        -0.5432924227525722,
                        0.0,
                        0.0,
                        0.0
                    ],
                    [
                        -0.6213017111946453,
                        -0.6776663200024626,
                        0.5133645846599807,
                        0.0,
                        0.0,
                        0.0
                    ],
                    [
                        -0.650976182960785,
                        -0.5913875350106726,
                        0.0,
                        -0.5865786687671578,
                        0.7379570409546324,
                        0.0
                    ]
                ]
            },
            "est_params": {
                "mui": [
                    -0.00032088982492484326,
                    0.24930721137774753,
                    0.43399233482261557,
                    -0.016462182846113275,
                    0.3051501672301199,
                    0.08746906306111069
                ],
                "Si": [
                    [
                        1.0003806735371266,
                        -0.4694702861760593,
                        -0.22994769066178317,
                        -1.044512331151984,
                        -0.31211531512289287,
                        0.00790220850309739
                    ],
                    [
                        -0.4694702861760593,
                        1.2329030262922331,
                        0.5912170696299217,
                        1.1187743550000326,
                        -0.29493709322249595,
                        -1.2953309344439332
                    ],
                    [
                        -0.22994769066178317,
                        0.5912170696299217,
                        1.3285308524564705,
                        -0.028562618188423698,
                        0.19337083554773168,
                        -0.04062374788857255
                    ],
                    [
                        -1.044512331151984,
                        1.1187743550000326,
                        -0.028562618188423698,
                        2.7911197705462585,
                        -0.12940584874763125,
                        -1.71312806649446
                    ],
                    [
                        -0.31211531512289287,
                        -0.29493709322249595,
                        0.19337083554773168,
                        -0.12940584874763125,
                        1.4153504472972087,
                        1.5001609285321886
                    ],
                    [
                        0.00790220850309739,
                        -1.2953309344439332,
                        -0.04062374788857255,
                        -1.71312806649446,
                        1.5001609285321886,
                        3.8708857586918106
                    ]
                ]
            },
            "est_tgt": [
                0,
                1,
                2,
                3,
                4,
                5
            ],
            "oracle_est_tgt": [
                0,
                1,
                2,
                3,
                4,
                5
            ]
        }
    },
    "metric_dict": {
        "param_est_rel_err": 7.478029657864118,
        "est_num_comp": 1,
        "weight_precision_error": 0.0,
        "gm_score_dict": {
            "1": -8.551240759316489,
            "2": -7.2294383842531245,
            "3": -5.830693146175292,
            "4": -4.341425589682037,
            "5": -4.341699840102865,
            "6": -4.341929567812998,
            "7": -4.342239232003332
        },
        "est_dag": {
            "amat": [
                [
                    0,
                    1,
                    0,
                    1,
                    1,
                    1
                ],
                [
                    0,
                    0,
                    1,
                    1,
                    1,
                    1
                ],
                [
                    0,
                    0,
                    0,
                    1,
                    1,
                    0
                ],
                [
                    0,
                    0,
                    0,
                    0,
                    0,
                    1
                ],
                [
                    0,
                    0,
                    0,
                    0,
                    0,
                    1
                ],
                [
                    0,
                    0,
                    0,
                    0,
                    0,
                    0
                ]
            ],
            "nodes": [
                0,
                1,
                2,
                3,
                4,
                5
            ]
        },
        "oracle_est_dag": {
            "amat": [
                [
                    0,
                    1,
                    0,
                    1,
                    1,
                    1
                ],
                [
                    0,
                    0,
                    1,
                    1,
                    1,
                    1
                ],
                [
                    0,
                    0,
                    0,
                    1,
                    1,
                    0
                ],
                [
                    0,
                    0,
                    0,
                    0,
                    0,
                    1
                ],
                [
                    0,
                    0,
                    0,
                    0,
                    0,
                    1
                ],
                [
                    0,
                    0,
                    0,
                    0,
                    0,
                    0
                ]
            ],
            "nodes": [
                0,
                1,
                2,
                3,
                4,
                5
            ]
        },
        "igsp_dag": null,
        "intv_base_est_dag": null,
        "act_dag": {
            "amat": [
                [
                    0,
                    1,
                    0,
                    1,
                    1,
                    1
                ],
                [
                    0,
                    0,
                    1,
                    1,
                    1,
                    1
                ],
                [
                    0,
                    0,
                    0,
                    1,
                    1,
                    0
                ],
                [
                    0,
                    0,
                    0,
                    0,
                    0,
                    1
                ],
                [
                    0,
                    0,
                    0,
                    0,
                    0,
                    1
                ],
                [
                    0,
                    0,
                    0,
                    0,
                    0,
                    0
                ]
            ],
            "nodes": [
                0,
                1,
                2,
                3,
                4,
                5
            ]
        },
        "shd": 0,
        "oracle_shd": 0,
        "intv_base_shd": null,
        "igsp_shd": null,
        "avg_js": 0.0,
        "avg_oracle_js": 0.75
    }
}