{
    "expt_args": {
        "save_dir": "all_expt_logs/expt_logs_sim_compsel_backward_cameraready_cutoff_var_half",
        "exp_name": "350",
        "num_nodes": 6,
        "num_tgt_prior": 7,
        "obs_noise_mean": 0.0,
        "obs_noise_var": 1.0,
        "obs_noise_gamma_shape": null,
        "noise_type": "gaussian",
        "max_edge_strength": 1.0,
        "graph_sparsity_method": "adj_dense_prop",
        "adj_dense_prop": 0.8,
        "num_parents": null,
        "new_noise_mean": 1.0,
        "mix_samples": 1048576,
        "stage2_samples": 1048576,
        "gmm_tol": 0.001,
        "intv_type": "do",
        "new_noise_var": null,
        "dtype": "simulation",
        "cutoff_drop_ratio": 0.3,
        "intv_targets": [
            1,
            2,
            5
        ]
    },
    "intv_args_dict": {
        "1": {
            "intv_type": "do",
            "inode": 1,
            "new_mui": 1.0,
            "new_vari": null,
            "noise_type": "gaussian",
            "obs_noise_gamma_shape": null,
            "true_params": {
                "Si": [
                    [
                        1.0,
                        0.0,
                        0.5115184172328204,
                        -1.4090057480725489,
                        -2.558055084524861,
                        2.871078021778687
                    ],
                    [
                        0.0,
                        1e-09,
                        -6.652604335802881e-10,
                        5.918503447422294e-10,
                        5.989914448299498e-10,
                        6.632567436522296e-11
                    ],
                    [
                        0.5115184172328204,
                        -6.652604335802881e-10,
                        1.2616510916109411,
                        -1.6103844949700614,
                        -2.9821973066408134,
                        2.71260198593638
                    ],
                    [
                        -1.4090057480725489,
                        5.918503447422294e-10,
                        -1.6103844949700614,
                        3.776778065404636,
                        6.040551481135505,
                        -5.856115367431112
                    ],
                    [
                        -2.558055084524861,
                        5.989914448299498e-10,
                        -2.9821973066408134,
                        6.040551481135505,
                        11.242163766378471,
                        -10.836581329515317
                    ],
                    [
                        2.871078021778687,
                        6.632567436522296e-11,
                        2.71260198593638,
                        -5.856115367431112,
                        -10.836581329515317,
                        11.838694699445563
                    ]
                ],
                "mui": [
                    0.0,
                    1.0,
                    -0.6652604335802881,
                    0.5918503447422293,
                    0.5989914448299498,
                    0.06632567436522296
                ],
                "Ai": [
                    [
                        0.0,
                        0.0,
                        0.0,
                        0.0,
                        0.0,
                        0.0
                    ],
                    [
                        0.0,
                        0.0,
                        0.0,
                        0.0,
                        0.0,
                        0.0
                    ],
                    [
                        0.5115184172328204,
                        -0.6652604335802881,
                        0.0,
                        0.0,
                        0.0,
                        0.0
                    ],
                    [
                        -0.9539323117162781,
                        -0.0,
                        -0.8896521044503105,
                        0.0,
                        0.0,
                        0.0
                    ],
                    [
                        -0.7983384980774125,
                        -0.5144582812711382,
                        -0.8310069982250339,
                        0.9472219711180778,
                        0.0,
                        0.0
                    ],
                    [
                        0.9697860867767842,
                        0.511530161977676,
                        0.0,
                        0.0,
                        -0.7432568385661067,
                        0.0
                    ]
                ]
            },
            "est_params": {
                "mui": [
                    -0.0013485394803736388,
                    0.9999996438344444,
                    -0.6672131150393774,
                    0.595444060310897,
                    0.6039650623475932,
                    0.06358032720593096
                ],
                "Si": [
                    [
                        1.0016623423097255,
                        1.3395593097649304e-07,
                        0.5136638979043685,
                        -1.413785086735276,
                        -2.5648308618507434,
                        2.876208424958368
                    ],
                    [
                        1.3395593097649288e-07,
                        1.0103338191543369e-06,
                        1.251441436272856e-07,
                        -6.645847281628114e-08,
                        -5.151349939690787e-07,
                        7.029939822080171e-07
                    ],
                    [
                        0.5136638979043685,
                        1.251441436272856e-07,
                        1.2624857734055577,
                        -1.6136927546544666,
                        -2.9883798939551256,
                        2.718766036966977
                    ],
                    [
                        -1.4137850867352761,
                        -6.645847281628125e-08,
                        -1.6136927546544664,
                        3.7843110853309017,
                        6.052809851508296,
                        -5.866746356560926
                    ],
                    [
                        -2.564830861850743,
                        -5.151349939690791e-07,
                        -2.9883798939551256,
                        6.052809851508296,
                        11.264742540951039,
                        -10.853466169763916
                    ],
                    [
                        2.876208424958369,
                        7.029939822080167e-07,
                        2.718766036966977,
                        -5.866746356560925,
                        -10.853466169763914,
                        11.848453870203967
                    ]
                ]
            },
            "est_tgt": [
                1
            ],
            "oracle_est_tgt": [
                1
            ]
        },
        "2": {
            "intv_type": "do",
            "inode": 2,
            "new_mui": 1.0,
            "new_vari": null,
            "noise_type": "gaussian",
            "obs_noise_gamma_shape": null,
            "true_params": {
                "Si": [
                    [
                        1.0,
                        -0.7832621571316254,
                        0.0,
                        -0.9539323117162781,
                        -1.29896843955187,
                        1.5345910444467319
                    ],
                    [
                        -0.7832621571316254,
                        1.6134996067944871,
                        0.0,
                        0.74717908023245,
                        0.5029745407381607,
                        -0.30808229409880605
                    ],
                    [
                        0.0,
                        0.0,
                        1e-09,
                        -8.896521044503106e-10,
                        -1.673705018211803e-09,
                        1.2439927005283327e-09
                    ],
                    [
                        -0.9539323117162781,
                        0.74717908023245,
                        -8.896521044503106e-10,
                        1.9099868561278432,
                        2.1863499389952947,
                        -2.167925191348468
                    ],
                    [
                        -1.29896843955187,
                        0.5029745407381607,
                        -1.673705018211803e-09,
                        2.1863499389952947,
                        3.849215795490379,
                        -3.8633908346600156
                    ],
                    [
                        1.5345910444467319,
                        -0.30808229409880605,
                        1.2439927005283327e-09,
                        -2.167925191348468,
                        -3.8633908346600156,
                        5.202123315908554
                    ]
                ],
                "mui": [
                    0.0,
                    0.0,
                    1.0,
                    -0.8896521044503105,
                    -1.673705018211803,
                    1.2439927005283327
                ],
                "Ai": [
                    [
                        0.0,
                        0.0,
                        0.0,
                        0.0,
                        0.0,
                        0.0
                    ],
                    [
                        -0.7832621571316254,
                        0.0,
                        0.0,
                        0.0,
                        0.0,
                        0.0
                    ],
                    [
                        0.0,
                        0.0,
                        0.0,
                        0.0,
                        0.0,
                        0.0
                    ],
                    [
                        -0.9539323117162781,
                        -0.0,
                        -0.8896521044503105,
                        0.0,
                        0.0,
                        0.0
                    ],
                    [
                        -0.7983384980774125,
                        -0.5144582812711382,
                        -0.8310069982250339,
                        0.9472219711180778,
                        0.0,
                        0.0
                    ],
                    [
                        0.9697860867767842,
                        0.511530161977676,
                        0.0,
                        0.0,
                        -0.7432568385661067,
                        0.0
                    ]
                ]
            },
            "est_params": {
                "mui": [
                    -0.00035412981783257647,
                    0.0007114529194058783,
                    0.9999999328197244,
                    -0.8900422829950257,
                    -1.6722258924035769,
                    1.2429495574933673
                ],
                "Si": [
                    [
                        1.0014614591320228,
                        -0.7854433886389804,
                        7.549004735143322e-08,
                        -0.9531900687600379,
                        -1.2960898077951222,
                        1.535478163609671
                    ],
                    [
                        -0.7854433886389804,
                        1.614326791212158,
                        -7.117910644362507e-08,
                        0.7472655475879852,
                        0.5024719457347404,
                        -0.3104094039830785
                    ],
                    [
                        7.549004735143325e-08,
                        -7.117910644362501e-08,
                        1.0096489690563907e-06,
                        -4.400468763900398e-07,
                        -3.099964070178618e-07,
                        3.578552776996219e-07
                    ],
                    [
                        -0.9531900687600379,
                        0.7472655475879852,
                        -4.4004687639003985e-07,
                        1.9093840612201565,
                        2.1827307641111617,
                        -2.163651389862677
                    ],
                    [
                        -1.2960898077951222,
                        0.5024719457347404,
                        -3.099964070178617e-07,
                        2.1827307641111617,
                        3.839691438308518,
                        -3.858758271896367
                    ],
                    [
                        1.535478163609671,
                        -0.3104094039830785,
                        3.5785527769962197e-07,
                        -2.163651389862677,
                        -3.858758271896367,
                        5.204756052131182
                    ]
                ]
            },
            "est_tgt": [
                2
            ],
            "oracle_est_tgt": [
                2
            ]
        },
        "5": {
            "intv_type": "do",
            "inode": 5,
            "new_mui": 1.0,
            "new_vari": null,
            "noise_type": "gaussian",
            "obs_noise_gamma_shape": null,
            "true_params": {
                "Si": [
                    [
                        1.0,
                        -0.7832621571316254,
                        1.0325917394932373,
                        -1.8725797257944437,
                        -3.027222415705756,
                        0.0
                    ],
                    [
                        -0.7832621571316254,
                        1.6134996067944871,
                        -1.4740504668920584,
                        2.058571180168933,
                        2.9701002042728506,
                        0.0
                    ],
                    [
                        1.0325917394932373,
                        -1.4740504668920584,
                        2.508817144957103,
                        -3.216997077806023,
                        -5.198075186576785,
                        0.0
                    ],
                    [
                        -1.8725797257944437,
                        2.058571180168933,
                        -3.216997077806023,
                        5.648322526980755,
                        8.459465777040583,
                        0.0
                    ],
                    [
                        -3.027222415705756,
                        2.9701002042728506,
                        -5.198075186576785,
                        8.459465777040583,
                        14.221384255687052,
                        0.0
                    ],
                    [
                        0.0,
                        0.0,
                        0.0,
                        0.0,
                        0.0,
                        1e-09
                    ]
                ],
                "mui": [
                    0.0,
                    0.0,
                    0.0,
                    0.0,
                    0.0,
                    1.0
                ],
                "Ai": [
                    [
                        0.0,
                        0.0,
                        0.0,
                        0.0,
                        0.0,
                        0.0
                    ],
                    [
                        -0.7832621571316254,
                        0.0,
                        0.0,
                        0.0,
                        0.0,
                        0.0
                    ],
                    [
                        0.5115184172328204,
                        -0.6652604335802881,
                        0.0,
                        0.0,
                        0.0,
                        0.0
                    ],
                    [
                        -0.9539323117162781,
                        -0.0,
                        -0.8896521044503105,
                        0.0,
                        0.0,
                        0.0
                    ],
                    [
                        -0.7983384980774125,
                        -0.5144582812711382,
                        -0.8310069982250339,
                        0.9472219711180778,
                        0.0,
                        0.0
                    ],
                    [
                        0.0,
                        0.0,
                        0.0,
                        0.0,
                        0.0,
                        0.0
                    ]
                ]
            },
            "est_params": {
                "mui": [
                    -0.002228153268392066,
                    0.0015300847396277038,
                    0.0006979894604439574,
                    0.0031188148443409822,
                    0.0015000817160480402,
                    1.0000000326179883
                ],
                "Si": [
                    [
                        0.9963903477385592,
                        -0.7805350608997154,
                        1.0291043689487422,
                        -1.8705852693073006,
                        -3.0202968364230514,
                        6.735690155626767e-08
                    ],
                    [
                        -0.7805350608997155,
                        1.6140970820561513,
                        -1.4735059073567183,
                        2.0546156079046485,
                        2.96238618942039,
                        -3.4545042350013406e-08
                    ],
                    [
                        1.0291043689487422,
                        -1.4735059073567183,
                        2.508027724106479,
                        -3.216296480214465,
                        -5.192002693498712,
                        8.705622651783473e-08
                    ],
                    [
                        -1.8705852693073006,
                        2.0546156079046485,
                        -3.216296480214465,
                        5.649066221998015,
                        8.458001203797023,
                        -3.8353362066423683e-07
                    ],
                    [
                        -3.0202968364230514,
                        2.96238618942039,
                        -5.192002693498712,
                        8.458001203797021,
                        14.206999761920725,
                        -3.3919721695426073e-07
                    ],
                    [
                        6.735690155626766e-08,
                        -3.454504235001343e-08,
                        8.705622651783478e-08,
                        -3.8353362066423704e-07,
                        -3.3919721695426084e-07,
                        1.0057385807184183e-06
                    ]
                ]
            },
            "est_tgt": [
                5
            ],
            "oracle_est_tgt": [
                5
            ]
        },
        "obs": {
            "intv_type": "obs",
            "noise_type": "gaussian",
            "obs_noise_gamma_shape": null,
            "true_params": {
                "Si": [
                    [
                        1.0,
                        -0.7832621571316254,
                        1.0325917394932373,
                        -1.8725797257944437,
                        -3.027222415705756,
                        2.819127631002173
                    ],
                    [
                        -0.7832621571316254,
                        1.6134996067944871,
                        -1.4740504668920584,
                        2.058571180168933,
                        2.9701002042728506,
                        -2.1417903151229076
                    ],
                    [
                        1.0325917394932373,
                        -1.4740504668920584,
                        2.508817144957103,
                        -3.216997077806023,
                        -5.198075186576785,
                        4.110876757992603
                    ],
                    [
                        -1.8725797257944437,
                        2.058571180168933,
                        -3.216997077806023,
                        5.648322526980755,
                        8.459465777040583,
                        -7.050536304622707
                    ],
                    [
                        -3.027222415705756,
                        2.9701002042728506,
                        -5.198075186576785,
                        8.459465777040583,
                        14.221384255687052,
                        -11.986603443664393
                    ],
                    [
                        2.819127631002173,
                        -2.1417903151229076,
                        4.110876757992603,
                        -7.050536304622707,
                        -11.986603443664393,
                        11.54748538726047
                    ]
                ],
                "mui": [
                    0.0,
                    0.0,
                    0.0,
                    0.0,
                    0.0,
                    0.0
                ],
                "Ai": [
                    [
                        0.0,
                        0.0,
                        0.0,
                        0.0,
                        0.0,
                        0.0
                    ],
                    [
                        -0.7832621571316254,
                        0.0,
                        0.0,
                        0.0,
                        0.0,
                        0.0
                    ],
                    [
                        0.5115184172328204,
                        -0.6652604335802881,
                        0.0,
                        0.0,
                        0.0,
                        0.0
                    ],
                    [
                        -0.9539323117162781,
                        -0.0,
                        -0.8896521044503105,
                        0.0,
                        0.0,
                        0.0
                    ],
                    [
                        -0.7983384980774125,
                        -0.5144582812711382,
                        -0.8310069982250339,
                        0.9472219711180778,
                        0.0,
                        0.0
                    ],
                    [
                        0.9697860867767842,
                        0.511530161977676,
                        0.0,
                        0.0,
                        -0.7432568385661067,
                        0.0
                    ]
                ]
            },
            "est_params": {
                "mui": [
                    0.3993448575637904,
                    -0.6387638308595689,
                    0.7260042661916316,
                    -1.0769879222099672,
                    -1.662094458199823,
                    1.3498030869849815
                ],
                "Si": [
                    [
                        0.8081279244997145,
                        -0.47496218679623614,
                        0.6791491954120399,
                        -1.3513696843255074,
                        -2.2228441617191055,
                        2.1654883191305703
                    ],
                    [
                        -0.4749621867962362,
                        1.122518636868391,
                        -0.9085003301811815,
                        1.222339882138528,
                        1.6810554818273087,
                        -1.0906097382453326
                    ],
                    [
                        0.6791491954120399,
                        -0.9085003301811815,
                        1.8667639278949226,
                        -2.264721181585782,
                        -3.7317379454780344,
                        2.913409681718349
                    ],
                    [
                        -1.3513696843255072,
                        1.222339882138528,
                        -2.264721181585782,
                        4.243803540924505,
                        6.300528904039912,
                        -5.293143794690337
                    ],
                    [
                        -2.2228441617191055,
                        1.6810554818273085,
                        -3.7317379454780344,
                        6.300528904039913,
                        10.893243970458313,
                        -9.271858366869997
                    ],
                    [
                        2.1654883191305703,
                        -1.0906097382453324,
                        2.9134096817183486,
                        -5.293143794690337,
                        -9.271858366869997,
                        9.342947488521895
                    ]
                ]
            },
            "est_tgt": [
                0,
                1,
                2,
                3,
                4,
                5
            ],
            "oracle_est_tgt": [
                0,
                1,
                2,
                3,
                4,
                5
            ]
        },
        "left_comp_3": {
            "true_params": {
                "mui": [
                    -0.5085631373237696,
                    0.8195962571074922,
                    -0.9290854496218462,
                    1.3772309472214548,
                    2.124673783505527,
                    -1.7242836623265216
                ],
                "Si": [
                    [
                        0.7795140540845518,
                        -0.4368325127790091,
                        0.6338537781679037,
                        -1.2766056111045043,
                        -2.1061656838248135,
                        2.062176920497817
                    ],
                    [
                        -0.4368325127790092,
                        1.0544098302550335,
                        -0.8405529582773376,
                        1.1171318570127429,
                        1.5170859592908699,
                        -0.958268324220402
                    ],
                    [
                        0.6338537781679038,
                        -0.8405529582773376,
                        1.7820751571025788,
                        -2.142767409848425,
                        -3.5322976999917843,
                        2.7538606404989907
                    ],
                    [
                        -1.2766056111045043,
                        1.1171318570127429,
                        -2.142767409848425,
                        4.047388585256865,
                        5.97585265293371,
                        -5.018990410824473
                    ],
                    [
                        -2.1061656838248135,
                        1.5170859592908699,
                        -3.5322976999917843,
                        5.97585265293371,
                        10.375655045354804,
                        -8.841586579676875
                    ],
                    [
                        2.062176920497817,
                        -0.958268324220402,
                        2.7538606404989907,
                        -5.018990410824473,
                        -8.841586579676875,
                        8.96823925567073
                    ]
                ]
            },
            "est_params": {
                "mui": [
                    -0.5085631373237696,
                    0.8195962571074922,
                    -0.9290854496218462,
                    1.3772309472214548,
                    2.124673783505527,
                    -1.7242836623265216
                ],
                "Si": [
                    [
                        0.7795140540845518,
                        -0.4368325127790091,
                        0.6338537781679037,
                        -1.2766056111045043,
                        -2.1061656838248135,
                        2.062176920497817
                    ],
                    [
                        -0.4368325127790092,
                        1.0544098302550335,
                        -0.8405529582773376,
                        1.1171318570127429,
                        1.5170859592908699,
                        -0.958268324220402
                    ],
                    [
                        0.6338537781679038,
                        -0.8405529582773376,
                        1.7820751571025788,
                        -2.142767409848425,
                        -3.5322976999917843,
                        2.7538606404989907
                    ],
                    [
                        -1.2766056111045043,
                        1.1171318570127429,
                        -2.142767409848425,
                        4.047388585256865,
                        5.97585265293371,
                        -5.018990410824473
                    ],
                    [
                        -2.1061656838248135,
                        1.5170859592908699,
                        -3.5322976999917843,
                        5.97585265293371,
                        10.375655045354804,
                        -8.841586579676875
                    ],
                    [
                        2.062176920497817,
                        -0.958268324220402,
                        2.7538606404989907,
                        -5.018990410824473,
                        -8.841586579676875,
                        8.96823925567073
                    ]
                ]
            },
            "est_tgt": [
                0,
                1,
                2,
                3,
                4,
                5
            ]
        }
    },
    "metric_dict": {
        "param_est_rel_err": 47.7445388160219,
        "est_num_comp": 5,
        "weight_precision_error": 0.21141169671129567,
        "gm_score_dict": {
            "1": -9.146008149241815,
            "2": -8.962835796759476,
            "3": -5.876412828967558,
            "4": -6.115690967859243,
            "5": -4.342297421322849,
            "6": -4.3428883245777135,
            "7": -4.342321915566986
        },
        "est_dag": {
            "amat": [
                [
                    0,
                    1,
                    1,
                    1,
                    1,
                    1
                ],
                [
                    0,
                    0,
                    1,
                    0,
                    1,
                    1
                ],
                [
                    0,
                    0,
                    0,
                    1,
                    1,
                    0
                ],
                [
                    0,
                    0,
                    0,
                    0,
                    1,
                    0
                ],
                [
                    0,
                    0,
                    0,
                    0,
                    0,
                    1
                ],
                [
                    0,
                    0,
                    0,
                    0,
                    0,
                    0
                ]
            ],
            "nodes": [
                0,
                1,
                2,
                3,
                4,
                5
            ]
        },
        "oracle_est_dag": {
            "amat": [
                [
                    0,
                    1,
                    1,
                    1,
                    1,
                    1
                ],
                [
                    0,
                    0,
                    1,
                    0,
                    1,
                    1
                ],
                [
                    0,
                    0,
                    0,
                    1,
                    1,
                    0
                ],
                [
                    0,
                    0,
                    0,
                    0,
                    1,
                    0
                ],
                [
                    0,
                    0,
                    0,
                    0,
                    0,
                    1
                ],
                [
                    0,
                    0,
                    0,
                    0,
                    0,
                    0
                ]
            ],
            "nodes": [
                0,
                1,
                2,
                3,
                4,
                5
            ]
        },
        "igsp_dag": null,
        "intv_base_est_dag": null,
        "act_dag": {
            "amat": [
                [
                    0,
                    1,
                    1,
                    1,
                    1,
                    1
                ],
                [
                    0,
                    0,
                    1,
                    0,
                    1,
                    1
                ],
                [
                    0,
                    0,
                    0,
                    1,
                    1,
                    0
                ],
                [
                    0,
                    0,
                    0,
                    0,
                    1,
                    0
                ],
                [
                    0,
                    0,
                    0,
                    0,
                    0,
                    1
                ],
                [
                    0,
                    0,
                    0,
                    0,
                    0,
                    0
                ]
            ],
            "nodes": [
                0,
                1,
                2,
                3,
                4,
                5
            ]
        },
        "shd": 0,
        "oracle_shd": 0,
        "intv_base_shd": null,
        "igsp_shd": null,
        "avg_js": 0.75,
        "avg_oracle_js": 0.75
    }
}