{
    "expt_args": {
        "save_dir": "all_expt_logs/expt_logs_sim_compsel_backward_cameraready_cutoff_var_half",
        "exp_name": "238",
        "num_nodes": 6,
        "num_tgt_prior": 7,
        "obs_noise_mean": 0.0,
        "obs_noise_var": 1.0,
        "obs_noise_gamma_shape": null,
        "noise_type": "gaussian",
        "max_edge_strength": 1.0,
        "graph_sparsity_method": "adj_dense_prop",
        "adj_dense_prop": 0.8,
        "num_parents": null,
        "new_noise_mean": 1.0,
        "mix_samples": 16384,
        "stage2_samples": 16384,
        "gmm_tol": 0.001,
        "intv_type": "do",
        "new_noise_var": null,
        "dtype": "simulation",
        "cutoff_drop_ratio": 0.3,
        "intv_targets": [
            2,
            1,
            4
        ]
    },
    "intv_args_dict": {
        "2": {
            "intv_type": "do",
            "inode": 2,
            "new_mui": 1.0,
            "new_vari": null,
            "noise_type": "gaussian",
            "obs_noise_gamma_shape": null,
            "true_params": {
                "Si": [
                    [
                        1.0,
                        0.8119414049126665,
                        0.0,
                        0.22314484219128183,
                        0.07344247627465122,
                        0.6427667517509246
                    ],
                    [
                        0.8119414049126665,
                        1.6592488450115548,
                        0.0,
                        -0.6575860400950576,
                        -1.4782121795946677,
                        0.1910167546092133
                    ],
                    [
                        0.0,
                        0.0,
                        1e-09,
                        -6.363431569630764e-10,
                        -1.2848132258018263e-09,
                        -1.1542499280313392e-09
                    ],
                    [
                        0.22314484219128183,
                        -0.6575860400950576,
                        -6.363431569630764e-10,
                        1.7533229912959953,
                        2.176648434931457,
                        0.18978195218203603
                    ],
                    [
                        0.07344247627465122,
                        -1.4782121795946677,
                        -1.2848132258018263e-09,
                        2.176648434931457,
                        4.1278970365816114,
                        1.0044560340400952
                    ],
                    [
                        0.6427667517509246,
                        0.1910167546092133,
                        -1.1542499280313392e-09,
                        0.18978195218203603,
                        1.0044560340400952,
                        1.9980796792693192
                    ]
                ],
                "mui": [
                    0.0,
                    0.0,
                    1.0,
                    -0.6363431569630763,
                    -1.2848132258018263,
                    -1.1542499280313392
                ],
                "Ai": [
                    [
                        0.0,
                        0.0,
                        0.0,
                        0.0,
                        0.0,
                        0.0
                    ],
                    [
                        0.8119414049126665,
                        0.0,
                        0.0,
                        0.0,
                        0.0,
                        0.0
                    ],
                    [
                        0.0,
                        0.0,
                        0.0,
                        0.0,
                        0.0,
                        0.0
                    ],
                    [
                        0.9041741549219082,
                        -0.8387665767628623,
                        -0.6363431569630763,
                        0.0,
                        0.0,
                        0.0
                    ],
                    [
                        0.535116156074972,
                        -0.8078070124192487,
                        -0.7309600750582443,
                        0.870368675585081,
                        0.0,
                        0.0
                    ],
                    [
                        0.772810789823386,
                        -0.0,
                        -0.8265047173037757,
                        -0.7965864083447565,
                        0.6496255672388935,
                        0.0
                    ]
                ]
            },
            "est_params": {
                "mui": [
                    0.005417144235443456,
                    0.00014679083858448738,
                    1.000001135145591,
                    -0.6485079337490531,
                    -1.2861368458850595,
                    -1.1191056877075491
                ],
                "Si": [
                    [
                        0.9932445831134856,
                        0.8078189466798711,
                        1.6806620992225506e-08,
                        0.22528430645078618,
                        0.054170598167056834,
                        0.6482388168600861
                    ],
                    [
                        0.807818946679871,
                        1.661652998763294,
                        -9.69468454239754e-08,
                        -0.6655718929539085,
                        -1.4891199138048326,
                        0.21831597233065564
                    ],
                    [
                        1.6806620992225294e-08,
                        -9.69468454239754e-08,
                        1.0118381292077305e-06,
                        -3.461239301597154e-07,
                        -5.24632678615721e-07,
                        2.739123731823854e-07
                    ],
                    [
                        0.22528430645078618,
                        -0.6655718929539084,
                        -3.461239301597153e-07,
                        1.7428631108681478,
                        2.1652152421102007,
                        0.19450634550102697
                    ],
                    [
                        0.05417059816705685,
                        -1.4891199138048326,
                        -5.24632678615721e-07,
                        2.1652152421102007,
                        4.101345244079465,
                        0.9623350904142783
                    ],
                    [
                        0.6482388168600862,
                        0.21831597233065564,
                        2.739123731823856e-07,
                        0.19450634550102697,
                        0.9623350904142783,
                        1.9897340825213448
                    ]
                ]
            },
            "est_tgt": [
                0,
                1,
                2,
                3,
                4,
                5
            ],
            "oracle_est_tgt": [
                0,
                1,
                2,
                3,
                4,
                5
            ]
        },
        "1": {
            "intv_type": "do",
            "inode": 1,
            "new_mui": 1.0,
            "new_vari": null,
            "noise_type": "gaussian",
            "obs_noise_gamma_shape": null,
            "true_params": {
                "Si": [
                    [
                        1.0,
                        0.0,
                        -0.6066998592721093,
                        1.2902434587001763,
                        2.1015770210775258,
                        1.6116988472567433
                    ],
                    [
                        0.0,
                        1e-09,
                        -9.86068367766638e-10,
                        -2.112887186368121e-10,
                        -2.7092948650997746e-10,
                        8.072971576900385e-10
                    ],
                    [
                        -0.6066998592721093,
                        -9.86068367766638e-10,
                        1.368084720213128,
                        -1.4191336815748876,
                        -2.5598397084719053,
                        -2.1320673926470763
                    ],
                    [
                        1.2902434587001763,
                        -2.112887186368121e-10,
                        -1.4191336815748876,
                        3.069660796176971,
                        4.399496784256853,
                        2.5828102742640873
                    ],
                    [
                        2.1015770210775258,
                        -2.7092948650997746e-10,
                        -2.5598397084719053,
                        4.399496784256853,
                        7.824912632229512,
                        5.3185249575385605
                    ],
                    [
                        1.6116988472567433,
                        8.072971576900385e-10,
                        -2.1320673926470763,
                        2.5828102742640873,
                        5.3185249575385605,
                        5.405320249341529
                    ]
                ],
                "mui": [
                    0.0,
                    1.0,
                    -0.986068367766638,
                    -0.2112887186368121,
                    -0.27092948650997745,
                    0.8072971576900385
                ],
                "Ai": [
                    [
                        0.0,
                        0.0,
                        0.0,
                        0.0,
                        0.0,
                        0.0
                    ],
                    [
                        0.0,
                        0.0,
                        0.0,
                        0.0,
                        0.0,
                        0.0
                    ],
                    [
                        -0.6066998592721093,
                        -0.986068367766638,
                        0.0,
                        0.0,
                        0.0,
                        0.0
                    ],
                    [
                        0.9041741549219082,
                        -0.8387665767628623,
                        -0.6363431569630763,
                        0.0,
                        0.0,
                        0.0
                    ],
                    [
                        0.535116156074972,
                        -0.8078070124192487,
                        -0.7309600750582443,
                        0.870368675585081,
                        0.0,
                        0.0
                    ],
                    [
                        0.772810789823386,
                        -0.0,
                        -0.8265047173037757,
                        -0.7965864083447565,
                        0.6496255672388935,
                        0.0
                    ]
                ]
            },
            "est_params": {
                "mui": [
                    0.013482439327207793,
                    0.9999981457362495,
                    -0.9762618624610641,
                    -0.2070582286647659,
                    -0.2507485312899252,
                    0.7920786184774207
                ],
                "Si": [
                    [
                        0.9801947569613251,
                        -7.090432520043932e-07,
                        -0.6038943414471141,
                        1.2819579993474868,
                        2.047570351801869,
                        1.5684013004076454
                    ],
                    [
                        -7.090432520043932e-07,
                        1.0087823909898546e-06,
                        -8.200162912783848e-07,
                        -6.17725923924565e-07,
                        -5.8872593616266555e-09,
                        9.850938420376618e-07
                    ],
                    [
                        -0.6038943414471141,
                        -8.200162912783851e-07,
                        1.3686525260326319,
                        -1.4105445705019866,
                        -2.49814925426297,
                        -2.097125370727527
                    ],
                    [
                        1.2819579993474868,
                        -6.177259239245652e-07,
                        -1.4105445705019866,
                        3.0668503537297904,
                        4.322335239056769,
                        2.5280007969229423
                    ],
                    [
                        2.047570351801869,
                        -5.887259361626761e-09,
                        -2.49814925426297,
                        4.32233523905677,
                        7.576314315756478,
                        5.137777388111441
                    ],
                    [
                        1.5684013004076454,
                        9.850938420376614e-07,
                        -2.097125370727527,
                        2.5280007969229423,
                        5.137777388111441,
                        5.265289906344109
                    ]
                ]
            },
            "est_tgt": [
                0,
                1,
                2,
                5
            ],
            "oracle_est_tgt": [
                0,
                1,
                2,
                3,
                5
            ]
        },
        "4": {
            "intv_type": "do",
            "inode": 4,
            "new_mui": 1.0,
            "new_vari": null,
            "noise_type": "gaussian",
            "obs_noise_gamma_shape": null,
            "true_params": {
                "Si": [
                    [
                        1.0,
                        0.8119414049126665,
                        -1.4073295951364932,
                        1.118689399648006,
                        0.0,
                        1.0448425680859537
                    ],
                    [
                        0.8119414049126665,
                        1.6592488450115548,
                        -2.1287375364169367,
                        0.6970215241742974,
                        0.0,
                        1.8316508216900924
                    ],
                    [
                        -1.4073295951364932,
                        -2.1287375364169367,
                        3.9529074152570076,
                        -2.0023627349394855,
                        0.0,
                        -2.7596411825054235
                    ],
                    [
                        1.118689399648006,
                        0.6970215241742974,
                        -2.0023627349394855,
                        2.7010415089217368,
                        0.0,
                        0.3678845303077325
                    ],
                    [
                        0.0,
                        0.0,
                        0.0,
                        0.0,
                        1e-09,
                        6.496255672388935e-10
                    ],
                    [
                        1.0448425680859537,
                        1.8316508216900924,
                        -2.7596411825054235,
                        0.3678845303077325,
                        6.496255672388935e-10,
                        3.7952702494286825
                    ]
                ],
                "mui": [
                    0.0,
                    0.0,
                    0.0,
                    0.0,
                    1.0,
                    0.6496255672388935
                ],
                "Ai": [
                    [
                        0.0,
                        0.0,
                        0.0,
                        0.0,
                        0.0,
                        0.0
                    ],
                    [
                        0.8119414049126665,
                        0.0,
                        0.0,
                        0.0,
                        0.0,
                        0.0
                    ],
                    [
                        -0.6066998592721093,
                        -0.986068367766638,
                        0.0,
                        0.0,
                        0.0,
                        0.0
                    ],
                    [
                        0.9041741549219082,
                        -0.8387665767628623,
                        -0.6363431569630763,
                        0.0,
                        0.0,
                        0.0
                    ],
                    [
                        0.0,
                        0.0,
                        0.0,
                        0.0,
                        0.0,
                        0.0
                    ],
                    [
                        0.772810789823386,
                        -0.0,
                        -0.8265047173037757,
                        -0.7965864083447565,
                        0.6496255672388935,
                        0.0
                    ]
                ]
            },
            "est_params": {
                "mui": [
                    -0.004632735297636131,
                    0.001564767670916317,
                    0.014267281607533832,
                    -0.011636725042254893,
                    0.9999989888009212,
                    0.6297617648750695
                ],
                "Si": [
                    [
                        0.9999712945168407,
                        0.8160132063241219,
                        -1.4203203573424612,
                        1.111426672635454,
                        9.0443142144418e-07,
                        1.0559945661690338
                    ],
                    [
                        0.8160132063241218,
                        1.6572875927389383,
                        -2.1596187193693233,
                        0.6991945355846988,
                        2.3983525672840247e-06,
                        1.873356140817965
                    ],
                    [
                        -1.4203203573424612,
                        -2.1596187193693233,
                        3.9897168156318212,
                        -1.9876925575415514,
                        4.4600457948477213e-07,
                        -2.8209002580926925
                    ],
                    [
                        1.111426672635454,
                        0.6991945355846988,
                        -1.9876925575415514,
                        2.6672536058310135,
                        -3.932569424273541e-06,
                        0.3339472664288698
                    ],
                    [
                        9.044314214441801e-07,
                        2.3983525672840256e-06,
                        4.460045794847717e-07,
                        -3.932569424273541e-06,
                        1.0092499636765401e-06,
                        3.4546591836441673e-06
                    ],
                    [
                        1.0559945661690338,
                        1.873356140817965,
                        -2.8209002580926925,
                        0.33394726642886985,
                        3.4546591836441673e-06,
                        3.8933533378634304
                    ]
                ]
            },
            "est_tgt": [
                0,
                1,
                2,
                4
            ],
            "oracle_est_tgt": [
                0,
                1,
                2,
                3,
                4,
                5
            ]
        },
        "obs": {
            "intv_type": "obs",
            "noise_type": "gaussian",
            "obs_noise_gamma_shape": null,
            "true_params": {
                "Si": [
                    [
                        1.0,
                        0.8119414049126665,
                        -1.4073295951364932,
                        1.118689399648006,
                        1.8815981531683474,
                        2.2671768356535957
                    ],
                    [
                        0.8119414049126665,
                        1.6592488450115548,
                        -2.1287375364169367,
                        0.6970215241742974,
                        1.2568179614546093,
                        2.6481119028160727
                    ],
                    [
                        -1.4073295951364932,
                        -2.1287375364169367,
                        3.9529074152570076,
                        -2.0023627349394855,
                        -3.6656869963670635,
                        -5.140965176840613
                    ],
                    [
                        1.118689399648006,
                        0.6970215241742974,
                        -2.0023627349394855,
                        2.7010415089217368,
                        3.8501190321920467,
                        2.869020290532751
                    ],
                    [
                        1.8815981531683474,
                        1.2568179614546093,
                        -3.6656869963670635,
                        3.8501190321920467,
                        7.022101053302118,
                        5.978610837943309
                    ],
                    [
                        2.2671768356535957,
                        2.6481119028160727,
                        -5.140965176840613,
                        2.869020290532751,
                        5.978610837943309,
                        8.59956657937975
                    ]
                ],
                "mui": [
                    0.0,
                    0.0,
                    0.0,
                    0.0,
                    0.0,
                    0.0
                ],
                "Ai": [
                    [
                        0.0,
                        0.0,
                        0.0,
                        0.0,
                        0.0,
                        0.0
                    ],
                    [
                        0.8119414049126665,
                        0.0,
                        0.0,
                        0.0,
                        0.0,
                        0.0
                    ],
                    [
                        -0.6066998592721093,
                        -0.986068367766638,
                        0.0,
                        0.0,
                        0.0,
                        0.0
                    ],
                    [
                        0.9041741549219082,
                        -0.8387665767628623,
                        -0.6363431569630763,
                        0.0,
                        0.0,
                        0.0
                    ],
                    [
                        0.535116156074972,
                        -0.8078070124192487,
                        -0.7309600750582443,
                        0.870368675585081,
                        0.0,
                        0.0
                    ],
                    [
                        0.772810789823386,
                        -0.0,
                        -0.8265047173037757,
                        -0.7965864083447565,
                        0.6496255672388935,
                        0.0
                    ]
                ]
            },
            "est_params": {
                "mui": [
                    -0.022783940511680804,
                    -0.0014219697766842346,
                    0.006472365231003676,
                    -0.03144427704945325,
                    -0.038776792415897855,
                    -0.011415785643448402
                ],
                "Si": [
                    [
                        0.9949956561129641,
                        0.8131595619607744,
                        -1.4342863278554494,
                        1.139705227140198,
                        1.9168529389316358,
                        2.298043322226835
                    ],
                    [
                        0.8131595619607744,
                        1.6459027988905874,
                        -2.1237421548999067,
                        0.7023594813685029,
                        1.2463330610068843,
                        2.650713992697639
                    ],
                    [
                        -1.4342863278554494,
                        -2.1237421548999067,
                        3.9472081207047736,
                        -2.0371902652662146,
                        -3.700774580693541,
                        -5.170889423880979
                    ],
                    [
                        1.139705227140198,
                        0.7023594813685029,
                        -2.0371902652662146,
                        2.746972246846737,
                        3.953325940227346,
                        2.9642135517967834
                    ],
                    [
                        1.9168529389316358,
                        1.2463330610068843,
                        -3.700774580693541,
                        3.953325940227346,
                        7.204422027534679,
                        6.1201734869713285
                    ],
                    [
                        2.298043322226835,
                        2.650713992697639,
                        -5.170889423880979,
                        2.9642135517967834,
                        6.1201734869713285,
                        8.685649874254501
                    ]
                ]
            },
            "est_tgt": [
                0,
                1,
                2,
                3,
                4,
                5
            ],
            "oracle_est_tgt": [
                0,
                1,
                2,
                3,
                4,
                5
            ]
        }
    },
    "metric_dict": {
        "param_est_rel_err": 4.177718841688098,
        "est_num_comp": 4,
        "weight_precision_error": 0.0012538582843567014,
        "gm_score_dict": {
            "1": -9.070191319176107,
            "2": -8.931959294485104,
            "3": -7.203303810608082,
            "4": -4.316548358275566,
            "5": -4.316349525676782,
            "6": -4.315393459347146,
            "7": -4.315363053541259
        },
        "est_dag": {
            "amat": [
                [
                    0,
                    1,
                    0,
                    0,
                    0,
                    0
                ],
                [
                    0,
                    0,
                    0,
                    0,
                    0,
                    0
                ],
                [
                    0,
                    1,
                    0,
                    0,
                    0,
                    1
                ],
                [
                    1,
                    0,
                    0,
                    0,
                    1,
                    1
                ],
                [
                    1,
                    1,
                    1,
                    0,
                    0,
                    1
                ],
                [
                    1,
                    0,
                    0,
                    0,
                    0,
                    0
                ]
            ],
            "nodes": [
                0,
                1,
                2,
                3,
                4,
                5
            ]
        },
        "oracle_est_dag": {
            "amat": [
                [
                    0,
                    1,
                    0,
                    0,
                    0,
                    0
                ],
                [
                    0,
                    0,
                    0,
                    0,
                    0,
                    0
                ],
                [
                    0,
                    1,
                    0,
                    1,
                    0,
                    0
                ],
                [
                    1,
                    0,
                    0,
                    0,
                    0,
                    0
                ],
                [
                    1,
                    1,
                    0,
                    1,
                    0,
                    1
                ],
                [
                    1,
                    0,
                    1,
                    1,
                    0,
                    0
                ]
            ],
            "nodes": [
                0,
                1,
                2,
                3,
                4,
                5
            ]
        },
        "igsp_dag": null,
        "intv_base_est_dag": null,
        "act_dag": {
            "amat": [
                [
                    0,
                    1,
                    1,
                    1,
                    1,
                    1
                ],
                [
                    0,
                    0,
                    1,
                    1,
                    1,
                    0
                ],
                [
                    0,
                    0,
                    0,
                    1,
                    1,
                    1
                ],
                [
                    0,
                    0,
                    0,
                    0,
                    1,
                    1
                ],
                [
                    0,
                    0,
                    0,
                    0,
                    0,
                    1
                ],
                [
                    0,
                    0,
                    0,
                    0,
                    0,
                    0
                ]
            ],
            "nodes": [
                0,
                1,
                2,
                3,
                4,
                5
            ]
        },
        "shd": 9,
        "oracle_shd": 11,
        "intv_base_shd": null,
        "igsp_shd": null,
        "avg_js": 0.16666666666666666,
        "avg_oracle_js": 0.13333333333333333
    }
}