{
    "expt_args": {
        "save_dir": "all_expt_logs/expt_logs_sim_compsel_backward_cameraready_cutoff_var_half",
        "exp_name": "390",
        "num_nodes": 6,
        "num_tgt_prior": 7,
        "obs_noise_mean": 0.0,
        "obs_noise_var": 1.0,
        "obs_noise_gamma_shape": null,
        "noise_type": "gaussian",
        "max_edge_strength": 1.0,
        "graph_sparsity_method": "adj_dense_prop",
        "adj_dense_prop": 0.8,
        "num_parents": null,
        "new_noise_mean": 1.0,
        "mix_samples": 524288,
        "stage2_samples": 524288,
        "gmm_tol": 0.001,
        "intv_type": "do",
        "new_noise_var": null,
        "dtype": "simulation",
        "cutoff_drop_ratio": 0.3,
        "intv_targets": [
            4,
            3,
            0
        ]
    },
    "intv_args_dict": {
        "4": {
            "intv_type": "do",
            "inode": 4,
            "new_mui": 1.0,
            "new_vari": null,
            "noise_type": "gaussian",
            "obs_noise_gamma_shape": null,
            "true_params": {
                "Si": [
                    [
                        1.0,
                        0.9362228538818338,
                        0.0,
                        0.18027054403476495,
                        0.0,
                        0.08768927999689169
                    ],
                    [
                        0.9362228538818338,
                        1.8765132321306455,
                        0.0,
                        1.1629760010483876,
                        0.0,
                        1.646188437460145
                    ],
                    [
                        0.0,
                        0.0,
                        1.0,
                        0.9836180615787797,
                        0.0,
                        1.5217895010378857
                    ],
                    [
                        0.18027054403476495,
                        1.1629760010483876,
                        0.9836180615787797,
                        2.988440765665034,
                        0.0,
                        3.657228844641482
                    ],
                    [
                        0.0,
                        0.0,
                        0.0,
                        0.0,
                        1e-09,
                        0.0
                    ],
                    [
                        0.08768927999689169,
                        1.646188437460145,
                        1.5217895010378857,
                        3.657228844641482,
                        0.0,
                        6.117469921262058
                    ]
                ],
                "mui": [
                    0.0,
                    0.0,
                    0.0,
                    0.0,
                    1.0,
                    0.0
                ],
                "Ai": [
                    [
                        0.0,
                        0.0,
                        0.0,
                        0.0,
                        0.0,
                        0.0
                    ],
                    [
                        0.9362228538818338,
                        0.0,
                        0.0,
                        0.0,
                        0.0,
                        0.0
                    ],
                    [
                        0.0,
                        0.0,
                        0.0,
                        0.0,
                        0.0,
                        0.0
                    ],
                    [
                        -0.7505246494529774,
                        0.9942025978413291,
                        0.9836180615787797,
                        0.0,
                        0.0,
                        0.0
                    ],
                    [
                        0.0,
                        0.0,
                        0.0,
                        0.0,
                        0.0,
                        0.0
                    ],
                    [
                        -0.9341868293393945,
                        0.9779721640245538,
                        0.9419099150410724,
                        0.5895373505708748,
                        0.0,
                        0.0
                    ]
                ]
            },
            "est_params": {
                "mui": [
                    -0.0026977450895920713,
                    -0.006588963170690593,
                    -0.0035064835425786737,
                    -0.008891148332154375,
                    1.0000002190524238,
                    -0.006119520035938254
                ],
                "Si": [
                    [
                        1.0047366881492765,
                        0.9443165858930388,
                        0.004231216801878454,
                        0.18332581866519093,
                        -4.745825034778261e-08,
                        0.09353508019616164
                    ],
                    [
                        0.9443165858930389,
                        1.8818009302027912,
                        0.0030174975944022653,
                        1.1576056557571037,
                        1.0007033872200694e-07,
                        1.6429871829348919
                    ],
                    [
                        0.004231216801878455,
                        0.003017497594402263,
                        0.9937140734398993,
                        0.9797462632744359,
                        3.375585714517127e-08,
                        1.512677194637735
                    ],
                    [
                        0.183325818665191,
                        1.1576056557571037,
                        0.9797462632744359,
                        2.974347901813021,
                        -2.9158832447070313e-07,
                        3.6409066841136064
                    ],
                    [
                        -4.7458250347782584e-08,
                        1.0007033872200694e-07,
                        3.375585714517135e-08,
                        -2.91588324470703e-07,
                        1.0074652472302925e-06,
                        -3.2499807928229626e-07
                    ],
                    [
                        0.09353508019616165,
                        1.6429871829348919,
                        1.512677194637735,
                        3.6409066841136064,
                        -3.2499807928229626e-07,
                        6.100468915918888
                    ]
                ]
            },
            "est_tgt": [
                4
            ],
            "oracle_est_tgt": [
                4
            ]
        },
        "3": {
            "intv_type": "do",
            "inode": 3,
            "new_mui": 1.0,
            "new_vari": null,
            "noise_type": "gaussian",
            "obs_noise_gamma_shape": null,
            "true_params": {
                "Si": [
                    [
                        1.0,
                        0.9362228538818338,
                        0.0,
                        0.0,
                        -0.012666433921468148,
                        -0.018586938919333846
                    ],
                    [
                        0.9362228538818338,
                        1.8765132321306455,
                        0.0,
                        0.0,
                        -0.6391076750021137,
                        0.9605706470245677
                    ],
                    [
                        0.0,
                        0.0,
                        1.0,
                        0.0,
                        0.0,
                        0.9419099150410724
                    ],
                    [
                        0.0,
                        0.0,
                        0.0,
                        1e-09,
                        -9.055594240459577e-10,
                        5.895373505708748e-10
                    ],
                    [
                        -0.012666433921468148,
                        -0.6391076750021137,
                        0.0,
                        -9.055594240459577e-10,
                        1.393601835294148,
                        -0.6131967007562462
                    ],
                    [
                        -0.018586938919333846,
                        0.9605706470245677,
                        0.9419099150410724,
                        5.895373505708748e-10,
                        -0.6131967007562462,
                        2.843969316305494
                    ]
                ],
                "mui": [
                    0.0,
                    0.0,
                    0.0,
                    1.0,
                    -0.9055594240459577,
                    0.5895373505708748
                ],
                "Ai": [
                    [
                        0.0,
                        0.0,
                        0.0,
                        0.0,
                        0.0,
                        0.0
                    ],
                    [
                        0.9362228538818338,
                        0.0,
                        0.0,
                        0.0,
                        0.0,
                        0.0
                    ],
                    [
                        0.0,
                        0.0,
                        0.0,
                        0.0,
                        0.0,
                        0.0
                    ],
                    [
                        0.0,
                        0.0,
                        0.0,
                        0.0,
                        0.0,
                        0.0
                    ],
                    [
                        0.574578480570719,
                        -0.6272490700876512,
                        -0.0,
                        -0.9055594240459577,
                        0.0,
                        0.0
                    ],
                    [
                        -0.9341868293393945,
                        0.9779721640245538,
                        0.9419099150410724,
                        0.5895373505708748,
                        0.0,
                        0.0
                    ]
                ]
            },
            "est_params": {
                "mui": [
                    -0.0014257941349399613,
                    -0.002963641439316059,
                    0.0009083931915606406,
                    0.9999996258546157,
                    -0.904783850386877,
                    0.5877908202292773
                ],
                "Si": [
                    [
                        0.9962531898676366,
                        0.933202788258138,
                        -0.0006778689136250087,
                        -2.6587334582051303e-07,
                        -0.01218568818995718,
                        -0.01878763173361203
                    ],
                    [
                        0.933202788258138,
                        1.8685449394050675,
                        -0.005317058555639142,
                        3.425217122653988e-07,
                        -0.6357168037262729,
                        0.9530969570503133
                    ],
                    [
                        -0.0006778689136250072,
                        -0.005317058555639144,
                        1.0010993767311578,
                        -2.2450355902710307e-07,
                        -0.00017436426393694642,
                        0.9388256826475211
                    ],
                    [
                        -2.658733458205132e-07,
                        3.425217122653989e-07,
                        -2.2450355902710307e-07,
                        1.0097093452676177e-06,
                        -2.661017134219505e-07,
                        3.432239411709211e-07
                    ],
                    [
                        -0.012185688189957179,
                        -0.635716803726273,
                        -0.0001743642639369464,
                        -2.661017134219507e-07,
                        1.395019286484144,
                        -0.6075732007870852
                    ],
                    [
                        -0.018787631733612028,
                        0.9530969570503133,
                        0.9388256826475212,
                        3.432239411709212e-07,
                        -0.6075732007870852,
                        2.8335814390522973
                    ]
                ]
            },
            "est_tgt": [
                3
            ],
            "oracle_est_tgt": [
                3
            ]
        },
        "0": {
            "intv_type": "do",
            "inode": 0,
            "new_mui": 1.0,
            "new_vari": null,
            "noise_type": "gaussian",
            "obs_noise_gamma_shape": null,
            "true_params": {
                "Si": [
                    [
                        1e-09,
                        9.362228538818339e-10,
                        0.0,
                        1.8027054403476495e-10,
                        -1.7591212395004137e-10,
                        8.76892799968917e-11
                    ],
                    [
                        9.362228538818339e-10,
                        1.0000000008765133,
                        0.0,
                        0.9942025980101026,
                        -1.527558602138533,
                        1.5640917295687087
                    ],
                    [
                        0.0,
                        0.0,
                        1.0,
                        0.9836180615787797,
                        -0.8907246053244812,
                        1.5217895010378857
                    ],
                    [
                        1.8027054403476495e-10,
                        0.9942025980101026,
                        0.9836180615787797,
                        2.955943296650941,
                        -3.30039496420472,
                        3.641421050446233
                    ],
                    [
                        -1.7591212395004137e-10,
                        -1.527558602138533,
                        -0.8907246053244812,
                        -3.30039496420472,
                        4.946863475504117,
                        -4.278598232004291
                    ],
                    [
                        8.76892799968917e-11,
                        1.5640917295687087,
                        1.5217895010378857,
                        3.641421050446233,
                        -4.278598232004291,
                        6.109780511443374
                    ]
                ],
                "mui": [
                    1.0,
                    0.9362228538818338,
                    0.0,
                    0.18027054403476495,
                    -0.17591212395004135,
                    0.08768927999689169
                ],
                "Ai": [
                    [
                        0.0,
                        0.0,
                        0.0,
                        0.0,
                        0.0,
                        0.0
                    ],
                    [
                        0.9362228538818338,
                        0.0,
                        0.0,
                        0.0,
                        0.0,
                        0.0
                    ],
                    [
                        0.0,
                        0.0,
                        0.0,
                        0.0,
                        0.0,
                        0.0
                    ],
                    [
                        -0.7505246494529774,
                        0.9942025978413291,
                        0.9836180615787797,
                        0.0,
                        0.0,
                        0.0
                    ],
                    [
                        0.574578480570719,
                        -0.6272490700876512,
                        -0.0,
                        -0.9055594240459577,
                        0.0,
                        0.0
                    ],
                    [
                        -0.9341868293393945,
                        0.9779721640245538,
                        0.9419099150410724,
                        0.5895373505708748,
                        0.0,
                        0.0
                    ]
                ]
            },
            "est_params": {
                "mui": [
                    0.9999999828888603,
                    0.9383799597861385,
                    0.0018490410467328253,
                    0.18582624864147052,
                    -0.18133926069851156,
                    0.0955821799223433
                ],
                "Si": [
                    [
                        1.0104722806677357e-06,
                        1.8983166043437643e-07,
                        -3.316210272937235e-07,
                        1.7470899572073018e-07,
                        -3.714585611359746e-07,
                        2.636208999626954e-07
                    ],
                    [
                        1.8983166043437664e-07,
                        1.001852219778065,
                        0.0014791592707070291,
                        0.9972029823940479,
                        -1.535885657156111,
                        1.5712685919986604
                    ],
                    [
                        -3.316210272937235e-07,
                        0.0014791592707070304,
                        1.00385175325814,
                        0.9855255013512556,
                        -0.8932712907223231,
                        1.5266928165345222
                    ],
                    [
                        1.7470899572073024e-07,
                        0.9972029823940478,
                        0.9855255013512556,
                        2.9611987672545843,
                        -3.311593063651718,
                        3.65208686094078
                    ],
                    [
                        -3.7145856113597445e-07,
                        -1.535885657156111,
                        -0.8932712907223231,
                        -3.311593063651718,
                        4.965234746164798,
                        -4.3036102232387865
                    ],
                    [
                        2.636208999626954e-07,
                        1.5712685919986604,
                        1.5266928165345222,
                        3.65208686094078,
                        -4.303610223238787,
                        6.12410302174763
                    ]
                ]
            },
            "est_tgt": [
                0
            ],
            "oracle_est_tgt": [
                0
            ]
        },
        "obs": {
            "intv_type": "obs",
            "noise_type": "gaussian",
            "obs_noise_gamma_shape": null,
            "true_params": {
                "Si": [
                    [
                        1.0,
                        0.9362228538818338,
                        0.0,
                        0.18027054403476495,
                        -0.17591212395004135,
                        0.08768927999689169
                    ],
                    [
                        0.9362228538818338,
                        1.8765132321306455,
                        0.0,
                        1.1629760010483876,
                        -1.6922515526907627,
                        1.646188437460145
                    ],
                    [
                        0.0,
                        0.0,
                        1.0,
                        0.9836180615787797,
                        -0.8907246053244812,
                        1.5217895010378857
                    ],
                    [
                        0.18027054403476495,
                        1.1629760010483876,
                        0.9836180615787797,
                        2.988440765665034,
                        -3.332106738459793,
                        3.657228844641482
                    ],
                    [
                        -0.17591212395004135,
                        -1.6922515526907627,
                        -0.8907246053244812,
                        -3.332106738459793,
                        4.977808550825786,
                        -4.294023839480769
                    ],
                    [
                        0.08768927999689169,
                        1.646188437460145,
                        1.5217895010378857,
                        3.657228844641482,
                        -4.294023839480769,
                        6.117469921262058
                    ]
                ],
                "mui": [
                    0.0,
                    0.0,
                    0.0,
                    0.0,
                    0.0,
                    0.0
                ],
                "Ai": [
                    [
                        0.0,
                        0.0,
                        0.0,
                        0.0,
                        0.0,
                        0.0
                    ],
                    [
                        0.9362228538818338,
                        0.0,
                        0.0,
                        0.0,
                        0.0,
                        0.0
                    ],
                    [
                        0.0,
                        0.0,
                        0.0,
                        0.0,
                        0.0,
                        0.0
                    ],
                    [
                        -0.7505246494529774,
                        0.9942025978413291,
                        0.9836180615787797,
                        0.0,
                        0.0,
                        0.0
                    ],
                    [
                        0.574578480570719,
                        -0.6272490700876512,
                        -0.0,
                        -0.9055594240459577,
                        0.0,
                        0.0
                    ],
                    [
                        -0.9341868293393945,
                        0.9779721640245538,
                        0.9419099150410724,
                        0.5895373505708748,
                        0.0,
                        0.0
                    ]
                ]
            },
            "est_params": {
                "mui": [
                    0.0012739454542119765,
                    0.0014329466901505357,
                    -0.0022022600961916034,
                    -0.005392219789095425,
                    0.006306515088281203,
                    -0.006935532648379979
                ],
                "Si": [
                    [
                        1.00093589442956,
                        0.9354416119054115,
                        0.0015195897071822527,
                        0.1832807848223357,
                        -0.1787588201190477,
                        0.09431282969194484
                    ],
                    [
                        0.9354416119054115,
                        1.8710381191194627,
                        0.001455095486986286,
                        1.1626804963335273,
                        -1.6858843818902711,
                        1.64697538279484
                    ],
                    [
                        0.0015195897071822535,
                        0.0014550954869862855,
                        1.0002878210605695,
                        0.9865134557686512,
                        -0.8925584135063913,
                        1.5267037538375028
                    ],
                    [
                        0.1832807848223357,
                        1.1626804963335273,
                        0.9865134557686512,
                        2.990161423180724,
                        -3.326043632240814,
                        3.666091230641488
                    ],
                    [
                        -0.1787588201190477,
                        -1.6858843818902711,
                        -0.8925584135063913,
                        -3.326043632240814,
                        4.961205283702186,
                        -4.295150275815336
                    ],
                    [
                        0.09431282969194484,
                        1.64697538279484,
                        1.5267037538375028,
                        3.666091230641488,
                        -4.295150275815336,
                        6.1318711421436785
                    ]
                ]
            },
            "est_tgt": [
                0,
                1,
                2,
                3,
                4,
                5
            ],
            "oracle_est_tgt": [
                0,
                1,
                2,
                3,
                4,
                5
            ]
        }
    },
    "metric_dict": {
        "param_est_rel_err": 0.671486454860846,
        "est_num_comp": 4,
        "weight_precision_error": 0.001547451013082346,
        "gm_score_dict": {
            "1": -8.862833986150783,
            "2": -8.811843984685996,
            "3": -7.342453462101294,
            "4": -4.339725091976611,
            "5": -4.340162110837411,
            "6": -4.340416220835303,
            "7": -4.3403652915114215
        },
        "est_dag": {
            "amat": [
                [
                    0,
                    1,
                    0,
                    1,
                    1,
                    1
                ],
                [
                    0,
                    0,
                    0,
                    1,
                    1,
                    1
                ],
                [
                    0,
                    0,
                    0,
                    1,
                    0,
                    1
                ],
                [
                    0,
                    0,
                    0,
                    0,
                    1,
                    1
                ],
                [
                    0,
                    0,
                    0,
                    0,
                    0,
                    0
                ],
                [
                    0,
                    0,
                    0,
                    0,
                    0,
                    0
                ]
            ],
            "nodes": [
                0,
                1,
                2,
                3,
                4,
                5
            ]
        },
        "oracle_est_dag": {
            "amat": [
                [
                    0,
                    1,
                    0,
                    1,
                    1,
                    1
                ],
                [
                    0,
                    0,
                    0,
                    1,
                    1,
                    1
                ],
                [
                    0,
                    0,
                    0,
                    1,
                    0,
                    1
                ],
                [
                    0,
                    0,
                    0,
                    0,
                    1,
                    1
                ],
                [
                    0,
                    0,
                    0,
                    0,
                    0,
                    0
                ],
                [
                    0,
                    0,
                    0,
                    0,
                    0,
                    0
                ]
            ],
            "nodes": [
                0,
                1,
                2,
                3,
                4,
                5
            ]
        },
        "igsp_dag": null,
        "intv_base_est_dag": null,
        "act_dag": {
            "amat": [
                [
                    0,
                    1,
                    0,
                    1,
                    1,
                    1
                ],
                [
                    0,
                    0,
                    0,
                    1,
                    1,
                    1
                ],
                [
                    0,
                    0,
                    0,
                    1,
                    0,
                    1
                ],
                [
                    0,
                    0,
                    0,
                    0,
                    1,
                    1
                ],
                [
                    0,
                    0,
                    0,
                    0,
                    0,
                    0
                ],
                [
                    0,
                    0,
                    0,
                    0,
                    0,
                    0
                ]
            ],
            "nodes": [
                0,
                1,
                2,
                3,
                4,
                5
            ]
        },
        "shd": 0,
        "oracle_shd": 0,
        "intv_base_shd": null,
        "igsp_shd": null,
        "avg_js": 0.75,
        "avg_oracle_js": 0.75
    }
}