{
    "expt_args": {
        "save_dir": "expt_logs_29.04.24-10",
        "exp_name": "200",
        "num_nodes": 6,
        "obs_noise_mean": 0.0,
        "obs_noise_var": 1.0,
        "max_edge_strength": 1.0,
        "num_parents": 2,
        "new_noise_mean": 10.0,
        "mix_samples": 1024,
        "stage2_samples": 1024,
        "intv_targets": [
            0,
            1,
            2,
            3,
            4,
            5
        ]
    },
    "intv_args_dict": {
        "0": {
            "intv_type": "do",
            "inode": 0,
            "new_mui": 10.0,
            "true_params": {
                "Si": [
                    [
                        0.0,
                        0.0,
                        0.0,
                        0.0,
                        0.0,
                        0.0
                    ],
                    [
                        0.0,
                        1.0,
                        0.8148838834616483,
                        0.6701420997453327,
                        0.22223936504748984,
                        -0.9265744881644877
                    ],
                    [
                        0.0,
                        0.8148838834616483,
                        1.6640357435255373,
                        0.54608799671162,
                        -0.5226780745851641,
                        -0.7550506172319669
                    ],
                    [
                        0.0,
                        0.6701420997453327,
                        0.54608799671162,
                        1.4490904338510835,
                        0.14893195473899434,
                        -0.6209365730690067
                    ],
                    [
                        0.0,
                        0.22223936504748984,
                        -0.5226780745851641,
                        0.14893195473899434,
                        1.5446928957669197,
                        -0.20592132591887866
                    ],
                    [
                        0.0,
                        -0.9265744881644877,
                        -0.7550506172319669,
                        -0.6209365730690067,
                        -0.20592132591887866,
                        1.8585402821172825
                    ]
                ],
                "mui": [
                    10.0,
                    5.095093240866023,
                    13.871467282467371,
                    12.36145450213887,
                    -5.708074440340361,
                    -12.81421710480865
                ],
                "Ai": [
                    [
                        0.0,
                        0.0,
                        0.0,
                        0.0,
                        0.0,
                        0.0
                    ],
                    [
                        0.5095093240866023,
                        0.0,
                        0.0,
                        0.0,
                        0.0,
                        0.0
                    ],
                    [
                        0.971955791575127,
                        0.8148838834616483,
                        0.0,
                        0.0,
                        0.0,
                        0.0
                    ],
                    [
                        0.8947018019306661,
                        0.6701420997453327,
                        0.0,
                        0.0,
                        0.0,
                        0.0
                    ],
                    [
                        0.0,
                        0.7957361862756587,
                        -0.7037773514331136,
                        0.0,
                        0.0,
                        0.0
                    ],
                    [
                        -0.8093233693002874,
                        -0.9265744881644877,
                        0.0,
                        0.0,
                        -0.0,
                        0.0
                    ]
                ]
            },
            "est_params": {
                "mui": [
                    10.0,
                    5.123938003147696,
                    13.707595754227182,
                    12.39593401208243,
                    -5.6155188959067734,
                    -12.844122521114956
                ],
                "Si": [
                    [
                        1e-06,
                        0.0,
                        0.0,
                        0.0,
                        0.0,
                        0.0
                    ],
                    [
                        0.0,
                        0.9081081720238261,
                        0.7149111064699876,
                        0.6610212212224799,
                        0.19776493867701123,
                        -0.9633344257649235
                    ],
                    [
                        0.0,
                        0.7149111064699876,
                        1.5822728263609254,
                        0.4361611501721847,
                        -0.5632271011547615,
                        -0.7433964547276166
                    ],
                    [
                        0.0,
                        0.6610212212224799,
                        0.4361611501721847,
                        1.5575500634141874,
                        0.18606948225421754,
                        -0.6511156822180646
                    ],
                    [
                        0.0,
                        0.19776493867701123,
                        -0.5632271011547615,
                        0.18606948225421754,
                        1.6431352995222086,
                        -0.1648753874423175
                    ],
                    [
                        0.0,
                        -0.9633344257649235,
                        -0.7433964547276166,
                        -0.6511156822180646,
                        -0.1648753874423175,
                        2.100983924749776
                    ]
                ]
            },
            "est_tgt": [
                0
            ]
        },
        "1": {
            "intv_type": "do",
            "inode": 1,
            "new_mui": 10.0,
            "true_params": {
                "Si": [
                    [
                        1.0,
                        0.0,
                        0.971955791575127,
                        0.8947018019306661,
                        -0.6840404727048183,
                        -0.8093233693002874
                    ],
                    [
                        0.0,
                        0.0,
                        0.0,
                        0.0,
                        0.0,
                        0.0
                    ],
                    [
                        0.971955791575127,
                        0.0,
                        1.9446980607764317,
                        0.869610598119213,
                        -1.3686344505503492,
                        -0.7866265360485096
                    ],
                    [
                        0.8947018019306661,
                        0.0,
                        0.869610598119213,
                        1.8004913143779808,
                        -0.6120122435225055,
                        -0.724103076857565
                    ],
                    [
                        -0.6840404727048183,
                        0.0,
                        -1.3686344505503492,
                        -0.6120122435225055,
                        1.9632139286884396,
                        0.5536099401072248
                    ],
                    [
                        -0.8093233693002874,
                        0.0,
                        -0.7866265360485096,
                        -0.724103076857565,
                        0.5536099401072248,
                        1.6550043160955692
                    ]
                ],
                "mui": [
                    0.0,
                    10.0,
                    8.148838834616484,
                    6.701420997453327,
                    2.2223936504748982,
                    -9.265744881644878
                ],
                "Ai": [
                    [
                        0.0,
                        0.0,
                        0.0,
                        0.0,
                        0.0,
                        0.0
                    ],
                    [
                        0.0,
                        0.0,
                        0.0,
                        0.0,
                        0.0,
                        0.0
                    ],
                    [
                        0.971955791575127,
                        0.8148838834616483,
                        0.0,
                        0.0,
                        0.0,
                        0.0
                    ],
                    [
                        0.8947018019306661,
                        0.6701420997453327,
                        0.0,
                        0.0,
                        0.0,
                        0.0
                    ],
                    [
                        0.0,
                        0.7957361862756587,
                        -0.7037773514331136,
                        0.0,
                        0.0,
                        0.0
                    ],
                    [
                        -0.8093233693002874,
                        -0.9265744881644877,
                        0.0,
                        0.0,
                        -0.0,
                        0.0
                    ]
                ]
            },
            "est_params": {
                "mui": [
                    -0.060798696894961604,
                    10.0,
                    8.106910286096454,
                    6.500430362088352,
                    2.165464578045648,
                    -9.46275058902578
                ],
                "Si": [
                    [
                        0.9699364756044268,
                        0.0,
                        0.9931201801227517,
                        0.7775516802445863,
                        -0.6532357131432699,
                        -0.7528327557851663
                    ],
                    [
                        0.0,
                        1e-06,
                        0.0,
                        0.0,
                        0.0,
                        0.0
                    ],
                    [
                        0.9931201801227517,
                        0.0,
                        2.1870112646564284,
                        0.8720578896447153,
                        -1.522636633455363,
                        -0.7146949371353867
                    ],
                    [
                        0.7775516802445863,
                        0.0,
                        0.8720578896447153,
                        1.5653817168763091,
                        -0.6128216112068526,
                        -0.5877312889041391
                    ],
                    [
                        -0.6532357131432699,
                        0.0,
                        -1.522636633455363,
                        -0.6128216112068526,
                        1.9184192039839445,
                        0.4680321684271471
                    ],
                    [
                        -0.7528327557851663,
                        0.0,
                        -0.7146949371353867,
                        -0.5877312889041391,
                        0.4680321684271471,
                        1.5653553764581662
                    ]
                ]
            },
            "est_tgt": [
                1,
                2
            ]
        },
        "2": {
            "intv_type": "do",
            "inode": 2,
            "new_mui": 10.0,
            "true_params": {
                "Si": [
                    [
                        1.0,
                        0.5095093240866023,
                        0.0,
                        1.2361454502138869,
                        0.4054350064205615,
                        -1.281421710480865
                    ],
                    [
                        0.5095093240866023,
                        1.2595997513311863,
                        0.0,
                        1.299969732556539,
                        1.0023091023580462,
                        -1.579470797741491
                    ],
                    [
                        0.0,
                        0.0,
                        0.0,
                        0.0,
                        0.0,
                        0.0
                    ],
                    [
                        1.2361454502138869,
                        1.299969732556539,
                        0.0,
                        2.9771460079355765,
                        1.0344329572583282,
                        -2.2049601902852247
                    ],
                    [
                        0.4054350064205615,
                        1.0023091023580462,
                        0.0,
                        1.0344329572583282,
                        1.7975736225797705,
                        -1.2568420689285864
                    ],
                    [
                        -1.281421710480865,
                        -1.579470797741491,
                        0.0,
                        -2.2049601902852247,
                        -1.2568420689285864,
                        3.500581882208988
                    ]
                ],
                "mui": [
                    0.0,
                    0.0,
                    10.0,
                    0.0,
                    -7.0377735143311355,
                    0.0
                ],
                "Ai": [
                    [
                        0.0,
                        0.0,
                        0.0,
                        0.0,
                        0.0,
                        0.0
                    ],
                    [
                        0.5095093240866023,
                        0.0,
                        0.0,
                        0.0,
                        0.0,
                        0.0
                    ],
                    [
                        0.0,
                        0.0,
                        0.0,
                        0.0,
                        0.0,
                        0.0
                    ],
                    [
                        0.8947018019306661,
                        0.6701420997453327,
                        0.0,
                        0.0,
                        0.0,
                        0.0
                    ],
                    [
                        0.0,
                        0.7957361862756587,
                        -0.7037773514331136,
                        0.0,
                        0.0,
                        0.0
                    ],
                    [
                        -0.8093233693002874,
                        -0.9265744881644877,
                        0.0,
                        0.0,
                        -0.0,
                        0.0
                    ]
                ]
            },
            "est_params": {
                "mui": [
                    0.07918286469080382,
                    0.028061831378307506,
                    10.000000000000002,
                    0.14937952900479054,
                    -7.042612799088033,
                    -0.01683285654983771
                ],
                "Si": [
                    [
                        0.9030881893025293,
                        0.4496015325860473,
                        1.2933806793649838e-31,
                        1.0798148750748036,
                        0.359645512805447,
                        -1.1672765554878088
                    ],
                    [
                        0.4496015325860473,
                        1.3216747161618188,
                        1.2157102991420214e-32,
                        1.2202780866276317,
                        0.9373687299319818,
                        -1.4797254785635952
                    ],
                    [
                        1.2933806793649838e-31,
                        1.2157102991420214e-32,
                        1e-06,
                        5.40315688507565e-33,
                        -8.96924042922558e-30,
                        2.026183831903369e-31
                    ],
                    [
                        1.0798148750748036,
                        1.2202780866276317,
                        5.40315688507565e-33,
                        2.7503927511497097,
                        0.9173586603328191,
                        -1.7610211096095154
                    ],
                    [
                        0.359645512805447,
                        0.9373687299319818,
                        -8.96924042922558e-30,
                        0.9173586603328191,
                        1.6373993636821231,
                        -1.0570792787424386
                    ],
                    [
                        -1.1672765554878088,
                        -1.4797254785635952,
                        2.026183831903369e-31,
                        -1.7610211096095154,
                        -1.0570792787424386,
                        3.330962381530939
                    ]
                ]
            },
            "est_tgt": [
                1,
                2
            ]
        },
        "3": {
            "intv_type": "do",
            "inode": 3,
            "new_mui": 10.0,
            "true_params": {
                "Si": [
                    [
                        1.0,
                        0.5095093240866023,
                        1.3871467282467371,
                        0.0,
                        -0.5708074440340362,
                        -1.281421710480865
                    ],
                    [
                        0.5095093240866023,
                        1.2595997513311863,
                        1.5216480753795851,
                        0.0,
                        -0.068592349945893,
                        -1.579470797741491
                    ],
                    [
                        1.3871467282467371,
                        1.5216480753795851,
                        3.5882117892111642,
                        0.0,
                        -1.31447175303586,
                        -2.532570550429836
                    ],
                    [
                        0.0,
                        0.0,
                        0.0,
                        0.0,
                        0.0,
                        0.0
                    ],
                    [
                        -0.5708074440340362,
                        -0.068592349945893,
                        -1.31447175303586,
                        0.0,
                        1.870514033931589,
                        0.5255237253704266
                    ],
                    [
                        -1.281421710480865,
                        -1.579470797741491,
                        -2.532570550429836,
                        0.0,
                        0.5255237253704266,
                        3.500581882208988
                    ]
                ],
                "mui": [
                    0.0,
                    0.0,
                    0.0,
                    10.0,
                    0.0,
                    0.0
                ],
                "Ai": [
                    [
                        0.0,
                        0.0,
                        0.0,
                        0.0,
                        0.0,
                        0.0
                    ],
                    [
                        0.5095093240866023,
                        0.0,
                        0.0,
                        0.0,
                        0.0,
                        0.0
                    ],
                    [
                        0.971955791575127,
                        0.8148838834616483,
                        0.0,
                        0.0,
                        0.0,
                        0.0
                    ],
                    [
                        0.0,
                        0.0,
                        0.0,
                        0.0,
                        0.0,
                        0.0
                    ],
                    [
                        0.0,
                        0.7957361862756587,
                        -0.7037773514331136,
                        0.0,
                        0.0,
                        0.0
                    ],
                    [
                        -0.8093233693002874,
                        -0.9265744881644877,
                        0.0,
                        0.0,
                        -0.0,
                        0.0
                    ]
                ]
            },
            "est_params": {
                "mui": [
                    -0.17806831480276714,
                    -0.1081641394060249,
                    -0.27491880704712046,
                    10.0,
                    0.03261264488696574,
                    0.11533989742214763
                ],
                "Si": [
                    [
                        1.0190011843508902,
                        0.42645114641348664,
                        1.3286706286524423,
                        -3.259394248104751e-29,
                        -0.477070120226961,
                        -1.1245355298374202
                    ],
                    [
                        0.42645114641348664,
                        1.0709571539005645,
                        1.2291990604333973,
                        -2.6509763165500744e-28,
                        0.03256105374641957,
                        -1.1929556606121587
                    ],
                    [
                        1.3286706286524423,
                        1.2291990604333973,
                        3.1048918416309452,
                        -2.681241610836879e-28,
                        -1.1144303444821544,
                        -2.014129987039445
                    ],
                    [
                        -3.259394248104751e-29,
                        -2.650976316550074e-28,
                        -2.681241610836879e-28,
                        1e-06,
                        -1.4558133088279097e-29,
                        2.528723080006389e-28
                    ],
                    [
                        -0.477070120226961,
                        0.03256105374641957,
                        -1.1144303444821544,
                        -1.4558133088279097e-29,
                        1.8461257575989427,
                        0.3481125768880159
                    ],
                    [
                        -1.1245355298374202,
                        -1.1929556606121587,
                        -2.014129987039445,
                        2.5287230800063895e-28,
                        0.3481125768880159,
                        2.828040157015092
                    ]
                ]
            },
            "est_tgt": [
                3
            ]
        },
        "4": {
            "intv_type": "do",
            "inode": 4,
            "new_mui": 10.0,
            "true_params": {
                "Si": [
                    [
                        1.0,
                        0.5095093240866023,
                        1.3871467282467371,
                        1.2361454502138869,
                        0.0,
                        -1.281421710480865
                    ],
                    [
                        0.5095093240866023,
                        1.2595997513311863,
                        1.5216480753795851,
                        1.299969732556539,
                        0.0,
                        -1.579470797741491
                    ],
                    [
                        1.3871467282467371,
                        1.5216480753795851,
                        3.5882117892111642,
                        2.260803113612903,
                        0.0,
                        -2.532570550429836
                    ],
                    [
                        1.2361454502138869,
                        1.299969732556539,
                        2.260803113612903,
                        2.9771460079355765,
                        0.0,
                        -2.2049601902852247
                    ],
                    [
                        0.0,
                        0.0,
                        0.0,
                        0.0,
                        0.0,
                        0.0
                    ],
                    [
                        -1.281421710480865,
                        -1.579470797741491,
                        -2.532570550429836,
                        -2.2049601902852247,
                        0.0,
                        3.500581882208988
                    ]
                ],
                "mui": [
                    0.0,
                    0.0,
                    0.0,
                    0.0,
                    10.0,
                    0.0
                ],
                "Ai": [
                    [
                        0.0,
                        0.0,
                        0.0,
                        0.0,
                        0.0,
                        0.0
                    ],
                    [
                        0.5095093240866023,
                        0.0,
                        0.0,
                        0.0,
                        0.0,
                        0.0
                    ],
                    [
                        0.971955791575127,
                        0.8148838834616483,
                        0.0,
                        0.0,
                        0.0,
                        0.0
                    ],
                    [
                        0.8947018019306661,
                        0.6701420997453327,
                        0.0,
                        0.0,
                        0.0,
                        0.0
                    ],
                    [
                        0.0,
                        0.0,
                        0.0,
                        0.0,
                        0.0,
                        0.0
                    ],
                    [
                        -0.8093233693002874,
                        -0.9265744881644877,
                        0.0,
                        0.0,
                        -0.0,
                        0.0
                    ]
                ]
            },
            "est_params": {
                "mui": [
                    -0.07615272328439657,
                    -0.01441412311632306,
                    -0.10665869297666718,
                    -0.0688219531992394,
                    10.0,
                    0.1350298149773524
                ],
                "Si": [
                    [
                        0.880489971234559,
                        0.3586728366794655,
                        0.9871599336886192,
                        1.0992442346015696,
                        0.0,
                        -1.1283572286207584
                    ],
                    [
                        0.3586728366794655,
                        1.3541452726497516,
                        1.3038426402527605,
                        1.2888153848088193,
                        0.0,
                        -1.6701689304080836
                    ],
                    [
                        0.9871599336886192,
                        1.3038426402527605,
                        2.9178044514158277,
                        1.7936181140810266,
                        0.0,
                        -2.3374354550204433
                    ],
                    [
                        1.0992442346015696,
                        1.2888153848088193,
                        1.7936181140810266,
                        2.986491749644039,
                        0.0,
                        -2.323918690813889
                    ],
                    [
                        0.0,
                        0.0,
                        0.0,
                        0.0,
                        1e-06,
                        0.0
                    ],
                    [
                        -1.1283572286207584,
                        -1.6701689304080836,
                        -2.3374354550204433,
                        -2.323918690813889,
                        0.0,
                        3.7414762702067335
                    ]
                ]
            },
            "est_tgt": [
                4
            ]
        },
        "5": {
            "intv_type": "do",
            "inode": 5,
            "new_mui": 10.0,
            "true_params": {
                "Si": [
                    [
                        1.0,
                        0.5095093240866023,
                        1.3871467282467371,
                        1.2361454502138869,
                        -0.5708074440340362,
                        0.0
                    ],
                    [
                        0.5095093240866023,
                        1.2595997513311863,
                        1.5216480753795851,
                        1.299969732556539,
                        -0.068592349945893,
                        0.0
                    ],
                    [
                        1.3871467282467371,
                        1.5216480753795851,
                        3.5882117892111642,
                        2.260803113612903,
                        -1.31447175303586,
                        0.0
                    ],
                    [
                        1.2361454502138869,
                        1.299969732556539,
                        2.260803113612903,
                        2.9771460079355765,
                        -0.5566690701518974,
                        0.0
                    ],
                    [
                        -0.5708074440340362,
                        -0.068592349945893,
                        -1.31447175303586,
                        -0.5566690701518974,
                        1.870514033931589,
                        0.0
                    ],
                    [
                        0.0,
                        0.0,
                        0.0,
                        0.0,
                        0.0,
                        0.0
                    ]
                ],
                "mui": [
                    0.0,
                    0.0,
                    0.0,
                    0.0,
                    0.0,
                    10.0
                ],
                "Ai": [
                    [
                        0.0,
                        0.0,
                        0.0,
                        0.0,
                        0.0,
                        0.0
                    ],
                    [
                        0.5095093240866023,
                        0.0,
                        0.0,
                        0.0,
                        0.0,
                        0.0
                    ],
                    [
                        0.971955791575127,
                        0.8148838834616483,
                        0.0,
                        0.0,
                        0.0,
                        0.0
                    ],
                    [
                        0.8947018019306661,
                        0.6701420997453327,
                        0.0,
                        0.0,
                        0.0,
                        0.0
                    ],
                    [
                        0.0,
                        0.7957361862756587,
                        -0.7037773514331136,
                        0.0,
                        0.0,
                        0.0
                    ],
                    [
                        0.0,
                        0.0,
                        0.0,
                        0.0,
                        0.0,
                        0.0
                    ]
                ]
            },
            "est_params": {
                "mui": [
                    0.03267629866360883,
                    -0.030079570288797396,
                    0.027526054457881154,
                    0.0939940978773983,
                    -0.16736107512061804,
                    10.000000000000002
                ],
                "Si": [
                    [
                        0.9485851163266181,
                        0.5962429942966417,
                        1.4262694224357193,
                        1.1859935703650046,
                        -0.40954792397757267,
                        0.0
                    ],
                    [
                        0.5962429942966417,
                        1.3880724713981722,
                        1.914267732308446,
                        1.2910936275483207,
                        -0.14795150474628757,
                        -1.5128839278352834e-31
                    ],
                    [
                        1.4262694224357193,
                        1.914267732308446,
                        4.166910351353404,
                        2.3093602330487184,
                        -1.297674162997849,
                        0.0
                    ],
                    [
                        1.1859935703650046,
                        1.2910936275483207,
                        2.3093602330487184,
                        2.6983600530994587,
                        -0.40382738405009067,
                        3.241894131075607e-32
                    ],
                    [
                        -0.40954792397757267,
                        -0.14795150474628757,
                        -1.297674162997849,
                        -0.40382738405009067,
                        1.6889968955981818,
                        -5.403156885126012e-32
                    ],
                    [
                        5.403156885126012e-33,
                        -1.5128839278352834e-31,
                        0.0,
                        2.1612627540504048e-32,
                        -5.403156885126012e-32,
                        1e-06
                    ]
                ]
            },
            "est_tgt": [
                5
            ]
        },
        "obs": {
            "intv_type": "obs",
            "true_params": {
                "Si": [
                    [
                        1.0,
                        0.5095093240866023,
                        1.3871467282467371,
                        1.2361454502138869,
                        -0.5708074440340362,
                        -1.281421710480865
                    ],
                    [
                        0.5095093240866023,
                        1.2595997513311863,
                        1.5216480753795851,
                        1.299969732556539,
                        -0.068592349945893,
                        -1.579470797741491
                    ],
                    [
                        1.3871467282467371,
                        1.5216480753795851,
                        3.5882117892111642,
                        2.260803113612903,
                        -1.31447175303586,
                        -2.532570550429836
                    ],
                    [
                        1.2361454502138869,
                        1.299969732556539,
                        2.260803113612903,
                        2.9771460079355765,
                        -0.5566690701518974,
                        -2.2049601902852247
                    ],
                    [
                        -0.5708074440340362,
                        -0.068592349945893,
                        -1.31447175303586,
                        -0.5566690701518974,
                        1.870514033931589,
                        0.5255237253704266
                    ],
                    [
                        -1.281421710480865,
                        -1.579470797741491,
                        -2.532570550429836,
                        -2.2049601902852247,
                        0.5255237253704266,
                        3.500581882208988
                    ]
                ],
                "mui": [
                    0.0,
                    0.0,
                    0.0,
                    0.0,
                    0.0,
                    0.0
                ],
                "Ai": [
                    [
                        0.0,
                        0.0,
                        0.0,
                        0.0,
                        0.0,
                        0.0
                    ],
                    [
                        0.5095093240866023,
                        0.0,
                        0.0,
                        0.0,
                        0.0,
                        0.0
                    ],
                    [
                        0.971955791575127,
                        0.8148838834616483,
                        0.0,
                        0.0,
                        0.0,
                        0.0
                    ],
                    [
                        0.8947018019306661,
                        0.6701420997453327,
                        0.0,
                        0.0,
                        0.0,
                        0.0
                    ],
                    [
                        0.0,
                        0.7957361862756587,
                        -0.7037773514331136,
                        0.0,
                        0.0,
                        0.0
                    ],
                    [
                        -0.8093233693002874,
                        -0.9265744881644877,
                        0.0,
                        0.0,
                        -0.0,
                        0.0
                    ]
                ]
            },
            "est_params": {
                "mui": [
                    -0.09562077144474132,
                    -0.06098401087709936,
                    -0.25735195044712583,
                    -0.14104231072038642,
                    0.09862680992280719,
                    0.14941964249637613
                ],
                "Si": [
                    [
                        0.9412477370510587,
                        0.46281557917316163,
                        1.160340744437544,
                        1.1995759869441727,
                        -0.4539475796819114,
                        -1.302625677882317
                    ],
                    [
                        0.46281557917316163,
                        1.1844385925963965,
                        1.19565815333597,
                        1.1947676860438574,
                        0.16106401032771137,
                        -1.5460581421701318
                    ],
                    [
                        1.160340744437544,
                        1.19565815333597,
                        2.735844128577707,
                        1.8553808244326058,
                        -0.9604215938723776,
                        -2.14383913645733
                    ],
                    [
                        1.1995759869441727,
