{
    "expt_args": {
        "save_dir": "expt_logs_29.04.24-10",
        "exp_name": "167",
        "num_nodes": 8,
        "obs_noise_mean": 0.0,
        "obs_noise_var": 1.0,
        "max_edge_strength": 1.0,
        "num_parents": 2,
        "new_noise_mean": 10.0,
        "mix_samples": 131072,
        "stage2_samples": 131072,
        "intv_targets": [
            0,
            1,
            2,
            3,
            4,
            5,
            6,
            7
        ]
    },
    "intv_args_dict": {
        "0": {
            "intv_type": "do",
            "inode": 0,
            "new_mui": 10.0,
            "true_params": {
                "Si": [
                    [
                        0.0,
                        0.0,
                        0.0,
                        0.0,
                        0.0,
                        0.0,
                        0.0,
                        0.0
                    ],
                    [
                        0.0,
                        1.0,
                        -0.8868613220559779,
                        -0.5072803420686458,
                        0.3988170084871572,
                        0.9950054495327612,
                        0.29475578101463423,
                        -0.9736761548407286
                    ],
                    [
                        0.0,
                        -0.8868613220559779,
                        1.786523004558877,
                        0.44988731482000793,
                        -0.35369537940533036,
                        -0.8824318484255271,
                        -0.26140750163428084,
                        1.633046650370074
                    ],
                    [
                        0.0,
                        -0.5072803420686458,
                        0.44988731482000793,
                        1.2573333454492823,
                        0.5526305385918412,
                        -0.5047467047991457,
                        0.4084355545243041,
                        -0.05731858211725205
                    ],
                    [
                        0.0,
                        0.3988170084871572,
                        -0.35369537940533036,
                        0.5526305385918412,
                        1.728993285847986,
                        0.39682509681107486,
                        1.2778561482931166,
                        -1.5346590377358176
                    ],
                    [
                        0.0,
                        0.9950054495327612,
                        -0.8824318484255271,
                        -0.5047467047991457,
                        0.39682509681107486,
                        1.990035844599892,
                        0.2932836083908462,
                        -0.9688130801466295
                    ],
                    [
                        0.0,
                        0.29475578101463423,
                        -0.26140750163428084,
                        0.4084355545243041,
                        1.2778561482931166,
                        0.2932836083908462,
                        1.9444318547076684,
                        -1.1342285149143898
                    ],
                    [
                        0.0,
                        -0.9736761548407286,
                        1.633046650370074,
                        -0.05731858211725205,
                        -1.5346590377358176,
                        -0.9688130801466295,
                        -1.1342285149143898,
                        3.377260069624545
                    ]
                ],
                "mui": [
                    10.0,
                    7.66553997337809,
                    -0.1307582162621257,
                    2.805137174035794,
                    8.110518041001516,
                    -0.3112104941614681,
                    14.937535491591591,
                    -6.022775502631259
                ],
                "Ai": [
                    [
                        0.0,
                        0.0,
                        0.0,
                        0.0,
                        0.0,
                        0.0,
                        0.0,
                        0.0
                    ],
                    [
                        0.766553997337809,
                        0.0,
                        0.0,
                        0.0,
                        0.0,
                        0.0,
                        0.0,
                        0.0
                    ],
                    [
                        0.6667512698800914,
                        -0.8868613220559779,
                        0.0,
                        0.0,
                        0.0,
                        0.0,
                        0.0,
                        0.0
                    ],
                    [
                        0.669371491387191,
                        -0.5072803420686458,
                        0.0,
                        0.0,
                        0.0,
                        0.0,
                        0.0,
                        0.0
                    ],
                    [
                        -0.0,
                        0.7817845321576813,
                        0.0,
                        0.7549425670800003,
                        0.0,
                        0.0,
                        0.0,
                        0.0
                    ],
                    [
                        -0.7938464541283885,
                        0.9950054495327612,
                        -0.0,
                        0.0,
                        -0.0,
                        0.0,
                        0.0,
                        0.0
                    ],
                    [
                        0.8943252327297543,
                        0.0,
                        0.0,
                        0.0,
                        0.7390752519124972,
                        -0.0,
                        0.0,
                        0.0
                    ],
                    [
                        -0.0,
                        -0.0,
                        0.7695309284336443,
                        0.0,
                        -0.7301818430255844,
                        0.0,
                        0.0,
                        0.0
                    ]
                ]
            },
            "est_params": {
                "mui": [
                    10.0,
                    7.674996811797176,
                    -0.12261669300230973,
                    2.8073898678012488,
                    8.121526346425586,
                    -0.30478822502650516,
                    14.94875099623441,
                    -6.015475824803848
                ],
                "Si": [
                    [
                        1e-06,
                        0.0,
                        0.0,
                        0.0,
                        0.0,
                        0.0,
                        0.0,
                        0.0
                    ],
                    [
                        0.0,
                        1.0027385491238825,
                        -0.8934231645843619,
                        -0.49810814441750045,
                        0.4063609420738167,
                        0.9967297218569432,
                        0.3010834278493903,
                        -0.9938902714794889
                    ],
                    [
                        0.0,
                        -0.8934231645843619,
                        1.7974239059399844,
                        0.4369144429632481,
                        -0.36094181743877607,
                        -0.9011983792708017,
                        -0.26776947030496534,
                        1.6612244358413573
                    ],
                    [
                        0.0,
                        -0.49810814441750045,
                        0.4369144429632481,
                        1.241266032785849,
                        0.5388991941003288,
                        -0.4985385930662684,
                        0.4027123750905318,
                        -0.042202887982840116
                    ],
                    [
                        0.0,
                        0.4063609420738167,
                        -0.36094181743877607,
                        0.5388991941003288,
                        1.7090546878659019,
                        0.3898935017255812,
                        1.264344603472662,
                        -1.5159209697165303
                    ],
                    [
                        0.0,
                        0.9967297218569432,
                        -0.9011983792708017,
                        -0.4985385930662684,
                        0.3898935017255812,
                        1.9960980094061995,
                        0.2773916498306989,
                        -0.9929981993156398
                    ],
                    [
                        0.0,
                        0.3010834278493903,
                        -0.26776947030496534,
                        0.4027123750905318,
                        1.264344603472662,
                        0.2773916498306989,
                        1.936965038159204,
                        -1.1045741093114922
                    ],
                    [
                        0.0,
                        -0.9938902714794889,
                        1.6612244358413573,
                        -0.042202887982840116,
                        -1.5159209697165303,
                        -0.9929981993156398,
                        -1.1045741093114922,
                        3.391036461019353
                    ]
                ]
            },
            "est_tgt": [
                0,
                1,
                5
            ]
        },
        "1": {
            "intv_type": "do",
            "inode": 1,
            "new_mui": 10.0,
            "true_params": {
                "Si": [
                    [
                        1.0,
                        0.0,
                        0.6667512698800914,
                        0.669371491387191,
                        0.5053370320380143,
                        -0.7938464541283885,
                        1.2678073269839634,
                        0.144097798342542
                    ],
                    [
                        0.0,
                        0.0,
                        0.0,
                        0.0,
                        0.0,
                        0.0,
                        0.0,
                        0.0
                    ],
                    [
                        0.6667512698800914,
                        0.0,
                        1.4445572558867144,
                        0.4463042919039402,
                        0.3369341078287824,
                        -0.5292981313799108,
                        0.8453121452298418,
                        0.8656083184654595
                    ],
                    [
                        0.669371491387191,
                        0.0,
                        0.4463042919039402,
                        1.4480581934819123,
                        1.0932007698684627,
                        -0.5313781849323527,
                        1.4065934491989822,
                        -0.4547903968267825
                    ],
                    [
                        0.5053370320380143,
                        0.0,
                        0.3369341078287824,
                        1.0932007698684627,
                        1.8253037955383298,
                        -0.40116001102314147,
                        1.800972521288689,
                        -1.0735224726893278
                    ],
                    [
                        -0.7938464541283885,
                        0.0,
                        -0.5292981313799108,
                        -0.5313781849323527,
                        -0.40116001102314147,
                        1.6301921927322156,
                        -1.0064443510442098,
                        -0.11439152626193454
                    ],
                    [
                        1.2678073269839634,
                        0.0,
                        0.8453121452298418,
                        1.4065934491989822,
                        1.800972521288689,
                        -1.0064443510442098,
                        3.464886302620344,
                        -0.6645435948980527
                    ],
                    [
                        0.144097798342542,
                        0.0,
                        0.8656083184654595,
                        -0.4547903968267825,
                        -1.0735224726893278,
                        -0.11439152626193454,
                        -0.6645435948980527,
                        2.4499789906062865
                    ]
                ],
                "mui": [
                    0.0,
                    10.0,
                    -8.868613220559778,
                    -5.0728034206864585,
                    3.9881700848715718,
                    9.950054495327612,
                    2.947557810146342,
                    -9.736761548407285
                ],
                "Ai": [
                    [
                        0.0,
                        0.0,
                        0.0,
                        0.0,
                        0.0,
                        0.0,
                        0.0,
                        0.0
                    ],
                    [
                        0.0,
                        0.0,
                        0.0,
                        0.0,
                        0.0,
                        0.0,
                        0.0,
                        0.0
                    ],
                    [
                        0.6667512698800914,
                        -0.8868613220559779,
                        0.0,
                        0.0,
                        0.0,
                        0.0,
                        0.0,
                        0.0
                    ],
                    [
                        0.669371491387191,
                        -0.5072803420686458,
                        0.0,
                        0.0,
                        0.0,
                        0.0,
                        0.0,
                        0.0
                    ],
                    [
                        -0.0,
                        0.7817845321576813,
                        0.0,
                        0.7549425670800003,
                        0.0,
                        0.0,
                        0.0,
                        0.0
                    ],
                    [
                        -0.7938464541283885,
                        0.9950054495327612,
                        -0.0,
                        0.0,
                        -0.0,
                        0.0,
                        0.0,
                        0.0
                    ],
                    [
                        0.8943252327297543,
                        0.0,
                        0.0,
                        0.0,
                        0.7390752519124972,
                        -0.0,
                        0.0,
                        0.0
                    ],
                    [
                        -0.0,
                        -0.0,
                        0.7695309284336443,
                        0.0,
                        -0.7301818430255844,
                        0.0,
                        0.0,
                        0.0
                    ]
                ]
            },
            "est_params": {
                "mui": [
                    0.008595187294030533,
                    10.0,
                    -8.854285080511662,
                    -5.062086545563231,
                    4.016358090029307,
                    9.950106886837967,
                    2.9658105682257716,
                    -9.746436207221251
                ],
                "Si": [
                    [
                        1.0025119078117704,
                        -4.671470811057326e-28,
                        0.6742997244225567,
                        0.6757853409311174,
                        0.5225320309381308,
                        -0.7963234250303844,
                        1.2840013559909575,
                        0.1361814281814223
                    ],
                    [
                        -4.671470811057326e-28,
                        1e-06,
                        -3.3887340825159075e-28,
                        -2.995768352206864e-28,
                        -1.3205761466837016e-28,
                        3.6087493720295057e-28,
                        -4.971924458773566e-28,
                        -7.365834481179312e-29
                    ],
                    [
                        0.6742997244225567,
                        -3.3887340825159075e-28,
                        1.4502241216501723,
                        0.45638266728947824,
                        0.35523355518809646,
                        -0.5420404142319911,
                        0.8701951413317388,
                        0.8471929020190289
                    ],
                    [
                        0.6757853409311174,
                        -2.9957683522068636e-28,
                        0.45638266728947824,
                        1.4556283952247013,
                        1.1057551449052612,
                        -0.5415574482393749,
                        1.4217650811780767,
                        -0.45189634157937986
                    ],
                    [
                        0.5225320309381308,
                        -1.3205761466837016e-28,
                        0.35523355518809646,
                        1.1057551449052612,
                        1.827795578653294,
                        -0.4152334890025289,
                        1.8363866484585856,
                        -1.058238509948057
                    ],
                    [
                        -0.7963234250303844,
                        3.6087493720295057e-28,
                        -0.5420404142319911,
                        -0.5415574482393749,
                        -0.4152334890025289,
                        1.6373196713692018,
                        -1.031258834674429,
                        -0.11249553176023981
                    ],
                    [
                        1.2840013559909575,
                        -4.971924458773565e-28,
                        0.8701951413317388,
                        1.4217650811780767,
                        1.8363866484585856,
                        -1.031258834674429,
                        3.5316985722177985,
                        -0.6803082695110229
                    ],
                    [
                        0.1361814281814223,
                        -7.365834481179311e-29,
                        0.8471929020190289,
                        -0.45189634157937986,
                        -1.058238509948057,
                        -0.11249553176023981,
                        -0.6803082695110229,
                        2.419025939973381
                    ]
                ]
            },
            "est_tgt": [
                1,
                5
            ]
        },
        "2": {
            "intv_type": "do",
            "inode": 2,
            "new_mui": 10.0,
            "true_params": {
                "Si": [
                    [
                        1.0,
                        0.766553997337809,
                        0.0,
                        0.2805137174035794,
                        0.8110518041001515,
                        -0.031121049416146813,
                        1.4937535491591591,
                        -0.5922153011070739
                    ],
                    [
                        0.766553997337809,
                        1.5876050308345737,
                        0.0,
                        -0.2922514306848435,
                        1.02053201096817,
                        0.9711494847014663,
                        1.439798535160127,
                        -0.7451739446353443
                    ],
                    [
                        0.0,
                        0.0,
                        0.0,
                        0.0,
                        0.0,
                        0.0,
                        0.0,
                        0.0
                    ],
                    [
                        0.2805137174035794,
                        -0.2922514306848435,
                        0.0,
                        1.3360212911008575,
                        0.7801416951668543,
                        -0.5134765860603696,
                        0.8274539154837302,
                        -0.5696453007980374
                    ],
                    [
                        0.8110518041001515,
                        1.02053201096817,
                        0.0,
                        0.7801416951668543,
                        2.3867983147820966,
                        0.371584313536619,
                        2.489367659219657,
                        -1.7427967924179504
                    ],
                    [
                        -0.031121049416146813,
                        0.9711494847014663,
                        0.0,
                        -0.5134765860603696,
                        0.371584313536619,
                        1.9910043643166544,
                        0.24679643037191937,
                        -0.2713241188975651
                    ],
                    [
                        1.4937535491591591,
                        1.439798535160127,
                        0.0,
                        0.8274539154837302,
                        2.489367659219657,
                        0.24679643037191937,
                        4.175731520333253,
                        -1.8176910653772942
                    ],
                    [
                        -0.5922153011070739,
                        -0.7451739446353443,
                        0.0,
                        -0.5696453007980374,
                        -1.7427967924179504,
                        -0.2713241188975651,
                        -1.8176910653772942,
                        2.2725585739068155
                    ]
                ],
                "mui": [
                    0.0,
                    0.0,
                    10.0,
                    0.0,
                    0.0,
                    0.0,
                    0.0,
                    7.695309284336443
                ],
                "Ai": [
                    [
                        0.0,
                        0.0,
                        0.0,
                        0.0,
                        0.0,
                        0.0,
                        0.0,
                        0.0
                    ],
                    [
                        0.766553997337809,
                        0.0,
                        0.0,
                        0.0,
                        0.0,
                        0.0,
                        0.0,
                        0.0
                    ],
                    [
                        0.0,
                        0.0,
                        0.0,
                        0.0,
                        0.0,
                        0.0,
                        0.0,
                        0.0
                    ],
                    [
                        0.669371491387191,
                        -0.5072803420686458,
                        0.0,
                        0.0,
                        0.0,
                        0.0,
                        0.0,
                        0.0
                    ],
                    [
                        -0.0,
                        0.7817845321576813,
                        0.0,
                        0.7549425670800003,
                        0.0,
                        0.0,
                        0.0,
                        0.0
                    ],
                    [
                        -0.7938464541283885,
                        0.9950054495327612,
                        -0.0,
                        0.0,
                        -0.0,
                        0.0,
                        0.0,
                        0.0
                    ],
                    [
                        0.8943252327297543,
                        0.0,
                        0.0,
                        0.0,
                        0.7390752519124972,
                        -0.0,
                        0.0,
                        0.0
                    ],
                    [
                        -0.0,
                        -0.0,
                        0.7695309284336443,
                        0.0,
                        -0.7301818430255844,
                        0.0,
                        0.0,
                        0.0
                    ]
                ]
            },
            "est_params": {
                "mui": [
                    0.0038160204555272165,
                    0.02037612918006088,
                    10.0,
                    -0.0028205074495906797,
                    0.009843520325045608,
                    0.011738703861991613,
                    0.008663134755110623,
                    7.690922266303909
                ],
                "Si": [
                    [
                        1.0000027465929306,
                        0.7748908153152259,
                        0.0,
                        0.2829395354070184,
                        0.8316276016593427,
                        0.0006505909017954148,
                        1.52051249410175,
                        -0.619071261955259
                    ],
                    [
                        0.7748908153152259,
                        1.580648154605492,
                        0.0,
                        -0.2661139840105081,
                        1.0394578415715399,
                        0.9631177398358008,
                        1.4731443884997684,
                        -0.7675501014716999
                    ],
                    [
                        0.0,
                        0.0,
                        1e-06,
                        0.0,
                        0.0,
                        0.0,
                        0.0,
                        0.0
                    ],
                    [
                        0.2829395354070184,
                        -0.2661139840105081,
                        0.0,
                        1.3103836147937842,
                        0.7970357429238961,
                        -0.48465074293205224,
                        0.8509319254558605,
                        -0.584012261773595
                    ],
                    [
                        0.8316276016593427,
                        1.0394578415715399,
                        0.0,
                        0.7970357429238961,
                        2.4067035598174216,
                        0.39189407942185595,
                        2.540266064913119,
                        -1.7639032127626284
                    ],
                    [
                        0.0006505909017954148,
                        0.9631177398358008,
                        0.0,
                        -0.48465074293205224,
                        0.39189407942185595,
                        1.9616101017384115,
                        0.2933830447351394,
                        -0.2786571450025217
                    ],
                    [
                        1.52051249410175,
                        1.4731443884997684,
                        0.0,
                        0.8509319254558605,
                        2.540266064913119,
                        0.2933830447351394,
                        4.26210346738956,
                        -1.8728020643737093
                    ],
                    [
                        -0.619071261955259,
                        -0.7675501014716999,
                        0.0,
                        -0.584012261773595,
                        -1.7639032127626284,
                        -0.2786571450025217,
                        -1.8728020643737093,
                        2.2929362988033835
                    ]
                ]
            },
            "est_tgt": [
                2
            ]
        },
        "3": {
            "intv_type": "do",
            "inode": 3,
            "new_mui": 10.0,
            "true_params": {
                "Si": [
                    [
                        1.0,
                        0.766553997337809,
                        -0.01307582162621257,
                        0.0,
                        0.5992800581823395,
                        -0.031121049416146813,
                        1.3372382926970028,
                        -0.4476456665281122
                    ],
                    [
                        0.766553997337809,
                        1.5876050308345737,
                        -0.8968846453920273,
                        0.0,
                        1.2411650562821883,
                        0.9711494847014663,
                        1.6028629587058068,
                        -1.5964566621614882
                    ],
                    [
                        -0.01307582162621257,
                        -0.8968846453920273,
                        1.7866939816700773,
                        0.0,
                        -0.7011705428972139,
                        -0.8820249151345411,
                        -0.5299118328443762,
                        1.8868982778293164
                    ],
                    [
                        0.0,
                        0.0,
                        0.0,
                        0.0,
                        0.0,
                        0.0,
                        0.0,
                        0.0
                    ],
                    [
                        0.5992800581823395,
                        1.2411650562821883,
                        -0.7011705428972139,
                        0.0,
                        1.970323642856033,
                        0.7592296455525092,
                        1.9921687201971932,
                        -1.978266967763517
                    ],
                    [
                        -0.031121049416146813,
                        0.9711494847014663,
                        -0.8820249151345411,
                        0.0,
                        0.7592296455525092,
                        1.9910043643166544,
                        0.533295501784267,
                        -1.2331211537142819
                    ],
                    [
                        1.3372382926970028,
                        1.6028629587058068,
                        -0.5299118328443762,
                        0.0,
                        1.9921687201971932,
                        0.533295501784267,
                        3.668288546063324,
                        -1.862428972448213
                    ],
                    [
                        -0.4476456665281122,
                        -1.5964566621614882,
                        1.8868982778293164,
                        0.0,
                        -1.978266967763517,
                        -1.2331211537142819,
                        -1.862428972448213,
                        3.8965212041160373
                    ]
                ],
                "mui": [
                    0.0,
                    0.0,
                    0.0,
                    10.0,
                    7.549425670800003,
                    0.0,
                    5.579593679441186,
                    -5.512453550089406
                ],
                "Ai": [
                    [
                        0.0,
                        0.0,
                        0.0,
                        0.0,
                        0.0,
                        0.0,
                        0.0,
                        0.0
                    ],
                    [
                        0.766553997337809,
                        0.0,
                        0.0,
                        0.0,
                        0.0,
                        0.0,
                        0.0,
                        0.0
                    ],
                    [
                        0.6667512698800914,
                        -0.8868613220559779,
                        0.0,
                        0.0,
                        0.0,
                        0.0,
                        0.0,
                        0.0
                    ],
                    [
                        0.0,
                        0.0,
                        0.0,
                        0.0,
                        0.0,
                        0.0,
                        0.0,
                        0.0
                    ],
                    [
                        -0.0,
                        0.7817845321576813,
                        0.0,
                        0.7549425670800003,
                        0.0,
                        0.0,
                        0.0,
                        0.0
                    ],
                    [
                        -0.7938464541283885,
                        0.9950054495327612,
                        -0.0,
                        0.0,
                        -0.0,
                        0.0,
                        0.0,
                        0.0
                    ],
                    [
                        0.8943252327297543,
                        0.0,
                        0.0,
                        0.0,
                        0.7390752519124972,
                        -0.0,
                        0.0,
                        0.0
                    ],
                    [
                        -0.0,
                        -0.0,
                        0.7695309284336443,
                        0.0,
                        -0.7301818430255844,
                        0.0,
                        0.0,
                        0.0
                    ]
                ]
            },
            "est_params": {
                "mui": [
                    0.0028858220614904687,
                    -0.007916140529669343,
                    0.013877873018896142,
                    10.0,
                    7.55841287745143,
                    0.0030954212401253273,
                    5.586035042855885,
                    -5.506760277264832
                ],
                "Si": [
                    [
                        0.9886932528469679,
                        0.7630973171796568,
                        -0.014360361026010288,
                        0.0,
                        0.5879084643065862,
                        -0.03903773544222328,
                        1.3293793975746997,
                        -0.4367450105529013
                    ],
                    [
                        0.7630973171796568,
                        1.5903009846335412,
                        -0.9054467987894039,
                        0.0,
                        1.236541748773171,
                        0.9641601174601396,
                        1.6088450562386056,
                        -1.5873623107435366
                    ],
                    [
                        -0.014360361026010288,
                        -0.9054467987894039,
                        1.8066654440347212,
                        0.0,
                        -0.7051172334094656,
                        -0.8880184413151088,
                        -0.522321164485045,
                        1.891213694689037
                    ],
                    [
                        0.0,
                        0.0,
                        0.0,
                        1e-06,
                        0.0,
                        0.0,
                        0.0,
                        0.0
                    ],
                    [
                        0.5879084643065862,
                        1.236541748773171,
                        -0.7051172334094656,
                        0.0,
                        1.9658138286765447,
                        0.7466135829612219,
                        1.9805572184671947,
                        -1.9664657972409827
                    ],
                    [
                        -0.03903773544222328,
                        0.9641601174601396,
                        -0.8880184413151088,
                        0.0,
                        0.7466135829612219,
                        1.9857530058426003,
                        0.5296353053081206,
                        -1.2135878933501192
                    ],
                    [
                        1.3293793975746997,
                        1.6088450562386056,
                        -0.522321164485045,
                        0.0,
                        1.9805572184671947,
                        0.5296353053081206,
                        3.6657354223804957,
                        -1.8203365542558845
                    ],
                    [
                        -0.4367450105529013,
                        -1.5873623107435366,
                        1.891213694689037,
                        0.0,
                        -1.9664657972409827,
                        -1.2135878933501192,
                        -1.8203365542558845,
                        3.871737956128457
                    ]
                ]
            },
            "est_tgt": [
                3
            ]
        },
        "4": {
            "intv_type": "do",
            "inode": 4,
            "new_mui": 10.0,
            "true_params": {
                "Si": [
                    [
                        1.0,
                        0.766553997337809,
                        -0.01307582162621257,
                        0.2805137174035794,
                        0.0,
                        -0.031121049416146813,
                        0.8943252327297543,
                        -0.010062249156052083
                    ],
                    [
                        0.766553997337809,
                        1.5876050308345737,
                        -0.8968846453920273,
                        -0.2922514306848435,
                        0.0,
                        0.9711494847014663,
                        0.6855485820690596,
                        -0.6901804738664067
                    ],
                    [
                        -0.01307582162621257,
                        -0.8968846453920273,
                        1.7866939816700773,
                        0.44621936748753294,
                        0.0,
                        -0.8820249151345411,
                        -0.01169403721899531,
                        1.3749162785413795
                    ],
                    [
                        0.2805137174035794,
                        -0.2922514306848435,
                        0.44621936748753294,
                        1.3360212911008575,
                        0.0,
                        -0.5134765860603696,
                        0.2508704956008447,
                        0.34337960414775476
                    ],
                    [
                        0.0,
                        0.0,
