{
    "expt_args": {
        "save_dir": "expt_logs_30.04.24-allunk",
        "exp_name": "105",
        "num_nodes": 6,
        "obs_noise_mean": 0.0,
        "obs_noise_var": 1.0,
        "max_edge_strength": 1.0,
        "graph_sparsity_method": "num_parents",
        "adj_dense_prop": null,
        "num_parents": 2,
        "new_noise_mean": 1.0,
        "mix_samples": 2048,
        "stage2_samples": 2048,
        "gmm_tol": 0.001,
        "intv_targets": [
            0,
            1,
            2,
            3,
            4,
            5
        ]
    },
    "intv_args_dict": {
        "0": {
            "intv_type": "do",
            "inode": 0,
            "new_mui": 1.0,
            "true_params": {
                "Si": [
                    [
                        0.0,
                        0.0,
                        0.0,
                        0.0,
                        0.0,
                        0.0
                    ],
                    [
                        0.0,
                        1.0,
                        -0.503644851272705,
                        -0.933290901732397,
                        -0.2595380426403576,
                        -0.143709810151735
                    ],
                    [
                        0.0,
                        -0.503644851272705,
                        1.253658136213505,
                        0.47004715739718184,
                        -0.8628692582073073,
                        -0.47778266346321885
                    ],
                    [
                        0.0,
                        -0.933290901732397,
                        0.47004715739718184,
                        1.8710319072564707,
                        1.0564954104738329,
                        0.5849961466950079
                    ],
                    [
                        0.0,
                        -0.2595380426403576,
                        -0.8628692582073073,
                        1.0564954104738329,
                        2.7176067971796183,
                        1.5047765364822796
                    ],
                    [
                        0.0,
                        -0.143709810151735,
                        -0.47778266346321885,
                        0.5849961466950079,
                        1.5047765364822796,
                        1.8332156171737544
                    ]
                ],
                "mui": [
                    1.0,
                    -0.6645632581282632,
                    1.187347435862163,
                    1.4805690996708158,
                    0.025854637942536098,
                    -0.7214525346308504
                ],
                "Ai": [
                    [
                        0.0,
                        0.0,
                        0.0,
                        0.0,
                        0.0,
                        0.0
                    ],
                    [
                        -0.6645632581282632,
                        0.0,
                        0.0,
                        0.0,
                        0.0,
                        0.0
                    ],
                    [
                        0.8526435725608495,
                        -0.503644851272705,
                        0.0,
                        0.0,
                        0.0,
                        0.0
                    ],
                    [
                        0.8603382572340693,
                        -0.933290901732397,
                        -0.0,
                        0.0,
                        0.0,
                        0.0
                    ],
                    [
                        0.0,
                        0.0,
                        -0.9935842570925192,
                        0.8142709166241522,
                        0.0,
                        0.0
                    ],
                    [
                        -0.7357686058798439,
                        0.0,
                        -0.0,
                        0.0,
                        0.5537138551625511,
                        0.0
                    ]
                ]
            },
            "est_params": {
                "mui": [
                    1.0000007568031088,
                    -0.5983106226474262,
                    1.2065614656745518,
                    1.6082906455309596,
                    0.07375686332365754,
                    -0.7348808205951658
                ],
                "Si": [
                    [
                        1.0004299434407208e-06,
                        1.7000520850736663e-07,
                        1.050690517568873e-09,
                        -5.396930108466688e-07,
                        -1.2607341289681713e-06,
                        -7.597494033407252e-07
                    ],
                    [
                        1.7000520850736657e-07,
                        1.0517938442595782,
                        -0.4863802193881627,
                        -0.9604340499438005,
                        -0.2895404284196888,
                        -0.07782907561849046
                    ],
                    [
                        1.0506905175688817e-09,
                        -0.48638021938816284,
                        1.2429170105558287,
                        0.34564157853919647,
                        -0.823512371047742,
                        -0.4919605937979305
                    ],
                    [
                        -5.396930108466688e-07,
                        -0.9604340499438005,
                        0.34564157853919647,
                        1.8491303838287947,
                        1.1067359183659435,
                        0.5458010502372426
                    ],
                    [
                        -1.2607341289681716e-06,
                        -0.2895404284196888,
                        -0.823512371047742,
                        1.1067359183659435,
                        2.412118714741333,
                        1.2845790754505295
                    ],
                    [
                        -7.597494033407252e-07,
                        -0.07782907561849046,
                        -0.49196059379793056,
                        0.5458010502372426,
                        1.2845790754505295,
                        1.6562969150191231
                    ]
                ]
            },
            "est_tgt": [
                0
            ]
        },
        "1": {
            "intv_type": "do",
            "inode": 1,
            "new_mui": 1.0,
            "true_params": {
                "Si": [
                    [
                        1.0,
                        0.0,
                        0.8526435725608495,
                        0.8603382572340693,
                        -0.14662480928277197,
                        -0.8169567942902815
                    ],
                    [
                        0.0,
                        0.0,
                        0.0,
                        0.0,
                        0.0,
                        0.0
                    ],
                    [
                        0.8526435725608495,
                        0.0,
                        1.7270010618293288,
                        0.733561885258832,
                        -1.118602958305435,
                        -1.2467343291350428
                    ],
                    [
                        0.8603382572340693,
                        0.0,
                        0.733561885258832,
                        1.7401819168605557,
                        0.6881239837385343,
                        -0.2519860962445292
                    ],
                    [
                        -0.14662480928277197,
                        0.0,
                        -1.118602958305435,
                        0.6881239837385343,
                        2.6717456362992396,
                        1.5872645078023582
                    ],
                    [
                        -0.8169567942902815,
                        0.0,
                        -1.2467343291350428,
                        -0.2519860962445292,
                        1.5872645078023582,
                        2.47998151137696
                    ]
                ],
                "mui": [
                    0.0,
                    1.0,
                    -0.503644851272705,
                    -0.933290901732397,
                    -0.2595380426403576,
                    -0.143709810151735
                ],
                "Ai": [
                    [
                        0.0,
                        0.0,
                        0.0,
                        0.0,
                        0.0,
                        0.0
                    ],
                    [
                        0.0,
                        0.0,
                        0.0,
                        0.0,
                        0.0,
                        0.0
                    ],
                    [
                        0.8526435725608495,
                        -0.503644851272705,
                        0.0,
                        0.0,
                        0.0,
                        0.0
                    ],
                    [
                        0.8603382572340693,
                        -0.933290901732397,
                        -0.0,
                        0.0,
                        0.0,
                        0.0
                    ],
                    [
                        0.0,
                        0.0,
                        -0.9935842570925192,
                        0.8142709166241522,
                        0.0,
                        0.0
                    ],
                    [
                        -0.7357686058798439,
                        0.0,
                        -0.0,
                        0.0,
                        0.5537138551625511,
                        0.0
                    ]
                ]
            },
            "est_params": {
                "mui": [
                    -0.10208406245263223,
                    1.0000077116925377,
                    -0.5113639146422062,
                    -0.8925223900166649,
                    -0.22738325217296548,
                    -0.1157616217096005
                ],
                "Si": [
                    [
                        1.105641412530848,
                        -2.500524427007315e-06,
                        0.9927592597340499,
                        1.0145694421778093,
                        -0.17805901047357578,
                        -0.9575219889288135
                    ],
                    [
                        -2.500524427007315e-06,
                        1.0177489366717103e-06,
                        -1.3420393652842717e-06,
                        5.567845684721439e-06,
                        1.425919679259742e-05,
                        2.17612503669508e-05
                    ],
                    [
                        0.9927592597340499,
                        -1.3420393652842717e-06,
                        1.9175177993338657,
                        0.9519116366698472,
                        -1.2369838531761137,
                        -1.5002449040189376
                    ],
                    [
                        1.0145694421778093,
                        5.5678456847214396e-06,
                        0.9519116366698472,
                        1.977857460065598,
                        0.6667947760295877,
                        -0.34112719933665464
                    ],
                    [
                        -0.17805901047357578,
                        1.425919679259742e-05,
                        -1.2369838531761135,
                        0.6667947760295877,
                        2.9566756886374117,
                        2.004932112006354
                    ],
                    [
                        -0.9575219889288134,
                        2.1761250366950798e-05,
                        -1.5002449040189372,
                        -0.34112719933665475,
                        2.004932112006354,
                        3.0392000259885545
                    ]
                ]
            },
            "est_tgt": [
                1,
                3
            ]
        },
        "2": {
            "intv_type": "do",
            "inode": 2,
            "new_mui": 1.0,
            "true_params": {
                "Si": [
                    [
                        1.0,
                        -0.6645632581282632,
                        0.0,
                        1.4805690996708158,
                        1.205584357914351,
                        -0.06821984333541975
                    ],
                    [
                        -0.6645632581282632,
                        1.4416443240540526,
                        0.0,
                        -1.9172227264936637,
                        -1.5611387068746518,
                        -0.37545934987504426
                    ],
                    [
                        0.0,
                        0.0,
                        0.0,
                        0.0,
                        0.0,
                        0.0
                    ],
                    [
                        1.4805690996708158,
                        -1.9172227264936637,
                        0.0,
                        4.06311676615652,
                        3.3084778135292314,
                        0.742593742475467
                    ],
                    [
                        1.205584357914351,
                        -1.5611387068746518,
                        0.0,
                        3.3084778135292314,
                        3.6939972618531183,
                        1.1583863425274092
                    ],
                    [
                        -0.06821984333541975,
                        -0.37545934987504426,
                        0.0,
                        0.742593742475467,
                        1.1583863425274092,
                        1.6916085865127424
                    ]
                ],
                "mui": [
                    0.0,
                    0.0,
                    1.0,
                    0.0,
                    -0.9935842570925192,
                    -0.5501613694235181
                ],
                "Ai": [
                    [
                        0.0,
                        0.0,
                        0.0,
                        0.0,
                        0.0,
                        0.0
                    ],
                    [
                        -0.6645632581282632,
                        0.0,
                        0.0,
                        0.0,
                        0.0,
                        0.0
                    ],
                    [
                        0.0,
                        0.0,
                        0.0,
                        0.0,
                        0.0,
                        0.0
                    ],
                    [
                        0.8603382572340693,
                        -0.933290901732397,
                        -0.0,
                        0.0,
                        0.0,
                        0.0
                    ],
                    [
                        0.0,
                        0.0,
                        -0.9935842570925192,
                        0.8142709166241522,
                        0.0,
                        0.0
                    ],
                    [
                        -0.7357686058798439,
                        0.0,
                        -0.0,
                        0.0,
                        0.5537138551625511,
                        0.0
                    ]
                ]
            },
            "est_params": {
                "mui": [
                    0.06474726632245738,
                    -0.07460655390884731,
                    0.9999991876595254,
                    0.12100899065101932,
                    -0.8025330231957151,
                    -0.46216822600339647
                ],
                "Si": [
                    [
                        1.0603356604370198,
                        -0.7082685970878366,
                        9.388657682015438e-07,
                        1.5366075750492025,
                        1.287904194736138,
                        0.039808680239287186
                    ],
                    [
                        -0.7082685970878367,
                        1.4482053428572863,
                        1.9900425004325065e-06,
                        -1.9637826336090447,
                        -1.6099693013335452,
                        -0.436951516779376
                    ],
                    [
                        9.388657682015438e-07,
                        1.9900425004325065e-06,
                        1.0039347141745692e-06,
                        -4.9999634800848025e-06,
                        -4.363621086590003e-06,
                        -6.2465819406245485e-06
                    ],
                    [
                        1.5366075750492028,
                        -1.9637826336090447,
                        -4.9999634800848025e-06,
                        4.064731960916209,
                        3.3503565446013748,
                        0.9558192338270254
                    ],
                    [
                        1.287904194736138,
                        -1.6099693013335454,
                        -4.363621086590003e-06,
                        3.3503565446013748,
                        3.817944819229684,
                        1.2780990725295573
                    ],
                    [
                        0.0398086802392872,
                        -0.43695151677937594,
                        -6.2465819406245485e-06,
                        0.9558192338270256,
                        1.2780990725295573,
                        1.6915114128465216
                    ]
                ]
            },
            "est_tgt": [
                2
            ]
        },
        "3": {
            "intv_type": "do",
            "inode": 3,
            "new_mui": 1.0,
            "true_params": {
                "Si": [
                    [
                        1.0,
                        -0.6645632581282632,
                        1.187347435862163,
                        0.0,
                        -1.1797297199718149,
                        -1.3890012971752745
                    ],
                    [
                        -0.6645632581282632,
                        1.4416443240540526,
                        -1.292712331779503,
                        0.0,
                        1.2844186218054756,
                        1.2001651686744799
                    ],
                    [
                        1.187347435862163,
                        -1.292712331779503,
                        2.6634520696619584,
                        0.0,
                        -2.64636404593661,
                        -2.3389414056184377
                    ],
                    [
                        0.0,
                        0.0,
                        0.0,
                        0.0,
                        0.0,
                        0.0
                    ],
                    [
                        -1.1797297199718149,
                        1.2844186218054756,
                        -2.64636404593661,
                        0.0,
                        3.6293856545782797,
                        2.8776492140468797
                    ],
                    [
                        -1.3890012971752745,
                        1.2001651686744799,
                        -2.3389414056184377,
                        0.0,
                        2.8776492140468797,
                        3.6153777881033293
                    ]
                ],
                "mui": [
                    0.0,
                    0.0,
                    0.0,
                    1.0,
                    0.8142709166241522,
                    0.45087308839070356
                ],
                "Ai": [
                    [
                        0.0,
                        0.0,
                        0.0,
                        0.0,
                        0.0,
                        0.0
                    ],
                    [
                        -0.6645632581282632,
                        0.0,
                        0.0,
                        0.0,
                        0.0,
                        0.0
                    ],
                    [
                        0.8526435725608495,
                        -0.503644851272705,
                        0.0,
                        0.0,
                        0.0,
                        0.0
                    ],
                    [
                        0.0,
                        0.0,
                        0.0,
                        0.0,
                        0.0,
                        0.0
                    ],
                    [
                        0.0,
                        0.0,
                        -0.9935842570925192,
                        0.8142709166241522,
                        0.0,
                        0.0
                    ],
                    [
                        -0.7357686058798439,
                        0.0,
                        -0.0,
                        0.0,
                        0.5537138551625511,
                        0.0
                    ]
                ]
            },
            "est_params": {
                "mui": [
                    0.0881651179923176,
                    -0.06673112655269764,
                    0.19585850532555382,
                    1.0000009346724696,
                    0.6296853224684529,
                    0.28540669530128926
                ],
                "Si": [
                    [
                        0.9389966522490013,
                        -0.6504074934010817,
                        1.1426801534535411,
                        8.010292310871105e-07,
                        -1.141787361547917,
                        -1.3368894892383383
                    ],
                    [
                        -0.6504074934010817,
                        1.6518234769182394,
                        -1.4810071760717765,
                        -1.7178296754723846e-07,
                        1.506677389576956,
                        1.2526457736804868
                    ],
                    [
                        1.1426801534535411,
                        -1.4810071760717762,
                        2.7658762292995487,
                        -1.2694781303306352e-07,
                        -2.8040801221776874,
                        -2.4398437978690852
                    ],
                    [
                        8.010292310871105e-07,
                        -1.7178296754723838e-07,
                        -1.2694781303306352e-07,
                        1.0011281612376042e-06,
                        4.698333457419594e-07,
                        9.770090024881294e-07
                    ],
                    [
                        -1.1417873615479173,
                        1.506677389576956,
                        -2.8040801221776874,
                        4.698333457419593e-07,
                        3.814776334198531,
                        3.016557471999452
                    ],
                    [
                        -1.3368894892383383,
                        1.2526457736804866,
                        -2.4398437978690852,
                        9.770090024881294e-07,
                        3.016557471999452,
                        3.7170504857641706
                    ]
                ]
            },
            "est_tgt": [
                1,
                3
            ]
        },
        "4": {
            "intv_type": "do",
            "inode": 4,
            "new_mui": 1.0,
            "true_params": {
                "Si": [
                    [
                        1.0,
                        -0.6645632581282632,
                        1.187347435862163,
                        1.4805690996708158,
                        0.0,
                        -0.7357686058798439
                    ],
                    [
                        -0.6645632581282632,
                        1.4416443240540526,
                        -1.292712331779503,
                        -1.9172227264936637,
                        0.0,
                        0.4889647819519991
                    ],
                    [
                        1.187347435862163,
                        -1.292712331779503,
                        2.6634520696619584,
                        2.227997081508076,
                        0.0,
                        -0.8736129675793111
                    ],
                    [
                        1.4805690996708158,
                        -1.9172227264936637,
                        2.227997081508076,
                        4.06311676615652,
                        0.0,
                        -1.089356262373572
                    ],
                    [
                        0.0,
                        0.0,
                        0.0,
                        0.0,
                        0.0,
                        0.0
                    ],
                    [
                        -0.7357686058798439,
                        0.4889647819519991,
                        -0.8736129675793111,
                        -1.089356262373572,
                        0.0,
                        1.5413554413983692
                    ]
                ],
                "mui": [
                    0.0,
                    0.0,
                    0.0,
                    0.0,
                    1.0,
                    0.5537138551625511
                ],
                "Ai": [
                    [
                        0.0,
                        0.0,
                        0.0,
                        0.0,
                        0.0,
                        0.0
                    ],
                    [
                        -0.6645632581282632,
                        0.0,
                        0.0,
                        0.0,
                        0.0,
                        0.0
                    ],
                    [
                        0.8526435725608495,
                        -0.503644851272705,
                        0.0,
                        0.0,
                        0.0,
                        0.0
                    ],
                    [
                        0.8603382572340693,
                        -0.933290901732397,
                        -0.0,
                        0.0,
                        0.0,
                        0.0
                    ],
                    [
                        0.0,
                        0.0,
                        0.0,
                        0.0,
                        0.0,
                        0.0
                    ],
                    [
                        -0.7357686058798439,
                        0.0,
                        -0.0,
                        0.0,
                        0.5537138551625511,
                        0.0
                    ]
                ]
            },
            "est_params": {
                "mui": [
                    -0.04784142926232483,
                    0.01911478222324287,
                    -0.09881763228037499,
                    -0.05169600782717321,
                    0.9999989240477406,
                    0.5371972675110603
                ],
                "Si": [
                    [
                        0.8925214939121114,
                        -0.565929832892023,
                        1.0423776443670911,
                        1.3228328586560487,
                        -8.734012710746348e-07,
                        -0.6936409759253267
                    ],
                    [
                        -0.565929832892023,
                        1.3431513273897164,
                        -1.1567834783800783,
                        -1.7483858886452142,
                        1.5886678282250316e-06,
                        0.463643746479818
                    ],
                    [
                        1.0423776443670911,
                        -1.1567834783800783,
                        2.44931406086068,
                        2.022787067007628,
                        -6.899383318075817e-07,
                        -0.8442241076832878
                    ],
                    [
                        1.3228328586560487,
                        -1.7483858886452142,
                        2.022787067007628,
                        3.6495607800527607,
                        -1.181223458710263e-06,
                        -1.066876042942092
                    ],
                    [
                        -8.734012710746348e-07,
                        1.5886678282250316e-06,
                        -6.899383318075817e-07,
                        -1.181223458710263e-06,
                        1.0029892723527653e-06,
                        4.642165618680993e-07
                    ],
                    [
                        -0.6936409759253268,
                        0.4636437464798181,
                        -0.8442241076832878,
                        -1.066876042942092,
                        4.642165618680993e-07,
                        1.4561069515089058
                    ]
                ]
            },
            "est_tgt": [
                4
            ]
        },
        "5": {
            "intv_type": "do",
            "inode": 5,
            "new_mui": 1.0,
            "true_params": {
                "Si": [
                    [
                        1.0,
                        -0.6645632581282632,
                        1.187347435862163,
                        1.4805690996708158,
                        0.025854637942536098,
                        0.0
                    ],
                    [
                        -0.6645632581282632,
                        1.4416443240540526,
                        -1.292712331779503,
                        -1.9172227264936637,
                        -0.276720085069176,
                        0.0
                    ],
                    [
                        1.187347435862163,
                        -1.292712331779503,
                        2.6634520696619584,
                        2.227997081508076,
                        -0.8321708201410924,
                        0.0
                    ],
                    [
                        1.4805690996708158,
                        -1.9172227264936637,
                        2.227997081508076,
                        4.06311676615652,
                        1.0947749884947284,
                        0.0
                    ],
                    [
                        0.025854637942536098,
                        -0.276720085069176,
                        -0.8321708201410924,
                        1.0947749884947284,
                        2.718275259482758,
                        0.0
                    ],
                    [
                        0.0,
                        0.0,
                        0.0,
                        0.0,
                        0.0,
                        0.0
                    ]
                ],
                "mui": [
                    0.0,
                    0.0,
                    0.0,
                    0.0,
                    0.0,
                    1.0
                ],
                "Ai": [
                    [
                        0.0,
                        0.0,
                        0.0,
                        0.0,
                        0.0,
                        0.0
                    ],
                    [
                        -0.6645632581282632,
                        0.0,
                        0.0,
                        0.0,
                        0.0,
                        0.0
                    ],
                    [
                        0.8526435725608495,
                        -0.503644851272705,
                        0.0,
                        0.0,
                        0.0,
                        0.0
                    ],
                    [
                        0.8603382572340693,
                        -0.933290901732397,
                        -0.0,
                        0.0,
                        0.0,
                        0.0
                    ],
                    [
                        0.0,
                        0.0,
                        -0.9935842570925192,
                        0.8142709166241522,
                        0.0,
                        0.0
                    ],
                    [
                        0.0,
                        0.0,
                        0.0,
                        0.0,
                        0.0,
                        0.0
                    ]
                ]
            },
            "est_params": {
                "mui": [
                    -0.06508803166285777,
                    -0.02018061834511492,
                    -0.08157756040711225,
                    0.003377341567517868,
                    0.1049988126419793,
                    0.99999283314451
                ],
                "Si": [
                    [
                        0.8231063558763572,
                        -0.6242870408180388,
                        1.0523198853085618,
                        1.251887513901196,
                        -0.010550477151290689,
                        7.0878286557144244e-06
                    ],
                    [
                        -0.6242870408180388,
                        1.423585400565351,
                        -1.20534688857282,
                        -1.8506351394298857,
                        -0.3774714942814972,
                        -6.949010315215573e-06
                    ],
                    [
                        1.0523198853085618,
                        -1.20534688857282,
                        2.537694248398102,
                        1.9937354634700788,
                        -0.8596988415413018,
                        2.4878114919476317e-06
                    ],
                    [
                        1.251887513901196,
                        -1.8506351394298857,
                        1.9937354634700788,
                        3.7142399024035604,
                        1.166881722054876,
                        8.654342095349536e-06
                    ],
                    [
                        -0.010550477151290713,
                        -0.3774714942814972,
                        -0.8596988415413019,
                        1.166881722054876,
                        2.824053443168775,
                        4.711233657065704e-06
                    ],
                    [
                        7.0878286557144244e-06,
                        -6.949010315215573e-06,
                        2.487811491947632e-06,
                        8.654342095349536e-06,
                        4.711233657065704e-06,
                        1.02715669620544e-06
                    ]
                ]
            },
            "est_tgt": [
                5
            ]
        },
        "obs": {
            "intv_type": "obs",
            "true_params": {
                "Si": [
                    [
                        1.0,
                        -0.6645632581282632,
                        1.187347435862163,
                        1.4805690996708158,
                        0.025854637942536098,
                        -0.7214525346308504
                    ],
                    [
                        -0.6645632581282632,
                        1.4416443240540526,
                        -1.292712331779503,
                        -1.9172227264936637,
                        -0.276720085069176,
                        0.33574103684743656
                    ],
                    [
                        1.187347435862163,
                        -1.292712331779503,
                        2.6634520696619584,
                        2.227997081508076,
                        -0.8321708201410924,
                        -1.3343974805534173
                    ],
                    [
                        1.4805690996708158,
                        -1.9172227264936637,
                        2.227997081508076,
                        4.06311676615652,
                        1.0947749884947284,
                        -0.48316418295861824
                    ],
                    [
                        0.025854637942536098,
                        -0.276720085069176,
                        -0.8321708201410924,
                        1.0947749884947284,
                        2.718275259482758,
                        1.486123642406674
                    ],
                    [
                        -0.7214525346308504,
                        0.33574103684743656,
                        -1.3343974805534173,
                        -0.48316418295861824,
                        1.486123642406674,
                        2.3537093768990323
                    ]
                ],
                "mui": [
                    0.0,
                    0.0,
                    0.0,
                    0.0,
                    0.0,
                    0.0
                ],
                "Ai": [
                    [
                        0.0,
                        0.0,
                        0.0,
                        0.0,
                        0.0,
                        0.0
                    ],
                    [
                        -0.6645632581282632,
                        0.0,
                        0.0,
                        0.0,
                        0.0,
                        0.0
                    ],
                    [
                        0.8526435725608495,
                        -0.503644851272705,
                        0.0,
                        0.0,
                        0.0,
                        0.0
                    ],
                    [
                        0.8603382572340693,
                        -0.933290901732397,
                        -0.0,
                        0.0,
                        0.0,
                        0.0
                    ],
                    [
                        0.0,
                        0.0,
                        -0.9935842570925192,
                        0.8142709166241522,
                        0.0,
                        0.0
                    ],
                    [
                        -0.7357686058798439,
                        0.0,
                        -0.0,
                        0.0,
                        0.5537138551625511,
                        0.0
                    ]
                ]
            },
            "est_params": {
                "mui": [
                    -0.05288079211853259,
                    0.004300907593704307,
                    -0.0030050873959474524,
                    -0.05514534842136427,
                    -0.08698718098956341,
                    0.07025995293602309
                ],
                "Si": [
