{
    "expt_args": {
        "save_dir": "expt_logs_30.04.24-allunk",
        "exp_name": "45",
        "num_nodes": 8,
        "obs_noise_mean": 0.0,
        "obs_noise_var": 1.0,
        "max_edge_strength": 1.0,
        "graph_sparsity_method": "num_parents",
        "adj_dense_prop": null,
        "num_parents": 2,
        "new_noise_mean": 1.0,
        "mix_samples": 32768,
        "stage2_samples": 32768,
        "gmm_tol": 0.001,
        "intv_targets": [
            0,
            1,
            2,
            3,
            4,
            5,
            6,
            7
        ]
    },
    "intv_args_dict": {
        "0": {
            "intv_type": "do",
            "inode": 0,
            "new_mui": 1.0,
            "true_params": {
                "Si": [
                    [
                        0.0,
                        0.0,
                        0.0,
                        0.0,
                        0.0,
                        0.0,
                        0.0,
                        0.0
                    ],
                    [
                        0.0,
                        1.0,
                        -0.7468202428875124,
                        -1.527389174456393,
                        1.3661996245426364,
                        0.579386564585141,
                        -0.6230081300050163,
                        0.9375467132873239
                    ],
                    [
                        0.0,
                        -0.7468202428875124,
                        1.557740475186563,
                        2.0603164214958634,
                        -1.7242772006689497,
                        -1.2085021945093546,
                        0.46527508297124115,
                        -1.183275411032724
                    ],
                    [
                        0.0,
                        -1.527389174456393,
                        2.0603164214958634,
                        4.17863935794046,
                        -2.734112871277328,
                        -1.5984029152630244,
                        0.951575873367983,
                        -1.8762693900466885
                    ],
                    [
                        0.0,
                        1.3661996245426364,
                        -1.7242772006689497,
                        -2.734112871277328,
                        3.362077519554447,
                        1.3377021488135286,
                        -0.8511534732998634,
                        2.3072065543355
                    ],
                    [
                        0.0,
                        0.579386564585141,
                        -1.2085021945093546,
                        -1.5984029152630244,
                        1.3377021488135286,
                        1.93756153698132,
                        -0.36096254015221935,
                        0.9179904828310649
                    ],
                    [
                        0.0,
                        -0.6230081300050163,
                        0.46527508297124115,
                        0.951575873367983,
                        -0.8511534732998634,
                        -0.36096254015221935,
                        1.3881391300523473,
                        -0.5840992246374849
                    ],
                    [
                        0.0,
                        0.9375467132873239,
                        -1.183275411032724,
                        -1.8762693900466885,
                        2.3072065543355,
                        0.9179904828310649,
                        -0.5840992246374849,
                        2.583307360823179
                    ]
                ],
                "mui": [
                    1.0,
                    -0.6780298195189972,
                    -0.37034851472075736,
                    0.22936096331473166,
                    -0.3091416302762106,
                    1.0895997658896384,
                    -0.46860378886045007,
                    0.5476617965850444
                ],
                "Ai": [
                    [
                        0.0,
                        0.0,
                        0.0,
                        0.0,
                        0.0,
                        0.0,
                        0.0,
                        0.0
                    ],
                    [
                        -0.6780298195189972,
                        0.0,
                        0.0,
                        0.0,
                        0.0,
                        0.0,
                        0.0,
                        0.0
                    ],
                    [
                        -0.876714909218911,
                        -0.7468202428875124,
                        0.0,
                        0.0,
                        0.0,
                        0.0,
                        0.0,
                        0.0
                    ],
                    [
                        0.0,
                        -0.8405899280858428,
                        0.919631267244583,
                        0.0,
                        0.0,
                        0.0,
                        0.0,
                        0.0
                    ],
                    [
                        0.0,
                        0.8404593345257656,
                        -0.7039716652351897,
                        -0.0,
                        0.0,
                        0.0,
                        0.0,
                        0.0
                    ],
                    [
                        0.802281692113766,
                        0.0,
                        -0.7758045796201181,
                        0.0,
                        -0.0,
                        0.0,
                        0.0,
                        0.0
                    ],
                    [
                        -0.8910218788066192,
                        -0.6230081300050163,
                        -0.0,
                        0.0,
                        0.0,
                        0.0,
                        0.0,
                        0.0
                    ],
                    [
                        0.759808480129021,
                        0.0,
                        -0.0,
                        -0.0,
                        0.6862443060626569,
                        -0.0,
                        -0.0,
                        0.0
                    ]
                ]
            },
            "est_params": {
                "mui": [
                    1.0000018482167208,
                    -0.6603232001276758,
                    -0.37347639647067055,
                    0.20979343919880133,
                    -0.27360427295445416,
                    1.0885089194703275,
                    -0.4843571234303639,
                    0.5664607874044099
                ],
                "Si": [
                    [
                        1.0136508018143098e-06,
                        1.0282583611973636e-06,
                        -3.3025515313347483e-06,
                        -5.1117302295459415e-06,
                        2.201930868195155e-06,
                        4.847768131042571e-08,
                        3.324412451939665e-06,
                        2.3200304474540853e-06
                    ],
                    [
                        1.0282583611973636e-06,
                        1.022797993884758,
                        -0.7674329249768831,
                        -1.589034960674258,
                        1.3969223794008832,
                        0.5852744159970384,
                        -0.6519870884379982,
                        0.9575958306511125
                    ],
                    [
                        -3.302551531334748e-06,
                        -0.7674329249768831,
                        1.5888819157347416,
                        2.1292687953263303,
                        -1.759015545270538,
                        -1.2343958858712425,
                        0.5160510945402829,
                        -1.1923810974609677
                    ],
                    [
                        -5.1117302295459415e-06,
                        -1.589034960674258,
                        2.1292687953263303,
                        4.354638868281389,
                        -2.829482843577564,
                        -1.6462953169387786,
                        1.0442727465688855,
                        -1.9348636448751193
                    ],
                    [
                        2.201930868195155e-06,
                        1.3969223794008832,
                        -1.759015545270538,
                        -2.829482843577564,
                        3.4166961687800663,
                        1.3662675620458762,
                        -0.884021810937468,
                        2.3462485156404354
                    ],
                    [
                        4.847768131042571e-08,
                        0.5852744159970384,
                        -1.2343958858712425,
                        -1.6462953169387786,
                        1.3662675620458762,
                        1.9199289658401348,
                        -0.40690419942350153,
                        0.9580280352000147
                    ],
                    [
                        3.324412451939665e-06,
                        -0.6519870884379982,
                        0.5160510945402829,
                        1.0442727465688857,
                        -0.8840218109374678,
                        -0.4069041994235015,
                        1.4242250823244726,
                        -0.6161426910809908
                    ],
                    [
                        2.3200304474540853e-06,
                        0.9575958306511125,
                        -1.1923810974609677,
                        -1.9348636448751193,
                        2.346248515640435,
                        0.9580280352000147,
                        -0.6161426910809906,
                        2.602550481507035
                    ]
                ]
            },
            "est_tgt": [
                0
            ]
        },
        "1": {
            "intv_type": "do",
            "inode": 1,
            "new_mui": 1.0,
            "true_params": {
                "Si": [
                    [
                        1.0,
                        0.0,
                        -0.876714909218911,
                        -0.8062544429772067,
                        0.6171824545793549,
                        1.4824411337070333,
                        -0.8910218788066192,
                        1.1833464253858776
                    ],
                    [
                        0.0,
                        0.0,
                        0.0,
                        0.0,
                        0.0,
                        0.0,
                        0.0,
                        0.0
                    ],
                    [
                        -0.876714909218911,
                        0.0,
                        1.7686290320467233,
                        1.6264865580266885,
                        -1.2450647248732336,
                        -2.0754828235804594,
                        0.7811721655900087,
                        -1.5205540008037983
                    ],
                    [
                        -0.8062544429772067,
                        0.0,
                        1.6264865580266885,
                        2.4957678945143638,
                        -1.1450004507366998,
                        -1.9086788991936632,
                        0.718390348577735,
                        -1.3983490026730179
                    ],
                    [
                        0.6171824545793549,
                        0.0,
                        -1.2450647248732336,
                        -1.1450004507366998,
                        1.8764902876946037,
                        1.4610810994829693,
                        -0.5499230702457778,
                        1.7566712380885368
                    ],
                    [
                        1.4824411337070333,
                        0.0,
                        -2.0754828235804594,
                        -1.9086788991936632,
                        1.4610810994829693,
                        3.7995044606661423,
                        -1.3208874841758553,
                        2.1290299298986377
                    ],
                    [
                        -0.8910218788066192,
                        0.0,
                        0.7811721655900087,
                        0.718390348577735,
                        -0.5499230702457778,
                        -1.3208874841758553,
                        1.7939199885120776,
                        -1.0543875552264215
                    ],
                    [
                        1.1833464253858776,
                        0.0,
                        -1.5205540008037983,
                        -1.3983490026730179,
                        1.7566712380885368,
                        2.1290299298986377,
                        -1.0543875552264215,
                        3.1046222837008495
                    ]
                ],
                "mui": [
                    0.0,
                    1.0,
                    -0.7468202428875124,
                    -1.527389174456393,
                    1.3661996245426364,
                    0.579386564585141,
                    -0.6230081300050163,
                    0.9375467132873239
                ],
                "Ai": [
                    [
                        0.0,
                        0.0,
                        0.0,
                        0.0,
                        0.0,
                        0.0,
                        0.0,
                        0.0
                    ],
                    [
                        0.0,
                        0.0,
                        0.0,
                        0.0,
                        0.0,
                        0.0,
                        0.0,
                        0.0
                    ],
                    [
                        -0.876714909218911,
                        -0.7468202428875124,
                        0.0,
                        0.0,
                        0.0,
                        0.0,
                        0.0,
                        0.0
                    ],
                    [
                        0.0,
                        -0.8405899280858428,
                        0.919631267244583,
                        0.0,
                        0.0,
                        0.0,
                        0.0,
                        0.0
                    ],
                    [
                        0.0,
                        0.8404593345257656,
                        -0.7039716652351897,
                        -0.0,
                        0.0,
                        0.0,
                        0.0,
                        0.0
                    ],
                    [
                        0.802281692113766,
                        0.0,
                        -0.7758045796201181,
                        0.0,
                        -0.0,
                        0.0,
                        0.0,
                        0.0
                    ],
                    [
                        -0.8910218788066192,
                        -0.6230081300050163,
                        -0.0,
                        0.0,
                        0.0,
                        0.0,
                        0.0,
                        0.0
                    ],
                    [
                        0.759808480129021,
                        0.0,
                        -0.0,
                        -0.0,
                        0.6862443060626569,
                        -0.0,
                        -0.0,
                        0.0
                    ]
                ]
            },
            "est_params": {
                "mui": [
                    -0.013137857679603123,
                    1.000002738303696,
                    -0.7464565278910716,
                    -1.5172162418035386,
                    1.3790075210035637,
                    0.5735708185674717,
                    -0.609731724338905,
                    0.9156664730398968
                ],
                "Si": [
                    [
                        1.0005404058811782,
                        -3.0322970568562085e-07,
                        -0.8836806197065007,
                        -0.807026468858426,
                        0.6091027113822092,
                        1.4790618327456324,
                        -0.8534203164238268,
                        1.1459326643085286
                    ],
                    [
                        -3.032297056856211e-07,
                        1.008038325448367e-06,
                        1.9841139408887857e-06,
                        5.304686353795653e-07,
                        -3.2170481254843744e-06,
                        -2.2813097877424135e-06,
                        3.0957027885432457e-06,
                        -1.4115632781332806e-06
                    ],
                    [
                        -0.8836806197065006,
                        1.9841139408887857e-06,
                        1.750485726633943,
                        1.6120458897988357,
                        -1.2271724575966638,
                        -2.036787098142132,
                        0.7649107002535177,
                        -1.4709898411842661
                    ],
                    [
                        -0.807026468858426,
                        5.304686353795651e-07,
                        1.612045889798835,
                        2.492264403502848,
                        -1.1334100870417816,
                        -1.8828965263262165,
                        0.7199907932696638,
                        -1.3586686786668638
                    ],
                    [
                        0.6091027113822092,
                        -3.2170481254843744e-06,
                        -1.2271724575966638,
                        -1.1334100870417811,
                        1.8350846664138905,
                        1.4348361656756816,
                        -0.5515644970840299,
                        1.6909331513056918
                    ],
                    [
                        1.4790618327456324,
                        -2.281309787742414e-06,
                        -2.036787098142132,
                        -1.8828965263262165,
                        1.4348361656756816,
                        3.7575694463501823,
                        -1.3005731791051158,
                        2.0618601042781326
                    ],
                    [
                        -0.8534203164238267,
                        3.0957027885432457e-06,
                        0.7649107002535177,
                        0.7199907932696638,
                        -0.5515644970840299,
                        -1.3005731791051158,
                        1.7237191684110982,
                        -0.9803589170718513
                    ],
                    [
                        1.1459326643085286,
                        -1.4115632781332804e-06,
                        -1.470989841184266,
                        -1.358668678666864,
                        1.690933151305692,
                        2.0618601042781326,
                        -0.9803589170718513,
                        2.9976144095496355
                    ]
                ]
            },
            "est_tgt": [
                1
            ]
        },
        "2": {
            "intv_type": "do",
            "inode": 2,
            "new_mui": 1.0,
            "true_params": {
                "Si": [
                    [
                        1.0,
                        -0.6780298195189972,
                        0.0,
                        0.5699450372295308,
                        -0.5698564909015613,
                        0.802281692113766,
                        -0.46860378886045007,
                        0.36874770797497836
                    ],
                    [
                        -0.6780298195189972,
                        1.459724436156964,
                        0.0,
                        -1.2270296588143297,
                        1.2268390282034802,
                        -0.5439709109072924,
                        -0.30528078761804706,
                        0.3267384909091979
                    ],
                    [
                        0.0,
                        0.0,
                        0.0,
                        0.0,
                        0.0,
                        0.0,
                        0.0,
                        0.0
                    ],
                    [
                        0.5699450372295308,
                        -1.2270296588143297,
                        0.0,
                        2.0314287726619336,
                        -1.0312685304904687,
                        0.4572564688803513,
                        0.2566159553098436,
                        -0.27465308457623944
                    ],
                    [
                        -0.5698564909015613,
                        1.2268390282034802,
                        0.0,
                        -1.0312685304904687,
                        2.0311083132141343,
                        -0.4571854297825175,
                        -0.2565760876049654,
                        0.9608547206961542
                    ],
                    [
                        0.802281692113766,
                        -0.5439709109072924,
                        0.0,
                        0.4572564688803513,
                        -0.4571854297825175,
                        1.6436559135009277,
                        -0.3759522406578838,
                        0.2958395351172385
                    ],
                    [
                        -0.46860378886045007,
                        -0.30528078761804706,
                        0.0,
                        0.2566159553098436,
                        -0.2565760876049654,
                        -0.3759522406578838,
                        1.6077286409867164,
                        -0.5321230117875002
                    ],
                    [
                        0.36874770797497836,
                        0.3267384909091979,
                        0.0,
                        -0.27465308457623944,
                        0.9608547206961542,
                        0.2958395351172385,
                        -0.5321230117875002,
                        1.9395587165786887
                    ]
                ],
                "mui": [
                    0.0,
                    0.0,
                    1.0,
                    0.919631267244583,
                    -0.7039716652351897,
                    -0.7758045796201181,
                    0.0,
                    -0.48309654689709575
                ],
                "Ai": [
                    [
                        0.0,
                        0.0,
                        0.0,
                        0.0,
                        0.0,
                        0.0,
                        0.0,
                        0.0
                    ],
                    [
                        -0.6780298195189972,
                        0.0,
                        0.0,
                        0.0,
                        0.0,
                        0.0,
                        0.0,
                        0.0
                    ],
                    [
                        0.0,
                        0.0,
                        0.0,
                        0.0,
                        0.0,
                        0.0,
                        0.0,
                        0.0
                    ],
                    [
                        0.0,
                        -0.8405899280858428,
                        0.919631267244583,
                        0.0,
                        0.0,
                        0.0,
                        0.0,
                        0.0
                    ],
                    [
                        0.0,
                        0.8404593345257656,
                        -0.7039716652351897,
                        -0.0,
                        0.0,
                        0.0,
                        0.0,
                        0.0
                    ],
                    [
                        0.802281692113766,
                        0.0,
                        -0.7758045796201181,
                        0.0,
                        -0.0,
                        0.0,
                        0.0,
                        0.0
                    ],
                    [
                        -0.8910218788066192,
                        -0.6230081300050163,
                        -0.0,
                        0.0,
                        0.0,
                        0.0,
                        0.0,
                        0.0
                    ],
                    [
                        0.759808480129021,
                        0.0,
                        -0.0,
                        -0.0,
                        0.6862443060626569,
                        -0.0,
                        -0.0,
                        0.0
                    ]
                ]
            },
            "est_params": {
                "mui": [
                    0.011700768747873964,
                    -0.008742263285047135,
                    0.9999987993877767,
                    0.9317732295718015,
                    -0.6975733651360939,
                    -0.7641436008181074,
                    -0.011792222993950389,
                    -0.46908950441131897
                ],
                "Si": [
                    [
                        1.0382300303008447,
                        -0.7280490795202031,
                        9.501867272569332e-07,
                        0.6033887389922354,
                        -0.644987835070676,
                        0.8086530375403617,
                        -0.45500307578455096,
                        0.34421946985747476
                    ],
                    [
                        -0.7280490795202034,
                        1.5503731296847876,
                        -1.8785244875245593e-06,
                        -1.291406503572614,
                        1.3371687605783589,
                        -0.5465687914550073,
                        -0.33914749373766245,
                        0.37907498889270663
                    ],
                    [
                        9.501867272569328e-07,
                        -1.8785244875245595e-06,
                        1.007440720787999e-06,
                        9.644685982724497e-07,
                        -1.021385859012175e-06,
                        1.2421218271437536e-06,
                        3.2723387315842244e-06,
                        7.504847439998536e-07
                    ],
                    [
                        0.6033887389922354,
                        -1.2914065035726137,
                        9.644685982724497e-07,
                        2.079826228673045,
                        -1.0923255505697036,
                        0.4254130848336145,
                        0.32154674660937016,
                        -0.27571472437592504
                    ],
                    [
                        -0.644987835070676,
                        1.3371687605783589,
                        -1.021385859012175e-06,
                        -1.0923255505697036,
                        2.136580384387421,
                        -0.49735466439362375,
                        -0.2834107763781955,
                        1.0048463214221472
                    ],
                    [
                        0.8086530375403617,
                        -0.5465687914550071,
                        1.2421218271437536e-06,
                        0.4254130848336145,
                        -0.49735466439362375,
                        1.6418439140150975,
                        -0.3557883605529532,
                        0.25256831353357395
                    ],
                    [
                        -0.45500307578455096,
                        -0.33914749373766245,
                        3.272338731584224e-06,
                        0.32154674660937016,
                        -0.2834107763781956,
                        -0.3557883605529532,
                        1.5663596100579555,
                        -0.5272053763877279
                    ],
                    [
                        0.34421946985747476,
                        0.37907498889270674,
                        7.504847439998533e-07,
                        -0.27571472437592504,
                        1.0048463214221472,
                        0.252568313533574,
                        -0.5272053763877279,
                        1.9291126311944895
                    ]
                ]
            },
            "est_tgt": [
                2
            ]
        },
        "3": {
            "intv_type": "do",
            "inode": 3,
            "new_mui": 1.0,
            "true_params": {
                "Si": [
                    [
                        1.0,
                        -0.6780298195189972,
                        -0.37034851472075736,
                        0.0,
                        -0.3091416302762106,
                        1.0895997658896384,
                        -0.46860378886045007,
                        0.5476617965850444
                    ],
                    [
                        -0.6780298195189972,
                        1.459724436156964,
                        -0.49571290629226855,
                        0.0,
                        1.575806868324624,
                        -0.15939456802895202,
                        -0.30528078761804706,
                        0.5662156841913164
                    ],
                    [
                        -0.37034851472075736,
                        -0.49571290629226855,
                        1.694898497542434,
                        0.0,
                        -1.6097870570578015,
                        -1.612033849446667,
                        0.6388218001682282,
                        -1.3861011439672966
                    ],
                    [
                        0.0,
                        0.0,
                        0.0,
                        0.0,
                        0.0,
                        0.0,
                        0.0,
                        0.0
                    ],
                    [
                        -0.3091416302762106,
                        1.575806868324624,
                        -1.6097870570578015,
                        0.0,
                        3.4576460671242804,
                        1.0008615008378283,
                        -0.7062885340579346,
                        2.137901493699201
                    ],
                    [
                        1.0895997658896384,
                        -0.15939456802895202,
                        -1.612033849446667,
                        0.0,
                        1.0008615008378283,
                        3.1247891868080746,
                        -0.8715531187895632,
                        1.514722648176828
                    ],
                    [
                        -0.46860378886045007,
                        -0.30528078761804706,
                        0.6388218001682282,
                        0.0,
                        -0.7062885340579346,
                        -0.8715531187895632,
                        1.6077286409867164,
                        -0.8407356175313577
                    ],
                    [
                        0.5476617965850444,
                        0.5662156841913164,
                        -1.3861011439672966,
                        0.0,
                        2.137901493699201,
                        1.514722648176828,
                        -0.8407356175313577,
                        2.8832408042619373
                    ]
                ],
                "mui": [
                    0.0,
                    0.0,
                    0.0,
                    1.0,
                    0.0,
                    0.0,
                    0.0,
                    0.0
                ],
                "Ai": [
                    [
                        0.0,
                        0.0,
                        0.0,
                        0.0,
                        0.0,
                        0.0,
                        0.0,
                        0.0
                    ],
                    [
                        -0.6780298195189972,
                        0.0,
                        0.0,
                        0.0,
                        0.0,
                        0.0,
                        0.0,
                        0.0
                    ],
                    [
                        -0.876714909218911,
                        -0.7468202428875124,
                        0.0,
                        0.0,
                        0.0,
                        0.0,
                        0.0,
                        0.0
                    ],
                    [
                        0.0,
                        0.0,
                        0.0,
                        0.0,
                        0.0,
                        0.0,
                        0.0,
                        0.0
                    ],
                    [
                        0.0,
                        0.8404593345257656,
                        -0.7039716652351897,
                        -0.0,
                        0.0,
                        0.0,
                        0.0,
                        0.0
                    ],
                    [
                        0.802281692113766,
                        0.0,
                        -0.7758045796201181,
                        0.0,
                        -0.0,
                        0.0,
                        0.0,
                        0.0
                    ],
                    [
                        -0.8910218788066192,
                        -0.6230081300050163,
                        -0.0,
                        0.0,
                        0.0,
                        0.0,
                        0.0,
                        0.0
                    ],
                    [
                        0.759808480129021,
                        0.0,
                        -0.0,
                        -0.0,
                        0.6862443060626569,
                        -0.0,
                        -0.0,
                        0.0
                    ]
                ]
            },
            "est_params": {
                "mui": [
                    0.018202370721373675,
                    0.01954881370568505,
                    -0.055701077269130116,
                    1.000001965259423,
                    0.03660151450234833,
                    0.056054495103435416,
                    -0.03474584987347614,
                    0.045145102254466336
                ],
                "Si": [
                    [
                        1.0143346427866335,
                        -0.7004442435522921,
                        -0.3567348044734657,
                        -2.2161605685931905e-06,
                        -0.38382023856133635,
                        1.104156231635812,
                        -0.4745168083955894,
                        0.5025250419241172
                    ],
                    [
                        -0.7004442435522921,
                        1.5172582341699619,
                        -0.5318145185310491,
                        1.3762126284617786e-06,
                        1.6657054918041265,
                        -0.1632537464398428,
                        -0.3044535503087351,
                        0.6160766717556092
                    ],
                    [
                        -0.3567348044734658,
                        -0.5318145185310491,
                        1.718965605478591,
                        1.965569221727728e-06,
                        -1.638320954284625,
                        -1.60987269707203,
                        0.6239629005334174,
                        -1.4086310100843862
                    ],
                    [
                        -2.2161605685931905e-06,
                        1.3762126284617788e-06,
                        1.9655692217277274e-06,
                        1.0123360841113927e-06,
                        4.512899847992691e-08,
                        -1.4421058961873484e-06,
                        3.049865948472943e-06,
                        6.053229913437357e-07
                    ],
                    [
                        -0.38382023856133624,
                        1.6657054918041263,
                        -1.638320954284625,
                        4.512899847992691e-08,
                        3.566074234908197,
                        0.9600732674103044,
                        -0.6312938727221887,
                        2.1515658442751913
                    ],
                    [
                        1.1041562316358118,
                        -0.1632537464398428,
                        -1.6098726970720303,
                        -1.4421058961873484e-06,
                        0.9600732674103044,
                        3.1649574463123273,
                        -0.8583161802602407,
                        1.517218579454635
                    ],
                    [
                        -0.4745168083955894,
                        -0.3044535503087351,
                        0.6239629005334174,
                        3.049865948472943e-06,
                        -0.6312938727221887,
                        -0.8583161802602406,
                        1.5654928614730352,
                        -0.7562681402568416
                    ],
                    [
                        0.5025250419241172,
                        0.6160766717556092,
                        -1.4086310100843862,
                        6.053229913437359e-07,
                        2.1515658442751913,
                        1.517218579454635,
                        -0.7562681402568419,
                        2.82764032157687
                    ]
                ]
            },
            "est_tgt": [
                3
            ]
        },
        "4": {
            "intv_type": "do",
            "inode": 4,
            "new_mui": 1.0,
            "true_params": {
                "Si": [
                    [
                        1.0,
                        -0.6780298195189972,
                        -0.37034851472075736,
                        0.22936096331473166,
                        0.0,
                        1.0895997658896384,
                        -0.46860378886045007,
                        0.759808480129021
                    ],
                    [
                        -0.6780298195189972,
                        1.459724436156964,
                        -0.49571290629226855,
                        -1.6829027470173838,
                        0.0,
