{
    "expt_args": {
        "save_dir": "all_expt_logs/expt_logs_11.05.24-main_plus_oracle_donoisepert-corr-js",
        "exp_name": "179",
        "num_nodes": 6,
        "obs_noise_mean": 0.0,
        "obs_noise_var": 1.0,
        "max_edge_strength": 1.0,
        "graph_sparsity_method": "adj_dense_prop",
        "adj_dense_prop": 0.8,
        "num_parents": null,
        "new_noise_mean": 1.0,
        "mix_samples": 8192,
        "stage2_samples": 8192,
        "gmm_tol": 0.001,
        "intv_type": "do",
        "new_noise_var": null,
        "intv_targets": [
            0,
            1,
            2,
            3,
            4,
            5
        ]
    },
    "intv_args_dict": {
        "0": {
            "intv_type": "do",
            "inode": 0,
            "new_mui": 1.0,
            "new_vari": null,
            "true_params": {
                "Si": [
                    [
                        1e-09,
                        0.0,
                        -7.56067188697094e-10,
                        6.160277702600727e-10,
                        1.5209752608394022e-09,
                        2.353289593028329e-09
                    ],
                    [
                        0.0,
                        1.0,
                        0.6889778161779603,
                        0.6068810722979306,
                        -0.7322645550917578,
                        -1.1354710983600207
                    ],
                    [
                        -7.56067188697094e-10,
                        0.6889778161779603,
                        1.4746904317569889,
                        0.4181275954058087,
                        -1.0268561584788007,
                        -2.035385553180504
                    ],
                    [
                        6.160277702600727e-10,
                        0.6068810722979306,
                        0.4181275954058087,
                        1.3683046362929763,
                        0.5001989599877426,
                        0.9704837534885372
                    ],
                    [
                        1.5209752608394022e-09,
                        -0.7322645550917578,
                        -1.0268561584788007,
                        0.5001989599877426,
                        2.7013151421560044,
                        3.7584636249448433
                    ],
                    [
                        2.353289593028329e-09,
                        -1.1354710983600207,
                        -2.035385553180504,
                        0.9704837534885372,
                        3.7584636249448433,
                        7.1104768218704955
                    ]
                ],
                "mui": [
                    1.0,
                    0.0,
                    -0.756067188697094,
                    0.6160277702600727,
                    1.520975260839402,
                    2.353289593028329
                ],
                "Ai": [
                    [
                        0.0,
                        0.0,
                        0.0,
                        0.0,
                        0.0,
                        0.0
                    ],
                    [
                        -0.0,
                        0.0,
                        0.0,
                        0.0,
                        0.0,
                        0.0
                    ],
                    [
                        -0.756067188697094,
                        0.6889778161779603,
                        0.0,
                        0.0,
                        0.0,
                        0.0
                    ],
                    [
                        0.6160277702600727,
                        0.6068810722979306,
                        -0.0,
                        0.0,
                        0.0,
                        0.0
                    ],
                    [
                        0.544151870661143,
                        -0.9456401306711633,
                        -0.5223421232971964,
                        0.9445964574506327,
                        0.0,
                        0.0
                    ],
                    [
                        -0.0,
                        -0.6127815569225226,
                        -0.8849069483304692,
                        0.9937964815919303,
                        0.704833458702389,
                        0.0
                    ]
                ]
            },
            "est_params": {
                "mui": [
                    0.9999991680694109,
                    0.011987637256714574,
                    -0.778926146791398,
                    0.5840372710507503,
                    1.533141308081134,
                    2.358578219825939
                ],
                "Si": [
                    [
                        1.0045631034936821e-06,
                        -1.0395190981987963e-06,
                        -7.281115601630461e-07,
                        -5.066565812180721e-07,
                        7.539668568964158e-07,
                        9.886376657300684e-07
                    ],
                    [
                        -1.0395190981987963e-06,
                        1.0263438286160231,
                        0.6398169469645232,
                        0.6365419306780833,
                        -0.6907877451862823,
                        -1.041895316906016
                    ],
                    [
                        -7.281115601630464e-07,
                        0.6398169469645232,
                        1.4455708525701598,
                        0.41930313006777853,
                        -0.9136180913501102,
                        -1.9415643604347264
                    ],
                    [
                        -5.066565812180722e-07,
                        0.6365419306780833,
                        0.4193031300677785,
                        1.3949598352271824,
                        0.4782499057706864,
                        0.966640702844099
                    ],
                    [
                        7.539668568964158e-07,
                        -0.6907877451862824,
                        -0.9136180913501102,
                        0.4782499057706864,
                        2.547391108799926,
                        3.5163944267084855
                    ],
                    [
                        9.88637665730068e-07,
                        -1.041895316906016,
                        -1.9415643604347264,
                        0.966640702844099,
                        3.5163944267084855,
                        6.851752845285035
                    ]
                ]
            },
            "est_tgt": [
                0,
                1,
                2,
                3,
                4,
                5
            ],
            "oracle_est_tgt": [
                0,
                2,
                3,
                4
            ],
            "intv_base_est_tgt": [
                0,
                2,
                3,
                4,
                5
            ]
        },
        "1": {
            "intv_type": "do",
            "inode": 1,
            "new_mui": 1.0,
            "new_vari": null,
            "true_params": {
                "Si": [
                    [
                        1.0,
                        0.0,
                        -0.756067188697094,
                        0.6160277702600727,
                        1.520975260839402,
                        2.353289593028329
                    ],
                    [
                        0.0,
                        1e-09,
                        6.889778161779603e-10,
                        6.068810722979307e-10,
                        -7.322645550917578e-10,
                        -1.1354710983600207e-09
                    ],
                    [
                        -0.756067188697094,
                        6.889778161779603e-10,
                        1.5716375942990175,
                        -0.46575838400174485,
                        -1.6723016133423863,
                        -3.0323162012933533
                    ],
                    [
                        0.6160277702600727,
                        6.068810722979307e-10,
                        -0.46575838400174485,
                        1.3794902140999015,
                        1.8815594555618644,
                        3.109271409855263
                    ],
                    [
                        1.520975260839402,
                        -7.322645550917578e-10,
                        -1.6723016133423863,
                        1.8815594555618644,
                        4.478469505820607,
                        6.506293636123776
                    ],
                    [
                        2.353289593028329,
                        -1.1354710983600207e-09,
                        -3.0323162012933533,
                        3.109271409855263,
                        6.506293636123776,
                        11.359154111066344
                    ]
                ],
                "mui": [
                    0.0,
                    1.0,
                    0.6889778161779603,
                    0.6068810722979306,
                    -0.7322645550917578,
                    -1.1354710983600207
                ],
                "Ai": [
                    [
                        0.0,
                        0.0,
                        0.0,
                        0.0,
                        0.0,
                        0.0
                    ],
                    [
                        0.0,
                        0.0,
                        0.0,
                        0.0,
                        0.0,
                        0.0
                    ],
                    [
                        -0.756067188697094,
                        0.6889778161779603,
                        0.0,
                        0.0,
                        0.0,
                        0.0
                    ],
                    [
                        0.6160277702600727,
                        0.6068810722979306,
                        -0.0,
                        0.0,
                        0.0,
                        0.0
                    ],
                    [
                        0.544151870661143,
                        -0.9456401306711633,
                        -0.5223421232971964,
                        0.9445964574506327,
                        0.0,
                        0.0
                    ],
                    [
                        -0.0,
                        -0.6127815569225226,
                        -0.8849069483304692,
                        0.9937964815919303,
                        0.704833458702389,
                        0.0
                    ]
                ]
            },
            "est_params": {
                "mui": [
                    0.010552246885787434,
                    0.999998209431319,
                    0.6711603027843561,
                    0.5819391707199788,
                    -0.7431910047534815,
                    -1.1989525695193224
                ],
                "Si": [
                    [
                        1.025933147819899,
                        2.3586208903473703e-06,
                        -0.7742471107760212,
                        0.6243508366871248,
                        1.5885951756041088,
                        2.4033115994961323
                    ],
                    [
                        2.35862089034737e-06,
                        1.0040624603308856e-06,
                        -1.1375773590917782e-07,
                        1.922573473385863e-06,
                        2.0479442500422836e-06,
                        2.2979063559107573e-06
                    ],
                    [
                        -0.7742471107760212,
                        -1.1375773590917782e-07,
                        1.619132800788334,
                        -0.43559725692027423,
                        -1.6895474479789623,
                        -3.0070528458248083
                    ],
                    [
                        0.6243508366871248,
                        1.922573473385864e-06,
                        -0.43559725692027423,
                        1.3865187421569094,
                        1.85311435195788,
                        3.0660255692161367
                    ],
                    [
                        1.5885951756041088,
                        2.0479442500422836e-06,
                        -1.6895474479789623,
                        1.85311435195788,
                        4.504619242588278,
                        6.435190854392269
                    ],
                    [
                        2.4033115994961323,
                        2.2979063559107564e-06,
                        -3.0070528458248083,
                        3.0660255692161367,
                        6.435190854392269,
                        11.09990013893654
                    ]
                ]
            },
            "est_tgt": [
                1,
                2,
                3,
                5
            ],
            "oracle_est_tgt": [
                1,
                2,
                3,
                4
            ],
            "intv_base_est_tgt": [
                0,
                1,
                2,
                5
            ]
        },
        "2": {
            "intv_type": "do",
            "inode": 2,
            "new_mui": 1.0,
            "new_vari": null,
            "true_params": {
                "Si": [
                    [
                        1.0,
                        0.0,
                        0.0,
                        0.6160277702600727,
                        1.12604952014002,
                        1.4058836085978381
                    ],
                    [
                        0.0,
                        1.0,
                        0.0,
                        0.6068810722979306,
                        -0.37238241968469665,
                        -0.2721328713544305
                    ],
                    [
                        0.0,
                        0.0,
                        1e-09,
                        0.0,
                        -5.223421232971964e-10,
                        -1.253071153719982e-09
                    ],
                    [
                        0.6160277702600727,
                        0.6068810722979306,
                        0.0,
                        1.747794849645083,
                        1.4122823903817674,
                        2.3604907256495036
                    ],
                    [
                        1.12604952014002,
                        -0.37238241968469665,
                        -5.223421232971964e-10,
                        1.4122823903817674,
                        3.298918655998925,
                        3.956898596228389
                    ],
                    [
                        1.4058836085978381,
                        -0.2721328713544305,
                        -1.253071153719982e-09,
                        2.3604907256495036,
                        3.956898596228389,
                        6.301559907002359
                    ]
                ],
                "mui": [
                    0.0,
                    0.0,
                    1.0,
                    0.0,
                    -0.5223421232971964,
                    -1.253071153719982
                ],
                "Ai": [
                    [
                        0.0,
                        0.0,
                        0.0,
                        0.0,
                        0.0,
                        0.0
                    ],
                    [
                        -0.0,
                        0.0,
                        0.0,
                        0.0,
                        0.0,
                        0.0
                    ],
                    [
                        0.0,
                        0.0,
                        0.0,
                        0.0,
                        0.0,
                        0.0
                    ],
                    [
                        0.6160277702600727,
                        0.6068810722979306,
                        -0.0,
                        0.0,
                        0.0,
                        0.0
                    ],
                    [
                        0.544151870661143,
                        -0.9456401306711633,
                        -0.5223421232971964,
                        0.9445964574506327,
                        0.0,
                        0.0
                    ],
                    [
                        -0.0,
                        -0.6127815569225226,
                        -0.8849069483304692,
                        0.9937964815919303,
                        0.704833458702389,
                        0.0
                    ]
                ]
            },
            "est_params": {
                "mui": [
                    -0.053537192678853,
                    0.016268191980533902,
                    0.9999973941066013,
                    -0.11221193090945245,
                    -0.6679198676172573,
                    -1.4572652930902705
                ],
                "Si": [
                    [
                        1.0310018707853446,
                        -0.07402598369143758,
                        2.8336168329677783e-06,
                        0.6443797201029932,
                        1.2107711388059033,
                        1.552212924140188
                    ],
                    [
                        -0.07402598369143758,
                        1.0131996231879759,
                        1.2356050589527304e-06,
                        0.5712675763237848,
                        -0.4566900604426879,
                        -0.35689013812471654
                    ],
                    [
                        2.8336168329677783e-06,
                        1.2356050589527302e-06,
                        1.0057365022955692e-06,
                        1.966663403040305e-06,
                        1.5601964304204147e-06,
                        6.3601655339573386e-06
                    ],
                    [
                        0.6443797201029932,
                        0.5712675763237848,
                        1.966663403040305e-06,
                        1.741569343617419,
                        1.4845441619737223,
                        2.424273528486073
                    ],
                    [
                        1.2107711388059033,
                        -0.4566900604426879,
                        1.5601964304204147e-06,
                        1.4845441619737223,
                        3.5054782497755568,
                        4.245875145506666
                    ],
                    [
                        1.552212924140188,
                        -0.35689013812471654,
                        6.360165533957341e-06,
                        2.424273528486073,
                        4.245875145506666,
                        6.583392308371761
                    ]
                ]
            },
            "est_tgt": [
                0,
                1,
                2,
                3,
                4,
                5
            ],
            "oracle_est_tgt": [
                0,
                1,
                2,
                4
            ],
            "intv_base_est_tgt": []
        },
        "3": {
            "intv_type": "do",
            "inode": 3,
            "new_mui": 1.0,
            "new_vari": null,
            "true_params": {
                "Si": [
                    [
                        1.0,
                        0.0,
                        -0.756067188697094,
                        0.0,
                        0.9390776113605251,
                        1.3309424294879593
                    ],
                    [
                        0.0,
                        1.0,
                        0.6889778161779603,
                        0.0,
                        -1.3055222660782244,
                        -2.142638587916848
                    ],
                    [
                        -0.756067188697094,
                        0.6889778161779603,
                        2.0463280250096783,
                        0.0,
                        -2.131823772741208,
                        -3.735583509862202
                    ],
                    [
                        0.0,
                        0.0,
                        0.0,
                        1e-09,
                        9.445964574506328e-10,
                        1.659579669774884e-09
                    ],
                    [
                        0.9390776113605251,
                        -1.3055222660782244,
                        -2.131823772741208,
                        9.445964574506328e-10,
                        3.8590964420474974,
                        5.406485929572362
                    ],
                    [
                        1.3309424294879593,
                        -2.142638587916848,
                        -3.735583509862202,
                        1.659579669774884e-09,
                        5.406485929572362,
                        9.42928539258732
                    ]
                ],
                "mui": [
                    0.0,
                    0.0,
                    0.0,
                    1.0,
                    0.9445964574506327,
                    1.659579669774884
                ],
                "Ai": [
                    [
                        0.0,
                        0.0,
                        0.0,
                        0.0,
                        0.0,
                        0.0
                    ],
                    [
                        -0.0,
                        0.0,
                        0.0,
                        0.0,
                        0.0,
                        0.0
                    ],
                    [
                        -0.756067188697094,
                        0.6889778161779603,
                        0.0,
                        0.0,
                        0.0,
                        0.0
                    ],
                    [
                        0.0,
                        0.0,
                        0.0,
                        0.0,
                        0.0,
                        0.0
                    ],
                    [
                        0.544151870661143,
                        -0.9456401306711633,
                        -0.5223421232971964,
                        0.9445964574506327,
                        0.0,
                        0.0
                    ],
                    [
                        -0.0,
                        -0.6127815569225226,
                        -0.8849069483304692,
                        0.9937964815919303,
                        0.704833458702389,
                        0.0
                    ]
                ]
            },
            "est_params": {
                "mui": [
                    0.00883523999449334,
                    -0.014079120813790641,
                    -0.055058346771889234,
                    0.9999962297487658,
                    0.9888587318621271,
                    1.7500811599820343
                ],
                "Si": [
                    [
                        1.0304052491543076,
                        -0.0063481395140580045,
                        -0.7615085534954863,
                        -1.5387916888771216e-06,
                        0.9514858857018312,
                        1.2875677720536522
                    ],
                    [
                        -0.006348139514058009,
                        0.9810918429536093,
                        0.6825394054821514,
                        -3.2778057423625064e-06,
                        -1.337932612967362,
                        -2.1383716489852453
                    ],
                    [
                        -0.7615085534954863,
                        0.6825394054821514,
                        1.9927871047225192,
                        -2.897942697736556e-06,
                        -2.1239156685795026,
                        -3.6338671887050564
                    ],
                    [
                        -1.5387916888771216e-06,
                        -3.277805742362506e-06,
                        -2.897942697736556e-06,
                        1.0143166281666793e-06,
                        6.393405879871031e-06,
                        6.765976661111638e-06
                    ],
                    [
                        0.9514858857018311,
                        -1.337932612967362,
                        -2.1239156685795026,
                        6.3934058798710306e-06,
                        3.9051388829333686,
                        5.3761093849850585
                    ],
                    [
                        1.2875677720536522,
                        -2.138371648985245,
                        -3.6338671887050564,
                        6.765976661111638e-06,
                        5.3761093849850585,
                        9.250362052685222
                    ]
                ]
            },
            "est_tgt": [
                0,
                1,
                3
            ],
            "oracle_est_tgt": [
                0,
                1,
                3
            ],
            "intv_base_est_tgt": [
                0,
                2,
                3,
                4,
                5
            ]
        },
        "4": {
            "intv_type": "do",
            "inode": 4,
            "new_mui": 1.0,
            "new_vari": null,
            "true_params": {
                "Si": [
                    [
                        1.0,
                        0.0,
                        -0.756067188697094,
                        0.6160277702600727,
                        0.0,
                        1.2812553393301247
                    ],
                    [
                        0.0,
                        1.0,
                        0.6889778161779603,
                        0.6068810722979306,
                        0.0,
                        -0.619346539309531
                    ],
                    [
                        -0.756067188697094,
                        0.6889778161779603,
                        2.0463280250096783,
                        -0.04763078854830536,
                        0.0,
                        -2.2803380968517954
                    ],
                    [
                        0.6160277702600727,
                        0.6068810722979306,
                        -0.04763078854830536,
                        1.747794849645083,
                        0.0,
                        1.4072156595130993
                    ],
                    [
                        0.0,
                        0.0,
                        0.0,
                        0.0,
                        1e-09,
                        7.048334587023891e-10
                    ],
                    [
                        1.2812553393301247,
                        -0.619346539309531,
                        -2.2803380968517954,
                        1.4072156595130993,
                        7.048334587023891e-10,
                        4.795897134841479
                    ]
                ],
                "mui": [
                    0.0,
                    0.0,
                    0.0,
                    0.0,
                    1.0,
                    0.704833458702389
                ],
                "Ai": [
                    [
                        0.0,
                        0.0,
                        0.0,
                        0.0,
                        0.0,
                        0.0
                    ],
                    [
                        -0.0,
                        0.0,
                        0.0,
                        0.0,
                        0.0,
                        0.0
                    ],
                    [
                        -0.756067188697094,
                        0.6889778161779603,
                        0.0,
                        0.0,
                        0.0,
                        0.0
                    ],
                    [
                        0.6160277702600727,
                        0.6068810722979306,
                        -0.0,
                        0.0,
                        0.0,
                        0.0
                    ],
                    [
                        0.0,
                        0.0,
                        0.0,
                        0.0,
                        0.0,
                        0.0
                    ],
                    [
                        -0.0,
                        -0.6127815569225226,
                        -0.8849069483304692,
                        0.9937964815919303,
                        0.704833458702389,
                        0.0
                    ]
                ]
            },
            "est_params": {
                "mui": [
                    -0.0014841783704827671,
                    -0.0048634504246897105,
                    -0.024158849915063403,
                    0.007394005759207009,
                    0.9999976801645435,
                    0.7697986965419424
                ],
                "Si": [
                    [
                        1.0404102461244586,
                        0.00579064317120929,
                        -0.8213254295023145,
                        0.6245897467865371,
                        -1.6884936665233462e-06,
                        1.3683194193441142
                    ],
                    [
                        0.005790643171209294,
                        0.9647533495272093,
                        0.6584975660177032,
                        0.557174865457749,
                        3.301235325874456e-06,
                        -0.5903712130038197
                    ],
                    [
                        -0.8213254295023145,
                        0.6584975660177033,
                        2.128264261076869,
                        -0.12337441942118066,
                        4.479806257044319e-06,
                        -2.417989024984182
                    ],
                    [
                        0.6245897467865371,
                        0.557174865457749,
                        -0.12337441942118066,
                        1.6813833398879996,
                        1.8892435801219966e-06,
                        1.450133976219504
                    ],
                    [
                        -1.6884936665233454e-06,
                        3.301235325874456e-06,
                        4.479806257044319e-06,
                        1.8892435801219964e-06,
                        1.008595541892839e-06,
                        -8.752960388387916e-07
                    ],
                    [
                        1.3683194193441142,
                        -0.5903712130038196,
                        -2.417989024984182,
                        1.450133976219504,
                        -8.752960388387906e-07,
                        4.948083644601157
                    ]
                ]
            },
            "est_tgt": [
                0,
                1,
                4,
                5
            ],
            "oracle_est_tgt": [
                0,
                1,
                4
            ],
            "intv_base_est_tgt": [
                0,
                2,
                4,
                5
            ]
        },
        "5": {
            "intv_type": "do",
            "inode": 5,
            "new_mui": 1.0,
            "new_vari": null,
            "true_params": {
                "Si": [
                    [
                        1.0,
                        0.0,
                        -0.756067188697094,
                        0.6160277702600727,
                        1.520975260839402,
                        0.0
                    ],
                    [
                        0.0,
                        1.0,
                        0.6889778161779603,
                        0.6068810722979306,
                        -0.7322645550917578,
                        0.0
                    ],
                    [
                        -0.756067188697094,
                        0.6889778161779603,
                        2.0463280250096783,
                        -0.04763078854830536,
                        -2.1768156468695175,
                        0.0
                    ],
                    [
                        0.6160277702600727,
                        0.6068810722979306,
                        -0.04763078854830536,
                        1.747794849645083,
                        1.437161957606409,
                        0.0
                    ],
                    [
                        1.520975260839402,
                        -0.7322645550917578,
                        -2.1768156468695175,
                        1.437161957606409,
                        5.014680883928126,
                        0.0
                    ],
                    [
                        0.0,
                        0.0,
                        0.0,
                        0.0,
                        0.0,
                        1e-09
                    ]
                ],
                "mui": [
                    0.0,
                    0.0,
                    0.0,
                    0.0,
                    0.0,
                    1.0
                ],
                "Ai": [
                    [
                        0.0,
                        0.0,
                        0.0,
                        0.0,
                        0.0,
                        0.0
                    ],
                    [
                        -0.0,
                        0.0,
                        0.0,
                        0.0,
                        0.0,
                        0.0
                    ],
                    [
                        -0.756067188697094,
                        0.6889778161779603,
                        0.0,
                        0.0,
                        0.0,
                        0.0
                    ],
                    [
                        0.6160277702600727,
                        0.6068810722979306,
                        -0.0,
                        0.0,
                        0.0,
                        0.0
                    ],
                    [
                        0.544151870661143,
                        -0.9456401306711633,
                        -0.5223421232971964,
                        0.9445964574506327,
                        0.0,
                        0.0
                    ],
                    [
                        0.0,
                        0.0,
                        0.0,
                        0.0,
                        0.0,
                        0.0
                    ]
                ]
            },
            "est_params": {
                "mui": [
                    0.0015418351342351188,
                    -0.038658736342180706,
                    -0.025019653389795393,
                    -0.06905259352650708,
                    0.015235086195680822,
                    1.0000024959635063
                ],
                "Si": [
                    [
                        0.9898949947756719,
                        -0.021444241207379085,
                        -0.766734414209052,
                        0.5706437052361801,
                        1.523523121633463,
                        1.199351563752433e-06
                    ],
                    [
                        -0.021444241207379085,
                        1.0400332903887226,
                        0.7280034149426069,
                        0.6233659881278303,
                        -0.7575725468526033,
                        1.2127886230276675e-06
                    ],
                    [
                        -0.766734414209052,
                        0.7280034149426069,
                        2.0335903354556493,
                        0.02571058036710771,
                        -2.166070004297262,
                        1.14580229421713e-06
                    ],
                    [
                        0.5706437052361801,
                        0.6233659881278303,
                        0.025710580367107744,
                        1.750637747698619,
                        1.3848429652220184,
                        3.255451230196019e-06
                    ],
                    [
                        1.523523121633463,
                        -0.7575725468526031,
                        -2.166070004297262,
                        1.3848429652220184,
                        5.017499277730933,
                        2.6724321849592605e-06
                    ],
                    [
                        1.1993515637524332e-06,
                        1.2127886230276675e-06,
                        1.1458022942171297e-06,
                        3.25545123019602e-06,
                        2.6724321849592605e-06,
                        1.0060111466895667e-06
                    ]
                ]
            },
            "est_tgt": [
                1,
                4,
                5
            ],
            "oracle_est_tgt": [
                5
            ],
            "intv_base_est_tgt": [
                0,
                2,
                4,
                5
            ]
        },
        "obs": {
            "intv_type": "obs",
            "true_params": {
                "Si": [
                    [
                        1.0,
                        0.0,
                        -0.756067188697094,
                        0.6160277702600727,
                        1.520975260839402,
                        2.353289593028329
                    ],
                    [
                        0.0,
                        1.0,
                        0.6889778161779603,
                        0.6068810722979306,
                        -0.7322645550917578,
                        -1.1354710983600207
                    ],
                    [
                        -0.756067188697094,
                        0.6889778161779603,
                        2.0463280250096783,
                        -0.04763078854830536,
                        -2.1768156468695175,
                        -3.814630598192316
                    ],
                    [
                        0.6160277702600727,
                        0.6068810722979306,
                        -0.04763078854830536,
                        1.747794849645083,
                        1.437161957606409,
                        2.420175492808321
                    ],
                    [
                        1.520975260839402,
                        -0.7322645550917578,
                        -2.1768156468695175,
                        1.437161957606409,
                        5.014680883928126,
                        7.3377588739524615
