{
    "expt_args": {
        "save_dir": "all_expt_logs/expt_logs_11.05.24-main_plus_oracle_donoisepert-corr-js",
        "exp_name": "134",
        "num_nodes": 6,
        "obs_noise_mean": 0.0,
        "obs_noise_var": 1.0,
        "max_edge_strength": 1.0,
        "graph_sparsity_method": "adj_dense_prop",
        "adj_dense_prop": 0.8,
        "num_parents": null,
        "new_noise_mean": 1.0,
        "mix_samples": 65536,
        "stage2_samples": 65536,
        "gmm_tol": 0.001,
        "intv_type": "do",
        "new_noise_var": null,
        "intv_targets": [
            0,
            1,
            2,
            3,
            4,
            5
        ]
    },
    "intv_args_dict": {
        "0": {
            "intv_type": "do",
            "inode": 0,
            "new_mui": 1.0,
            "new_vari": null,
            "true_params": {
                "Si": [
                    [
                        1e-09,
                        0.0,
                        9.49272462265697e-10,
                        1.5988099957579366e-09,
                        -1.8060485326914092e-09,
                        -3.1023961432772136e-09
                    ],
                    [
                        0.0,
                        1.0,
                        -0.7297247710421025,
                        -1.3879926321766025,
                        1.2132878713531523,
                        0.8073977741552822
                    ],
                    [
                        9.49272462265697e-10,
                        -0.7297247710421025,
                        1.5324982423735671,
                        1.934623325199141,
                        -1.8282084702485284,
                        -2.3241272473603796
                    ],
                    [
                        1.5988099957579366e-09,
                        -1.3879926321766025,
                        1.934623325199141,
                        3.7761848060179726,
                        -2.553119010797131,
                        -2.7198874336787457
                    ],
                    [
                        -1.8060485326914092e-09,
                        1.2132878713531523,
                        -1.8282084702485284,
                        -2.553119010797131,
                        3.361018978721748,
                        3.4836419975398076
                    ],
                    [
                        -3.1023961432772136e-09,
                        0.8073977741552822,
                        -2.3241272473603796,
                        -2.7198874336787457,
                        3.4836419975398076,
                        5.415802362200649
                    ]
                ],
                "mui": [
                    1.0,
                    0.0,
                    0.949272462265697,
                    1.5988099957579365,
                    -1.806048532691409,
                    -3.1023961432772134
                ],
                "Ai": [
                    [
                        0.0,
                        0.0,
                        0.0,
                        0.0,
                        0.0,
                        0.0
                    ],
                    [
                        -0.0,
                        0.0,
                        0.0,
                        0.0,
                        0.0,
                        0.0
                    ],
                    [
                        0.949272462265697,
                        -0.7297247710421025,
                        0.0,
                        0.0,
                        0.0,
                        0.0
                    ],
                    [
                        0.7237984366773005,
                        -0.7153537060612127,
                        0.9217707179582382,
                        0.0,
                        0.0,
                        0.0
                    ],
                    [
                        -0.9110343443263631,
                        0.5252725231302805,
                        -0.9428422544027573,
                        0.0,
                        0.0,
                        0.0
                    ],
                    [
                        -0.6644486704748342,
                        -0.9147068677295261,
                        -0.9163237033381681,
                        0.0,
                        0.868252755292966,
                        0.0
                    ]
                ]
            },
            "est_params": {
                "mui": [
                    1.0000011815261567,
                    -0.006646048519316544,
                    0.9384174114837052,
                    1.5913528963832606,
                    -1.814024767226889,
                    -3.094895458600017
                ],
                "Si": [
                    [
                        1.0111429651738243e-06,
                        -3.219215272765762e-07,
                        -2.120440043205221e-07,
                        -2.6694710687361736e-08,
                        -1.3373959297255877e-06,
                        -1.0829611993410693e-06
                    ],
                    [
                        -3.2192152727657584e-07,
                        0.9726599221603192,
                        -0.7074677150468957,
                        -1.3498997133735642,
                        1.18577870660431,
                        0.7752271594331324
                    ],
                    [
                        -2.1204400432052233e-07,
                        -0.7074677150468957,
                        1.5185698356959163,
                        1.906952155939338,
                        -1.8079124075268367,
                        -2.316861111873148
                    ],
                    [
                        -2.6694710687361323e-08,
                        -1.3498997133735642,
                        1.906952155939338,
                        3.6926014438090005,
                        -2.505572001366476,
                        -2.6688289706019286
                    ],
                    [
                        -1.3373959297255875e-06,
                        1.18577870660431,
                        -1.8079124075268367,
                        -2.505572001366476,
                        3.346179127771281,
                        3.5036512391327665
                    ],
                    [
                        -1.0829611993410684e-06,
                        0.7752271594331324,
                        -2.316861111873148,
                        -2.6688289706019286,
                        3.5036512391327665,
                        5.501168813040448
                    ]
                ]
            },
            "est_tgt": [
                0
            ],
            "oracle_est_tgt": [
                0
            ],
            "intv_base_est_tgt": [
                0,
                2,
                3,
                4,
                5
            ]
        },
        "1": {
            "intv_type": "do",
            "inode": 1,
            "new_mui": 1.0,
            "new_vari": null,
            "true_params": {
                "Si": [
                    [
                        1.0,
                        0.0,
                        0.949272462265697,
                        1.5988099957579365,
                        -1.806048532691409,
                        -3.1023961432772134
                    ],
                    [
                        0.0,
                        1e-09,
                        -7.297247710421026e-10,
                        -1.3879926321766025e-09,
                        1.2132878713531524e-09,
                        8.073977741552823e-10
                    ],
                    [
                        0.949272462265697,
                        -7.297247710421026e-10,
                        1.9011182081484774,
                        2.4394770203392357,
                        -2.6572743928874463,
                        -4.679968314971534
                    ],
                    [
                        1.5988099957579365,
                        -1.3879926321766025e-09,
                        2.4394770203392357,
                        4.405854660947262,
                        -3.756612830337207,
                        -6.559367232748425
                    ],
                    [
                        -1.806048532691409,
                        1.2132878713531524e-09,
                        -2.6572743928874463,
                        -3.756612830337207,
                        5.150762820596133,
                        8.107114068569498
                    ],
                    [
                        -3.1023961432772134,
                        8.073977741552823e-10,
                        -4.679968314971534,
                        -6.559367232748425,
                        8.107114068569498,
                        14.388773017338103
                    ]
                ],
                "mui": [
                    0.0,
                    1.0,
                    -0.7297247710421025,
                    -1.3879926321766025,
                    1.2132878713531523,
                    0.8073977741552822
                ],
                "Ai": [
                    [
                        0.0,
                        0.0,
                        0.0,
                        0.0,
                        0.0,
                        0.0
                    ],
                    [
                        0.0,
                        0.0,
                        0.0,
                        0.0,
                        0.0,
                        0.0
                    ],
                    [
                        0.949272462265697,
                        -0.7297247710421025,
                        0.0,
                        0.0,
                        0.0,
                        0.0
                    ],
                    [
                        0.7237984366773005,
                        -0.7153537060612127,
                        0.9217707179582382,
                        0.0,
                        0.0,
                        0.0
                    ],
                    [
                        -0.9110343443263631,
                        0.5252725231302805,
                        -0.9428422544027573,
                        0.0,
                        0.0,
                        0.0
                    ],
                    [
                        -0.6644486704748342,
                        -0.9147068677295261,
                        -0.9163237033381681,
                        0.0,
                        0.868252755292966,
                        0.0
                    ]
                ]
            },
            "est_params": {
                "mui": [
                    -0.02107981131889333,
                    1.0000008781316359,
                    -0.7463098535113633,
                    -1.4119408336392056,
                    1.24649944254425,
                    0.8740038383781881
                ],
                "Si": [
                    [
                        1.0109350020596,
                        -1.5830936698742836e-06,
                        0.9488763076491751,
                        1.5847829954153054,
                        -1.829289097527043,
                        -3.125707912004028
                    ],
                    [
                        -1.5830936698742834e-06,
                        1.0084157080841252e-06,
                        -1.9218015782937125e-06,
                        -4.04940126667049e-06,
                        3.2122960091512627e-06,
                        5.489447352565931e-06
                    ],
                    [
                        0.9488763076491751,
                        -1.921801578293712e-06,
                        1.8813922575135773,
                        2.40748858139955,
                        -2.6461290420679826,
                        -4.645931308322498
                    ],
                    [
                        1.5847829954153054,
                        -4.04940126667049e-06,
                        2.40748858139955,
                        4.365240320997621,
                        -3.733632726620103,
                        -6.480411828958319
                    ],
                    [
                        -1.829289097527043,
                        3.2122960091512627e-06,
                        -2.6461290420679826,
                        -3.733632726620103,
                        5.178487369173475,
                        8.136742456390845
                    ],
                    [
                        -3.125707912004028,
                        5.489447352565931e-06,
                        -4.645931308322498,
                        -6.480411828958319,
                        8.136742456390843,
                        14.41070849299813
                    ]
                ]
            },
            "est_tgt": [
                1
            ],
            "oracle_est_tgt": [
                1
            ],
            "intv_base_est_tgt": [
                1,
                2,
                3,
                4,
                5
            ]
        },
        "2": {
            "intv_type": "do",
            "inode": 2,
            "new_mui": 1.0,
            "new_vari": null,
            "true_params": {
                "Si": [
                    [
                        1.0,
                        0.0,
                        0.0,
                        0.7237984366773005,
                        -0.9110343443263631,
                        -1.4554567501027198
                    ],
                    [
                        0.0,
                        1.0,
                        0.0,
                        -0.7153537060612127,
                        0.5252725231302805,
                        -0.4586375522419719
                    ],
                    [
                        0.0,
                        0.0,
                        1e-09,
                        9.217707179582383e-10,
                        -9.428422544027572e-10,
                        -1.734949088529994e-09
                    ],
                    [
                        0.7237984366773005,
                        -0.7153537060612127,
                        9.217707179582383e-10,
                        2.0356151025616773,
                        -1.0351608811652058,
                        -0.7253692492398606
                    ],
                    [
                        -0.9110343443263631,
                        0.5252725231302805,
                        -9.428422544027572e-10,
                        -1.0351608811652058,
                        2.105894800986769,
                        1.9533141386855235
                    ],
                    [
                        -1.4554567501027198,
                        -0.4586375522419719,
                        -1.734949088529994e-09,
                        -0.7253692492398606,
                        1.9533141386855235,
                        4.082565605829954
                    ]
                ],
                "mui": [
                    0.0,
                    0.0,
                    1.0,
                    0.9217707179582382,
                    -0.9428422544027573,
                    -1.7349490885299939
                ],
                "Ai": [
                    [
                        0.0,
                        0.0,
                        0.0,
                        0.0,
                        0.0,
                        0.0
                    ],
                    [
                        -0.0,
                        0.0,
                        0.0,
                        0.0,
                        0.0,
                        0.0
                    ],
                    [
                        0.0,
                        0.0,
                        0.0,
                        0.0,
                        0.0,
                        0.0
                    ],
                    [
                        0.7237984366773005,
                        -0.7153537060612127,
                        0.9217707179582382,
                        0.0,
                        0.0,
                        0.0
                    ],
                    [
                        -0.9110343443263631,
                        0.5252725231302805,
                        -0.9428422544027573,
                        0.0,
                        0.0,
                        0.0
                    ],
                    [
                        -0.6644486704748342,
                        -0.9147068677295261,
                        -0.9163237033381681,
                        0.0,
                        0.868252755292966,
                        0.0
                    ]
                ]
            },
            "est_params": {
                "mui": [
                    0.0024008297089778185,
                    -0.0019010786584017275,
                    1.0000021143617788,
                    0.9206707081612139,
                    -0.931672309944803,
                    -1.7321467623804954
                ],
                "Si": [
                    [
                        0.9887435213916851,
                        -0.0164996389260318,
                        -1.1351566001980023e-06,
                        0.7056348270777721,
                        -0.903147410557451,
                        -1.4156337400329961
                    ],
                    [
                        -0.0164996389260318,
                        0.9899378174530913,
                        -2.0211607480895676e-07,
                        -0.7234722433270463,
                        0.5359490767854149,
                        -0.42929842155948816
                    ],
                    [
                        -1.135156600198002e-06,
                        -2.0211607480895668e-07,
                        1.0099782531798436e-06,
                        -8.330013342320108e-07,
                        1.3743157316046288e-06,
                        2.491148822684261e-06
                    ],
                    [
                        0.7056348270777721,
                        -0.7234722433270463,
                        -8.330013342320112e-07,
                        2.026739829378907,
                        -1.011031928883392,
                        -0.6661668477583645
                    ],
                    [
                        -0.903147410557451,
                        0.5359490767854149,
                        1.3743157316046288e-06,
                        -1.011031928883392,
                        2.089664012070953,
                        1.9304813089711064
                    ],
                    [
                        -1.415633740032996,
                        -0.42929842155948816,
                        2.491148822684261e-06,
                        -0.6661668477583644,
                        1.9304813089711064,
                        4.012974226657364
                    ]
                ]
            },
            "est_tgt": [
                2
            ],
            "oracle_est_tgt": [
                2
            ],
            "intv_base_est_tgt": []
        },
        "3": {
            "intv_type": "do",
            "inode": 3,
            "new_mui": 1.0,
            "new_vari": null,
            "true_params": {
                "Si": [
                    [
                        1.0,
                        0.0,
                        0.949272462265697,
                        0.0,
                        -1.806048532691409,
                        -3.1023961432772134
                    ],
                    [
                        0.0,
                        1.0,
                        -0.7297247710421025,
                        0.0,
                        1.2132878713531523,
                        0.8073977741552822
                    ],
                    [
                        0.949272462265697,
                        -0.7297247710421025,
                        2.433616449088428,
                        0.0,
                        -3.5426406061334195,
                        -5.269146470267723
                    ],
                    [
                        0.0,
                        0.0,
                        0.0,
                        1e-09,
                        0.0,
                        0.0
                    ],
                    [
                        -1.806048532691409,
                        1.2132878713531523,
                        -3.5426406061334195,
                        0.0,
                        6.622830277896729,
                        9.086719994330029
                    ],
                    [
                        -3.1023961432772134,
                        0.8073977741552822,
                        -5.269146470267723,
                        0.0,
                        9.086719994330029,
                        15.040664182397116
                    ]
                ],
                "mui": [
                    0.0,
                    0.0,
                    0.0,
                    1.0,
                    0.0,
                    0.0
                ],
                "Ai": [
                    [
                        0.0,
                        0.0,
                        0.0,
                        0.0,
                        0.0,
                        0.0
                    ],
                    [
                        -0.0,
                        0.0,
                        0.0,
                        0.0,
                        0.0,
                        0.0
                    ],
                    [
                        0.949272462265697,
                        -0.7297247710421025,
                        0.0,
                        0.0,
                        0.0,
                        0.0
                    ],
                    [
                        0.0,
                        0.0,
                        0.0,
                        0.0,
                        0.0,
                        0.0
                    ],
                    [
                        -0.9110343443263631,
                        0.5252725231302805,
                        -0.9428422544027573,
                        0.0,
                        0.0,
                        0.0
                    ],
                    [
                        -0.6644486704748342,
                        -0.9147068677295261,
                        -0.9163237033381681,
                        0.0,
                        0.868252755292966,
                        0.0
                    ]
                ]
            },
            "est_params": {
                "mui": [
                    0.001902298400933113,
                    -0.013619875529318254,
                    0.005969952361755905,
                    1.0000009934662162,
                    -0.02174302188797299,
                    -0.007408238227908882
                ],
                "Si": [
                    [
                        1.0008435482637874,
                        0.004682049412929623,
                        0.9615619146955762,
                        -1.2265019973500483e-07,
                        -1.8064482488714282,
                        -3.116268212397245
                    ],
                    [
                        0.004682049412929623,
                        0.9747215011489913,
                        -0.6926278996986174,
                        3.780408914440662e-07,
                        1.186253061635591,
                        0.7869900689654087
                    ],
                    [
                        0.9615619146955762,
                        -0.6926278996986174,
                        2.4167367156030983,
                        -3.950731045318645e-07,
                        -3.5193331728346515,
                        -5.273619991607631
                    ],
                    [
                        -1.2265019973500449e-07,
                        3.780408914440664e-07,
                        -3.9507310453186473e-07,
                        1.0082937135607097e-06,
                        8.625378023745758e-07,
                        9.665343389252196e-07
                    ],
                    [
                        -1.8064482488714282,
                        1.186253061635591,
                        -3.5193331728346515,
                        8.625378023745753e-07,
                        6.581257763410528,
                        9.065454385564536
                    ],
                    [
                        -3.116268212397245,
                        0.7869900689654087,
                        -5.273619991607631,
                        9.665343389252188e-07,
                        9.065454385564536,
                        15.05672341064809
                    ]
                ]
            },
            "est_tgt": [
                3
            ],
            "oracle_est_tgt": [
                3
            ],
            "intv_base_est_tgt": [
                2,
                3,
                4,
                5
            ]
        },
        "4": {
            "intv_type": "do",
            "inode": 4,
            "new_mui": 1.0,
            "new_vari": null,
            "true_params": {
                "Si": [
                    [
                        1.0,
                        0.0,
                        0.949272462265697,
                        1.5988099957579365,
                        0.0,
                        -1.534289528575079
                    ],
                    [
                        0.0,
                        1.0,
                        -0.7297247710421025,
                        -1.3879926321766025,
                        0.0,
                        -0.2460427631106299
                    ],
                    [
                        0.949272462265697,
                        -0.7297247710421025,
                        2.433616449088428,
                        3.4523296250495794,
                        0.0,
                        -2.193239002979638
                    ],
                    [
                        1.5988099957579365,
                        -1.3879926321766025,
                        3.4523296250495794,
                        6.332378205997272,
                        0.0,
                        -2.9561722501828154
                    ],
                    [
                        0.0,
                        0.0,
                        0.0,
                        0.0,
                        1e-09,
                        8.68252755292966e-10
                    ],
                    [
                        -1.534289528575079,
                        -0.2460427631106299,
                        -2.193239002979638,
                        -2.9561722501828154,
                        8.68252755292966e-10,
                        4.25423052882749
                    ]
                ],
                "mui": [
                    0.0,
                    0.0,
                    0.0,
                    0.0,
                    1.0,
                    0.868252755292966
                ],
                "Ai": [
                    [
                        0.0,
                        0.0,
                        0.0,
                        0.0,
                        0.0,
                        0.0
                    ],
                    [
                        -0.0,
                        0.0,
                        0.0,
                        0.0,
                        0.0,
                        0.0
                    ],
                    [
                        0.949272462265697,
                        -0.7297247710421025,
                        0.0,
                        0.0,
                        0.0,
                        0.0
                    ],
                    [
                        0.7237984366773005,
                        -0.7153537060612127,
                        0.9217707179582382,
                        0.0,
                        0.0,
                        0.0
                    ],
                    [
                        0.0,
                        0.0,
                        0.0,
                        0.0,
                        0.0,
                        0.0
                    ],
                    [
                        -0.6644486704748342,
                        -0.9147068677295261,
                        -0.9163237033381681,
                        0.0,
                        0.868252755292966,
                        0.0
                    ]
                ]
            },
            "est_params": {
                "mui": [
                    -0.012974312356028306,
                    -0.010976070049398153,
                    -0.010211579377975951,
                    -0.013486305566709097,
                    1.0000000667847293,
                    0.8845671864885033
                ],
                "Si": [
                    [
                        1.010274456039592,
                        0.007666724823271419,
                        0.9529168876570984,
                        1.617779915317789,
                        -5.221803834021719e-07,
                        -1.558577582678644
                    ],
                    [
                        0.007666724823271421,
                        0.9850278842534684,
                        -0.7175671360442996,
                        -1.3623888049588353,
                        -5.967482094778819e-07,
                        -0.26074561665151075
                    ],
                    [
                        0.9529168876570984,
                        -0.7175671360442996,
                        2.426010220643565,
                        3.4453174392176176,
                        -1.12744004418584e-06,
                        -2.1923289750029786
                    ],
                    [
                        1.617779915317789,
                        -1.3623888049588353,
                        3.4453174392176176,
                        6.332712046306812,
                        -9.343612751432837e-08,
                        -2.9715693236556784
                    ],
                    [
                        -5.221803834021717e-07,
                        -5.967482094778818e-07,
                        -1.12744004418584e-06,
                        -9.343612751432819e-08,
                        1.0092602854853686e-06,
                        2.9751092771747634e-06
                    ],
                    [
                        -1.5585775826786439,
                        -0.26074561665151075,
                        -2.192328975002979,
                        -2.9715693236556784,
                        2.9751092771747634e-06,
                        4.279084816245233
                    ]
                ]
            },
            "est_tgt": [
                4
            ],
            "oracle_est_tgt": [
                4
            ],
            "intv_base_est_tgt": [
                2,
                3,
                4,
                5
            ]
        },
        "5": {
            "intv_type": "do",
            "inode": 5,
            "new_mui": 1.0,
            "new_vari": null,
            "true_params": {
                "Si": [
                    [
                        1.0,
                        0.0,
                        0.949272462265697,
                        1.5988099957579365,
                        -1.806048532691409,
                        0.0
                    ],
                    [
                        0.0,
                        1.0,
                        -0.7297247710421025,
                        -1.3879926321766025,
                        1.2132878713531523,
                        0.0
                    ],
                    [
                        0.949272462265697,
                        -0.7297247710421025,
                        2.433616449088428,
                        3.4523296250495794,
                        -3.5426406061334195,
                        0.0
                    ],
                    [
                        1.5988099957579365,
                        -1.3879926321766025,
                        3.4523296250495794,
                        6.332378205997272,
                        -5.440647454800581,
                        0.0
                    ],
                    [
                        -1.806048532691409,
                        1.2132878713531523,
                        -3.5426406061334195,
                        -5.440647454800581,
                        6.622830277896729,
                        0.0
                    ],
                    [
                        0.0,
                        0.0,
                        0.0,
                        0.0,
                        0.0,
                        1e-09
                    ]
                ],
                "mui": [
                    0.0,
                    0.0,
                    0.0,
                    0.0,
                    0.0,
                    1.0
                ],
                "Ai": [
                    [
                        0.0,
                        0.0,
                        0.0,
                        0.0,
                        0.0,
                        0.0
                    ],
                    [
                        -0.0,
                        0.0,
                        0.0,
                        0.0,
                        0.0,
                        0.0
                    ],
                    [
                        0.949272462265697,
                        -0.7297247710421025,
                        0.0,
                        0.0,
                        0.0,
                        0.0
                    ],
                    [
                        0.7237984366773005,
                        -0.7153537060612127,
                        0.9217707179582382,
                        0.0,
                        0.0,
                        0.0
                    ],
                    [
                        -0.9110343443263631,
                        0.5252725231302805,
                        -0.9428422544027573,
                        0.0,
                        0.0,
                        0.0
                    ],
                    [
                        0.0,
                        0.0,
                        0.0,
                        0.0,
                        0.0,
                        0.0
                    ]
                ]
            },
            "est_params": {
                "mui": [
                    0.00030628108682865347,
                    -0.028475251124187393,
                    0.027793556754041753,
                    0.040069610399097164,
                    -0.032978282529874024,
                    0.9999996489372559
                ],
                "Si": [
                    [
                        1.0262925577463744,
                        -0.013075011327520054,
                        0.9982450607353949,
                        1.672096625206997,
                        -1.8663683717074597,
                        -3.5774032031601203e-07
                    ],
                    [
                        -0.013075011327520054,
                        0.9879936257028312,
                        -0.7372623881510183,
                        -1.394851360096915,
                        1.2302459190332151,
                        -1.9189173077322317e-07
                    ],
                    [
                        0.9982450607353949,
                        -0.7372623881510183,
                        2.5168424056523553,
                        3.576911580064233,
                        -3.64373971132715,
                        -1.204833925767206e-07
                    ],
                    [
                        1.672096625206997,
                        -1.394851360096915,
                        3.576911580064233,
                        6.515884025569986,
                        -5.612693318349591,
                        -1.4768368130704194e-06
                    ],
                    [
                        -1.8663683717074597,
                        1.230245919033215,
                        -3.64373971132715,
                        -5.612693318349591,
                        6.754445251997213,
                        -3.752088342169052e-07
                    ],
                    [
                        -3.577403203160118e-07,
                        -1.9189173077322314e-07,
                        -1.2048339257672051e-07,
                        -1.4768368130704194e-06,
                        -3.7520883421690533e-07,
                        1.0039746808222203e-06
                    ]
                ]
            },
            "est_tgt": [
                5
            ],
            "oracle_est_tgt": [
                5
            ],
            "intv_base_est_tgt": [
                2,
                3,
                4,
                5
            ]
        },
        "obs": {
            "intv_type": "obs",
            "true_params": {
                "Si": [
                    [
                        1.0,
                        0.0,
                        0.949272462265697,
                        1.5988099957579365,
                        -1.806048532691409,
                        -3.1023961432772134
                    ],
                    [
                        0.0,
                        1.0,
                        -0.7297247710421025,
                        -1.3879926321766025,
                        1.2132878713531523,
                        0.8073977741552822
                    ],
                    [
                        0.949272462265697,
                        -0.7297247710421025,
                        2.433616449088428,
                        3.4523296250495794,
                        -3.5426406061334195,
                        -5.269146470267723
                    ],
                    [
                        1.5988099957579365,
                        -1.3879926321766025,
                        3.4523296250495794,
                        6.332378205997272,
                        -5.440647454800581,
                        -7.6800293933910835
                    ],
                    [
                        -1.806048532691409,
                        1.2132878713531523,
                        -3.5426406061334195,
                        -5.440647454800581,
                        6.622830277896729,
                        9.086719994330029
                    ],
                    [
                        -3.1023961432772134,
                        0.8073977741552822,
                        -5.269146470267723,
                        -7.6800293933910835,
                        9.086719994330029,
                        15.040664182397116
                    ]
                ],
                "mui": [
                    0.0,
                    0.0,
                    0.0,
                    0.0,
                    0.0,
                    0.0
                ],
                "Ai": [
                    [
                        0.0,
                        0.0,
