{
    "expt_args": {
        "save_dir": "all_expt_logs/expt_logs_11.05.24-main_plus_oracle_donoisepert-corr-js",
        "exp_name": "82",
        "num_nodes": 6,
        "obs_noise_mean": 0.0,
        "obs_noise_var": 1.0,
        "max_edge_strength": 1.0,
        "graph_sparsity_method": "adj_dense_prop",
        "adj_dense_prop": 0.8,
        "num_parents": null,
        "new_noise_mean": 1.0,
        "mix_samples": 4096,
        "stage2_samples": 4096,
        "gmm_tol": 0.001,
        "intv_type": "do",
        "new_noise_var": null,
        "intv_targets": [
            0,
            1,
            2,
            3,
            4,
            5
        ]
    },
    "intv_args_dict": {
        "0": {
            "intv_type": "do",
            "inode": 0,
            "new_mui": 1.0,
            "new_vari": null,
            "true_params": {
                "Si": [
                    [
                        1e-09,
                        7.860774062597827e-10,
                        -7.805386760475529e-10,
                        -1.2720753336367131e-09,
                        -2.5722843604318384e-09,
                        -3.68124752378647e-10
                    ],
                    [
                        7.860774062597827e-10,
                        1.0000000006179177,
                        -0.9929539639661253,
                        -0.878246697068932,
                        -1.5987816788819131,
                        -0.4683059831953242
                    ],
                    [
                        -7.805386760475529e-10,
                        -0.9929539639661253,
                        1.9859575739468007,
                        1.756537304523056,
                        3.1976432930954464,
                        -0.06263181570862186
                    ],
                    [
                        -1.2720753336367131e-09,
                        -0.878246697068932,
                        1.756537304523056,
                        2.55361994804416,
                        3.519256154796839,
                        -0.05539651084784129
                    ],
                    [
                        -2.5722843604318384e-09,
                        -1.5987816788819131,
                        3.1976432930954464,
                        3.519256154796839,
                        6.626103639579287,
                        -0.10084515753827948
                    ],
                    [
                        -3.68124752378647e-10,
                        -0.4683059831953242,
                        -0.06263181570862186,
                        -0.05539651084784129,
                        -0.10084515753827948,
                        1.497712455994286
                    ]
                ],
                "mui": [
                    1.0,
                    0.7860774062597826,
                    -0.7805386760475528,
                    -1.272075333636713,
                    -2.5722843604318384,
                    -0.368124752378647
                ],
                "Ai": [
                    [
                        0.0,
                        0.0,
                        0.0,
                        0.0,
                        0.0,
                        0.0
                    ],
                    [
                        0.7860774062597826,
                        0.0,
                        0.0,
                        0.0,
                        0.0,
                        0.0
                    ],
                    [
                        0.0,
                        -0.9929539633525615,
                        0.0,
                        0.0,
                        0.0,
                        0.0
                    ],
                    [
                        -0.5817054487345839,
                        -0.0,
                        0.8844787658671636,
                        0.0,
                        0.0,
                        0.0
                    ],
                    [
                        -0.9135547623871165,
                        0.0,
                        0.9989442903916592,
                        0.6910085597400542,
                        0.0,
                        0.0
                    ],
                    [
                        -0.0,
                        -0.992226323316515,
                        -0.5276380977841371,
                        0.0,
                        -0.0,
                        0.0
                    ]
                ]
            },
            "est_params": {
                "mui": [
                    0.9999956578445602,
                    0.8286335917652662,
                    -0.8576649647601404,
                    -1.2673553718435193,
                    -2.6624384941423203,
                    -0.4256644619147563
                ],
                "Si": [
                    [
                        1.0161007405512959e-06,
                        2.43855913721221e-07,
                        2.5181658335854483e-06,
                        1.3962986617897197e-06,
                        -3.8015438064983164e-07,
                        -3.0697620464764827e-06
                    ],
                    [
                        2.438559137212207e-07,
                        0.9605066608609908,
                        -0.9442206755013519,
                        -0.8057342564607601,
                        -1.5703946498022971,
                        -0.41434015881815417
                    ],
                    [
                        2.5181658335854488e-06,
                        -0.9442206755013519,
                        1.9618842649005988,
                        1.766614225955961,
                        3.3088207455162912,
                        -0.13160293588412458
                    ],
                    [
                        1.3962986617897197e-06,
                        -0.8057342564607601,
                        1.766614225955961,
                        2.629887747518475,
                        3.7074449224265518,
                        -0.2503367962293562
                    ],
                    [
                        -3.8015438064983164e-07,
                        -1.5703946498022971,
                        3.3088207455162917,
                        3.7074449224265518,
                        7.148851060394716,
                        -0.27103262062000594
                    ],
                    [
                        -3.0697620464764827e-06,
                        -0.41434015881815417,
                        -0.13160293588412458,
                        -0.2503367962293561,
                        -0.27103262062000605,
                        1.4285953369064637
                    ]
                ]
            },
            "est_tgt": [
                0,
                1,
                2,
                5
            ],
            "oracle_est_tgt": [
                0,
                1,
                2,
                5
            ],
            "intv_base_est_tgt": []
        },
        "1": {
            "intv_type": "do",
            "inode": 1,
            "new_mui": 1.0,
            "new_vari": null,
            "true_params": {
                "Si": [
                    [
                        1.0,
                        0.0,
                        0.0,
                        -0.5817054487345839,
                        -1.3155182067101432,
                        0.0
                    ],
                    [
                        0.0,
                        1e-09,
                        -9.929539633525616e-10,
                        -8.782466960689824e-10,
                        -1.5987816768598987e-09,
                        -4.683059829059497e-10
                    ],
                    [
                        0.0,
                        -9.929539633525616e-10,
                        1.0000000009859575,
                        0.8844787667392221,
                        1.610126690101705,
                        -0.5276380973191308
                    ],
                    [
                        -0.5817054487345839,
                        -8.782466960689824e-10,
                        0.8844787667392221,
                        2.1206839171287215,
                        2.8803755362438297,
                        -0.46668469314132316
                    ],
                    [
                        -1.3155182067101432,
                        -1.5987816768598987e-09,
                        1.610126690101705,
                        2.8803755362438297,
                        5.800588937441665,
                        -0.8495641823703791
                    ],
                    [
                        0.0,
                        -4.683059829059497e-10,
                        -0.5276380973191308,
                        -0.46668469314132316,
                        -0.8495641823703791,
                        1.278401962452573
                    ]
                ],
                "mui": [
                    0.0,
                    1.0,
                    -0.9929539633525615,
                    -0.8782466960689823,
                    -1.5987816768598986,
                    -0.46830598290594966
                ],
                "Ai": [
                    [
                        0.0,
                        0.0,
                        0.0,
                        0.0,
                        0.0,
                        0.0
                    ],
                    [
                        0.0,
                        0.0,
                        0.0,
                        0.0,
                        0.0,
                        0.0
                    ],
                    [
                        0.0,
                        -0.9929539633525615,
                        0.0,
                        0.0,
                        0.0,
                        0.0
                    ],
                    [
                        -0.5817054487345839,
                        -0.0,
                        0.8844787658671636,
                        0.0,
                        0.0,
                        0.0
                    ],
                    [
                        -0.9135547623871165,
                        0.0,
                        0.9989442903916592,
                        0.6910085597400542,
                        0.0,
                        0.0
                    ],
                    [
                        -0.0,
                        -0.992226323316515,
                        -0.5276380977841371,
                        0.0,
                        -0.0,
                        0.0
                    ]
                ]
            },
            "est_params": {
                "mui": [
                    0.05078325850916105,
                    0.9999981321051117,
                    -0.9704497047446371,
                    -0.8508574792128332,
                    -1.6204063383754097,
                    -0.4263029253259765
                ],
                "Si": [
                    [
                        1.1837969023580113,
                        2.411107271722591e-06,
                        -0.009509079957591178,
                        -0.6573010157274117,
                        -1.4865767255358011,
                        0.007201321903826578
                    ],
                    [
                        2.4111072717225906e-06,
                        1.0115612044921347e-06,
                        1.100289614739632e-06,
                        -3.1586510073832e-06,
                        -8.064794099452369e-06,
                        -3.0994015999743576e-06
                    ],
                    [
                        -0.009509079957591184,
                        1.1002896147396316e-06,
                        1.0008518763770664,
                        0.8846831637483179,
                        1.6595884613398493,
                        -0.5362517238859854
                    ],
                    [
                        -0.6573010157274117,
                        -3.1586510073832e-06,
                        0.8846831637483179,
                        2.193305745328386,
                        3.0147316829913104,
                        -0.5240181130083514
                    ],
                    [
                        -1.4865767255358011,
                        -8.064794099452369e-06,
                        1.6595884613398493,
                        3.0147316829913104,
                        6.13836149496538,
                        -0.9577857427638835
                    ],
                    [
                        0.0072013219038265875,
                        -3.099401599974359e-06,
                        -0.5362517238859854,
                        -0.5240181130083514,
                        -0.9577857427638835,
                        1.2815415218181845
                    ]
                ]
            },
            "est_tgt": [
                0,
                1,
                2,
                5
            ],
            "oracle_est_tgt": [
                0,
                1,
                2,
                5
            ],
            "intv_base_est_tgt": [
                0,
                1,
                2,
                4
            ]
        },
        "2": {
            "intv_type": "do",
            "inode": 2,
            "new_mui": 1.0,
            "new_vari": null,
            "true_params": {
                "Si": [
                    [
                        1.0,
                        0.7860774062597826,
                        0.0,
                        -0.5817054487345839,
                        -1.3155182067101432,
                        -0.7799666946553265
                    ],
                    [
                        0.7860774062597826,
                        1.6179176886321072,
                        0.0,
                        -0.45726551034846463,
                        -1.03409913981823,
                        -1.60534051962019
                    ],
                    [
                        0.0,
                        0.0,
                        1e-09,
                        8.844787658671636e-10,
                        1.6101266885141887e-09,
                        -5.276380977841371e-10
                    ],
                    [
                        -0.5817054487345839,
                        -0.45726551034846463,
                        8.844787658671636e-10,
                        1.3383812298698063,
                        1.4562526699170157,
                        0.4537108756458222
                    ],
                    [
                        -1.3155182067101432,
                        -1.03409913981823,
                        1.6101266885141887e-09,
                        1.4562526699170157,
                        3.208080984412403,
                        1.0260603865970488
                    ],
                    [
                        -0.7799666946553265,
                        -1.60534051962019,
                        -5.276380977841371e-10,
                        0.4537108756458222,
                        1.0260603865970488,
                        2.5928611217321667
                    ]
                ],
                "mui": [
                    0.0,
                    0.0,
                    1.0,
                    0.8844787658671636,
                    1.6101266885141885,
                    -0.5276380977841371
                ],
                "Ai": [
                    [
                        0.0,
                        0.0,
                        0.0,
                        0.0,
                        0.0,
                        0.0
                    ],
                    [
                        0.7860774062597826,
                        0.0,
                        0.0,
                        0.0,
                        0.0,
                        0.0
                    ],
                    [
                        0.0,
                        0.0,
                        0.0,
                        0.0,
                        0.0,
                        0.0
                    ],
                    [
                        -0.5817054487345839,
                        -0.0,
                        0.8844787658671636,
                        0.0,
                        0.0,
                        0.0
                    ],
                    [
                        -0.9135547623871165,
                        0.0,
                        0.9989442903916592,
                        0.6910085597400542,
                        0.0,
                        0.0
                    ],
                    [
                        -0.0,
                        -0.992226323316515,
                        -0.5276380977841371,
                        0.0,
                        -0.0,
                        0.0
                    ]
                ]
            },
            "est_params": {
                "mui": [
                    0.0324201834671249,
                    0.04825053204048595,
                    0.9999964571700201,
                    0.8678935910399551,
                    1.6410489830222028,
                    -0.5177822397802834
                ],
                "Si": [
                    [
                        1.010859887069237,
                        0.7958055152555239,
                        -1.2411702032243734e-06,
                        -0.5291272447674741,
                        -1.230169950467178,
                        -0.8416715428464833
                    ],
                    [
                        0.7958055152555239,
                        1.6214508097002402,
                        -1.1409105761410227e-06,
                        -0.41457463591690863,
                        -0.9732398698719061,
                        -1.5822742769702836
                    ],
                    [
                        -1.241170203224373e-06,
                        -1.140910576141023e-06,
                        1.0203528878695309e-06,
                        -1.08626472696156e-06,
                        1.614024855171339e-06,
                        4.706097044851262e-06
                    ],
                    [
                        -0.5291272447674742,
                        -0.41457463591690863,
                        -1.0862647269615603e-06,
                        1.1724899575773897,
                        1.319471593468985,
                        0.5420133026837534
                    ],
                    [
                        -1.230169950467178,
                        -0.9732398698719064,
                        1.614024855171339e-06,
                        1.319471593468985,
                        2.9123370040538514,
                        1.0979792219392361
                    ],
                    [
                        -0.8416715428464833,
                        -1.5822742769702836,
                        4.706097044851261e-06,
                        0.5420133026837533,
                        1.0979792219392361,
                        2.546580756661701
                    ]
                ]
            },
            "est_tgt": [
                1,
                2,
                5
            ],
            "oracle_est_tgt": [
                1,
                2,
                3,
                5
            ],
            "intv_base_est_tgt": [
                0,
                1,
                2,
                4,
                5
            ]
        },
        "3": {
            "intv_type": "do",
            "inode": 3,
            "new_mui": 1.0,
            "new_vari": null,
            "true_params": {
                "Si": [
                    [
                        1.0,
                        0.7860774062597826,
                        -0.7805386760475528,
                        0.0,
                        -1.6932694162546844,
                        -0.368124752378647
                    ],
                    [
                        0.7860774062597826,
                        1.6179176886321072,
                        -1.6065177813054665,
                        0.0,
                        -2.3229465231413085,
                        -0.7576805334357812
                    ],
                    [
                        -0.7805386760475528,
                        -1.6065177813054665,
                        2.5951981981436267,
                        0.0,
                        3.305523247200874,
                        0.2247037908460049
                    ],
                    [
                        0.0,
                        0.0,
                        0.0,
                        1e-09,
                        6.910085597400542e-10,
                        0.0
                    ],
                    [
                        -1.6932694162546844,
                        -2.3229465231413085,
                        3.305523247200874,
                        6.910085597400542e-10,
                        5.848927914249623,
                        0.5607686895830692
                    ],
                    [
                        -0.368124752378647,
                        -0.7576805334357812,
                        0.2247037908460049,
                        0.0,
                        0.5607686895830692,
                        1.6332282891726104
                    ]
                ],
                "mui": [
                    0.0,
                    0.0,
                    0.0,
                    1.0,
                    0.6910085597400542,
                    0.0
                ],
                "Ai": [
                    [
                        0.0,
                        0.0,
                        0.0,
                        0.0,
                        0.0,
                        0.0
                    ],
                    [
                        0.7860774062597826,
                        0.0,
                        0.0,
                        0.0,
                        0.0,
                        0.0
                    ],
                    [
                        0.0,
                        -0.9929539633525615,
                        0.0,
                        0.0,
                        0.0,
                        0.0
                    ],
                    [
                        0.0,
                        0.0,
                        0.0,
                        0.0,
                        0.0,
                        0.0
                    ],
                    [
                        -0.9135547623871165,
                        0.0,
                        0.9989442903916592,
                        0.6910085597400542,
                        0.0,
                        0.0
                    ],
                    [
                        -0.0,
                        -0.992226323316515,
                        -0.5276380977841371,
                        0.0,
                        -0.0,
                        0.0
                    ]
                ]
            },
            "est_params": {
                "mui": [
                    0.004375791222599277,
                    -0.013273998494918782,
                    -0.06114148510099053,
                    1.0000004076530764,
                    0.6612490651353,
                    0.04636481243082646
                ],
                "Si": [
                    [
                        1.0260166275705516,
                        0.7435630680163037,
                        -0.7031983762918913,
                        -7.512810899222984e-07,
                        -1.668088512278291,
                        -0.4249916178793713
                    ],
                    [
                        0.7435630680163037,
                        1.5913858466006923,
                        -1.50991158616589,
                        -1.5097350949332272e-06,
                        -2.1891586266733807,
                        -0.8296343366717664
                    ],
                    [
                        -0.7031983762918914,
                        -1.50991158616589,
                        2.4548860644936523,
                        2.0080046901934987e-06,
                        3.089064173703277,
                        0.23842220735532585
                    ],
                    [
                        -7.51281089922299e-07,
                        -1.5097350949332268e-06,
                        2.0080046901934987e-06,
                        1.0021822279038243e-06,
                        9.662694883584347e-07,
                        1.8410080972157743e-07
                    ],
                    [
                        -1.6680885122782905,
                        -2.189158626673381,
                        3.089064173703277,
                        9.662694883584345e-07,
                        5.5472139041586,
                        0.7458846592440841
                    ],
                    [
                        -0.4249916178793713,
                        -0.8296343366717666,
                        0.2384222073553258,
                        1.84100809721577e-07,
                        0.7458846592440841,
                        1.7067865632220063
                    ]
                ]
            },
            "est_tgt": [
                3,
                4
            ],
            "oracle_est_tgt": [
                3,
                4
            ],
            "intv_base_est_tgt": [
                0,
                1,
                2,
                3,
                4,
                5
            ]
        },
        "4": {
            "intv_type": "do",
            "inode": 4,
            "new_mui": 1.0,
            "new_vari": null,
            "true_params": {
                "Si": [
                    [
                        1.0,
                        0.7860774062597826,
                        -0.7805386760475528,
                        -1.272075333636713,
                        0.0,
                        -0.368124752378647
                    ],
                    [
                        0.7860774062597826,
                        1.6179176886321072,
                        -1.6065177813054665,
                        -1.8781963749011772,
                        0.0,
                        -0.7576805334357812
                    ],
                    [
                        -0.7805386760475528,
                        -1.6065177813054665,
                        2.5951981981436267,
                        2.7494413002797007,
                        0.0,
                        0.2247037908460049
                    ],
                    [
                        -1.272075333636713,
                        -1.8781963749011772,
                        2.7494413002797007,
                        4.171795600872938,
                        0.0,
                        0.41288590588587604
                    ],
                    [
                        0.0,
                        0.0,
                        0.0,
                        0.0,
                        1e-09,
                        0.0
                    ],
                    [
                        -0.368124752378647,
                        -0.7576805334357812,
                        0.2247037908460049,
                        0.41288590588587604,
                        0.0,
                        1.6332282891726104
                    ]
                ],
                "mui": [
                    0.0,
                    0.0,
                    0.0,
                    0.0,
                    1.0,
                    0.0
                ],
                "Ai": [
                    [
                        0.0,
                        0.0,
                        0.0,
                        0.0,
                        0.0,
                        0.0
                    ],
                    [
                        0.7860774062597826,
                        0.0,
                        0.0,
                        0.0,
                        0.0,
                        0.0
                    ],
                    [
                        0.0,
                        -0.9929539633525615,
                        0.0,
                        0.0,
                        0.0,
                        0.0
                    ],
                    [
                        -0.5817054487345839,
                        -0.0,
                        0.8844787658671636,
                        0.0,
                        0.0,
                        0.0
                    ],
                    [
                        0.0,
                        0.0,
                        0.0,
                        0.0,
                        0.0,
                        0.0
                    ],
                    [
                        -0.0,
                        -0.992226323316515,
                        -0.5276380977841371,
                        0.0,
                        -0.0,
                        0.0
                    ]
                ]
            },
            "est_params": {
                "mui": [
                    -0.031555805379238924,
                    -0.05298807272976765,
                    0.042787628265021464,
                    0.0145836307889892,
                    1.000000021013546,
                    0.03523613895945761
                ],
                "Si": [
                    [
                        0.9391492394841066,
                        0.7205426860033424,
                        -0.7257072882774445,
                        -1.1899763520869526,
                        2.1782409931655256e-06,
                        -0.29858749115671046
                    ],
                    [
                        0.7205426860033425,
                        1.5209393930340624,
                        -1.5382271300132293,
                        -1.7488711066353073,
                        6.274459450922933e-07,
                        -0.6856685562005604
                    ],
                    [
                        -0.7257072882774445,
                        -1.5382271300132293,
                        2.641063602147775,
                        2.764502942584123,
                        -2.8428699745099257e-06,
                        0.23219737520375697
                    ],
                    [
                        -1.1899763520869526,
                        -1.7488711066353073,
                        2.7645029425841234,
                        4.206412146968139,
                        -3.6835210531876458e-06,
                        0.39477496133539286
                    ],
                    [
                        2.1782409931655256e-06,
                        6.274459450922936e-07,
                        -2.842869974509925e-06,
                        -3.6835210531876458e-06,
                        1.0022220321759717e-06,
                        -1.077549495623904e-06
                    ],
                    [
                        -0.29858749115671046,
                        -0.6856685562005604,
                        0.23219737520375697,
                        0.3947749613353929,
                        -1.077549495623904e-06,
                        1.617976816486598
                    ]
                ]
            },
            "est_tgt": [
                3,
                4
            ],
            "oracle_est_tgt": [
                3,
                4
            ],
            "intv_base_est_tgt": [
                0,
                1,
                2,
                3,
                4,
                5
            ]
        },
        "5": {
            "intv_type": "do",
            "inode": 5,
            "new_mui": 1.0,
            "new_vari": null,
            "true_params": {
                "Si": [
                    [
                        1.0,
                        0.7860774062597826,
                        -0.7805386760475528,
                        -1.272075333636713,
                        -2.5722843604318384,
                        0.0
                    ],
                    [
                        0.7860774062597826,
                        1.6179176886321072,
                        -1.6065177813054665,
                        -1.8781963749011772,
                        -3.620796295070762,
                        0.0
                    ],
                    [
                        -0.7805386760475528,
                        -1.6065177813054665,
                        2.5951981981436267,
                        2.7494413002797007,
                        5.205410720196973,
                        0.0
                    ],
                    [
                        -1.272075333636713,
                        -1.8781963749011772,
                        2.7494413002797007,
                        4.171795600872938,
                        6.79139563752953,
                        0.0
                    ],
                    [
                        -2.5722843604318384,
                        -3.620796295070762,
                        5.205410720196973,
                        6.79139563752953,
                        13.242750463884871,
                        0.0
                    ],
                    [
                        0.0,
                        0.0,
                        0.0,
                        0.0,
                        0.0,
                        1e-09
                    ]
                ],
                "mui": [
                    0.0,
                    0.0,
                    0.0,
                    0.0,
                    0.0,
                    1.0
                ],
                "Ai": [
                    [
                        0.0,
                        0.0,
                        0.0,
                        0.0,
                        0.0,
                        0.0
                    ],
                    [
                        0.7860774062597826,
                        0.0,
                        0.0,
                        0.0,
                        0.0,
                        0.0
                    ],
                    [
                        0.0,
                        -0.9929539633525615,
                        0.0,
                        0.0,
                        0.0,
                        0.0
                    ],
                    [
                        -0.5817054487345839,
                        -0.0,
                        0.8844787658671636,
                        0.0,
                        0.0,
                        0.0
                    ],
                    [
                        -0.9135547623871165,
                        0.0,
                        0.9989442903916592,
                        0.6910085597400542,
                        0.0,
                        0.0
                    ],
                    [
                        0.0,
                        0.0,
                        0.0,
                        0.0,
                        0.0,
                        0.0
                    ]
                ]
            },
            "est_params": {
                "mui": [
                    -0.003586922236707206,
                    -0.02880768111204501,
                    0.04282780875451407,
                    0.08515376881596193,
                    0.12364111563773228,
                    1.0000025959578105
                ],
                "Si": [
                    [
                        1.082758166651127,
                        0.8565569470058966,
                        -0.8410818104151728,
                        -1.3865405628729968,
                        -2.8901929784018714,
                        1.8263134486668162e-06
                    ],
                    [
                        0.8565569470058966,
                        1.6165527341871504,
                        -1.5915370124776473,
                        -1.959830107108561,
                        -3.8003922956571428,
                        2.016522363745902e-06
                    ],
                    [
                        -0.8410818104151729,
                        -1.5915370124776473,
                        2.5627308615390714,
                        2.83697134348091,
                        5.378253500118769,
                        1.0235018489889955e-07
                    ],
                    [
                        -1.3865405628729968,
                        -1.959830107108561,
                        2.83697134348091,
                        4.335035962781121,
                        7.2541363701064325,
                        -2.2311032585376595e-06
                    ],
                    [
                        -2.8901929784018714,
                        -3.800392295657142,
                        5.378253500118768,
                        7.2541363701064325,
                        14.247175349709789,
                        -1.6715559319806064e-06
                    ],
                    [
                        1.8263134486668162e-06,
                        2.016522363745902e-06,
                        1.023501848988988e-07,
                        -2.23110325853766e-06,
                        -1.671555931980606e-06,
                        1.0117346901839525e-06
                    ]
                ]
            },
            "est_tgt": [
                1,
                5
            ],
            "oracle_est_tgt": [
                1,
                5
            ],
            "intv_base_est_tgt": [
                0,
                1,
                2,
                4,
                5
            ]
        },
        "obs": {
            "intv_type": "obs",
            "true_params": {
                "Si": [
                    [
                        1.0,
                        0.7860774062597826,
                        -0.7805386760475528,
                        -1.272075333636713,
                        -2.5722843604318384,
                        -0.368124752378647
                    ],
                    [
                        0.7860774062597826,
                        1.6179176886321072,
                        -1.6065177813054665,
                        -1.8781963749011772,
                        -3.620796295070762,
                        -0.7576805334357812
                    ],
                    [
                        -0.7805386760475528,
                        -1.6065177813054665,
                        2.5951981981436267,
                        2.7494413002797007,
                        5.205410720196973,
                        0.2247037908460049
                    ],
                    [
                        -1.272075333636713,
                        -1.8781963749011772,
                        2.7494413002797007,
                        4.171795600872938,
                        6.79139563752953,
                        0.41288590588587604
                    ],
                    [
                        -2.5722843604318384,
                        -3.620796295070762,
                        5.205410720196973,
                        6.79139563752953,
                        13.242750463884871,
                        0.8460763847462359
                    ],
                    [
                        -0.368124752378647,
