{
    "expt_args": {
        "save_dir": "all_expt_logs/expt_logs_11.05.24-main_plus_oracle_donoisepert-corr-js",
        "exp_name": "92",
        "num_nodes": 8,
        "obs_noise_mean": 0.0,
        "obs_noise_var": 1.0,
        "max_edge_strength": 1.0,
        "graph_sparsity_method": "adj_dense_prop",
        "adj_dense_prop": 0.8,
        "num_parents": null,
        "new_noise_mean": 1.0,
        "mix_samples": 16384,
        "stage2_samples": 16384,
        "gmm_tol": 0.001,
        "intv_type": "do",
        "new_noise_var": null,
        "intv_targets": [
            0,
            1,
            2,
            3,
            4,
            5,
            6,
            7
        ]
    },
    "intv_args_dict": {
        "0": {
            "intv_type": "do",
            "inode": 0,
            "new_mui": 1.0,
            "new_vari": null,
            "true_params": {
                "Si": [
                    [
                        1e-09,
                        -6.047504102074801e-10,
                        8.358375207482939e-10,
                        1.8803657720397556e-09,
                        -1.3736076719283654e-09,
                        2.7646887169619807e-09,
                        -7.240251326024732e-10,
                        -3.36330717286513e-09
                    ],
                    [
                        -6.047504102074801e-10,
                        1.000000000365723,
                        -0.545618330490201,
                        -1.1766770796103174,
                        0.5000534312608268,
                        -0.9004937502176464,
                        0.0362059168855677,
                        0.027370723114790354
                    ],
                    [
                        8.358375207482939e-10,
                        -0.545618330490201,
                        1.297699362713948,
                        1.475033002786994,
                        -0.14644532368652521,
                        0.34083979245544205,
                        0.028156326289797425,
                        1.1595413996866801
                    ],
                    [
                        1.8803657720397556e-09,
                        -1.1766770796103174,
                        1.475033002786994,
                        3.0784853044094698,
                        -1.2710410540718708,
                        2.294860483907438,
                        -0.08902516956006323,
                        -0.7412423310382624
                    ],
                    [
                        -1.3736076719283654e-09,
                        0.5000534312608268,
                        -0.14644532368652521,
                        -1.2710410540718708,
                        1.8868577109257405,
                        -2.3747620543591106,
                        0.6507928721162469,
                        3.2850949992312963
                    ],
                    [
                        2.7646887169619807e-09,
                        -0.9004937502176464,
                        0.34083979245544205,
                        2.294860483907438,
                        -2.3747620543591106,
                        4.37935021015651,
                        -0.12023222268857059,
                        -4.38153577631371
                    ],
                    [
                        -7.240251326024732e-10,
                        0.0362059168855677,
                        0.028156326289797425,
                        -0.08902516956006323,
                        0.6507928721162469,
                        -0.12023222268857059,
                        1.575685658249755,
                        1.5123226353280683
                    ],
                    [
                        -3.36330717286513e-09,
                        0.027370723114790354,
                        1.1595413996866801,
                        -0.7412423310382624,
                        3.2850949992312963,
                        -4.38153577631371,
                        1.5123226353280683,
                        8.849021596300892
                    ]
                ],
                "mui": [
                    1.0,
                    -0.6047504102074801,
                    0.8358375207482939,
                    1.8803657720397555,
                    -1.3736076719283652,
                    2.7646887169619805,
                    -0.7240251326024731,
                    -3.3633071728651296
                ],
                "Ai": [
                    [
                        0.0,
                        0.0,
                        0.0,
                        0.0,
                        0.0,
                        0.0,
                        0.0,
                        0.0
                    ],
                    [
                        -0.6047504102074801,
                        0.0,
                        0.0,
                        0.0,
                        0.0,
                        0.0,
                        0.0,
                        0.0
                    ],
                    [
                        0.5058746118733094,
                        -0.5456183299847279,
                        0.0,
                        0.0,
                        0.0,
                        0.0,
                        0.0,
                        0.0
                    ],
                    [
                        0.7473679686435131,
                        -0.7221680512372208,
                        0.8330164187274764,
                        0.0,
                        0.0,
                        0.0,
                        0.0,
                        0.0
                    ],
                    [
                        -0.5462676993637947,
                        -0.0,
                        0.7827491911424007,
                        -0.7879270820004283,
                        0.0,
                        0.0,
                        0.0,
                        0.0
                    ],
                    [
                        0.8241085486784965,
                        0.0,
                        -0.6315903812643471,
                        0.7039916263844246,
                        -0.8333714000192132,
                        0.0,
                        0.0,
                        0.0
                    ],
                    [
                        -0.7708716472180333,
                        -0.0,
                        0.0,
                        0.0,
                        0.9774408057840644,
                        0.5025761836302607,
                        0.0,
                        0.0
                    ],
                    [
                        -0.9909379878063171,
                        -0.5503953692521333,
                        0.9302055591977144,
                        -0.0,
                        0.9766623920673705,
                        -0.6426409260943085,
                        0.5033922585087471,
                        0.0
                    ]
                ]
            },
            "est_params": {
                "mui": [
                    0.9999960042483556,
                    -0.5396704897103117,
                    0.8141186568697873,
                    1.874908434551488,
                    -1.405118798471607,
                    2.797241122014331,
                    -0.7278851231205783,
                    -3.4384858359936334
                ],
                "Si": [
                    [
                        1.0119039613436977e-06,
                        1.7125850841207319e-06,
                        -1.3561055083813966e-06,
                        -8.443335821894997e-06,
                        3.1174362770757834e-06,
                        -9.338097675726032e-06,
                        -7.555803344814347e-07,
                        4.223460818904874e-06
                    ],
                    [
                        1.7125850841207316e-06,
                        0.9617659660505978,
                        -0.497482012163008,
                        -1.1616638216522441,
                        0.5220614444913674,
                        -0.9395754576505502,
                        0.03030547570040367,
                        0.14229237548191534
                    ],
                    [
                        -1.3561055083813962e-06,
                        -0.49748201216300814,
                        1.1742164642486914,
                        1.3662077410560798,
                        -0.17045472972291953,
                        0.35566707382866186,
                        0.01223892978683361,
                        0.9665862127142412
                    ],
                    [
                        -8.443335821894995e-06,
                        -1.1616638216522441,
                        1.3662077410560798,
                        3.0728569581059815,
                        -1.3116285984697469,
                        2.368167613140195,
                        -0.11240690072671794,
                        -0.922326613282297
                    ],
                    [
                        3.117436277075784e-06,
                        0.5220614444913674,
                        -0.17045472972291956,
                        -1.3116285984697469,
                        1.880644783510511,
                        -2.335765652573848,
                        0.6974477403204378,
                        3.196922333032366
                    ],
                    [
                        -9.338097675726032e-06,
                        -0.9395754576505502,
                        0.35566707382866186,
                        2.368167613140195,
                        -2.335765652573848,
                        4.356341093584126,
                        -0.10491965854154763,
                        -4.195741732360381
                    ],
                    [
                        -7.55580334481435e-07,
                        0.03030547570040367,
                        0.012238929786833599,
                        -0.11240690072671793,
                        0.6974477403204378,
                        -0.10491965854154763,
                        1.6468752501884245,
                        1.5186606550523467
                    ],
                    [
                        4.223460818904874e-06,
                        0.14229237548191534,
                        0.9665862127142412,
                        -0.922326613282297,
                        3.196922333032366,
                        -4.195741732360381,
                        1.5186606550523467,
                        8.298298619574776
                    ]
                ]
            },
            "est_tgt": [
                0
            ],
            "oracle_est_tgt": [
                0
            ],
            "intv_base_est_tgt": [
                0,
                1,
                6
            ]
        },
        "1": {
            "intv_type": "do",
            "inode": 1,
            "new_mui": 1.0,
            "new_vari": null,
            "true_params": {
                "Si": [
                    [
                        1.0,
                        0.0,
                        0.5058746118733094,
                        1.1687698261513695,
                        -1.0712001547500822,
                        2.220114753139697,
                        -0.7021295897787809,
                        -3.3467547180638237
                    ],
                    [
                        0.0,
                        1e-09,
                        -5.45618329984728e-10,
                        -1.1766770784731656e-09,
                        5.000534304301369e-10,
                        -9.004937485456999e-10,
                        3.6205916447713204e-11,
                        2.7370721080828963e-11
                    ],
                    [
                        0.5058746118733094,
                        -5.45618329984728e-10,
                        1.2559091232356707,
                        1.4242674015430523,
                        -0.4154999677196518,
                        0.9726135844514974,
                        -0.30727859517112865,
                        -0.5185628744261799
                    ],
                    [
                        1.1687698261513695,
                        -1.1766770784731656e-09,
                        1.4242674015430523,
                        3.0599392617760217,
                        -1.9346260611189432,
                        3.8300732606094727,
                        -0.8670503748335733,
                        -4.620621754631858
                    ],
                    [
                        -1.0712001547500822,
                        5.000534304301369e-10,
                        -0.4154999677196518,
                        -1.9346260611189432,
                        2.7842740475406487,
                        -4.302654330096821,
                        1.3848093036439213,
                        6.85645234355584
                    ],
                    [
                        2.220114753139697,
                        -9.004937485456999e-10,
                        0.9726135844514974,
                        3.8300732606094727,
                        -4.302654330096821,
                        8.497370729262546,
                        -1.6464372801817313,
                        -11.787068128526766
                    ],
                    [
                        -0.7021295897787809,
                        3.6205916447713204e-11,
                        -0.30727859517112865,
                        -0.8670503748335733,
                        1.3848093036439213,
                        -1.6464372801817313,
                        2.067360750183954,
                        3.861187168137726
                    ],
                    [
                        -3.3467547180638237,
                        2.7370721080828963e-11,
                        -0.5185628744261799,
                        -4.620621754631858,
                        6.85645234355584,
                        -11.787068128526766,
                        3.861187168137726,
                        20.049039571499787
                    ]
                ],
                "mui": [
                    0.0,
                    1.0,
                    -0.5456183299847279,
                    -1.1766770784731655,
                    0.500053430430137,
                    -0.9004937485456999,
                    0.036205916447713204,
                    0.027370721080828962
                ],
                "Ai": [
                    [
                        0.0,
                        0.0,
                        0.0,
                        0.0,
                        0.0,
                        0.0,
                        0.0,
                        0.0
                    ],
                    [
                        0.0,
                        0.0,
                        0.0,
                        0.0,
                        0.0,
                        0.0,
                        0.0,
                        0.0
                    ],
                    [
                        0.5058746118733094,
                        -0.5456183299847279,
                        0.0,
                        0.0,
                        0.0,
                        0.0,
                        0.0,
                        0.0
                    ],
                    [
                        0.7473679686435131,
                        -0.7221680512372208,
                        0.8330164187274764,
                        0.0,
                        0.0,
                        0.0,
                        0.0,
                        0.0
                    ],
                    [
                        -0.5462676993637947,
                        -0.0,
                        0.7827491911424007,
                        -0.7879270820004283,
                        0.0,
                        0.0,
                        0.0,
                        0.0
                    ],
                    [
                        0.8241085486784965,
                        0.0,
                        -0.6315903812643471,
                        0.7039916263844246,
                        -0.8333714000192132,
                        0.0,
                        0.0,
                        0.0
                    ],
                    [
                        -0.7708716472180333,
                        -0.0,
                        0.0,
                        0.0,
                        0.9774408057840644,
                        0.5025761836302607,
                        0.0,
                        0.0
                    ],
                    [
                        -0.9909379878063171,
                        -0.5503953692521333,
                        0.9302055591977144,
                        -0.0,
                        0.9766623920673705,
                        -0.6426409260943085,
                        0.5033922585087471,
                        0.0
                    ]
                ]
            },
            "est_params": {
                "mui": [
                    -0.1415892925404435,
                    0.5957995939750549,
                    -0.8276672783474613,
                    -2.145190646655625,
                    0.5164522714742311,
                    -0.5701179702212543,
                    1.4041183466968923,
                    1.0014465213324109
                ],
                "Si": [
                    [
                        1.2098261363398695,
                        0.10042002704925494,
                        1.0080798346185456,
                        0.20507205715719568,
                        -0.04141104174976695,
                        1.3624787856209053,
                        0.27014251014590335,
                        -0.033081197105947445
                    ],
                    [
                        0.10042002704925493,
                        0.32853104135034483,
                        0.10771282280251761,
                        -0.09138586384684581,
                        0.032921627748143355,
                        0.17710336844529484,
                        -0.08405624572787161,
                        -0.011377074493554615
                    ],
                    [
                        1.0080798346185456,
                        0.10771282280251758,
                        1.1106542153754317,
                        0.21202694952361184,
                        -0.017082915225396806,
                        1.1507172670401382,
                        0.33265645212140027,
                        -0.024791199806152298
                    ],
                    [
                        0.20507205715719568,
                        -0.09138586384684581,
                        0.21202694952361187,
                        0.12189867453800309,
                        0.024465094546686977,
                        0.26315294472006945,
                        0.06251527778318743,
                        -0.006355428638046354
                    ],
                    [
                        -0.04141104174976695,
                        0.03292162774814335,
                        -0.017082915225396837,
                        0.024465094546686987,
                        0.08860255646278248,
                        -0.05977309581433323,
                        -0.1326674979087065,
                        -0.006272215041104981
                    ],
                    [
                        1.3624787856209053,
                        0.17710336844529484,
                        1.150717267040138,
                        0.26315294472006945,
                        -0.05977309581433323,
                        1.7510253079691462,
                        0.39644560317887617,
                        -0.04019786176688016
                    ],
                    [
                        0.2701425101459033,
                        -0.08405624572787161,
                        0.3326564521214003,
                        0.06251527778318743,
                        -0.13266749790870644,
                        0.39644560317887606,
                        0.3816252231761303,
                        0.005398810766568995
                    ],
                    [
                        -0.033081197105947445,
                        -0.011377074493554613,
                        -0.024791199806152294,
                        -0.006355428638046354,
                        -0.006272215041104981,
                        -0.04019786176688016,
                        0.0053988107665689945,
                        0.001760921157361236
                    ]
                ]
            },
            "est_tgt": [
                0,
                1,
                2,
                3,
                4,
                5,
                6,
                7
            ],
            "oracle_est_tgt": [
                1
            ],
            "intv_base_est_tgt": [
                0,
                1,
                2,
                3,
                4,
                5,
                6,
                7
            ]
        },
        "2": {
            "intv_type": "do",
            "inode": 2,
            "new_mui": 1.0,
            "new_vari": null,
            "true_params": {
                "Si": [
                    [
                        1.0,
                        -0.6047504102074801,
                        0.0,
                        1.184099393867959,
                        -1.4792516795726514,
                        2.8904706499546453,
                        -0.7640708927074715,
                        -4.344977753991973
                    ],
                    [
                        -0.6047504102074801,
                        1.3657230586461155,
                        0.0,
                        -1.4382526454052975,
                        1.463593825346944,
                        -2.730615037148247,
                        0.5244191885267513,
                        3.295813089932543
                    ],
                    [
                        0.0,
                        0.0,
                        1e-09,
                        8.330164187274765e-10,
                        1.263929950760133e-10,
                        -1.504861050985808e-10,
                        4.791093856273267e-11,
                        1.1744753696244583e-09
                    ],
                    [
                        1.184099393867959,
                        -1.4382526454052975,
                        8.330164187274765e-10,
                        2.923618069480149,
                        -2.9504331054234907,
                        5.4928356398355165,
                        -1.0360939890211691,
                        -7.314821204107702
                    ],
                    [
                        -1.4792516795726514,
                        1.463593825346944,
                        1.263929950760133e-10,
                        -2.9504331054234907,
                        4.132793559272908,
                        -6.740296109769857,
                        1.792361950211088,
                        9.930486726829805
                    ],
                    [
                        2.8904706499546453,
                        -2.730615037148247,
                        -1.504861050985808e-10,
                        5.4928356398355165,
                        -6.740296109769857,
                        12.866141873520059,
                        -2.3502058510833574,
                        -17.395737780169853
                    ],
                    [
                        -0.7640708927074715,
                        0.5244191885267513,
                        4.791093856273267e-11,
                        -1.0360939890211691,
                        1.792361950211088,
                        -2.3502058510833574,
                        2.1597708091408023,
                        4.8165918599642215
                    ],
                    [
                        -4.344977753991973,
                        3.295813089932543,
                        1.1744753696244583e-09,
                        -7.314821204107702,
                        9.930486726829805,
                        -17.395737780169853,
                        4.8165918599642215,
                        26.794184263940295
                    ]
                ],
                "mui": [
                    0.0,
                    0.0,
                    1.0,
                    0.8330164187274764,
                    0.1263929950760133,
                    -0.1504861050985808,
                    0.047910938562732666,
                    1.174475369624458
                ],
                "Ai": [
                    [
                        0.0,
                        0.0,
                        0.0,
                        0.0,
                        0.0,
                        0.0,
                        0.0,
                        0.0
                    ],
                    [
                        -0.6047504102074801,
                        0.0,
                        0.0,
                        0.0,
                        0.0,
                        0.0,
                        0.0,
                        0.0
                    ],
                    [
                        0.0,
                        0.0,
                        0.0,
                        0.0,
                        0.0,
                        0.0,
                        0.0,
                        0.0
                    ],
                    [
                        0.7473679686435131,
                        -0.7221680512372208,
                        0.8330164187274764,
                        0.0,
                        0.0,
                        0.0,
                        0.0,
                        0.0
                    ],
                    [
                        -0.5462676993637947,
                        -0.0,
                        0.7827491911424007,
                        -0.7879270820004283,
                        0.0,
                        0.0,
                        0.0,
                        0.0
                    ],
                    [
                        0.8241085486784965,
                        0.0,
                        -0.6315903812643471,
                        0.7039916263844246,
                        -0.8333714000192132,
                        0.0,
                        0.0,
                        0.0
                    ],
                    [
                        -0.7708716472180333,
                        -0.0,
                        0.0,
                        0.0,
                        0.9774408057840644,
                        0.5025761836302607,
                        0.0,
                        0.0
                    ],
                    [
                        -0.9909379878063171,
                        -0.5503953692521333,
                        0.9302055591977144,
                        -0.0,
                        0.9766623920673705,
                        -0.6426409260943085,
                        0.5033922585087471,
                        0.0
                    ]
                ]
            },
            "est_params": {
                "mui": [
                    -0.015327632058120428,
                    -0.009844196092943434,
                    0.522669180522685,
                    0.459335876014138,
                    0.053407634164123634,
                    -0.07621147018349801,
                    0.040099105864941614,
                    0.6271505752819904
                ],
                "Si": [
                    [
                        0.9995453479762517,
                        -0.5890995709473335,
                        0.42984933274589976,
                        1.5312212958122116,
                        -1.4246419216613626,
                        2.7955036132072917,
                        -0.7594207660333485,
                        -3.862740382393393
                    ],
                    [
                        -0.5890995709473335,
                        1.3281690984034982,
                        -0.5415372020532198,
                        -1.8679304445747527,
                        1.3463410554810162,
                        -2.562754213832019,
                        0.4951390929878804,
                        2.5718115273678914
                    ],
                    [
                        0.42984933274589976,
                        -0.5415372020532198,
                        1.2563288939637622,
                        1.7693764260280291,
                        -0.6533488839101971,
                        1.369826866547467,
                        -0.2661213803829316,
                        -0.6485072619173349
                    ],
                    [
                        1.5312212958122116,
                        -1.8679304445747527,
                        1.7693764260280291,
                        4.954401712085607,
                        -3.3441672152705815,
                        6.392799022196031,
                        -1.2325393619234455,
                        -6.898237112783938
                    ],
                    [
                        -1.4246419216613626,
                        1.3463410554810162,
                        -0.6533488839101971,
                        -3.3441672152705815,
                        3.8891807436695713,
                        -6.324923337850955,
                        1.7184687700025183,
                        8.827620094390621
                    ],
                    [
                        2.7955036132072917,
                        -2.562754213832019,
                        1.369826866547467,
                        6.392799022196031,
                        -6.324923337850955,
                        12.126050560658983,
                        -2.278341468378139,
                        -15.24635616456642
                    ],
                    [
                        -0.7594207660333485,
                        0.4951390929878804,
                        -0.2661213803829316,
                        -1.2325393619234455,
                        1.7184687700025183,
                        -2.278341468378139,
                        2.092479784950977,
                        4.46022072231794
                    ],
                    [
                        -3.862740382393393,
                        2.5718115273678914,
                        -0.6485072619173349,
                        -6.898237112783938,
                        8.827620094390621,
                        -15.24635616456642,
                        4.46022072231794,
                        23.54980509233412
                    ]
                ]
            },
            "est_tgt": [
                2
            ],
            "oracle_est_tgt": [
                2
            ],
            "intv_base_est_tgt": []
        },
        "3": {
            "intv_type": "do",
            "inode": 3,
            "new_mui": 1.0,
            "new_vari": null,
            "true_params": {
                "Si": [
                    [
                        1.0,
                        -0.6047504102074801,
                        0.8358375207482939,
                        0.0,
                        0.1079834439284019,
                        0.20621129642852648,
                        -0.5616873363928205,
                        -0.19039096078838882
                    ],
                    [
                        -0.6047504102074801,
                        1.3657230586461155,
                        -1.0510914135240617,
                        0.0,
                        -0.49238533847933075,
                        0.5758191026199858,
                        0.27430038992907907,
                        -1.8430070397010996
                    ],
                    [
                        0.8358375207482939,
                        -1.0510914135240617,
                        1.996323723105978,
                        0.0,
                        1.1060297400184818,
                        -1.4937715681507446,
                        -0.31397886005766135,
                        3.489365988937863
                    ],
                    [
                        0.0,
                        0.0,
                        0.0,
                        1e-09,
                        -7.879270820004283e-10,
                        1.360627521824175e-09,
                        -8.633309466889217e-11,
                        -1.6873930908851164e-09
                    ],
                    [
                        0.1079834439284019,
                        -0.49238533847933075,
                        1.1060297400184818,
                        -7.879270820004283e-10,
                        1.806756017515588,
                        -2.115266458295636,
                        0.6196731383509616,
                        4.628722836642975
                    ],
                    [
                        0.20621129642852648,
                        0.5758191026199858,
                        -1.4937715681507446,
                        1.360627521824175e-09,
                        -2.115266458295636,
                        3.8761948171923812,
                        -0.27842699496537193,
                        -6.607846011506869
                    ],
                    [
                        -0.5616873363928205,
                        0.27430038992907907,
                        -0.31397886005766135,
                        -8.633309466889217e-11,
                        0.6196731383509616,
                        -0.27842699496537193,
                        1.8987518773498087,
                        1.8535158007869645
                    ],
                    [
                        -0.19039096078838882,
                        -1.8430070397010996,
                        3.489365988937863,
                        -1.6873930908851164e-09,
                        4.628722836642975,
                        -6.607846011506869,
                        1.8535158007869645,
                        15.149093120031903
                    ]
                ],
                "mui": [
                    0.0,
                    0.0,
                    0.0,
                    1.0,
                    -0.7879270820004283,
                    1.360627521824175,
                    -0.08633309466889216,
                    -1.6873930908851162
                ],
                "Ai": [
                    [
                        0.0,
                        0.0,
                        0.0,
                        0.0,
                        0.0,
                        0.0,
                        0.0,
                        0.0
                    ],
                    [
                        -0.6047504102074801,
                        0.0,
                        0.0,
                        0.0,
                        0.0,
                        0.0,
                        0.0,
                        0.0
                    ],
                    [
                        0.5058746118733094,
                        -0.5456183299847279,
                        0.0,
                        0.0,
                        0.0,
                        0.0,
                        0.0,
                        0.0
                    ],
                    [
                        0.0,
                        0.0,
                        0.0,
                        0.0,
                        0.0,
                        0.0,
                        0.0,
                        0.0
                    ],
                    [
                        -0.5462676993637947,
                        -0.0,
                        0.7827491911424007,
                        -0.7879270820004283,
                        0.0,
                        0.0,
                        0.0,
                        0.0
                    ],
                    [
                        0.8241085486784965,
                        0.0,
                        -0.6315903812643471,
                        0.7039916263844246,
                        -0.8333714000192132,
                        0.0,
                        0.0,
                        0.0
                    ],
                    [
                        -0.7708716472180333,
                        -0.0,
                        0.0,
                        0.0,
                        0.9774408057840644,
                        0.5025761836302607,
                        0.0,
                        0.0
                    ],
                    [
                        -0.9909379878063171,
                        -0.5503953692521333,
                        0.9302055591977144,
                        -0.0,
                        0.9766623920673705,
                        -0.6426409260943085,
                        0.5033922585087471,
                        0.0
                    ]
                ]
            },
            "est_params": {
                "mui": [
                    0.010607516533213134,
                    -0.023185964274429958,
                    0.03727791305112222,
                    0.9999994455674279,
                    -0.7531032106568025,
                    1.3544999036884826,
                    -0.11922417219904066,
                    -1.6288076119178603
                ],
                "Si": [
                    [
                        1.0067632685804204,
                        -0.6106859857345058,
                        0.8500602048517583,
                        2.3034999423475396e-07,
                        0.05837082034274222,
                        0.25952477262387524,
                        -0.61062714957698,
                        -0.29659013192353423
                    ],
                    [
                        -0.6106859857345058,
                        1.3415507832666973,
                        -1.0452960382764358,
                        -2.941496685511721e-06,
                        -0.46636876902881796,
                        0.5585873372593371,
                        0.3126864458264931,
                        -1.790370010936252
                    ],
                    [
                        0.8500602048517581,
                        -1.0452960382764358,
                        2.02501928371954,
                        1.041586515366366e-06,
                        1.0421129284359372,
                        -1.4842036947133177,
                        -0.38474024937105744,
                        3.3756041325348045
                    ],
                    [
                        2.3034999423475402e-07,
                        -2.941496685511722e-06,
                        1.0415865153663653e-06,
                        1.0094703896634513e-06,
                        2.378548546280129e-07,
                        -3.36782828444697e-06,
                        -1.781421162126895e-06,
                        1.997438043851417e-06
                    ],
                    [
                        0.058370820342742206,
                        -0.46636876902881796,
                        1.0421129284359372,
                        2.3785485462801252e-07,
