{
    "expt_args": {
        "save_dir": "all_expt_logs/expt_logs_11.05.24-main_plus_oracle_donoisepert-corr-js",
        "exp_name": "154",
        "num_nodes": 6,
        "obs_noise_mean": 0.0,
        "obs_noise_var": 1.0,
        "max_edge_strength": 1.0,
        "graph_sparsity_method": "adj_dense_prop",
        "adj_dense_prop": 0.8,
        "num_parents": null,
        "new_noise_mean": 1.0,
        "mix_samples": 4096,
        "stage2_samples": 4096,
        "gmm_tol": 0.001,
        "intv_type": "do",
        "new_noise_var": null,
        "intv_targets": [
            0,
            1,
            2,
            3,
            4,
            5
        ]
    },
    "intv_args_dict": {
        "0": {
            "intv_type": "do",
            "inode": 0,
            "new_mui": 1.0,
            "new_vari": null,
            "true_params": {
                "Si": [
                    [
                        1e-09,
                        8.248587255144418e-10,
                        2.9788305302498926e-10,
                        -4.396740534061681e-10,
                        -1.3303776256500523e-10,
                        3.593754315140124e-10
                    ],
                    [
                        8.248587255144418e-10,
                        1.000000000680392,
                        -0.5885609152248595,
                        1.3938191710596008,
                        -1.5294802870847628,
                        -1.3211778337375994
                    ],
                    [
                        2.9788305302498926e-10,
                        -0.5885609152248595,
                        1.3464039513082908,
                        -1.7913458215470066,
                        2.4321891321692632,
                        0.5709952302991068
                    ],
                    [
                        -4.396740534061681e-10,
                        1.3938191710596008,
                        -1.7913458215470066,
                        3.8855696472217427,
                        -4.382836403655501,
                        -2.4376081667762666
                    ],
                    [
                        -1.3303776256500523e-10,
                        -1.5294802870847628,
                        2.4321891321692632,
                        -4.382836403655501,
                        6.269181774309923,
                        2.3124731866820345
                    ],
                    [
                        3.593754315140124e-10,
                        -1.3211778337375994,
                        0.5709952302991068,
                        -2.4376081667762666,
                        2.3124731866820345,
                        3.422975458985749
                    ]
                ],
                "mui": [
                    1.0,
                    0.8248587255144417,
                    0.29788305302498924,
                    -0.43967405340616805,
                    -0.1330377625650052,
                    0.3593754315140124
                ],
                "Ai": [
                    [
                        0.0,
                        0.0,
                        0.0,
                        0.0,
                        0.0,
                        0.0
                    ],
                    [
                        0.8248587255144417,
                        0.0,
                        0.0,
                        0.0,
                        0.0,
                        0.0
                    ],
                    [
                        0.7833626596476575,
                        -0.588560915470571,
                        0.0,
                        0.0,
                        0.0,
                        0.0
                    ],
                    [
                        -0.8287341213988618,
                        0.8223275031115089,
                        -0.9709983338833112,
                        0.0,
                        0.0,
                        0.0
                    ],
                    [
                        -0.7042396806274829,
                        -0.0,
                        0.7906870651005944,
                        -0.7634511032036151,
                        0.0,
                        0.0
                    ],
                    [
                        0.9507230775550846,
                        -0.7875990430506092,
                        -0.980223733356587,
                        -0.7967318800189771,
                        0.0,
                        0.0
                    ]
                ]
            },
            "est_params": {
                "mui": [
                    1.0000007874151007,
                    0.8292947628776456,
                    0.21961605914715973,
                    -0.33898112312344497,
                    -0.3381200726743631,
                    0.3667114959059599
                ],
                "Si": [
                    [
                        1.0050731972281866e-06,
                        -3.499284802172553e-07,
                        1.6055394454917426e-06,
                        -1.4105159471036728e-06,
                        1.140578962441196e-06,
                        -2.2856421275150873e-06
                    ],
                    [
                        -3.499284802172553e-07,
                        1.0131893201678297,
                        -0.5962728170074666,
                        1.4645478473139313,
                        -1.6030592658549594,
                        -1.3474503543575582
                    ],
                    [
                        1.6055394454917426e-06,
                        -0.5962728170074666,
                        1.4892692219367596,
                        -1.9846746815697696,
                        2.571209682503767,
                        0.5316825188922449
                    ],
                    [
                        -1.4105159471036728e-06,
                        1.4645478473139308,
                        -1.9846746815697696,
                        4.137857724412164,
                        -4.559762002869342,
                        -2.397134138553932
                    ],
                    [
                        1.1405789624411956e-06,
                        -1.6030592658549592,
                        2.571209682503767,
                        -4.559762002869342,
                        6.3952592794083065,
                        2.290840692428506
                    ],
                    [
                        -2.2856421275150877e-06,
                        -1.3474503543575582,
                        0.5316825188922449,
                        -2.397134138553932,
                        2.290840692428506,
                        3.331520009021596
                    ]
                ]
            },
            "est_tgt": [
                0
            ],
            "oracle_est_tgt": [
                0
            ],
            "intv_base_est_tgt": []
        },
        "1": {
            "intv_type": "do",
            "inode": 1,
            "new_mui": 1.0,
            "new_vari": null,
            "true_params": {
                "Si": [
                    [
                        1.0,
                        0.0,
                        0.7833626596476575,
                        -1.5893779587431367,
                        1.1285673976486768,
                        1.4491604958732558
                    ],
                    [
                        0.0,
                        1e-09,
                        -5.88560915470571e-10,
                        1.39381917142227e-09,
                        -1.5294802869750255e-09,
                        -1.3211778340340335e-09
                    ],
                    [
                        0.7833626596476575,
                        -5.88560915470571e-10,
                        1.6136570568766557,
                        -2.2160576796500475,
                        2.416074373426576,
                        0.9286198157747434
                    ],
                    [
                        -1.5893779587431367,
                        1.39381917142227e-09,
                        -2.2160576796500475,
                        4.468960062085398,
                        -4.044737606326495,
                        -2.899388925347183
                    ],
                    [
                        1.1285673976486768,
                        -1.5294802869750255e-09,
                        2.416074373426576,
                        -4.044737606326495,
                        5.203536199421835,
                        1.927233025610091
                    ],
                    [
                        1.4491604958732558,
                        -1.3211778340340335e-09,
                        0.9286198157747434,
                        -2.899388925347183,
                        1.927233025610091,
                        3.7775307342588698
                    ]
                ],
                "mui": [
                    0.0,
                    1.0,
                    -0.588560915470571,
                    1.3938191714222699,
                    -1.5294802869750255,
                    -1.3211778340340334
                ],
                "Ai": [
                    [
                        0.0,
                        0.0,
                        0.0,
                        0.0,
                        0.0,
                        0.0
                    ],
                    [
                        0.0,
                        0.0,
                        0.0,
                        0.0,
                        0.0,
                        0.0
                    ],
                    [
                        0.7833626596476575,
                        -0.588560915470571,
                        0.0,
                        0.0,
                        0.0,
                        0.0
                    ],
                    [
                        -0.8287341213988618,
                        0.8223275031115089,
                        -0.9709983338833112,
                        0.0,
                        0.0,
                        0.0
                    ],
                    [
                        -0.7042396806274829,
                        -0.0,
                        0.7906870651005944,
                        -0.7634511032036151,
                        0.0,
                        0.0
                    ],
                    [
                        0.9507230775550846,
                        -0.7875990430506092,
                        -0.980223733356587,
                        -0.7967318800189771,
                        0.0,
                        0.0
                    ]
                ]
            },
            "est_params": {
                "mui": [
                    0.018404181467200263,
                    1.0000026423577992,
                    -0.5658823463197551,
                    1.3415078263602038,
                    -1.425551123971269,
                    -1.3443206793128213
                ],
                "Si": [
                    [
                        0.9430769351328473,
                        1.8372084708713714e-06,
                        0.7976105421750765,
                        -1.5094927466194006,
                        1.1478370028472582,
                        1.3136590671734716
                    ],
                    [
                        1.8372084708713718e-06,
                        1.0044830641541279e-06,
                        3.8780687999963625e-06,
                        -3.295579915459601e-06,
                        8.190467612820348e-06,
                        -5.461054367673028e-07
                    ],
                    [
                        0.7976105421750763,
                        3.878068799996362e-06,
                        1.6552929736583732,
                        -2.2250271065916585,
                        2.4623062911765916,
                        0.8081153893474026
                    ],
                    [
                        -1.5094927466194006,
                        -3.2955799154596e-06,
                        -2.2250271065916585,
                        4.346216568586972,
                        -4.033122383019484,
                        -2.623583964055063
                    ],
                    [
                        1.147837002847258,
                        8.19046761282035e-06,
                        2.4623062911765916,
                        -4.033122383019485,
                        5.261932339118564,
                        1.7222405536974315
                    ],
                    [
                        1.3136590671734716,
                        -5.461054367673033e-07,
                        0.8081153893474027,
                        -2.623583964055063,
                        1.7222405536974315,
                        3.5200136846171
                    ]
                ]
            },
            "est_tgt": [
                1,
                2,
                5
            ],
            "oracle_est_tgt": [
                1,
                2,
                3,
                5
            ],
            "intv_base_est_tgt": [
                0,
                1,
                3,
                4,
                5
            ]
        },
        "2": {
            "intv_type": "do",
            "inode": 2,
            "new_mui": 1.0,
            "new_vari": null,
            "true_params": {
                "Si": [
                    [
                        1.0,
                        0.8248587255144417,
                        0.0,
                        -0.15043010522682942,
                        -0.589393650837024,
                        0.42091759523678945
                    ],
                    [
                        0.8248587255144417,
                        1.6803919170573092,
                        0.0,
                        0.698243918235103,
                        -1.1139733351008871,
                        -1.0955760294423311
                    ],
                    [
                        0.0,
                        0.0,
                        1e-09,
                        -9.709983338833113e-10,
                        1.5319968143126806e-09,
                        -2.0659840530644198e-10
                    ],
                    [
                        -0.15043010522682942,
                        0.698243918235103,
                        -9.709983338833113e-10,
                        1.6988517398750016,
                        -1.1910513864930057,
                        -2.046482954048386
                    ],
                    [
                        -0.589393650837024,
                        -1.1139733351008871,
                        1.5319968143126806e-09,
                        -1.1910513864930057,
                        2.3243838926309426,
                        1.265962795952234
                    ],
                    [
                        0.42091759523678945,
                        -1.0955760294423311,
                        -2.0659840530644198e-10,
                        -2.046482954048386,
                        1.265962795952234,
                        3.8935489155268446
                    ]
                ],
                "mui": [
                    0.0,
                    0.0,
                    1.0,
                    -0.9709983338833112,
                    1.5319968143126805,
                    -0.20659840530644197
                ],
                "Ai": [
                    [
                        0.0,
                        0.0,
                        0.0,
                        0.0,
                        0.0,
                        0.0
                    ],
                    [
                        0.8248587255144417,
                        0.0,
                        0.0,
                        0.0,
                        0.0,
                        0.0
                    ],
                    [
                        0.0,
                        0.0,
                        0.0,
                        0.0,
                        0.0,
                        0.0
                    ],
                    [
                        -0.8287341213988618,
                        0.8223275031115089,
                        -0.9709983338833112,
                        0.0,
                        0.0,
                        0.0
                    ],
                    [
                        -0.7042396806274829,
                        -0.0,
                        0.7906870651005944,
                        -0.7634511032036151,
                        0.0,
                        0.0
                    ],
                    [
                        0.9507230775550846,
                        -0.7875990430506092,
                        -0.980223733356587,
                        -0.7967318800189771,
                        0.0,
                        0.0
                    ]
                ]
            },
            "est_params": {
                "mui": [
                    -0.02866722042154953,
                    -0.03359096704413144,
                    0.9999995707397881,
                    -0.9877733266690895,
                    1.6161963805846593,
                    -0.18684442032178694
                ],
                "Si": [
                    [
                        1.0481112658250196,
                        0.8785885533875759,
                        1.595707878407956e-06,
                        -0.10517330358117943,
                        -0.6815893350899553,
                        0.31954563062484365
                    ],
                    [
                        0.8785885533875757,
                        1.7397132700565845,
                        4.1004335859123925e-06,
                        0.7194644056791619,
                        -1.1346664005483158,
                        -1.1585326363704709
                    ],
                    [
                        1.595707878407956e-06,
                        4.100433585912393e-06,
                        1.0123149414038445e-06,
                        8.209364325510331e-06,
                        -9.176517788328101e-06,
                        -1.2475479555899443e-05
                    ],
                    [
                        -0.10517330358117948,
                        0.7194644056791619,
                        8.209364325510331e-06,
                        1.7168234848815018,
                        -1.2221708553733097,
                        -2.0281009201788693
                    ],
                    [
                        -0.6815893350899552,
                        -1.1346664005483158,
                        -9.176517788328101e-06,
                        -1.2221708553733097,
                        2.3758958741380733,
                        1.3219940655401092
                    ],
                    [
                        0.3195456306248436,
                        -1.1585326363704707,
                        -1.2475479555899443e-05,
                        -2.0281009201788693,
                        1.3219940655401095,
                        3.8152012490871914
                    ]
                ]
            },
            "est_tgt": [
                1,
                2,
                3
            ],
            "oracle_est_tgt": [
                1,
                2
            ],
            "intv_base_est_tgt": [
                0,
                1,
                2,
                3,
                4
            ]
        },
        "3": {
            "intv_type": "do",
            "inode": 3,
            "new_mui": 1.0,
            "new_vari": null,
            "true_params": {
                "Si": [
                    [
                        1.0,
                        0.8248587255144417,
                        0.29788305302498924,
                        0.0,
                        -0.4687074036879494,
                        0.009073096348151974
                    ],
                    [
                        0.8248587255144417,
                        1.6803919170573092,
                        -0.34284948000002746,
                        0.0,
                        -0.8519848945315697,
                        -0.20319364249006916
                    ],
                    [
                        0.29788305302498924,
                        -0.34284948000002746,
                        1.4351382644990451,
                        0.0,
                        0.9249641962436526,
                        -0.8535243722283041
                    ],
                    [
                        0.0,
                        0.0,
                        0.0,
                        1e-09,
                        -7.634511032036151e-10,
                        -7.967318800189772e-10
                    ],
                    [
                        -0.4687074036879494,
                        -0.8519848945315697,
                        0.9249641962436526,
                        -7.634511032036151e-10,
                        2.0614395785148196,
                        -0.6812603147352841
                    ],
                    [
                        0.009073096348151974,
                        -0.20319364249006916,
                        -0.8535243722283041,
                        -7.967318800189772e-10,
                        -0.6812603147352841,
                        2.005305967753462
                    ]
                ],
                "mui": [
                    0.0,
                    0.0,
                    0.0,
                    1.0,
                    -0.7634511032036151,
                    -0.7967318800189771
                ],
                "Ai": [
                    [
                        0.0,
                        0.0,
                        0.0,
                        0.0,
                        0.0,
                        0.0
                    ],
                    [
                        0.8248587255144417,
                        0.0,
                        0.0,
                        0.0,
                        0.0,
                        0.0
                    ],
                    [
                        0.7833626596476575,
                        -0.588560915470571,
                        0.0,
                        0.0,
                        0.0,
                        0.0
                    ],
                    [
                        0.0,
                        0.0,
                        0.0,
                        0.0,
                        0.0,
                        0.0
                    ],
                    [
                        -0.7042396806274829,
                        -0.0,
                        0.7906870651005944,
                        -0.7634511032036151,
                        0.0,
                        0.0
                    ],
                    [
                        0.9507230775550846,
                        -0.7875990430506092,
                        -0.980223733356587,
                        -0.7967318800189771,
                        0.0,
                        0.0
                    ]
                ]
            },
            "est_params": {
                "mui": [
                    -0.05053190869723645,
                    0.00014438613859155233,
                    -0.09637424621077852,
                    1.0000061948541799,
                    -0.7739449589758505,
                    -0.7670262240197704
                ],
                "Si": [
                    [
                        1.1052587990559404,
                        0.951940260113988,
                        0.3035358718474783,
                        3.435259659279185e-07,
                        -0.48891465090362185,
                        0.000233277552235023
                    ],
                    [
                        0.951940260113988,
                        1.8785510902562368,
                        -0.37426019604025873,
                        2.687876261676398e-06,
                        -0.9358861155983312,
                        -0.2512611535002263
                    ],
                    [
                        0.3035358718474783,
                        -0.37426019604025873,
                        1.4196658966244933,
                        -4.8443637400851115e-06,
                        0.9048051653722239,
                        -0.8102711198703569
                    ],
                    [
                        3.4352596592791833e-07,
                        2.687876261676399e-06,
                        -4.8443637400851115e-06,
                        1.0099573299630838e-06,
                        -1.6002859228081708e-06,
                        1.0535644022236158e-05
                    ],
                    [
                        -0.48891465090362185,
                        -0.9358861155983312,
                        0.9048051653722239,
                        -1.6002859228081708e-06,
                        2.0473942902538553,
                        -0.6685216126536524
                    ],
                    [
                        0.00023327755223505933,
                        -0.25126115350022626,
                        -0.8102711198703568,
                        1.0535644022236156e-05,
                        -0.6685216126536524,
                        2.094092395897466
                    ]
                ]
            },
            "est_tgt": [
                1,
                2,
                3,
                5
            ],
            "oracle_est_tgt": [
                1,
                3,
                5
            ],
            "intv_base_est_tgt": [
                0,
                1,
                2,
                3,
                4,
                5
            ]
        },
        "4": {
            "intv_type": "do",
            "inode": 4,
            "new_mui": 1.0,
            "new_vari": null,
            "true_params": {
                "Si": [
                    [
                        1.0,
                        0.8248587255144417,
                        0.29788305302498924,
                        -0.43967405340616805,
                        0.0,
                        0.3593754315140124
                    ],
                    [
                        0.8248587255144417,
                        1.6803919170573092,
                        -0.34284948000002746,
                        1.0311501920878894,
                        0.0,
                        -1.0247438736141827
                    ],
                    [
                        0.29788305302498924,
                        -0.34284948000002746,
                        1.4351382644990451,
                        -1.9223172707805367,
                        0.0,
                        0.6780470809136219
                    ],
                    [
                        -0.43967405340616805,
                        1.0311501920878894,
                        -1.9223172707805367,
                        4.07888292026704,
                        0.0,
                        -2.5956162192866152
                    ],
                    [
                        0.0,
                        0.0,
                        0.0,
                        0.0,
                        1e-09,
                        0.0
                    ],
                    [
                        0.3593754315140124,
                        -1.0247438736141827,
                        0.6780470809136219,
                        -2.5956162192866152,
                        0.0,
                        3.552126159632481
                    ]
                ],
                "mui": [
                    0.0,
                    0.0,
                    0.0,
                    0.0,
                    1.0,
                    0.0
                ],
                "Ai": [
                    [
                        0.0,
                        0.0,
                        0.0,
                        0.0,
                        0.0,
                        0.0
                    ],
                    [
                        0.8248587255144417,
                        0.0,
                        0.0,
                        0.0,
                        0.0,
                        0.0
                    ],
                    [
                        0.7833626596476575,
                        -0.588560915470571,
                        0.0,
                        0.0,
                        0.0,
                        0.0
                    ],
                    [
                        -0.8287341213988618,
                        0.8223275031115089,
                        -0.9709983338833112,
                        0.0,
                        0.0,
                        0.0
                    ],
                    [
                        0.0,
                        0.0,
                        0.0,
                        0.0,
                        0.0,
                        0.0
                    ],
                    [
                        0.9507230775550846,
                        -0.7875990430506092,
                        -0.980223733356587,
                        -0.7967318800189771,
                        0.0,
                        0.0
                    ]
                ]
            },
            "est_params": {
                "mui": [
                    0.07356623703291988,
                    0.0026249410922336274,
                    0.04483520330350932,
                    -0.13212385439636462,
                    1.0000069344382894,
                    0.1298479537223175
                ],
                "Si": [
                    [
                        0.8376175451917471,
                        0.7782663011794382,
                        0.19335488557776478,
                        -0.24424160112587545,
                        -9.823527422439643e-06,
                        0.1912002382674075
                    ],
                    [
                        0.7782663011794382,
                        1.7203283448527493,
                        -0.4648412811001055,
                        1.2023779251508002,
                        -8.9960178679537e-06,
                        -1.2002882196578288
                    ],
                    [
                        0.19335488557776478,
                        -0.4648412811001055,
                        1.3951630038952898,
                        -1.8866569184371598,
                        3.1863126582560626e-06,
                        0.7660984913467679
                    ],
                    [
                        -0.24424160112587545,
                        1.2023779251508002,
                        -1.8866569184371598,
                        3.9111466702183884,
                        -4.0642962805384456e-07,
                        -2.6099748756553933
                    ],
                    [
                        -9.823527422439645e-06,
                        -8.996017867953699e-06,
                        3.1863126582560643e-06,
                        -4.064296280538449e-07,
                        1.0231064322265968e-06,
                        -2.7929734449927315e-06
                    ],
                    [
                        0.19120023826740754,
                        -1.2002882196578288,
                        0.7660984913467679,
                        -2.6099748756553933,
                        -2.7929734449927336e-06,
                        3.593447935047345
                    ]
                ]
            },
            "est_tgt": [
                4
            ],
            "oracle_est_tgt": [
                4
            ],
            "intv_base_est_tgt": [
                0,
                1,
                4,
                5
            ]
        },
        "5": {
            "intv_type": "do",
            "inode": 5,
            "new_mui": 1.0,
            "new_vari": null,
            "true_params": {
                "Si": [
                    [
                        1.0,
                        0.8248587255144417,
                        0.29788305302498924,
                        -0.43967405340616805,
                        -0.1330377625650052,
                        0.0
                    ],
                    [
                        0.8248587255144417,
                        1.6803919170573092,
                        -0.34284948000002746,
                        1.0311501920878894,
                        -1.6392176462496886,
                        0.0
                    ],
                    [
                        0.29788305302498924,
                        -0.34284948000002746,
                        1.4351382644990451,
                        -1.9223172707805367,
                        2.3925594373284156,
                        0.0
                    ],
                    [
                        -0.43967405340616805,
                        1.0311501920878894,
                        -1.9223172707805367,
                        4.07888292026704,
                        -4.324343151390951,
                        0.0
                    ],
                    [
                        -0.1330377625650052,
                        -1.6392176462496886,
                        2.3925594373284156,
                        -4.324343151390951,
                        6.286880820560527,
                        0.0
                    ],
                    [
                        0.0,
                        0.0,
                        0.0,
                        0.0,
                        0.0,
                        1e-09
                    ]
                ],
                "mui": [
                    0.0,
                    0.0,
                    0.0,
                    0.0,
                    0.0,
                    1.0
                ],
                "Ai": [
                    [
                        0.0,
                        0.0,
                        0.0,
                        0.0,
                        0.0,
                        0.0
                    ],
                    [
                        0.8248587255144417,
                        0.0,
                        0.0,
                        0.0,
                        0.0,
                        0.0
                    ],
                    [
                        0.7833626596476575,
                        -0.588560915470571,
                        0.0,
                        0.0,
                        0.0,
                        0.0
                    ],
                    [
                        -0.8287341213988618,
                        0.8223275031115089,
                        -0.9709983338833112,
                        0.0,
                        0.0,
                        0.0
                    ],
                    [
                        -0.7042396806274829,
                        -0.0,
                        0.7906870651005944,
                        -0.7634511032036151,
                        0.0,
                        0.0
                    ],
                    [
                        0.0,
                        0.0,
                        0.0,
                        0.0,
                        0.0,
                        0.0
                    ]
                ]
            },
            "est_params": {
                "mui": [
                    -0.03766945633953929,
                    -0.017474547649292172,
                    -0.07933238968850134,
                    0.09898985217772238,
                    -0.0741451116358461,
                    1.0000036464947561
                ],
                "Si": [
                    [
                        1.0019433923997556,
                        0.8219630975729337,
                        0.3326691965147408,
                        -0.3913952469311663,
                        -0.15924049657708253,
                        9.282281061136417e-07
                    ],
                    [
                        0.8219630975729337,
                        1.5606882371185653,
                        -0.17843183477864388,
                        0.8682986534562396,
                        -1.427428408342853,
                        -5.499160003110715e-07
                    ],
                    [
                        0.3326691965147408,
                        -0.17843183477864388,
                        1.259313244040682,
                        -1.620762429044178,
                        1.9599998220403274,
                        8.397465017752724e-07
                    ],
                    [
                        -0.39139524693116623,
                        0.8682986534562395,
                        -1.620762429044178,
                        3.475719703741538,
                        -3.59489328689451,
                        -2.563701889259522e-06
                    ],
                    [
                        -0.15924049657708253,
                        -1.427428408342853,
                        1.9599998220403274,
                        -3.5948932868945103,
                        5.336444964009237,
                        4.275000339864139e-06
                    ],
                    [
                        9.282281061136421e-07,
                        -5.49916000311072e-07,
                        8.397465017752726e-07,
                        -2.563701889259522e-06,
                        4.27500033986414e-06,
                        1.0040282976952276e-06
                    ]
                ]
            },
            "est_tgt": [
                1,
                2,
                3,
                5
            ],
            "oracle_est_tgt": [
                1,
                5
            ],
            "intv_base_est_tgt": [
                0,
                1,
                3,
                4,
                5
            ]
        },
        "obs": {
            "intv_type": "obs",
            "true_params": {
                "Si": [
                    [
                        1.0,
                        0.8248587255144417,
                        0.29788305302498924,
                        -0.43967405340616805,
                        -0.1330377625650052,
                        0.3593754315140124
                    ],
                    [
                        0.8248587255144417,
                        1.6803919170573092,
                        -0.34284948000002746,
                        1.0311501920878894,
                        -1.6392176462496886,
                        -1.0247438736141827
                    ],
                    [
                        0.29788305302498924,
                        -0.34284948000002746,
                        1.4351382644990451,
                        -1.9223172707805367,
                        2.3925594373284156,
                        0.6780470809136219
                    ],
                    [
                        -0.43967405340616805,
                        1.0311501920878894,
                        -1.9223172707805367,
                        4.07888292026704,
                        -4.324343151390951,
                        -2.5956162192866152
                    ],
                    [
