{
    "expt_args": {
        "save_dir": "all_expt_logs/expt_logs_11.05.24-main_plus_oracle_donoisepert-corr-js",
        "exp_name": "183",
        "num_nodes": 6,
        "obs_noise_mean": 0.0,
        "obs_noise_var": 1.0,
        "max_edge_strength": 1.0,
        "graph_sparsity_method": "adj_dense_prop",
        "adj_dense_prop": 0.8,
        "num_parents": null,
        "new_noise_mean": 1.0,
        "mix_samples": 131072,
        "stage2_samples": 131072,
        "gmm_tol": 0.001,
        "intv_type": "do",
        "new_noise_var": null,
        "intv_targets": [
            0,
            1,
            2,
            3,
            4,
            5
        ]
    },
    "intv_args_dict": {
        "0": {
            "intv_type": "do",
            "inode": 0,
            "new_mui": 1.0,
            "new_vari": null,
            "true_params": {
                "Si": [
                    [
                        1e-09,
                        0.0,
                        8.951176953955136e-10,
                        -1.7797906082424527e-09,
                        -1.2472683505295226e-09,
                        8.089141050477853e-10
                    ],
                    [
                        0.0,
                        1.0,
                        -0.8400840238989244,
                        0.7430232344667984,
                        1.3471442028830853,
                        -0.8695420838444414
                    ],
                    [
                        8.951176953955136e-10,
                        -0.8400840238989244,
                        1.7057411680114445,
                        -1.5086649483939558,
                        -1.8816857994760359,
                        1.2217581106510185
                    ],
                    [
                        -1.7797906082424527e-09,
                        0.7430232344667984,
                        -1.5086649483939558,
                        2.3343583252031976,
                        1.6642814649936477,
                        -0.23768586520458168
                    ],
                    [
                        -1.2472683505295226e-09,
                        1.3471442028830853,
                        -1.8816857994760359,
                        1.6642814649936477,
                        3.377254719175,
                        -2.1768902203507494
                    ],
                    [
                        8.089141050477853e-10,
                        -0.8695420838444414,
                        1.2217581106510185,
                        -0.23768586520458168,
                        -2.1768902203507494,
                        3.1137903362350547
                    ]
                ],
                "mui": [
                    1.0,
                    0.0,
                    0.8951176953955136,
                    -1.7797906082424526,
                    -1.2472683505295226,
                    0.8089141050477853
                ],
                "Ai": [
                    [
                        0.0,
                        0.0,
                        0.0,
                        0.0,
                        0.0,
                        0.0
                    ],
                    [
                        0.0,
                        0.0,
                        0.0,
                        0.0,
                        0.0,
                        0.0
                    ],
                    [
                        0.8951176953955136,
                        -0.8400840238989244,
                        0.0,
                        0.0,
                        0.0,
                        0.0
                    ],
                    [
                        -0.9880921276851526,
                        0.0,
                        -0.8844629981395717,
                        0.0,
                        0.0,
                        0.0
                    ],
                    [
                        -0.5759556116517146,
                        0.7171051478268808,
                        -0.7499714756294524,
                        -0.0,
                        0.0,
                        0.0
                    ],
                    [
                        0.8351321006191059,
                        -0.0,
                        0.7590240554748151,
                        0.8429139771424383,
                        -0.6370533822006927,
                        0.0
                    ]
                ]
            },
            "est_params": {
                "mui": [
                    0.9999990410007716,
                    0.007047251474456619,
                    0.8925923978401581,
                    -1.7707871806248452,
                    -1.2514112160223025,
                    0.8211729227631415
                ],
                "Si": [
                    [
                        1.0119505833293008e-06,
                        2.308571186441161e-06,
                        -2.719290149076491e-06,
                        2.7841801784578936e-06,
                        3.21020653935451e-06,
                        -1.9649128012590983e-06
                    ],
                    [
                        2.308571186441161e-06,
                        1.0000421515746922,
                        -0.85275976147584,
                        0.7716760585945137,
                        1.3666696486476255,
                        -0.8701372897839375
                    ],
                    [
                        -2.719290149076491e-06,
                        -0.85275976147584,
                        1.7421107874229254,
                        -1.5442253948524054,
                        -1.9348764909004963,
                        1.2602402904995964
                    ],
                    [
                        2.7841801784578936e-06,
                        0.7716760585945138,
                        -1.5442253948524054,
                        2.3727568860002726,
                        1.7426147238930105,
                        -0.2664044701163959
                    ],
                    [
                        3.2102065393545103e-06,
                        1.3666696486476255,
                        -1.9348764909004958,
                        1.7426147238930105,
                        3.4446125005877626,
                        -2.209884084829798
                    ],
                    [
                        -1.964912801259098e-06,
                        -0.8701372897839373,
                        1.2602402904995964,
                        -0.2664044701163959,
                        -2.2098840848297985,
                        3.170088112804732
                    ]
                ]
            },
            "est_tgt": [
                0,
                5
            ],
            "oracle_est_tgt": [
                0
            ],
            "intv_base_est_tgt": [
                0,
                3,
                5
            ]
        },
        "1": {
            "intv_type": "do",
            "inode": 1,
            "new_mui": 1.0,
            "new_vari": null,
            "true_params": {
                "Si": [
                    [
                        1.0,
                        0.0,
                        0.8951176953955136,
                        -1.7797906082424526,
                        -1.2472683505295226,
                        0.8089141050477853
                    ],
                    [
                        0.0,
                        1e-09,
                        -8.400840238989245e-10,
                        7.430232344667985e-10,
                        1.3471442028830854e-09,
                        -8.695420838444415e-10
                    ],
                    [
                        0.8951176953955136,
                        -8.400840238989245e-10,
                        1.8012356893159165,
                        -2.477585066300337,
                        -1.8664234482269164,
                        1.215343027395237
                    ],
                    [
                        -1.7797906082424526,
                        7.430232344667985e-10,
                        -2.477585066300337,
                        4.949929404818163,
                        2.883198517085843,
                        -1.0312936198067741
                    ],
                    [
                        -1.2472683505295226,
                        1.3471442028830854e-09,
                        -1.8664234482269164,
                        2.883198517085843,
                        3.118135554305252,
                        -2.014424604622314
                    ],
                    [
                        0.8089141050477853,
                        -8.695420838444415e-10,
                        1.215343027395237,
                        -1.0312936198067741,
                        -2.014424604622314,
                        3.0120289301055423
                    ]
                ],
                "mui": [
                    0.0,
                    1.0,
                    -0.8400840238989244,
                    0.7430232344667984,
                    1.3471442028830853,
                    -0.8695420838444414
                ],
                "Ai": [
                    [
                        0.0,
                        0.0,
                        0.0,
                        0.0,
                        0.0,
                        0.0
                    ],
                    [
                        0.0,
                        0.0,
                        0.0,
                        0.0,
                        0.0,
                        0.0
                    ],
                    [
                        0.8951176953955136,
                        -0.8400840238989244,
                        0.0,
                        0.0,
                        0.0,
                        0.0
                    ],
                    [
                        -0.9880921276851526,
                        0.0,
                        -0.8844629981395717,
                        0.0,
                        0.0,
                        0.0
                    ],
                    [
                        -0.5759556116517146,
                        0.7171051478268808,
                        -0.7499714756294524,
                        -0.0,
                        0.0,
                        0.0
                    ],
                    [
                        0.8351321006191059,
                        -0.0,
                        0.7590240554748151,
                        0.8429139771424383,
                        -0.6370533822006927,
                        0.0
                    ]
                ]
            },
            "est_params": {
                "mui": [
                    0.0025368922544480176,
                    0.9999997601496152,
                    -0.8367262677284047,
                    0.7392737087676455,
                    1.346534467467181,
                    -0.8707190583248763
                ],
                "Si": [
                    [
                        0.9959448813692163,
                        5.589093228169951e-07,
                        0.882199602668723,
                        -1.775952834695921,
                        -1.2393409657968102,
                        0.7799449765219968
                    ],
                    [
                        5.589093228169951e-07,
                        1.0135005637631658e-06,
                        -1.4990703794283626e-07,
                        -1.5719976047530683e-06,
                        -1.0629638906286092e-07,
                        -3.147754355224363e-06
                    ],
                    [
                        0.8821996026687228,
                        -1.4990703794283615e-07,
                        1.7827706812052848,
                        -2.473244010798912,
                        -1.8401487059913375,
                        1.171106589175477
                    ],
                    [
                        -1.7759528346959206,
                        -1.5719976047530683e-06,
                        -2.473244010798912,
                        4.982075141837273,
                        2.897321690424252,
                        -0.9980618598120461
                    ],
                    [
                        -1.2393409657968102,
                        -1.0629638906286118e-07,
                        -1.8401487059913375,
                        2.897321690424252,
                        3.0864730921972225,
                        -1.9363004430891158
                    ],
                    [
                        0.779944976521997,
                        -3.1477543552243637e-06,
                        1.171106589175477,
                        -0.9980618598120461,
                        -1.9363004430891158,
                        2.9303291784373786
                    ]
                ]
            },
            "est_tgt": [
                1
            ],
            "oracle_est_tgt": [
                1
            ],
            "intv_base_est_tgt": [
                1,
                3,
                5
            ]
        },
        "2": {
            "intv_type": "do",
            "inode": 2,
            "new_mui": 1.0,
            "new_vari": null,
            "true_params": {
                "Si": [
                    [
                        1.0,
                        0.0,
                        0.0,
                        -0.9880921276851526,
                        -0.5759556116517146,
                        0.3691699058890734
                    ],
                    [
                        0.0,
                        1.0,
                        0.0,
                        0.0,
                        0.7171051478268808,
                        -0.45683425981664216
                    ],
                    [
                        0.0,
                        0.0,
                        1e-09,
                        -8.844629981395718e-10,
                        -7.499714756294525e-10,
                        4.912696971814508e-10
                    ],
                    [
                        -0.9880921276851526,
                        0.0,
                        -8.844629981395718e-10,
                        1.9763260535756468,
                        0.5690972064324682,
                        0.47814009892066633
                    ],
                    [
                        -0.5759556116517146,
                        0.7171051478268808,
                        -7.499714756294525e-10,
                        0.5690972064324682,
                        1.8459646601953705,
                        -1.177277060937075
                    ],
                    [
                        0.3691699058890734,
                        -0.45683425981664216,
                        4.912696971814508e-10,
                        0.47814009892066633,
                        -1.177277060937075,
                        2.4613249452331374
                    ]
                ],
                "mui": [
                    0.0,
                    0.0,
                    1.0,
                    -0.8844629981395717,
                    -0.7499714756294524,
                    0.49126969718145075
                ],
                "Ai": [
                    [
                        0.0,
                        0.0,
                        0.0,
                        0.0,
                        0.0,
                        0.0
                    ],
                    [
                        0.0,
                        0.0,
                        0.0,
                        0.0,
                        0.0,
                        0.0
                    ],
                    [
                        0.0,
                        0.0,
                        0.0,
                        0.0,
                        0.0,
                        0.0
                    ],
                    [
                        -0.9880921276851526,
                        0.0,
                        -0.8844629981395717,
                        0.0,
                        0.0,
                        0.0
                    ],
                    [
                        -0.5759556116517146,
                        0.7171051478268808,
                        -0.7499714756294524,
                        -0.0,
                        0.0,
                        0.0
                    ],
                    [
                        0.8351321006191059,
                        -0.0,
                        0.7590240554748151,
                        0.8429139771424383,
                        -0.6370533822006927,
                        0.0
                    ]
                ]
            },
            "est_params": {
                "mui": [
                    -0.0014809229763086324,
                    0.0008152711539888225,
                    1.0000000706446859,
                    -0.8792384109710243,
                    -0.7432253934409697,
                    0.4804843194023192
                ],
                "Si": [
                    [
                        0.9919906964861657,
                        0.007814129479392624,
                        1.249561567445103e-07,
                        -0.9773381769891549,
                        -0.5661308085474517,
                        0.354181392782749
                    ],
                    [
                        0.007814129479392624,
                        1.0079030258336492,
                        -1.0970621993699707e-07,
                        -0.006070156152141912,
                        0.7097321114843054,
                        -0.4648458844831257
                    ],
                    [
                        1.249561567445105e-07,
                        -1.0970621993699707e-07,
                        1.0086823052198472e-06,
                        7.948579184738197e-09,
                        -2.012098765306024e-06,
                        1.373409410530031e-06
                    ],
                    [
                        -0.9773381769891553,
                        -0.006070156152141906,
                        7.948579184738105e-09,
                        1.9570055234353863,
                        0.5591739781579007,
                        0.4803416594796961
                    ],
                    [
                        -0.5661308085474517,
                        0.7097321114843053,
                        -2.012098765306024e-06,
                        0.5591739781579007,
                        1.850561384122455,
                        -1.184259316522071
                    ],
                    [
                        0.354181392782749,
                        -0.4648458844831257,
                        1.3734094105300308e-06,
                        0.4803416594796961,
                        -1.184259316522071,
                        2.456428654263755
                    ]
                ]
            },
            "est_tgt": [
                2
            ],
            "oracle_est_tgt": [
                2
            ],
            "intv_base_est_tgt": [
                2,
                3,
                5
            ]
        },
        "3": {
            "intv_type": "do",
            "inode": 3,
            "new_mui": 1.0,
            "new_vari": null,
            "true_params": {
                "Si": [
                    [
                        1.0,
                        0.0,
                        0.8951176953955136,
                        0.0,
                        -1.2472683505295226,
                        2.30912448512219
                    ],
                    [
                        0.0,
                        1.0,
                        -0.8400840238989244,
                        0.0,
                        1.3471442028830853,
                        -1.495846753518089
                    ],
                    [
                        0.8951176953955136,
                        -0.8400840238989244,
                        2.506976855820384,
                        0.0,
                        -2.998137769825333,
                        4.560371067914147
                    ],
                    [
                        0.0,
                        0.0,
                        0.0,
                        1e-09,
                        0.0,
                        8.429139771424384e-10
                    ],
                    [
                        -1.2472683505295226,
                        1.3471442028830853,
                        -2.998137769825333,
                        0.0,
                        4.932933055851958,
                        -6.459834213938578
                    ],
                    [
                        2.30912448512219,
                        -1.495846753518089,
                        4.560371067914147,
                        8.429139771424384e-10,
                        -6.459834213938578,
                        10.505114559445143
                    ]
                ],
                "mui": [
                    0.0,
                    0.0,
                    0.0,
                    1.0,
                    0.0,
                    0.8429139771424383
                ],
                "Ai": [
                    [
                        0.0,
                        0.0,
                        0.0,
                        0.0,
                        0.0,
                        0.0
                    ],
                    [
                        0.0,
                        0.0,
                        0.0,
                        0.0,
                        0.0,
                        0.0
                    ],
                    [
                        0.8951176953955136,
                        -0.8400840238989244,
                        0.0,
                        0.0,
                        0.0,
                        0.0
                    ],
                    [
                        0.0,
                        0.0,
                        0.0,
                        0.0,
                        0.0,
                        0.0
                    ],
                    [
                        -0.5759556116517146,
                        0.7171051478268808,
                        -0.7499714756294524,
                        -0.0,
                        0.0,
                        0.0
                    ],
                    [
                        0.8351321006191059,
                        -0.0,
                        0.7590240554748151,
                        0.8429139771424383,
                        -0.6370533822006927,
                        0.0
                    ]
                ]
            },
            "est_params": {
                "mui": [
                    -0.0005366171753997966,
                    0.003959934507348899,
                    -0.006375380669924922,
                    1.0000002284518257,
                    0.0017848298232767481,
                    0.8359871243766294
                ],
                "Si": [
                    [
                        0.9965376850996055,
                        0.0021701685152058616,
                        0.9007048052043612,
                        -3.884152174999849e-07,
                        -1.2354328411556892,
                        2.295869760434496
                    ],
                    [
                        0.002170168515205862,
                        0.9921373128912563,
                        -0.8219388382159052,
                        1.8531292256946056e-07,
                        1.324830535054936,
                        -1.4641629223825907
                    ],
                    [
                        0.9007048052043612,
                        -0.8219388382159052,
                        2.492145432906383,
                        -2.6485052779524154e-07,
                        -2.9607997774709607,
                        4.52184597836867
                    ],
                    [
                        -3.884152174999849e-07,
                        1.8531292256946064e-07,
                        -2.648505277952416e-07,
                        1.0064567752496471e-06,
                        6.357910109755368e-07,
                        -8.458400829537296e-07
                    ],
                    [
                        -1.2354328411556892,
                        1.3248305350549359,
                        -2.9607997774709607,
                        6.357910109755369e-07,
                        4.860902583385789,
                        -6.364232698319947
                    ],
                    [
                        2.295869760434496,
                        -1.4641629223825907,
                        4.5218459783686695,
                        -8.458400829537291e-07,
                        -6.364232698319947,
                        10.39212179124865
                    ]
                ]
            },
            "est_tgt": [
                3,
                5
            ],
            "oracle_est_tgt": [
                3,
                5
            ],
            "intv_base_est_tgt": []
        },
        "4": {
            "intv_type": "do",
            "inode": 4,
            "new_mui": 1.0,
            "new_vari": null,
            "true_params": {
                "Si": [
                    [
                        1.0,
                        0.0,
                        0.8951176953955136,
                        -1.7797906082424526,
                        0.0,
                        0.014337583831073763
                    ],
                    [
                        0.0,
                        1.0,
                        -0.8400840238989244,
                        0.7430232344667984,
                        0.0,
                        -0.011339313085715678
                    ],
                    [
                        0.8951176953955136,
                        -0.8400840238989244,
                        2.506976855820384,
                        -3.101787014337398,
                        0.0,
                        0.03585763283937214
                    ],
                    [
                        -1.7797906082424526,
                        0.7430232344667984,
                        -3.101787014337398,
                        5.502012931223582,
                        0.0,
                        0.7970323739816294
                    ],
                    [
                        0.0,
                        0.0,
                        0.0,
                        0.0,
                        1e-09,
                        -6.370533822006928e-10
                    ],
                    [
                        0.014337583831073763,
                        -0.011339313085715678,
                        0.03585763283937214,
                        0.7970323739816294,
                        -6.370533822006928e-10,
                        1.7110203110700857
                    ]
                ],
                "mui": [
                    0.0,
                    0.0,
                    0.0,
                    0.0,
                    1.0,
                    -0.6370533822006927
                ],
                "Ai": [
                    [
                        0.0,
                        0.0,
                        0.0,
                        0.0,
                        0.0,
                        0.0
                    ],
                    [
                        0.0,
                        0.0,
                        0.0,
                        0.0,
                        0.0,
                        0.0
                    ],
                    [
                        0.8951176953955136,
                        -0.8400840238989244,
                        0.0,
                        0.0,
                        0.0,
                        0.0
                    ],
                    [
                        -0.9880921276851526,
                        0.0,
                        -0.8844629981395717,
                        0.0,
                        0.0,
                        0.0
                    ],
                    [
                        0.0,
                        0.0,
                        0.0,
                        0.0,
                        0.0,
                        0.0
                    ],
                    [
                        0.8351321006191059,
                        -0.0,
                        0.7590240554748151,
                        0.8429139771424383,
                        -0.6370533822006927,
                        0.0
                    ]
                ]
            },
            "est_params": {
                "mui": [
                    -0.0017275181072146262,
                    -0.0029714252815332453,
                    -0.0010483545383313461,
                    0.007775057728985114,
                    0.9999994642170328,
                    -0.6310860828960206
                ],
                "Si": [
                    [
                        0.9910569314517521,
                        0.005260502411322925,
                        0.8988270647894717,
                        -1.7717251741719353,
                        7.282092960744443e-07,
                        0.014634916542628848
                    ],
                    [
                        0.005260502411322924,
                        0.9996497350877853,
                        -0.828743511696187,
                        0.7266474016856159,
                        1.6001052761651504e-07,
                        -0.010919835539408044
                    ],
                    [
                        0.8988270647894719,
                        -0.828743511696187,
                        2.50273873140246,
                        -3.111828317386451,
                        -1.0647138733124777e-07,
                        0.035699529055958516
                    ],
                    [
                        -1.7717251741719353,
                        0.7266474016856159,
                        -3.111828317386451,
                        5.519336205668687,
                        2.345312983055052e-07,
                        0.800485965294583
                    ],
                    [
                        7.282092960744439e-07,
                        1.60010527616515e-07,
                        -1.0647138733124768e-07,
                        2.3453129830550506e-07,
                        1.0089114999042768e-06,
                        1.0769982784772147e-06
                    ],
                    [
                        0.014634916542628848,
                        -0.010919835539408037,
                        0.03569952905595851,
                        0.800485965294583,
                        1.0769982784772145e-06,
                        1.701760178320585
                    ]
                ]
            },
            "est_tgt": [
                4
            ],
            "oracle_est_tgt": [
                4
            ],
            "intv_base_est_tgt": [
                3,
                4,
                5
            ]
        },
        "5": {
            "intv_type": "do",
            "inode": 5,
            "new_mui": 1.0,
            "new_vari": null,
            "true_params": {
                "Si": [
                    [
                        1.0,
                        0.0,
                        0.8951176953955136,
                        -1.7797906082424526,
                        -1.2472683505295226,
                        0.0
                    ],
                    [
                        0.0,
                        1.0,
                        -0.8400840238989244,
                        0.7430232344667984,
                        1.3471442028830853,
                        0.0
                    ],
                    [
                        0.8951176953955136,
                        -0.8400840238989244,
                        2.506976855820384,
                        -3.101787014337398,
                        -2.998137769825333,
                        0.0
                    ],
                    [
                        -1.7797906082424526,
                        0.7430232344667984,
                        -3.101787014337398,
                        5.502012931223582,
                        3.8841579590042707,
                        0.0
                    ],
                    [
                        -1.2472683505295226,
                        1.3471442028830853,
                        -2.998137769825333,
                        3.8841579590042707,
                        4.932933055851958,
                        0.0
                    ],
                    [
                        0.0,
                        0.0,
                        0.0,
                        0.0,
                        0.0,
                        1e-09
                    ]
                ],
                "mui": [
                    0.0,
                    0.0,
                    0.0,
                    0.0,
                    0.0,
                    1.0
                ],
                "Ai": [
                    [
                        0.0,
                        0.0,
                        0.0,
                        0.0,
                        0.0,
                        0.0
                    ],
                    [
                        0.0,
                        0.0,
                        0.0,
                        0.0,
                        0.0,
                        0.0
                    ],
                    [
                        0.8951176953955136,
                        -0.8400840238989244,
                        0.0,
                        0.0,
                        0.0,
                        0.0
                    ],
                    [
                        -0.9880921276851526,
                        0.0,
                        -0.8844629981395717,
                        0.0,
                        0.0,
                        0.0
                    ],
                    [
                        -0.5759556116517146,
                        0.7171051478268808,
                        -0.7499714756294524,
                        -0.0,
                        0.0,
                        0.0
                    ],
                    [
                        0.0,
                        0.0,
                        0.0,
                        0.0,
                        0.0,
                        0.0
                    ]
                ]
            },
            "est_params": {
                "mui": [
                    0.012229085150940332,
                    0.0024685361408891206,
                    -0.0009292958125602458,
                    -0.01073840333727795,
                    0.01022561950204623,
                    1.0000008725016647
                ],
                "Si": [
                    [
                        1.0011126590053674,
                        -0.013917704372739695,
                        0.9039929651941773,
                        -1.786933018753591,
                        -1.2658041284514874,
                        2.0538688943654784e-07
                    ],
                    [
                        -0.013917704372739693,
                        0.9945490693772754,
                        -0.8544638591542849,
                        0.7719775959569771,
                        1.3585550581721884,
                        5.295567574185467e-07
                    ],
                    [
                        0.9039929651941773,
                        -0.854463859154285,
                        2.5451828575945834,
                        -3.1521752544786006,
                        -3.0156660790142285,
                        1.6693990068154803e-07
                    ],
                    [
                        -1.786933018753591,
                        0.7719775959569771,
                        -3.1521752544786006,
                        5.56555008396432,
                        3.9316174679908675,
                        9.866067879922821e-07
                    ],
                    [
                        -1.2658041284514876,
                        1.3585550581721884,
                        -3.0156660790142285,
                        3.9316174679908675,
                        4.946611994656367,
                        1.8735071100698639e-07
                    ],
                    [
                        2.0538688943654792e-07,
                        5.295567574185467e-07,
                        1.6693990068154803e-07,
                        9.866067879922823e-07,
                        1.8735071100698633e-07,
                        1.0086407312562478e-06
                    ]
                ]
            },
            "est_tgt": [
                3,
                5
            ],
            "oracle_est_tgt": [
                3,
                5
            ],
            "intv_base_est_tgt": [
                3,
                5
            ]
        },
        "obs": {
            "intv_type": "obs",
            "true_params": {
                "Si": [
                    [
                        1.0,
                        0.0,
                        0.8951176953955136,
                        -1.7797906082424526,
                        -1.2472683505295226,
                        0.8089141050477853
                    ],
                    [
                        0.0,
                        1.0,
                        -0.8400840238989244,
                        0.7430232344667984,
                        1.3471442028830853,
                        -0.8695420838444414
                    ],
                    [
                        0.8951176953955136,
                        -0.8400840238989244,
                        2.506976855820384,
                        -3.101787014337398,
                        -2.998137769825333,
                        1.945831439410243
                    ],
                    [
                        -1.7797906082424526,
                        0.7430232344667984,
                        -3.101787014337398,
                        5.502012931223582,
                        3.8841579590042707,
                        -1.6773835908037809
                    ],
                    [
                        -1.2472683505295226,
                        1.3471442028830853,
                        -2.998137769825333,
                        3.8841579590042707,
                        4.932933055851958,
                        -3.1858231808648325
                    ],
                    [
                        0.8089141050477853,
                        -0.8695420838444414,
                        1.945831439410243,
                        -1.6773835908037809,
                        -3.1858231808648325,
                        3.768132364925972
                    ]
                ],
                "mui": [
                    0.0,
                    0.0,
                    0.0,
                    0.0,
                    0.0,
                    0.0
                ],
                "Ai": [
                    [
                        0.0,
                        0.0,
                        0.0,
