{
    "expt_args": {
        "save_dir": "all_expt_logs/expt_logs_11.05.24-main_plus_oracle_donoisepert-corr-js",
        "exp_name": "118",
        "num_nodes": 8,
        "obs_noise_mean": 0.0,
        "obs_noise_var": 1.0,
        "max_edge_strength": 1.0,
        "graph_sparsity_method": "adj_dense_prop",
        "adj_dense_prop": 0.8,
        "num_parents": null,
        "new_noise_mean": 1.0,
        "mix_samples": 65536,
        "stage2_samples": 65536,
        "gmm_tol": 0.001,
        "intv_type": "do",
        "new_noise_var": null,
        "intv_targets": [
            0,
            1,
            2,
            3,
            4,
            5,
            6,
            7
        ]
    },
    "intv_args_dict": {
        "0": {
            "intv_type": "do",
            "inode": 0,
            "new_mui": 1.0,
            "new_vari": null,
            "true_params": {
                "Si": [
                    [
                        1e-09,
                        0.0,
                        -9.116067058381733e-10,
                        2.6954214526502554e-10,
                        1.1271988326684136e-10,
                        -1.2406314248228853e-09,
                        1.500068612380739e-09,
                        -1.0894908567589947e-09
                    ],
                    [
                        0.0,
                        1.0,
                        0.8409557203827173,
                        0.4682382401078988,
                        0.018122380412930253,
                        1.2909632431111449,
                        -2.797931704234961,
                        0.32706659842898544
                    ],
                    [
                        -9.116067058381733e-10,
                        0.8409557203827173,
                        1.7072065244754417,
                        0.9505606045007365,
                        -0.8565699633340599,
                        2.3633326060855806,
                        -4.009366218055204,
                        0.5743722637695616
                    ],
                    [
                        2.6954214526502554e-10,
                        0.4682382401078988,
                        0.9505606045007365,
                        1.5292654701735282,
                        -0.476932140855921,
                        1.3158869993163653,
                        -3.1234398975354885,
                        1.1753932136928318
                    ],
                    [
                        1.1271988326684136e-10,
                        0.018122380412930253,
                        -0.8565699633340599,
                        -0.476932140855921,
                        1.7603812409932669,
                        -1.830955004470056,
                        1.200066583095261,
                        -0.21997587703161925
                    ],
                    [
                        -1.2406314248228853e-09,
                        1.2909632431111449,
                        2.3633326060855806,
                        1.3158869993163653,
                        -1.830955004470056,
                        4.847339643273406,
                        -6.53325079242799,
                        1.6553284718108454
                    ],
                    [
                        1.500068612380739e-09,
                        -2.797931704234961,
                        -4.009366218055204,
                        -3.1234398975354885,
                        1.200066583095261,
                        -6.53325079242799,
                        13.302165122095804,
                        -3.0110605024192574
                    ],
                    [
                        -1.0894908567589947e-09,
                        0.32706659842898544,
                        0.5743722637695616,
                        1.1753932136928318,
                        -0.21997587703161925,
                        1.6553284718108454,
                        -3.0110605024192574,
                        2.69826541405431
                    ]
                ],
                "mui": [
                    1.0,
                    0.0,
                    -0.9116067058381733,
                    0.2695421452650255,
                    0.11271988326684135,
                    -1.2406314248228851,
                    1.5000686123807387,
                    -1.0894908567589947
                ],
                "Ai": [
                    [
                        0.0,
                        0.0,
                        0.0,
                        0.0,
                        0.0,
                        0.0,
                        0.0,
                        0.0
                    ],
                    [
                        0.0,
                        0.0,
                        0.0,
                        0.0,
                        0.0,
                        0.0,
                        0.0,
                        0.0
                    ],
                    [
                        -0.9116067058381733,
                        0.8409557203827173,
                        0.0,
                        0.0,
                        0.0,
                        0.0,
                        0.0,
                        0.0
                    ],
                    [
                        0.7771183579792539,
                        0.0,
                        0.5567929782257792,
                        0.0,
                        0.0,
                        0.0,
                        0.0,
                        0.0
                    ],
                    [
                        -0.6820280343457448,
                        0.7512760565522989,
                        -0.8718100827065091,
                        0.0,
                        0.0,
                        0.0,
                        0.0,
                        0.0
                    ],
                    [
                        -0.5808869546940238,
                        0.7727633388485623,
                        0.6321600105550048,
                        0.0,
                        -0.7404475849802494,
                        0.0,
                        0.0,
                        0.0
                    ],
                    [
                        -0.0,
                        -0.5271588583300741,
                        -0.7295708797743954,
                        -0.8910529413524334,
                        -0.8952381278177339,
                        -0.9479643519287198,
                        0.0,
                        0.0
                    ],
                    [
                        -0.948402272410029,
                        -0.6283941218501579,
                        -0.7006599999958159,
                        0.8555867711849581,
                        0.6841323374869,
                        0.876607611321107,
                        0.0,
                        0.0
                    ]
                ]
            },
            "est_params": {
                "mui": [
                    0.999997803083744,
                    -0.01462972247784273,
                    -0.9396019266546769,
                    0.24706513233271338,
                    0.14278456754965152,
                    -1.2958448179533388,
                    1.5787020952166182,
                    -1.136459958808823
                ],
                "Si": [
                    [
                        1.0159887497413538e-06,
                        1.4491767781049337e-06,
                        -6.961939443508046e-07,
                        4.23745599566415e-07,
                        1.827207317459114e-06,
                        -3.3803525789079647e-06,
                        5.016745583197754e-07,
                        -1.2519377676147678e-06
                    ],
                    [
                        1.4491767781049333e-06,
                        0.9891112343666457,
                        0.8247955703450613,
                        0.4703495725113947,
                        0.01795197432238227,
                        1.2637418719525282,
                        -2.764104782621925,
                        0.34104087249533604
                    ],
                    [
                        -6.961939443508046e-07,
                        0.8247955703450613,
                        1.6455279633165034,
                        0.9091456985177702,
                        -0.8181153483517518,
                        2.263901489727311,
                        -3.868917756730307,
                        0.529964063981427
                    ],
                    [
                        4.237455995664148e-07,
                        0.4703495725113947,
                        0.9091456985177702,
                        1.4846942646356407,
                        -0.42719330003816164,
                        1.2550308632404086,
                        -3.0568158669326855,
                        1.1468485263439412
                    ],
                    [
                        1.8272073174591141e-06,
                        0.01795197432238227,
                        -0.8181153483517518,
                        -0.4271933000381617,
                        1.7147878774723218,
                        -1.752895848901068,
                        1.0954289771380485,
                        -0.1380320946242843
                    ],
                    [
                        -3.3803525789079655e-06,
                        1.2637418719525282,
                        2.263901489727311,
                        1.2550308632404086,
                        -1.752895848901068,
                        4.673637369091432,
                        -6.281319207999675,
                        1.5889279252985946
                    ],
                    [
                        5.016745583197756e-07,
                        -2.7641047826219247,
                        -3.8689177567303075,
                        -3.0568158669326855,
                        1.0954289771380485,
                        -6.281319207999675,
                        12.957393323425341,
                        -2.9782729648271604
                    ],
                    [
                        -1.2519377676147678e-06,
                        0.34104087249533604,
                        0.529964063981427,
                        1.1468485263439412,
                        -0.13803209462428429,
                        1.5889279252985946,
                        -2.978272964827161,
                        2.710991673146466
                    ]
                ]
            },
            "est_tgt": [
                0,
                5
            ],
            "oracle_est_tgt": [
                0,
                5
            ],
            "intv_base_est_tgt": []
        },
        "1": {
            "intv_type": "do",
            "inode": 1,
            "new_mui": 1.0,
            "new_vari": null,
            "true_params": {
                "Si": [
                    [
                        1.0,
                        0.0,
                        -0.9116067058381733,
                        0.2695421452650255,
                        0.11271988326684135,
                        -1.2406314248228851,
                        1.5000686123807387,
                        -1.0894908567589947
                    ],
                    [
                        0.0,
                        1e-09,
                        8.409557203827174e-10,
                        4.682382401078988e-10,
                        1.8122380412930253e-11,
                        1.290963243111145e-09,
                        -2.7979317042349615e-09,
                        3.270665984289855e-10
                    ],
                    [
                        -0.9116067058381733,
                        8.409557203827174e-10,
                        1.8310267868363321,
                        0.31107655148994257,
                        -0.9745662841586176,
                        2.4086576082842233,
                        -3.0239021533877573,
                        1.2925109071273269
                    ],
                    [
                        0.2695421452650255,
                        4.682382401078988e-10,
                        0.31107655148994257,
                        1.3826713888948523,
                        -0.4550349732391668,
                        0.37700618752693243,
                        -1.4090095702910121,
                        0.7285844229157254
                    ],
                    [
                        0.11271988326684135,
                        1.8122380412930253e-11,
                        -0.9745662841586176,
                        -0.4550349732391668,
                        1.772758592392749,
                        -1.9941941606807978,
                        1.4198593244688218,
                        -0.34871038441414276
                    ],
                    [
                        -1.2406314248228851,
                        1.290963243111145e-09,
                        2.4086576082842233,
                        0.37700618752693243,
                        -1.9941941606807978,
                        4.719919880594842,
                        -4.78225606718633,
                        2.584754108212624
                    ],
                    [
                        1.5000686123807387,
                        -2.7979317042349615e-09,
                        -3.0239021533877573,
                        -1.4090095702910121,
                        1.4198593244688218,
                        -4.78225606718633,
                        7.723949147960741,
                        -3.730261534259281
                    ],
                    [
                        -1.0894908567589947,
                        3.270665984289855e-10,
                        1.2925109071273269,
                        0.7285844229157254,
                        -0.34871038441414276,
                        2.584754108212624,
                        -3.730261534259281,
                        3.7782831801278336
                    ]
                ],
                "mui": [
                    0.0,
                    1.0,
                    0.8409557203827173,
                    0.4682382401078988,
                    0.018122380412930253,
                    1.2909632431111449,
                    -2.797931704234961,
                    0.32706659842898544
                ],
                "Ai": [
                    [
                        0.0,
                        0.0,
                        0.0,
                        0.0,
                        0.0,
                        0.0,
                        0.0,
                        0.0
                    ],
                    [
                        0.0,
                        0.0,
                        0.0,
                        0.0,
                        0.0,
                        0.0,
                        0.0,
                        0.0
                    ],
                    [
                        -0.9116067058381733,
                        0.8409557203827173,
                        0.0,
                        0.0,
                        0.0,
                        0.0,
                        0.0,
                        0.0
                    ],
                    [
                        0.7771183579792539,
                        0.0,
                        0.5567929782257792,
                        0.0,
                        0.0,
                        0.0,
                        0.0,
                        0.0
                    ],
                    [
                        -0.6820280343457448,
                        0.7512760565522989,
                        -0.8718100827065091,
                        0.0,
                        0.0,
                        0.0,
                        0.0,
                        0.0
                    ],
                    [
                        -0.5808869546940238,
                        0.7727633388485623,
                        0.6321600105550048,
                        0.0,
                        -0.7404475849802494,
                        0.0,
                        0.0,
                        0.0
                    ],
                    [
                        -0.0,
                        -0.5271588583300741,
                        -0.7295708797743954,
                        -0.8910529413524334,
                        -0.8952381278177339,
                        -0.9479643519287198,
                        0.0,
                        0.0
                    ],
                    [
                        -0.948402272410029,
                        -0.6283941218501579,
                        -0.7006599999958159,
                        0.8555867711849581,
                        0.6841323374869,
                        0.876607611321107,
                        0.0,
                        0.0
                    ]
                ]
            },
            "est_params": {
                "mui": [
                    0.0022094953940859875,
                    0.9999986716752014,
                    0.8538773561723525,
                    0.4681834228405276,
                    -0.001118168649021387,
                    1.3112757075377655,
                    -2.817554333260568,
                    0.3284434509100652
                ],
                "Si": [
                    [
                        1.0082090847581264,
                        -2.0542693033630757e-06,
                        -0.9220585841314158,
                        0.27657540212850046,
                        0.1077472893227317,
                        -1.2465380816466214,
                        1.4933306304778844,
                        -1.1017569618473282
                    ],
                    [
                        -2.0542693033630765e-06,
                        1.0114940890528674e-06,
                        2.222962191150255e-06,
                        8.309537413255973e-07,
                        -2.0371472321963383e-08,
                        3.4726252987464275e-06,
                        -6.6983233559015785e-06,
                        5.09695001584644e-06
                    ],
                    [
                        -0.9220585841314158,
                        2.222962191150255e-06,
                        1.836007782175421,
                        0.3067510107587155,
                        -0.9654825121158114,
                        2.399307672351599,
                        -3.001638263416325,
                        1.302686679155038
                    ],
                    [
                        0.27657540212850046,
                        8.309537413255979e-07,
                        0.3067510107587155,
                        1.3805021966237463,
                        -0.46781966247155,
                        0.3954759331555338,
                        -1.4042908742202582,
                        0.7125667519092591
                    ],
                    [
                        0.1077472893227317,
                        -2.0371472321963664e-08,
                        -0.9654825121158114,
                        -0.46781966247155,
                        1.7848346820420287,
                        -2.001984670873762,
                        1.4160599085833705,
                        -0.3708116017220611
                    ],
                    [
                        -1.2465380816466214,
                        3.4726252987464284e-06,
                        2.399307672351599,
                        0.3954759331555338,
                        -2.001984670873762,
                        4.721665804199106,
                        -4.7425096488331135,
                        2.606429627548531
                    ],
                    [
                        1.4933306304778844,
                        -6.6983233559015785e-06,
                        -3.001638263416325,
                        -1.4042908742202582,
                        1.4160599085833705,
                        -4.7425096488331135,
                        7.60737039342981,
                        -3.704794484652046
                    ],
                    [
                        -1.1017569618473282,
                        5.09695001584644e-06,
                        1.302686679155038,
                        0.7125667519092591,
                        -0.3708116017220612,
                        2.606429627548531,
                        -3.704794484652046,
                        3.74216282679439
                    ]
                ]
            },
            "est_tgt": [
                1
            ],
            "oracle_est_tgt": [
                1
            ],
            "intv_base_est_tgt": [
                0,
                1,
                2,
                3,
                4,
                5,
                6,
                7
            ]
        },
        "2": {
            "intv_type": "do",
            "inode": 2,
            "new_mui": 1.0,
            "new_vari": null,
            "true_params": {
                "Si": [
                    [
                        1.0,
                        0.0,
                        0.0,
                        0.7771183579792539,
                        -0.6820280343457448,
                        -0.07588094377389054,
                        -0.00994366838113804,
                        -0.8166253319129744
                    ],
                    [
                        0.0,
                        1.0,
                        0.0,
                        0.0,
                        0.7512760565522989,
                        0.21648279712092733,
                        -1.4049478031487006,
                        0.07534859049319487
                    ],
                    [
                        0.0,
                        0.0,
                        1e-09,
                        5.567929782257793e-10,
                        -8.718100827065091e-10,
                        1.2776896808564709e-09,
                        -1.6564295447711756e-09,
                        2.9932373588140204e-10
                    ],
                    [
                        0.7771183579792539,
                        0.0,
                        5.567929782257793e-10,
                        1.6039129426183902,
                        -0.5300165066320011,
                        -0.058968473716073264,
                        -0.8987803495193619,
                        0.22097223433114555
                    ],
                    [
                        -0.6820280343457448,
                        0.7512760565522989,
                        -8.718100827065091e-10,
                        -0.5300165066320011,
                        2.029577953542346,
                        -0.526056313035324,
                        -1.242041995951852,
                        0.6486193103019766
                    ],
                    [
                        -0.07588094377389054,
                        0.21648279712092733,
                        1.2776896808564709e-09,
                        -0.058968473716073264,
                        -0.526056313035324,
                        1.6008853468128916,
                        -1.108213364653987,
                        0.9289326401736524
                    ],
                    [
                        -0.00994366838113804,
                        -1.4049478031487006,
                        -1.6564295447711756e-09,
                        -0.8987803495193619,
                        -1.242041995951852,
                        -1.108213364653987,
                        4.703961670348593,
                        -1.6978824017663594
                    ],
                    [
                        -0.8166253319129744,
                        0.07534859049319487,
                        2.9932373588140204e-10,
                        0.22097223433114555,
                        0.6486193103019766,
                        0.9289326401736524,
                        -1.6978824017663594,
                        3.1742524970982946
                    ]
                ],
                "mui": [
                    0.0,
                    0.0,
                    1.0,
                    0.5567929782257792,
                    -0.8718100827065091,
                    1.2776896808564708,
                    -1.6564295447711754,
                    0.29932373588140204
                ],
                "Ai": [
                    [
                        0.0,
                        0.0,
                        0.0,
                        0.0,
                        0.0,
                        0.0,
                        0.0,
                        0.0
                    ],
                    [
                        0.0,
                        0.0,
                        0.0,
                        0.0,
                        0.0,
                        0.0,
                        0.0,
                        0.0
                    ],
                    [
                        0.0,
                        0.0,
                        0.0,
                        0.0,
                        0.0,
                        0.0,
                        0.0,
                        0.0
                    ],
                    [
                        0.7771183579792539,
                        0.0,
                        0.5567929782257792,
                        0.0,
                        0.0,
                        0.0,
                        0.0,
                        0.0
                    ],
                    [
                        -0.6820280343457448,
                        0.7512760565522989,
                        -0.8718100827065091,
                        0.0,
                        0.0,
                        0.0,
                        0.0,
                        0.0
                    ],
                    [
                        -0.5808869546940238,
                        0.7727633388485623,
                        0.6321600105550048,
                        0.0,
                        -0.7404475849802494,
                        0.0,
                        0.0,
                        0.0
                    ],
                    [
                        -0.0,
                        -0.5271588583300741,
                        -0.7295708797743954,
                        -0.8910529413524334,
                        -0.8952381278177339,
                        -0.9479643519287198,
                        0.0,
                        0.0
                    ],
                    [
                        -0.948402272410029,
                        -0.6283941218501579,
                        -0.7006599999958159,
                        0.8555867711849581,
                        0.6841323374869,
                        0.876607611321107,
                        0.0,
                        0.0
                    ]
                ]
            },
            "est_params": {
                "mui": [
                    0.004375784380452505,
                    0.008912075843060724,
                    1.0000011656151289,
                    0.5636690724103028,
                    -0.8522474867272085,
                    1.2768821729614037,
                    -1.6661548920400562,
                    0.30615243018666566
                ],
                "Si": [
                    [
                        1.0119032074846777,
                        -0.02570974218478905,
                        -2.75975776195365e-06,
                        0.7767343540300872,
                        -0.716199410201791,
                        -0.08890655324006612,
                        0.04645292650389071,
                        -0.8599877195679886
                    ],
                    [
                        -0.025709742184789042,
                        0.9860282524660587,
                        -2.9861982897076384e-07,
                        -0.02824852312850204,
                        0.7295766076018185,
                        0.230293013089841,
                        -1.3746503153984129,
                        0.101877809250057
                    ],
                    [
                        -2.75975776195365e-06,
                        -2.986198289707641e-07,
                        1.012332060487699e-06,
                        -9.103920181474229e-07,
                        2.03027318566294e-06,
                        1.3410842732268873e-06,
                        -1.0107035283154692e-06,
                        2.4135428558113123e-06
                    ],
                    [
                        0.7767343540300873,
                        -0.028248523128502047,
                        -9.103920181474228e-07,
                        1.6115228566390114,
                        -0.5406670336068415,
                        -0.07948957435342786,
                        -0.8679093242741869,
                        0.21847505485724616
                    ],
                    [
                        -0.716199410201791,
                        0.7295766076018185,
                        2.03027318566294e-06,
                        -0.5406670336068415,
                        2.0232729272489878,
                        -0.5237314802195044,
                        -1.2269465878163464,
                        0.7065523543425458
                    ],
                    [
                        -0.0889065532400661,
                        0.230293013089841,
                        1.3410842732268869e-06,
                        -0.07948957435342785,
                        -0.5237314802195044,
                        1.6342645098732769,
                        -1.1407592728664393,
                        0.968356386474898
                    ],
                    [
                        0.04645292650389071,
                        -1.3746503153984129,
                        -1.0107035283154687e-06,
                        -0.8679093242741869,
                        -1.2269465878163464,
                        -1.1407592728664397,
                        4.714976904297318,
                        -1.8023860015291049
                    ],
                    [
                        -0.8599877195679886,
                        0.10187780925005699,
                        2.4135428558113127e-06,
                        0.21847505485724616,
                        0.7065523543425458,
                        0.9683563864748982,
                        -1.8023860015291049,
                        3.2947369762046486
                    ]
                ]
            },
            "est_tgt": [
                2,
                4
            ],
            "oracle_est_tgt": [
                2
            ],
            "intv_base_est_tgt": [
                0,
                1,
                2,
                3,
                4,
                6,
                7
            ]
        },
        "3": {
            "intv_type": "do",
            "inode": 3,
            "new_mui": 1.0,
            "new_vari": null,
            "true_params": {
                "Si": [
                    [
                        1.0,
                        0.0,
                        -0.9116067058381733,
                        0.0,
                        0.11271988326684135,
                        -1.2406314248228851,
                        1.7402449337375847,
                        -1.3201075505245647
                    ],
                    [
                        0.0,
                        1.0,
                        0.8409557203827173,
                        0.0,
                        0.018122380412930253,
                        1.2909632431111449,
                        -2.3807066431331307,
                        -0.07355184557025884
                    ],
                    [
                        -0.9116067058381733,
                        0.8409557203827173,
                        2.538233309773541,
                        0.0,
                        -0.9593261646986523,
                        3.494300531296722,
                        -4.748785345290746,
                        0.9645040796315338
                    ],
                    [
                        0.0,
                        0.0,
                        0.0,
                        1e-09,
                        0.0,
                        0.0,
                        -8.910529413524335e-10,
                        8.555867711849582e-10
                    ],
                    [
                        0.11271988326684135,
                        0.018122380412930253,
                        -0.9593261646986523,
                        0.0,
                        1.7730870130642513,
                        -1.9707988337134228,
                        0.9712550017505318,
                        0.03927858459162534
                    ],
                    [
                        -1.2406314248228851,
                        1.2909632431111449,
                        3.494300531296722,
                        0.0,
                        -1.9707988337134228,
                        6.386505973992301,
                        -7.519728360724379,
                        2.167239872510466
                    ],
                    [
                        1.7402449337375847,
                        -2.3807066431331307,
                        -4.748785345290746,
                        -8.910529413524335e-10,
                        0.9712550017505318,
                        -7.519728360724379,
                        11.978516011783729,
                        -2.75453041149786
                    ],
                    [
                        -1.3201075505245647,
                        -0.07355184557025884,
                        0.9645040796315338,
                        8.555867711849582e-10,
                        0.03927858459162534,
                        2.167239872510466,
                        -2.75453041149786,
                        3.5491138381432545
                    ]
                ],
                "mui": [
                    0.0,
                    0.0,
                    0.0,
                    1.0,
                    0.0,
                    0.0,
                    -0.8910529413524334,
                    0.8555867711849581
                ],
                "Ai": [
                    [
                        0.0,
                        0.0,
                        0.0,
                        0.0,
                        0.0,
                        0.0,
                        0.0,
                        0.0
                    ],
                    [
                        0.0,
                        0.0,
                        0.0,
                        0.0,
                        0.0,
                        0.0,
                        0.0,
                        0.0
                    ],
                    [
                        -0.9116067058381733,
                        0.8409557203827173,
                        0.0,
                        0.0,
                        0.0,
                        0.0,
                        0.0,
                        0.0
                    ],
                    [
                        0.0,
                        0.0,
                        0.0,
                        0.0,
                        0.0,
                        0.0,
                        0.0,
                        0.0
                    ],
                    [
                        -0.6820280343457448,
                        0.7512760565522989,
                        -0.8718100827065091,
                        0.0,
                        0.0,
                        0.0,
                        0.0,
                        0.0
                    ],
                    [
                        -0.5808869546940238,
                        0.7727633388485623,
                        0.6321600105550048,
                        0.0,
                        -0.7404475849802494,
                        0.0,
                        0.0,
                        0.0
                    ],
                    [
                        -0.0,
                        -0.5271588583300741,
                        -0.7295708797743954,
                        -0.8910529413524334,
                        -0.8952381278177339,
                        -0.9479643519287198,
                        0.0,
                        0.0
                    ],
                    [
                        -0.948402272410029,
                        -0.6283941218501579,
                        -0.7006599999958159,
                        0.8555867711849581,
                        0.6841323374869,
                        0.876607611321107,
                        0.0,
                        0.0
                    ]
                ]
            },
            "est_params": {
                "mui": [
                    0.004645252220581085,
                    0.00255536229043855,
                    0.011820244732730599,
                    1.0000009346979957,
                    -0.01358556252669413,
                    0.012118758030664119,
                    -0.9029731417708612,
                    0.8472329388582388
                ],
                "Si": [
                    [
                        0.9871599013234521,
                        0.004712646217829186,
                        -0.8757402480897324,
                        3.016679500344569e-06,
                        0.10188241068942043,
                        -1.1946770226093422,
                        1.6918763422402756,
                        -1.3238960119198935
                    ],
                    [
                        0.004712646217829182,
                        0.9923031515996246,
                        0.8337837786284329,
                        1.1743659867992906e-06,
                        0.02008660041066387,
                        1.2878403695866172,
                        -2.366009581842166,
                        -0.05308614131119192
                    ],
                    [
                        -0.8757402480897324,
                        0.8337837786284329,
                        2.4657908260928667,
                        -2.1384516150945474e-06,
                        -0.9364651997936061,
                        3.426744909834074,
                        -4.639639862083681,
                        0.9736923367551357
                    ],
                    [
                        3.0166795003445696e-06,
                        1.1743659867992906e-06,
                        -2.138451615094548e-06,
                        1.0124540078984667e-06,
                        -8.587118650469311e-07,
                        2.984906941842435e-07,
                        1.2075633044611971e-06,
                        -2.199960551850174e-06
                    ],
                    [
                        0.1018824106894204,
                        0.02008660041066387,
                        -0.9364651997936061,
                        -8.587118650469309e-07,
                        1.7822480510297596,
                        -1.9635006956190924,
                        0.9025643722182596,
                        0.05325645149962679
                    ],
                    [
