{
    "expt_args": {
        "save_dir": "all_expt_logs/expt_logs_11.05.24-main_plus_oracle_donoisepert-corr-js",
        "exp_name": "168",
        "num_nodes": 4,
        "obs_noise_mean": 0.0,
        "obs_noise_var": 1.0,
        "max_edge_strength": 1.0,
        "graph_sparsity_method": "adj_dense_prop",
        "adj_dense_prop": 0.8,
        "num_parents": null,
        "new_noise_mean": 1.0,
        "mix_samples": 1024,
        "stage2_samples": 1024,
        "gmm_tol": 0.001,
        "intv_type": "do",
        "new_noise_var": null,
        "intv_targets": [
            0,
            1,
            2,
            3
        ]
    },
    "intv_args_dict": {
        "0": {
            "intv_type": "do",
            "inode": 0,
            "new_mui": 1.0,
            "new_vari": null,
            "true_params": {
                "Si": [
                    [
                        1e-09,
                        -6.041017262392899e-10,
                        1.4655856951887922e-09,
                        1.8934019228063384e-09
                    ],
                    [
                        -6.041017262392899e-10,
                        1.000000000364939,
                        -0.891261664328258,
                        -1.6382824015276205
                    ],
                    [
                        1.4655856951887922e-09,
                        -0.891261664328258,
                        1.7943473548709379,
                        2.4348352666456363
                    ],
                    [
                        1.8934019228063384e-09,
                        -1.6382824015276205,
                        2.4348352666456363,
                        4.634003403526637
                    ]
                ],
                "mui": [
                    1.0,
                    -0.6041017262392898,
                    1.4655856951887922,
                    1.8934019228063381
                ],
                "Ai": [
                    [
                        0.0,
                        0.0,
                        0.0,
                        0.0
                    ],
                    [
                        -0.6041017262392898,
                        0.0,
                        0.0,
                        0.0
                    ],
                    [
                        0.9271729857720384,
                        -0.8912616634428951,
                        0.0,
                        0.0
                    ],
                    [
                        0.0,
                        -0.7695723606545566,
                        0.9746969665153971,
                        0.0
                    ]
                ]
            },
            "est_params": {
                "mui": [
                    1.0000087993542996,
                    -0.6209531352516471,
                    1.4568083650590207,
                    1.8789734749499418
                ],
                "Si": [
                    [
                        1.0097496218812812e-06,
                        -8.429586929463825e-06,
                        7.689036357985376e-06,
                        1.236584572530068e-05
                    ],
                    [
                        -8.429586929463823e-06,
                        1.0309332907507258,
                        -0.9767912831556114,
                        -1.857931179532537
                    ],
                    [
                        7.689036357985376e-06,
                        -0.9767912831556114,
                        2.034781846989768,
                        2.6495781936185336
                    ],
                    [
                        1.236584572530068e-05,
                        -1.857931179532537,
                        2.6495781936185336,
                        5.056294674849466
                    ]
                ]
            },
            "est_tgt": [
                0
            ],
            "oracle_est_tgt": [
                0
            ],
            "intv_base_est_tgt": [
                0,
                1,
                2,
                3
            ]
        },
        "1": {
            "intv_type": "do",
            "inode": 1,
            "new_mui": 1.0,
            "new_vari": null,
            "true_params": {
                "Si": [
                    [
                        1.0,
                        0.0,
                        0.9271729857720384,
                        0.9037126966670292
                    ],
                    [
                        0.0,
                        1e-09,
                        -8.912616634428952e-10,
                        -1.6382824003838132e-09
                    ],
                    [
                        0.9271729857720384,
                        -8.912616634428952e-10,
                        1.8596497463397839,
                        1.8125949672244053
                    ],
                    [
                        0.9037126966670292,
                        -1.6382824003838132e-09,
                        1.8125949672244053,
                        2.76673081733548
                    ]
                ],
                "mui": [
                    0.0,
                    1.0,
                    -0.8912616634428951,
                    -1.6382824003838132
                ],
                "Ai": [
                    [
                        0.0,
                        0.0,
                        0.0,
                        0.0
                    ],
                    [
                        0.0,
                        0.0,
                        0.0,
                        0.0
                    ],
                    [
                        0.9271729857720384,
                        -0.8912616634428951,
                        0.0,
                        0.0
                    ],
                    [
                        0.0,
                        -0.7695723606545566,
                        0.9746969665153971,
                        0.0
                    ]
                ]
            },
            "est_params": {
                "mui": [
                    0.0029953047230795245,
                    0.9999826501420908,
                    -0.9544547544445594,
                    -1.7875320459215625
                ],
                "Si": [
                    [
                        0.8177655666817502,
                        -1.2861327626057453e-05,
                        0.7235490680129393,
                        0.7989663358095502
                    ],
                    [
                        -1.2861327626057453e-05,
                        1.040846819778271e-06,
                        -3.1338804155146453e-06,
                        -5.494112011066509e-07
                    ],
                    [
                        0.7235490680129393,
                        -3.133880415514647e-06,
                        1.71621051764225,
                        1.6283585117992032
                    ],
                    [
                        0.7989663358095502,
                        -5.494112011066511e-07,
                        1.6283585117992032,
                        2.654022030047776
                    ]
                ]
            },
            "est_tgt": [
                1,
                2,
                3
            ],
            "oracle_est_tgt": [
                1,
                2,
                3
            ],
            "intv_base_est_tgt": []
        },
        "2": {
            "intv_type": "do",
            "inode": 2,
            "new_mui": 1.0,
            "new_vari": null,
            "true_params": {
                "Si": [
                    [
                        1.0,
                        -0.6041017262392898,
                        0.0,
                        0.464899991537463
                    ],
                    [
                        -0.6041017262392898,
                        1.36493889564529,
                        0.0,
                        -1.0504192480709693
                    ],
                    [
                        0.0,
                        0.0,
                        1e-09,
                        9.746969665153971e-10
                    ],
                    [
                        0.464899991537463,
                        -1.0504192480709693,
                        9.746969665153971e-10,
                        1.8083736213649941
                    ]
                ],
                "mui": [
                    0.0,
                    0.0,
                    1.0,
                    0.9746969665153971
                ],
                "Ai": [
                    [
                        0.0,
                        0.0,
                        0.0,
                        0.0
                    ],
                    [
                        -0.6041017262392898,
                        0.0,
                        0.0,
                        0.0
                    ],
                    [
                        0.0,
                        0.0,
                        0.0,
                        0.0
                    ],
                    [
                        0.0,
                        -0.7695723606545566,
                        0.9746969665153971,
                        0.0
                    ]
                ]
            },
            "est_params": {
                "mui": [
                    0.07116403891490855,
                    0.0574004976184762,
                    1.0000018019369057,
                    0.7961772364832114
                ],
                "Si": [
                    [
                        1.0941356857353766,
                        -0.6783600470513427,
                        6.107771694878745e-06,
                        0.45372473476356656
                    ],
                    [
                        -0.6783600470513427,
                        1.5432912717638203,
                        -6.650827860020027e-06,
                        -1.094389680196088
                    ],
                    [
                        6.107771694878745e-06,
                        -6.650827860020027e-06,
                        1.001017982589441e-06,
                        -9.786860545332067e-07
                    ],
                    [
                        0.45372473476356656,
                        -1.0943896801960877,
                        -9.78686054533206e-07,
                        1.9353913704767391
                    ]
                ]
            },
            "est_tgt": [
                1,
                2
            ],
            "oracle_est_tgt": [
                1,
                2
            ],
            "intv_base_est_tgt": [
                1,
                2,
                3
            ]
        },
        "3": {
            "intv_type": "do",
            "inode": 3,
            "new_mui": 1.0,
            "new_vari": null,
            "true_params": {
                "Si": [
                    [
                        1.0,
                        -0.6041017262392898,
                        1.4655856951887922,
                        0.0
                    ],
                    [
                        -0.6041017262392898,
                        1.36493889564529,
                        -1.7766245118580541,
                        0.0
                    ],
                    [
                        1.4655856951887922,
                        -1.7766245118580541,
                        3.9422887826650115,
                        0.0
                    ],
                    [
                        0.0,
                        0.0,
                        0.0,
                        1e-09
                    ]
                ],
                "mui": [
                    0.0,
                    0.0,
                    0.0,
                    1.0
                ],
                "Ai": [
                    [
                        0.0,
                        0.0,
                        0.0,
                        0.0
                    ],
                    [
                        -0.6041017262392898,
                        0.0,
                        0.0,
                        0.0
                    ],
                    [
                        0.9271729857720384,
                        -0.8912616634428951,
                        0.0,
                        0.0
                    ],
                    [
                        0.0,
                        0.0,
                        0.0,
                        0.0
                    ]
                ]
            },
            "est_params": {
                "mui": [
                    0.026676508714756148,
                    -0.08985733609969128,
                    0.04493155737701698,
                    1.0000004050858469
                ],
                "Si": [
                    [
                        0.9286881233893252,
                        -0.5919114032984152,
                        1.370657359799849,
                        -1.220195931484121e-07
                    ],
                    [
                        -0.5919114032984152,
                        1.4341394952732993,
                        -1.7509611555232871,
                        6.26293671700373e-06
                    ],
                    [
                        1.370657359799849,
                        -1.7509611555232865,
                        3.8119965396657154,
                        -3.4774395262164084e-06
                    ],
                    [
                        -1.2201959314841223e-07,
                        6.26293671700373e-06,
                        -3.4774395262164084e-06,
                        1.0051674742204358e-06
                    ]
                ]
            },
            "est_tgt": [
                1,
                3
            ],
            "oracle_est_tgt": [
                1,
                3
            ],
            "intv_base_est_tgt": [
                1,
                2,
                3
            ]
        },
        "obs": {
            "intv_type": "obs",
            "true_params": {
                "Si": [
                    [
                        1.0,
                        -0.6041017262392898,
                        1.4655856951887922,
                        1.8934019228063381
                    ],
                    [
                        -0.6041017262392898,
                        1.36493889564529,
                        -1.7766245118580541,
                        -2.7820897704159124
                    ],
                    [
                        1.4655856951887922,
                        -1.7766245118580541,
                        3.9422887826650115,
                        5.209778037178617
                    ],
                    [
                        1.8934019228063381,
                        -2.7820897704159124,
                        5.209778037178617,
                        8.218974241228405
                    ]
                ],
                "mui": [
                    0.0,
                    0.0,
                    0.0,
                    0.0
                ],
                "Ai": [
                    [
                        0.0,
                        0.0,
                        0.0,
                        0.0
                    ],
                    [
                        -0.6041017262392898,
                        0.0,
                        0.0,
                        0.0
                    ],
                    [
                        0.9271729857720384,
                        -0.8912616634428951,
                        0.0,
                        0.0
                    ],
                    [
                        0.0,
                        -0.7695723606545566,
                        0.9746969665153971,
                        0.0
                    ]
                ]
            },
            "est_params": {
                "mui": [
                    0.0695118784951351,
                    0.016368532035730462,
                    0.08872134091505057,
                    0.011368699486598332
                ],
                "Si": [
                    [
                        0.9466543766243105,
                        -0.5666020533934619,
                        1.4070589976443493,
                        1.869842480510114
                    ],
                    [
                        -0.5666020533934619,
                        1.3247316045600137,
                        -1.7836801938467302,
                        -2.881659798644772
                    ],
                    [
                        1.4070589976443493,
                        -1.7836801938467302,
                        3.8651176897148742,
                        5.265761199073727
                    ],
                    [
                        1.869842480510114,
                        -2.881659798644772,
                        5.265761199073727,
                        8.5648139518587
                    ]
                ]
            },
            "est_tgt": [],
            "oracle_est_tgt": [],
            "intv_base_est_tgt": [
                1,
                2,
                3
            ]
        }
    },
    "metric_dict": {
        "param_est_rel_err": 6.342918288890402,
        "est_dag": {
            "amat": [
                [
                    0,
                    0,
                    1,
                    0
                ],
                [
                    0,
                    0,
                    0,
                    0
                ],
                [
                    0,
                    0,
                    0,
                    1
                ],
                [
                    0,
                    1,
                    0,
                    0
                ]
            ],
            "nodes": [
                0,
                1,
                2,
                3
            ]
        },
        "oracle_est_dag": {
            "amat": [
                [
                    0,
                    0,
                    1,
                    0
                ],
                [
                    0,
                    0,
                    0,
                    0
                ],
                [
                    0,
                    0,
                    0,
                    1
                ],
                [
                    0,
                    1,
                    0,
                    0
                ]
            ],
            "nodes": [
                0,
                1,
                2,
                3
            ]
        },
        "igsp_dag": {
            "amat": [
                [
                    0,
                    0,
                    1,
                    0
                ],
                [
                    0,
                    0,
                    0,
                    0
                ],
                [
                    0,
                    0,
                    0,
                    1
                ],
                [
                    0,
                    1,
                    0,
                    0
                ]
            ],
            "nodes": [
                0,
                1,
                2,
                3
            ]
        },
        "intv_base_est_dag": {
            "amat": [
                [
                    0,
                    0,
                    1,
                    0
                ],
                [
                    0,
                    0,
                    0,
                    0
                ],
                [
                    0,
                    0,
                    0,
                    1
                ],
                [
                    0,
                    0,
                    0,
                    0
                ]
            ],
            "nodes": [
                0,
                1,
                2,
                3
            ]
        },
        "act_dag": {
            "amat": [
                [
                    0,
                    1,
                    1,
                    0
                ],
                [
                    0,
                    0,
                    1,
                    1
                ],
                [
                    0,
                    0,
                    0,
                    1
                ],
                [
                    0,
                    0,
                    0,
                    0
                ]
            ],
            "nodes": [
                0,
                1,
                2,
                3
            ]
        },
        "shd": 3,
        "oracle_shd": 3,
        "intv_base_shd": 3,
        "igsp_shd": 3,
        "avg_js": 0.6666666666666666,
        "avg_oracle_js": 0.6666666666666666,
        "avg_intv_base_js": 0.1833333333333333
    }
}