{
    "expt_args": {
        "save_dir": "all_expt_logs/expt_logs_sim_compsel_backward_cameraready_half",
        "exp_name": "19",
        "num_nodes": 6,
        "num_tgt_prior": 7,
        "obs_noise_mean": 0.0,
        "obs_noise_var": 1.0,
        "obs_noise_gamma_shape": null,
        "noise_type": "gaussian",
        "max_edge_strength": 1.0,
        "graph_sparsity_method": "adj_dense_prop",
        "adj_dense_prop": 0.8,
        "num_parents": null,
        "new_noise_mean": 1.0,
        "mix_samples": 262144,
        "stage2_samples": 262144,
        "gmm_tol": 0.001,
        "intv_type": "do",
        "new_noise_var": null,
        "dtype": "simulation",
        "cutoff_drop_ratio": 0.07,
        "intv_targets": [
            3,
            1,
            0
        ]
    },
    "intv_args_dict": {
        "3": {
            "intv_type": "do",
            "inode": 3,
            "new_mui": 1.0,
            "new_vari": null,
            "noise_type": "gaussian",
            "obs_noise_gamma_shape": null,
            "true_params": {
                "Si": [
                    [
                        1.0,
                        0.5620076147408863,
                        0.281925636798837,
                        0.0,
                        1.1504361805685084,
                        -0.42950846370312107
                    ],
                    [
                        0.5620076147408863,
                        1.3158525590267405,
                        -0.44507921989454496,
                        0.0,
                        1.9321398129985843,
                        1.0619347188009802
                    ],
                    [
                        0.281925636798837,
                        -0.44507921989454496,
                        1.443722769741551,
                        0.0,
                        -1.363922140637628,
                        -1.5949036611167464
                    ],
                    [
                        0.0,
                        0.0,
                        0.0,
                        1e-09,
                        -8.131185908267558e-10,
                        -5.292423124178905e-10
                    ],
                    [
                        1.1504361805685084,
                        1.9321398129985843,
                        -1.363922140637628,
                        -8.131185908267558e-10,
                        4.8086685127075635,
                        1.8084225871013133
                    ],
                    [
                        -0.42950846370312107,
                        1.0619347188009802,
                        -1.5949036611167464,
                        -5.292423124178905e-10,
                        1.8084225871013133,
                        3.355408538460474
                    ]
                ],
                "mui": [
                    0.0,
                    0.0,
                    0.0,
                    1.0,
                    -0.8131185908267557,
                    -0.5292423124178904
                ],
                "Ai": [
                    [
                        0.0,
                        0.0,
                        0.0,
                        0.0,
                        0.0,
                        0.0
                    ],
                    [
                        0.5620076147408863,
                        0.0,
                        0.0,
                        0.0,
                        0.0,
                        0.0
                    ],
                    [
                        0.6211104813806607,
                        -0.6035235745661648,
                        0.0,
                        0.0,
                        0.0,
                        0.0
                    ],
                    [
                        0.0,
                        0.0,
                        0.0,
                        0.0,
                        0.0,
                        0.0
                    ],
                    [
                        0.994614757642657,
                        0.7349441762541804,
                        -0.9123781840457562,
                        -0.8131185908267557,
                        0.0,
                        0.0
                    ],
                    [
                        -0.7351401892940757,
                        0.8885629550106355,
                        -0.6872288150223502,
                        -0.5292423124178904,
                        0.0,
                        0.0
                    ]
                ]
            },
            "est_params": {
                "mui": [
                    0.0010496323585209902,
                    -0.001845181756139323,
                    -0.0011148972660134818,
                    0.9999993298679014,
                    -0.810788644484478,
                    -0.5280806646022447
                ],
                "Si": [
                    [
                        0.997267069171319,
                        0.5565443819903263,
                        0.27963768942258416,
                        4.2483868909074474e-08,
                        1.1489630948993286,
                        -0.4357441438663353
                    ],
                    [
                        0.5565443819903263,
                        1.305456068983517,
                        -0.4466548178350918,
                        -2.0289142699580637e-07,
                        1.9190690616294934,
                        1.0559243817776878
                    ],
                    [
                        0.27963768942258416,
                        -0.4466548178350917,
                        1.4519520377210415,
                        -2.4519071969793403e-07,
                        -1.3746193059666043,
                        -1.6048654949009358
                    ],
                    [
                        4.2483868909074474e-08,
                        -2.0289142699580647e-07,
                        -2.4519071969793413e-07,
                        1.011510062317646e-06,
                        -5.036806634352833e-07,
                        -2.9825328720999665e-07
                    ],
                    [
                        1.1489630948993286,
                        1.9190690616294934,
                        -1.374619305966604,
                        -5.036806634352834e-07,
                        4.8127767564508295,
                        1.7992500033984822
                    ],
                    [
                        -0.4357441438663353,
                        1.0559243817776878,
                        -1.6048654949009358,
                        -2.9825328720999654e-07,
                        1.7992500033984826,
                        3.36163873430476
                    ]
                ]
            },
            "est_tgt": [
                0,
                3,
                4
            ],
            "oracle_est_tgt": [
                0,
                3,
                4
            ]
        },
        "1": {
            "intv_type": "do",
            "inode": 1,
            "new_mui": 1.0,
            "new_vari": null,
            "noise_type": "gaussian",
            "obs_noise_gamma_shape": null,
            "true_params": {
                "Si": [
                    [
                        1.0,
                        0.0,
                        0.6211104813806607,
                        -0.42483850954884206,
                        0.773371194762078,
                        -0.9371426942134694
                    ],
                    [
                        0.0,
                        1e-09,
                        -6.035235745661649e-10,
                        8.871977257533525e-11,
                        1.2134462227907346e-09,
                        1.2563674884028342e-09
                    ],
                    [
                        0.6211104813806607,
                        -6.035235745661649e-10,
                        1.385778230445157,
                        0.558370125691426,
                        -1.1006093046814807,
                        -1.7044631050895749
                    ],
                    [
                        -0.42483850954884206,
                        8.871977257533525e-11,
                        0.558370125691426,
                        1.8565692989159377,
                        -2.441606384557474,
                        -1.0539872063371503
                    ],
                    [
                        0.773371194762078,
                        1.2134462227907346e-09,
                        -1.1006093046814807,
                        -2.441606384557474,
                        4.758693865852047,
                        1.4800355918025534
                    ],
                    [
                        -0.9371426942134694,
                        1.2563674884028342e-09,
                        -1.7044631050895749,
                        -1.0539872063371503,
                        1.4800355918025534,
                        3.418102045036781
                    ]
                ],
                "mui": [
                    0.0,
                    1.0,
                    -0.6035235745661648,
                    0.08871977257533525,
                    1.2134462227907346,
                    1.2563674884028342
                ],
                "Ai": [
                    [
                        0.0,
                        0.0,
                        0.0,
                        0.0,
                        0.0,
                        0.0
                    ],
                    [
                        0.0,
                        0.0,
                        0.0,
                        0.0,
                        0.0,
                        0.0
                    ],
                    [
                        0.6211104813806607,
                        -0.6035235745661648,
                        0.0,
                        0.0,
                        0.0,
                        0.0
                    ],
                    [
                        -0.9355414954228474,
                        0.5849620689396648,
                        0.8222417769198942,
                        0.0,
                        0.0,
                        0.0
                    ],
                    [
                        0.994614757642657,
                        0.7349441762541804,
                        -0.9123781840457562,
                        -0.8131185908267557,
                        0.0,
                        0.0
                    ],
                    [
                        -0.7351401892940757,
                        0.8885629550106355,
                        -0.6872288150223502,
                        -0.5292423124178904,
                        0.0,
                        0.0
                    ]
                ]
            },
            "est_params": {
                "mui": [
                    0.0019745565923576366,
                    1.0000001280832826,
                    -0.6058694095911249,
                    0.08697823630940386,
                    1.219100303734634,
                    1.2583236979894195
                ],
                "Si": [
                    [
                        1.000022561547031,
                        -2.2899647081812907e-07,
                        0.6221413604126821,
                        -0.43058606660460713,
                        0.7769038815833661,
                        -0.9431073622086609
                    ],
                    [
                        -2.2899647081812922e-07,
                        1.0112144756091806e-06,
                        -3.6534777295848585e-08,
                        -4.023526883875951e-07,
                        -1.7678969425987983e-07,
                        6.549362392478173e-07
                    ],
                    [
                        0.6221413604126821,
                        -3.65347772958486e-08,
                        1.3882395656635043,
                        0.555866622372249,
                        -1.110105560583169,
                        -1.7102174681066566
                    ],
                    [
                        -0.43058606660460713,
                        -4.02352688387595e-07,
                        0.555866622372249,
                        1.8657030564325947,
                        -2.4646934368219577,
                        -1.0444326598817437
                    ],
                    [
                        0.7769038815833661,
                        -1.7678969425987988e-07,
                        -1.110105560583169,
                        -2.4646934368219577,
                        4.81749659513221,
                        1.4879179952529293
                    ],
                    [
                        -0.943107362208661,
                        6.549362392478174e-07,
                        -1.7102174681066566,
                        -1.0444326598817437,
                        1.4879179952529293,
                        3.4200451164494026
                    ]
                ]
            },
            "est_tgt": [
                0,
                1,
                2,
                3,
                4
            ],
            "oracle_est_tgt": [
                0,
                1,
                2,
                4
            ]
        },
        "0": {
            "intv_type": "do",
            "inode": 0,
            "new_mui": 1.0,
            "new_vari": null,
            "noise_type": "gaussian",
            "obs_noise_gamma_shape": null,
            "true_params": {
                "Si": [
                    [
                        1e-09,
                        5.620076147408863e-10,
                        2.81925636798837e-10,
                        -3.7497732178342403e-10,
                        1.4553372120490373e-09,
                        -2.3105459881819435e-10
                    ],
                    [
                        5.620076147408863e-10,
                        1.0000000003158525,
                        -0.6035235744077204,
                        0.08871977236459515,
                        1.2134462236086452,
                        1.2563674882729798
                    ],
                    [
                        2.81925636798837e-10,
                        -0.6035235744077204,
                        1.364240705136603,
                        0.7686973025348149,
                        -2.3133016605259265,
                        -1.8806413520407634
                    ],
                    [
                        -3.7497732178342403e-10,
                        0.08871977236459515,
                        0.7686973025348149,
                        1.6839527378988124,
                        -2.0053918465817273,
                        -1.3406568739640665
                    ],
                    [
                        1.4553372120490373e-09,
                        1.2134462236086452,
                        -2.3133016605259265,
                        -2.0053918465817273,
                        5.6330425972149785,
                        3.7293291382676816
                    ],
                    [
                        -2.3105459881819435e-10,
                        1.2563674882729798,
                        -1.8806413520407634,
                        -1.3406568739640665,
                        3.7293291382676816,
                        4.1183248801096735
                    ]
                ],
                "mui": [
                    1.0,
                    0.5620076147408863,
                    0.281925636798837,
                    -0.374977321783424,
                    1.455337212049037,
                    -0.23105459881819435
                ],
                "Ai": [
                    [
                        0.0,
                        0.0,
                        0.0,
                        0.0,
                        0.0,
                        0.0
                    ],
                    [
                        0.5620076147408863,
                        0.0,
                        0.0,
                        0.0,
                        0.0,
                        0.0
                    ],
                    [
                        0.6211104813806607,
                        -0.6035235745661648,
                        0.0,
                        0.0,
                        0.0,
                        0.0
                    ],
                    [
                        -0.9355414954228474,
                        0.5849620689396648,
                        0.8222417769198942,
                        0.0,
                        0.0,
                        0.0
                    ],
                    [
                        0.994614757642657,
                        0.7349441762541804,
                        -0.9123781840457562,
                        -0.8131185908267557,
                        0.0,
                        0.0
                    ],
                    [
                        -0.7351401892940757,
                        0.8885629550106355,
                        -0.6872288150223502,
                        -0.5292423124178904,
                        0.0,
                        0.0
                    ]
                ]
            },
            "est_params": {
                "mui": [
                    0.9999997498918376,
                    0.5657890978230389,
                    0.2828584861995738,
                    -0.37657818179637337,
                    1.4579997881029874,
                    -0.23200051362398538
                ],
                "Si": [
                    [
                        1.0112222514108373e-06,
                        -7.168738462436659e-07,
                        4.894468588249429e-07,
                        3.214439840061777e-07,
                        -1.678741412210643e-06,
                        -7.400220213883445e-07
                    ],
                    [
                        -7.168738462436659e-07,
                        0.9978803515287139,
                        -0.6027759438879248,
                        0.09084703880640008,
                        1.2058059737965434,
                        1.250906222485229
                    ],
                    [
                        4.894468588249428e-07,
                        -0.6027759438879248,
                        1.3647198941369914,
                        0.7674208280314965,
                        -2.303089595646162,
                        -1.8769499620125212
                    ],
                    [
                        3.2144398400617783e-07,
                        0.09084703880640008,
                        0.7674208280314966,
                        1.6759521351130213,
                        -1.9863845149145565,
                        -1.333583564876963
                    ],
                    [
                        -1.6787414122106425e-06,
                        1.2058059737965434,
                        -2.303089595646162,
                        -1.9863845149145565,
                        5.584494730639827,
                        3.702652091629852
                    ],
                    [
                        -7.400220213883448e-07,
                        1.250906222485229,
                        -1.8769499620125212,
                        -1.333583564876963,
                        3.7026520916298518,
                        4.099800987502939
                    ]
                ]
            },
            "est_tgt": [
                0,
                1,
                2,
                3,
                4
            ],
            "oracle_est_tgt": [
                0,
                1,
                2,
                3,
                4
            ]
        },
        "obs": {
            "intv_type": "obs",
            "noise_type": "gaussian",
            "obs_noise_gamma_shape": null,
            "true_params": {
                "Si": [
                    [
                        1.0,
                        0.5620076147408863,
                        0.281925636798837,
                        -0.374977321783424,
                        1.455337212049037,
                        -0.23105459881819435
                    ],
                    [
                        0.5620076147408863,
                        1.3158525590267405,
                        -0.44507921989454496,
                        -0.12202033762209269,
                        2.0313568179780654,
                        1.1265130444461084
                    ],
                    [
                        0.281925636798837,
                        -0.44507921989454496,
                        1.443722769741551,
                        0.6629815824116164,
                        -1.9030047906722545,
                        -1.9457815668827425
                    ],
                    [
                        -0.374977321783424,
                        -0.12202033762209269,
                        0.6629815824116164,
                        1.8245607296100737,
                        -2.5511102961019123,
                        -1.2540166394001169
                    ],
                    [
                        1.455337212049037,
                        2.0313568179780654,
                        -1.9030047906722545,
                        -2.5511102961019123,
                        7.751048995871636,
                        3.393066782928764
                    ],
                    [
                        -0.23105459881819435,
                        1.1265130444461084,
                        -1.9457815668827425,
                        -1.2540166394001169,
                        3.393066782928764,
                        4.1717111076913245
                    ]
                ],
                "mui": [
                    0.0,
                    0.0,
                    0.0,
                    0.0,
                    0.0,
                    0.0
                ],
                "Ai": [
                    [
                        0.0,
                        0.0,
                        0.0,
                        0.0,
                        0.0,
                        0.0
                    ],
                    [
                        0.5620076147408863,
                        0.0,
                        0.0,
                        0.0,
                        0.0,
                        0.0
                    ],
                    [
                        0.6211104813806607,
                        -0.6035235745661648,
                        0.0,
                        0.0,
                        0.0,
                        0.0
                    ],
                    [
                        -0.9355414954228474,
                        0.5849620689396648,
                        0.8222417769198942,
                        0.0,
                        0.0,
                        0.0
                    ],
                    [
                        0.994614757642657,
                        0.7349441762541804,
                        -0.9123781840457562,
                        -0.8131185908267557,
                        0.0,
                        0.0
                    ],
                    [
                        -0.7351401892940757,
                        0.8885629550106355,
                        -0.6872288150223502,
                        -0.5292423124178904,
                        0.0,
                        0.0
                    ]
                ]
            },
            "est_params": {
                "mui": [
                    0.004942470645381966,
                    0.005785498455454301,
                    -0.0014864076843632522,
                    -0.006631483174642505,
                    0.015750683274070757,
                    0.0058434267908856205
                ],
                "Si": [
                    [
                        1.0060134399122902,
                        0.5623893318880963,
                        0.2845498925428292,
                        -0.3779254856072636,
                        1.4579773914502054,
                        -0.23824351918673534
                    ],
                    [
                        0.5623893318880963,
                        1.3258138653672156,
                        -0.45243393788892783,
                        -0.11960931099911086,
                        2.0398894724166654,
                        1.1381456658810525
                    ],
                    [
                        0.2845498925428292,
                        -0.45243393788892783,
                        1.4507796505367352,
                        0.6581453414526051,
                        -1.900529468272213,
                        -1.9647020702528986
                    ],
                    [
                        -0.3779254856072636,
                        -0.11960931099911086,
                        0.6581453414526051,
                        1.8294450475678936,
                        -2.548973402892474,
                        -1.2459527819329352
                    ],
                    [
                        1.4579773914502054,
                        2.0398894724166654,
                        -1.900529468272213,
                        -2.548973402892474,
                        7.734937465430537,
                        3.3998063666059775
                    ],
                    [
                        -0.23824351918673534,
                        1.1381456658810525,
                        -1.9647020702528986,
                        -1.2459527819329352,
                        3.3998063666059775,
                        4.191449996992278
                    ]
                ]
            },
            "est_tgt": [
                0,
                1,
                2,
                3,
                4,
                5
            ],
            "oracle_est_tgt": [
                0,
                1,
                2,
                3,
                4,
                5
            ]
        }
    },
    "metric_dict": {
        "param_est_rel_err": 0.9436585174426573,
        "est_num_comp": 4,
        "weight_precision_error": 0.0018584178973793386,
        "gm_score_dict": {
            "1": -8.512636884509229,
            "2": -7.133612152712576,
            "3": -5.772767756207764,
            "4": -4.340819937544337,
            "5": -4.341305219094175,
            "6": -4.34150160893839,
            "7": -4.3417411483095485
        },
        "est_dag": {
            "amat": [
                [
                    0,
                    0,
                    0,
                    0,
                    0,
                    1
                ],
                [
                    1,
                    0,
                    1,
                    1,
                    1,
                    1
                ],
                [
                    1,
                    0,
                    0,
                    0,
                    1,
                    1
                ],
                [
                    1,
                    0,
                    0,
                    0,
                    0,
                    1
                ],
                [
                    1,
                    0,
                    0,
                    1,
                    0,
                    0
                ],
                [
                    0,
                    0,
                    0,
                    0,
                    0,
                    0
                ]
            ],
            "nodes": [
                0,
                1,
                2,
                3,
                4,
                5
            ]
        },
        "oracle_est_dag": {
            "amat": [
                [
                    0,
                    0,
                    0,
                    0,
                    0,
                    1
                ],
                [
                    1,
                    0,
                    0,
                    1,
                    1,
                    1
                ],
                [
                    1,
                    1,
                    0,
                    0,
                    1,
                    1
                ],
                [
                    1,
                    0,
                    0,
                    0,
                    0,
                    1
                ],
                [
                    1,
                    0,
                    0,
                    1,
                    0,
                    0
                ],
                [
                    0,
                    0,
                    0,
                    0,
                    0,
                    0
                ]
            ],
            "nodes": [
                0,
                1,
                2,
                3,
                4,
                5
            ]
        },
        "igsp_dag": null,
        "intv_base_est_dag": null,
        "act_dag": {
            "amat": [
                [
                    0,
                    1,
                    1,
                    1,
                    1,
                    1
                ],
                [
                    0,
                    0,
                    1,
                    1,
                    1,
                    1
                ],
                [
                    0,
                    0,
                    0,
                    1,
                    1,
                    1
                ],
                [
                    0,
                    0,
                    0,
                    0,
                    1,
                    1
                ],
                [
                    0,
                    0,
                    0,
                    0,
                    0,
                    0
                ],
                [
                    0,
                    0,
                    0,
                    0,
                    0,
                    0
                ]
            ],
            "nodes": [
                0,
                1,
                2,
                3,
                4,
                5
            ]
        },
        "shd": 6,
        "oracle_shd": 7,
        "intv_base_shd": null,
        "igsp_shd": null,
        "avg_js": 0.18333333333333335,
        "avg_oracle_js": 0.1958333333333333
    }
}