{
    "expt_args": {
        "save_dir": "all_expt_logs/expt_logs_sim_compsel_backward_cameraready_half",
        "exp_name": "329",
        "num_nodes": 8,
        "num_tgt_prior": 9,
        "obs_noise_mean": 0.0,
        "obs_noise_var": 1.0,
        "obs_noise_gamma_shape": null,
        "noise_type": "gaussian",
        "max_edge_strength": 1.0,
        "graph_sparsity_method": "adj_dense_prop",
        "adj_dense_prop": 0.8,
        "num_parents": null,
        "new_noise_mean": 1.0,
        "mix_samples": 1048576,
        "stage2_samples": 1048576,
        "gmm_tol": 0.001,
        "intv_type": "do",
        "new_noise_var": null,
        "dtype": "simulation",
        "cutoff_drop_ratio": 0.07,
        "intv_targets": [
            4,
            0,
            7,
            1
        ]
    },
    "intv_args_dict": {
        "4": {
            "intv_type": "do",
            "inode": 4,
            "new_mui": 1.0,
            "new_vari": null,
            "noise_type": "gaussian",
            "obs_noise_gamma_shape": null,
            "true_params": {
                "Si": [
                    [
                        1.0,
                        0.0,
                        -0.7254917660769213,
                        0.020032144516878514,
                        0.0,
                        0.6781785088148623,
                        -0.3791772170040977,
                        -0.5284333757334738
                    ],
                    [
                        0.0,
                        1.0,
                        0.0,
                        0.5610252691126986,
                        0.0,
                        1.250412804436361,
                        0.2927763824803091,
                        -2.0503702345744497
                    ],
                    [
                        -0.7254917660769213,
                        0.0,
                        1.5263383026454105,
                        -0.7426523224120004,
                        0.0,
                        -1.8690492461928523,
                        -0.1755470844884492,
                        1.1648034924012824
                    ],
                    [
                        0.020032144516878514,
                        0.5610252691126986,
                        -0.7426523224120004,
                        1.8453081600334325,
                        0.0,
                        2.34907572531144,
                        0.636909209200217,
                        -3.031881720624566
                    ],
                    [
                        0.0,
                        0.0,
                        0.0,
                        0.0,
                        1e-09,
                        7.102480263370269e-10,
                        4.2212025778373075e-10,
                        -1.0898667695569225e-09
                    ],
                    [
                        0.6781785088148623,
                        1.250412804436361,
                        -1.8690492461928523,
                        2.34907572531144,
                        7.102480263370269e-10,
                        5.318265676446554,
                        0.1283837991500567,
                        -6.360599789358167
                    ],
                    [
                        -0.3791772170040977,
                        0.2927763824803091,
                        -0.1755470844884492,
                        0.636909209200217,
                        4.2212025778373075e-10,
                        0.1283837991500567,
                        1.9417256202800883,
                        1.1148293860868064
                    ],
                    [
                        -0.5284333757334738,
                        -2.0503702345744497,
                        1.1648034924012824,
                        -3.031881720624566,
                        -1.0898667695569225e-09,
                        -6.360599789358167,
                        1.1148293860868064,
                        11.144161696482348
                    ]
                ],
                "mui": [
                    0.0,
                    0.0,
                    0.0,
                    0.0,
                    1.0,
                    0.7102480263370269,
                    0.42212025778373075,
                    -1.0898667695569224
                ],
                "Ai": [
                    [
                        0.0,
                        0.0,
                        0.0,
                        0.0,
                        0.0,
                        0.0,
                        0.0,
                        0.0
                    ],
                    [
                        0.0,
                        0.0,
                        0.0,
                        0.0,
                        0.0,
                        0.0,
                        0.0,
                        0.0
                    ],
                    [
                        -0.7254917660769213,
                        -0.0,
                        0.0,
                        0.0,
                        0.0,
                        0.0,
                        0.0,
                        0.0
                    ],
                    [
                        -0.5082123155075695,
                        0.5610252691126986,
                        -0.7281191665081421,
                        0.0,
                        0.0,
                        0.0,
                        0.0,
                        0.0
                    ],
                    [
                        0.0,
                        0.0,
                        0.0,
                        0.0,
                        0.0,
                        0.0,
                        0.0,
                        0.0
                    ],
                    [
                        0.0,
                        0.8962203643675256,
                        -0.9173523855020055,
                        0.631330636192227,
                        0.7102480263370269,
                        0.0,
                        0.0,
                        0.0
                    ],
                    [
                        -0.6287950477324018,
                        0.8322236965990576,
                        -0.9793960588697381,
                        0.5922629113183698,
                        0.9172676737599453,
                        -0.6971471902989241,
                        0.0,
                        0.0
                    ],
                    [
                        0.0,
                        -0.7642391361989498,
                        -0.6089454531907743,
                        -0.9165395753420658,
                        -0.9049511576003973,
                        -0.8494042340512427,
                        0.99112056606161,
                        0.0
                    ]
                ]
            },
            "est_params": {
                "mui": [
                    -0.0011977341651665844,
                    -9.819364389062364e-05,
                    -0.002077410622348978,
                    -8.616363551053498e-06,
                    1.0000000491299632,
                    0.7158693952159847,
                    0.42090712042258666,
                    -1.0931851571619455
                ],
                "Si": [
                    [
                        1.0024003837846394,
                        -8.477100016067566e-05,
                        -0.7304841299380481,
                        0.024378659432148328,
                        9.667920444931126e-08,
                        0.6805375108437071,
                        -0.3712823091147123,
                        -0.5227761431265795
                    ],
                    [
                        -8.477100016067564e-05,
                        0.998659497227402,
                        0.0006641189501130987,
                        0.5598305793981757,
                        -3.0387075351121304e-07,
                        1.2473872970293671,
                        0.29194588144876643,
                        -2.047868540897938
                    ],
                    [
                        -0.7304841299380481,
                        0.0006641189501130979,
                        1.5274619005655,
                        -0.7440364376887352,
                        -3.8646143915616557e-07,
                        -1.866966331732821,
                        -0.1777957081033591,
                        1.1614987728561672
                    ],
                    [
                        0.024378659432148325,
                        0.5598305793981758,
                        -0.744036437688735,
                        1.8440777453062869,
                        2.8034721071822945e-07,
                        2.3479792493600926,
                        0.6354533401934802,
                        -3.029634580367351
                    ],
                    [
                        9.667920444931135e-08,
                        -3.0387075351121314e-07,
                        -3.8646143915616547e-07,
                        2.803472107182293e-07,
                        1.0084543773009992e-06,
                        7.664317545106496e-08,
                        2.3559769421550484e-07,
                        5.005486354027853e-07
                    ],
                    [
                        0.6805375108437071,
                        1.2473872970293671,
                        -1.866966331732821,
                        2.3479792493600926,
                        7.664317545106508e-08,
                        5.300294351838179,
                        0.13841502175907505,
                        -6.334782628981366
                    ],
                    [
                        -0.3712823091147122,
                        0.29194588144876643,
                        -0.1777957081033591,
                        0.6354533401934802,
                        2.3559769421550476e-07,
                        0.13841502175907508,
                        1.9284229813718103,
                        1.0983380048153855
                    ],
                    [
                        -0.5227761431265795,
                        -2.047868540897938,
                        1.1614987728561672,
                        -3.029634580367351,
                        5.005486354027853e-07,
                        -6.334782628981366,
                        1.0983380048153855,
                        11.104282572807803
                    ]
                ]
            },
            "est_tgt": [
                4
            ],
            "oracle_est_tgt": [
                2,
                4
            ]
        },
        "0": {
            "intv_type": "do",
            "inode": 0,
            "new_mui": 1.0,
            "new_vari": null,
            "noise_type": "gaussian",
            "obs_noise_gamma_shape": null,
            "true_params": {
                "Si": [
                    [
                        1e-09,
                        0.0,
                        -7.254917660769214e-10,
                        2.0032144516878515e-11,
                        -1.0626805972634139e-09,
                        -7.658828801813023e-11,
                        -8.277562246626989e-10,
                        6.297468938768238e-10
                    ],
                    [
                        0.0,
                        1.0,
                        0.0,
                        0.5610252691126986,
                        1.118293587800782,
                        2.044678618037219,
                        0.7648307600406685,
                        -3.2691612545271083
                    ],
                    [
                        -7.254917660769214e-10,
                        0.0,
                        1.0000000005263383,
                        -0.7281191665226753,
                        0.07427067900523207,
                        -1.3242857194311808,
                        -0.4192858748663329,
                        0.7004842847695575
                    ],
                    [
                        2.0032144516878515e-11,
                        0.5610252691126986,
                        -0.7281191665226753,
                        1.8449068732198888,
                        1.2578765737906328,
                        3.228894709338583,
                        1.1754801255897736,
                        -4.392213944863443
                    ],
                    [
                        -1.0626805972634139e-09,
                        1.118293587800782,
                        0.07427067900523207,
                        1.2578765737906328,
                        2.7247238922365815,
                        3.6634708865272936,
                        1.548246366541492,
                        -6.095775086169384
                    ],
                    [
                        -7.658828801813023e-11,
                        2.044678618037219,
                        -1.3242857194311808,
                        3.228894709338583,
                        3.6634708865272936,
                        8.68779239762185,
                        2.2146981512996193,
                        -12.215292420326309
                    ],
                    [
                        -8.277562246626989e-10,
                        0.7648307600406685,
                        -0.4192858748663329,
                        1.1754801255897736,
                        1.548246366541492,
                        2.2146981512996193,
                        2.6195362471827703,
                        -2.092550507820982
                    ],
                    [
                        6.297468938768238e-10,
                        -3.2691612545271083,
                        0.7004842847695575,
                        -4.392213944863443,
                        -6.095775086169384,
                        -12.215292420326309,
                        -2.092550507820982,
                        20.91563213572532
                    ]
                ],
                "mui": [
                    1.0,
                    0.0,
                    -0.7254917660769213,
                    0.020032144516878514,
                    -1.0626805972634137,
                    -0.07658828801813022,
                    -0.8277562246626988,
                    0.6297468938768238
                ],
                "Ai": [
                    [
                        0.0,
                        0.0,
                        0.0,
                        0.0,
                        0.0,
                        0.0,
                        0.0,
                        0.0
                    ],
                    [
                        0.0,
                        0.0,
                        0.0,
                        0.0,
                        0.0,
                        0.0,
                        0.0,
                        0.0
                    ],
                    [
                        -0.7254917660769213,
                        -0.0,
                        0.0,
                        0.0,
                        0.0,
                        0.0,
                        0.0,
                        0.0
                    ],
                    [
                        -0.5082123155075695,
                        0.5610252691126986,
                        -0.7281191665081421,
                        0.0,
                        0.0,
                        0.0,
                        0.0,
                        0.0
                    ],
                    [
                        -0.6608942216056461,
                        0.7342361563945086,
                        0.5727144957276629,
                        0.6845635171009099,
                        0.0,
                        0.0,
                        0.0,
                        0.0
                    ],
                    [
                        0.0,
                        0.8962203643675256,
                        -0.9173523855020055,
                        0.631330636192227,
                        0.7102480263370269,
                        0.0,
                        0.0,
                        0.0
                    ],
                    [
                        -0.6287950477324018,
                        0.8322236965990576,
                        -0.9793960588697381,
                        0.5922629113183698,
                        0.9172676737599453,
                        -0.6971471902989241,
                        0.0,
                        0.0
                    ],
                    [
                        0.0,
                        -0.7642391361989498,
                        -0.6089454531907743,
                        -0.9165395753420658,
                        -0.9049511576003973,
                        -0.8494042340512427,
                        0.99112056606161,
                        0.0
                    ]
                ]
            },
            "est_params": {
                "mui": [
                    0.9999998870977937,
                    0.0013377526156182053,
                    -0.7234206453485261,
                    0.018774884714240103,
                    -1.0605131272029562,
                    -0.07609064436153479,
                    -0.8260367351206189,
                    0.6288663045230802
                ],
                "Si": [
                    [
                        1.011996968269007e-06,
                        -7.101209992896774e-08,
                        3.5772439110068844e-07,
                        -5.101229830345097e-07,
                        -7.54574840155572e-07,
                        -1.2832561486514357e-06,
                        -6.682000012405572e-07,
                        1.386661201625104e-06
                    ],
                    [
                        -7.101209992896781e-08,
                        1.0016550004499811,
                        -0.0006185318910988357,
                        0.5614358090334276,
                        1.1214816694820902,
                        2.04734859983289,
                        0.7690696431440376,
                        -3.269480113134777
                    ],
                    [
                        3.5772439110068844e-07,
                        -0.0006185318910988362,
                        1.0007839925626683,
                        -0.7299840553001368,
                        0.07528336860685565,
                        -1.3270503701481196,
                        -0.4181004257189376,
                        0.7060934745697655
                    ],
                    [
                        -5.101229830345097e-07,
                        0.5614358090334276,
                        -0.7299840553001368,
                        1.850055839305333,
                        1.2594603205390604,
                        3.2392756839959813,
                        1.1743688771253724,
                        -4.405016932345472
                    ],
                    [
                        -7.545748401555716e-07,
                        1.1214816694820902,
                        0.07528336860685565,
                        1.2594603205390604,
                        2.7257426694253755,
                        3.666991005301572,
                        1.5501795696577514,
                        -6.094706235489539
                    ],
                    [
                        -1.283256148651435e-06,
                        2.04734859983289,
                        -1.3270503701481196,
                        3.2392756839959818,
                        3.666991005301572,
                        8.696982706004746,
                        2.225425898751464,
                        -12.216660261243465
                    ],
                    [
                        -6.682000012405572e-07,
                        0.7690696431440376,
                        -0.4181004257189376,
                        1.1743688771253724,
                        1.5501795696577512,
                        2.2254258987514643,
                        2.614907109637626,
                        -2.105584724894305
                    ],
                    [
                        1.3866612016251033e-06,
                        -3.269480113134777,
                        0.7060934745697655,
                        -4.405016932345472,
                        -6.094706235489539,
                        -12.216660261243465,
                        -2.1055847248943045,
                        20.900493985188973
                    ]
                ]
            },
            "est_tgt": [
                0
            ],
            "oracle_est_tgt": [
                0
            ]
        },
        "7": {
            "intv_type": "do",
            "inode": 7,
            "new_mui": 1.0,
            "new_vari": null,
            "noise_type": "gaussian",
            "obs_noise_gamma_shape": null,
            "true_params": {
                "Si": [
                    [
                        1.0,
                        0.0,
                        -0.7254917660769213,
                        0.020032144516878514,
                        -1.0626805972634137,
                        -0.07658828801813022,
                        -0.8277562246626988,
                        0.0
                    ],
                    [
                        0.0,
                        1.0,
                        0.0,
                        0.5610252691126986,
                        1.118293587800782,
                        2.044678618037219,
                        0.7648307600406685,
                        0.0
                    ],
                    [
                        -0.7254917660769213,
                        0.0,
                        1.5263383026454105,
                        -0.7426523224120004,
                        0.8452367015185777,
                        -1.2687215471516637,
                        0.181244449844843,
                        0.0
                    ],
                    [
                        0.020032144516878514,
                        0.5610252691126986,
                        -0.7426523224120004,
                        1.8453081600334325,
                        1.2365888025122573,
                        3.2273604816862376,
                        1.1588983932891663,
                        0.0
                    ],
                    [
                        -1.0626805972634137,
                        1.118293587800782,
                        0.8452367015185777,
                        1.2365888025122573,
                        3.8540139429074167,
                        3.7448597741003935,
                        2.4278868448749167,
                        0.0
                    ],
                    [
                        -0.07658828801813022,
                        2.044678618037219,
                        -1.2687215471516637,
                        3.2273604816862376,
                        3.7448597741003935,
                        8.693658163477533,
                        2.27809458337949,
                        0.0
                    ],
                    [
                        -0.8277562246626988,
                        0.7648307600406685,
                        0.181244449844843,
                        1.1588983932891663,
                        2.4278868448749167,
                        2.27809458337949,
                        3.3047166139654345,
                        0.0
                    ],
                    [
                        0.0,
                        0.0,
                        0.0,
                        0.0,
                        0.0,
                        0.0,
                        0.0,
                        1e-09
                    ]
                ],
                "mui": [
                    0.0,
                    0.0,
                    0.0,
                    0.0,
                    0.0,
                    0.0,
                    0.0,
                    1.0
                ],
                "Ai": [
                    [
                        0.0,
                        0.0,
                        0.0,
                        0.0,
                        0.0,
                        0.0,
                        0.0,
                        0.0
                    ],
                    [
                        0.0,
                        0.0,
                        0.0,
                        0.0,
                        0.0,
                        0.0,
                        0.0,
                        0.0
                    ],
                    [
                        -0.7254917660769213,
                        -0.0,
                        0.0,
                        0.0,
                        0.0,
                        0.0,
                        0.0,
                        0.0
                    ],
                    [
                        -0.5082123155075695,
                        0.5610252691126986,
                        -0.7281191665081421,
                        0.0,
                        0.0,
                        0.0,
                        0.0,
                        0.0
                    ],
                    [
                        -0.6608942216056461,
                        0.7342361563945086,
                        0.5727144957276629,
                        0.6845635171009099,
                        0.0,
                        0.0,
                        0.0,
                        0.0
                    ],
                    [
                        0.0,
                        0.8962203643675256,
                        -0.9173523855020055,
                        0.631330636192227,
                        0.7102480263370269,
                        0.0,
                        0.0,
                        0.0
                    ],
                    [
                        -0.6287950477324018,
                        0.8322236965990576,
                        -0.9793960588697381,
                        0.5922629113183698,
                        0.9172676737599453,
                        -0.6971471902989241,
                        0.0,
                        0.0
                    ],
                    [
                        0.0,
                        0.0,
                        0.0,
                        0.0,
                        0.0,
                        0.0,
                        0.0,
                        0.0
                    ]
                ]
            },
            "est_params": {
                "mui": [
                    0.0036239475459071855,
                    0.004942838997992366,
                    -0.004906796683960584,
                    0.004383960246017339,
                    0.0020209258182431263,
                    0.015669400665608606,
                    0.0009633394567081048,
                    0.9999999827334095
                ],
                "Si": [
                    [
                        0.9978452988737715,
                        0.002247392611362956,
                        -0.7222770503776911,
                        0.020980286880756323,
                        -1.0610655611302735,
                        -0.07257817300976016,
                        -0.8295203684248443,
                        -1.1990954157741876e-07
                    ],
                    [
                        0.002247392611362957,
                        0.9963319135850413,
                        -0.0013667797357454026,
                        0.5600054880498657,
                        1.116629891700031,
                        2.0375170449052193,
                        0.7635420557589796,
                        1.5503811408794016e-08
                    ],
                    [
                        -0.7222770503776911,
                        -0.0013667797357454026,
                        1.5211657027907837,
                        -0.7444808225252024,
                        0.8438109265861043,
                        -1.2697673178502478,
                        0.18080926211921644,
                        -1.9768908900990745e-09
                    ],
                    [
                        0.020980286880756323,
                        0.5600054880498657,
                        -0.7444808225252024,
                        1.8466539043740584,
                        1.2358702080883919,
                        3.227922976163366,
                        1.1608950302241205,
                        1.879283189302134e-07
                    ],
                    [
                        -1.0610655611302735,
                        1.116629891700031,
                        0.8438109265861043,
                        1.2358702080883919,
                        3.8580365950767113,
                        3.7447692053655492,
                        2.435174138377768,
                        2.8906656084814436e-07
                    ],
                    [
                        -0.07257817300976013,
                        2.0375170449052193,
                        -1.2697673178502478,
                        3.227922976163366,
                        3.7447692053655492,
                        8.686270209740941,
                        2.281626047492084,
                        2.2401304169434986e-07
                    ],
                    [
                        -0.8295203684248443,
                        0.7635420557589794,
                        0.18080926211921647,
                        1.1608950302241205,
                        2.4351741383777683,
                        2.281626047492084,
                        3.3121948158444434,
                        1.2445470514383665e-07
                    ],
                    [
                        -1.1990954157741876e-07,
                        1.5503811408794105e-08,
                        -1.9768908900990402e-09,
                        1.8792831893021346e-07,
                        2.890665608481442e-07,
                        2.2401304169434967e-07,
                        1.2445470514383652e-07,
                        1.0045186639127052e-06
                    ]
                ]
            },
            "est_tgt": [
                7
            ],
            "oracle_est_tgt": [
                7
            ]
        },
        "1": {
            "intv_type": "do",
            "inode": 1,
            "new_mui": 1.0,
            "new_vari": null,
            "noise_type": "gaussian",
            "obs_noise_gamma_shape": null,
            "true_params": {
                "Si": [
                    [
                        1.0,
                        0.0,
                        -0.7254917660769213,
                        0.020032144516878514,
                        -1.0626805972634137,
                        -0.07658828801813022,
                        -0.8277562246626988,
                        0.6297468938768238
                    ],
                    [
                        0.0,
                        1e-09,
                        0.0,
                        5.610252691126986e-10,
                        1.118293587800782e-09,
                        2.044678618037219e-09,
                        7.648307600406686e-10,
                        -3.2691612545271085e-09
                    ],
                    [
                        -0.7254917660769213,
                        0.0,
                        1.5263383026454105,
                        -0.7426523224120004,
                        0.8452367015185777,
                        -1.2687215471516637,
                        0.181244449844843,
                        0.24360809900628122
                    ],
                    [
                        0.020032144516878514,
                        5.610252691126986e-10,
                        -0.7426523224120004,
                        1.530558807765206,
                        0.6091978420967092,
                        2.080244110900043,
                        0.7298090107407698,
                        -2.5455166933290667
                    ],
                    [
                        -1.0626805972634137,
                        1.118293587800782e-09,
                        0.8452367015185777,
                        0.6091978420967092,
                        2.6034333956416518,
                        1.458308788722558,
                        1.572581511023944,
                        -3.109112826041423
                    ],
                    [
                        -0.07658828801813022,
                        2.044678618037219e-09,
                        -1.2687215471516637,
                        2.080244110900043,
                        1.458308788722558,
                        4.5129475165996515,
                        0.714261483471013,
                        -5.579139547401914
                    ],
                    [
                        -0.8277562246626988,
                        7.648307600406686e-10,
                        0.181244449844843,
                        0.7298090107407698,
                        1.572581511023944,
                        0.714261483471013,
                        2.719750523046014,
                        -0.11347233417312719
                    ],
                    [
                        0.6297468938768238,
                        -3.2691612545271085e-09,
                        0.24360809900628122,
                        -2.5455166933290667,
                        -3.109112826041423,
                        -5.579139547401914,
                        -0.11347233417312719,
                        10.624797988262406
                    ]
                ],
                "mui": [
                    0.0,
                    1.0,
                    0.0,
                    0.5610252691126986,
                    1.118293587800782,
                    2.044678618037219,
                    0.7648307600406685,
                    -3.2691612545271083
                ],
                "Ai": [
                    [
                        0.0,
                        0.0,
                        0.0,
                        0.0,
                        0.0,
                        0.0,
                        0.0,
                        0.0
                    ],
                    [
                        0.0,
                        0.0,
                        0.0,
                        0.0,
                        0.0,
                        0.0,
                        0.0,
                        0.0
                    ],
                    [
                        -0.7254917660769213,
                        -0.0,
                        0.0,
                        0.0,
                        0.0,
                        0.0,
                        0.0,
                        0.0
                    ],
                    [
                        -0.5082123155075695,
                        0.5610252691126986,
                        -0.7281191665081421,
                        0.0,
                        0.0,
                        0.0,
                        0.0,
                        0.0
                    ],
                    [
                        -0.6608942216056461,
                        0.7342361563945086,
                        0.5727144957276629,
                        0.6845635171009099,
                        0.0,
                        0.0,
                        0.0,
                        0.0
                    ],
                    [
                        0.0,
                        0.8962203643675256,
                        -0.9173523855020055,
                        0.631330636192227,
                        0.7102480263370269,
                        0.0,
                        0.0,
                        0.0
                    ],
                    [
                        -0.6287950477324018,
                        0.8322236965990576,
                        -0.9793960588697381,
                        0.5922629113183698,
                        0.9172676737599453,
                        -0.6971471902989241,
                        0.0,
                        0.0
                    ],
                    [
                        0.0,
                        -0.7642391361989498,
                        -0.6089454531907743,
                        -0.9165395753420658,
                        -0.9049511576003973,
                        -0.8494042340512427,
                        0.99112056606161,
                        0.0
                    ]
                ]
            },
            "est_params": {
                "mui": [
                    -0.002040404323923194,
                    0.9999999577404203,
                    0.0017462043585971553,
                    0.5582208528023089,
                    1.119601193111859,
                    2.044658029724198,
                    0.7630420013933192,
                    -3.2720620449073157
                ],
                "Si": [
                    [
                        1.003281801900813,
                        -5.8035287097793916e-08,
                        -0.7280339326416762,
                        0.020409594882055793,
                        -1.0650846152959017,
                        -0.07634792471708131,
                        -0.8296856054472984,
                        0.6317810360077384
                    ],
                    [
                        -5.803528709779396e-08,
                        1.0113953354844612e-06,
                        6.154982566622575e-08,
                        5.942129157447831e-08,
                        2.498067634942398e-07,
                        4.214733305730534e-07,
                        1.4555375601582495e-07,
                        -7.862571438902554e-07
                    ],
                    [
                        -0.7280339326416762,
                        6.154982566622578e-08,
                        1.5212673206336977,
                        -0.7349922276553393,
                        0.8469979975455642,
                        -1.2544911097381517,
                        0.18181403683562766,
                        0.22518162275838793
                    ],
                    [
                        0.02040959488205579,
                        5.942129157447824e-08,
                        -0.7349922276553393,
                        1.5189834146998074,
                        0.6056561863873465,
                        2.0613674008286607,
                        0.7225429865558033,
                        -2.5273402618770455
                    ],
                    [
                        -1.0650846152959017,
                        2.498067634942398e-07,
                        0.8469979975455642,
                        0.6056561863873464,
                        2.6015201406121577,
                        1.4571180921112323,
                        1.5650163151141934,
                        -3.1124066667244215
                    ],
                    [
                        -0.07634792471708131,
                        4.214733305730534e-07,
                        -1.2544911097381517,
                        2.0613674008286607,
                        1.4571180921112323,
                        4.483427817892304,
                        0.7061667109357582,
