{
    "expt_args": {
        "save_dir": "all_expt_logs/expt_logs_sim_compsel_backward_cameraready_half",
        "exp_name": "296",
        "num_nodes": 8,
        "num_tgt_prior": 9,
        "obs_noise_mean": 0.0,
        "obs_noise_var": 1.0,
        "obs_noise_gamma_shape": null,
        "noise_type": "gaussian",
        "max_edge_strength": 1.0,
        "graph_sparsity_method": "adj_dense_prop",
        "adj_dense_prop": 0.8,
        "num_parents": null,
        "new_noise_mean": 1.0,
        "mix_samples": 1048576,
        "stage2_samples": 1048576,
        "gmm_tol": 0.001,
        "intv_type": "do",
        "new_noise_var": null,
        "dtype": "simulation",
        "cutoff_drop_ratio": 0.07,
        "intv_targets": [
            5,
            7,
            4,
            3
        ]
    },
    "intv_args_dict": {
        "5": {
            "intv_type": "do",
            "inode": 5,
            "new_mui": 1.0,
            "new_vari": null,
            "noise_type": "gaussian",
            "obs_noise_gamma_shape": null,
            "true_params": {
                "Si": [
                    [
                        1.0,
                        0.7028020078888672,
                        0.6115164982698902,
                        -1.9972915663595783,
                        1.6579051988552556,
                        0.0,
                        4.0952425879764665,
                        -0.748972700763396
                    ],
                    [
                        0.7028020078888672,
                        1.4939306622926232,
                        0.4297750228412478,
                        -2.366799548528026,
                        1.25187587958497,
                        0.0,
                        3.873754753772244,
                        -0.9478923982352365
                    ],
                    [
                        0.6115164982698902,
                        0.4297750228412478,
                        1.3739524276562687,
                        -2.1079915108594447,
                        2.524496615500871,
                        0.0,
                        5.146469984539468,
                        -1.6029498317417858
                    ],
                    [
                        -1.9972915663595783,
                        -2.366799548528026,
                        -2.1079915108594447,
                        6.702819077283167,
                        -5.599190994056238,
                        0.0,
                        -13.054680029146386,
                        2.823232884882734
                    ],
                    [
                        1.6579051988552556,
                        1.25187587958497,
                        2.524496615500871,
                        -5.599190994056238,
                        6.786484752778632,
                        0.0,
                        12.92550977713914,
                        -2.9512798436542385
                    ],
                    [
                        0.0,
                        0.0,
                        0.0,
                        0.0,
                        0.0,
                        1e-09,
                        -5.993502817719887e-10,
                        -3.322716957885641e-11
                    ],
                    [
                        4.0952425879764665,
                        3.873754753772244,
                        5.146469984539468,
                        -13.054680029146386,
                        12.92550977713914,
                        -5.993502817719887e-10,
                        28.70588944434452,
                        -7.246190810492562
                    ],
                    [
                        -0.748972700763396,
                        -0.9478923982352365,
                        -1.6029498317417858,
                        2.823232884882734,
                        -2.9512798436542385,
                        -3.322716957885641e-11,
                        -7.246190810492562,
                        3.806586706632964
                    ]
                ],
                "mui": [
                    0.0,
                    0.0,
                    0.0,
                    0.0,
                    0.0,
                    1.0,
                    -0.5993502817719887,
                    -0.03322716957885641
                ],
                "Ai": [
                    [
                        0.0,
                        0.0,
                        0.0,
                        0.0,
                        0.0,
                        0.0,
                        0.0,
                        0.0
                    ],
                    [
                        0.7028020078888672,
                        0.0,
                        0.0,
                        0.0,
                        0.0,
                        0.0,
                        0.0,
                        0.0
                    ],
                    [
                        0.6115164982698902,
                        0.0,
                        0.0,
                        0.0,
                        0.0,
                        0.0,
                        0.0,
                        0.0
                    ],
                    [
                        -0.7782440804212074,
                        -0.9630990253510137,
                        -0.8866147661752517,
                        0.0,
                        0.0,
                        0.0,
                        0.0,
                        0.0
                    ],
                    [
                        0.0,
                        -0.7463835633180425,
                        0.7437387526140415,
                        -0.8649996711963451,
                        0.0,
                        0.0,
                        0.0,
                        0.0
                    ],
                    [
                        0.0,
                        0.0,
                        0.0,
                        0.0,
                        0.0,
                        0.0,
                        0.0,
                        0.0
                    ],
                    [
                        0.5549718928173742,
                        0.0,
                        0.728468582293993,
                        -0.9710233221216882,
                        0.6968935542277663,
                        -0.5993502817719887,
                        0.0,
                        0.0
                    ],
                    [
                        0.6543196894745805,
                        -0.5301030125292194,
                        -0.5799591390709616,
                        -0.9545811514626505,
                        0.5780905756182146,
                        -0.5514736990162825,
                        -0.8646805469169414,
                        0.0
                    ]
                ]
            },
            "est_params": {
                "mui": [
                    -0.0011001372560562593,
                    0.0013533985958098158,
                    -0.00046771556942913606,
                    -0.0007483240779175348,
                    0.0036914770741672746,
                    0.9999998404646312,
                    -0.5989067097285614,
                    -0.030865678854288803
                ],
                "Si": [
                    [
                        0.9988730977333472,
                        0.6997711030368765,
                        0.6110326150055339,
                        -1.9957932656163178,
                        1.6570341121152126,
                        -1.8014782318011245e-07,
                        4.088258494390561,
                        -0.7384909260991492
                    ],
                    [
                        0.6997711030368765,
                        1.4892244789058713,
                        0.42412071178565364,
                        -2.356539637301958,
                        1.2384553389488901,
                        -1.4748236263055431e-07,
                        3.8433230085706778,
                        -0.9322732023664163
                    ],
                    [
                        0.6110326150055339,
                        0.42412071178565364,
                        1.3763759316959907,
                        -2.1088730855814894,
                        2.5341779919698055,
                        -5.769106384088015e-07,
                        5.154927856216566,
                        -1.6006826153597469
                    ],
                    [
                        -1.995793265616318,
                        -2.356539637301958,
                        -2.1088730855814894,
                        6.699580956645836,
                        -5.601409462833602,
                        9.300115290217874e-07,
                        -13.045342561340036,
                        2.805696599694584
                    ],
                    [
                        1.6570341121152126,
                        1.2384553389488901,
                        2.5341779919698055,
                        -5.601409462833602,
                        6.803832975103879,
                        -1.3323844425093705e-06,
                        12.944293838604173,
                        -2.9486990619191302
                    ],
                    [
                        -1.8014782318011258e-07,
                        -1.4748236263055445e-07,
                        -5.769106384088016e-07,
                        9.300115290217876e-07,
                        -1.33238444250937e-06,
                        1.0094230036795336e-06,
                        -2.488909034006518e-06,
                        5.649766919323163e-07
                    ],
                    [
                        4.08825849439056,
                        3.8433230085706778,
                        5.154927856216566,
                        -13.045342561340036,
                        12.944293838604173,
                        -2.4889090340065183e-06,
                        28.701755668630625,
                        -7.218463818702786
                    ],
                    [
                        -0.7384909260991492,
                        -0.9322732023664163,
                        -1.6006826153597469,
                        2.805696599694584,
                        -2.9486990619191316,
                        5.64976691932316e-07,
                        -7.218463818702786,
                        3.800584188706874
                    ]
                ]
            },
            "est_tgt": [
                2,
                3,
                4,
                5,
                6,
                7
            ],
            "oracle_est_tgt": [
                1,
                3,
                5,
                6,
                7
            ]
        },
        "7": {
            "intv_type": "do",
            "inode": 7,
            "new_mui": 1.0,
            "new_vari": null,
            "noise_type": "gaussian",
            "obs_noise_gamma_shape": null,
            "true_params": {
                "Si": [
                    [
                        1.0,
                        0.7028020078888672,
                        0.6115164982698902,
                        -1.9972915663595783,
                        1.6579051988552556,
                        -0.7801501547628942,
                        4.562825803058067,
                        0.0
                    ],
                    [
                        0.7028020078888672,
                        1.4939306622926232,
                        0.4297750228412478,
                        -2.366799548528026,
                        1.25187587958497,
                        -0.39511194743279293,
                        4.110565210797567,
                        0.0
                    ],
                    [
                        0.6115164982698902,
                        0.4297750228412478,
                        1.3739524276562687,
                        -2.1079915108594447,
                        2.524496615500871,
                        -0.9118878300745094,
                        5.693010212439074,
                        0.0
                    ],
                    [
                        -1.9972915663595783,
                        -2.366799548528026,
                        -2.1079915108594447,
                        6.702819077283167,
                        -5.599190994056238,
                        1.7669788621803275,
                        -14.113719308079313,
                        0.0
                    ],
                    [
                        1.6579051988552556,
                        1.25187587958497,
                        2.524496615500871,
                        -5.599190994056238,
                        6.786484752778632,
                        -1.2381685733514445,
                        13.66760646045855,
                        0.0
                    ],
                    [
                        -0.7801501547628942,
                        -0.39511194743279293,
                        -0.9118878300745094,
                        1.7669788621803275,
                        -1.2381685733514445,
                        2.275707792451989,
                        -5.039838532182017,
                        0.0
                    ],
                    [
                        4.562825803058067,
                        4.110565210797567,
                        5.693010212439074,
                        -14.113719308079313,
                        13.66760646045855,
                        -5.039838532182017,
                        33.929665249347956,
                        0.0
                    ],
                    [
                        0.0,
                        0.0,
                        0.0,
                        0.0,
                        0.0,
                        0.0,
                        0.0,
                        1e-09
                    ]
                ],
                "mui": [
                    0.0,
                    0.0,
                    0.0,
                    0.0,
                    0.0,
                    0.0,
                    0.0,
                    1.0
                ],
                "Ai": [
                    [
                        0.0,
                        0.0,
                        0.0,
                        0.0,
                        0.0,
                        0.0,
                        0.0,
                        0.0
                    ],
                    [
                        0.7028020078888672,
                        0.0,
                        0.0,
                        0.0,
                        0.0,
                        0.0,
                        0.0,
                        0.0
                    ],
                    [
                        0.6115164982698902,
                        0.0,
                        0.0,
                        0.0,
                        0.0,
                        0.0,
                        0.0,
                        0.0
                    ],
                    [
                        -0.7782440804212074,
                        -0.9630990253510137,
                        -0.8866147661752517,
                        0.0,
                        0.0,
                        0.0,
                        0.0,
                        0.0
                    ],
                    [
                        0.0,
                        -0.7463835633180425,
                        0.7437387526140415,
                        -0.8649996711963451,
                        0.0,
                        0.0,
                        0.0,
                        0.0
                    ],
                    [
                        -0.6446290465327218,
                        0.6278035856038277,
                        -0.9616557796689527,
                        0.5534432795933834,
                        0.6735688154745525,
                        0.0,
                        0.0,
                        0.0
                    ],
                    [
                        0.5549718928173742,
                        0.0,
                        0.728468582293993,
                        -0.9710233221216882,
                        0.6968935542277663,
                        -0.5993502817719887,
                        0.0,
                        0.0
                    ],
                    [
                        0.0,
                        0.0,
                        0.0,
                        0.0,
                        0.0,
                        0.0,
                        0.0,
                        0.0
                    ]
                ]
            },
            "est_params": {
                "mui": [
                    -0.0002422263797548387,
                    -0.0005724898639346809,
                    0.0023157815126799777,
                    -0.0003226471385165881,
                    0.004802777662268911,
                    0.001827561217235071,
                    0.006531262408673797,
                    0.9999998196700741
                ],
                "Si": [
                    [
                        1.001006959719163,
                        0.7029773208975105,
                        0.61150813321959,
                        -1.9986797167836727,
                        1.6606455647372353,
                        -0.7805575715542856,
                        4.563547223233797,
                        5.391954596863817e-09
                    ],
                    [
                        0.7029773208975105,
                        1.4910504947226118,
                        0.4251653174488969,
                        -2.3597362664775527,
                        1.247461367678533,
                        -0.38814779946407624,
                        4.093142294350423,
                        -7.310887431778646e-08
                    ],
                    [
                        0.61150813321959,
                        0.4251653174488969,
                        1.3734484835537735,
                        -2.1034259674822153,
                        2.52612764783984,
                        -0.9108672532640192,
                        5.685287998315985,
                        -2.291940882987019e-07
                    ],
                    [
                        -1.9986797167836727,
                        -2.3597362664775527,
                        -2.1034259674822153,
                        6.690649957096736,
                        -5.597442990674401,
                        1.7583484017747233,
                        -14.086773365043376,
                        2.3359985947286455e-07
                    ],
                    [
                        1.6606455647372353,
                        1.247461367678533,
                        2.52612764783984,
                        -5.597442990674401,
                        6.790491586163503,
                        -1.2418009664223546,
                        13.662682830726807,
                        -2.5824904134580754e-07
                    ],
                    [
                        -0.7805575715542854,
                        -0.38814779946407624,
                        -0.9108672532640192,
                        1.7583484017747233,
                        -1.2418009664223546,
                        2.274276279450617,
                        -5.0331595830017966,
                        6.639656955151144e-08
                    ],
                    [
                        4.563547223233797,
                        4.093142294350423,
                        5.685287998315985,
                        -14.086773365043376,
                        13.662682830726807,
                        -5.0331595830017966,
                        33.87067199146847,
                        4.302662894330806e-08
                    ],
                    [
                        5.391954596863839e-09,
                        -7.310887431778644e-08,
                        -2.2919408829870194e-07,
                        2.335998594728645e-07,
                        -2.5824904134580754e-07,
                        6.639656955151164e-08,
                        4.302662894330854e-08,
                        1.0094181288796873e-06
                    ]
                ]
            },
            "est_tgt": [
                2,
                7
            ],
            "oracle_est_tgt": [
                1,
                3,
                5,
                6,
                7
            ]
        },
        "4": {
            "intv_type": "do",
            "inode": 4,
            "new_mui": 1.0,
            "new_vari": null,
            "noise_type": "gaussian",
            "obs_noise_gamma_shape": null,
            "true_params": {
                "Si": [
                    [
                        1.0,
                        0.7028020078888672,
                        0.6115164982698902,
                        -1.9972915663595783,
                        0.0,
                        -1.896863395724931,
                        4.076744752084245,
                        -0.6453270792649812
                    ],
                    [
                        0.7028020078888672,
                        1.4939306622926232,
                        0.4297750228412478,
                        -2.366799548528026,
                        0.0,
                        -1.2383365007660045,
                        3.7435278532589074,
                        -0.876075367803592
                    ],
                    [
                        0.6115164982698902,
                        0.4297750228412478,
                        1.3739524276562687,
                        -2.1079915108594447,
                        0.0,
                        -2.6123100250469475,
                        4.95285331511478,
                        -1.4543006932425842
                    ],
                    [
                        -1.9972915663595783,
                        -2.366799548528026,
                        -2.1079915108594447,
                        6.702819077283167,
                        0.0,
                        5.538419307662571,
                        -12.472093089117418,
                        2.502028253402238
                    ],
                    [
                        0.0,
                        0.0,
                        0.0,
                        0.0,
                        1e-09,
                        6.735688154745526e-10,
                        2.9318989488026865e-10,
                        -4.688050924914389e-11
                    ],
                    [
                        -1.896863395724931,
                        -1.2383365007660045,
                        -2.6123100250469475,
                        5.538419307662571,
                        6.735688154745526e-10,
                        7.022685126547316,
                        -12.542674273951885,
                        2.616033542263145
                    ],
                    [
                        4.076744752084245,
                        3.7435278532589074,
                        4.95285331511478,
                        -12.472093089117418,
                        2.9318989488026865e-10,
                        -12.542674273951885,
                        26.498625410046664,
                        -6.279679529192558
                    ],
                    [
                        -0.6453270792649812,
                        -0.876075367803592,
                        -1.4543006932425842,
                        2.502028253402238,
                        -4.688050924914389e-11,
                        2.616033542263145,
                        -6.279679529192558,
                        3.484448979875323
                    ]
                ],
                "mui": [
                    0.0,
                    0.0,
                    0.0,
                    0.0,
                    1.0,
                    0.6735688154745525,
                    0.29318989488026864,
                    -0.04688050924914389
                ],
                "Ai": [
                    [
                        0.0,
                        0.0,
                        0.0,
                        0.0,
                        0.0,
                        0.0,
                        0.0,
                        0.0
                    ],
                    [
                        0.7028020078888672,
                        0.0,
                        0.0,
                        0.0,
                        0.0,
                        0.0,
                        0.0,
                        0.0
                    ],
                    [
                        0.6115164982698902,
                        0.0,
                        0.0,
                        0.0,
                        0.0,
                        0.0,
                        0.0,
                        0.0
                    ],
                    [
                        -0.7782440804212074,
                        -0.9630990253510137,
                        -0.8866147661752517,
                        0.0,
                        0.0,
                        0.0,
                        0.0,
                        0.0
                    ],
                    [
                        0.0,
                        0.0,
                        0.0,
                        0.0,
                        0.0,
                        0.0,
                        0.0,
                        0.0
                    ],
                    [
                        -0.6446290465327218,
                        0.6278035856038277,
                        -0.9616557796689527,
                        0.5534432795933834,
                        0.6735688154745525,
                        0.0,
                        0.0,
                        0.0
                    ],
                    [
                        0.5549718928173742,
                        0.0,
                        0.728468582293993,
                        -0.9710233221216882,
                        0.6968935542277663,
                        -0.5993502817719887,
                        0.0,
                        0.0
                    ],
                    [
                        0.6543196894745805,
                        -0.5301030125292194,
                        -0.5799591390709616,
                        -0.9545811514626505,
                        0.5780905756182146,
                        -0.5514736990162825,
                        -0.8646805469169414,
                        0.0
                    ]
                ]
            },
            "est_params": {
                "mui": [
                    1.0713556226981208e-05,
                    0.0009372200368609456,
                    0.0002182681795088903,
                    -0.0014179977127223476,
                    0.9999999211749426,
                    0.6728468246997185,
                    0.29245318255260633,
                    -0.04132468601476936
                ],
                "Si": [
                    [
                        0.997068443378002,
                        0.7014810380973313,
                        0.6062759549076736,
                        -1.9884324957525092,
                        9.204376807900346e-08,
                        -1.8853892348359016,
                        4.05425872641667,
                        -0.6394301005976043
                    ],
                    [
                        0.7014810380973313,
                        1.493717328580867,
                        0.42424207237065886,
                        -2.361444254589373,
                        -1.560585003142758e-07,
                        -1.23091494645465,
                        3.727652194206432,
                        -0.8704917126522966
                    ],
                    [
                        0.6062759549076737,
                        0.42424207237065886,
                        1.3700836557028944,
                        -2.091444920023261,
                        4.420743554356053e-08,
                        -2.598008956288437,
                        4.9244463072529,
                        -1.4525437814674398
                    ],
                    [
                        -1.9884324957525092,
                        -2.361444254589373,
                        -2.0914449200232617,
                        6.67396262080451,
                        -2.3786201625384185e-07,
                        5.501986406512713,
                        -12.407788486941342,
                        2.4885577351583947
                    ],
                    [
                        9.204376807900347e-08,
                        -1.5605850031427587e-07,
                        4.420743554356046e-08,
                        -2.3786201625384182e-07,
                        1.0077087227864188e-06,
                        -3.097398744921404e-07,
                        2.711350652988559e-07,
                        2.7244174012920655e-07
                    ],
                    [
                        -1.8853892348359016,
                        -1.2309149464546503,
                        -2.598008956288437,
                        5.501986406512713,
                        -3.0973987449214037e-07,
                        6.983428332044058,
                        -12.467511387323091,
                        2.605240158857897
                    ],
                    [
                        4.05425872641667,
                        3.727652194206432,
                        4.9244463072529,
                        -12.407788486941342,
                        2.7113506529885575e-07,
                        -12.467511387323091,
                        26.356332744326437,
                        -6.252247806512838
                    ],
                    [
                        -0.6394301005976043,
                        -0.8704917126522966,
                        -1.4525437814674398,
                        2.4885577351583947,
                        2.7244174012920686e-07,
                        2.6052401588578964,
                        -6.252247806512838,
                        3.477056561208242
                    ]
                ]
            },
            "est_tgt": [
                2,
                3,
                4,
                5,
                6,
                7
            ],
            "oracle_est_tgt": [
                1,
                3,
                4,
                5,
                6,
                7
            ]
        },
        "3": {
            "intv_type": "do",
            "inode": 3,
            "new_mui": 1.0,
            "new_vari": null,
            "noise_type": "gaussian",
            "obs_noise_gamma_shape": null,
            "true_params": {
                "Si": [
                    [
                        1.0,
                        0.7028020078888672,
                        0.6115164982698902,
                        0.0,
                        -0.06975134932901284,
                        -0.8384581346799753,
                        1.454363302889809,
                        -0.9083869988233741
                    ],
                    [
                        0.7028020078888672,
                        1.4939306622926232,
                        0.4297750228412478,
                        0.0,
                        -0.7954049516794305,
                        -0.46420716761382275,
                        0.4270230750721462,
                        -1.1543885138999608
                    ],
                    [
                        0.6115164982698902,
                        0.4297750228412478,
                        1.3739524276562687,
                        0.0,
                        0.7010846517227638,
                        -0.973427531513594,
                        2.4122610856989417,
                        -1.7682591396184266
                    ],
                    [
                        0.0,
                        0.0,
                        0.0,
                        1e-09,
                        -8.649996711963452e-10,
                        -2.919352432021627e-11,
                        -1.5563388703603196e-09,
                        -9.279390283866463e-11
                    ],
                    [
                        -0.06975134932901284,
                        -0.7954049516794305,
                        0.7010846517227638,
                        -8.649996711963452e-10,
                        2.115101007212671,
                        0.2960696373330997,
                        1.7685589426922494,
                        -0.5003867435089918
                    ],
                    [
                        -0.8384581346799753,
                        -0.46420716761382275,
                        -0.973427531513594,
                        -2.919352432021627e-11,
                        0.2960696373330997,
                        2.3845890302946104,
                        -2.3973071572282505,
                        1.1910279425597396
                    ],
                    [
                        1.454363302889809,
                        0.4270230750721462,
                        2.4122610856989417,
                        -1.5563388703603196e-09,
                        1.7685589426922494,
                        -2.3973071572282505,
                        6.233711217395062,
                        -3.7194902566847
                    ],
                    [
                        -0.9083869988233741,
                        -1.1543885138999608,
                        -1.7682591396184266,
                        -9.279390283866463e-11,
                        -0.5003867435089918,
                        1.1910279425597396,
                        -3.7194902566847,
                        4.3131688019110355
                    ]
                ],
                "mui": [
                    0.0,
                    0.0,
                    0.0,
                    1.0,
                    -0.8649996711963451,
                    -0.02919352432021627,
                    -1.5563388703603196,
                    -0.09279390283866462
                ],
                "Ai": [
                    [
                        0.0,
                        0.0,
                        0.0,
                        0.0,
                        0.0,
                        0.0,
                        0.0,
                        0.0
                    ],
                    [
                        0.7028020078888672,
                        0.0,
                        0.0,
                        0.0,
                        0.0,
                        0.0,
                        0.0,
                        0.0
                    ],
                    [
                        0.6115164982698902,
                        0.0,
                        0.0,
                        0.0,
                        0.0,
                        0.0,
                        0.0,
                        0.0
                    ],
                    [
                        0.0,
                        0.0,
                        0.0,
                        0.0,
                        0.0,
                        0.0,
                        0.0,
                        0.0
                    ],
                    [
                        0.0,
                        -0.7463835633180425,
                        0.7437387526140415,
                        -0.8649996711963451,
                        0.0,
                        0.0,
                        0.0,
                        0.0
                    ],
                    [
                        -0.6446290465327218,
                        0.6278035856038277,
                        -0.9616557796689527,
                        0.5534432795933834,
                        0.6735688154745525,
                        0.0,
                        0.0,
                        0.0
                    ],
                    [
                        0.5549718928173742,
                        0.0,
                        0.728468582293993,
                        -0.9710233221216882,
                        0.6968935542277663,
                        -0.5993502817719887,
                        0.0,
                        0.0
                    ],
                    [
                        0.6543196894745805,
                        -0.5301030125292194,
                        -0.5799591390709616,
                        -0.9545811514626505,
                        0.5780905756182146,
                        -0.5514736990162825,
                        -0.8646805469169414,
                        0.0
                    ]
                ]
            },
            "est_params": {
                "mui": [
                    0.0002080679242175138,
                    -0.0015529020659136254,
                    -0.0016161959370774893,
                    0.9999999163180682,
                    -0.8656733824819635,
                    -0.029509929468989553,
                    -1.5581864841844653,
                    -0.09055208280681279
                ],
                "Si": [
                    [
                        0.9949951168746382,
                        0.7003599436865883,
                        0.6053212452338227,
                        1.6228363029588884e-07,
                        -0.07442954430026048,
                        -0.8352568242767087,
                        1.4408750476602623,
                        -0.8995070245384709
                    ],
                    [
                        0.7003599436865883,
                        1.4940874360211633,
                        0.4258092445683064,
                        5.705040783245077e-08,
                        -0.8023953802862036,
                        -0.46305040751337917,
                        0.4192269480170899,
                        -1.1565079538069314
                    ],
                    [
                        0.6053212452338227,
                        0.4258092445683064,
                        1.3672946848641119,
                        -9.175221606334811e-08,
                        0.7006029688520621,
                        -0.9668349182592973,
                        2.396416815434941,
                        -1.7577215660955672
                    ],
                    [
                        1.6228363029588892e-07,
                        5.7050407832450804e-08,
                        -9.17522160633481e-08,
                        1.006732426551832e-06,
                        -9.641092638472857e-09,
                        -1.42595777499691e-07,
                        2.789016736321604e-07,
                        -6.320902508340868e-08
                    ],
                    [
                        -0.07442954430026048,
                        -0.8023953802862036,
                        0.7006029688520623,
                        -9.641092638472873e-09,
                        2.1283117108346907,
                        0.3025657889616272,
                        1.763543497976391,
                        -0.4892987847612805
                    ],
                    [
                        -0.8352568242767087,
                        -0.46305040751337917,
