{
    "expt_args": {
        "save_dir": "all_expt_logs/expt_logs_sim_compsel_backward_cameraready_half",
        "exp_name": "102",
        "num_nodes": 4,
        "num_tgt_prior": 5,
        "obs_noise_mean": 0.0,
        "obs_noise_var": 1.0,
        "obs_noise_gamma_shape": null,
        "noise_type": "gaussian",
        "max_edge_strength": 1.0,
        "graph_sparsity_method": "adj_dense_prop",
        "adj_dense_prop": 0.8,
        "num_parents": null,
        "new_noise_mean": 1.0,
        "mix_samples": 8192,
        "stage2_samples": 8192,
        "gmm_tol": 0.001,
        "intv_type": "do",
        "new_noise_var": null,
        "dtype": "simulation",
        "cutoff_drop_ratio": 0.07,
        "intv_targets": [
            1,
            3
        ]
    },
    "intv_args_dict": {
        "1": {
            "intv_type": "do",
            "inode": 1,
            "new_mui": 1.0,
            "new_vari": null,
            "noise_type": "gaussian",
            "obs_noise_gamma_shape": null,
            "true_params": {
                "Si": [
                    [
                        1.0,
                        0.0,
                        -0.5836005932699426,
                        -0.5024427742104984
                    ],
                    [
                        0.0,
                        1e-09,
                        7.826637785648859e-10,
                        1.4282564241919085e-09
                    ],
                    [
                        -0.5836005932699426,
                        7.826637785648859e-10,
                        1.3405896530775916,
                        1.1541619259513576
                    ],
                    [
                        -0.5024427742104984,
                        1.4282564241919085e-09,
                        1.1541619259513576,
                        1.9936595803351838
                    ]
                ],
                "mui": [
                    0.0,
                    1.0,
                    0.7826637785648859,
                    1.4282564241919085
                ],
                "Ai": [
                    [
                        0.0,
                        0.0,
                        0.0,
                        0.0
                    ],
                    [
                        0.0,
                        0.0,
                        0.0,
                        0.0
                    ],
                    [
                        -0.5836005932699426,
                        0.7826637785648859,
                        0.0,
                        0.0
                    ],
                    [
                        0.0,
                        0.75443298276453,
                        0.8609360237200703,
                        0.0
                    ]
                ]
            },
            "est_params": {
                "mui": [
                    0.026427358137491835,
                    1.000000284632845,
                    0.7684273953829696,
                    1.423058462868673
                ],
                "Si": [
                    [
                        0.9812922031788857,
                        -6.784540662351822e-07,
                        -0.5601876483178546,
                        -0.5309303739295802
                    ],
                    [
                        -6.784540662351818e-07,
                        1.0109516506519853e-06,
                        -8.942079814771538e-08,
                        4.120424463621185e-07
                    ],
                    [
                        -0.5601876483178546,
                        -8.942079814771586e-08,
                        1.3168274805445197,
                        1.147406572536381
                    ],
                    [
                        -0.5309303739295801,
                        4.120424463621185e-07,
                        1.147406572536381,
                        1.9972086724217109
                    ]
                ]
            },
            "est_tgt": [
                1
            ],
            "oracle_est_tgt": [
                1
            ]
        },
        "3": {
            "intv_type": "do",
            "inode": 3,
            "new_mui": 1.0,
            "new_vari": null,
            "noise_type": "gaussian",
            "obs_noise_gamma_shape": null,
            "true_params": {
                "Si": [
                    [
                        1.0,
                        -0.9977180096202983,
                        -1.3644783406216026,
                        0.0
                    ],
                    [
                        -0.9977180096202983,
                        1.9954412267206898,
                        2.1440283927398784,
                        0.0
                    ],
                    [
                        -1.3644783406216026,
                        2.1440283927398784,
                        3.474363732302947,
                        0.0
                    ],
                    [
                        0.0,
                        0.0,
                        0.0,
                        1e-09
                    ]
                ],
                "mui": [
                    0.0,
                    0.0,
                    0.0,
                    1.0
                ],
                "Ai": [
                    [
                        0.0,
                        0.0,
                        0.0,
                        0.0
                    ],
                    [
                        -0.9977180096202983,
                        0.0,
                        0.0,
                        0.0
                    ],
                    [
                        -0.5836005932699426,
                        0.7826637785648859,
                        0.0,
                        0.0
                    ],
                    [
                        0.0,
                        0.0,
                        0.0,
                        0.0
                    ]
                ]
            },
            "est_params": {
                "mui": [
                    0.0008708613901069333,
                    0.018528729495477604,
                    0.0061674337907214214,
                    1.0000013926854558
                ],
                "Si": [
                    [
                        0.9977253028383583,
                        -0.9846876026006228,
                        -1.384226522141177,
                        1.782686149779717e-08
                    ],
                    [
                        -0.9846876026006228,
                        2.0088850744830964,
                        2.1993668258560257,
                        3.7722323047884594e-07
                    ],
                    [
                        -1.384226522141177,
                        2.1993668258560257,
                        3.532444080263292,
                        2.16243674298187e-06
                    ],
                    [
                        1.782686149779709e-08,
                        3.772232304788464e-07,
                        2.16243674298187e-06,
                        1.0035642648958913e-06
                    ]
                ]
            },
            "est_tgt": [
                3
            ],
            "oracle_est_tgt": [
                3
            ]
        },
        "obs": {
            "intv_type": "obs",
            "noise_type": "gaussian",
            "obs_noise_gamma_shape": null,
            "true_params": {
                "Si": [
                    [
                        1.0,
                        -0.9977180096202983,
                        -1.3644783406216026,
                        -1.9274399309826538
                    ],
                    [
                        -0.9977180096202983,
                        1.9954412267206898,
                        2.1440283927398784,
                        3.3512979557946068
                    ],
                    [
                        -1.3644783406216026,
                        2.1440283927398784,
                        3.474363732302947,
                        4.608730632112709
                    ],
                    [
                        -1.9274399309826538,
                        3.3512979557946068,
                        4.608730632112709,
                        7.496151937730799
                    ]
                ],
                "mui": [
                    0.0,
                    0.0,
                    0.0,
                    0.0
                ],
                "Ai": [
                    [
                        0.0,
                        0.0,
                        0.0,
                        0.0
                    ],
                    [
                        -0.9977180096202983,
                        0.0,
                        0.0,
                        0.0
                    ],
                    [
                        -0.5836005932699426,
                        0.7826637785648859,
                        0.0,
                        0.0
                    ],
                    [
                        0.0,
                        0.75443298276453,
                        0.8609360237200703,
                        0.0
                    ]
                ]
            },
            "est_params": {
                "mui": [
                    -0.010996188853052308,
                    0.0007695165440328236,
                    -0.022568308333864726,
                    -0.010254344673265678
                ],
                "Si": [
                    [
                        1.0365368396478956,
                        -1.0424298822861637,
                        -1.4311982162678252,
                        -2.037915649097343
                    ],
                    [
                        -1.0424298822861637,
                        2.043113383631182,
                        2.1978835432708013,
                        3.4910379658500066
                    ],
                    [
                        -1.4311982162678252,
                        2.1978835432708013,
                        3.5764344344557353,
                        4.783396517294778
                    ],
                    [
                        -2.037915649097343,
                        3.4910379658500066,
                        4.783396517294778,
                        7.841627448311876
                    ]
                ]
            },
            "est_tgt": [
                0,
                1,
                2,
                3
            ],
            "oracle_est_tgt": [
                0,
                1,
                2,
                3
            ]
        }
    },
    "metric_dict": {
        "param_est_rel_err": 2.241484276565272,
        "est_num_comp": 3,
        "weight_precision_error": 0.0004539484238800795,
        "gm_score_dict": {
            "1": -6.085185022141764,
            "2": -4.142340140783132,
            "3": -1.8372963628258256,
            "4": -1.8371947185375825,
            "5": -1.837182448638459
        },
        "est_dag": {
            "amat": [
                [
                    0,
                    1,
                    1,
                    0
                ],
                [
                    0,
                    0,
                    1,
                    1
                ],
                [
                    0,
                    0,
                    0,
                    1
                ],
                [
                    0,
                    0,
                    0,
                    0
                ]
            ],
            "nodes": [
                0,
                1,
                2,
                3
            ]
        },
        "oracle_est_dag": {
            "amat": [
                [
                    0,
                    1,
                    1,
                    0
                ],
                [
                    0,
                    0,
                    1,
                    1
                ],
                [
                    0,
                    0,
                    0,
                    1
                ],
                [
                    0,
                    0,
                    0,
                    0
                ]
            ],
            "nodes": [
                0,
                1,
                2,
                3
            ]
        },
        "igsp_dag": null,
        "intv_base_est_dag": null,
        "act_dag": {
            "amat": [
                [
                    0,
                    1,
                    1,
                    0
                ],
                [
                    0,
                    0,
                    1,
                    1
                ],
                [
                    0,
                    0,
                    0,
                    1
                ],
                [
                    0,
                    0,
                    0,
                    0
                ]
            ],
            "nodes": [
                0,
                1,
                2,
                3
            ]
        },
        "shd": 0,
        "oracle_shd": 0,
        "intv_base_shd": null,
        "igsp_shd": null,
        "avg_js": 0.6666666666666666,
        "avg_oracle_js": 0.6666666666666666
    }
}