{
    "expt_args": {
        "save_dir": "all_expt_logs/expt_logs_sim_compsel_backward_cameraready_half",
        "exp_name": "259",
        "num_nodes": 8,
        "num_tgt_prior": 9,
        "obs_noise_mean": 0.0,
        "obs_noise_var": 1.0,
        "obs_noise_gamma_shape": null,
        "noise_type": "gaussian",
        "max_edge_strength": 1.0,
        "graph_sparsity_method": "adj_dense_prop",
        "adj_dense_prop": 0.8,
        "num_parents": null,
        "new_noise_mean": 1.0,
        "mix_samples": 65536,
        "stage2_samples": 65536,
        "gmm_tol": 0.001,
        "intv_type": "do",
        "new_noise_var": null,
        "dtype": "simulation",
        "cutoff_drop_ratio": 0.07,
        "intv_targets": [
            1,
            5,
            3,
            2
        ]
    },
    "intv_args_dict": {
        "1": {
            "intv_type": "do",
            "inode": 1,
            "new_mui": 1.0,
            "new_vari": null,
            "noise_type": "gaussian",
            "obs_noise_gamma_shape": null,
            "true_params": {
                "Si": [
                    [
                        1.0,
                        0.0,
                        -0.9935744265983695,
                        0.02591029829864122,
                        0.08795736942245379,
                        1.663757646587833,
                        0.6744530497412055,
                        -0.9405875877656387
                    ],
                    [
                        0.0,
                        1e-09,
                        0.0,
                        0.0,
                        9.987692937187197e-10,
                        -5.386126784984106e-10,
                        -2.8162167347072997e-11,
                        3.8487091599258254e-10
                    ],
                    [
                        -0.9935744265983695,
                        0.0,
                        1.9871901411902786,
                        0.8789258375680796,
                        -1.281064671038245,
                        -2.3961246659184714,
                        0.4716648751232516,
                        2.163836410292014
                    ],
                    [
                        0.02591029829864122,
                        0.0,
                        0.8789258375680796,
                        1.8190985143818945,
                        -1.6722917382436027,
                        -0.9925578085423821,
                        1.6192533298780143,
                        1.6966049682588822
                    ],
                    [
                        0.08795736942245379,
                        9.987692937187197e-10,
                        -1.281064671038245,
                        -1.6722917382436027,
                        2.786248441394908,
                        0.7101682056896934,
                        -2.598408405268635,
                        -2.3282941575295086
                    ],
                    [
                        1.663757646587833,
                        -5.386126784984106e-10,
                        -2.3961246659184714,
                        -0.9925578085423821,
                        0.7101682056896934,
                        4.743135103176913,
                        0.5828072785421232,
                        -3.003524538134358
                    ],
                    [
                        0.6744530497412055,
                        -2.8162167347072997e-11,
                        0.4716648751232516,
                        1.6192533298780143,
                        -2.598408405268635,
                        0.5828072785421232,
                        3.9970882772666463,
                        1.5135669841927786
                    ],
                    [
                        -0.9405875877656387,
                        3.8487091599258254e-10,
                        2.163836410292014,
                        1.6966049682588822,
                        -2.3282941575295086,
                        -3.003524538134358,
                        1.5135669841927786,
                        4.218808968010748
                    ]
                ],
                "mui": [
                    0.0,
                    1.0,
                    0.0,
                    0.0,
                    0.9987692937187196,
                    -0.5386126784984105,
                    -0.028162167347072997,
                    0.3848709159925825
                ],
                "Ai": [
                    [
                        0.0,
                        0.0,
                        0.0,
                        0.0,
                        0.0,
                        0.0,
                        0.0,
                        0.0
                    ],
                    [
                        0.0,
                        0.0,
                        0.0,
                        0.0,
                        0.0,
                        0.0,
                        0.0,
                        0.0
                    ],
                    [
                        -0.9935744265983695,
                        -0.0,
                        0.0,
                        0.0,
                        0.0,
                        0.0,
                        0.0,
                        0.0
                    ],
                    [
                        0.9247669244185555,
                        0.0,
                        0.9046696473431448,
                        0.0,
                        0.0,
                        0.0,
                        0.0,
                        0.0
                    ],
                    [
                        -0.5480940675964299,
                        0.9987692937187196,
                        -0.6556731465941392,
                        -0.5946914800724212,
                        0.0,
                        0.0,
                        0.0,
                        0.0
                    ],
                    [
                        0.9660019620653858,
                        -0.0,
                        -0.7678493576171603,
                        -0.6841476560837019,
                        -0.5392763693134708,
                        0.0,
                        0.0,
                        0.0
                    ],
                    [
                        0.7585869596040618,
                        0.9271911621497058,
                        -0.0,
                        -0.0,
                        -0.956530537637686,
                        0.0,
                        0.0,
                        0.0
                    ],
                    [
                        0.0,
                        0.800457508024349,
                        0.0,
                        0.0,
                        -0.7009878195403865,
                        -0.5282803928590594,
                        -0.0,
                        0.0
                    ]
                ]
            },
            "est_params": {
                "mui": [
                    0.002991147299077536,
                    1.0000015630369508,
                    -0.0029324215484046482,
                    -0.0031000284004418063,
                    0.9977404700656193,
                    -0.5444746122616797,
                    -0.023665339510982337,
                    0.3963735072808559
                ],
                "Si": [
                    [
                        0.9948444282065406,
                        1.1425016052153675e-06,
                        -0.976847266481571,
                        0.014636343598872,
                        0.08472904671653565,
                        1.638817663142337,
                        0.6778780084646784,
                        -0.9290638251440282
                    ],
                    [
                        1.1425016052153675e-06,
                        1.00875194783199e-06,
                        -1.5460016569927294e-06,
                        -6.845060389471283e-07,
                        1.0611769273719205e-06,
                        2.7888151254474367e-06,
                        -5.6544040449747e-07,
                        -2.025317113287243e-06
                    ],
                    [
                        -0.976847266481571,
                        -1.5460016569927296e-06,
                        1.9853582661399412,
                        0.923635956834895,
                        -1.3090088543803635,
                        -2.382643354207918,
                        0.5123858372164098,
                        2.1881875998161804
                    ],
                    [
                        0.014636343598872002,
                        -6.845060389471283e-07,
                        0.923635956834895,
                        1.869513277598943,
                        -1.7219297191979313,
                        -1.044287469096009,
                        1.6789197838871845,
                        1.7589758803792561
                    ],
                    [
                        0.08472904671653562,
                        1.0611769273719205e-06,
                        -1.3090088543803633,
                        -1.7219297191979313,
                        2.8198612975144104,
                        0.7401233501788601,
                        -2.6546041046979814,
                        -2.3547401652120152
                    ],
                    [
                        1.638817663142337,
                        2.7888151254474367e-06,
                        -2.382643354207918,
                        -1.0442874690960087,
                        0.7401233501788601,
                        4.717387270318611,
                        0.5245985983562216,
                        -3.0342510424203475
                    ],
                    [
                        0.6778780084646784,
                        -5.654404044974702e-07,
                        0.5123858372164098,
                        1.6789197838871845,
                        -2.6546041046979814,
                        0.5245985983562217,
                        4.093336894566201,
                        1.5647364617906272
                    ],
                    [
                        -0.9290638251440282,
                        -2.0253171132872433e-06,
                        2.1881875998161804,
                        1.758975880379256,
                        -2.3547401652120152,
                        -3.0342510424203475,
                        1.5647364617906274,
                        4.250024408460031
                    ]
                ]
            },
            "est_tgt": [
                1
            ],
            "oracle_est_tgt": [
                1
            ]
        },
        "5": {
            "intv_type": "do",
            "inode": 5,
            "new_mui": 1.0,
            "new_vari": null,
            "noise_type": "gaussian",
            "obs_noise_gamma_shape": null,
            "true_params": {
                "Si": [
                    [
                        1.0,
                        0.6275375967819592,
                        -0.9935744265983695,
                        0.02591029829864122,
                        0.7147226517423139,
                        0.0,
                        0.6567802309240517,
                        0.0013053076907081351
                    ],
                    [
                        0.6275375967819592,
                        1.3938034353748767,
                        -0.6235053078915539,
                        0.016259686326232998,
                        1.4472846289587205,
                        0.0,
                        0.3839921203809066,
                        0.10115152824785995
                    ],
                    [
                        -0.9935744265983695,
                        -0.6235053078915539,
                        1.9871901411902786,
                        0.8789258375680796,
                        -1.9038026270309651,
                        0.0,
                        0.489224135945882,
                        0.8354529473628681
                    ],
                    [
                        0.02591029829864122,
                        0.016259686326232998,
                        0.8789258375680796,
                        1.8190985143818945,
                        -1.6560520628154631,
                        0.0,
                        1.6187954218706841,
                        1.1738875125563246
                    ],
                    [
                        0.7147226517423139,
                        1.4472846289587205,
                        -1.9038026270309651,
                        -1.6560520628154631,
                        4.286880512550605,
                        0.0,
                        -2.2164433210275525,
                        -1.8465611756247806
                    ],
                    [
                        0.0,
                        0.0,
                        0.0,
                        0.0,
                        0.0,
                        1e-09,
                        0.0,
                        -5.282803928590594e-10
                    ],
                    [
                        0.6567802309240517,
                        0.3839921203809066,
                        0.489224135945882,
                        1.6187954218706841,
                        -2.2164433210275525,
                        0.0,
                        3.9743547403629753,
                        1.8610691465230431
                    ],
                    [
                        0.0013053076907081351,
                        0.10115152824785995,
                        0.8354529473628681,
                        1.1738875125563246,
                        -1.8465611756247806,
                        -5.282803928590594e-10,
                        1.8610691465230431,
                        2.3753843926623643
                    ]
                ],
                "mui": [
                    0.0,
                    0.0,
                    0.0,
                    0.0,
                    0.0,
                    1.0,
                    0.0,
                    -0.5282803928590594
                ],
                "Ai": [
                    [
                        0.0,
                        0.0,
                        0.0,
                        0.0,
                        0.0,
                        0.0,
                        0.0,
                        0.0
                    ],
                    [
                        0.6275375967819592,
                        0.0,
                        0.0,
                        0.0,
                        0.0,
                        0.0,
                        0.0,
                        0.0
                    ],
                    [
                        -0.9935744265983695,
                        -0.0,
                        0.0,
                        0.0,
                        0.0,
                        0.0,
                        0.0,
                        0.0
                    ],
                    [
                        0.9247669244185555,
                        0.0,
                        0.9046696473431448,
                        0.0,
                        0.0,
                        0.0,
                        0.0,
                        0.0
                    ],
                    [
                        -0.5480940675964299,
                        0.9987692937187196,
                        -0.6556731465941392,
                        -0.5946914800724212,
                        0.0,
                        0.0,
                        0.0,
                        0.0
                    ],
                    [
                        0.0,
                        0.0,
                        0.0,
                        0.0,
                        0.0,
                        0.0,
                        0.0,
                        0.0
                    ],
                    [
                        0.7585869596040618,
                        0.9271911621497058,
                        -0.0,
                        -0.0,
                        -0.956530537637686,
                        0.0,
                        0.0,
                        0.0
                    ],
                    [
                        0.0,
                        0.800457508024349,
                        0.0,
                        0.0,
                        -0.7009878195403865,
                        -0.5282803928590594,
                        -0.0,
                        0.0
                    ]
                ]
            },
            "est_params": {
                "mui": [
                    -0.0008358667031209553,
                    0.0011860629537292276,
                    -0.005341460217386711,
                    -0.020304480651563005,
                    0.01174406600945277,
                    1.0000009102017196,
                    0.005187579465594283,
                    -0.5323949081569156
                ],
                "Si": [
                    [
                        1.0014144285874986,
                        0.6314379462686674,
                        -0.9999897520359264,
                        0.005043904389067488,
                        0.7138720813666675,
                        8.60475498724823e-07,
                        0.6534863852279869,
                        0.006943497568294537
                    ],
                    [
                        0.6314379462686674,
                        1.3805611897171632,
                        -0.6383549787997144,
                        -0.004691851486395521,
                        1.439466287575246,
                        -7.922767276414314e-07,
                        0.3761148301958379,
                        0.10752982836510734
                    ],
                    [
                        -0.9999897520359264,
                        -0.6383549787997144,
                        2.0084833080914444,
                        0.9027981632362126,
                        -1.9274648285509415,
                        -1.2241602979072387e-06,
                        0.4929471216848018,
                        0.8413882008255799
                    ],
                    [
                        0.0050439043890674875,
                        -0.004691851486395522,
                        0.9027981632362126,
                        1.8160152645584773,
                        -1.6894913503269828,
                        7.508717242462282e-07,
                        1.6137843411214827,
                        1.1856345537363038
                    ],
                    [
                        0.7138720813666675,
                        1.4394662875752462,
                        -1.9274648285509415,
                        -1.6894913503269828,
                        4.306241496265647,
                        4.853479034693558e-07,
                        -2.2465864629876577,
                        -1.8552093927974467
                    ],
                    [
                        8.604754987248233e-07,
                        -7.922767276414319e-07,
                        -1.224160297907239e-06,
                        7.508717242462286e-07,
                        4.853479034693555e-07,
                        1.0131591256263124e-06,
                        -1.2346235409850676e-06,
                        -1.089995406652049e-06
                    ],
                    [
                        0.6534863852279869,
                        0.37611483019583786,
                        0.4929471216848018,
                        1.6137843411214827,
                        -2.2465864629876573,
                        -1.2346235409850678e-06,
                        3.992656022581443,
                        1.8956953513393309
                    ],
                    [
                        0.006943497568294537,
                        0.10752982836510735,
                        0.8413882008255799,
                        1.1856345537363038,
                        -1.8552093927974467,
                        -1.0899954066520487e-06,
                        1.8956953513393306,
                        2.3957053177211436
                    ]
                ]
            },
            "est_tgt": [
                2,
                5
            ],
            "oracle_est_tgt": [
                2,
                5
            ]
        },
        "3": {
            "intv_type": "do",
            "inode": 3,
            "new_mui": 1.0,
            "new_vari": null,
            "noise_type": "gaussian",
            "obs_noise_gamma_shape": null,
            "true_params": {
                "Si": [
                    [
                        1.0,
                        0.6275375967819592,
                        -0.9935744265983695,
                        0.0,
                        0.7301312853866507,
                        1.3351748985682916,
                        0.6420414022999721,
                        -0.714842676760944
                    ],
                    [
                        0.6275375967819592,
                        1.3938034353748767,
                        -0.6235053078915539,
                        0.0,
                        1.4569541258855812,
                        0.2992597686327313,
                        0.37474295128677054,
                        -0.0637197394591632
                    ],
                    [
                        -0.9935744265983695,
                        -0.6235053078915539,
                        1.9871901411902786,
                        0.0,
                        -1.3811129198137113,
                        -1.7408559579190603,
                        -0.010744530716322531,
                        1.3887138985649576
                    ],
                    [
                        0.0,
                        0.0,
                        0.0,
                        1e-09,
                        -5.946914800724212e-10,
                        -3.6344459384859233e-10,
                        5.688405611622244e-10,
                        6.088721367360474e-10
                    ],
                    [
                        0.7301312853866507,
                        1.4569541258855812,
                        -1.3811129198137113,
                        -5.946914800724212e-10,
                        2.96053907149407,
                        0.16924616124540637,
                        -0.9271029686816732,
                        -0.9984813880311936
                    ],
                    [
                        1.3351748985682916,
                        0.2992597686327313,
                        -1.7408559579190603,
                        -3.6344459384859233e-10,
                        0.16924616124540637,
                        3.535226245601564,
                        1.128428157898633,
                        -1.7466854787573503
                    ],
                    [
                        0.6420414022999721,
                        0.37474295128677054,
                        -0.010744530716322531,
                        5.688405611622244e-10,
                        -0.9271029686816732,
                        1.128428157898633,
                        2.721304888900231,
                        0.35372722687436914
                    ],
                    [
                        -0.714842676760944,
                        -0.0637197394591632,
                        1.3887138985649576,
                        6.088721367360474e-10,
                        -0.9984813880311936,
                        -1.7466854787573503,
                        0.35372722687436914,
                        2.5716580381073495
                    ]
                ],
                "mui": [
                    0.0,
                    0.0,
                    0.0,
                    1.0,
                    -0.5946914800724212,
                    -0.3634445938485923,
                    0.5688405611622244,
                    0.6088721367360473
                ],
                "Ai": [
                    [
                        0.0,
                        0.0,
                        0.0,
                        0.0,
                        0.0,
                        0.0,
                        0.0,
                        0.0
                    ],
                    [
                        0.6275375967819592,
                        0.0,
                        0.0,
                        0.0,
                        0.0,
                        0.0,
                        0.0,
                        0.0
                    ],
                    [
                        -0.9935744265983695,
                        -0.0,
                        0.0,
                        0.0,
                        0.0,
                        0.0,
                        0.0,
                        0.0
                    ],
                    [
                        0.0,
                        0.0,
                        0.0,
                        0.0,
                        0.0,
                        0.0,
                        0.0,
                        0.0
                    ],
                    [
                        -0.5480940675964299,
                        0.9987692937187196,
                        -0.6556731465941392,
                        -0.5946914800724212,
                        0.0,
                        0.0,
                        0.0,
                        0.0
                    ],
                    [
                        0.9660019620653858,
                        -0.0,
                        -0.7678493576171603,
                        -0.6841476560837019,
                        -0.5392763693134708,
                        0.0,
                        0.0,
                        0.0
                    ],
                    [
                        0.7585869596040618,
                        0.9271911621497058,
                        -0.0,
                        -0.0,
                        -0.956530537637686,
                        0.0,
                        0.0,
                        0.0
                    ],
                    [
                        0.0,
                        0.800457508024349,
                        0.0,
                        0.0,
                        -0.7009878195403865,
                        -0.5282803928590594,
                        -0.0,
                        0.0
                    ]
                ]
            },
            "est_params": {
                "mui": [
                    -0.009213143977136908,
                    -0.023045038497390525,
                    0.011980425974775628,
                    1.0000000163542564,
                    -0.6147777334382261,
                    -0.3715459548788952,
                    0.575116449569399,
                    0.6069784947173665
                ],
                "Si": [
                    [
                        1.0007018148370213,
                        0.6115774049680663,
                        -0.9941976769146033,
                        -1.8616953341616334e-08,
                        0.7126994409051233,
                        1.3423182465841814,
                        0.6568789905821679,
                        -0.7152830769801014
                    ],
                    [
                        0.6115774049680663,
                        1.3704646111405538,
                        -0.6069969434983856,
                        5.987625039160501e-07,
                        1.423665660845874,
                        0.287310748658605,
                        0.38982575125610336,
                        -0.046596313191212435
                    ],
                    [
                        -0.9941976769146033,
                        -0.6069969434983856,
                        1.9655326184719293,
                        -1.7121638794752535e-07,
                        -1.3340965387051087,
                        -1.7440733770731525,
                        -0.040518748680780765,
                        1.3721383964456024
                    ],
                    [
                        -1.8616953341616466e-08,
                        5.987625039160497e-07,
                        -1.7121638794752538e-07,
                        1.00923706327687e-06,
                        -2.6296457927121053e-07,
                        -1.0271616552399461e-07,
                        1.2322868054471465e-06,
                        1.473439022159599e-06
                    ],
                    [
                        0.7126994409051233,
                        1.423665660845874,
                        -1.3340965387051087,
                        -2.6296457927121043e-07,
                        2.8868263136262065,
                        0.16207332826313015,
                        -0.8857344877229599,
                        -0.9639610279077894
                    ],
                    [
                        1.3423182465841814,
                        0.287310748658605,
                        -1.7440733770731522,
                        -1.0271616552399464e-07,
                        0.16207332826313015,
                        3.5145630964636076,
                        1.1356579888963028,
                        -1.7484611341098437
                    ],
                    [
                        0.6568789905821679,
                        0.38982575125610336,
                        -0.04051874868078076,
                        1.2322868054471465e-06,
                        -0.8857344877229599,
                        1.1356579888963028,
                        2.704923906642125,
                        0.31422813889414125
                    ],
                    [
                        -0.7152830769801014,
                        -0.046596313191212435,
                        1.372138396445602,
                        1.4734390221595984e-06,
                        -0.963961027907789,
                        -1.7484611341098437,
                        0.31422813889414125,
                        2.5634929015784795
                    ]
                ]
            },
            "est_tgt": [
                2,
                3,
                4,
                5
            ],
            "oracle_est_tgt": [
                2,
                3,
                4,
                5
            ]
        },
        "2": {
            "intv_type": "do",
            "inode": 2,
            "new_mui": 1.0,
            "new_vari": null,
            "noise_type": "gaussian",
            "obs_noise_gamma_shape": null,
            "true_params": {
                "Si": [
                    [
                        1.0,
                        0.6275375967819592,
                        0.0,
                        0.9247669244185555,
                        -0.4712797962810615,
                        0.5874748957699402,
                        1.7912277901714626,
                        0.5223271089679957
                    ],
                    [
                        0.6275375967819592,
                        1.3938034353748767,
                        0.0,
                        0.580326013333064,
                        0.7030235029486109,
                        -0.1699500942372103,
                        1.0959006153861863,
                        0.7126508146884271
                    ],
                    [
                        0.0,
                        0.0,
                        1e-09,
                        9.046696473431449e-10,
                        -1.1936724781492295e-09,
                        -7.430576162113125e-10,
                        1.1417841772873914e-09,
                        1.2292926371122262e-09
                    ],
                    [
                        0.9247669244185555,
                        0.580326013333064,
                        9.046696473431449e-10,
                        1.8551938653169815,
                        -1.030515448899741,
                        0.179832758013465,
                        2.225308776645071,
                        1.0919029719489202
                    ],
                    [
                        -0.4712797962810615,
                        0.7030235029486109,
                        -1.1936724781492295e-09,
                        -1.030515448899741,
                        2.5733027063536897,
                        -1.1379538186768645,
                        -2.1671121502791997,
                        -0.6399547215053739
                    ],
                    [
                        0.5874748957699402,
                        -0.1699500942372103,
                        -7.430576162113125e-10,
                        0.179832758013465,
                        -1.1379538186768645,
                        2.0581413464489557,
                        1.3765621476284198,
                        -0.4256217818911969
                    ],
                    [
                        1.7912277901714626,
                        1.0959006153861863,
                        1.1417841772873914e-09,
                        2.225308776645071,
                        -2.1671121502791997,
                        1.3765621476284198,
                        5.447820358712692,
                        1.6691303044140195
                    ],
                    [
                        0.5223271089679957,
                        0.7126508146884271,
                        1.2292926371122262e-09,
                        1.0919029719489202,
                        -0.6399547215053739,
                        -0.4256217818911969,
                        1.6691303044140195,
                        2.243894802196502
                    ]
                ],
                "mui": [
                    0.0,
                    0.0,
                    1.0,
                    0.9046696473431448,
                    -1.1936724781492294,
                    -0.7430576162113124,
                    1.1417841772873913,
                    1.2292926371122261
                ],
                "Ai": [
                    [
                        0.0,
                        0.0,
                        0.0,
                        0.0,
                        0.0,
                        0.0,
                        0.0,
                        0.0
                    ],
                    [
                        0.6275375967819592,
                        0.0,
                        0.0,
                        0.0,
                        0.0,
                        0.0,
                        0.0,
                        0.0
                    ],
                    [
                        0.0,
                        0.0,
                        0.0,
                        0.0,
                        0.0,
                        0.0,
                        0.0,
                        0.0
                    ],
                    [
                        0.9247669244185555,
                        0.0,
                        0.9046696473431448,
                        0.0,
                        0.0,
                        0.0,
                        0.0,
                        0.0
                    ],
                    [
                        -0.5480940675964299,
                        0.9987692937187196,
                        -0.6556731465941392,
                        -0.5946914800724212,
                        0.0,
                        0.0,
                        0.0,
                        0.0
                    ],
                    [
                        0.9660019620653858,
                        -0.0,
                        -0.7678493576171603,
                        -0.6841476560837019,
                        -0.5392763693134708,
                        0.0,
                        0.0,
                        0.0
                    ],
                    [
                        0.7585869596040618,
                        0.9271911621497058,
                        -0.0,
                        -0.0,
                        -0.956530537637686,
                        0.0,
                        0.0,
                        0.0
                    ],
                    [
                        0.0,
                        0.800457508024349,
                        0.0,
                        0.0,
                        -0.7009878195403865,
                        -0.5282803928590594,
                        -0.0,
                        0.0
                    ]
                ]
            },
            "est_params": {
                "mui": [
                    -0.0023862000159969475,
                    -0.017756568500189997,
                    0.9999994595164178,
                    0.9170601096013521,
                    -1.2241668656504707,
                    -0.7370270605411471,
                    1.1481203192496596,
                    1.2342132221651232
                ],
                "Si": [
                    [
                        0.9925761953390163,
                        0.6320977484263733,
                        -4.90904153507028e-07,
                        0.9089428254821664,
                        -0.4611905756530639,
                        0.5736760605676671,
                        1.7815399838597252,
                        0.5406728243493514
                    ],
                    [
                        0.6320977484263733,
                        1.389377023911585,
                        1.0579806454181116e-07,
                        0.5721377632880613,
                        0.6866970532620181,
                        -0.16407350239517324,
                        1.101124712699335,
                        0.7036322296387058
                    ],
                    [
                        -4.909041535070281e-07,
                        1.0579806454181118e-07,
                        1.0082222003670456e-06,
                        -3.7024695636665483e-07,
                        1.1824860027667928e-06,
                        -1.1585205839358543e-06,
                        -1.305165135277467e-06,
                        7.800242037781719e-07
                    ],
                    [
                        0.9089428254821664,
                        0.5721377632880613,
                        -3.702469563666546e-07,
                        1.8263404211016325,
                        -1.0143671428598553,
                        0.14283992846826313,
                        2.1881576243295164,
                        1.0987767033298412
                    ],
                    [
                        -0.4611905756530639,
                        0.6866970532620181,
                        1.1824860027667935e-06,
                        -1.0143671428598553,
                        2.5498339627997146,
                        -1.115580057981116,
                        -2.1486388092002753,
                        -0.6749830669059717
                    ],
                    [
                        0.5736760605676671,
                        -0.1640735023951733,
                        -1.158520583935855e-06,
                        0.14283992846826313,
                        -1.1155800579811161,
                        2.063036890812758,
                        1.3470683120545879,
