{
    "expt_args": {
        "save_dir": "all_expt_logs/expt_logs_sim_compsel_backward_cameraready_half",
        "exp_name": "34",
        "num_nodes": 4,
        "num_tgt_prior": 5,
        "obs_noise_mean": 0.0,
        "obs_noise_var": 1.0,
        "obs_noise_gamma_shape": null,
        "noise_type": "gaussian",
        "max_edge_strength": 1.0,
        "graph_sparsity_method": "adj_dense_prop",
        "adj_dense_prop": 0.8,
        "num_parents": null,
        "new_noise_mean": 1.0,
        "mix_samples": 2048,
        "stage2_samples": 2048,
        "gmm_tol": 0.001,
        "intv_type": "do",
        "new_noise_var": null,
        "dtype": "simulation",
        "cutoff_drop_ratio": 0.07,
        "intv_targets": [
            1,
            3
        ]
    },
    "intv_args_dict": {
        "1": {
            "intv_type": "do",
            "inode": 1,
            "new_mui": 1.0,
            "new_vari": null,
            "noise_type": "gaussian",
            "obs_noise_gamma_shape": null,
            "true_params": {
                "Si": [
                    [
                        1.0,
                        0.0,
                        -0.5836005932699426,
                        -0.5024427742104984
                    ],
                    [
                        0.0,
                        1e-09,
                        7.826637785648859e-10,
                        1.4282564241919085e-09
                    ],
                    [
                        -0.5836005932699426,
                        7.826637785648859e-10,
                        1.3405896530775916,
                        1.1541619259513576
                    ],
                    [
                        -0.5024427742104984,
                        1.4282564241919085e-09,
                        1.1541619259513576,
                        1.9936595803351838
                    ]
                ],
                "mui": [
                    0.0,
                    1.0,
                    0.7826637785648859,
                    1.4282564241919085
                ],
                "Ai": [
                    [
                        0.0,
                        0.0,
                        0.0,
                        0.0
                    ],
                    [
                        0.0,
                        0.0,
                        0.0,
                        0.0
                    ],
                    [
                        -0.5836005932699426,
                        0.7826637785648859,
                        0.0,
                        0.0
                    ],
                    [
                        0.0,
                        0.75443298276453,
                        0.8609360237200703,
                        0.0
                    ]
                ]
            },
            "est_params": {
                "mui": [
                    -0.025752679815468638,
                    1.0000007239307342,
                    0.7787057886407701,
                    1.4289498311243172
                ],
                "Si": [
                    [
                        0.9283685935482916,
                        -8.195966397009511e-07,
                        -0.591348958302664,
                        -0.5398189295172424
                    ],
                    [
                        -8.195966397009504e-07,
                        1.001307885172656e-06,
                        -1.857087010505668e-07,
                        -1.0809135814030781e-06
                    ],
                    [
                        -0.591348958302664,
                        -1.8570870105056671e-07,
                        1.435309806494329,
                        1.2845710139669746
                    ],
                    [
                        -0.5398189295172424,
                        -1.0809135814030783e-06,
                        1.2845710139669746,
                        2.074993816757508
                    ]
                ]
            },
            "est_tgt": [
                1
            ],
            "oracle_est_tgt": [
                1
            ]
        },
        "3": {
            "intv_type": "do",
            "inode": 3,
            "new_mui": 1.0,
            "new_vari": null,
            "noise_type": "gaussian",
            "obs_noise_gamma_shape": null,
            "true_params": {
                "Si": [
                    [
                        1.0,
                        -0.9977180096202983,
                        -1.3644783406216026,
                        0.0
                    ],
                    [
                        -0.9977180096202983,
                        1.9954412267206898,
                        2.1440283927398784,
                        0.0
                    ],
                    [
                        -1.3644783406216026,
                        2.1440283927398784,
                        3.474363732302947,
                        0.0
                    ],
                    [
                        0.0,
                        0.0,
                        0.0,
                        1e-09
                    ]
                ],
                "mui": [
                    0.0,
                    0.0,
                    0.0,
                    1.0
                ],
                "Ai": [
                    [
                        0.0,
                        0.0,
                        0.0,
                        0.0
                    ],
                    [
                        -0.9977180096202983,
                        0.0,
                        0.0,
                        0.0
                    ],
                    [
                        -0.5836005932699426,
                        0.7826637785648859,
                        0.0,
                        0.0
                    ],
                    [
                        0.0,
                        0.0,
                        0.0,
                        0.0
                    ]
                ]
            },
            "est_params": {
                "mui": [
                    0.03833931831731631,
                    -0.04274525513486502,
                    -0.04067075896393131,
                    1.0000002242793666
                ],
                "Si": [
                    [
                        0.9711606698059877,
                        -0.932416744730125,
                        -1.2902959734340964,
                        -1.8883672784830717e-06
                    ],
                    [
                        -0.932416744730125,
                        1.911929082154087,
                        2.0010197592774537,
                        3.8324186021232715e-06
                    ],
                    [
                        -1.2902959734340964,
                        2.0010197592774537,
                        3.265132655736609,
                        1.994864410617479e-06
                    ],
                    [
                        -1.8883672784830706e-06,
                        3.8324186021232715e-06,
                        1.9948644106174794e-06,
                        1.0013376732067769e-06
                    ]
                ]
            },
            "est_tgt": [
                3
            ],
            "oracle_est_tgt": [
                3
            ]
        },
        "obs": {
            "intv_type": "obs",
            "noise_type": "gaussian",
            "obs_noise_gamma_shape": null,
            "true_params": {
                "Si": [
                    [
                        1.0,
                        -0.9977180096202983,
                        -1.3644783406216026,
                        -1.9274399309826538
                    ],
                    [
                        -0.9977180096202983,
                        1.9954412267206898,
                        2.1440283927398784,
                        3.3512979557946068
                    ],
                    [
                        -1.3644783406216026,
                        2.1440283927398784,
                        3.474363732302947,
                        4.608730632112709
                    ],
                    [
                        -1.9274399309826538,
                        3.3512979557946068,
                        4.608730632112709,
                        7.496151937730799
                    ]
                ],
                "mui": [
                    0.0,
                    0.0,
                    0.0,
                    0.0
                ],
                "Ai": [
                    [
                        0.0,
                        0.0,
                        0.0,
                        0.0
                    ],
                    [
                        -0.9977180096202983,
                        0.0,
                        0.0,
                        0.0
                    ],
                    [
                        -0.5836005932699426,
                        0.7826637785648859,
                        0.0,
                        0.0
                    ],
                    [
                        0.0,
                        0.75443298276453,
                        0.8609360237200703,
                        0.0
                    ]
                ]
            },
            "est_params": {
                "mui": [
                    0.04880881907913592,
                    -0.07259308956918345,
                    -0.052544232246656934,
                    -0.043029726458803305
                ],
                "Si": [
                    [
                        0.9648789957152555,
                        -0.9703671130581046,
                        -1.294935468786137,
                        -1.8643984719059497
                    ],
                    [
                        -0.9703671130581046,
                        1.9557219522841296,
                        2.1241002043669095,
                        3.3244189328855773
                    ],
                    [
                        -1.294935468786137,
                        2.1241002043669095,
                        3.4222044120798896,
                        4.551065537888053
                    ],
                    [
                        -1.8643984719059497,
                        3.3244189328855773,
                        4.551065537888053,
                        7.472333864004331
                    ]
                ]
            },
            "est_tgt": [
                0,
                1,
                2,
                3
            ],
            "oracle_est_tgt": [
                0,
                1,
                2,
                3
            ]
        }
    },
    "metric_dict": {
        "param_est_rel_err": 2.5341106674987746,
        "est_num_comp": 3,
        "weight_precision_error": 0.0005808330145191665,
        "gm_score_dict": {
            "1": -6.0385096000663925,
            "2": -4.097267387792249,
            "3": -1.8093139999748507,
            "4": -1.8053863488613404,
            "5": -1.7988609173315977
        },
        "est_dag": {
            "amat": [
                [
                    0,
                    1,
                    1,
                    0
                ],
                [
                    0,
                    0,
                    1,
                    1
                ],
                [
                    0,
                    0,
                    0,
                    1
                ],
                [
                    0,
                    0,
                    0,
                    0
                ]
            ],
            "nodes": [
                0,
                1,
                2,
                3
            ]
        },
        "oracle_est_dag": {
            "amat": [
                [
                    0,
                    1,
                    1,
                    0
                ],
                [
                    0,
                    0,
                    1,
                    1
                ],
                [
                    0,
                    0,
                    0,
                    1
                ],
                [
                    0,
                    0,
                    0,
                    0
                ]
            ],
            "nodes": [
                0,
                1,
                2,
                3
            ]
        },
        "igsp_dag": null,
        "intv_base_est_dag": null,
        "act_dag": {
            "amat": [
                [
                    0,
                    1,
                    1,
                    0
                ],
                [
                    0,
                    0,
                    1,
                    1
                ],
                [
                    0,
                    0,
                    0,
                    1
                ],
                [
                    0,
                    0,
                    0,
                    0
                ]
            ],
            "nodes": [
                0,
                1,
                2,
                3
            ]
        },
        "shd": 0,
        "oracle_shd": 0,
        "intv_base_shd": null,
        "igsp_shd": null,
        "avg_js": 0.6666666666666666,
        "avg_oracle_js": 0.6666666666666666
    }
}