{
    "expt_args": {
        "save_dir": "all_expt_logs/expt_logs_sim_compsel_backward_cameraready_half",
        "exp_name": "324",
        "num_nodes": 8,
        "num_tgt_prior": 9,
        "obs_noise_mean": 0.0,
        "obs_noise_var": 1.0,
        "obs_noise_gamma_shape": null,
        "noise_type": "gaussian",
        "max_edge_strength": 1.0,
        "graph_sparsity_method": "adj_dense_prop",
        "adj_dense_prop": 0.8,
        "num_parents": null,
        "new_noise_mean": 1.0,
        "mix_samples": 32768,
        "stage2_samples": 32768,
        "gmm_tol": 0.001,
        "intv_type": "do",
        "new_noise_var": null,
        "dtype": "simulation",
        "cutoff_drop_ratio": 0.07,
        "intv_targets": [
            2,
            3,
            1,
            5
        ]
    },
    "intv_args_dict": {
        "2": {
            "intv_type": "do",
            "inode": 2,
            "new_mui": 1.0,
            "new_vari": null,
            "noise_type": "gaussian",
            "obs_noise_gamma_shape": null,
            "true_params": {
                "Si": [
                    [
                        1.0,
                        -0.8959697197995088,
                        0.0,
                        -0.2605382037880789,
                        -0.1068884094700063,
                        -0.10511427179800438,
                        0.2380168579028315,
                        -1.6193042672741966
                    ],
                    [
                        -0.8959697197995088,
                        1.8027617387976103,
                        0.0,
                        -0.5256917505602738,
                        -0.09560971758296713,
                        0.06472512543560316,
                        -1.4440914859616318,
                        2.403583778605521
                    ],
                    [
                        0.0,
                        0.0,
                        1e-09,
                        9.292750900801564e-10,
                        3.278876552758433e-10,
                        -7.425593590904635e-10,
                        -3.12737734602843e-10,
                        2.784634546210598e-10
                    ],
                    [
                        -0.2605382037880789,
                        -0.5256917505602738,
                        9.292750900801564e-10,
                        1.64415258005998,
                        -0.42674799407142283,
                        -0.7493281372913331,
                        0.19583663369511262,
                        1.296108483755558
                    ],
                    [
                        -0.1068884094700063,
                        -0.09560971758296713,
                        3.278876552758433e-10,
                        -0.42674799407142283,
                        1.4079031779100846,
                        0.4962182911852195,
                        1.5809478915409527,
                        -1.8566285738536663
                    ],
                    [
                        -0.10511427179800438,
                        0.06472512543560316,
                        -7.425593590904635e-10,
                        -0.7493281372913331,
                        0.4962182911852195,
                        1.6504354596972872,
                        1.3308007627000857,
                        -1.8520481222803908
                    ],
                    [
                        0.2380168579028315,
                        -1.4440914859616318,
                        -3.12737734602843e-10,
                        0.19583663369511262,
                        1.5809478915409527,
                        1.3308007627000857,
                        4.567337794638533,
                        -4.977190703180645
                    ],
                    [
                        -1.6193042672741966,
                        2.403583778605521,
                        2.784634546210598e-10,
                        1.296108483755558,
                        -1.8566285738536663,
                        -1.8520481222803908,
                        -4.977190703180645,
                        9.23620101065772
                    ]
                ],
                "mui": [
                    0.0,
                    0.0,
                    1.0,
                    0.9292750900801563,
                    0.3278876552758433,
                    -0.7425593590904634,
                    -0.312737734602843,
                    0.27846345462105976
                ],
                "Ai": [
                    [
                        0.0,
                        0.0,
                        0.0,
                        0.0,
                        0.0,
                        0.0,
                        0.0,
                        0.0
                    ],
                    [
                        -0.8959697197995088,
                        0.0,
                        0.0,
                        0.0,
                        0.0,
                        0.0,
                        0.0,
                        0.0
                    ],
                    [
                        0.0,
                        0.0,
                        0.0,
                        0.0,
                        0.0,
                        0.0,
                        0.0,
                        0.0
                    ],
                    [
                        -0.940692195734605,
                        -0.7591260920053462,
                        0.9292750900801563,
                        0.0,
                        0.0,
                        0.0,
                        0.0,
                        0.0
                    ],
                    [
                        -0.8426572821812794,
                        -0.646760716497566,
                        0.8853383325154677,
                        -0.5998769182455331,
                        0.0,
                        0.0,
                        0.0,
                        0.0
                    ],
                    [
                        -0.8831867037633733,
                        -0.6360518352131268,
                        0.0,
                        -0.7990737802155147,
                        0.0,
                        0.0,
                        0.0,
                        0.0
                    ],
                    [
                        -0.0,
                        -0.624786332739071,
                        -0.538434591853314,
                        0.5248438524258852,
                        0.9650107625635829,
                        0.7789849662012902,
                        0.0,
                        0.0
                    ],
                    [
                        -0.6460320912993741,
                        0.5582441629671607,
                        -0.9149467465725885,
                        0.9741722977430258,
                        0.0,
                        -0.0,
                        -0.9213347785511704,
                        0.0
                    ]
                ]
            },
            "est_params": {
                "mui": [
                    -0.002936598634136013,
                    0.010273106939275103,
                    0.9999994967537947,
                    0.9141611513498182,
                    0.32863768368680746,
                    -0.7593252795720979,
                    -0.3570310294548385,
                    0.3105624081049183
                ],
                "Si": [
                    [
                        0.995180962913002,
                        -0.8784571551276814,
                        1.185662073797226e-06,
                        -0.2968115334870455,
                        -0.10179542968643596,
                        -0.09638890937420604,
                        0.223804996248373,
                        -1.647069144998667
                    ],
                    [
                        -0.8784571551276813,
                        1.7887955373772921,
                        -1.1824216970909683e-06,
                        -0.5100610327404981,
                        -0.08490982596178082,
                        0.06806233582396434,
                        -1.4401297368563672,
                        2.4162307853161016
                    ],
                    [
                        1.185662073797226e-06,
                        -1.1824216970909683e-06,
                        1.0097754061355911e-06,
                        -1.987931842919834e-06,
                        1.84630743009098e-06,
                        5.027805910046923e-07,
                        -6.733964222509038e-07,
                        -3.0473856790588456e-06
                    ],
                    [
                        -0.2968115334870455,
                        -0.5100610327404981,
                        -1.9879318429198335e-06,
                        1.6840944793984898,
                        -0.4382676779868694,
                        -0.7604962690252247,
                        0.19504297127366013,
                        1.3530876942126164
                    ],
                    [
                        -0.10179542968643597,
                        -0.0849098259617808,
                        1.84630743009098e-06,
                        -0.4382676779868694,
                        1.4217515028252161,
                        0.5049941389519983,
                        1.589642686728668,
                        -1.866672155546828
                    ],
                    [
                        -0.09638890937420604,
                        0.06806233582396434,
                        5.027805910046925e-07,
                        -0.7604962690252247,
                        0.5049941389519984,
                        1.6539479102947476,
                        1.3266563078125826,
                        -1.8560225807944937
                    ],
                    [
                        0.223804996248373,
                        -1.4401297368563672,
                        -6.733964222509038e-07,
                        0.19504297127366005,
                        1.5896426867286677,
                        1.3266563078125826,
                        4.575260129357215,
                        -4.990317076726653
                    ],
                    [
                        -1.647069144998667,
                        2.416230785316101,
                        -3.0473856790588456e-06,
                        1.3530876942126164,
                        -1.866672155546828,
                        -1.856022580794494,
                        -4.990317076726653,
                        9.35588066271846
                    ]
                ]
            },
            "est_tgt": [
                2
            ],
            "oracle_est_tgt": [
                2
            ]
        },
        "3": {
            "intv_type": "do",
            "inode": 3,
            "new_mui": 1.0,
            "new_vari": null,
            "noise_type": "gaussian",
            "obs_noise_gamma_shape": null,
            "true_params": {
                "Si": [
                    [
                        1.0,
                        -0.8959697197995088,
                        -0.8483575619961427,
                        0.0,
                        -1.0142627335581782,
                        -0.3133035191895047,
                        -0.20625849213952963,
                        -0.17996684411447686
                    ],
                    [
                        -0.8959697197995088,
                        1.8027617387976103,
                        1.706962322262965,
                        0.0,
                        1.1002791112028603,
                        -0.35534136891270623,
                        -1.260452857000046,
                        1.1847258403291234
                    ],
                    [
                        -0.8483575619961427,
                        1.706962322262965,
                        2.6162537216752453,
                        0.0,
                        1.9271482103138098,
                        -0.33645839892291485,
                        -0.8775455047705041,
                        -0.08425167479470863
                    ],
                    [
                        0.0,
                        0.0,
                        0.0,
                        1e-09,
                        -5.998769182455332e-10,
                        -7.990737802155148e-10,
                        -6.765102915680488e-10,
                        1.5974647574124617e-09
                    ],
                    [
                        -1.0142627335581782,
                        1.1002791112028603,
                        1.9271482103138098,
                        -5.998769182455332e-10,
                        2.8492367555582714,
                        0.19594881295337466,
                        1.177102702387302,
                        -1.5782729770588775
                    ],
                    [
                        -0.3133035191895047,
                        -0.35534136891270623,
                        -0.33645839892291485,
                        -7.990737802155148e-10,
                        0.19594881295337466,
                        1.5027210328530338,
                        1.7628630774322946,
                        -1.31230866373184
                    ],
                    [
                        -0.20625849213952963,
                        -1.260452857000046,
                        -0.8775455047705041,
                        -6.765102915680488e-10,
                        1.177102702387302,
                        1.7628630774322946,
                        4.769175184691822,
                        -4.161490403850042
                    ],
                    [
                        -0.17996684411447686,
                        1.1847258403291234,
                        -0.08425167479470863,
                        1.5974647574124617e-09,
                        -1.5782729770588775,
                        -1.31230866373184,
                        -4.161490403850042,
                        5.688842278724837
                    ]
                ],
                "mui": [
                    0.0,
                    0.0,
                    0.0,
                    1.0,
                    -0.5998769182455331,
                    -0.7990737802155147,
                    -0.6765102915680488,
                    1.5974647574124616
                ],
                "Ai": [
                    [
                        0.0,
                        0.0,
                        0.0,
                        0.0,
                        0.0,
                        0.0,
                        0.0,
                        0.0
                    ],
                    [
                        -0.8959697197995088,
                        0.0,
                        0.0,
                        0.0,
                        0.0,
                        0.0,
                        0.0,
                        0.0
                    ],
                    [
                        -0.0,
                        0.9468596351514866,
                        0.0,
                        0.0,
                        0.0,
                        0.0,
                        0.0,
                        0.0
                    ],
                    [
                        0.0,
                        0.0,
                        0.0,
                        0.0,
                        0.0,
                        0.0,
                        0.0,
                        0.0
                    ],
                    [
                        -0.8426572821812794,
                        -0.646760716497566,
                        0.8853383325154677,
                        -0.5998769182455331,
                        0.0,
                        0.0,
                        0.0,
                        0.0
                    ],
                    [
                        -0.8831867037633733,
                        -0.6360518352131268,
                        0.0,
                        -0.7990737802155147,
                        0.0,
                        0.0,
                        0.0,
                        0.0
                    ],
                    [
                        -0.0,
                        -0.624786332739071,
                        -0.538434591853314,
                        0.5248438524258852,
                        0.9650107625635829,
                        0.7789849662012902,
                        0.0,
                        0.0
                    ],
                    [
                        -0.6460320912993741,
                        0.5582441629671607,
                        -0.9149467465725885,
                        0.9741722977430258,
                        0.0,
                        -0.0,
                        -0.9213347785511704,
                        0.0
                    ]
                ]
            },
            "est_params": {
                "mui": [
                    0.004534529998296055,
                    0.011202804997565985,
                    0.01724607510290213,
                    1.0000006865447497,
                    -0.6053236912076799,
                    -0.8251939968206945,
                    -0.7212686687198492,
                    1.628755514287892
                ],
                "Si": [
                    [
                        0.9791876835933939,
                        -0.8512987685806781,
                        -0.7845178673824137,
                        8.849664370056239e-07,
                        -0.9680018955765441,
                        -0.3278685150172095,
                        -0.24406160896667006,
                        -0.1628856015813605
                    ],
                    [
                        -0.8512987685806781,
                        1.752986572293736,
                        1.6310857122062186,
                        -1.9711985517859344e-08,
                        1.044070476239411,
                        -0.3660841853266115,
                        -1.233239861453516,
                        1.1551616082886849
                    ],
                    [
                        -0.7845178673824137,
                        1.6310857122062186,
                        2.509181718241951,
                        9.292234851512156e-07,
                        1.842883849195262,
                        -0.3389075612456178,
                        -0.8493196127801791,
                        -0.12668687699445275
                    ],
                    [
                        8.849664370056239e-07,
                        -1.9711985517859543e-08,
                        9.292234851512156e-07,
                        1.0093129169341497e-06,
                        5.492872012560347e-07,
                        -2.0004173537402506e-06,
                        -5.978930165056741e-07,
                        4.292188789560244e-07
                    ],
                    [
                        -0.9680018955765441,
                        1.0440704762394108,
                        1.842883849195262,
                        5.492872012560347e-07,
                        2.754117521129996,
                        0.19306581933923622,
                        1.169837691401385,
                        -1.5723571752267405
                    ],
                    [
                        -0.3278685150172095,
                        -0.3660841853266115,
                        -0.3389075612456178,
                        -2.0004173537402506e-06,
                        0.19306581933923622,
                        1.5305045470627578,
                        1.7763606917372472,
                        -1.312626428725867
                    ],
                    [
                        -0.24406160896666998,
                        -1.233239861453516,
                        -0.8493196127801791,
                        -5.978930165056744e-07,
                        1.169837691401385,
                        1.7763606917372474,
                        4.740429345140335,
                        -4.115164126074177
                    ],
                    [
                        -0.1628856015813605,
                        1.1551616082886849,
                        -0.12668687699445275,
                        4.292188789560252e-07,
                        -1.5723571752267402,
                        -1.312626428725867,
                        -4.115164126074177,
                        5.651109111169543
                    ]
                ]
            },
            "est_tgt": [
                0,
                3,
                5,
                6
            ],
            "oracle_est_tgt": [
                3
            ]
        },
        "1": {
            "intv_type": "do",
            "inode": 1,
            "new_mui": 1.0,
            "new_vari": null,
            "noise_type": "gaussian",
            "obs_noise_gamma_shape": null,
            "true_params": {
                "Si": [
                    [
                        1.0,
                        0.0,
                        0.0,
                        -0.940692195734605,
                        -0.2783577467863807,
                        -0.13150423489848956,
                        -0.8647745594258472,
                        -0.7656814918817877
                    ],
                    [
                        0.0,
                        1e-09,
                        9.468596351514867e-10,
                        1.2076698074331549e-10,
                        1.190850897795376e-10,
                        -7.325535630409022e-10,
                        -1.5269543257630227e-09,
                        1.2164019930312296e-09
                    ],
                    [
                        0.0,
                        9.468596351514867e-10,
                        1.000000000896543,
                        0.9292750901945057,
                        0.32788765538860015,
                        -0.7425593597840888,
                        -0.3127377360486544,
                        0.2784634557728217
                    ],
                    [
                        -0.940692195734605,
                        1.2076698074331549e-10,
                        0.9292750901945057,
                        2.7484540001740596,
                        -0.033330127814303445,
                        -1.365410688137577,
                        -0.15364299912524948,
                        2.5765045132680067
                    ],
                    [
                        -0.2783577467863807,
                        1.190850897795376e-10,
                        0.32788765538860015,
                        -0.033330127814303445,
                        1.5448456667362205,
                        0.27247509200316067,
                        1.5090075265737322,
                        -1.5429421087116357
                    ],
                    [
                        -0.13150423489848956,
                        -7.325535630409022e-10,
                        -0.7425593597840888,
                        -1.365410688137577,
                        0.27247509200316067,
                        2.2072066723336246,
                        1.6655144519249117,
                        -2.1002834303151543
                    ],
                    [
                        -0.8647745594258472,
                        -1.5269543257630227e-09,
                        -0.3127377360486544,
                        -0.15364299912524948,
                        1.5090075265737322,
                        1.6655144519249117,
                        3.8413694556349354,
                        -2.844051539826462
                    ],
                    [
                        -0.7656814918817877,
                        1.2164019930312296e-09,
                        0.2784634557728217,
                        2.5765045132680067,
                        -1.5429421087116357,
                        -2.1002834303151543,
                        -2.844051539826462,
                        6.37015850071966
                    ]
                ],
                "mui": [
                    0.0,
                    1.0,
                    0.9468596351514866,
                    0.12076698074331549,
                    0.11908508977953759,
                    -0.7325535630409021,
                    -1.5269543257630227,
                    1.2164019930312295
                ],
                "Ai": [
                    [
                        0.0,
                        0.0,
                        0.0,
                        0.0,
                        0.0,
                        0.0,
                        0.0,
                        0.0
                    ],
                    [
                        0.0,
                        0.0,
                        0.0,
                        0.0,
                        0.0,
                        0.0,
                        0.0,
                        0.0
                    ],
                    [
                        -0.0,
                        0.9468596351514866,
                        0.0,
                        0.0,
                        0.0,
                        0.0,
                        0.0,
                        0.0
                    ],
                    [
                        -0.940692195734605,
                        -0.7591260920053462,
                        0.9292750900801563,
                        0.0,
                        0.0,
                        0.0,
                        0.0,
                        0.0
                    ],
                    [
                        -0.8426572821812794,
                        -0.646760716497566,
                        0.8853383325154677,
                        -0.5998769182455331,
                        0.0,
                        0.0,
                        0.0,
                        0.0
                    ],
                    [
                        -0.8831867037633733,
                        -0.6360518352131268,
                        0.0,
                        -0.7990737802155147,
                        0.0,
                        0.0,
                        0.0,
                        0.0
                    ],
                    [
                        -0.0,
                        -0.624786332739071,
                        -0.538434591853314,
                        0.5248438524258852,
                        0.9650107625635829,
                        0.7789849662012902,
                        0.0,
                        0.0
                    ],
                    [
                        -0.6460320912993741,
                        0.5582441629671607,
                        -0.9149467465725885,
                        0.9741722977430258,
                        0.0,
                        -0.0,
                        -0.9213347785511704,
                        0.0
                    ]
                ]
            },
            "est_params": {
                "mui": [
                    -0.01881351640883541,
                    1.0000009324851684,
                    0.9416399836969072,
                    0.13270298331125804,
                    0.12373713714597018,
                    -0.7031176929512771,
                    -1.4916746550169935,
                    1.221216884950022
                ],
                "Si": [
                    [
                        0.9857433226970974,
                        -1.944235482723468e-06,
                        -0.0049625962106040035,
                        -0.9091442423694486,
                        -0.29754343500138425,
                        -0.12883878362071605,
                        -0.8788251540944174,
                        -0.7061515823369723
                    ],
                    [
                        -1.944235482723468e-06,
                        1.0152087328479526e-06,
                        1.4663389343822707e-06,
                        3.6713119820144546e-06,
                        7.062240321558233e-07,
                        -2.6745127660395792e-06,
                        9.689949078100917e-07,
                        1.5390637559087267e-06
                    ],
                    [
                        -0.004962596210604005,
                        1.4663389343822702e-06,
                        0.9885627811000607,
                        0.9192131186150954,
                        0.30914417094971486,
                        -0.7346048405334037,
                        -0.33064838876333585,
                        0.2893493977478876
                    ],
                    [
                        -0.9091442423694486,
                        3.6713119820144554e-06,
                        0.9192131186150954,
                        2.6961899932765205,
                        -0.04299578677736191,
                        -1.3602398851118391,
                        -0.17573147859823274,
                        2.529283411987468
                    ],
                    [
                        -0.29754343500138425,
                        7.06224032155823e-07,
                        0.30914417094971486,
                        -0.0429957867773619,
                        1.5105240539533717,
                        0.27521857329231764,
                        1.4923400288501345,
                        -1.5240288661387031
                    ],
                    [
                        -0.12883878362071605,
                        -2.6745127660395792e-06,
                        -0.7346048405334037,
                        -1.3602398851118391,
                        0.27521857329231764,
                        2.2171427945030837,
                        1.6885353767125115,
                        -2.1192021981323643
                    ],
                    [
                        -0.8788251540944174,
                        9.68994907810091e-07,
                        -0.33064838876333585,
                        -0.17573147859823274,
                        1.492340028850135,
                        1.6885353767125113,
                        3.8660640055428006,
                        -2.8682709940196385
                    ],
                    [
                        -0.7061515823369723,
                        1.5390637559087267e-06,
                        0.2893493977478876,
                        2.5292834119874676,
                        -1.5240288661387031,
                        -2.1192021981323643,
                        -2.8682709940196385,
                        6.302535972251527
                    ]
                ]
            },
            "est_tgt": [
                0,
                1,
                6
            ],
            "oracle_est_tgt": [
                1
            ]
        },
        "5": {
            "intv_type": "do",
            "inode": 5,
            "new_mui": 1.0,
            "new_vari": null,
            "noise_type": "gaussian",
            "obs_noise_gamma_shape": null,
            "true_params": {
                "Si": [
                    [
                        1.0,
                        -0.8959697197995088,
                        -0.8483575619961427,
                        -1.048895753632226,
                        -0.38505438130845243,
                        0.0,
                        0.09448658285344569,
                        -1.4788589275922934
                    ],
                    [
                        -0.8959697197995088,
                        1.8027617387976103,
                        1.706962322262965,
                        1.0605458152240756,
                        0.4640821559080449,
                        0.0,
                        -1.0409632303809857,
                        2.015656767472361
                    ],
                    [
                        -0.8483575619961427,
                        1.706962322262965,
                        2.6162537216752453,
                        1.9334631137446605,
                        0.7673083160992501,
                        0.0,
                        -0.7199412218839596,
                        1.6540682222513223
                    ],
                    [
                        -1.048895753632226,
                        1.0605458152240756,
                        1.9334631137446605,
                        2.9783191586690547,
                        0.12308436436323855,
                        0.0,
                        -0.02172771580465218,
                        2.422062561085376
                    ],
                    [
                        -0.38505438130845243,
                        0.4640821559080449,
                        0.7673083160992501,
                        0.12308436436323855,
                        1.629810766698684,
                        0.0,
                        0.9342874744880455,
                        -0.9351037709021318
                    ],
                    [
                        0.0,
                        0.0,
                        0.0,
                        0.0,
                        0.0,
                        1e-09,
                        7.789849662012902e-10,
                        -7.177059413297566e-10
                    ],
                    [
                        0.09448658285344569,
                        -1.0409632303809857,
                        -0.7199412218839596,
                        -0.02172771580465218,
                        0.9342874744880455,
                        7.789849662012902e-10,
                        2.928214667938221,
                        -2.7024776847232204
                    ],
                    [
                        -1.4788589275922934,
                        2.015656767472361,
                        1.6540682222513223,
                        2.422062561085376,
                        -0.9351037709021318,
                        -7.177059413297566e-10,
                        -2.7024776847232204,
                        6.416627541761794
                    ]
                ],
                "mui": [
                    0.0,
                    0.0,
                    0.0,
                    0.0,
                    0.0,
                    1.0,
                    0.7789849662012902,
                    -0.7177059413297566
                ],
                "Ai": [
                    [
                        0.0,
                        0.0,
                        0.0,
                        0.0,
                        0.0,
                        0.0,
                        0.0,
                        0.0
                    ],
                    [
                        -0.8959697197995088,
                        0.0,
                        0.0,
                        0.0,
                        0.0,
                        0.0,
                        0.0,
                        0.0
                    ],
                    [
                        -0.0,
                        0.9468596351514866,
                        0.0,
                        0.0,
                        0.0,
                        0.0,
                        0.0,
                        0.0
                    ],
                    [
                        -0.940692195734605,
                        -0.7591260920053462,
                        0.9292750900801563,
                        0.0,
                        0.0,
                        0.0,
                        0.0,
                        0.0
                    ],
                    [
                        -0.8426572821812794,
                        -0.646760716497566,
                        0.8853383325154677,
                        -0.5998769182455331,
                        0.0,
                        0.0,
                        0.0,
                        0.0
                    ],
                    [
                        0.0,
                        0.0,
                        0.0,
                        0.0,
                        0.0,
                        0.0,
                        0.0,
                        0.0
                    ],
                    [
                        -0.0,
                        -0.624786332739071,
                        -0.538434591853314,
                        0.5248438524258852,
                        0.9650107625635829,
                        0.7789849662012902,
                        0.0,
                        0.0
                    ],
                    [
                        -0.6460320912993741,
                        0.5582441629671607,
                        -0.9149467465725885,
                        0.9741722977430258,
                        0.0,
                        -0.0,
                        -0.9213347785511704,
                        0.0
                    ]
                ]
            },
            "est_params": {
                "mui": [
                    -0.004988751117179848,
                    0.004090577263745423,
                    0.02292087920401967,
                    0.0167769877605452,
                    0.007943453509042277,
                    1.0000001006750303,
                    0.7938426036241139,
                    -0.723187709271159
                ],
                "Si": [
                    [
                        1.002993610678935,
                        -0.8973336305188548,
                        -0.8519677887548294,
                        -1.0602252684022753,
                        -0.4048747841319969,
                        -4.115046344782068e-07,
                        0.07089778870178327,
                        -1.4562653319652286
                    ],
                    [
                        -0.8973336305188548,
                        1.7863668731772164,
                        1.6992929990276806,
                        1.0481710725483357,
                        0.5040793326678193,
                        1.490935107591159e-06,
                        -0.9928447455517011,
                        1.9490682500651242
                    ],
                    [
                        -0.8519677887548294,
                        1.6992929990276804,
                        2.6112142560134197,
                        1.9397109559076426,
                        0.7870989837611252,
                        1.396934950580063e-06,
                        -0.6899973019146207,
                        1.6196367066513369
                    ],
                    [
                        -1.0602252684022753,
                        1.0481710725483357,
                        1.9397109559076426,
                        3.0521731564784464,
                        0.12051688779882892,
                        4.477011244087569e-07,
                        0.02175662828908284,
                        2.430997290390396
                    ],
                    [
                        -0.4048747841319969,
                        0.5040793326678192,
                        0.7870989837611251,
                        0.12051688779882891,
                        1.6436357947764837,
                        -1.1489950722631843e-07,
                        0.912787829688618,
                        -0.8993604802701093
                    ],
                    [
