{
    "expt_args": {
        "save_dir": "all_expt_logs/expt_logs_sim_compsel_backward_cameraready_half",
        "exp_name": "65",
        "num_nodes": 8,
        "num_tgt_prior": 9,
        "obs_noise_mean": 0.0,
        "obs_noise_var": 1.0,
        "obs_noise_gamma_shape": null,
        "noise_type": "gaussian",
        "max_edge_strength": 1.0,
        "graph_sparsity_method": "adj_dense_prop",
        "adj_dense_prop": 0.8,
        "num_parents": null,
        "new_noise_mean": 1.0,
        "mix_samples": 1048576,
        "stage2_samples": 1048576,
        "gmm_tol": 0.001,
        "intv_type": "do",
        "new_noise_var": null,
        "dtype": "simulation",
        "cutoff_drop_ratio": 0.07,
        "intv_targets": [
            6,
            5,
            0,
            3
        ]
    },
    "intv_args_dict": {
        "6": {
            "intv_type": "do",
            "inode": 6,
            "new_mui": 1.0,
            "new_vari": null,
            "noise_type": "gaussian",
            "obs_noise_gamma_shape": null,
            "true_params": {
                "Si": [
                    [
                        1.0,
                        -0.7419361489106968,
                        -0.5553152336747712,
                        1.2005795508710686,
                        -0.03234303403976469,
                        -1.00254946207585,
                        0.0,
                        -0.4516503775248525
                    ],
                    [
                        -0.7419361489106968,
                        1.5504692490604357,
                        1.1604761334403952,
                        -1.1783642359521895,
                        0.8333754359647092,
                        1.1641156324533397,
                        0.0,
                        0.872654578425041
                    ],
                    [
                        -0.5553152336747712,
                        1.1604761334403952,
                        1.8685788880371899,
                        -0.07467239699779293,
                        1.0883826026440364,
                        -0.28128372443223126,
                        0.0,
                        2.621802533656021
                    ],
                    [
                        1.2005795508710686,
                        -1.1783642359521895,
                        -0.07467239699779293,
                        3.175836740828273,
                        0.679012107998812,
                        -3.682711468504875,
                        0.0,
                        2.4841403921727743
                    ],
                    [
                        -0.03234303403976469,
                        0.8333754359647092,
                        1.0883826026440364,
                        0.679012107998812,
                        2.203262113505347,
                        -1.8610664356128264,
                        0.0,
                        3.584245279371501
                    ],
                    [
                        -1.00254946207585,
                        1.1641156324533397,
                        -0.28128372443223126,
                        -3.682711468504875,
                        -1.8610664356128264,
                        6.3167147946416335,
                        0.0,
                        -5.91672973664634
                    ],
                    [
                        0.0,
                        0.0,
                        0.0,
                        0.0,
                        0.0,
                        0.0,
                        1e-09,
                        -7.145576396773346e-10
                    ],
                    [
                        -0.4516503775248525,
                        0.872654578425041,
                        2.621802533656021,
                        2.4841403921727743,
                        3.584245279371501,
                        -5.91672973664634,
                        -7.145576396773346e-10,
                        10.432256562438361
                    ]
                ],
                "mui": [
                    0.0,
                    0.0,
                    0.0,
                    0.0,
                    0.0,
                    0.0,
                    1.0,
                    -0.7145576396773345
                ],
                "Ai": [
                    [
                        0.0,
                        0.0,
                        0.0,
                        0.0,
                        0.0,
                        0.0,
                        0.0,
                        0.0
                    ],
                    [
                        -0.7419361489106968,
                        0.0,
                        0.0,
                        0.0,
                        0.0,
                        0.0,
                        0.0,
                        0.0
                    ],
                    [
                        0.0,
                        0.7484676875362919,
                        0.0,
                        0.0,
                        0.0,
                        0.0,
                        0.0,
                        0.0
                    ],
                    [
                        0.987190651439918,
                        -0.8918452074064556,
                        0.8072951577608118,
                        0.0,
                        0.0,
                        0.0,
                        0.0,
                        0.0
                    ],
                    [
                        -0.0,
                        0.9749095887598398,
                        -0.0,
                        0.5755367324718217,
                        0.0,
                        0.0,
                        0.0,
                        0.0
                    ],
                    [
                        0.7187033459562608,
                        0.8641098695840055,
                        -0.0,
                        -0.9232916960671429,
                        -0.8764382028970125,
                        0.0,
                        0.0,
                        0.0
                    ],
                    [
                        0.0,
                        0.0,
                        0.0,
                        0.0,
                        0.0,
                        0.0,
                        0.0,
                        0.0
                    ],
                    [
                        -0.9692251708758253,
                        0.0,
                        0.6836692168513705,
                        0.0,
                        0.5051256296490423,
                        -0.91124084571901,
                        -0.7145576396773345,
                        0.0
                    ]
                ]
            },
            "est_params": {
                "mui": [
                    -0.0004246464227481076,
                    -0.0024696095316289394,
                    0.000527187919590285,
                    0.002712375510467397,
                    -0.0029623596594323055,
                    -0.005507759067532608,
                    0.9999997380644244,
                    -0.7124489245252462
                ],
                "Si": [
                    [
                        0.9949641447234299,
                        -0.7366639075124034,
                        -0.555058312188092,
                        1.1891501673295528,
                        -0.03534999516525237,
                        -0.9906920329641494,
                        -6.640344656392754e-08,
                        -0.459273534095873
                    ],
                    [
                        -0.7366639075124034,
                        1.5491399711967642,
                        1.1621983513470526,
                        -1.1714756143354004,
                        0.8358337571948257,
                        1.1593221286299573,
                        1.5385237649474774e-07,
                        0.8738270744752212
                    ],
                    [
                        -0.555058312188092,
                        1.1621983513470526,
                        1.8701279082526852,
                        -0.07522264254125108,
                        1.090452813859795,
                        -0.2789380609597312,
                        -5.754840508338725e-08,
                        2.6201660009062913
                    ],
                    [
                        1.1891501673295528,
                        -1.1714756143354004,
                        -0.07522264254125106,
                        3.1551349217048292,
                        0.6729828061194835,
                        -3.664178101196618,
                        -1.9942400437867806e-07,
                        2.4727764035784383
                    ],
                    [
                        -0.03534999516525237,
                        0.8358337571948257,
                        1.090452813859795,
                        0.6729828061194835,
                        2.203133596815307,
                        -1.8574580190059655,
                        3.9983631035567545e-07,
                        3.5812990906200235
                    ],
                    [
                        -0.9906920329641494,
                        1.1593221286299575,
                        -0.2789380609597312,
                        -3.664178101196618,
                        -1.8574580190059655,
                        6.30313273088987,
                        -2.1837428501316035e-07,
                        -5.903522062927393
                    ],
                    [
                        -6.64034465639275e-08,
                        1.538523764947478e-07,
                        -5.754840508338726e-08,
                        -1.994240043786781e-07,
                        3.9983631035567556e-07,
                        -2.183742850131606e-07,
                        1.007289361378045e-06,
                        7.163064604998679e-07
                    ],
                    [
                        -0.459273534095873,
                        0.8738270744752212,
                        2.6201660009062913,
                        2.4727764035784383,
                        3.5812990906200235,
                        -5.903522062927391,
                        7.163064604998673e-07,
                        10.413978849899495
                    ]
                ]
            },
            "est_tgt": [
                6
            ],
            "oracle_est_tgt": [
                6
            ]
        },
        "5": {
            "intv_type": "do",
            "inode": 5,
            "new_mui": 1.0,
            "new_vari": null,
            "noise_type": "gaussian",
            "obs_noise_gamma_shape": null,
            "true_params": {
                "Si": [
                    [
                        1.0,
                        -0.7419361489106968,
                        -0.5553152336747712,
                        1.2005795508710686,
                        -0.03234303403976469,
                        0.0,
                        0.45478158339113645,
                        -1.6901820520186799
                    ],
                    [
                        -0.7419361489106968,
                        1.5504692490604357,
                        1.1604761334403952,
                        -1.1783642359521895,
                        0.8333754359647092,
                        0.0,
                        1.0881175529590597,
                        1.1559215815226396
                    ],
                    [
                        -0.5553152336747712,
                        1.1604761334403952,
                        1.8685788880371899,
                        -0.07467239699779293,
                        1.0883826026440364,
                        0.0,
                        2.246272635161655,
                        0.7603940424645032
                    ],
                    [
                        1.2005795508710686,
                        -1.1783642359521895,
                        -0.07467239699779293,
                        3.175836740828273,
                        0.679012107998812,
                        0.0,
                        2.2821610576346645,
                        -2.502432339633661
                    ],
                    [
                        -0.03234303403976469,
                        0.8333754359647092,
                        1.0883826026440364,
                        0.679012107998812,
                        2.203262113505347,
                        0.0,
                        3.0552638899821476,
                        -0.2947966271726283
                    ],
                    [
                        0.0,
                        0.0,
                        0.0,
                        0.0,
                        0.0,
                        1e-09,
                        0.0,
                        -9.112408457190101e-10
                    ],
                    [
                        0.45478158339113645,
                        1.0881175529590597,
                        2.246272635161655,
                        2.2821610576346645,
                        3.0552638899821476,
                        0.0,
                        6.733474072880544,
                        -2.173241548732655
                    ],
                    [
                        -1.6901820520186799,
                        1.1559215815226396,
                        0.7603940424645032,
                        -2.502432339633661,
                        -0.2947966271726283,
                        -9.112408457190101e-10,
                        -2.173241548732655,
                        4.562022008111706
                    ]
                ],
                "mui": [
                    0.0,
                    0.0,
                    0.0,
                    0.0,
                    0.0,
                    1.0,
                    0.0,
                    -0.91124084571901
                ],
                "Ai": [
                    [
                        0.0,
                        0.0,
                        0.0,
                        0.0,
                        0.0,
                        0.0,
                        0.0,
                        0.0
                    ],
                    [
                        -0.7419361489106968,
                        0.0,
                        0.0,
                        0.0,
                        0.0,
                        0.0,
                        0.0,
                        0.0
                    ],
                    [
                        0.0,
                        0.7484676875362919,
                        0.0,
                        0.0,
                        0.0,
                        0.0,
                        0.0,
                        0.0
                    ],
                    [
                        0.987190651439918,
                        -0.8918452074064556,
                        0.8072951577608118,
                        0.0,
                        0.0,
                        0.0,
                        0.0,
                        0.0
                    ],
                    [
                        -0.0,
                        0.9749095887598398,
                        -0.0,
                        0.5755367324718217,
                        0.0,
                        0.0,
                        0.0,
                        0.0
                    ],
                    [
                        0.0,
                        0.0,
                        0.0,
                        0.0,
                        0.0,
                        0.0,
                        0.0,
                        0.0
                    ],
                    [
                        0.5348905046167403,
                        0.5730815355937415,
                        0.6324420387278957,
                        0.598303251141175,
                        0.6809801358189758,
                        -0.0,
                        0.0,
                        0.0
                    ],
                    [
                        -0.9692251708758253,
                        0.0,
                        0.6836692168513705,
                        0.0,
                        0.5051256296490423,
                        -0.91124084571901,
                        -0.7145576396773345,
                        0.0
                    ]
                ]
            },
            "est_params": {
                "mui": [
                    -0.000888880343558929,
                    -0.003087611705748818,
                    -0.004284429613523335,
                    0.0007979958588698512,
                    -0.0018187800252716414,
                    1.0000001074960352,
                    -0.004939749682849343,
                    -0.9119310968911636
                ],
                "Si": [
                    [
                        0.9967754365972391,
                        -0.7384944527356,
                        -0.5570037684279837,
                        1.1922177326963825,
                        -0.03544536978868686,
                        -8.208344006509452e-08,
                        0.44788476025437957,
                        -1.683677096715631
                    ],
                    [
                        -0.7384944527356,
                        1.5522772242126288,
                        1.1620634522861715,
                        -1.1738997135331106,
                        0.8358383396941813,
                        2.1941177978784697e-07,
                        1.0941414661763207,
                        1.14775389526089
                    ],
                    [
                        -0.5570037684279837,
                        1.1620634522861715,
                        1.8697130582145918,
                        -0.07921064822230997,
                        1.0863637025088082,
                        1.7725433171263748e-07,
                        2.242832159490771,
                        0.7626259950388212
                    ],
                    [
                        1.1922177326963825,
                        -1.1738997135331104,
                        -0.07921064822230997,
                        3.1568111035622164,
                        0.6707332128861435,
                        -4.3693860389736974e-08,
                        2.262176614618818,
                        -2.4854685123843487
                    ],
                    [
                        -0.03544536978868686,
                        0.8358383396941814,
                        1.0863637025088082,
                        0.6707332128861435,
                        2.1938697985366953,
                        3.4443853953814055e-07,
                        3.0393277358205024,
                        -0.293236292300154
                    ],
                    [
                        -8.208344006509452e-08,
                        2.1941177978784697e-07,
                        1.7725433171263726e-07,
                        -4.3693860389736934e-08,
                        3.444385395381406e-07,
                        1.0076949873769005e-06,
                        3.974207622714676e-07,
                        1.349267202742821e-07
                    ],
                    [
                        0.4478847602543795,
                        1.0941414661763205,
                        2.242832159490771,
                        2.262176614618818,
                        3.0393277358205024,
                        3.9742076227146763e-07,
                        6.705833236777817,
                        -2.161927921859004
                    ],
                    [
                        -1.683677096715631,
                        1.14775389526089,
                        0.7626259950388212,
                        -2.485468512384349,
                        -0.293236292300154,
                        1.3492672027428223e-07,
                        -2.161927921859004,
                        4.552356918206549
                    ]
                ]
            },
            "est_tgt": [
                5
            ],
            "oracle_est_tgt": [
                5
            ]
        },
        "0": {
            "intv_type": "do",
            "inode": 0,
            "new_mui": 1.0,
            "new_vari": null,
            "noise_type": "gaussian",
            "obs_noise_gamma_shape": null,
            "true_params": {
                "Si": [
                    [
                        1e-09,
                        -7.419361489106968e-10,
                        -5.553152336747712e-10,
                        1.2005795508710686e-09,
                        -3.2343034039764693e-11,
                        -1.00254946207585e-09,
                        4.547815833911365e-10,
                        -7.76618032321544e-10
                    ],
                    [
                        -7.419361489106968e-10,
                        1.0000000005504692,
                        0.7484676879483003,
                        -0.2876108684087282,
                        0.809378969869155,
                        0.4202879462121205,
                        1.4255364491983693,
                        -0.48106912340790997
                    ],
                    [
                        -5.553152336747712e-10,
                        0.7484676879483003,
                        1.5602038795942992,
                        0.5920277161726263,
                        1.070422023156454,
                        -0.838014712678667,
                        2.498819776160939,
                        0.5854434377397111
                    ],
                    [
                        1.2005795508710686e-09,
                        -0.2876108684087282,
                        0.5920277161726263,
                        1.7344454842998873,
                        0.7178424932412499,
                        -2.4790710868034602,
                        1.7361595890485018,
                        1.7857965009763994
                    ],
                    [
                        -3.2343034039764693e-11,
                        0.809378969869155,
                        1.070422023156454,
                        0.7178424932412499,
                        2.2022160416554954,
                        -1.893491926958868,
                        3.069972906199716,
                        1.3759649421243143
                    ],
                    [
                        -1.00254946207585e-09,
                        0.4202879462121205,
                        -0.838014712678667,
                        -2.4790710868034602,
                        -1.893491926958868,
                        5.311609371738163,
                        -3.06180315293712,
                        -4.181696745108064
                    ],
                    [
                        4.547815833911365e-10,
                        1.4255364491983693,
                        2.498819776160939,
                        1.7361595890485018,
                        3.069972906199716,
                        -3.06180315293712,
                        6.526647784495621,
                        1.3854622148425693
                    ],
                    [
                        -7.76618032321544e-10,
                        -0.48106912340790997,
                        0.5854434377397111,
                        1.7857965009763994,
                        1.3759649421243143,
                        -4.181696745108064,
                        1.3854622148425693,
                        4.915825083561217
                    ]
                ],
                "mui": [
                    1.0,
                    -0.7419361489106968,
                    -0.5553152336747712,
                    1.2005795508710686,
                    -0.03234303403976469,
                    -1.00254946207585,
                    0.45478158339113645,
                    -0.7766180323215439
                ],
                "Ai": [
                    [
                        0.0,
                        0.0,
                        0.0,
                        0.0,
                        0.0,
                        0.0,
                        0.0,
                        0.0
                    ],
                    [
                        -0.7419361489106968,
                        0.0,
                        0.0,
                        0.0,
                        0.0,
                        0.0,
                        0.0,
                        0.0
                    ],
                    [
                        0.0,
                        0.7484676875362919,
                        0.0,
                        0.0,
                        0.0,
                        0.0,
                        0.0,
                        0.0
                    ],
                    [
                        0.987190651439918,
                        -0.8918452074064556,
                        0.8072951577608118,
                        0.0,
                        0.0,
                        0.0,
                        0.0,
                        0.0
                    ],
                    [
                        -0.0,
                        0.9749095887598398,
                        -0.0,
                        0.5755367324718217,
                        0.0,
                        0.0,
                        0.0,
                        0.0
                    ],
                    [
                        0.7187033459562608,
                        0.8641098695840055,
                        -0.0,
                        -0.9232916960671429,
                        -0.8764382028970125,
                        0.0,
                        0.0,
                        0.0
                    ],
                    [
                        0.5348905046167403,
                        0.5730815355937415,
                        0.6324420387278957,
                        0.598303251141175,
                        0.6809801358189758,
                        -0.0,
                        0.0,
                        0.0
                    ],
                    [
                        -0.9692251708758253,
                        0.0,
                        0.6836692168513705,
                        0.0,
                        0.5051256296490423,
                        -0.91124084571901,
                        -0.7145576396773345,
                        0.0
                    ]
                ]
            },
            "est_params": {
                "mui": [
                    1.0000001337591347,
                    -0.7395905732486525,
                    -0.5542821006086202,
                    1.198670994669124,
                    -0.03560378646597564,
                    -0.9966279244051258,
                    0.4535942687948394,
                    -0.7815167886958716
                ],
                "Si": [
                    [
                        1.0117116827460594e-06,
                        1.5971108726058004e-08,
                        9.95163157128178e-10,
                        -2.8541317903780597e-08,
                        -4.6185171587636734e-07,
                        5.147600872285136e-07,
                        -3.612453741134937e-07,
                        -4.593398793670893e-07
                    ],
                    [
                        1.5971108726058004e-08,
                        0.9959113969368205,
                        0.7462519975180271,
                        -0.2822718081793738,
                        0.8089155514764453,
                        0.4147202478206721,
                        1.4274203163870693,
                        -0.47589644203284426
                    ],
                    [
                        9.951631571282271e-10,
                        0.7462519975180271,
                        1.5584092131497802,
                        0.5953680382324018,
                        1.0692618142167034,
                        -0.8382178740711459,
                        2.499073515319015,
                        0.5858200307573922
                    ],
                    [
                        -2.854131790378056e-08,
                        -0.2822718081793738,
                        0.5953680382324018,
                        1.7293202786335728,
                        0.7187691646189578,
                        -2.472862887905435,
                        1.7443885534288996,
                        1.7782656399227115
                    ],
                    [
                        -4.6185171587636744e-07,
                        0.8089155514764454,
                        1.0692618142167034,
                        0.7187691646189578,
                        2.1993302544894386,
                        -1.8939149102120103,
                        3.073821327036075,
                        1.3741730043755283
                    ],
                    [
                        5.147600872285139e-07,
                        0.4147202478206721,
                        -0.838217874071146,
                        -2.472862887905435,
                        -1.8939149102120103,
                        5.308825712159008,
                        -3.068998852905214,
                        -4.172317048856196
                    ],
                    [
                        -3.612453741134937e-07,
                        1.4274203163870693,
                        2.4990735153190142,
                        1.7443885534288996,
                        3.073821327036075,
                        -3.068998852905214,
                        6.54496226717959,
                        1.387107103151909
                    ],
                    [
                        -4.5933987936708954e-07,
                        -0.4758964420328442,
                        0.5858200307573922,
                        1.7782656399227115,
                        1.3741730043755283,
                        -4.172317048856196,
                        1.387107103151909,
                        4.905054268150071
                    ]
                ]
            },
            "est_tgt": [
                0
            ],
            "oracle_est_tgt": [
                0
            ]
        },
        "3": {
            "intv_type": "do",
            "inode": 3,
            "new_mui": 1.0,
            "new_vari": null,
            "noise_type": "gaussian",
            "obs_noise_gamma_shape": null,
            "true_params": {
                "Si": [
                    [
                        1.0,
                        -0.7419361489106968,
                        -0.5553152336747712,
                        0.0,
                        -0.7233206658205867,
                        0.7115348615514449,
                        -0.734071106686614,
                        -1.8380884201980618
                    ],
                    [
                        -0.7419361489106968,
                        1.5504692490604357,
                        1.1604761334403952,
                        0.0,
                        1.5115673379862868,
                        -0.5182515733709188,
                        2.2549719199077245,
                        1.136960992773866
                    ],
                    [
                        -0.5553152336747712,
                        1.1604761334403952,
                        1.8685788880371899,
                        0.0,
                        1.1313593100179848,
                        -0.3878945566829765,
                        2.320215657080503,
                        1.0827314915056658
                    ],
                    [
                        0.0,
                        0.0,
                        0.0,
                        1e-09,
                        5.755367324718217e-10,
                        -1.4277140755759651e-09,
                        9.902323333886457e-10,
                        8.841316571703883e-10
                    ],
                    [
                        -0.7233206658205867,
                        1.5115673379862868,
                        1.1313593100179848,
                        5.755367324718217e-10,
                        2.4736414921902594,
                        -1.3816866319878969,
                        2.879373883491117,
                        1.9256065347694062
                    ],
                    [
                        0.7115348615514449,
                        -0.5182515733709188,
                        -0.3878945566829765,
                        -1.4277140755759651e-09,
                        -1.3816866319878969,
                        2.2745191363087924,
                        -1.102629141748246,
                        -2.9374970599272414
                    ],
                    [
                        -0.734071106686614,
                        2.2549719199077245,
                        2.320215657080503,
                        9.902323333886457e-10,
                        2.879373883491117,
                        -1.102629141748246,
                        5.327833445199543,
                        0.9499023813546641
                    ],
                    [
                        -1.8380884201980618,
                        1.136960992773866,
                        1.0827314915056658,
                        8.841316571703883e-10,
                        1.9256065347694062,
                        -2.9374970599272414,
                        0.9499023813546641,
                        6.49243226898158
                    ]
                ],
                "mui": [
                    0.0,
                    0.0,
                    0.0,
                    1.0,
                    0.5755367324718217,
                    -1.427714075575965,
                    0.9902323333886456,
                    0.8841316571703882
                ],
                "Ai": [
                    [
                        0.0,
                        0.0,
                        0.0,
                        0.0,
                        0.0,
                        0.0,
                        0.0,
                        0.0
                    ],
                    [
                        -0.7419361489106968,
                        0.0,
                        0.0,
                        0.0,
                        0.0,
                        0.0,
                        0.0,
                        0.0
                    ],
                    [
                        0.0,
                        0.7484676875362919,
                        0.0,
                        0.0,
                        0.0,
                        0.0,
                        0.0,
                        0.0
                    ],
                    [
                        0.0,
                        0.0,
                        0.0,
                        0.0,
                        0.0,
                        0.0,
                        0.0,
                        0.0
                    ],
                    [
                        -0.0,
                        0.9749095887598398,
                        -0.0,
                        0.5755367324718217,
                        0.0,
                        0.0,
                        0.0,
                        0.0
                    ],
                    [
                        0.7187033459562608,
                        0.8641098695840055,
                        -0.0,
                        -0.9232916960671429,
                        -0.8764382028970125,
                        0.0,
                        0.0,
                        0.0
                    ],
                    [
                        0.5348905046167403,
                        0.5730815355937415,
                        0.6324420387278957,
                        0.598303251141175,
                        0.6809801358189758,
                        -0.0,
                        0.0,
                        0.0
                    ],
                    [
                        -0.9692251708758253,
                        0.0,
                        0.6836692168513705,
                        0.0,
                        0.5051256296490423,
                        -0.91124084571901,
                        -0.7145576396773345,
                        0.0
                    ]
                ]
            },
            "est_params": {
                "mui": [
                    -0.003510216873325226,
                    -0.0006092524308023959,
                    0.004084041481760784,
                    0.9999999301401723,
                    0.5773449627240336,
                    -1.4305041171274777,
                    0.9928088334390153,
                    0.8907515121909437
                ],
                "Si": [
                    [
                        0.9999155242993407,
                        -0.7444128468528146,
                        -0.5576451849807691,
                        -1.4728978860642386e-07,
                        -0.7240310863521059,
                        0.7086460201140489,
                        -0.7379947800045992,
                        -1.8318411883713315
                    ],
                    [
                        -0.7444128468528146,
                        1.552255410398037,
                        1.1645195974810492,
                        -2.630774626761411e-07,
                        1.5126468163159943,
                        -0.5189607764029367,
                        2.254807285360404,
                        1.1415319785372433
                    ],
                    [
                        -0.5576451849807691,
                        1.1645195974810487,
                        1.8730889595037958,
                        -2.679395911486586e-07,
                        1.1379081155838704,
                        -0.3907684006382352,
                        2.3289154224038855,
                        1.0878146158769744
                    ],
                    [
                        -1.472897886064238e-07,
                        -2.6307746267614103e-07,
                        -2.6793959114865873e-07,
                        1.0096637817307792e-06,
                        -2.818299336847056e-07,
                        2.9847577029342525e-07,
                        -1.6343631745117315e-07,
                        -3.2842819604769526e-07
                    ],
                    [
                        -0.7240310863521059,
                        1.5126468163159943,
                        1.1379081155838706,
                        -2.818299336847057e-07,
                        2.474026660353928,
                        -1.3821273702063577,
                        2.8765282730219957,
                        1.9310262251849655
                    ],
                    [
                        0.708646020114049,
                        -0.5189607764029367,
                        -0.3907684006382352,
                        2.984757702934251e-07,
                        -1.3821273702063577,
                        2.272028199550084,
                        -1.1040166645971157,
                        -2.9301710785609956
                    ],
                    [
                        -0.7379947800045992,
                        2.254807285360404,
