{
    "expt_args": {
        "save_dir": "all_expt_logs/expt_logs_sim_compsel_backward_cameraready_half",
        "exp_name": "282",
        "num_nodes": 6,
        "num_tgt_prior": 7,
        "obs_noise_mean": 0.0,
        "obs_noise_var": 1.0,
        "obs_noise_gamma_shape": null,
        "noise_type": "gaussian",
        "max_edge_strength": 1.0,
        "graph_sparsity_method": "adj_dense_prop",
        "adj_dense_prop": 0.8,
        "num_parents": null,
        "new_noise_mean": 1.0,
        "mix_samples": 131072,
        "stage2_samples": 131072,
        "gmm_tol": 0.001,
        "intv_type": "do",
        "new_noise_var": null,
        "dtype": "simulation",
        "cutoff_drop_ratio": 0.07,
        "intv_targets": [
            4,
            3,
            0
        ]
    },
    "intv_args_dict": {
        "4": {
            "intv_type": "do",
            "inode": 4,
            "new_mui": 1.0,
            "new_vari": null,
            "noise_type": "gaussian",
            "obs_noise_gamma_shape": null,
            "true_params": {
                "Si": [
                    [
                        1.0,
                        0.0,
                        -0.6163534235733201,
                        -0.4029196916354759,
                        0.0,
                        -0.7560555938117831
                    ],
                    [
                        0.0,
                        1.0,
                        -0.7630081181808901,
                        -0.3975214976027524,
                        0.0,
                        -1.4229511072426706
                    ],
                    [
                        -0.6163534235733201,
                        -0.7630081181808901,
                        1.9620729311604959,
                        -0.014201267478616386,
                        0.0,
                        1.9989786090186858
                    ],
                    [
                        -0.4029196916354759,
                        -0.3975214976027524,
                        -0.014201267478616386,
                        1.640558740233529,
                        0.0,
                        1.256279450197181
                    ],
                    [
                        0.0,
                        0.0,
                        0.0,
                        0.0,
                        1e-09,
                        5.78278750452268e-10
                    ],
                    [
                        -0.7560555938117831,
                        -1.4229511072426706,
                        1.9989786090186858,
                        1.256279450197181,
                        5.78278750452268e-10,
                        4.204871433165325
                    ]
                ],
                "mui": [
                    0.0,
                    0.0,
                    0.0,
                    0.0,
                    1.0,
                    0.578278750452268
                ],
                "Ai": [
                    [
                        0.0,
                        0.0,
                        0.0,
                        0.0,
                        0.0,
                        0.0
                    ],
                    [
                        0.0,
                        0.0,
                        0.0,
                        0.0,
                        0.0,
                        0.0
                    ],
                    [
                        -0.6163534235733201,
                        -0.7630081181808901,
                        0.0,
                        0.0,
                        0.0,
                        0.0
                    ],
                    [
                        -0.751685944352285,
                        -0.8292729440823827,
                        -0.5658543286655737,
                        0.0,
                        0.0,
                        0.0
                    ],
                    [
                        0.0,
                        0.0,
                        0.0,
                        0.0,
                        0.0,
                        0.0
                    ],
                    [
                        -0.0,
                        -0.5517188244850814,
                        0.8088834887998448,
                        0.6390789320146384,
                        0.578278750452268,
                        0.0
                    ]
                ]
            },
            "est_params": {
                "mui": [
                    0.015275863916735515,
                    0.004092490590567005,
                    -0.014555855135805307,
                    -0.015666971472712756,
                    0.999999490622014,
                    0.5505962471144548
                ],
                "Si": [
                    [
                        1.0036486427862343,
                        0.0020522164132085762,
                        -0.6041020626734379,
                        -0.41428371869689995,
                        9.475470522021087e-07,
                        -0.7612758458201548
                    ],
                    [
                        0.0020522164132085754,
                        0.9963471787694483,
                        -0.7637419752558566,
                        -0.39545699798414946,
                        -1.0743573396370346e-06,
                        -1.4173511148226356
                    ],
                    [
                        -0.6041020626734379,
                        -0.7637419752558565,
                        1.9449128811242968,
                        -0.006365122209525718,
                        6.3736140560336e-07,
                        1.9969725089821586
                    ],
                    [
                        -0.41428371869689995,
                        -0.39545699798414946,
                        -0.006365122209525719,
                        1.6434969130610304,
                        3.3086252473207997e-07,
                        1.2749204202936442
                    ],
                    [
                        9.475470522021089e-07,
                        -1.0743573396370346e-06,
                        6.373614056033603e-07,
                        3.3086252473208e-07,
                        1.0104526136562151e-06,
                        1.9418940287837845e-06
                    ],
                    [
                        -0.7612758458201548,
                        -1.4173511148226356,
                        1.9969725089821586,
                        1.274920420293644,
                        1.9418940287837845e-06,
                        4.223006517692262
                    ]
                ]
            },
            "est_tgt": [
                4
            ],
            "oracle_est_tgt": [
                4
            ]
        },
        "3": {
            "intv_type": "do",
            "inode": 3,
            "new_mui": 1.0,
            "new_vari": null,
            "noise_type": "gaussian",
            "obs_noise_gamma_shape": null,
            "true_params": {
                "Si": [
                    [
                        1.0,
                        0.0,
                        -0.6163534235733201,
                        0.0,
                        0.2105146410303304,
                        -0.3768219640267885
                    ],
                    [
                        0.0,
                        1.0,
                        -0.7630081181808901,
                        0.0,
                        0.28536530524226755,
                        -1.0038828009639156
                    ],
                    [
                        -0.6163534235733201,
                        -0.7630081181808901,
                        1.9620729311604959,
                        0.0,
                        0.5532574209268176,
                        2.327991349924179
                    ],
                    [
                        0.0,
                        0.0,
                        0.0,
                        1e-09,
                        -5.775122943163051e-10,
                        3.0511584408658304e-10
                    ],
                    [
                        0.2105146410303304,
                        0.28536530524226755,
                        0.5532574209268176,
                        -5.775122943163051e-10,
                        1.9370911200449394,
                        1.4102580141292942
                    ],
                    [
                        -0.3768219640267885,
                        -1.0038828009639156,
                        2.327991349924179,
                        3.0511584408658304e-10,
                        1.4102580141292942,
                        4.252457046312111
                    ]
                ],
                "mui": [
                    0.0,
                    0.0,
                    0.0,
                    1.0,
                    -0.5775122943163051,
                    0.30511584408658304
                ],
                "Ai": [
                    [
                        0.0,
                        0.0,
                        0.0,
                        0.0,
                        0.0,
                        0.0
                    ],
                    [
                        0.0,
                        0.0,
                        0.0,
                        0.0,
                        0.0,
                        0.0
                    ],
                    [
                        -0.6163534235733201,
                        -0.7630081181808901,
                        0.0,
                        0.0,
                        0.0,
                        0.0
                    ],
                    [
                        0.0,
                        0.0,
                        0.0,
                        0.0,
                        0.0,
                        0.0
                    ],
                    [
                        0.7656918347803783,
                        0.9726409650484799,
                        0.9007448851851881,
                        -0.5775122943163051,
                        0.0,
                        0.0
                    ],
                    [
                        -0.0,
                        -0.5517188244850814,
                        0.8088834887998448,
                        0.6390789320146384,
                        0.578278750452268,
                        0.0
                    ]
                ]
            },
            "est_params": {
                "mui": [
                    0.0008740171109965337,
                    0.0025242539388860116,
                    -0.019106366762466256,
                    0.9999998962230706,
                    -0.5925328627015934,
                    0.2849494882045528
                ],
                "Si": [
                    [
                        0.996090948384946,
                        -0.004296273213595258,
                        -0.6148586185831368,
                        4.999424586433931e-07,
                        0.20378507641605226,
                        -0.38035548775292616
                    ],
                    [
                        -0.0042962732135952576,
                        0.9977948647767374,
                        -0.7649906267091424,
                        4.504548973604924e-07,
                        0.2839570715905717,
                        -1.0057058952634683
                    ],
                    [
                        -0.6148586185831368,
                        -0.7649906267091423,
                        1.979037141541666,
                        -9.413624464703429e-07,
                        0.5572866939569509,
                        2.3469860766460813
                    ],
                    [
                        4.999424586433931e-07,
                        4.504548973604926e-07,
                        -9.413624464703425e-07,
                        1.0123983111157277e-06,
                        2.837497859003157e-07,
                        -4.636101005174521e-07
                    ],
                    [
                        0.20378507641605229,
                        0.2839570715905717,
                        0.5572866939569509,
                        2.8374978590031555e-07,
                        1.9361573933136562,
                        1.4230805693501214
                    ],
                    [
                        -0.38035548775292616,
                        -1.0057058952634683,
                        2.3469860766460813,
                        -4.636101005174521e-07,
                        1.4230805693501214,
                        4.300920777653055
                    ]
                ]
            },
            "est_tgt": [
                3
            ],
            "oracle_est_tgt": [
                3
            ]
        },
        "0": {
            "intv_type": "do",
            "inode": 0,
            "new_mui": 1.0,
            "new_vari": null,
            "noise_type": "gaussian",
            "obs_noise_gamma_shape": null,
            "true_params": {
                "Si": [
                    [
                        1e-09,
                        0.0,
                        -6.163534235733201e-10,
                        -4.029196916354759e-10,
                        4.432057165719523e-10,
                        -4.997591458392525e-10
                    ],
                    [
                        0.0,
                        1.0,
                        -0.7630081181808901,
                        -0.3975214976027524,
                        0.5149388573628867,
                        -1.125172908247542
                    ],
                    [
                        -6.163534235733201e-10,
                        -0.7630081181808901,
                        1.5821813887898348,
                        -0.26254219859490746,
                        0.8346301879738107,
                        2.0156300580182682
                    ],
                    [
                        -4.029196916354759e-10,
                        -0.3975214976027524,
                        -0.26254219859490746,
                        1.4782144624882465,
                        -1.476816261617138,
                        0.09763830136834217
                    ],
                    [
                        4.432057165719523e-10,
                        0.5149388573628867,
                        0.8346301879738107,
                        -1.476816261617138,
                        3.1055190478744628,
                        1.2430706324944132
                    ],
                    [
                        -4.997591458392525e-10,
                        -1.125172908247542,
                        2.0156300580182682,
                        0.09763830136834217,
                        1.2430706324944132,
                        4.032428861185428
                    ]
                ],
                "mui": [
                    1.0,
                    0.0,
                    -0.6163534235733201,
                    -0.4029196916354759,
                    0.4432057165719523,
                    -0.4997591458392525
                ],
                "Ai": [
                    [
                        0.0,
                        0.0,
                        0.0,
                        0.0,
                        0.0,
                        0.0
                    ],
                    [
                        0.0,
                        0.0,
                        0.0,
                        0.0,
                        0.0,
                        0.0
                    ],
                    [
                        -0.6163534235733201,
                        -0.7630081181808901,
                        0.0,
                        0.0,
                        0.0,
                        0.0
                    ],
                    [
                        -0.751685944352285,
                        -0.8292729440823827,
                        -0.5658543286655737,
                        0.0,
                        0.0,
                        0.0
                    ],
                    [
                        0.7656918347803783,
                        0.9726409650484799,
                        0.9007448851851881,
                        -0.5775122943163051,
                        0.0,
                        0.0
                    ],
                    [
                        -0.0,
                        -0.5517188244850814,
                        0.8088834887998448,
                        0.6390789320146384,
                        0.578278750452268,
                        0.0
                    ]
                ]
            },
            "est_params": {
                "mui": [
                    1.000000404969588,
                    -0.000517535817375923,
                    -0.6194841698011737,
                    -0.4035969048325205,
                    0.43950976428027433,
                    -0.5083057107505758
                ],
                "Si": [
                    [
                        1.0126093411269437e-06,
                        -8.805957302976682e-07,
                        6.598286801669238e-07,
                        -1.696071668563214e-07,
                        -1.6196029454323662e-07,
                        1.6818280147370831e-06
                    ],
                    [
                        -8.805957302976682e-07,
                        0.9972943721417405,
                        -0.7626537545889875,
                        -0.4054251000712255,
                        0.5174506027131844,
                        -1.1296741895016473
                    ],
                    [
                        6.598286801669234e-07,
                        -0.7626537545889875,
                        1.5850720041345243,
                        -0.2584470945401723,
                        0.8375975403912156,
                        2.0238461435319928
                    ],
                    [
                        -1.6960716685632144e-07,
                        -0.4054251000712255,
                        -0.2584470945401723,
                        1.4761943722200546,
                        -1.4789846800101112,
                        0.10197606834378276
                    ],
                    [
                        -1.6196029454323668e-07,
                        0.5174506027131844,
                        0.8375975403912156,
                        -1.4789846800101114,
                        3.1167669753188143,
                        1.2418192733491416
                    ],
                    [
                        1.681828014737083e-06,
                        -1.1296741895016473,
                        2.023846143531993,
                        0.10197606834378277,
                        1.2418192733491416,
                        4.0291173692443385
                    ]
                ]
            },
            "est_tgt": [
                0
            ],
            "oracle_est_tgt": [
                0
            ]
        },
        "obs": {
            "intv_type": "obs",
            "noise_type": "gaussian",
            "obs_noise_gamma_shape": null,
            "true_params": {
                "Si": [
                    [
                        1.0,
                        0.0,
                        -0.6163534235733201,
                        -0.4029196916354759,
                        0.4432057165719523,
                        -0.4997591458392525
                    ],
                    [
                        0.0,
                        1.0,
                        -0.7630081181808901,
                        -0.3975214976027524,
                        0.5149388573628867,
                        -1.125172908247542
                    ],
                    [
                        -0.6163534235733201,
                        -0.7630081181808901,
                        1.9620729311604959,
                        -0.014201267478616386,
                        0.5614588274905927,
                        2.3236583182103416
                    ],
                    [
                        -0.4029196916354759,
                        -0.3975214976027524,
                        -0.014201267478616386,
                        1.640558740233529,
                        -1.655392572090813,
                        0.2990011021005398
                    ],
                    [
                        0.4432057165719523,
                        0.5149388573628867,
                        0.5614588274905927,
                        -1.655392572090813,
                        3.3019503548800895,
                        1.0215745223708368
                    ],
                    [
                        -0.4997591458392525,
                        -1.125172908247542,
                        2.3236583182103416,
                        0.2990011021005398,
                        1.0215745223708368,
                        4.2821880647856485
                    ]
                ],
                "mui": [
                    0.0,
                    0.0,
                    0.0,
                    0.0,
                    0.0,
                    0.0
                ],
                "Ai": [
                    [
                        0.0,
                        0.0,
                        0.0,
                        0.0,
                        0.0,
                        0.0
                    ],
                    [
                        0.0,
                        0.0,
                        0.0,
                        0.0,
                        0.0,
                        0.0
                    ],
                    [
                        -0.6163534235733201,
                        -0.7630081181808901,
                        0.0,
                        0.0,
                        0.0,
                        0.0
                    ],
                    [
                        -0.751685944352285,
                        -0.8292729440823827,
                        -0.5658543286655737,
                        0.0,
                        0.0,
                        0.0
                    ],
                    [
                        0.7656918347803783,
                        0.9726409650484799,
                        0.9007448851851881,
                        -0.5775122943163051,
                        0.0,
                        0.0
                    ],
                    [
                        -0.0,
                        -0.5517188244850814,
                        0.8088834887998448,
                        0.6390789320146384,
                        0.578278750452268,
                        0.0
                    ]
                ]
            },
            "est_params": {
                "mui": [
                    -0.001099269879717618,
                    -0.003513121130666843,
                    -0.00708441835480171,
                    -0.002918590846037366,
                    -0.009541364011656688,
                    -0.003161211080351507
                ],
                "Si": [
                    [
                        1.004475067972585,
                        -0.0055003895344898,
                        -0.6239674368920698,
                        -0.3963328041639268,
                        0.43640483741690317,
                        -0.5097868785924635
                    ],
                    [
                        -0.0055003895344898,
                        0.9963694713760153,
                        -0.7617756288171071,
                        -0.4074630284013365,
                        0.5089254833608872,
                        -1.1317331624124152
                    ],
                    [
                        -0.6239674368920698,
                        -0.7617756288171071,
                        1.9846841566139688,
                        -0.01712615111201878,
                        0.5741255115820626,
                        2.3443167493154164
                    ],
                    [
                        -0.3963328041639268,
                        -0.4074630284013365,
                        -0.01712615111201878,
                        1.655271026913872,
                        -1.673768775253587,
                        0.30921762409023107
                    ],
                    [
                        0.43640483741690317,
                        0.5089254833608872,
                        0.5741255115820626,
                        -1.673768775253587,
                        3.3142760642539666,
                        1.0133772470109852
                    ],
                    [
                        -0.5097868785924635,
                        -1.1317331624124152,
                        2.3443167493154164,
                        0.30921762409023107,
                        1.0133772470109852,
                        4.288987014585028
                    ]
                ]
            },
            "est_tgt": [
                0,
                1,
                2,
                3,
                4,
                5
            ],
            "oracle_est_tgt": [
                0,
                1,
                2,
                3,
                4,
                5
            ]
        }
    },
    "metric_dict": {
        "param_est_rel_err": 0.9766349010993116,
        "est_num_comp": 4,
        "weight_precision_error": 0.001955420718566525,
        "gm_score_dict": {
            "1": -8.663610771440556,
            "2": -7.1973673721462355,
            "3": -5.776207885037958,
            "4": -4.342593370960402,
            "5": -4.342848772482965,
            "6": -4.343095712278169,
            "7": -4.34324734331356
        },
        "est_dag": {
            "amat": [
                [
                    0,
                    0,
                    1,
                    1,
                    1,
                    0
                ],
                [
                    0,
                    0,
                    1,
                    1,
                    1,
                    1
                ],
                [
                    0,
                    0,
                    0,
                    1,
                    1,
                    1
                ],
                [
                    0,
                    0,
                    0,
                    0,
                    1,
                    1
                ],
                [
                    0,
                    0,
                    0,
                    0,
                    0,
                    1
                ],
                [
                    0,
                    0,
                    0,
                    0,
                    0,
                    0
                ]
            ],
            "nodes": [
                0,
                1,
                2,
                3,
                4,
                5
            ]
        },
        "oracle_est_dag": {
            "amat": [
                [
                    0,
                    0,
                    1,
                    1,
                    1,
                    0
                ],
                [
                    0,
                    0,
                    1,
                    1,
                    1,
                    1
                ],
                [
                    0,
                    0,
                    0,
                    1,
                    1,
                    1
                ],
                [
                    0,
                    0,
                    0,
                    0,
                    1,
                    1
                ],
                [
                    0,
                    0,
                    0,
                    0,
                    0,
                    1
                ],
                [
                    0,
                    0,
                    0,
                    0,
                    0,
                    0
                ]
            ],
            "nodes": [
                0,
                1,
                2,
                3,
                4,
                5
            ]
        },
        "igsp_dag": null,
        "intv_base_est_dag": null,
        "act_dag": {
            "amat": [
                [
                    0,
                    0,
                    1,
                    1,
                    1,
                    0
                ],
                [
                    0,
                    0,
                    1,
                    1,
                    1,
                    1
                ],
                [
                    0,
                    0,
                    0,
                    1,
                    1,
                    1
                ],
                [
                    0,
                    0,
                    0,
                    0,
                    1,
                    1
                ],
                [
                    0,
                    0,
                    0,
                    0,
                    0,
                    1
                ],
                [
                    0,
                    0,
                    0,
                    0,
                    0,
                    0
                ]
            ],
            "nodes": [
                0,
                1,
                2,
                3,
                4,
                5
            ]
        },
        "shd": 0,
        "oracle_shd": 0,
        "intv_base_shd": null,
        "igsp_shd": null,
        "avg_js": 0.75,
        "avg_oracle_js": 0.75
    }
}