{
    "expt_args": {
        "save_dir": "all_expt_logs/expt_logs_sim_compsel_backward_cameraready_half",
        "exp_name": "180",
        "num_nodes": 6,
        "num_tgt_prior": 7,
        "obs_noise_mean": 0.0,
        "obs_noise_var": 1.0,
        "obs_noise_gamma_shape": null,
        "noise_type": "gaussian",
        "max_edge_strength": 1.0,
        "graph_sparsity_method": "adj_dense_prop",
        "adj_dense_prop": 0.8,
        "num_parents": null,
        "new_noise_mean": 1.0,
        "mix_samples": 16384,
        "stage2_samples": 16384,
        "gmm_tol": 0.001,
        "intv_type": "do",
        "new_noise_var": null,
        "dtype": "simulation",
        "cutoff_drop_ratio": 0.07,
        "intv_targets": [
            3,
            4,
            1
        ]
    },
    "intv_args_dict": {
        "3": {
            "intv_type": "do",
            "inode": 3,
            "new_mui": 1.0,
            "new_vari": null,
            "noise_type": "gaussian",
            "obs_noise_gamma_shape": null,
            "true_params": {
                "Si": [
                    [
                        1.0,
                        0.938852524499522,
                        -0.08318361071946567,
                        0.0,
                        -0.22166721972467635,
                        -1.8178626235957718
                    ],
                    [
                        0.938852524499522,
                        1.8814440627591256,
                        0.6835962158083,
                        0.0,
                        -0.6369172343319504,
                        -2.161603248269122
                    ],
                    [
                        -0.08318361071946567,
                        0.6835962158083,
                        1.5870962858245825,
                        0.0,
                        0.23640895210417961,
                        1.0664111417212054
                    ],
                    [
                        0.0,
                        0.0,
                        0.0,
                        1e-09,
                        7.146229950345645e-10,
                        1.5189061208245685e-09
                    ],
                    [
                        -0.22166721972467635,
                        -0.6369172343319504,
                        0.23640895210417961,
                        7.146229950345645e-10,
                        1.5295849461416597,
                        2.0338140431311897
                    ],
                    [
                        -1.8178626235957718,
                        -2.161603248269122,
                        1.0664111417212054,
                        1.5189061208245685e-09,
                        2.0338140431311897,
                        6.663952653645598
                    ]
                ],
                "mui": [
                    0.0,
                    0.0,
                    0.0,
                    1.0,
                    0.7146229950345645,
                    1.5189061208245684
                ],
                "Ai": [
                    [
                        0.0,
                        0.0,
                        0.0,
                        0.0,
                        0.0,
                        0.0
                    ],
                    [
                        0.938852524499522,
                        0.0,
                        0.0,
                        0.0,
                        0.0,
                        0.0
                    ],
                    [
                        -0.7983013434569475,
                        0.7616933587292558,
                        0.0,
                        0.0,
                        0.0,
                        0.0
                    ],
                    [
                        0.0,
                        0.0,
                        0.0,
                        0.0,
                        0.0,
                        0.0
                    ],
                    [
                        0.6156616842404785,
                        -0.8436129658099262,
                        0.5445873402484559,
                        0.7146229950345645,
                        0.0,
                        0.0
                    ],
                    [
                        -0.8445140023034444,
                        -0.7843113864099138,
                        0.8539596901796758,
                        0.9838736927917167,
                        0.7486918721485776,
                        0.0
                    ]
                ]
            },
            "est_params": {
                "mui": [
                    0.003026158253711585,
                    -0.01640539185144895,
                    -0.016292358908831985,
                    0.9999987311364629,
                    0.6978207438050789,
                    1.480290945767221
                ],
                "Si": [
                    [
                        0.9976236338046331,
                        0.9418509988665377,
                        -0.049614456546869065,
                        9.820042357741543e-07,
                        -0.21163415585721057,
                        -1.7739423733984654
                    ],
                    [
                        0.9418509988665377,
                        1.9168404653333568,
                        0.7673877729439804,
                        2.2729309125792153e-06,
                        -0.6069905204614418,
                        -2.0971404923339856
                    ],
                    [
                        -0.049614456546869065,
                        0.7673877729439803,
                        1.6441819076061885,
                        2.709505022145207e-06,
                        0.24021640281428008,
                        1.01464301823819
                    ],
                    [
                        9.820042357741543e-07,
                        2.2729309125792157e-06,
                        2.709505022145207e-06,
                        1.010859687062804e-06,
                        1.390820581259606e-06,
                        3.783146654235184e-06
                    ],
                    [
                        -0.21163415585721057,
                        -0.6069905204614418,
                        0.24021640281428008,
                        1.390820581259606e-06,
                        1.5016407727322962,
                        1.976274906991807
                    ],
                    [
                        -1.7739423733984654,
                        -2.0971404923339856,
                        1.01464301823819,
                        3.783146654235184e-06,
                        1.976274906991807,
                        6.5173337540905365
                    ]
                ]
            },
            "est_tgt": [
                3
            ],
            "oracle_est_tgt": [
                3
            ]
        },
        "4": {
            "intv_type": "do",
            "inode": 4,
            "new_mui": 1.0,
            "new_vari": null,
            "noise_type": "gaussian",
            "obs_noise_gamma_shape": null,
            "true_params": {
                "Si": [
                    [
                        1.0,
                        0.938852524499522,
                        -0.08318361071946567,
                        -0.10301978655089208,
                        0.0,
                        -1.7532606356905744
                    ],
                    [
                        0.938852524499522,
                        1.8814440627591256,
                        0.6835962158083,
                        -0.2589433582163433,
                        0.0,
                        -1.939516049765642
                    ],
                    [
                        -0.08318361071946567,
                        0.6835962158083,
                        1.5870962858245825,
                        0.545876802013552,
                        0.0,
                        1.42648750578405
                    ],
                    [
                        -0.10301978655089208,
                        -0.2589433582163433,
                        0.545876802013552,
                        1.4736803818685555,
                        0.0,
                        2.2061660205683276
                    ],
                    [
                        0.0,
                        0.0,
                        0.0,
                        0.0,
                        1e-09,
                        7.486918721485776e-10
                    ],
                    [
                        -1.7532606356905744,
                        -1.939516049765642,
                        1.42648750578405,
                        2.2061660205683276,
                        7.486918721485776e-10,
                        7.390589217097331
                    ]
                ],
                "mui": [
                    0.0,
                    0.0,
                    0.0,
                    0.0,
                    1.0,
                    0.7486918721485776
                ],
                "Ai": [
                    [
                        0.0,
                        0.0,
                        0.0,
                        0.0,
                        0.0,
                        0.0
                    ],
                    [
                        0.938852524499522,
                        0.0,
                        0.0,
                        0.0,
                        0.0,
                        0.0
                    ],
                    [
                        -0.7983013434569475,
                        0.7616933587292558,
                        0.0,
                        0.0,
                        0.0,
                        0.0
                    ],
                    [
                        0.5768581896741809,
                        -0.6656043311292372,
                        0.6608714042477662,
                        0.0,
                        0.0,
                        0.0
                    ],
                    [
                        0.0,
                        0.0,
                        0.0,
                        0.0,
                        0.0,
                        0.0
                    ],
                    [
                        -0.8445140023034444,
                        -0.7843113864099138,
                        0.8539596901796758,
                        0.9838736927917167,
                        0.7486918721485776,
                        0.0
                    ]
                ]
            },
            "est_params": {
                "mui": [
                    -0.002672853141884224,
                    -0.030664354968121386,
                    -0.010809150021075662,
                    0.024433941771226857,
                    0.9999990524227879,
                    0.8065753587275996
                ],
                "Si": [
                    [
                        1.0222798076130175,
                        0.9657390378720714,
                        -0.08957374610101457,
                        -0.10883361001992277,
                        3.179030134717381e-07,
                        -1.8140523172408636
                    ],
                    [
                        0.9657390378720714,
                        1.8946723169642599,
                        0.6405194736197785,
                        -0.2681694013240689,
                        6.635927783253195e-07,
                        -2.0379489858183035
                    ],
                    [
                        -0.08957374610101457,
                        0.6405194736197785,
                        1.5438975902027678,
                        0.517831354956564,
                        -8.812859343961497e-08,
                        1.3828228383132586
                    ],
                    [
                        -0.10883361001992277,
                        -0.26816940132406897,
                        0.5178313549565638,
                        1.4342966051711998,
                        -9.775246444323163e-07,
                        2.1559503869100483
                    ],
                    [
                        3.1790301347173804e-07,
                        6.635927783253191e-07,
                        -8.812859343961517e-08,
                        -9.77524644432316e-07,
                        1.0092903797685659e-06,
                        -1.4636222186885683e-06
                    ],
                    [
                        -1.8140523172408636,
                        -2.0379489858183035,
                        1.3828228383132586,
                        2.1559503869100483,
                        -1.463622218688569e-06,
                        7.442863519639532
                    ]
                ]
            },
            "est_tgt": [
                4,
                5
            ],
            "oracle_est_tgt": [
                4,
                5
            ]
        },
        "1": {
            "intv_type": "do",
            "inode": 1,
            "new_mui": 1.0,
            "new_vari": null,
            "noise_type": "gaussian",
            "obs_noise_gamma_shape": null,
            "true_params": {
                "Si": [
                    [
                        1.0,
                        0.0,
                        -0.7983013434569475,
                        0.04928365981090965,
                        0.21613611547082726,
                        -1.315922920928733
                    ],
                    [
                        0.0,
                        1e-09,
                        7.616933587292558e-10,
                        -1.622229715396364e-10,
                        -5.447326712797097e-10,
                        -7.01299799322811e-10
                    ],
                    [
                        -0.7983013434569475,
                        7.616933587292558e-10,
                        1.6372850355453439,
                        0.6215281922866778,
                        0.8443194907198464,
                        3.3159924616175895
                    ],
                    [
                        0.04928365981090965,
                        -1.622229715396364e-10,
                        0.6215281922866778,
                        1.4391798921030883,
                        1.3972894911566358,
                        2.9512498019578706
                    ],
                    [
                        0.21613611547082726,
                        -5.447326712797097e-10,
                        0.8443194907198464,
                        1.3972894911566358,
                        2.591407632207237,
                        3.8534070384371217
                    ],
                    [
                        -1.315922920928733,
                        -7.01299799322811e-10,
                        3.3159924616175895,
                        2.9512498019578706,
                        3.8534070384371217,
                        10.731710799148606
                    ]
                ],
                "mui": [
                    0.0,
                    1.0,
                    0.7616933587292558,
                    -0.16222297153963638,
                    -0.5447326712797096,
                    -0.701299799322811
                ],
                "Ai": [
                    [
                        0.0,
                        0.0,
                        0.0,
                        0.0,
                        0.0,
                        0.0
                    ],
                    [
                        0.0,
                        0.0,
                        0.0,
                        0.0,
                        0.0,
                        0.0
                    ],
                    [
                        -0.7983013434569475,
                        0.7616933587292558,
                        0.0,
                        0.0,
                        0.0,
                        0.0
                    ],
                    [
                        0.5768581896741809,
                        -0.6656043311292372,
                        0.6608714042477662,
                        0.0,
                        0.0,
                        0.0
                    ],
                    [
                        0.6156616842404785,
                        -0.8436129658099262,
                        0.5445873402484559,
                        0.7146229950345645,
                        0.0,
                        0.0
                    ],
                    [
                        -0.8445140023034444,
                        -0.7843113864099138,
                        0.8539596901796758,
                        0.9838736927917167,
                        0.7486918721485776,
                        0.0
                    ]
                ]
            },
            "est_params": {
                "mui": [
                    -0.015852911337763943,
                    1.000000747113872,
                    0.8038698561295756,
                    -0.15893005263487217,
                    -0.5578386478779627,
                    -0.6482411191556966
                ],
                "Si": [
                    [
                        0.976463979300872,
                        1.8744845895029696e-06,
                        -0.7566232267900136,
                        0.06594867546585231,
                        0.21123859124238478,
                        -1.2603122662253847
                    ],
                    [
                        1.8744845895029696e-06,
                        1.0076328093564198e-06,
                        -1.012927801573443e-06,
                        7.375928497698085e-07,
                        2.177036181382796e-06,
                        -5.156680289860034e-07
                    ],
                    [
                        -0.7566232267900136,
                        -1.0129278015734428e-06,
                        1.5942956621624393,
                        0.6488682117673562,
                        0.8909816603909987,
                        3.302853341287009
                    ],
                    [
                        0.06594867546585231,
                        7.375928497698085e-07,
                        0.648868211767356,
                        1.5118766810659368,
                        1.4664735962827795,
                        3.08350803165979
                    ],
                    [
                        0.21123859124238478,
                        2.1770361813827957e-06,
                        0.8909816603909987,
                        1.4664735962827795,
                        2.661961160080227,
                        4.00961334659797
                    ],
                    [
                        -1.2603122662253847,
                        -5.156680289860017e-07,
                        3.302853341287009,
                        3.08350803165979,
                        4.00961334659797,
                        10.920610275668409
                    ]
                ]
            },
            "est_tgt": [
                1,
                2
            ],
            "oracle_est_tgt": [
                1,
                2
            ]
        },
        "obs": {
            "intv_type": "obs",
            "noise_type": "gaussian",
            "obs_noise_gamma_shape": null,
            "true_params": {
                "Si": [
                    [
                        1.0,
                        0.938852524499522,
                        -0.08318361071946567,
                        -0.10301978655089208,
                        -0.29528752813749637,
                        -1.9743400079539624
                    ],
                    [
                        0.938852524499522,
                        1.8814440627591256,
                        0.6835962158083,
                        -0.2589433582163433,
                        -0.8219641125248216,
                        -2.5549139000107948
                    ],
                    [
                        -0.08318361071946567,
                        0.6835962158083,
                        1.5870962858245825,
                        0.545876802013552,
                        0.6265050672789941,
                        1.895546757515731
                    ],
                    [
                        -0.10301978655089208,
                        -0.2589433582163433,
                        0.545876802013552,
                        1.4736803818685555,
                        1.5054261230301358,
                        3.3332663230011352
                    ],
                    [
                        -0.29528752813749637,
                        -0.8219641125248216,
                        0.6265050672789941,
                        1.5054261230301358,
                        2.928621218932766,
                        5.102844400148391
                    ],
                    [
                        -1.9743400079539624,
                        -2.5549139000107948,
                        1.895546757515731,
                        3.3332663230011352,
                        5.102844400148391,
                        13.389897540369043
                    ]
                ],
                "mui": [
                    0.0,
                    0.0,
                    0.0,
                    0.0,
                    0.0,
                    0.0
                ],
                "Ai": [
                    [
                        0.0,
                        0.0,
                        0.0,
                        0.0,
                        0.0,
                        0.0
                    ],
                    [
                        0.938852524499522,
                        0.0,
                        0.0,
                        0.0,
                        0.0,
                        0.0
                    ],
                    [
                        -0.7983013434569475,
                        0.7616933587292558,
                        0.0,
                        0.0,
                        0.0,
                        0.0
                    ],
                    [
                        0.5768581896741809,
                        -0.6656043311292372,
                        0.6608714042477662,
                        0.0,
                        0.0,
                        0.0
                    ],
                    [
                        0.6156616842404785,
                        -0.8436129658099262,
                        0.5445873402484559,
                        0.7146229950345645,
                        0.0,
                        0.0
                    ],
                    [
                        -0.8445140023034444,
                        -0.7843113864099138,
                        0.8539596901796758,
                        0.9838736927917167,
                        0.7486918721485776,
                        0.0
                    ]
                ]
            },
            "est_params": {
                "mui": [
                    -0.01644909219373829,
                    -0.012089916410225212,
                    0.011973397359918096,
                    0.0017133524718954032,
                    0.019924661501974063,
                    0.04661168648798467
                ],
                "Si": [
                    [
                        1.0075941040931211,
                        0.9471244509435336,
                        -0.04509683203179219,
                        -0.08187682402654291,
                        -0.2584438999918957,
                        -1.889366587382999
                    ],
                    [
                        0.9471244509435336,
                        1.8888206969736916,
                        0.7157300744971591,
                        -0.24964978140652205,
                        -0.8158168129679026,
                        -2.5291196700090244
                    ],
                    [
                        -0.04509683203179219,
                        0.7157300744971591,
                        1.5747556259470974,
                        0.508592909983208,
                        0.6040561820876538,
                        1.7688563851229897
                    ],
                    [
                        -0.08187682402654291,
                        -0.24964978140652205,
                        0.508592909983208,
                        1.4600488771209115,
                        1.5123711524060504,
                        3.2672268323316467
                    ],
                    [
                        -0.2584438999918957,
                        -0.8158168129679026,
                        0.6040561820876538,
                        1.5123711524060504,
                        3.0121414931420656,
                        5.139784469707355
                    ],
                    [
                        -1.889366587382999,
                        -2.5291196700090244,
                        1.7688563851229897,
                        3.2672268323316467,
                        5.139784469707355,
                        13.148683881773968
                    ]
                ]
            },
            "est_tgt": [
                0,
                1,
                2,
                3,
                4,
                5
            ],
            "oracle_est_tgt": [
                0,
                1,
                2,
                3,
                4,
                5
            ]
        }
    },
    "metric_dict": {
        "param_est_rel_err": 5.412114431785548,
        "est_num_comp": 4,
        "weight_precision_error": 0.0014251251633380924,
        "gm_score_dict": {
            "1": -8.709720718703808,
            "2": -7.292826274692078,
            "3": -5.822982634898347,
            "4": -4.355335187156234,
            "5": -4.35464528612476,
            "6": -4.354509465226429,
            "7": -4.353821519112098
        },
        "est_dag": {
            "amat": [
                [
                    0,
                    1,
                    0,
                    1,
                    1,
                    1
                ],
                [
                    0,
                    0,
                    0,
                    1,
                    1,
                    1
                ],
                [
                    0,
                    1,
                    0,
                    1,
                    0,
                    1
                ],
                [
                    0,
                    0,
                    0,
                    0,
                    0,
                    1
                ],
                [
                    0,
                    0,
                    0,
                    0,
                    0,
                    0
                ],
                [
                    0,
                    0,
                    0,
                    0,
                    1,
                    0
                ]
            ],
            "nodes": [
                0,
                1,
                2,
                3,
                4,
                5
            ]
        },
        "oracle_est_dag": {
            "amat": [
                [
                    0,
                    1,
                    0,
                    1,
                    1,
                    1
                ],
                [
                    0,
                    0,
                    0,
                    1,
                    1,
                    1
                ],
                [
                    0,
                    1,
                    0,
                    1,
                    0,
                    1
                ],
                [
                    0,
                    0,
                    0,
                    0,
                    0,
                    1
                ],
                [
                    0,
                    0,
                    0,
                    0,
                    0,
                    0
                ],
                [
                    0,
                    0,
                    0,
                    0,
                    1,
                    0
                ]
            ],
            "nodes": [
                0,
                1,
                2,
                3,
                4,
                5
            ]
        },
        "igsp_dag": null,
        "intv_base_est_dag": null,
        "act_dag": {
            "amat": [
                [
                    0,
                    1,
                    1,
                    1,
                    1,
                    1
                ],
                [
                    0,
                    0,
                    1,
                    1,
                    1,
                    1
                ],
                [
                    0,
                    0,
                    0,
                    1,
                    1,
                    1
                ],
                [
                    0,
                    0,
                    0,
                    0,
                    1,
                    1
                ],
                [
                    0,
                    0,
                    0,
                    0,
                    0,
                    1
                ],
                [
                    0,
                    0,
                    0,
                    0,
                    0,
                    0
                ]
            ],
            "nodes": [
                0,
                1,
                2,
                3,
                4,
                5
            ]
        },
        "shd": 5,
        "oracle_shd": 5,
        "intv_base_shd": null,
        "igsp_shd": null,
        "avg_js": 0.5,
        "avg_oracle_js": 0.5
    }
}