{
    "expt_args": {
        "save_dir": "all_expt_logs/expt_logs_sim_compsel_backward_cameraready_half",
        "exp_name": "322",
        "num_nodes": 8,
        "num_tgt_prior": 9,
        "obs_noise_mean": 0.0,
        "obs_noise_var": 1.0,
        "obs_noise_gamma_shape": null,
        "noise_type": "gaussian",
        "max_edge_strength": 1.0,
        "graph_sparsity_method": "adj_dense_prop",
        "adj_dense_prop": 0.8,
        "num_parents": null,
        "new_noise_mean": 1.0,
        "mix_samples": 8192,
        "stage2_samples": 8192,
        "gmm_tol": 0.001,
        "intv_type": "do",
        "new_noise_var": null,
        "dtype": "simulation",
        "cutoff_drop_ratio": 0.07,
        "intv_targets": [
            0,
            3,
            4,
            6
        ]
    },
    "intv_args_dict": {
        "0": {
            "intv_type": "do",
            "inode": 0,
            "new_mui": 1.0,
            "new_vari": null,
            "noise_type": "gaussian",
            "obs_noise_gamma_shape": null,
            "true_params": {
                "Si": [
                    [
                        1e-09,
                        -9.551930189043152e-10,
                        1.4078620279919987e-09,
                        7.555285129624363e-10,
                        2.0639942527186665e-09,
                        2.311820682525534e-09,
                        3.978646891624889e-09,
                        -2.6182729821866064e-09
                    ],
                    [
                        -9.551930189043152e-10,
                        1.0000000009123937,
                        -0.8047029004628597,
                        -0.37734713121681146,
                        -1.1260389405285156,
                        -1.7814563790897044,
                        -2.099284871731787,
                        0.7784686729407968
                    ],
                    [
                        1.4078620279919987e-09,
                        -0.8047029004628597,
                        1.647546757831118,
                        -0.22227295228850952,
                        2.0378975465131584,
                        2.5317723119951063,
                        2.3272693332474477,
                        -0.17343139365318916
                    ],
                    [
                        7.555285129624363e-10,
                        -0.37734713121681146,
                        -0.22227295228850952,
                        1.4189882610100917,
                        -0.8858643463745264,
                        0.5820258725489195,
                        1.2185246914369905,
                        -0.08923332221685643
                    ],
                    [
                        2.0639942527186665e-09,
                        -1.1260389405285156,
                        2.0378975465131584,
                        -0.8858643463745264,
                        4.060873448745544,
                        3.5441447952674343,
                        3.77907095426896,
                        -1.9113144479614022
                    ],
                    [
                        2.311820682525534e-09,
                        -1.7814563790897044,
                        2.5317723119951063,
                        0.5820258725489195,
                        3.5441447952674343,
                        6.03191982772106,
                        6.543416082415517,
                        -1.3315125016325426
                    ],
                    [
                        3.978646891624889e-09,
                        -2.099284871731787,
                        2.3272693332474477,
                        1.2185246914369905,
                        3.77907095426896,
                        6.543416082415517,
                        8.800719142283228,
                        -3.147838925943447
                    ],
                    [
                        -2.6182729821866064e-09,
                        0.7784686729407968,
                        -0.17343139365318916,
                        -0.08923332221685643,
                        -1.9113144479614022,
                        -1.3315125016325426,
                        -3.147838925943447,
                        4.089815549512862
                    ]
                ],
                "mui": [
                    1.0,
                    -0.9551930189043151,
                    1.4078620279919987,
                    0.7555285129624362,
                    2.0639942527186665,
                    2.311820682525534,
                    3.9786468916248894,
                    -2.6182729821866064
                ],
                "Ai": [
                    [
                        0.0,
                        0.0,
                        0.0,
                        0.0,
                        0.0,
                        0.0,
                        0.0,
                        0.0
                    ],
                    [
                        -0.9551930189043151,
                        0.0,
                        0.0,
                        0.0,
                        0.0,
                        0.0,
                        0.0,
                        0.0
                    ],
                    [
                        0.6392154364623457,
                        -0.8047028991180798,
                        0.0,
                        0.0,
                        0.0,
                        0.0,
                        0.0,
                        0.0
                    ],
                    [
                        0.7312687276798783,
                        -0.800560730634251,
                        -0.5259252832355137,
                        0.0,
                        0.0,
                        0.0,
                        0.0,
                        0.0
                    ],
                    [
                        0.7882201146822853,
                        -0.7881370151533251,
                        0.755447506629381,
                        -0.7155450604810958,
                        0.0,
                        0.0,
                        0.0,
                        0.0
                    ],
                    [
                        -0.9558088609284943,
                        -0.0,
                        0.8680809825802337,
                        0.9481656992281986,
                        0.6439577379281738,
                        0.0,
                        0.0,
                        0.0
                    ],
                    [
                        0.9253532744500756,
                        0.0,
                        -0.707814422107421,
                        0.7621604950798611,
                        0.6367200758491398,
                        0.9342325374197693,
                        0.0,
                        0.0
                    ],
                    [
                        -0.7032246920682036,
                        0.5275773750778101,
                        0.9738427763023466,
                        0.0,
                        -0.8449520015160985,
                        0.8273473125068496,
                        -0.7416714688722604,
                        0.0
                    ]
                ]
            },
            "est_params": {
                "mui": [
                    0.9999987103741426,
                    -0.9198881785047094,
                    1.3325515558297583,
                    0.7608193510691132,
                    1.9758730570947884,
                    2.219581766629327,
                    3.851837800288124,
                    -2.6016412011620784
                ],
                "Si": [
                    [
                        1.0041718071779465e-06,
                        1.4109117529724628e-07,
                        -1.3483248114505868e-06,
                        5.571607167121759e-07,
                        -7.918368940424901e-07,
                        -3.585597158783758e-07,
                        6.484295227948817e-07,
                        -1.3909198440239067e-06
                    ],
                    [
                        1.410911752972462e-07,
                        1.0331582291431844,
                        -0.8379976410752956,
                        -0.40904118836458586,
                        -1.1618485032144468,
                        -1.8201724913302773,
                        -2.2010975288847505,
                        0.8295209303352261
                    ],
                    [
                        -1.3483248114505866e-06,
                        -0.8379976410752956,
                        1.6209730224543182,
                        -0.11945156843267865,
                        1.9759398023474386,
                        2.561941827868644,
                        2.494446793861991,
                        -0.32811815335352595
                    ],
                    [
                        5.571607167121757e-07,
                        -0.40904118836458586,
                        -0.11945156843267868,
                        1.436995825732147,
                        -0.7748661022487375,
                        0.7543910414143529,
                        1.3987681063644533,
                        -0.03167952140991525
                    ],
                    [
                        -7.918368940424903e-07,
                        -1.1618485032144465,
                        1.9759398023474386,
                        -0.7748661022487375,
                        3.9236398588378254,
                        3.438844675355441,
                        3.8194698184204467,
                        -2.059676870973144
                    ],
                    [
                        -3.585597158783758e-07,
                        -1.8201724913302773,
                        2.5619418278686443,
                        0.7543910414143529,
                        3.438844675355441,
                        6.057320219264108,
                        6.75049924062672,
                        -1.4507379530499218
                    ],
                    [
                        6.484295227948814e-07,
                        -2.2010975288847505,
                        2.494446793861991,
                        1.3987681063644533,
                        3.8194698184204467,
                        6.75049924062672,
                        9.163347897043856,
                        -3.2177438866071117
                    ],
                    [
                        -1.3909198440239063e-06,
                        0.8295209303352262,
                        -0.32811815335352595,
                        -0.031679521409915236,
                        -2.059676870973144,
                        -1.4507379530499218,
                        -3.217743886607112,
                        3.9891698664054807
                    ]
                ]
            },
            "est_tgt": [
                0,
                7
            ],
            "oracle_est_tgt": [
                0
            ]
        },
        "3": {
            "intv_type": "do",
            "inode": 3,
            "new_mui": 1.0,
            "new_vari": null,
            "noise_type": "gaussian",
            "obs_noise_gamma_shape": null,
            "true_params": {
                "Si": [
                    [
                        1.0,
                        -0.9551930189043151,
                        1.4078620279919987,
                        0.0,
                        2.604608948221565,
                        1.9435874781524394,
                        3.4030176951805644,
                        -2.9527954515620403
                    ],
                    [
                        -0.9551930189043151,
                        1.9123937033635392,
                        -2.1494828798365084,
                        0.0,
                        -3.8839520981864624,
                        -3.454044266371622,
                        -5.062326819237963,
                        3.7660348174349103
                    ],
                    [
                        1.4078620279919987,
                        -2.1494828798365084,
                        3.629622245710786,
                        0.0,
                        5.545781265726955,
                        5.376407803054155,
                        7.287596137467436,
                        -4.232145037408324
                    ],
                    [
                        0.0,
                        0.0,
                        0.0,
                        1e-09,
                        -7.155450604810958e-10,
                        4.873849206951139e-10,
                        7.618894410579898e-10,
                        4.4276617445418144e-10
                    ],
                    [
                        2.604608948221565,
                        -3.8839520981864624,
                        5.545781265726955,
                        -7.155450604810958e-10,
                        10.303638207550245,
                        8.959786490249396,
                        13.415856825177295,
                        -9.723374244612783
                    ],
                    [
                        1.9435874781524394,
                        -3.454044266371622,
                        5.376407803054155,
                        4.873849206951139e-10,
                        8.959786490249396,
                        9.579183075862051,
                        12.64706650036219,
                        -6.9785249543427526
                    ],
                    [
                        3.4030176951805644,
                        -5.062326819237963,
                        7.287596137467436,
                        7.618894410579898e-10,
                        13.415856825177295,
                        12.64706650036219,
                        19.348174322091797,
                        -13.189109776573295
                    ],
                    [
                        -2.9527954515620403,
                        3.7660348174349103,
                        -4.232145037408324,
                        4.4276617445418144e-10,
                        -9.723374244612783,
                        -6.9785249543427526,
                        -13.189109776573295,
                        13.166016647001937
                    ]
                ],
                "mui": [
                    0.0,
                    0.0,
                    0.0,
                    1.0,
                    -0.7155450604810958,
                    0.48738492069511385,
                    0.7618894410579897,
                    0.4427661744541814
                ],
                "Ai": [
                    [
                        0.0,
                        0.0,
                        0.0,
                        0.0,
                        0.0,
                        0.0,
                        0.0,
                        0.0
                    ],
                    [
                        -0.9551930189043151,
                        0.0,
                        0.0,
                        0.0,
                        0.0,
                        0.0,
                        0.0,
                        0.0
                    ],
                    [
                        0.6392154364623457,
                        -0.8047028991180798,
                        0.0,
                        0.0,
                        0.0,
                        0.0,
                        0.0,
                        0.0
                    ],
                    [
                        0.0,
                        0.0,
                        0.0,
                        0.0,
                        0.0,
                        0.0,
                        0.0,
                        0.0
                    ],
                    [
                        0.7882201146822853,
                        -0.7881370151533251,
                        0.755447506629381,
                        -0.7155450604810958,
                        0.0,
                        0.0,
                        0.0,
                        0.0
                    ],
                    [
                        -0.9558088609284943,
                        -0.0,
                        0.8680809825802337,
                        0.9481656992281986,
                        0.6439577379281738,
                        0.0,
                        0.0,
                        0.0
                    ],
                    [
                        0.9253532744500756,
                        0.0,
                        -0.707814422107421,
                        0.7621604950798611,
                        0.6367200758491398,
                        0.9342325374197693,
                        0.0,
                        0.0
                    ],
                    [
                        -0.7032246920682036,
                        0.5275773750778101,
                        0.9738427763023466,
                        0.0,
                        -0.8449520015160985,
                        0.8273473125068496,
                        -0.7416714688722604,
                        0.0
                    ]
                ]
            },
            "est_params": {
                "mui": [
                    -0.039770355157474284,
                    0.0354211614499795,
                    -0.02897306595687575,
                    0.9999982192136816,
                    -0.8294118493902328,
                    0.4283311590309327,
                    0.5745932531487671,
                    0.6240162850893289
                ],
                "Si": [
                    [
                        1.0521211950761498,
                        -0.99990325916617,
                        1.4708414579201117,
                        -1.0109921905704715e-07,
                        2.7223809434047928,
                        2.054607972775885,
                        3.587810588339326,
                        -3.0871971151632294
                    ],
                    [
                        -0.99990325916617,
                        2.0071219070230066,
                        -2.248128629798963,
                        5.997676460286962e-06,
                        -4.080570642459282,
                        -3.744174488040241,
                        -5.427477653812587,
                        3.9861269350416104
                    ],
                    [
                        1.470841457920112,
                        -2.248128629798963,
                        3.785318837944667,
                        -8.53412772062571e-06,
                        5.82803811317698,
                        5.710406044456148,
                        7.735489642279304,
                        -4.472539336625057
                    ],
                    [
                        -1.0109921905704874e-07,
                        5.997676460286962e-06,
                        -8.534127720625708e-06,
                        1.014337642925777e-06,
                        -1.0582462979577044e-05,
                        -1.3058081521963836e-05,
                        -8.720266016623405e-06,
                        7.99198572182237e-07
                    ],
                    [
                        2.7223809434047928,
                        -4.080570642459282,
                        5.82803811317698,
                        -1.0582462979577042e-05,
                        10.82366283428958,
                        9.592033373676411,
                        14.297876951598756,
                        -10.236417234764849
                    ],
                    [
                        2.054607972775885,
                        -3.7441744880402412,
                        5.710406044456148,
                        -1.3058081521963836e-05,
                        9.592033373676411,
                        10.374936551461662,
                        13.756568283007764,
                        -7.638221400471754
                    ],
                    [
                        3.587810588339326,
                        -5.427477653812587,
                        7.735489642279304,
                        -8.720266016623405e-06,
                        14.297876951598756,
                        13.756568283007764,
                        20.92758690404354,
                        -14.153103472391113
                    ],
                    [
                        -3.0871971151632294,
                        3.9861269350416104,
                        -4.472539336625057,
                        7.99198572182236e-07,
                        -10.236417234764849,
                        -7.6382214004717515,
                        -14.153103472391113,
                        13.741941110678445
                    ]
                ]
            },
            "est_tgt": [
                2,
                3,
                4,
                5,
                6,
                7
            ],
            "oracle_est_tgt": [
                1,
                3,
                4,
                5,
                6,
                7
            ]
        },
        "4": {
            "intv_type": "do",
            "inode": 4,
            "new_mui": 1.0,
            "new_vari": null,
            "noise_type": "gaussian",
            "obs_noise_gamma_shape": null,
            "true_params": {
                "Si": [
                    [
                        1.0,
                        -0.9551930189043151,
                        1.4078620279919987,
                        0.7555285129624362,
                        0.0,
                        0.9826956124480698,
                        1.4227484277149736,
                        -0.07830799393189147
                    ],
                    [
                        -0.9551930189043151,
                        1.9123937033635392,
                        -2.1494828798365084,
                        -1.0990226916600132,
                        0.0,
                        -1.9949988779075567,
                        -2.0638805479904545,
                        -0.532443051079827
                    ],
                    [
                        1.4078620279919987,
                        -2.1494828798365084,
                        3.629622245710786,
                        0.841406951112885,
                        0.0,
                        2.602952254269596,
                        1.8067205929729273,
                        2.224171964185327
                    ],
                    [
                        0.7555285129624362,
                        -1.0990226916600132,
                        0.841406951112885,
                        1.9898115943384984,
                        0.0,
                        1.8949396271766257,
                        3.3904408545622218,
                        -1.2385477722422036
                    ],
                    [
                        0.0,
                        0.0,
                        0.0,
                        0.0,
                        1e-09,
                        6.439577379281738e-10,
                        1.2383263473448725e-09,
                        -1.2306066186517264e-09
                    ],
                    [
                        0.9826956124480698,
                        -1.9949988779075567,
                        2.602952254269596,
                        1.8949396271766257,
                        6.439577379281738e-10,
                        4.117020933534196,
                        4.357436495288865,
                        0.9657140375014985
                    ],
                    [
                        1.4227484277149736,
                        -2.0638805479904545,
                        1.8067205929729273,
                        3.3904408545622218,
                        1.2383263473448725e-09,
                        4.357436495288865,
                        7.692641058559859,
                        -2.430205729348931
                    ],
                    [
                        -0.07830799393189147,
                        -0.532443051079827,
                        2.224171964185327,
                        -1.2385477722422036,
                        -1.2306066186517264e-09,
                        0.9657140375014985,
                        -2.430205729348931,
                        5.5415521757930115
                    ]
                ],
                "mui": [
                    0.0,
                    0.0,
                    0.0,
                    0.0,
                    1.0,
                    0.6439577379281738,
                    1.2383263473448725,
                    -1.2306066186517264
                ],
                "Ai": [
                    [
                        0.0,
                        0.0,
                        0.0,
                        0.0,
                        0.0,
                        0.0,
                        0.0,
                        0.0
                    ],
                    [
                        -0.9551930189043151,
                        0.0,
                        0.0,
                        0.0,
                        0.0,
                        0.0,
                        0.0,
                        0.0
                    ],
                    [
                        0.6392154364623457,
                        -0.8047028991180798,
                        0.0,
                        0.0,
                        0.0,
                        0.0,
                        0.0,
                        0.0
                    ],
                    [
                        0.7312687276798783,
                        -0.800560730634251,
                        -0.5259252832355137,
                        0.0,
                        0.0,
                        0.0,
                        0.0,
                        0.0
                    ],
                    [
                        0.0,
                        0.0,
                        0.0,
                        0.0,
                        0.0,
                        0.0,
                        0.0,
                        0.0
                    ],
                    [
                        -0.9558088609284943,
                        -0.0,
                        0.8680809825802337,
                        0.9481656992281986,
                        0.6439577379281738,
                        0.0,
                        0.0,
                        0.0
                    ],
                    [
                        0.9253532744500756,
                        0.0,
                        -0.707814422107421,
                        0.7621604950798611,
                        0.6367200758491398,
                        0.9342325374197693,
                        0.0,
                        0.0
                    ],
                    [
                        -0.7032246920682036,
                        0.5275773750778101,
                        0.9738427763023466,
                        0.0,
                        -0.8449520015160985,
                        0.8273473125068496,
                        -0.7416714688722604,
                        0.0
                    ]
                ]
            },
            "est_params": {
                "mui": [
                    -0.014603756477743444,
                    0.012509556123012213,
                    -0.0012134205734794406,
                    -0.04658799181881407,
                    0.9999988145801729,
                    0.5635701713821731,
                    1.1278954655325648,
                    -1.223475971477837
                ],
                "Si": [
                    [
                        0.9872911991537854,
                        -0.9412346293834051,
                        1.3876902230100934,
                        0.7592544666089369,
                        -1.2715728561298224e-06,
                        0.9811753463809688,
                        1.431256555876988,
                        -0.11287005564056586
                    ],
                    [
                        -0.9412346293834051,
                        1.8193987962899212,
                        -2.075338060562654,
                        -1.005967086201062,
                        2.594239244794379e-06,
                        -1.855862746145938,
                        -1.9292157042247506,
                        -0.45588008817704917
                    ],
                    [
                        1.387690223010093,
                        -2.075338060562654,
                        3.621731950101692,
                        0.7395788343939028,
                        1.2806585153046695e-07,
                        2.5113633813874747,
                        1.6624838189464635,
                        2.2716795263534406
                    ],
                    [
                        0.7592544666089369,
                        -1.0059670862010621,
                        0.7395788343939028,
                        1.9187599210605164,
                        -3.250024786441521e-06,
                        1.758507421634358,
                        3.2741982824891225,
                        -1.2987457730857501
                    ],
                    [
                        -1.2715728561298227e-06,
                        2.5942392447943786e-06,
                        1.2806585153046721e-07,
                        -3.2500247864415207e-06,
                        1.006000094018669e-06,
                        -4.047358284762985e-06,
                        -5.8076764711540696e-06,
                        3.058077658209203e-06
                    ],
                    [
                        0.9811753463809688,
                        -1.855862746145938,
                        2.5113633813874747,
                        1.758507421634358,
                        -4.047358284762985e-06,
                        3.95224299613645,
                        4.097729531187433,
                        1.049668195677308
                    ],
                    [
                        1.431256555876988,
                        -1.9292157042247506,
                        1.6624838189464635,
                        3.2741982824891225,
                        -5.8076764711540696e-06,
                        4.097729531187432,
                        7.405332625897169,
                        -2.5021241570101522
                    ],
                    [
                        -0.11287005564056588,
                        -0.45588008817704906,
                        2.2716795263534406,
                        -1.2987457730857503,
                        3.0580776582092036e-06,
                        1.049668195677308,
                        -2.5021241570101522,
                        5.85081145621543
                    ]
                ]
            },
            "est_tgt": [
                1,
                2,
                3,
                4,
                5,
                6
            ],
            "oracle_est_tgt": [
                1,
                3,
                4,
                5,
                6,
                7
            ]
        },
        "6": {
            "intv_type": "do",
            "inode": 6,
            "new_mui": 1.0,
            "new_vari": null,
            "noise_type": "gaussian",
            "obs_noise_gamma_shape": null,
            "true_params": {
                "Si": [
                    [
                        1.0,
                        -0.9551930189043151,
                        1.4078620279919987,
                        0.7555285129624362,
                        2.0639942527186665,
                        2.311820682525534,
                        0.0,
                        0.33257590204887855
                    ],
                    [
                        -0.9551930189043151,
                        1.9123937033635392,
                        -2.1494828798365084,
                        -1.0990226916600132,
                        -3.0975518398125015,
                        -3.9896913537884684,
                        0.0,
                        -1.0961852010330526
                    ],
                    [
                        1.4078620279919987,
                        -2.1494828798365084,
                        3.629622245710786,
                        0.841406951112885,
                        4.943716678003671,
                        5.7864968631946265,
                        0.0,
                        2.0208588546493926
                    ],
                    [
                        0.7555285129624362,
                        -1.0990226916600132,
                        0.841406951112885,
                        1.9898115943384984,
                        0.673542160585616,
                        2.3286723133065936,
                        0.0,
                        1.0657822520091937
                    ],
                    [
                        2.0639942527186665,
                        -3.0975518398125015,
                        4.943716678003671,
                        0.673542160585616,
                        8.320945719741157,
                        8.315729392544696,
                        0.0,
                        1.577949407398929
                    ],
                    [
                        2.311820682525534,
                        -3.9896913537884684,
                        5.7864968631946265,
                        2.3286723133065936,
                        8.315729392544696,
                        11.37643469052937,
                        0.0,
                        4.290408363752273
                    ],
                    [
                        0.0,
                        0.0,
                        0.0,
                        0.0,
                        0.0,
                        0.0,
                        1e-09,
                        -7.416714688722604e-10
                    ],
                    [
                        0.33257590204887855,
                        -1.0961852010330526,
                        2.0208588546493926,
                        1.0657822520091937,
                        1.577949407398929,
                        4.290408363752273,
                        -7.416714688722604e-10,
                        4.372167020043721
                    ]
                ],
                "mui": [
                    0.0,
                    0.0,
                    0.0,
                    0.0,
                    0.0,
                    0.0,
                    1.0,
                    -0.7416714688722604
                ],
                "Ai": [
                    [
                        0.0,
                        0.0,
                        0.0,
                        0.0,
                        0.0,
                        0.0,
                        0.0,
                        0.0
                    ],
                    [
                        -0.9551930189043151,
                        0.0,
                        0.0,
                        0.0,
                        0.0,
                        0.0,
                        0.0,
                        0.0
                    ],
                    [
                        0.6392154364623457,
                        -0.8047028991180798,
                        0.0,
                        0.0,
                        0.0,
                        0.0,
                        0.0,
                        0.0
                    ],
                    [
                        0.7312687276798783,
                        -0.800560730634251,
                        -0.5259252832355137,
                        0.0,
                        0.0,
                        0.0,
                        0.0,
                        0.0
                    ],
                    [
                        0.7882201146822853,
                        -0.7881370151533251,
                        0.755447506629381,
                        -0.7155450604810958,
                        0.0,
                        0.0,
                        0.0,
                        0.0
                    ],
                    [
                        -0.9558088609284943,
                        -0.0,
                        0.8680809825802337,
                        0.9481656992281986,
                        0.6439577379281738,
                        0.0,
                        0.0,
                        0.0
                    ],
                    [
                        0.0,
                        0.0,
                        0.0,
                        0.0,
                        0.0,
                        0.0,
                        0.0,
                        0.0
                    ],
                    [
                        -0.7032246920682036,
                        0.5275773750778101,
                        0.9738427763023466,
                        0.0,
                        -0.8449520015160985,
                        0.8273473125068496,
                        -0.7416714688722604,
                        0.0
                    ]
                ]
            },
            "est_params": {
                "mui": [
                    -0.023425746633550643,
                    0.021842083898942967,
                    -0.04052298920734912,
                    -0.02743642433253649,
                    -0.03904353702802959,
                    -0.05124581492687979,
                    1.0000014672586097,
                    -0.7397004049475263
                ],
                "Si": [
                    [
                        0.990533770740237,
                        -0.9746863458099119,
                        1.414664997813923,
                        0.7423073600911475,
                        2.0762973860983815,
                        2.350244757185917,
                        -2.1804977557663039e-07,
                        0.37019428665921644
                    ],
                    [
                        -0.9746863458099119,
                        1.9698215193353477,
                        -2.174746472974692,
                        -1.1883757948732503,
                        -3.085077292656382,
                        -4.111663423134909,
                        3.8146014676656993e-07,
                        -1.164054049435211
                    ],
                    [
                        1.414664997813923,
                        -2.174746472974692,
                        3.5859561251639516,
                        0.9100376866725749,
                        4.906936638701082,
                        5.8911366556157985,
                        8.309381406543085e-07,
                        2.040915816216712
                    ],
                    [
                        0.7423073600911475,
                        -1.1883757948732503,
                        0.9100376866725749,
                        2.0631775728309325,
                        0.6779731244999203,
                        2.454258709882371,
                        -4.730439679263098e-07,
                        1.1910214676059316
                    ],
                    [
                        2.0762973860983815,
                        -3.085077292656382,
                        4.906936638701082,
                        0.6779731244999204,
                        8.36195185088256,
