{
    "expt_args": {
        "save_dir": "all_expt_logs/expt_logs_sim_compsel_backward_cameraready_half",
        "exp_name": "88",
        "num_nodes": 8,
        "num_tgt_prior": 9,
        "obs_noise_mean": 0.0,
        "obs_noise_var": 1.0,
        "obs_noise_gamma_shape": null,
        "noise_type": "gaussian",
        "max_edge_strength": 1.0,
        "graph_sparsity_method": "adj_dense_prop",
        "adj_dense_prop": 0.8,
        "num_parents": null,
        "new_noise_mean": 1.0,
        "mix_samples": 1024,
        "stage2_samples": 1024,
        "gmm_tol": 0.001,
        "intv_type": "do",
        "new_noise_var": null,
        "dtype": "simulation",
        "cutoff_drop_ratio": 0.07,
        "intv_targets": [
            5,
            0,
            6,
            7
        ]
    },
    "intv_args_dict": {
        "5": {
            "intv_type": "do",
            "inode": 5,
            "new_mui": 1.0,
            "new_vari": null,
            "noise_type": "gaussian",
            "obs_noise_gamma_shape": null,
            "true_params": {
                "Si": [
                    [
                        1.0,
                        0.0,
                        -0.5193641510393365,
                        0.5492525270283053,
                        0.05680861221109248,
                        0.0,
                        -0.21197109778972462,
                        0.9804240686926554
                    ],
                    [
                        0.0,
                        1.0,
                        0.0,
                        0.6941259047527106,
                        -1.1625750627278615,
                        0.0,
                        1.5292532156369636,
                        -1.3146353697561262
                    ],
                    [
                        -0.5193641510393365,
                        0.0,
                        1.2697391213848108,
                        -0.285262072406266,
                        0.6576031997661501,
                        0.0,
                        -1.0567570073526213,
                        -0.6999677882791129
                    ],
                    [
                        0.5492525270283053,
                        0.6941259047527106,
                        -0.285262072406266,
                        1.7834891100957484,
                        -1.4504605258587562,
                        0.0,
                        1.4213815505687428,
                        -0.11382676424940757
                    ],
                    [
                        0.05680861221109248,
                        -1.1625750627278615,
                        0.6576031997661501,
                        -1.4504605258587562,
                        3.2821304842588916,
                        0.0,
                        -3.6189999451985524,
                        2.21901381580126
                    ],
                    [
                        0.0,
                        0.0,
                        0.0,
                        0.0,
                        0.0,
                        1e-09,
                        -8.011792940899555e-10,
                        9.517607701648297e-10
                    ],
                    [
                        -0.21197109778972462,
                        1.5292532156369636,
                        -1.0567570073526213,
                        1.4213815505687428,
                        -3.6189999451985524,
                        -8.011792940899555e-10,
                        5.470352438686978,
                        -2.5364322592633006
                    ],
                    [
                        0.9804240686926554,
                        -1.3146353697561262,
                        -0.6999677882791129,
                        -0.11382676424940757,
                        2.21901381580126,
                        9.517607701648297e-10,
                        -2.5364322592633006,
                        4.68017666830138
                    ]
                ],
                "mui": [
                    0.0,
                    0.0,
                    0.0,
                    0.0,
                    0.0,
                    1.0,
                    -0.8011792940899555,
                    0.9517607701648297
                ],
                "Ai": [
                    [
                        0.0,
                        0.0,
                        0.0,
                        0.0,
                        0.0,
                        0.0,
                        0.0,
                        0.0
                    ],
                    [
                        -0.0,
                        0.0,
                        0.0,
                        0.0,
                        0.0,
                        0.0,
                        0.0,
                        0.0
                    ],
                    [
                        -0.5193641510393365,
                        0.0,
                        0.0,
                        0.0,
                        0.0,
                        0.0,
                        0.0,
                        0.0
                    ],
                    [
                        0.5492525270283053,
                        0.6941259047527106,
                        0.0,
                        0.0,
                        0.0,
                        0.0,
                        0.0,
                        0.0
                    ],
                    [
                        0.7842424657105952,
                        -0.6942557194391624,
                        0.6871075564188871,
                        -0.6746893324137535,
                        0.0,
                        0.0,
                        0.0,
                        0.0
                    ],
                    [
                        0.0,
                        0.0,
                        0.0,
                        0.0,
                        0.0,
                        0.0,
                        0.0,
                        0.0
                    ],
                    [
                        -0.5259512141265292,
                        0.7085057704838755,
                        -0.6817673169819713,
                        -0.0,
                        -0.7059737228728178,
                        -0.8011792940899555,
                        0.0,
                        0.0
                    ],
                    [
                        0.0,
                        -0.8415422356927871,
                        -0.8377414990828109,
                        0.8954733034995558,
                        0.941585955291653,
                        0.9517607701648297,
                        -0.0,
                        0.0
                    ]
                ]
            },
            "est_params": {
                "mui": [
                    -0.009408600249884375,
                    0.03245395779952606,
                    -0.013941559389452421,
                    0.11630686874734461,
                    -0.07623185034820784,
                    1.0000146270250994,
                    -0.7686277636236204,
                    0.9409878413524172
                ],
                "Si": [
                    [
                        0.9248792876678199,
                        -0.04313397442896518,
                        -0.560636631136805,
                        0.5296693753366706,
                        0.0067421595091020515,
                        8.623116641218059e-06,
                        -0.16893587949536928,
                        1.0126758119482333
                    ],
                    [
                        -0.04313397442896519,
                        0.900265763950655,
                        0.061671258858266804,
                        0.5699676361673877,
                        -0.987182458719378,
                        8.730104087359257e-06,
                        1.3836086499376217,
                        -1.2939390224618117
                    ],
                    [
                        -0.560636631136805,
                        0.06167125885826681,
                        1.2974596047369422,
                        -0.22616655179866438,
                        0.7193723224641275,
                        7.8623809286071e-06,
                        -1.052888425442726,
                        -0.6546111314349852
                    ],
                    [
                        0.5296693753366706,
                        0.5699676361673877,
                        -0.22616655179866435,
                        1.5444864025027387,
                        -1.0756786245475614,
                        5.0331310027104825e-06,
                        0.9701451677885953,
                        0.07352653811358904
                    ],
                    [
                        0.006742159509102047,
                        -0.9871824587193778,
                        0.7193723224641275,
                        -1.0756786245475614,
                        2.845458021579033,
                        8.862355599986002e-06,
                        -3.2999817838997094,
                        1.9604632203932086
                    ],
                    [
                        8.623116641218059e-06,
                        8.730104087359257e-06,
                        7.862380928607102e-06,
                        5.033131002710481e-06,
                        8.862355599986e-06,
                        1.0282742502517786e-06,
                        -1.791999997176313e-05,
                        -4.532549155300616e-07
                    ],
                    [
                        -0.16893587949536923,
                        1.383608649937622,
                        -1.052888425442726,
                        0.9701451677885952,
                        -3.2999817838997094,
                        -1.7919999971763128e-05,
                        5.442248646472161,
                        -2.5950014146196017
                    ],
                    [
                        1.0126758119482333,
                        -1.2939390224618117,
                        -0.6546111314349851,
                        0.07352653811358906,
                        1.9604632203932089,
                        -4.5325491553006125e-07,
                        -2.5950014146196017,
                        4.601504186279103
                    ]
                ]
            },
            "est_tgt": [
                1,
                2,
                5,
                6,
                7
            ],
            "oracle_est_tgt": [
                2,
                5,
                6,
                7
            ]
        },
        "0": {
            "intv_type": "do",
            "inode": 0,
            "new_mui": 1.0,
            "new_vari": null,
            "noise_type": "gaussian",
            "obs_noise_gamma_shape": null,
            "true_params": {
                "Si": [
                    [
                        1e-09,
                        0.0,
                        -5.193641510393366e-10,
                        5.492525270283053e-10,
                        5.680861221109248e-11,
                        -1.1154019940777834e-09,
                        6.816658844520425e-10,
                        -8.117179223420245e-11
                    ],
                    [
                        0.0,
                        1.0,
                        0.0,
                        0.6941259047527106,
                        -1.1625750627278615,
                        -1.5469640828311002,
                        2.7686488075020996,
                        -2.7869750966487836
                    ],
                    [
                        -5.193641510393366e-10,
                        0.0,
                        1.0000000002697391,
                        -2.8526207240626605e-10,
                        0.6871075563893827,
                        1.0144576672314174,
                        -1.9796096742075777,
                        0.7747503359705736
                    ],
                    [
                        5.492525270283053e-10,
                        0.6941259047527106,
                        -2.8526207240626605e-10,
                        1.4818107719504474,
                        -1.4816627996414673,
                        -1.9854357804627933,
                        3.128497248622408,
                        -2.541987048525799
                    ],
                    [
                        5.680861221109248e-11,
                        -1.1625750627278615,
                        0.6871075563893827,
                        -1.4816627996414673,
                        3.2789032658407686,
                        3.6397773061544703,
                        -6.523072374105777,
                        5.627514537270223
                    ],
                    [
                        -1.1154019940777834e-09,
                        -1.5469640828311002,
                        1.0144576672314174,
                        -1.9854357804627933,
                        3.6397773061544703,
                        5.533371301416365,
                        -8.790466709270886,
                        7.367686511990732
                    ],
                    [
                        6.816658844520425e-10,
                        2.7686488075020996,
                        -1.9796096742075777,
                        3.128497248622408,
                        -6.523072374105777,
                        -8.790466709270886,
                        15.959094433827255,
                        -12.378502663163747
                    ],
                    [
                        -8.117179223420245e-11,
                        -2.7869750966487836,
                        0.7747503359705736,
                        -2.541987048525799,
                        5.627514537270223,
                        7.367686511990732,
                        -12.378502663163747,
                        12.73109884646513
                    ]
                ],
                "mui": [
                    1.0,
                    0.0,
                    -0.5193641510393365,
                    0.5492525270283053,
                    0.05680861221109248,
                    -1.1154019940777833,
                    0.6816658844520425,
                    -0.08117179223420246
                ],
                "Ai": [
                    [
                        0.0,
                        0.0,
                        0.0,
                        0.0,
                        0.0,
                        0.0,
                        0.0,
                        0.0
                    ],
                    [
                        -0.0,
                        0.0,
                        0.0,
                        0.0,
                        0.0,
                        0.0,
                        0.0,
                        0.0
                    ],
                    [
                        -0.5193641510393365,
                        0.0,
                        0.0,
                        0.0,
                        0.0,
                        0.0,
                        0.0,
                        0.0
                    ],
                    [
                        0.5492525270283053,
                        0.6941259047527106,
                        0.0,
                        0.0,
                        0.0,
                        0.0,
                        0.0,
                        0.0
                    ],
                    [
                        0.7842424657105952,
                        -0.6942557194391624,
                        0.6871075564188871,
                        -0.6746893324137535,
                        0.0,
                        0.0,
                        0.0,
                        0.0
                    ],
                    [
                        -0.502821131458192,
                        -0.5467691352680775,
                        0.6508439381629825,
                        -0.554605867000062,
                        0.5291947746641608,
                        0.0,
                        0.0,
                        0.0
                    ],
                    [
                        -0.5259512141265292,
                        0.7085057704838755,
                        -0.6817673169819713,
                        -0.0,
                        -0.7059737228728178,
                        -0.8011792940899555,
                        0.0,
                        0.0
                    ],
                    [
                        0.0,
                        -0.8415422356927871,
                        -0.8377414990828109,
                        0.8954733034995558,
                        0.941585955291653,
                        0.9517607701648297,
                        -0.0,
                        0.0
                    ]
                ]
            },
            "est_params": {
                "mui": [
                    0.9999930397940889,
                    0.01661437096545156,
                    -0.4108721370373298,
                    0.5771841912988468,
                    -0.0522045279786928,
                    -1.1613127007053974,
                    0.7094975946930072,
                    -0.25926460916191946
                ],
                "Si": [
                    [
                        1.0218528640613868e-06,
                        -6.219967791774307e-06,
                        -3.3138451780899012e-06,
                        -9.052458870027115e-06,
                        1.8855467107711504e-05,
                        9.468648787777677e-06,
                        -2.0586240666920616e-05,
                        1.7130946457519725e-05
                    ],
                    [
                        -6.219967791774309e-06,
                        1.1798890680564291,
                        -0.021491957507837393,
                        0.9539286797215609,
                        -1.578329181377896,
                        -1.9679661753470352,
                        3.568415858931311,
                        -3.3407721980950327
                    ],
                    [
                        -3.313845178089901e-06,
                        -0.021491957507837407,
                        1.0308417034861093,
                        -0.03592522424160953,
                        0.7803888349744952,
                        1.1383231960460913,
                        -2.1849172926385716,
                        0.8921492378774245
                    ],
                    [
                        -9.052458870027117e-06,
                        0.9539286797215609,
                        -0.035925224241609544,
                        1.7057618869881366,
                        -2.0178885548244847,
                        -2.4325916374326164,
                        4.115073356275003,
                        -3.274335877411635
                    ],
                    [
                        1.8855467107711504e-05,
                        -1.578329181377896,
                        0.780388834974495,
                        -2.0178885548244847,
                        4.051656333720186,
                        4.521513089081839,
                        -8.215500841784962,
                        6.713942684968528
                    ],
                    [
                        9.468648787777677e-06,
                        -1.9679661753470354,
                        1.1383231960460913,
                        -2.4325916374326164,
                        4.521513089081839,
                        6.481673635517322,
                        -10.66034800432683,
                        8.575635466903647
                    ],
                    [
                        -2.0586240666920612e-05,
                        3.5684158589313113,
                        -2.1849172926385716,
                        4.115073356275003,
                        -8.215500841784962,
                        -10.66034800432683,
                        19.50423042961709,
                        -14.700265115309154
                    ],
                    [
                        1.7130946457519725e-05,
                        -3.3407721980950327,
                        0.8921492378774243,
                        -3.274335877411635,
                        6.713942684968528,
                        8.57563546690365,
                        -14.700265115309154,
                        14.007654818984077
                    ]
                ]
            },
            "est_tgt": [
                0,
                5
            ],
            "oracle_est_tgt": [
                0,
                5
            ]
        },
        "6": {
            "intv_type": "do",
            "inode": 6,
            "new_mui": 1.0,
            "new_vari": null,
            "noise_type": "gaussian",
            "obs_noise_gamma_shape": null,
            "true_params": {
                "Si": [
                    [
                        1.0,
                        0.0,
                        -0.5193641510393365,
                        0.5492525270283053,
                        0.05680861221109248,
                        -1.1154019940777833,
                        0.0,
                        -0.08117179223420246
                    ],
                    [
                        0.0,
                        1.0,
                        0.0,
                        0.6941259047527106,
                        -1.1625750627278615,
                        -1.5469640828311002,
                        0.0,
                        -2.7869750966487836
                    ],
                    [
                        -0.5193641510393365,
                        0.0,
                        1.2697391213848108,
                        -0.285262072406266,
                        0.6576031997661501,
                        1.5937574763739086,
                        0.0,
                        0.8169080548904739
                    ],
                    [
                        0.5492525270283053,
                        0.6941259047527106,
                        -0.285262072406266,
                        1.7834891100957484,
                        -1.4504605258587562,
                        -2.5980731437497893,
                        0.0,
                        -2.5865708604892674
                    ],
                    [
                        0.05680861221109248,
                        -1.1625750627278615,
                        0.6576031997661501,
                        -1.4504605258587562,
                        3.2821304842588916,
                        3.5764128668767907,
                        0.0,
                        5.622903280407321
                    ],
                    [
                        -1.1154019940777833,
                        -1.5469640828311002,
                        1.5937574763739086,
                        -2.5980731437497893,
                        3.5764128668767907,
                        6.7774929085649385,
                        0.0,
                        7.458225690821091
                    ],
                    [
                        0.0,
                        0.0,
                        0.0,
                        0.0,
                        0.0,
                        0.0,
                        1e-09,
                        0.0
                    ],
                    [
                        -0.08117179223420246,
                        -2.7869750966487836,
                        0.8169080548904739,
                        -2.5865708604892674,
                        5.622903280407321,
                        7.458225690821091,
                        0.0,
                        12.737687706313054
                    ]
                ],
                "mui": [
                    0.0,
                    0.0,
                    0.0,
                    0.0,
                    0.0,
                    0.0,
                    1.0,
                    0.0
                ],
                "Ai": [
                    [
                        0.0,
                        0.0,
                        0.0,
                        0.0,
                        0.0,
                        0.0,
                        0.0,
                        0.0
                    ],
                    [
                        -0.0,
                        0.0,
                        0.0,
                        0.0,
                        0.0,
                        0.0,
                        0.0,
                        0.0
                    ],
                    [
                        -0.5193641510393365,
                        0.0,
                        0.0,
                        0.0,
                        0.0,
                        0.0,
                        0.0,
                        0.0
                    ],
                    [
                        0.5492525270283053,
                        0.6941259047527106,
                        0.0,
                        0.0,
                        0.0,
                        0.0,
                        0.0,
                        0.0
                    ],
                    [
                        0.7842424657105952,
                        -0.6942557194391624,
                        0.6871075564188871,
                        -0.6746893324137535,
                        0.0,
                        0.0,
                        0.0,
                        0.0
                    ],
                    [
                        -0.502821131458192,
                        -0.5467691352680775,
                        0.6508439381629825,
                        -0.554605867000062,
                        0.5291947746641608,
                        0.0,
                        0.0,
                        0.0
                    ],
                    [
                        0.0,
                        0.0,
                        0.0,
                        0.0,
                        0.0,
                        0.0,
                        0.0,
                        0.0
                    ],
                    [
                        0.0,
                        -0.8415422356927871,
                        -0.8377414990828109,
                        0.8954733034995558,
                        0.941585955291653,
                        0.9517607701648297,
                        -0.0,
                        0.0
                    ]
                ]
            },
            "est_params": {
                "mui": [
                    0.10699658968026403,
                    -0.06740463782335586,
                    -0.04397950551416194,
                    -0.04632651954493994,
                    0.2181519839953098,
                    0.13536798460604846,
                    0.9999981625163004,
                    0.33607338650694196
                ],
                "Si": [
                    [
                        1.0326725874556604,
                        0.0388897914879681,
                        -0.4918099536902909,
                        0.4680724817329953,
                        0.21033801317646428,
                        -1.182200914945297,
                        5.723135489468747e-06,
                        -0.18323048254677338
                    ],
                    [
                        0.03888979148796809,
                        0.8459878624344591,
                        0.07357715094426913,
                        0.7111486236681588,
                        -1.0704461906350926,
                        -1.3679768472934375,
                        3.593647669286605e-06,
                        -2.430686266689604
                    ],
                    [
                        -0.49180995369029096,
                        0.07357715094426913,
                        1.1769076903318316,
                        -0.27875646462317144,
                        0.6295631749192296,
                        1.564408657220041,
                        -1.5789288637122626e-06,
                        0.7514891784073651
                    ],
                    [
                        0.4680724817329953,
                        0.7111486236681588,
                        -0.27875646462317144,
                        1.6787682508790878,
                        -1.5607275250770538,
                        -2.664623057759094,
                        4.451873660888644e-06,
                        -2.809109045376246
                    ],
                    [
                        0.2103380131764643,
                        -1.0704461906350926,
                        0.6295631749192296,
                        -1.5607275250770538,
                        3.537874206172723,
                        3.645916898492724,
                        -1.9668793265408127e-06,
                        5.663933971185323
                    ],
                    [
                        -1.182200914945297,
                        -1.3679768472934375,
                        1.564408657220041,
                        -2.664623057759094,
                        3.645916898492724,
                        7.084343191617055,
                        -1.308027862898808e-05,
                        7.5599651656738605
                    ],
                    [
                        5.723135489468746e-06,
                        3.5936476692866053e-06,
                        -1.5789288637122618e-06,
                        4.451873660888644e-06,
                        -1.9668793265408127e-06,
                        -1.308027862898808e-05,
                        1.0009991758866657e-06,
                        -1.4931181358499105e-05
                    ],
                    [
                        -0.18323048254677335,
                        -2.430686266689604,
                        0.751489178407365,
                        -2.8091090453762466,
                        5.663933971185323,
                        7.5599651656738605,
                        -1.4931181358499105e-05,
                        12.44293504941087
                    ]
                ]
            },
            "est_tgt": [
                0,
                2,
                5,
                6
            ],
            "oracle_est_tgt": [
                0,
                2,
                5,
                6,
                7
            ]
        },
        "7": {
            "intv_type": "do",
            "inode": 7,
            "new_mui": 1.0,
            "new_vari": null,
            "noise_type": "gaussian",
            "obs_noise_gamma_shape": null,
            "true_params": {
                "Si": [
                    [
                        1.0,
                        0.0,
                        -0.5193641510393365,
                        0.5492525270283053,
                        0.05680861221109248,
                        -1.1154019940777833,
                        0.6816658844520425,
                        0.0
                    ],
                    [
                        0.0,
                        1.0,
                        0.0,
                        0.6941259047527106,
                        -1.1625750627278615,
                        -1.5469640828311002,
                        2.7686488075020996,
                        0.0
                    ],
                    [
                        -0.5193641510393365,
                        0.0,
                        1.2697391213848108,
                        -0.285262072406266,
                        0.6576031997661501,
                        1.5937574763739086,
                        -2.3336424972244583,
                        0.0
                    ],
                    [
                        0.5492525270283053,
                        0.6941259047527106,
                        -0.285262072406266,
                        1.7834891100957484,
                        -1.4504605258587562,
                        -2.5980731437497893,
                        3.5029039578722703,
                        0.0
                    ],
                    [
                        0.05680861221109248,
                        -1.1625750627278615,
                        0.6576031997661501,
                        -1.4504605258587562,
                        3.2821304842588916,
                        3.5764128668767907,
                        -6.484347881257134,
                        0.0
                    ],
                    [
                        -1.1154019940777833,
                        -1.5469640828311002,
                        1.5937574763739086,
                        -2.5980731437497893,
                        3.5764128668767907,
                        6.7774929085649385,
                        -9.550798195323157,
                        0.0
                    ],
                    [
                        0.6816658844520425,
                        2.7686488075020996,
                        -2.3336424972244583,
                        3.5029039578722703,
                        -6.484347881257134,
                        -9.550798195323157,
                        16.42376281138837,
                        0.0
                    ],
                    [
                        0.0,
                        0.0,
                        0.0,
                        0.0,
                        0.0,
                        0.0,
                        0.0,
                        1e-09
                    ]
                ],
                "mui": [
                    0.0,
                    0.0,
                    0.0,
                    0.0,
                    0.0,
                    0.0,
                    0.0,
                    1.0
                ],
                "Ai": [
                    [
                        0.0,
                        0.0,
                        0.0,
                        0.0,
                        0.0,
                        0.0,
                        0.0,
                        0.0
                    ],
                    [
                        -0.0,
                        0.0,
                        0.0,
                        0.0,
                        0.0,
                        0.0,
                        0.0,
                        0.0
                    ],
                    [
                        -0.5193641510393365,
                        0.0,
                        0.0,
                        0.0,
                        0.0,
                        0.0,
                        0.0,
                        0.0
                    ],
                    [
                        0.5492525270283053,
                        0.6941259047527106,
                        0.0,
                        0.0,
                        0.0,
                        0.0,
                        0.0,
                        0.0
                    ],
                    [
                        0.7842424657105952,
                        -0.6942557194391624,
                        0.6871075564188871,
                        -0.6746893324137535,
                        0.0,
                        0.0,
                        0.0,
                        0.0
                    ],
                    [
                        -0.502821131458192,
                        -0.5467691352680775,
                        0.6508439381629825,
                        -0.554605867000062,
                        0.5291947746641608,
                        0.0,
                        0.0,
                        0.0
                    ],
                    [
                        -0.5259512141265292,
                        0.7085057704838755,
                        -0.6817673169819713,
                        -0.0,
                        -0.7059737228728178,
                        -0.8011792940899555,
                        0.0,
                        0.0
                    ],
                    [
                        0.0,
                        0.0,
                        0.0,
                        0.0,
                        0.0,
                        0.0,
                        0.0,
                        0.0
                    ]
                ]
            },
            "est_params": {
                "mui": [
                    0.06113205380707018,
                    -0.09935398157715873,
                    -0.008247535135098592,
                    0.0066050011949971305,
                    0.07051411981353278,
                    0.05705772338857101,
                    -0.25875222012271565,
                    0.999998892576627
                ],
                "Si": [
                    [
                        0.9955177557538318,
                        -0.051113486773792065,
                        -0.3989844789414562,
                        0.5341989617530536,
                        0.1813270087360624,
                        -0.8816375279307338,
                        0.43154698839465505,
                        -9.542559248414382e-07
                    ],
                    [
                        -0.051113486773792086,
                        0.9441722686437121,
                        -0.0027539642181383336,
                        0.6695410265898191,
                        -1.0278285273577565,
                        -1.4923019415803014,
                        2.6476531570117228,
                        -1.5389455219049607e-06
                    ],
                    [
                        -0.3989844789414562,
                        -0.002753964218138351,
                        1.1000814971276505,
                        -0.38030573261016287,
                        0.7023658548246535,
                        1.5279293501280256,
                        -2.3637223568333843,
                        -1.805273228109049e-06
                    ],
                    [
                        0.5341989617530536,
                        0.6695410265898192,
                        -0.38030573261016287,
                        1.881904015500385,
                        -1.6018130084950883,
                        -2.8150891313987665,
                        3.956036663510545,
                        -4.020021733508193e-07
                    ],
                    [
                        0.18132700873606242,
                        -1.0278285273577565,
                        0.7023658548246536,
                        -1.6018130084950883,
                        3.4439650436004166,
                        3.831800075397107,
                        -6.873035892494666,
                        -6.6552162079933895e-06
                    ],
                    [
                        -0.8816375279307338,
                        -1.4923019415803014,
                        1.5279293501280253,
                        -2.8150891313987665,
                        3.831800075397107,
                        7.069420665541976,
                        -10.096923686460741,
                        -2.19882984658366e-06
                    ],
                    [
                        0.431546988394655,
                        2.6476531570117228,
                        -2.3637223568333843,
                        3.956036663510544,
                        -6.873035892494666,
