{
    "expt_args": {
        "save_dir": "all_expt_logs/expt_logs_sim_compsel_backward_cameraready_half",
        "exp_name": "209",
        "num_nodes": 6,
        "num_tgt_prior": 7,
        "obs_noise_mean": 0.0,
        "obs_noise_var": 1.0,
        "obs_noise_gamma_shape": null,
        "noise_type": "gaussian",
        "max_edge_strength": 1.0,
        "graph_sparsity_method": "adj_dense_prop",
        "adj_dense_prop": 0.8,
        "num_parents": null,
        "new_noise_mean": 1.0,
        "mix_samples": 1024,
        "stage2_samples": 1024,
        "gmm_tol": 0.001,
        "intv_type": "do",
        "new_noise_var": null,
        "dtype": "simulation",
        "cutoff_drop_ratio": 0.07,
        "intv_targets": [
            3,
            5,
            1
        ]
    },
    "intv_args_dict": {
        "3": {
            "intv_type": "do",
            "inode": 3,
            "new_mui": 1.0,
            "new_vari": null,
            "noise_type": "gaussian",
            "obs_noise_gamma_shape": null,
            "true_params": {
                "Si": [
                    [
                        1.0,
                        0.8723571988101524,
                        0.2810126914194474,
                        0.0,
                        0.38866402557350865,
                        -0.10203784391195306
                    ],
                    [
                        0.8723571988101524,
                        1.7610070823158956,
                        -0.47730968891371334,
                        0.0,
                        0.8962913619198707,
                        -0.3930029740351898
                    ],
                    [
                        0.2810126914194474,
                        -0.47730968891371334,
                        1.6009066624533452,
                        0.0,
                        -1.06467146559253,
                        -0.19562331347571946
                    ],
                    [
                        0.0,
                        0.0,
                        0.0,
                        1e-09,
                        9.00483433793849e-10,
                        -1.5829880959330047e-09
                    ],
                    [
                        0.38866402557350865,
                        0.8962913619198707,
                        -1.06467146559253,
                        9.00483433793849e-10,
                        2.056497118930152,
                        -0.6601101374031447
                    ],
                    [
                        -0.10203784391195306,
                        -0.3930029740351898,
                        -0.19562331347571946,
                        -1.5829880959330047e-09,
                        -0.6601101374031447,
                        1.8135893414819457
                    ]
                ],
                "mui": [
                    0.0,
                    0.0,
                    0.0,
                    1.0,
                    0.900483433793849,
                    -1.5829880959330047
                ],
                "Ai": [
                    [
                        0.0,
                        0.0,
                        0.0,
                        0.0,
                        0.0,
                        0.0
                    ],
                    [
                        0.8723571988101524,
                        0.0,
                        0.0,
                        0.0,
                        0.0,
                        0.0
                    ],
                    [
                        0.9112498829960104,
                        -0.7224531332304842,
                        0.0,
                        0.0,
                        0.0,
                        0.0
                    ],
                    [
                        0.0,
                        0.0,
                        0.0,
                        0.0,
                        0.0,
                        0.0
                    ],
                    [
                        0.6054127706412891,
                        -0.0,
                        -0.7713130107147196,
                        0.900483433793849,
                        0.0,
                        0.0
                    ],
                    [
                        0.9689977846954159,
                        -0.5832664785790904,
                        -0.9644521919130584,
                        -0.9083261605725266,
                        -0.7492219290676378,
                        0.0
                    ]
                ]
            },
            "est_params": {
                "mui": [
                    -0.17572751596506714,
                    -0.19943888614232075,
                    -0.05675346837763938,
                    1.0000051488393091,
                    0.7566618347236266,
                    -1.4790699041652384
                ],
                "Si": [
                    [
                        0.9289681889995534,
                        0.8388813013855365,
                        0.3219624840257392,
                        -1.4691285165768232e-06,
                        0.3398059000204519,
                        -0.11125347391959445
                    ],
                    [
                        0.8388813013855364,
                        1.7943407482849119,
                        -0.5271295075530886,
                        9.208336823772223e-06,
                        0.8560811279476266,
                        -0.45431127342069577
                    ],
                    [
                        0.32196248402573924,
                        -0.5271295075530886,
                        1.7023912060062527,
                        7.2503062479234296e-06,
                        -1.0468462082684695,
                        -0.0740511863941434
                    ],
                    [
                        -1.4691285165768243e-06,
                        9.208336823772223e-06,
                        7.250306247923429e-06,
                        1.0282161425791476e-06,
                        -2.1188187014036748e-05,
                        1.1223811470810422e-05
                    ],
                    [
                        0.3398059000204519,
                        0.8560811279476266,
                        -1.0468462082684697,
                        -2.1188187014036748e-05,
                        1.8890518500997335,
                        -0.6867293971743061
                    ],
                    [
                        -0.11125347391959445,
                        -0.4543112734206958,
                        -0.0740511863941434,
                        1.122381147081042e-05,
                        -0.6867293971743063,
                        1.669799942627329
                    ]
                ]
            },
            "est_tgt": [
                3,
                4,
                5
            ],
            "oracle_est_tgt": [
                3
            ]
        },
        "5": {
            "intv_type": "do",
            "inode": 5,
            "new_mui": 1.0,
            "new_vari": null,
            "noise_type": "gaussian",
            "obs_noise_gamma_shape": null,
            "true_params": {
                "Si": [
                    [
                        1.0,
                        0.8723571988101524,
                        0.2810126914194474,
                        -0.5177570325426798,
                        -0.07756760496143726,
                        0.0
                    ],
                    [
                        0.8723571988101524,
                        1.7610070823158956,
                        -0.47730968891371334,
                        -1.0451840169028588,
                        -0.04487953056726392,
                        0.0
                    ],
                    [
                        0.2810126914194474,
                        -0.47730968891371334,
                        1.6009066624533452,
                        0.2832904324890152,
                        -0.809573124183877,
                        0.0
                    ],
                    [
                        -0.5177570325426798,
                        -1.0451840169028588,
                        0.2832904324890152,
                        1.6203323315159928,
                        0.9271201057902613,
                        0.0
                    ],
                    [
                        -0.07756760496143726,
                        -0.04487953056726392,
                        -0.809573124183877,
                        0.9271201057902613,
                        2.412330161577606,
                        0.0
                    ],
                    [
                        0.0,
                        0.0,
                        0.0,
                        0.0,
                        0.0,
                        1e-09
                    ]
                ],
                "mui": [
                    0.0,
                    0.0,
                    0.0,
                    0.0,
                    0.0,
                    1.0
                ],
                "Ai": [
                    [
                        0.0,
                        0.0,
                        0.0,
                        0.0,
                        0.0,
                        0.0
                    ],
                    [
                        0.8723571988101524,
                        0.0,
                        0.0,
                        0.0,
                        0.0,
                        0.0
                    ],
                    [
                        0.9112498829960104,
                        -0.7224531332304842,
                        0.0,
                        0.0,
                        0.0,
                        0.0
                    ],
                    [
                        0.0,
                        -0.5935149423296697,
                        -0.0,
                        0.0,
                        0.0,
                        0.0
                    ],
                    [
                        0.6054127706412891,
                        -0.0,
                        -0.7713130107147196,
                        0.900483433793849,
                        0.0,
                        0.0
                    ],
                    [
                        0.0,
                        0.0,
                        0.0,
                        0.0,
                        0.0,
                        0.0
                    ]
                ]
            },
            "est_params": {
                "mui": [
                    -0.048217790314801,
                    0.0445520580552541,
                    -0.03226564412119666,
                    -0.012366179443089336,
                    0.026756711797989153,
                    1.0000077367223108
                ],
                "Si": [
                    [
                        0.7843753960887591,
                        0.714218286756758,
                        0.2511488553279479,
                        -0.4729735347833352,
                        -0.1655569090951407,
                        7.30282504513131e-06
                    ],
                    [
                        0.7142182867567579,
                        1.6964802633417995,
                        -0.5349151430041755,
                        -1.0536487792156641,
                        -0.05635017578410982,
                        -9.478210795335005e-06
                    ],
                    [
                        0.2511488553279479,
                        -0.5349151430041755,
                        1.6373719463884286,
                        0.33436380731225707,
                        -0.9693370736071412,
                        1.8477082655131528e-05
                    ],
                    [
                        -0.4729735347833352,
                        -1.0536487792156644,
                        0.334363807312257,
                        1.6148816366244438,
                        0.8688058066839327,
                        4.469007631946656e-06
                    ],
                    [
                        -0.16555690909514068,
                        -0.05635017578410982,
                        -0.9693370736071412,
                        0.8688058066839327,
                        2.451378668893433,
                        -9.042428417167094e-06
                    ],
                    [
                        7.302825045131309e-06,
                        -9.478210795335005e-06,
                        1.847708265513152e-05,
                        4.469007631946656e-06,
                        -9.042428417167093e-06,
                        1.0267079339961482e-06
                    ]
                ]
            },
            "est_tgt": [
                2,
                3,
                5
            ],
            "oracle_est_tgt": [
                0,
                4,
                5
            ]
        },
        "1": {
            "intv_type": "do",
            "inode": 1,
            "new_mui": 1.0,
            "new_vari": null,
            "noise_type": "gaussian",
            "obs_noise_gamma_shape": null,
            "true_params": {
                "Si": [
                    [
                        1.0,
                        0.0,
                        0.9112498829960104,
                        0.0,
                        -0.09744612012579966,
                        0.16314960776020399
                    ],
                    [
                        0.0,
                        1e-09,
                        -7.224531332304843e-10,
                        -5.935149423296698e-10,
                        2.2787128015307972e-11,
                        6.355375621187e-10
                    ],
                    [
                        0.9112498829960104,
                        -7.224531332304843e-10,
                        1.8303763497821812,
                        4.287867297051801e-10,
                        -0.8601107762942324,
                        -0.23789750958722378
                    ],
                    [
                        0.0,
                        -5.935149423296698e-10,
                        4.2878672970518005e-10,
                        1.00000000035226,
                        0.9004834337803245,
                        -1.5829880963102057
                    ],
                    [
                        -0.09744612012579966,
                        2.2787128015307972e-11,
                        -0.8601107762942324,
                        0.9004834337803245,
                        2.4152899213630574,
                        -1.89241018526344
                    ],
                    [
                        0.16314960776020399,
                        6.355375621187e-10,
                        -0.23789750958722378,
                        -1.5829880963102057,
                        -1.89241018526344,
                        4.243237092038714
                    ]
                ],
                "mui": [
                    0.0,
                    1.0,
                    -0.7224531332304842,
                    -0.5935149423296697,
                    0.02278712801530797,
                    0.6355375621187
                ],
                "Ai": [
                    [
                        0.0,
                        0.0,
                        0.0,
                        0.0,
                        0.0,
                        0.0
                    ],
                    [
                        0.0,
                        0.0,
                        0.0,
                        0.0,
                        0.0,
                        0.0
                    ],
                    [
                        0.9112498829960104,
                        -0.7224531332304842,
                        0.0,
                        0.0,
                        0.0,
                        0.0
                    ],
                    [
                        0.0,
                        -0.5935149423296697,
                        -0.0,
                        0.0,
                        0.0,
                        0.0
                    ],
                    [
                        0.6054127706412891,
                        -0.0,
                        -0.7713130107147196,
                        0.900483433793849,
                        0.0,
                        0.0
                    ],
                    [
                        0.9689977846954159,
                        -0.5832664785790904,
                        -0.9644521919130584,
                        -0.9083261605725266,
                        -0.7492219290676378,
                        0.0
                    ]
                ]
            },
            "est_params": {
                "mui": [
                    0.03653816588115995,
                    0.9999997271554308,
                    -0.7048412497984999,
                    -0.6248182623231187,
                    -0.06203380588822221,
                    0.6121358624165791
                ],
                "Si": [
                    [
                        0.9554532362732837,
                        -3.362551425271773e-07,
                        0.8409836503318193,
                        0.0033943931416095655,
                        -0.16946823534502953,
                        0.17278487999567516
                    ],
                    [
                        -3.3625514252717713e-07,
                        1.0011150045942614e-06,
                        -1.4075183543978706e-06,
                        4.1642595657382964e-07,
                        1.9424649423359673e-06,
                        2.8814081101402793e-06
                    ],
                    [
                        0.8409836503318192,
                        -1.4075183543978706e-06,
                        1.6808977084478243,
                        -0.03427346990764615,
                        -0.791407488417198,
                        -0.30439554865378926
                    ],
                    [
                        0.0033943931416095603,
                        4.1642595657382964e-07,
                        -0.03427346990764615,
                        1.0624345216864193,
                        0.9818222697632836,
                        -1.6819304710841405
                    ],
                    [
                        -0.1694682353450295,
                        1.942464942335967e-06,
                        -0.7914074884171981,
                        0.9818222697632836,
                        2.49664390642388,
                        -2.190236605052161
                    ],
                    [
                        0.1727848799956751,
                        2.8814081101402793e-06,
                        -0.3043955486537892,
                        -1.6819304710841407,
                        -2.1902366050521613,
                        4.722849642916958
                    ]
                ]
            },
            "est_tgt": [
                1,
                5
            ],
            "oracle_est_tgt": [
                1,
                2
            ]
        },
        "obs": {
            "intv_type": "obs",
            "noise_type": "gaussian",
            "obs_noise_gamma_shape": null,
            "true_params": {
                "Si": [
                    [
                        1.0,
                        0.8723571988101524,
                        0.2810126914194474,
                        -0.5177570325426798,
                        -0.07756760496143726,
                        0.7175653751887063
                    ],
                    [
                        0.8723571988101524,
                        1.7610070823158956,
                        -0.47730968891371334,
                        -1.0451840169028588,
                        -0.04487953056726392,
                        1.2615108827814758
                    ],
                    [
                        0.2810126914194474,
                        -0.47730968891371334,
                        1.6009066624533452,
                        0.2832904324890152,
                        -0.809573124183877,
                        -0.644068695797543
                    ],
                    [
                        -0.5177570325426798,
                        -1.0451840169028588,
                        0.2832904324890152,
                        1.6203323315159928,
                        0.9271201057902613,
                        -2.331713654775303
                    ],
                    [
                        -0.07756760496143726,
                        -0.04487953056726392,
                        -0.809573124183877,
                        0.9271201057902613,
                        2.412330161577606,
                        -1.9176896407717516
                    ],
                    [
                        0.7175653751887063,
                        1.2615108827814758,
                        -0.644068695797543,
                        -2.331713654775303,
                        -1.9176896407717516,
                        5.1354273576559875
                    ]
                ],
                "mui": [
                    0.0,
                    0.0,
                    0.0,
                    0.0,
                    0.0,
                    0.0
                ],
                "Ai": [
                    [
                        0.0,
                        0.0,
                        0.0,
                        0.0,
                        0.0,
                        0.0
                    ],
                    [
                        0.8723571988101524,
                        0.0,
                        0.0,
                        0.0,
                        0.0,
                        0.0
                    ],
                    [
                        0.9112498829960104,
                        -0.7224531332304842,
                        0.0,
                        0.0,
                        0.0,
                        0.0
                    ],
                    [
                        0.0,
                        -0.5935149423296697,
                        -0.0,
                        0.0,
                        0.0,
                        0.0
                    ],
                    [
                        0.6054127706412891,
                        -0.0,
                        -0.7713130107147196,
                        0.900483433793849,
                        0.0,
                        0.0
                    ],
                    [
                        0.9689977846954159,
                        -0.5832664785790904,
                        -0.9644521919130584,
                        -0.9083261605725266,
                        -0.7492219290676378,
                        0.0
                    ]
                ]
            },
            "est_params": {
                "mui": [
                    -0.06369681288049409,
                    -0.04247238179348701,
                    0.04484987754378365,
                    0.1521873697046014,
                    -0.0065597109189125076,
                    -0.09015437009245254
                ],
                "Si": [
                    [
                        1.0576148635037943,
                        0.8744124219133915,
                        0.35233044836969757,
                        -0.6631986753340339,
                        -0.2414658759357154,
                        0.8295854815539692
                    ],
                    [
                        0.8744124219133915,
                        1.7524533227384593,
                        -0.5967408282102746,
                        -1.164854990636344,
                        -0.06280028510861659,
                        1.3962894861075394
                    ],
                    [
                        0.35233044836969757,
                        -0.5967408282102746,
                        2.0101272589014973,
                        0.4167949920749211,
                        -0.9862983939945423,
                        -1.0150642699876304
                    ],
                    [
                        -0.6631986753340339,
                        -1.164854990636344,
                        0.4167949920749211,
                        1.7994798412988815,
                        0.8936101483236587,
                        -2.636016573863676
                    ],
                    [
                        -0.2414658759357154,
                        -0.06280028510861659,
                        -0.9862983939945423,
                        0.8936101483236587,
                        2.4325217415609885,
                        -1.9479136377904467
                    ],
                    [
                        0.8295854815539692,
                        1.3962894861075394,
                        -1.0150642699876304,
                        -2.636016573863676,
                        -1.9479136377904467,
                        5.9469957040147285
                    ]
                ]
            },
            "est_tgt": [
                0,
                1,
                2,
                3,
                4,
                5
            ],
            "oracle_est_tgt": [
                0,
                1,
                2,
                3,
                4,
                5
            ]
        }
    },
    "metric_dict": {
        "param_est_rel_err": 12.331606019966644,
        "est_num_comp": 4,
        "weight_precision_error": 0.004055058175543413,
        "gm_score_dict": {
            "1": -8.827502402972385,
            "2": -8.716460215779605,
            "3": -5.7821673700343545,
            "4": -4.3012925144531495,
            "5": -4.274049865610886,
            "6": -4.250103502884512,
            "7": -4.1810487285280935
        },
        "est_dag": {
            "amat": [
                [
                    0,
                    1,
                    1,
                    0,
                    0,
                    0
                ],
                [
                    0,
                    0,
                    1,
                    1,
                    0,
                    1
                ],
                [
                    0,
                    0,
                    0,
                    0,
                    0,
                    0
                ],
                [
                    0,
                    0,
                    0,
                    0,
                    0,
                    0
                ],
                [
                    0,
                    0,
                    1,
                    0,
                    0,
                    1
                ],
                [
                    0,
                    0,
                    1,
                    1,
                    0,
                    0
                ]
            ],
            "nodes": [
                0,
                1,
                2,
                3,
                4,
                5
            ]
        },
        "oracle_est_dag": {
            "amat": [
                [
                    0,
                    0,
                    0,
                    0,
                    0,
                    0
                ],
                [
                    1,
                    0,
                    0,
                    1,
                    0,
                    1
                ],
                [
                    1,
                    0,
                    0,
                    0,
                    1,
                    0
                ],
                [
                    0,
                    0,
                    0,
                    0,
                    0,
                    1
                ],
                [
                    1,
                    0,
                    0,
                    0,
                    0,
                    0
                ],
                [
                    1,
                    0,
                    1,
                    0,
                    1,
                    0
                ]
            ],
            "nodes": [
                0,
                1,
                2,
                3,
                4,
                5
            ]
        },
        "igsp_dag": null,
        "intv_base_est_dag": null,
        "act_dag": {
            "amat": [
                [
                    0,
                    1,
                    1,
                    0,
                    1,
                    1
                ],
                [
                    0,
                    0,
                    1,
                    1,
                    0,
                    1
                ],
                [
                    0,
                    0,
                    0,
                    0,
                    1,
                    1
                ],
                [
                    0,
                    0,
                    0,
                    0,
                    1,
                    1
                ],
                [
                    0,
                    0,
                    0,
                    0,
                    0,
                    1
                ],
                [
                    0,
                    0,
                    0,
                    0,
                    0,
                    0
                ]
            ],
            "nodes": [
                0,
                1,
                2,
                3,
                4,
                5
            ]
        },
        "shd": 6,
        "oracle_shd": 8,
        "intv_base_shd": null,
        "igsp_shd": null,
        "avg_js": 0.29166666666666663,
        "avg_oracle_js": 0.4583333333333333
    }
}