{
    "expt_args": {
        "save_dir": "all_expt_logs/expt_logs_sim_compsel_backward_cameraready_half",
        "exp_name": "313",
        "num_nodes": 6,
        "num_tgt_prior": 7,
        "obs_noise_mean": 0.0,
        "obs_noise_var": 1.0,
        "obs_noise_gamma_shape": null,
        "noise_type": "gaussian",
        "max_edge_strength": 1.0,
        "graph_sparsity_method": "adj_dense_prop",
        "adj_dense_prop": 0.8,
        "num_parents": null,
        "new_noise_mean": 1.0,
        "mix_samples": 32768,
        "stage2_samples": 32768,
        "gmm_tol": 0.001,
        "intv_type": "do",
        "new_noise_var": null,
        "dtype": "simulation",
        "cutoff_drop_ratio": 0.07,
        "intv_targets": [
            2,
            1,
            3
        ]
    },
    "intv_args_dict": {
        "2": {
            "intv_type": "do",
            "inode": 2,
            "new_mui": 1.0,
            "new_vari": null,
            "noise_type": "gaussian",
            "obs_noise_gamma_shape": null,
            "true_params": {
                "Si": [
                    [
                        1.0,
                        -0.9786918013229499,
                        0.0,
                        -0.7954220037654872,
                        0.85559967140919,
                        2.2898127933341543
                    ],
                    [
                        -0.9786918013229499,
                        1.9578376419767602,
                        0.0,
                        1.5912130234702655,
                        -0.8058420715318382,
                        -2.8828513727246494
                    ],
                    [
                        0.0,
                        0.0,
                        1e-09,
                        -7.180255405754028e-10,
                        -4.98604684375166e-10,
                        4.6024964923760074e-10
                    ],
                    [
                        -0.7954220037654872,
                        1.5912130234702655,
                        -7.180255405754028e-10,
                        2.2932425206179694,
                        0.03947068322734848,
                        -1.6815522926017206
                    ],
                    [
                        0.85559967140919,
                        -0.8058420715318382,
                        -4.98604684375166e-10,
                        0.03947068322734848,
                        2.2152510544957176,
                        3.3507944062854333
                    ],
                    [
                        2.2898127933341543,
                        -2.8828513727246494,
                        4.6024964923760074e-10,
                        -1.6815522926017206,
                        3.3507944062854333,
                        8.00005237256277
                    ]
                ],
                "mui": [
                    0.0,
                    0.0,
                    1.0,
                    -0.7180255405754028,
                    -0.498604684375166,
                    0.4602496492376007
                ],
                "Ai": [
                    [
                        0.0,
                        0.0,
                        0.0,
                        0.0,
                        0.0,
                        0.0
                    ],
                    [
                        -0.9786918013229499,
                        0.0,
                        0.0,
                        0.0,
                        0.0,
                        0.0
                    ],
                    [
                        0.0,
                        0.0,
                        0.0,
                        0.0,
                        0.0,
                        0.0
                    ],
                    [
                        0.0,
                        0.8127400297931104,
                        -0.7180255405754028,
                        0.0,
                        0.0,
                        0.0
                    ],
                    [
                        0.8864542145785475,
                        -0.53284913576473,
                        -0.0,
                        0.6944107920946657,
                        0.0,
                        0.0
                    ],
                    [
                        0.8172725636810754,
                        -0.6718605458956757,
                        0.9351922515445412,
                        -0.0,
                        0.9525434019981622,
                        0.0
                    ]
                ]
            },
            "est_params": {
                "mui": [
                    -0.028669214416185446,
                    0.030706630600204732,
                    1.000000668507176,
                    -0.680188737923762,
                    -0.5165634454707576,
                    0.41161784497782233
                ],
                "Si": [
                    [
                        1.0017052614998296,
                        -0.9795319494200523,
                        -5.555760913861137e-07,
                        -0.7800364685871872,
                        0.865518240230503,
                        2.307236996171257
                    ],
                    [
                        -0.9795319494200523,
                        1.9147077617011854,
                        -3.109882055814135e-07,
                        1.5514865774503646,
                        -0.8196910683379618,
                        -2.8695974021787425
                    ],
                    [
                        -5.555760913861137e-07,
                        -3.109882055814133e-07,
                        1.0109190130409845e-06,
                        7.064818433645268e-07,
                        -1.67697872044313e-07,
                        6.322308186130116e-07
                    ],
                    [
                        -0.7800364685871872,
                        1.5514865774503646,
                        7.064818433645268e-07,
                        2.2514897460117975,
                        0.03685629230426785,
                        -1.652931127134796
                    ],
                    [
                        0.865518240230503,
                        -0.8196910683379619,
                        -1.6769787204431325e-07,
                        0.03685629230426786,
                        2.234387572086579,
                        3.3945648904617713
                    ],
                    [
                        2.307236996171257,
                        -2.869597402178743,
                        6.322308186130109e-07,
                        -1.6529311271347957,
                        3.394564890461772,
                        8.055951729101436
                    ]
                ]
            },
            "est_tgt": [
                2
            ],
            "oracle_est_tgt": [
                2
            ]
        },
        "1": {
            "intv_type": "do",
            "inode": 1,
            "new_mui": 1.0,
            "new_vari": null,
            "noise_type": "gaussian",
            "obs_noise_gamma_shape": null,
            "true_params": {
                "Si": [
                    [
                        1.0,
                        0.0,
                        0.9811362043064522,
                        -0.7044808534752391,
                        0.3972551071012805,
                        2.113226270837689
                    ],
                    [
                        0.0,
                        1e-09,
                        0.0,
                        8.127400297931105e-10,
                        3.152631209094601e-11,
                        -6.418303653241103e-10
                    ],
                    [
                        0.9811362043064522,
                        0.0,
                        1.9626282514008724,
                        -1.409217211160669,
                        -0.10884331645246248,
                        2.53361245144797
                    ],
                    [
                        -0.7044808534752391,
                        8.127400297931105e-10,
                        -1.409217211160669,
                        2.0118539504923474,
                        0.7725630732540875,
                        -1.1577420322950496
                    ],
                    [
                        0.3972551071012805,
                        3.152631209094601e-11,
                        -0.10884331645246248,
                        0.7725630732540875,
                        1.8886245995774438,
                        2.021873174795044
                    ],
                    [
                        2.113226270837689,
                        -6.418303653241103e-10,
                        2.53361245144797,
                        -1.1577420322950496,
                        2.021873174795044,
                        7.022418537775946
                    ]
                ],
                "mui": [
                    0.0,
                    1.0,
                    0.0,
                    0.8127400297931104,
                    0.03152631209094601,
                    -0.6418303653241102
                ],
                "Ai": [
                    [
                        0.0,
                        0.0,
                        0.0,
                        0.0,
                        0.0,
                        0.0
                    ],
                    [
                        0.0,
                        0.0,
                        0.0,
                        0.0,
                        0.0,
                        0.0
                    ],
                    [
                        0.9811362043064522,
                        -0.0,
                        0.0,
                        0.0,
                        0.0,
                        0.0
                    ],
                    [
                        0.0,
                        0.8127400297931104,
                        -0.7180255405754028,
                        0.0,
                        0.0,
                        0.0
                    ],
                    [
                        0.8864542145785475,
                        -0.53284913576473,
                        -0.0,
                        0.6944107920946657,
                        0.0,
                        0.0
                    ],
                    [
                        0.8172725636810754,
                        -0.6718605458956757,
                        0.9351922515445412,
                        -0.0,
                        0.9525434019981622,
                        0.0
                    ]
                ]
            },
            "est_params": {
                "mui": [
                    -0.007088303631195228,
                    1.0000004739408728,
                    0.0020571569661592057,
                    0.8089219154678322,
                    0.030072489488321714,
                    -0.6730973199891402
                ],
                "Si": [
                    [
                        1.0025956880814273,
                        -3.201331478358097e-08,
                        0.9924158223432575,
                        -0.7297996194266033,
                        0.38298225448384693,
                        2.1187292593833185
                    ],
                    [
                        -3.201331478358113e-08,
                        1.0091027132515357e-06,
                        1.0076541065153565e-06,
                        -1.3173921511593604e-06,
                        -1.0340269134152989e-06,
                        8.885014281187217e-07
                    ],
                    [
                        0.9924158223432573,
                        1.0076541065153565e-06,
                        1.9876253669592874,
                        -1.424458895169841,
                        -0.11055078497872198,
                        2.5718957605643156
                    ],
                    [
                        -0.7297996194266034,
                        -1.3173921511593604e-06,
                        -1.424458895169841,
                        2.0544951284427295,
                        0.7719856381471618,
                        -1.1700611770738985
                    ],
                    [
                        0.38298225448384693,
                        -1.034026913415299e-06,
                        -0.11055078497872198,
                        0.7719856381471618,
                        1.8601510859245822,
                        1.9953189765147703
                    ],
                    [
                        2.118729259383319,
                        8.885014281187217e-07,
                        2.5718957605643156,
                        -1.1700611770738987,
                        1.9953189765147703,
                        7.080962731513018
                    ]
                ]
            },
            "est_tgt": [
                1
            ],
            "oracle_est_tgt": [
                1
            ]
        },
        "3": {
            "intv_type": "do",
            "inode": 3,
            "new_mui": 1.0,
            "new_vari": null,
            "noise_type": "gaussian",
            "obs_noise_gamma_shape": null,
            "true_params": {
                "Si": [
                    [
                        1.0,
                        -0.9786918013229499,
                        0.9811362043064522,
                        0.0,
                        1.4079492950935082,
                        3.7335007589480353
                    ],
                    [
                        -0.9786918013229499,
                        1.9578376419767602,
                        -0.9602299591358434,
                        0.0,
                        -1.910797567551173,
                        -4.833369057444245
                    ],
                    [
                        0.9811362043064522,
                        -0.9602299591358434,
                        1.9626282514008724,
                        0.0,
                        1.3813900272439896,
                        4.598265014954075
                    ],
                    [
                        0.0,
                        0.0,
                        0.0,
                        1e-09,
                        6.944107920946657e-10,
                        6.614564182860915e-10
                    ],
                    [
                        1.4079492950935082,
                        -1.910797567551173,
                        1.3813900272439896,
                        6.944107920946657e-10,
                        3.2662494195217326,
                        6.83757741045033
                    ],
                    [
                        3.7335007589480353,
                        -4.833369057444245,
                        4.598265014954075,
                        6.614564182860915e-10,
                        6.83757741045033,
                        18.111988770729997
                    ]
                ],
                "mui": [
                    0.0,
                    0.0,
                    0.0,
                    1.0,
                    0.6944107920946657,
                    0.6614564182860915
                ],
                "Ai": [
                    [
                        0.0,
                        0.0,
                        0.0,
                        0.0,
                        0.0,
                        0.0
                    ],
                    [
                        -0.9786918013229499,
                        0.0,
                        0.0,
                        0.0,
                        0.0,
                        0.0
                    ],
                    [
                        0.9811362043064522,
                        -0.0,
                        0.0,
                        0.0,
                        0.0,
                        0.0
                    ],
                    [
                        0.0,
                        0.0,
                        0.0,
                        0.0,
                        0.0,
                        0.0
                    ],
                    [
                        0.8864542145785475,
                        -0.53284913576473,
                        -0.0,
                        0.6944107920946657,
                        0.0,
                        0.0
                    ],
                    [
                        0.8172725636810754,
                        -0.6718605458956757,
                        0.9351922515445412,
                        -0.0,
                        0.9525434019981622,
                        0.0
                    ]
                ]
            },
            "est_params": {
                "mui": [
                    0.000889376612007088,
                    -0.005008735299152993,
                    -0.0035135400166255494,
                    0.999998988939163,
                    0.7051003238374494,
                    0.6825692635258712
                ],
                "Si": [
                    [
                        1.0109309383505987,
                        -0.9918383589022354,
                        0.9971922551851164,
                        3.187648641983714e-07,
                        1.4214936314829654,
                        3.7779269246178995
                    ],
                    [
                        -0.9918383589022354,
                        1.9567898552402823,
                        -0.9817983373469534,
                        -7.604380304153412e-07,
                        -1.9209022773247257,
                        -4.876589227327013
                    ],
                    [
                        0.9971922551851164,
                        -0.9817983373469534,
                        1.993112039369723,
                        1.6563577842592557e-07,
                        1.3986225308933062,
                        4.651393737400268
                    ],
                    [
                        3.1876486419837156e-07,
                        -7.604380304153414e-07,
                        1.6563577842592562e-07,
                        1.0051878271802915e-06,
                        6.519064038810219e-07,
                        1.7857139932668854e-06
                    ],
                    [
                        1.4214936314829651,
                        -1.9209022773247253,
                        1.3986225308933062,
                        6.519064038810216e-07,
                        3.2919460219549084,
                        6.892948507917162
                    ],
                    [
                        3.7779269246178995,
                        -4.876589227327013,
                        4.651393737400268,
                        1.7857139932668841e-06,
                        6.892948507917162,
                        18.279827677292403
                    ]
                ]
            },
            "est_tgt": [
                3,
                4
            ],
            "oracle_est_tgt": [
                3,
                4
            ]
        },
        "obs": {
            "intv_type": "obs",
            "noise_type": "gaussian",
            "obs_noise_gamma_shape": null,
            "true_params": {
                "Si": [
                    [
                        1.0,
                        -0.9786918013229499,
                        0.9811362043064522,
                        -1.4999028572407265,
                        0.366400563931923,
                        2.74138038722051
                    ],
                    [
                        -0.9786918013229499,
                        1.9578376419767602,
                        -0.9602299591358434,
                        2.2806826589554765,
                        -0.32706691582933234,
                        -3.3247968746043566
                    ],
                    [
                        0.9811362043064522,
                        -0.9602299591358434,
                        1.9626282514008724,
                        -2.1896345367569716,
                        -0.1391158258232555,
                        3.149917196915284
                    ],
                    [
                        -1.4999028572407265,
                        2.2806826589554765,
                        -2.1896345367569716,
                        4.4258156141056,
                        0.5284791332185299,
                        -4.302460090718748
                    ],
                    [
                        0.366400563931923,
                        -0.32706691582933234,
                        -0.1391158258232555,
                        0.5284791332185299,
                        1.866056261062087,
                        2.166592021687267
                    ],
                    [
                        2.74138038722051,
                        -3.3247968746043566,
                        3.149917196915284,
                        -4.302460090718748,
                        2.166592021687267,
                        10.483805910894784
                    ]
                ],
                "mui": [
                    0.0,
                    0.0,
                    0.0,
                    0.0,
                    0.0,
                    0.0
                ],
                "Ai": [
                    [
                        0.0,
                        0.0,
                        0.0,
                        0.0,
                        0.0,
                        0.0
                    ],
                    [
                        -0.9786918013229499,
                        0.0,
                        0.0,
                        0.0,
                        0.0,
                        0.0
                    ],
                    [
                        0.9811362043064522,
                        -0.0,
                        0.0,
                        0.0,
                        0.0,
                        0.0
                    ],
                    [
                        0.0,
                        0.8127400297931104,
                        -0.7180255405754028,
                        0.0,
                        0.0,
                        0.0
                    ],
                    [
                        0.8864542145785475,
                        -0.53284913576473,
                        -0.0,
                        0.6944107920946657,
                        0.0,
                        0.0
                    ],
                    [
                        0.8172725636810754,
                        -0.6718605458956757,
                        0.9351922515445412,
                        -0.0,
                        0.9525434019981622,
                        0.0
                    ]
                ]
            },
            "est_params": {
                "mui": [
                    -0.5735706720239881,
                    0.7038032005887072,
                    -0.6607644295762225,
                    1.1206934185517954,
                    -0.21342310487687666,
                    -1.8419782133938507
                ],
                "Si": [
                    [
                        0.7057118205481923,
                        -0.6155576747188346,
                        0.6326508401675986,
                        -0.9068521226952047,
                        0.25594988447054506,
                        1.8156857228288483
                    ],
                    [
                        -0.6155576747188345,
                        1.5464722262985564,
                        -0.514087044500726,
                        1.5628818675397325,
                        -0.17539094175110706,
                        -2.165669976089109
                    ],
                    [
                        0.6326508401675986,
                        -0.514087044500726,
                        1.5357792250457045,
                        -1.4788193061742503,
                        -0.2404991426120783,
                        2.0010658201560054
                    ],
                    [
                        -0.9068521226952047,
                        1.5628818675397325,
                        -1.4788193061742503,
                        3.20774115833948,
                        0.7131645547492633,
                        -2.420621146717893
                    ],
                    [
                        0.25594988447054506,
                        -0.17539094175110703,
                        -0.24049914261207833,
                        0.7131645547492633,
                        1.7988886674789026,
                        1.8267330590465767
                    ],
                    [
                        1.8156857228288483,
                        -2.165669976089109,
                        2.001065820156006,
                        -2.420621146717893,
                        1.8267330590465771,
                        7.472418777830042
                    ]
                ]
            },
            "est_tgt": [
                0,
                1,
                2,
                3,
                4,
                5
            ],
            "oracle_est_tgt": [
                0,
                1,
                2,
                3,
                4,
                5
            ]
        },
        "left_comp_1": {
            "true_params": {
                "mui": [
                    0.5159639728658603,
                    -0.6368150388059903,
                    0.5954131791094356,
                    -1.0207298115199055,
                    0.2338885823207669,
                    1.7178940194199304
                ],
                "Si": [
                    [
                        0.7021700613064626,
                        -0.6338235141437525,
                        0.6141146413070918,
                        -0.8901499105240764,
                        0.24549677366461672,
                        1.758424583438105
                    ],
                    [
                        -0.6338235141437525,
                        1.4974264696956667,
                        -0.576549820152383,
                        1.5301604321464684,
                        -0.19558457548337468,
                        -2.2099851561541013
                    ],
                    [
                        0.6141146413070918,
                        -0.576549820152383,
                        1.5422722823975723,
                        -1.5085870100204737,
                        -0.34275774335128906,
                        1.967045805089682
                    ],
                    [
                        -0.8901499105240764,
                        1.5301604321464686,
                        -1.5085870100204737,
                        3.1875227582775008,
                        0.82327465559732,
                        -2.335262875245852
                    ],
                    [
                        0.24549677366461667,
                        -0.19558457548337466,
                        -0.34275774335128906,
                        0.82327465559732,
                        1.8786964773263597,
                        1.7746637719070708
                    ],
                    [
                        1.758424583438105,
                        -2.2099851561541013,
                        1.967045805089682,
                        -2.3352628752458515,
                        1.7746637719070708,
                        7.344811632887121
                    ]
                ]
            },
            "est_params": {
                "mui": [
                    0.5159639728658603,
                    -0.6368150388059903,
                    0.5954131791094356,
                    -1.0207298115199055,
                    0.2338885823207669,
                    1.7178940194199304
                ],
                "Si": [
                    [
                        0.7021700613064626,
                        -0.6338235141437525,
                        0.6141146413070918,
                        -0.8901499105240764,
                        0.24549677366461672,
                        1.758424583438105
                    ],
                    [
                        -0.6338235141437525,
                        1.4974264696956667,
                        -0.576549820152383,
                        1.5301604321464684,
                        -0.19558457548337468,
                        -2.2099851561541013
                    ],
                    [
                        0.6141146413070918,
                        -0.576549820152383,
                        1.5422722823975723,
                        -1.5085870100204737,
                        -0.34275774335128906,
                        1.967045805089682
                    ],
                    [
                        -0.8901499105240764,
                        1.5301604321464686,
                        -1.5085870100204737,
                        3.1875227582775008,
                        0.82327465559732,
                        -2.335262875245852
                    ],
                    [
                        0.24549677366461667,
                        -0.19558457548337466,
                        -0.34275774335128906,
                        0.82327465559732,
                        1.8786964773263597,
                        1.7746637719070708
                    ],
                    [
                        1.758424583438105,
                        -2.2099851561541013,
                        1.967045805089682,
                        -2.3352628752458515,
                        1.7746637719070708,
                        7.344811632887121
                    ]
                ]
            },
            "est_tgt": [
                0,
                1,
                2,
                3,
                5
            ]
        }
    },
    "metric_dict": {
        "param_est_rel_err": 30.963476715872662,
        "est_num_comp": 5,
        "weight_precision_error": 0.23172845153431412,
        "gm_score_dict": {
            "1": -8.834051672681161,
            "2": -8.703537390178669,
            "3": -5.969455805469229,
            "4": -5.922825027120741,
            "5": -4.3465167450235205,
            "6": -4.347072353044131,
            "7": -4.346232337965796
        },
        "est_dag": {
            "amat": [
                [
                    0,
                    1,
                    1,
                    1,
                    1,
                    1
                ],
                [
                    0,
                    0,
                    0,
                    1,
                    0,
                    1
                ],
                [
                    0,
                    0,
                    0,
                    1,
                    1,
                    1
                ],
                [
                    0,
                    0,
                    0,
                    0,
                    0,
                    0
                ],
                [
                    0,
                    0,
                    0,
                    1,
                    0,
                    1
                ],
                [
                    0,
                    0,
                    0,
                    0,
                    0,
                    0
                ]
            ],
            "nodes": [
                0,
                1,
                2,
                3,
                4,
                5
            ]
        },
        "oracle_est_dag": {
            "amat": [
                [
                    0,
                    1,
                    1,
                    1,
                    1,
                    1
                ],
                [
                    0,
                    0,
                    0,
                    1,
                    0,
                    1
                ],
                [
                    0,
                    0,
                    0,
                    1,
                    1,
                    1
                ],
                [
                    0,
                    0,
                    0,
                    0,
                    0,
                    0
                ],
                [
                    0,
                    0,
                    0,
                    1,
                    0,
                    1
                ],
                [
                    0,
                    0,
                    0,
                    0,
                    0,
                    0
                ]
            ],
            "nodes": [
                0,
                1,
                2,
                3,
                4,
                5
            ]
        },
        "igsp_dag": null,
        "intv_base_est_dag": null,
        "act_dag": {
            "amat": [
                [
                    0,
                    1,
                    1,
                    0,
                    1,
                    1
                ],
                [
                    0,
                    0,
                    0,
                    1,
                    1,
                    1
                ],
                [
                    0,
                    0,
                    0,
                    1,
                    0,
                    1
                ],
                [
                    0,
                    0,
                    0,
                    0,
                    1,
                    0
                ],
                [
                    0,
                    0,
                    0,
                    0,
                    0,
                    1
                ],
                [
                    0,
                    0,
                    0,
                    0,
                    0,
                    0
                ]
            ],
            "nodes": [
                0,
                1,
                2,
                3,
                4,
                5
            ]
        },
        "shd": 4,
        "oracle_shd": 4,
        "intv_base_shd": null,
        "igsp_shd": null,
        "avg_js": 0.625,
        "avg_oracle_js": 0.625
    }
}