{
    "expt_args": {
        "save_dir": "all_expt_logs/expt_logs_sim_gamma48-test2",
        "exp_name": "14",
        "num_nodes": 4,
        "num_tgt_prior": 5,
        "obs_noise_mean": 0.0,
        "obs_noise_var": 1.0,
        "obs_noise_gamma_shape": 4.0,
        "noise_type": "gamma",
        "max_edge_strength": 1.0,
        "graph_sparsity_method": "adj_dense_prop",
        "adj_dense_prop": 0.8,
        "num_parents": null,
        "new_noise_mean": 1.0,
        "mix_samples": 1048576,
        "stage2_samples": 1048576,
        "gmm_tol": 0.001,
        "intv_type": "do",
        "new_noise_var": null,
        "dtype": "simulation",
        "intv_targets": [
            0,
            1,
            2,
            3
        ]
    },
    "intv_args_dict": {
        "0": {
            "intv_type": "do",
            "inode": 0,
            "new_mui": 1.0,
            "new_vari": null,
            "noise_type": "gamma",
            "obs_noise_gamma_shape": 4.0,
            "true_params": {
                "Si": [
                    [
                        12.06649715932924,
                        12.063302055613145,
                        5.58136457924172,
                        14.046928066147428
                    ],
                    [
                        12.063302055613145,
                        16.06972689508231,
                        9.58950577949436,
                        17.010663237037072
                    ],
                    [
                        5.58136457924172,
                        9.58950577949436,
                        6.5912822057617095,
                        9.464868607693614
                    ],
                    [
                        14.046928066147428,
                        17.010663237037072,
                        9.464868607693614,
                        18.548565526051867
                    ]
                ],
                "mui": [
                    12.002313604357933,
                    16.008262540179434,
                    9.56080348657161,
                    16.939300809572885
                ],
                "Ai": [
                    [
                        0.0,
                        0.0,
                        0.0,
                        0.0
                    ],
                    [
                        0.0,
                        0.0,
                        0.0,
                        0.0
                    ],
                    [
                        -0.5371846850649535,
                        -0.0,
                        0.0,
                        0.0
                    ],
                    [
                        0.8136736165096208,
                        -0.9848718953223348,
                        0.7249558293873462,
                        0.0
                    ]
                ]
            },
            "est_params": {
                "mui": [
                    22.02147235791352,
                    22.02147235791352,
                    10.19187466465725,
                    15.199580859456537
                ],
                "Si": [
                    [
                        13.014456371834738,
                        13.014455371834739,
                        6.023289261632904,
                        13.294913362944973
                    ],
                    [
                        13.014455371834739,
                        13.014456371834738,
                        6.023289261632904,
                        13.294913362944973
                    ],
                    [
                        6.023289261632904,
                        6.023289261632904,
                        2.7876715165717463,
                        6.153089515075471
                    ],
                    [
                        13.294913362944973,
                        13.294913362944973,
                        6.153089515075471,
                        20.515901381897855
                    ]
                ]
            },
            "est_tgt": [
                0,
                1,
                2,
                3
            ],
            "oracle_est_tgt": [
                0,
                2,
                3
            ],
            "intv_base_est_tgt": [
                0,
                1,
                2,
                3
            ]
        },
        "1": {
            "intv_type": "do",
            "inode": 1,
            "new_mui": 1.0,
            "new_vari": null,
            "noise_type": "gamma",
            "obs_noise_gamma_shape": 4.0,
            "true_params": {
                "Si": [
                    [
                        15.94242399684268,
                        11.930190160466333,
                        7.378397982926808,
                        22.513657420651768
                    ],
                    [
                        11.930190160466333,
                        11.924082985277973,
                        5.521474716351214,
                        13.896602206722573
                    ],
                    [
                        7.378397982926808,
                        5.521474716351214,
                        3.414835586184377,
                        10.419665449478696
                    ],
                    [
                        22.513657420651768,
                        13.896602206722573,
                        10.419665449478696,
                        34.699850728962275
                    ]
                ],
                "mui": [
                    15.992524979855958,
                    11.997204504972592,
                    7.401585485158632,
                    22.555333622128316
                ],
                "Ai": [
                    [
                        0.0,
                        0.0,
                        0.0,
                        0.0
                    ],
                    [
                        0.0,
                        0.0,
                        0.0,
                        0.0
                    ],
                    [
                        -0.5371846850649535,
                        -0.0,
                        0.0,
                        0.0
                    ],
                    [
                        0.8136736165096208,
                        -0.9848718953223348,
                        0.7249558293873462,
                        0.0
                    ]
                ]
            },
            "est_params": {
                "mui": [
                    15.194213329791594,
                    13.80666943134513,
                    9.270761709471676,
                    20.680435893066498
                ],
                "Si": [
                    [
                        13.107988074353598,
                        12.603934908007238,
                        7.466662173505078,
                        16.773349329684358
                    ],
                    [
                        12.60393490800724,
                        14.998459073477827,
                        10.339600210872504,
                        15.583617823525312
                    ],
                    [
                        7.46666217350508,
                        10.339600210872506,
                        9.885656653519145,
                        10.525570224253936
                    ],
                    [
                        16.77334932968436,
                        15.583617823525312,
                        10.525570224253938,
                        22.704088409612332
                    ]
                ]
            },
            "est_tgt": [
                0,
                1,
                2,
                3
            ],
            "oracle_est_tgt": [
                1,
                2,
                3
            ],
            "intv_base_est_tgt": []
        },
        "2": {
            "intv_type": "do",
            "inode": 2,
            "new_mui": 1.0,
            "new_vari": null,
            "noise_type": "gamma",
            "obs_noise_gamma_shape": 4.0,
            "true_params": {
                "Si": [
                    [
                        15.985002267626022,
                        15.985002267626022,
                        11.974780908788716,
                        21.92958461805383
                    ],
                    [
                        15.985002267626022,
                        15.985002267626022,
                        11.974780908788716,
                        21.92958461805383
                    ],
                    [
                        11.974780908788716,
                        11.974780908788716,
                        11.962401083062584,
                        18.596931426680467
                    ],
                    [
                        21.92958461805383,
                        21.92958461805383,
                        18.596931426680467,
                        31.657231322853946
                    ]
                ],
                "mui": [
                    15.999969282793606,
                    15.999969282793606,
                    11.999337254753895,
                    21.95979157214164
                ],
                "Ai": [
                    [
                        0.0,
                        0.0,
                        0.0,
                        0.0
                    ],
                    [
                        0.0,
                        0.0,
                        0.0,
                        0.0
                    ],
                    [
                        0.0,
                        0.0,
                        0.0,
                        0.0
                    ],
                    [
                        0.8136736165096208,
                        -0.9848718953223348,
                        0.7249558293873462,
                        0.0
                    ]
                ]
            },
            "est_params": {
                "mui": [
                    18.86888941836623,
                    14.685542587758064,
                    11.239994353395133,
                    27.907128177460933
                ],
                "Si": [
                    [
                        15.634856342455704,
                        16.313751462518596,
                        11.974124648367194,
                        20.97028077549264
                    ],
                    [
                        16.313751462518596,
                        27.962168810259325,
                        22.776745710868163,
                        18.560801982821044
                    ],
                    [
                        11.974124648367194,
                        22.776745710868163,
                        21.002160716572213,
                        14.510615354256643
                    ],
                    [
                        20.97028077549264,
                        18.560801982821044,
                        14.510615354256643,
                        30.2727889348523
                    ]
                ]
            },
            "est_tgt": [
                0,
                1,
                2,
                3
            ],
            "oracle_est_tgt": [
                2,
                3
            ],
            "intv_base_est_tgt": [
                1,
                2,
                3
            ]
        },
        "3": {
            "intv_type": "do",
            "inode": 3,
            "new_mui": 1.0,
            "new_vari": null,
            "noise_type": "gamma",
            "obs_noise_gamma_shape": 4.0,
            "true_params": {
                "Si": [
                    [
                        15.972220858011443,
                        15.972220858011443,
                        7.392188426612682,
                        11.997253739591182
                    ],
                    [
                        15.972220858011443,
                        15.972220858011443,
                        7.392188426612682,
                        11.997253739591182
                    ],
                    [
                        7.392188426612682,
                        7.392188426612682,
                        3.4212180147219597,
                        5.55251276784455
                    ],
                    [
                        11.997253739591182,
                        11.997253739591182,
                        5.55251276784455,
                        11.996273076074733
                    ]
                ],
                "mui": [
                    15.997894180144787,
                    15.997894180144787,
                    7.404070433281256,
                    11.999377328947507
                ],
                "Ai": [
                    [
                        0.0,
                        0.0,
                        0.0,
                        0.0
                    ],
                    [
                        0.0,
                        0.0,
                        0.0,
                        0.0
                    ],
                    [
                        -0.5371846850649535,
                        -0.0,
                        0.0,
                        0.0
                    ],
                    [
                        0.0,
                        0.0,
                        0.0,
                        0.0
                    ]
                ]
            },
            "est_params": {
                "mui": [
                    15.295549957288245,
                    15.295549957288245,
                    7.079014770842656,
                    11.640413208891863
                ],
                "Si": [
                    [
                        11.873058985177542,
                        11.873057985177542,
                        5.495033069131797,
                        9.425198575048906
                    ],
                    [
                        11.873057985177542,
                        11.873058985177542,
                        5.495033069131797,
                        9.425198575048906
                    ],
                    [
                        5.495033069131797,
                        5.495033069131797,
                        2.5431864597664506,
                        4.362126246644165
                    ],
                    [
                        9.425198575048906,
                        9.425198575048906,
                        4.362126246644165,
                        9.748744912703053
                    ]
                ]
            },
            "est_tgt": [
                0,
                1,
                2,
                3
            ],
            "oracle_est_tgt": [
                2,
                3
            ],
            "intv_base_est_tgt": [
                0,
                1,
                2,
                3
            ]
        },
        "obs": {
            "intv_type": "obs",
            "noise_type": "gamma",
            "obs_noise_gamma_shape": 4.0,
            "true_params": {
                "Si": [
                    [
                        16.02763198774962,
                        16.02763198774962,
                        7.417833546073357,
                        18.661330648654175
                    ],
                    [
                        16.02763198774962,
                        16.02763198774962,
                        7.417833546073357,
                        18.661330648654175
                    ],
                    [
                        7.417833546073357,
                        7.417833546073357,
                        3.4330869687617005,
                        8.63674962126393
                    ],
                    [
                        18.661330648654175,
                        18.661330648654175,
                        8.63674962126393,
                        21.727804946143856
                    ]
                ],
                "mui": [
                    16.00336622279107,
                    16.00336622279107,
                    7.406602978421932,
                    18.633077475404374
                ],
                "Ai": [
                    [
                        0.0,
                        0.0,
                        0.0,
                        0.0
                    ],
                    [
                        0.0,
                        0.0,
                        0.0,
                        0.0
                    ],
                    [
                        -0.5371846850649535,
                        -0.0,
                        0.0,
                        0.0
                    ],
                    [
                        0.8136736165096208,
                        -0.9848718953223348,
                        0.7249558293873462,
                        0.0
                    ]
                ]
            },
            "est_params": {
                "mui": [
                    14.01160375282445,
                    16.018932300611066,
                    8.492113390324866,
                    17.799615489462894
                ],
                "Si": [
                    [
                        18.043084685787154,
                        14.008177192990821,
                        4.3157089678238725,
                        18.0217967006822
                    ],
                    [
                        14.008177192990821,
                        15.99431792231559,
                        8.469338592603146,
                        17.77994428173985
                    ],
                    [
                        4.315708967823872,
                        8.469338592603146,
                        6.151006753545923,
                        8.098911042059964
                    ],
                    [
                        18.021796700682195,
                        17.77994428173985,
                        8.098911042059964,
                        20.804191127333354
                    ]
                ]
            },
            "est_tgt": [
                0,
                2,
                3
            ],
            "oracle_est_tgt": [
                0,
                1,
                2,
                3
            ],
            "intv_base_est_tgt": [
                0,
                1,
                2,
                3
            ]
        }
    },
    "metric_dict": {
        "param_est_rel_err": 251.290891060753,
        "weight_precision_error": 0.6236298159577687,
        "est_dag": {
            "amat": [
                [
                    0,
                    0,
                    1,
                    0
                ],
                [
                    1,
                    0,
                    0,
                    0
                ],
                [
                    0,
                    0,
                    0,
                    0
                ],
                [
                    0,
                    0,
                    1,
                    0
                ]
            ],
            "nodes": [
                0,
                1,
                2,
                3
            ]
        },
        "oracle_est_dag": {
            "amat": [
                [
                    0,
                    0,
                    0,
                    1
                ],
                [
                    0,
                    0,
                    1,
                    0
                ],
                [
                    0,
                    0,
                    0,
                    0
                ],
                [
                    0,
                    0,
                    0,
                    0
                ]
            ],
            "nodes": [
                0,
                1,
                2,
                3
            ]
        },
        "igsp_dag": null,
        "intv_base_est_dag": {
            "amat": [
                [
                    0,
                    0,
                    0,
                    0
                ],
                [
                    1,
                    0,
                    0,
                    1
                ],
                [
                    1,
                    1,
                    0,
                    1
                ],
                [
                    1,
                    0,
                    0,
                    0
                ]
            ],
            "nodes": [
                0,
                1,
                2,
                3
            ]
        },
        "act_dag": {
            "amat": [
                [
                    0,
                    0,
                    1,
                    1
                ],
                [
                    0,
                    0,
                    0,
                    1
                ],
                [
                    0,
                    0,
                    0,
                    1
                ],
                [
                    0,
                    0,
                    0,
                    0
                ]
            ],
            "nodes": [
                0,
                1,
                2,
                3
            ]
        },
        "shd": 4,
        "oracle_shd": 4,
        "intv_base_shd": 4,
        "igsp_shd": null,
        "avg_js": 0.2,
        "avg_oracle_js": 0.3333333333333333,
        "avg_intv_base_js": 0.16666666666666666
    }
}