{
    "expt_args": {
        "save_dir": "expt_logs_29.04.24-3",
        "exp_name": "144",
        "num_nodes": 4,
        "obs_noise_mean": 0.5,
        "obs_noise_var": 1.0,
        "max_edge_strength": 20.0,
        "num_parents": 2,
        "new_noise_mean": 10.0,
        "mix_samples": 1024,
        "stage2_samples": 1024,
        "intv_targets": [
            0,
            1,
            2,
            3
        ]
    },
    "intv_args_dict": {
        "0": {
            "intv_type": "do",
            "inode": 0,
            "new_mui": 10.0,
            "true_params": {
                "Si": [
                    [
                        1.1248323587054962e-33,
                        3.3538520520522307e-17,
                        -3.270278284627675e-16,
                        -4.355971938161747e-15
                    ],
                    [
                        3.3538520520522307e-17,
                        0.9999999999999996,
                        -9.750812599579586,
                        -129.87966882726133
                    ],
                    [
                        -3.270278284627675e-16,
                        -9.750812599579586,
                        96.07834635212004,
                        1279.7521927785062
                    ],
                    [
                        -4.355971938161747e-15,
                        -129.87966882726133,
                        1279.7521927785062,
                        17047.14761914308
                    ]
                ],
                "mui": [
                    10.0,
                    -65.70584375186186,
                    579.380589527759,
                    7775.6177654355715
                ],
                "Ai": [
                    [
                        0.0,
                        0.0,
                        0.0,
                        0.0
                    ],
                    [
                        -6.620584375186187,
                        0.0,
                        0.0,
                        0.0
                    ],
                    [
                        -6.1804779593903625,
                        -9.75081259957959,
                        0.0,
                        0.0
                    ],
                    [
                        5.783694147088868,
                        0.0,
                        13.319881548422043,
                        0.0
                    ]
                ]
            },
            "est_params": {
                "mui": [
                    -0.41869702228269823,
                    3.530052823874731,
                    -31.482388423528487,
                    -421.12913732763
                ],
                "Si": [
                    [
                        0.4305514985421559,
                        -2.6785357932055778,
                        23.457595554049885,
                        315.0146062140624
                    ],
                    [
                        -2.6785357932055778,
                        18.213246583681666,
                        -161.20266108003906,
                        -2163.0910986438116
                    ],
                    [
                        23.457595554049885,
                        -161.20266108003906,
                        1429.0795468218816,
                        19174.290212621523
                    ],
                    [
                        315.01460621406244,
                        -2163.0910986438116,
                        19174.290212621523,
                        257268.7193575576
                    ]
                ]
            },
            "est_tgt": [
                0
            ]
        },
        "1": {
            "intv_type": "do",
            "inode": 1,
            "new_mui": 10.0,
            "true_params": {
                "Si": [
                    [
                        1.0000000000000058,
                        -1.557385522120052e-15,
                        -6.180477959390383,
                        -76.53954018462419
                    ],
                    [
                        -1.557385522120052e-15,
                        2.4254496645091326e-30,
                        9.625386893736608e-15,
                        1.1920157175325893e-13
                    ],
                    [
                        -6.180477959390383,
                        9.625386893736608e-15,
                        39.198307806510094,
                        486.3708226813636
                    ],
                    [
                        -76.53954018462419,
                        1.1920157175325893e-13,
                        486.3708226813636,
                        6036.72045613766
                    ]
                ],
                "mui": [
                    0.5000000000000445,
                    9.999999999999979,
                    -100.09836497549114,
                    -1329.9065175907149
                ],
                "Ai": [
                    [
                        0.0,
                        0.0,
                        0.0,
                        0.0
                    ],
                    [
                        0.0,
                        0.0,
                        0.0,
                        0.0
                    ],
                    [
                        -6.1804779593903625,
                        -9.75081259957959,
                        0.0,
                        0.0
                    ],
                    [
                        5.783694147088868,
                        0.0,
                        13.319881548422043,
                        0.0
                    ]
                ]
            },
            "est_params": {
                "mui": [
                    10.0,
                    -65.67025183610068,
                    579.1034276539401,
                    7771.947208483286
                ],
                "Si": [
                    [
                        1e-06,
                        0.0,
                        0.0,
                        0.0
                    ],
                    [
                        0.0,
                        0.9047468299128856,
                        -8.814304858812806,
                        -117.33807289967899
                    ],
                    [
                        0.0,
                        -8.814304858812806,
                        86.67270696178369,
                        1153.843200391438
                    ],
                    [
                        0.0,
                        -117.33807289967899,
                        1153.843200391438,
                        15361.509255260968
                    ]
                ]
            },
            "est_tgt": [
                0
            ]
        },
        "2": {
            "intv_type": "do",
            "inode": 2,
            "new_mui": 10.0,
            "true_params": {
                "Si": [
                    [
                        1.0,
                        -6.620584375186187,
                        -4.82075639047144e-17,
                        5.783694147088868
                    ],
                    [
                        -6.620584375186187,
                        44.83213746895947,
                        3.1916224435334176e-16,
                        -38.29143510107236
                    ],
                    [
                        -4.82075639047144e-17,
                        3.1916224435334176e-16,
                        2.323969217627123e-33,
                        -2.7881780520110925e-16
                    ],
                    [
                        5.783694147088868,
                        -38.29143510107236,
                        -2.7881780520110925e-16,
                        34.45111798707003
                    ]
                ],
                "mui": [
                    0.5000000000000031,
                    -2.810292187593114,
                    9.999999999999998,
                    136.59066255776486
                ],
                "Ai": [
                    [
                        0.0,
                        0.0,
                        0.0,
                        0.0
                    ],
                    [
                        -6.620584375186187,
                        0.0,
                        0.0,
                        0.0
                    ],
                    [
                        0.0,
                        0.0,
                        0.0,
                        0.0
                    ],
                    [
                        5.783694147088868,
                        0.0,
                        13.319881548422043,
                        0.0
                    ]
                ]
            },
            "est_params": {
                "mui": [
                    0.5559959261678675,
                    9.999999999999988,
                    -100.55712540857036,
                    -1335.7420137729762
                ],
                "Si": [
                    [
                        0.9707478097718892,
                        -1.5164550013901268e-15,
                        -6.1031489108684855,
                        -75.77516802186967
                    ],
                    [
                        -1.5164550013901268e-15,
                        1e-06,
                        9.542546221165643e-15,
                        1.1853390125875917e-13
                    ],
                    [
                        -6.1031489108684855,
                        9.542546221165645e-15,
                        39.43809498151682,
                        490.5765223536162
                    ],
                    [
                        -75.77516802186967,
                        1.1853390125875917e-13,
                        490.5765223536162,
                        6103.938552161088
                    ]
                ]
            },
            "est_tgt": [
                1,
                3
            ]
        },
        "3": {
            "intv_type": "do",
            "inode": 3,
            "new_mui": 10.0,
            "true_params": {
                "Si": [
                    [
                        1.0,
                        -6.620584375186187,
                        58.37559958275487,
                        0.0
                    ],
                    [
                        -6.620584375186187,
                        44.83213746895947,
                        -396.2313950892918,
                        0.0
                    ],
                    [
                        58.37559958275487,
                        -396.2313950892918,
                        3503.788972998251,
                        0.0
                    ],
                    [
                        0.0,
                        0.0,
                        0.0,
                        0.0
                    ]
                ],
                "mui": [
                    0.5,
                    -2.8102921875930935,
                    24.812393491587642,
                    10.0
                ],
                "Ai": [
                    [
                        0.0,
                        0.0,
                        0.0,
                        0.0
                    ],
                    [
                        -6.620584375186187,
                        0.0,
                        0.0,
                        0.0
                    ],
                    [
                        -6.1804779593903625,
                        -9.75081259957959,
                        0.0,
                        0.0
                    ],
                    [
                        0.0,
                        0.0,
                        0.0,
                        0.0
                    ]
                ]
            },
            "est_params": {
                "mui": [
                    0.46842006942117204,
                    -2.7348097386319776,
                    15.033830206948451,
                    71.86023022344538
                ],
                "Si": [
                    [
                        1.1287141589852105,
                        -7.503317673394536,
                        31.089243569763386,
                        8.242747441874096
                    ],
                    [
                        -7.503317673394536,
                        50.82393652244984,
                        -211.61638478822135,
                        -56.23255805128325
                    ],
                    [
                        31.089243569763386,
                        -211.61638478822135,
                        1916.570950743531,
                        -311.3868735490114
                    ],
                    [
                        8.242747441874096,
                        -56.23255805128325,
                        -311.3868735490114,
                        4041.0632350392057
                    ]
                ]
            },
            "est_tgt": [
                2,
                3
            ]
        },
        "obs": {
            "intv_type": "obs",
            "true_params": {
                "Si": [
                    [
                        1.0,
                        -6.620584375186187,
                        58.37559958275487,
                        783.3397659074991
                    ],
                    [
                        -6.620584375186187,
                        44.83213746895947,
                        -396.2313950892918,
                        -5316.046683456455
                    ],
                    [
                        58.37559958275487,
                        -396.2313950892918,
                        3503.788972998251,
                        47007.68070464361
                    ],
                    [
                        783.3397659074991,
                        -5316.046683456455,
                        47007.68070464361,
                        630668.3364711587
                    ]
                ],
                "mui": [
                    0.5,
                    -2.8102921875930935,
                    24.812393491587642,
                    333.8899893143299
                ],
                "Ai": [
                    [
                        0.0,
                        0.0,
                        0.0,
                        0.0
                    ],
                    [
                        -6.620584375186187,
                        0.0,
                        0.0,
                        0.0
                    ],
                    [
                        -6.1804779593903625,
                        -9.75081259957959,
                        0.0,
                        0.0
                    ],
                    [
                        5.783694147088868,
                        0.0,
                        13.319881548422043,
                        0.0
                    ]
                ]
            },
            "est_params": {
                "mui": [
                    0.8625762452746575,
                    -5.251080495481725,
                    46.358297060698845,
                    623.0012921717312
                ],
                "Si": [
                    [
                        0.7502420799593101,
                        -4.882424224212514,
                        43.013440137479456,
                        577.2749622745121
                    ],
                    [
                        -4.882424224212514,
                        32.409580201450424,
                        -285.8961978484855,
                        -3836.359765168747
                    ],
                    [
                        43.01344013747946,
                        -285.8961978484855,
                        2523.7712026185045,
                        33865.32860957016
                    ],
                    [
                        577.2749622745123,
                        -3836.359765168747,
                        33865.32860957016,
                        454424.8030909251
                    ]
                ]
            }
        }
    },
    "metric_dict": {
        "param_est_rel_err": 79.50659549055737,
        "est_dag": {
            "amat": [
                [
                    0,
                    1,
                    1,
                    1
                ],
                [
                    0,
                    0,
                    0,
                    0
                ],
                [
                    0,
                    0,
                    0,
                    0
                ],
                [
                    0,
                    0,
                    1,
                    0
                ]
            ],
            "nodes": [
                0,
                1,
                2,
                3
            ]
        },
        "act_dag": {
            "amat": [
                [
                    0,
                    1,
                    1,
                    1
                ],
                [
                    0,
                    0,
                    1,
                    0
                ],
                [
                    0,
                    0,
                    0,
                    1
                ],
                [
                    0,
                    0,
                    0,
                    0
                ]
            ],
            "nodes": [
                0,
                1,
                2,
                3
            ]
        },
        "shd": 2,
        "avg_js": 0.375
    }
}