{
    "expt_args": {
        "save_dir": "expt_logs_29.04.24-3",
        "exp_name": "152",
        "num_nodes": 6,
        "obs_noise_mean": 0.5,
        "obs_noise_var": 1.0,
        "max_edge_strength": 20.0,
        "num_parents": 2,
        "new_noise_mean": 10.0,
        "mix_samples": 1024,
        "stage2_samples": 1024,
        "intv_targets": [
            0,
            1,
            2,
            3,
            4,
            5
        ]
    },
    "intv_args_dict": {
        "0": {
            "intv_type": "do",
            "inode": 0,
            "new_mui": 10.0,
            "true_params": {
                "Si": [
                    [
                        1.419902636503589e-32,
                        -1.1801822880138264e-16,
                        -2.128123216207572e-15,
                        1.713740462087119e-15,
                        2.7433343751789063e-14,
                        -1.8606119238811768e-14
                    ],
                    [
                        -1.1801822880138264e-16,
                        1.0000000000000027,
                        18.032156877977528,
                        -14.381608122328563,
                        -230.03285076982087,
                        157.6570313476778
                    ],
                    [
                        -2.128123216207572e-15,
                        18.032156877977528,
                        326.15868167199136,
                        -259.33141381942374,
                        -4147.988452169792,
                        2852.7107224814604
                    ],
                    [
                        1.713740462087119e-15,
                        -14.381608122328563,
                        -259.33141381942374,
                        207.83065218422635,
                        3325.5676495664247,
                        -2267.3616425719656
                    ],
                    [
                        2.7433343751789063e-14,
                        -230.03285076982087,
                        -4147.988452169792,
                        3325.5676495664247,
                        53216.27964996339,
                        -36266.29636481324
                    ],
                    [
                        -1.8606119238811768e-14,
                        157.6570313476778,
                        2852.7107224814604,
                        -2267.3616425719656,
                        -36266.29636481324,
                        24953.0619866882
                    ]
                ],
                "mui": [
                    10.00000000000002,
                    -112.38659752658346,
                    -2131.809563123193,
                    1717.439166509751,
                    27605.379245166936,
                    -18750.87346559975
                ],
                "Ai": [
                    [
                        0.0,
                        0.0,
                        0.0,
                        0.0,
                        0.0,
                        0.0
                    ],
                    [
                        -11.288659752658322,
                        0.0,
                        0.0,
                        0.0,
                        0.0,
                        0.0
                    ],
                    [
                        -10.573680554172583,
                        18.032156877977492,
                        0.0,
                        0.0,
                        0.0,
                        0.0
                    ],
                    [
                        10.063916268057286,
                        -14.381608122328522,
                        0.0,
                        0.0,
                        0.0,
                        0.0
                    ],
                    [
                        -0.0,
                        19.1333210689175,
                        -0.0,
                        17.32533453278348,
                        0.0,
                        0.0
                    ],
                    [
                        -0.0,
                        -19.31777459589654,
                        9.814400303921033,
                        0.0,
                        -0.0,
                        0.0
                    ]
                ]
            },
            "est_params": {
                "mui": [
                    10.000000000000005,
                    -112.34551560492034,
                    -2131.056408622449,
                    1716.814695818312,
                    27595.395308565203,
                    -18744.519869621032
                ],
                "Si": [
                    [
                        1e-06,
                        -2.4344463661395826e-28,
                        -2.5229716885446585e-27,
                        -4.603316765063938e-27,
                        -6.550873857975604e-26,
                        -1.9829672218736964e-26
                    ],
                    [
                        -2.4344463661395826e-28,
                        1.0746270065254322,
                        19.41075093095059,
                        -15.392895111143869,
                        -246.19263587918618,
                        169.66490990967557
                    ],
                    [
                        -2.5229716885446585e-27,
                        19.41075093095059,
                        351.6086522753635,
                        -278.05861968798087,
                        -4447.209805492365,
                        3074.2518311181807
                    ],
                    [
                        -4.603316765063938e-27,
                        -15.392895111143869,
                        -278.05861968798087,
                        221.45844199950204,
                        3543.1232505981834,
                        -2430.4140574993326
                    ],
                    [
                        -6.550873857975604e-26,
                        -246.19263587918618,
                        -4447.209805492365,
                        3543.1232505981834,
                        56688.6847342108,
                        -38871.395675411935
                    ],
                    [
                        -1.9829672218736964e-26,
                        169.66490990967557,
                        3074.2518311181807,
                        -2430.4140574993326,
                        -38871.395675411935,
                        26881.145207179456
                    ]
                ]
            },
            "est_tgt": [
                0,
                2,
                4
            ]
        },
        "1": {
            "intv_type": "do",
            "inode": 1,
            "new_mui": 10.0,
            "true_params": {
                "Si": [
                    [
                        1.0000000000000018,
                        1.4712724433818241e-15,
                        -10.573680554172574,
                        10.06391626805728,
                        174.36071605401426,
                        -103.77433364443526
                    ],
                    [
                        1.4712724433818241e-15,
                        2.1797818510326986e-30,
                        -1.5648719352187698e-14,
                        1.472508678185483e-14,
                        2.5511705451990307e-13,
                        -1.535792377010431e-13
                    ],
                    [
                        -10.573680554172574,
                        -1.5648719352187698e-14,
                        112.80272046168704,
                        -106.4126357423781,
                        -1843.6345127519332,
                        1107.091053982301
                    ],
                    [
                        10.06391626805728,
                        1.472508678185483e-14,
                        -106.4126357423781,
                        102.2824106504678,
                        1772.0769813388908,
                        -1044.3762045710341
                    ],
                    [
                        174.36071605401426,
                        2.5511705451990307e-13,
                        -1843.6345127519332,
                        1772.0769813388908,
                        30702.8265195414,
                        -18094.167122271887
                    ],
                    [
                        -103.77433364443526,
                        -1.535792377010431e-13,
                        1107.091053982301,
                        -1044.3762045710341,
                        -18094.167122271887,
                        10866.434776672155
                    ]
                ],
                "mui": [
                    0.500000000000017,
                    9.999999999999998,
                    175.53472850268844,
                    -138.28412308925644,
                    -2203.985482404801,
                    1530.090346806516
                ],
                "Ai": [
                    [
                        0.0,
                        0.0,
                        0.0,
                        0.0,
                        0.0,
                        0.0
                    ],
                    [
                        0.0,
                        0.0,
                        0.0,
                        0.0,
                        0.0,
                        0.0
                    ],
                    [
                        -10.573680554172583,
                        18.032156877977492,
                        0.0,
                        0.0,
                        0.0,
                        0.0
                    ],
                    [
                        10.063916268057286,
                        -14.381608122328522,
                        0.0,
                        0.0,
                        0.0,
                        0.0
                    ],
                    [
                        -0.0,
                        19.1333210689175,
                        -0.0,
                        17.32533453278348,
                        0.0,
                        0.0
                    ],
                    [
                        -0.0,
                        -19.31777459589654,
                        9.814400303921033,
                        0.0,
                        -0.0,
                        0.0
                    ]
                ]
            },
            "est_params": {
                "mui": [
                    0.6157694304427778,
                    10.0,
                    174.19940048072363,
                    -137.17854059053482,
                    -2184.6743219240016,
                    1516.997072819317
                ],
                "Si": [
                    [
                        0.9750831277529958,
                        1.3819510447614117e-15,
                        -10.402122558260634,
                        9.79862855852884,
                        169.80666684437534,
                        -102.13186598124584
                    ],
                    [
                        1.3819510447614115e-15,
                        1e-06,
                        -1.4698340133591896e-14,
                        1.3918370224501561e-14,
                        2.411514810847972e-13,
                        -1.4432887446365048e-13
                    ],
                    [
                        -10.402122558260634,
                        -1.4698340133591896e-14,
                        111.95114479424988,
                        -104.6331726022848,
                        -1813.2646965958916,
                        1099.1707138556378
                    ],
                    [
                        9.79862855852884,
                        1.3918370224501561e-14,
                        -104.6331726022848,
                        99.53093543461729,
                        1724.9993955562302,
                        -1027.351389663948
                    ],
                    [
                        169.80666684437534,
                        2.411514810847971e-13,
                        -1813.2646965958916,
                        1724.9993955562302,
                        29897.35523472417,
                        -17803.609631999065
                    ],
                    [
                        -102.13186598124584,
                        -1.4432887446365048e-13,
                        1099.1707138556378,
                        -1027.351389663948,
                        -17803.609631999065,
                        10793.056236705717
                    ]
                ]
            },
            "est_tgt": [
                1,
                2,
                4
            ]
        },
        "2": {
            "intv_type": "do",
            "inode": 2,
            "new_mui": 10.0,
            "true_params": {
                "Si": [
                    [
                        1.0000000000000022,
                        -11.288659752658347,
                        -4.6781392513242434e-14,
                        172.41299705709147,
                        2771.1233003285442,
                        218.0717845916227
                    ],
                    [
                        -11.288659752658347,
                        128.43383901128814,
                        5.310230598696289e-13,
                        -1960.6932688359148,
                        -31512.300920842357,
                        -2481.055952505723
                    ],
                    [
                        -4.6781392513242434e-14,
                        5.310230598696289e-13,
                        2.197047556851817e-27,
                        -8.107769568121183e-12,
                        -1.3030958538293634e-10,
                        -1.0258190731618083e-11
                    ],
                    [
                        172.41299705709147,
                        -1960.6932688359148,
                        -8.107769568121183e-12,
                        29934.07220639279,
                        481103.2410739482,
                        37876.2306190637
                    ],
                    [
                        2771.1233003285442,
                        -31512.300920842357,
                        -1.3030958538293634e-10,
                        481103.2410739482,
                        7732340.625273708,
                        608747.5261868944
                    ],
                    [
                        218.0717845916227,
                        -2481.055952505723,
                        -1.0258190731618083e-11,
                        37876.2306190637,
                        608747.5261868944,
                        47929.479650312845
                    ]
                ],
                "mui": [
                    0.5000000000000007,
                    -5.144329876329169,
                    9.999999999999977,
                    79.51569446738141,
                    1279.7078920457527,
                    198.0210080370733
                ],
                "Ai": [
                    [
                        0.0,
                        0.0,
                        0.0,
                        0.0,
                        0.0,
                        0.0
                    ],
                    [
                        -11.288659752658322,
                        0.0,
                        0.0,
                        0.0,
                        0.0,
                        0.0
                    ],
                    [
                        0.0,
                        0.0,
                        0.0,
                        0.0,
                        0.0,
                        0.0
                    ],
                    [
                        10.063916268057286,
                        -14.381608122328522,
                        0.0,
                        0.0,
                        0.0,
                        0.0
                    ],
                    [
                        -0.0,
                        19.1333210689175,
                        -0.0,
                        17.32533453278348,
                        0.0,
                        0.0
                    ],
                    [
                        -0.0,
                        -19.31777459589654,
                        9.814400303921033,
                        0.0,
                        -0.0,
                        0.0
                    ]
                ]
            },
            "est_params": {
                "mui": [
                    -1.0786441471554071,
                    13.38359151457498,
                    251.8368530657679,
                    -202.84042800779216,
                    9.99999999999999,
                    2213.0058518864907
                ],
                "Si": [
                    [
                        0.0017453558300294988,
                        0.023072259629659975,
                        0.41127806901019553,
                        -0.30783488426339334,
                        -1.141383122456523e-29,
                        3.545844471432406
                    ],
                    [
                        0.023072259629659975,
                        0.30517334801195073,
                        5.4398960492068715,
                        -4.071672906709196,
                        1.757187666710604e-28,
                        46.90020398527256
                    ],
                    [
                        0.41127806901019553,
                        5.4398960492068715,
                        96.96969441736577,
                        -72.58022393956422,
                        2.956650673324958e-27,
                        836.0267109013737
                    ],
                    [
                        -0.30783488426339334,
                        -4.071672906709196,
                        -72.58022393956422,
                        54.325107344761236,
                        -2.2450981366816513e-27,
                        -625.7522712329451
                    ],
                    [
                        -1.1423926704916461e-29,
                        1.757630364860429e-28,
                        2.9565299436605446e-27,
                        -2.2434748602208654e-27,
                        1e-06,
                        2.5157695494571798e-26
                    ],
                    [
                        3.545844471432406,
                        46.90020398527256,
                        836.0267109013736,
                        -625.7522712329451,
                        2.5142574775937313e-26,
                        7207.825835121896
                    ]
                ]
            },
            "est_tgt": [
                0,
                1,
                2,
                3,
                4,
                5
            ]
        },
        "3": {
            "intv_type": "do",
            "inode": 3,
            "new_mui": 10.0,
            "true_params": {
                "Si": [
                    [
                        1.000000000000004,
                        -11.288659752658369,
                        -214.1325641562186,
                        -2.526811211307035e-15,
                        -215.989551485379,
                        -1883.5109181425587
                    ],
                    [
                        -11.288659752658369,
                        128.43383901128837,
                        2435.3018156018084,
                        2.879836881308161e-14,
                        2457.365877916638,
                        21419.970926676102
                    ],
                    [
                        -214.1325641562186,
                        2435.3018156018084,
                        46178.91371378888,
                        5.460216108571783e-13,
                        46595.41153762704,
                        406173.7332405795
                    ],
                    [
                        -2.526811211307035e-15,
                        2.879836881308161e-14,
                        5.460216108571783e-13,
                        6.459934034665456e-30,
                        5.510084367617901e-13,
                        4.802554266083536e-12
                    ],
                    [
                        -215.989551485379,
                        2457.365877916638,
                        46595.41153762704,
                        5.510084367617901e-13,
                        47018.57032598128,
                        409835.1810269715
                    ],
                    [
                        -1883.5109181425587,
                        21419.970926676102,
                        406173.7332405795,
                        4.802554266083536e-12,
                        409835.1810269715,
                        3572566.440748898
                    ]
                ],
                "mui": [
                    0.500000000000001,
                    -5.144329876329173,
                    -97.55020363912033,
                    9.999999999999998,
                    75.32523011960424,
                    -857.5197432454781
                ],
                "Ai": [
                    [
                        0.0,
                        0.0,
                        0.0,
                        0.0,
                        0.0,
                        0.0
                    ],
                    [
                        -11.288659752658322,
                        0.0,
                        0.0,
                        0.0,
                        0.0,
                        0.0
                    ],
                    [
                        -10.573680554172583,
                        18.032156877977492,
                        0.0,
                        0.0,
                        0.0,
                        0.0
                    ],
                    [
                        0.0,
                        0.0,
                        0.0,
                        0.0,
                        0.0,
                        0.0
                    ],
                    [
                        -0.0,
                        19.1333210689175,
                        -0.0,
                        17.32533453278348,
                        0.0,
                        0.0
                    ],
                    [
                        -0.0,
                        -19.31777459589654,
                        9.814400303921033,
                        0.0,
                        -0.0,
                        0.0
                    ]
                ]
            },
            "est_params": {
                "mui": [
                    0.4324686618076015,
                    -4.234461755946951,
                    -80.50895061900614,
                    10.0,
                    92.73222776724162,
                    -707.6712309647694
                ],
                "Si": [
                    [
                        1.0295846341332244,
                        -11.599859349604207,
                        -220.0286501840343,
                        -2.6050139708269804e-15,
                        -221.77194862943873,
                        -1935.3717114346055
                    ],
                    [
                        -11.599859349604207,
                        131.74044892307862,
                        2497.9658821415483,
                        2.954869673868007e-14,
                        2518.672273270762,
                        21971.181855640338
                    ],
                    [
                        -220.0286501840343,
                        2497.9658821415483,
                        47366.49475687097,
                        5.603878296480009e-13,
                        47757.20497618186,
                        416620.0190723358
                    ],
                    [
                        -2.6050139708269804e-15,
                        2.954869673868007e-14,
                        5.603878296480009e-13,
                        1e-06,
                        5.648962483981059e-13,
                        4.929121907481061e-12
                    ],
                    [
                        -221.77194862943873,
                        2518.672273270762,
                        47757.20497618186,
                        5.648962483981059e-13,
                        48154.167668900016,
                        420054.7131590767
                    ],
                    [
                        -1935.3717114346055,
                        21971.181855640338,
                        416620.0190723358,
                        4.929121907481061e-12,
                        420054.7131590767,
                        3664454.756940606
                    ]
                ]
            },
            "est_tgt": [
                3,
                4
            ]
        },
        "4": {
            "intv_type": "do",
            "inode": 4,
            "new_mui": 10.0,
            "true_params": {
                "Si": [
                    [
                        1.000000000000004,
                        -11.288659752658369,
                        -214.1325641562186,
                        172.41299705709181,
                        0.0,
                        -1883.5109181425587
                    ],
                    [
                        -11.288659752658369,
                        128.43383901128837,
                        2435.301815601809,
                        -1960.6932688359188,
                        0.0,
                        21419.970926676102
                    ],
                    [
                        -214.1325641562186,
                        2435.301815601809,
                        46178.91371378888,
                        -37178.56856751292,
                        0.0,
                        406173.7332405795
                    ],
                    [
                        172.41299705709181,
                        -1960.6932688359188,
                        -37178.56856751292,
                        29934.072206392862,
                        0.0,
                        -327009.12402928394
                    ],
                    [
                        0.0,
                        0.0,
                        0.0,
                        0.0,
                        0.0,
                        0.0
                    ],
                    [
                        -1883.5109181425587,
                        21419.970926676102,
                        406173.7332405795,
                        -327009.12402928394,
                        0.0,
                        3572566.440748898
                    ]
                ],
                "mui": [
                    0.5000000000000009,
                    -5.144329876329172,
                    -97.55020363912033,
                    79.51569446738146,
                    10.0,
                    -857.5197432454781
                ],
                "Ai": [
                    [
                        0.0,
                        0.0,
                        0.0,
                        0.0,
                        0.0,
                        0.0
                    ],
                    [
                        -11.288659752658322,
                        0.0,
                        0.0,
                        0.0,
                        0.0,
                        0.0
                    ],
                    [
                        -10.573680554172583,
                        18.032156877977492,
                        0.0,
                        0.0,
                        0.0,
                        0.0
                    ],
                    [
                        10.063916268057286,
                        -14.381608122328522,
                        0.0,
                        0.0,
                        0.0,
                        0.0
                    ],
                    [
                        0.0,
                        0.0,
                        0.0,
                        0.0,
                        0.0,
                        0.0
                    ],
                    [
                        -0.0,
                        -19.31777459589654,
                        9.814400303921033,
                        0.0,
                        -0.0,
                        0.0
                    ]
                ]
            },
            "est_params": {
                "mui": [
                    0.6858931724482015,
                    -7.118132322762363,
                    -135.04838444559905,
                    109.76639169070008,
                    10.0,
                    -1187.5251854536002
                ],
                "Si": [
                    [
                        0.8964951757827565,
                        -10.03529933690915,
                        -190.44349878609208,
                        153.39517788904112,
                        0.0,
                        -1675.3773055933996
                    ],
                    [
                        -10.03529933690915,
                        113.35252528353739,
                        2150.1232345126073,
                        -1731.6538720280512,
                        0.0,
                        18914.1088598493
                    ],
                    [
                        -190.44349878609208,
                        2150.1232345126073,
                        40786.552567075625,
                        -32847.65338499221,
                        0.0,
                        358791.4110116649
                    ],
                    [
                        153.39517788904112,
                        -1731.6538720280512,
                        -32847.65338499221,
                        26455.786933695425,
                        0.0,
                        -288953.63557616656
                    ],
                    [
                        0.0,
                        0.0,
                        0.0,
                        0.0,
                        1e-06,
                        0.0
                    ],
                    [
                        -1675.3773055933996,
                        18914.1088598493,
                        358791.4110116649,
                        -288953.63557616656,
                        0.0,
                        3156221.908969704
                    ]
                ]
            },
            "est_tgt": [
                3,
                4
            ]
        },
        "5": {
            "intv_type": "do",
            "inode": 5,
            "new_mui": 10.0,
            "true_params": {
                "Si": [
                    [
                        1.0000000000000027,
                        -11.288659752658353,
                        -214.13256415621828,
                        172.41299705709145,
                        2771.123300328544,
                        0.0
                    ],
                    [
                        -11.288659752658353,
                        128.4338390112882,
                        2435.3018156018047,
                        -1960.6932688359148,
                        -31512.300920842357,
                        0.0
                    ],
                    [
                        -214.13256415621828,
                        2435.3018156018047,
                        46178.9137137888,
                        -37178.56856751283,
                        -597535.7263445614,
                        0.0
                    ],
                    [
                        172.41299705709145,
                        -1960.6932688359148,
                        -37178.56856751283,
                        29934.072206392768,
                        481103.24107394787,
                        0.0
                    ],
                    [
                        2771.123300328544,
                        -31512.300920842357,
                        -597535.7263445614,
                        481103.24107394787,
                        7732340.625273704,
                        0.0
                    ],
                    [
                        0.0,
                        0.0,
                        0.0,
                        0.0,
                        0.0,
                        0.0
                    ]
                ],
                "mui": [
                    0.5000000000000008,
                    -5.14432987632917,
                    -97.55020363912028,
                    79.51569446738135,
                    1279.7078920457518,
                    10.0
                ],
                "Ai": [
                    [
                        0.0,
                        0.0,
                        0.0,
                        0.0,
                        0.0,
                        0.0
                    ],
                    [
                        -11.288659752658322,
                        0.0,
                        0.0,
                        0.0,
                        0.0,
                        0.0
                    ],
                    [
                        -10.573680554172583,
                        18.032156877977492,
                        0.0,
                        0.0,
                        0.0,
                        0.0
                    ],
                    [
                        10.063916268057286,
                        -14.381608122328522,
                        0.0,
                        0.0,
                        0.0,
                        0.0
                    ],
                    [
                        -0.0,
                        19.1333210689175,
                        -0.0,
                        17.32533453278348,
                        0.0,
                        0.0
                    ],
                    [
                        0.0,
                        0.0,
                        0.0,
                        0.0,
                        0.0,
                        0.0
                    ]
                ]
            },
            "est_params": {
                "mui": [
                    0.5376506071675917,
                    -5.522697790710078,
                    -45.86915920630852,
                    85.31346583408697,
                    1372.8526198917523,
                    108.9095602703454
                ],
                "Si": [
                    [
                        0.9041909445442889,
                        -10.280318936212337,
                        -101.96758345573936,
                        156.9488529095537,
                        2522.561075522948,
                        95.68997776133244
                    ],
                    [
                        -10.280318936212337,
                        117.98482157971611,
                        1168.3136336149753,
                        -1800.23343618807,
                        -28932.84923739337,
                        -1097.1832338565773
                    ],
                    [
                        -101.96758345573936,
                        1168.3136336149753,
                        25442.378567573138,
                        -17835.544727294535,
                        -286672.1169450758,
                        5525.9936935937285
                    ],
                    [
                        156.9488529095537,
                        -1800.23343618807,
                        -17835.544727294535,
                        27470.181943710813,
                        441495.5813049728,
                        16731.826441957597
                    ],
                    [
                        2522.561075522948,
                        -28932.84923739337,
                        -286672.1169450758,
                        441495.5813049728,
                        7095638.004052573,
                        268882.81519642693
                    ],
                    [
                        95.68997776133244,
                        -1097.1832338565773,
                        5525.9936935937285,
                        16731.826441957597,
                        268882.81519642693,
                        30738.78148285892
                    ]
                ]
            },
            "est_tgt": [
                2,
                5
            ]
        },
        "obs": {
            "intv_type": "obs",
            "true_params": {
                "Si": [
                    [
                        1.000000000000004,
                        -11.288659752658369,
                        -214.1325641562186,
                        172.41299705709187,
                        2771.123300328551,
                        -1883.5109181425587
                    ],
                    [
                        -11.288659752658369,
                        128.43383901128837,
                        2435.301815601809,
                        -1960.6932688359195,
                        -31512.300920842437,
                        21419.970926676102
                    ],
                    [
                        -214.1325641562186,
                        2435.301815601809,
                        46178.91371378888,
                        -37178.56856751293,
                        -597535.7263445631,
                        406173.7332405795
                    ],
                    [
                        172.41299705709187,
                        -1960.6932688359195,
                        -37178.56856751293,
                        29934.07220639288,
                        481103.24107394967,
                        -327009.12402928405
                    ],
                    [
                        2771.123300328551,
                        -31512.300920842437,
                        -597535.7263445631,
                        481103.24107394967,
                        7732340.625273733,
                        -5255707.288052859
                    ],
                    [
                        -1883.5109181425587,
                        21419.970926676102,
                        406173.7332405795,
                        -327009.12402928405,
                        -5255707.288052859,
                        3572566.440748898
                    ]
                ],
                "mui": [
                    0.500000000000001,
                    -5.144329876329172,
                    -97.55020363912033,
                    79.5156944673815,
                    1279.7078920457543,
                    -857.5197432454781
                ],
                "Ai": [
                    [
                        0.0,
                        0.0,
                        0.0,
                        0.0,
                        0.0,
                        0.0
                    ],
                    [
                        -11.288659752658322,
                        0.0,
                        0.0,
                        0.0,
                        0.0,
                        0.0
                    ],
                    [
                        -10.573680554172583,
                        18.032156877977492,
                        0.0,
                        0.0,
                        0.0,
                        0.0
                    ],
                    [
                        10.063916268057286,
                        -14.381608122328522,
                        0.0,
                        0.0,
                        0.0,
                        0.0
