{
    "expt_args": {
        "save_dir": "expt_logs_29.04.24-3",
        "exp_name": "155",
        "num_nodes": 6,
        "obs_noise_mean": 0.5,
        "obs_noise_var": 1.0,
        "max_edge_strength": 20.0,
        "num_parents": 2,
        "new_noise_mean": 10.0,
        "mix_samples": 8192,
        "stage2_samples": 8192,
        "intv_targets": [
            0,
            1,
            2,
            3,
            4,
            5
        ]
    },
    "intv_args_dict": {
        "0": {
            "intv_type": "do",
            "inode": 0,
            "new_mui": 10.0,
            "true_params": {
                "Si": [
                    [
                        1.344635810165354e-28,
                        7.738034833253453e-28,
                        -1.1573261269880732e-14,
                        1.7636984913673146e-13,
                        -3.452722183424661e-12,
                        1.5352243247236973e-11
                    ],
                    [
                        7.738034833253453e-28,
                        0.9999999999982858,
                        12.951836167930361,
                        -194.48693475700446,
                        3814.6194733370453,
                        -16961.389575870915
                    ],
                    [
                        -1.1573261269880732e-14,
                        12.951836167930361,
                        168.75006012119664,
                        -2534.13984095359,
                        49703.4390718603,
                        -221002.22558264562
                    ],
                    [
                        1.7636984913673146e-13,
                        -194.48693475700446,
                        -2534.13984095359,
                        38056.50684896486,
                        -746422.4810879582,
                        3318905.7462776653
                    ],
                    [
                        -3.452722183424661e-12,
                        3814.6194733370453,
                        49703.4390718603,
                        -746422.4810879582,
                        14639981.872788718,
                        -65095466.969561495
                    ],
                    [
                        1.5352243247236973e-11,
                        -16961.389575870915,
                        -221002.22558264562,
                        3318905.7462776653,
                        -65095466.969561495,
                        289441603.92037994
                    ]
                ],
                "mui": [
                    9.99999999998287,
                    143.37052265304195,
                    1772.727949988561,
                    -26605.54573157285,
                    521882.69888737856,
                    -2320704.164908807
                ],
                "Ai": [
                    [
                        0.0,
                        0.0,
                        0.0,
                        0.0,
                        0.0,
                        0.0
                    ],
                    [
                        14.287052265316694,
                        0.0,
                        0.0,
                        0.0,
                        0.0,
                        0.0
                    ],
                    [
                        -8.468357072747612,
                        12.951836167951978,
                        0.0,
                        0.0,
                        0.0,
                        0.0
                    ],
                    [
                        -0.0,
                        2.0821136242463654,
                        -15.1769251735878,
                        0.0,
                        0.0,
                        0.0
                    ],
                    [
                        0.0,
                        7.226331546791333,
                        -0.0,
                        -19.576601104579552,
                        0.0,
                        0.0
                    ],
                    [
                        -19.646465256494587,
                        0.0,
                        -0.0,
                        -0.0,
                        -4.4464171837913415,
                        0.0
                    ]
                ]
            },
            "est_params": {
                "mui": [
                    1.4000553503823634,
                    20.634133426872214,
                    255.61237062536296,
                    -3836.4580296505706,
                    75254.06820053283,
                    -334637.6482358701
                ],
                "Si": [
                    [
                        0.13834216388753182,
                        1.8933983034537776,
                        23.431636674422535,
                        -351.69490310094204,
                        6898.680178916821,
                        -30677.223181993366
                    ],
                    [
                        1.8933983034537776,
                        27.080765455254646,
                        336.3206929739857,
                        -5047.827791859555,
                        99015.26817637889,
                        -440301.9180488798
                    ],
                    [
                        23.431636674422535,
                        336.3206929739857,
                        4178.754729042357,
                        -62718.97833031618,
                        1230258.204831141,
                        -5470720.741156264
                    ],
                    [
                        -351.6949031009421,
                        -5047.827791859555,
                        -62718.97833031618,
                        941350.7860091518,
                        -18464977.419667035,
                        82110190.09336808
                    ],
                    [
                        6898.680178916821,
                        99015.26817637889,
                        1230258.204831141,
                        -18464977.419667035,
                        362198021.56345767,
                        -1610624683.6567838
                    ],
                    [
                        -30677.223181993366,
                        -440301.9180488799,
                        -5470720.741156264,
                        82110190.0933681,
                        -1610624683.6567838,
                        7162137058.172728
                    ]
                ]
            },
            "est_tgt": [
                0,
                1,
                2,
                3,
                4,
                5
            ]
        },
        "1": {
            "intv_type": "do",
            "inode": 1,
            "new_mui": 10.0,
            "true_params": {
                "Si": [
                    [
                        1.0000000000000933,
                        1.3715096580635805e-15,
                        -8.468357072748857,
                        128.52362163633234,
                        -2516.0556732903883,
                        11167.78671583758
                    ],
                    [
                        1.3715096580635805e-15,
                        2.6108418057878245e-29,
                        -6.6941426149016455e-15,
                        1.0172958788475955e-13,
                        -1.991499442315882e-12,
                        8.828092032254223e-12
                    ],
                    [
                        -8.468357072748857,
                        -6.6941426149016455e-15,
                        72.71307151156911,
                        -1103.5608454728224,
                        21603.970466454004,
                        -95893.89223715237
                    ],
                    [
                        128.52362163633234,
                        1.0172958788475955e-13,
                        -1103.5608454728224,
                        16749.660376242304,
                        -327901.41982287745,
                        1455461.4728229041
                    ],
                    [
                        -2516.0556732903883,
                        -1.991499442315882e-12,
                        21603.970466454004,
                        -327901.41982287745,
                        6419196.297497747,
                        -28492993.12295503
                    ],
                    [
                        11167.78671583758,
                        8.828092032254223e-12,
                        -95893.89223715237,
                        1455461.4728229041,
                        -28492993.12295503,
                        126472327.70585114
                    ]
                ],
                "mui": [
                    0.49999999999817196,
                    9.999999999999847,
                    125.78418314315846,
                    -1887.6959993421156,
                    37027.43490129918,
                    -164648.74604948016
                ],
                "Ai": [
                    [
                        0.0,
                        0.0,
                        0.0,
                        0.0,
                        0.0,
                        0.0
                    ],
                    [
                        0.0,
                        0.0,
                        0.0,
                        0.0,
                        0.0,
                        0.0
                    ],
                    [
                        -8.468357072747612,
                        12.951836167951978,
                        0.0,
                        0.0,
                        0.0,
                        0.0
                    ],
                    [
                        -0.0,
                        2.0821136242463654,
                        -15.1769251735878,
                        0.0,
                        0.0,
                        0.0
                    ],
                    [
                        0.0,
                        7.226331546791333,
                        -0.0,
                        -19.576601104579552,
                        0.0,
                        0.0
                    ],
                    [
                        -19.646465256494587,
                        0.0,
                        -0.0,
                        -0.0,
                        -4.4464171837913415,
                        0.0
                    ]
                ]
            },
            "est_params": {
                "mui": [
                    9.999999999982867,
                    143.39646427509908,
                    1773.062131086743,
                    -26610.53928778315,
                    521980.61472119176,
                    -2321139.5617833873
                ],
                "Si": [
                    [
                        1e-06,
                        -3.7328020278026683e-16,
                        -1.5887052671570377e-14,
                        2.414697101137227e-13,
                        -4.729692657607512e-12,
                        2.102966104695535e-11
                    ],
                    [
                        -3.7328020278026683e-16,
                        1.0653904800131855,
                        13.826665348230344,
                        -207.62819890340384,
                        4072.328427936066,
                        -18107.280887035624
                    ],
                    [
                        -1.5887052671570377e-14,
                        13.826665348230344,
                        180.3941633978652,
                        -2709.076280096896,
                        53134.08598329041,
                        -236256.39386876475
                    ],
                    [
                        2.414697101137227e-13,
                        -207.62819890340384,
                        -2709.076280096896,
                        40684.66591454185,
                        -797962.7839839475,
                        3548076.6423377716
                    ],
                    [
                        -4.729692657607512e-12,
                        4072.328427936066,
                        53134.08598329041,
                        -797962.7839839475,
                        15650728.40120606,
                        -69589691.37176603
                    ],
                    [
                        2.102966104695535e-11,
                        -18107.280887035624,
                        -236256.39386876475,
                        3548076.6423377716,
                        -69589691.37176603,
                        309424905.7027385
                    ]
                ]
            },
            "est_tgt": [
                0,
                2,
                3,
                5
            ]
        },
        "2": {
            "intv_type": "do",
            "inode": 2,
            "new_mui": 10.0,
            "true_params": {
                "Si": [
                    [
                        0.9999999999999545,
                        14.287052265315902,
                        -5.09118701649628e-31,
                        29.747266171934108,
                        -479.10738730419837,
                        2110.6648545342673
                    ],
                    [
                        14.287052265315902,
                        205.1198624318775,
                        1.6386056771817053e-15,
                        427.08286017295194,
                        -6878.566659443831,
                        30304.286918456997
                    ],
                    [
                        -5.09118701649628e-31,
                        1.6386056771817053e-15,
                        3.178848793935119e-30,
                        4.114022781162453e-15,
                        -6.87230037658545e-14,
                        3.055711448662525e-13
                    ],
                    [
                        29.747266171934108,
                        427.08286017295194,
                        4.114022781162453e-15,
                        890.2350418482076,
                        -14341.533958019372,
                        63184.01440154179
                    ],
                    [
                        -479.10738730419837,
                        -6878.566659443831,
                        -6.87230037658545e-14,
                        -14341.533958019372,
                        231052.6862760812,
                        -1017943.8679803155
                    ],
                    [
                        2110.6648545342673,
                        30304.286918456997,
                        3.055711448662525e-13,
                        63184.01440154179,
                        -1017943.8679803155,
                        4484737.002989988
                    ]
                ],
                "mui": [
                    0.500000000000104,
                    7.6435261326606145,
                    9.999999999999957,
                    -135.35456183778146,
                    2705.5169188045634,
                    -12039.180151439063
                ],
                "Ai": [
                    [
                        0.0,
                        0.0,
                        0.0,
                        0.0,
                        0.0,
                        0.0
                    ],
                    [
                        14.287052265316694,
                        0.0,
                        0.0,
                        0.0,
                        0.0,
                        0.0
                    ],
                    [
                        0.0,
                        0.0,
                        0.0,
                        0.0,
                        0.0,
                        0.0
                    ],
                    [
                        -0.0,
                        2.0821136242463654,
                        -15.1769251735878,
                        0.0,
                        0.0,
                        0.0
                    ],
                    [
                        0.0,
                        7.226331546791333,
                        -0.0,
                        -19.576601104579552,
                        0.0,
                        0.0
                    ],
                    [
                        -19.646465256494587,
                        0.0,
                        -0.0,
                        -0.0,
                        -4.4464171837913415,
                        0.0
                    ]
                ]
            },
            "est_params": {
                "mui": [
                    0.4860010323822201,
                    9.99999999999985,
                    125.8827529314353,
                    -1889.2156549722174,
                    37057.13115747949,
                    -164780.45323538475
                ],
                "Si": [
                    [
                        1.0036685226920197,
                        1.3740341629501672e-15,
                        -8.497777983738926,
                        128.96953649965343,
                        -2524.7927721840215,
                        11206.591711059804
                    ],
                    [
                        1.3740341629501672e-15,
                        1e-06,
                        -6.726678832207408e-15,
                        1.0186516967098892e-13,
                        -1.9945138023678274e-12,
                        8.841307047746321e-12
                    ],
                    [
                        -8.497777983738926,
                        -6.726678832207408e-15,
                        72.94990851630662,
                        -1107.194054502904,
                        21675.10086100538,
                        -96209.86177320476
                    ],
                    [
                        128.96953649965343,
                        1.0186516967098892e-13,
                        -1107.194054502904,
                        16805.43369180086,
                        -328993.30061142385,
                        1460311.7953741204
                    ],
                    [
                        -2524.7927721840215,
                        -1.9945138023678274e-12,
                        21675.10086100538,
                        -328993.30061142385,
                        6440572.156068705,
                        -28587948.22243404
                    ],
                    [
                        11206.591711059802,
                        8.841307047746321e-12,
                        -96209.86177320476,
                        1460311.7953741204,
                        -28587948.22243404,
                        126894133.87274458
                    ]
                ]
            },
            "est_tgt": [
                1,
                2,
                3
            ]
        },
        "3": {
            "intv_type": "do",
            "inode": 3,
            "new_mui": 10.0,
            "true_params": {
                "Si": [
                    [
                        0.9999999999999951,
                        14.287052265316671,
                        176.57520319060114,
                        -6.781121715120963e-15,
                        103.2429764955146,
                        -478.70781005191617
                    ],
                    [
                        14.287052265316671,
                        205.11986243189122,
                        2535.690992910994,
                        -9.585769585238314e-14,
                        1482.2641327650765,
                        -6871.454786792472
                    ],
                    [
                        176.57520319060114,
                        2535.690992910994,
                        31347.5524419237,
                        -1.1841082120800294e-12,
                        18323.74381498738,
                        -84944.08796499282
                    ],
                    [
                        -6.781121715120963e-15,
                        -9.585769585238314e-14,
                        -1.1841082120800294e-12,
                        4.7041805667010127e-29,
                        -6.927917005466183e-13,
                        3.213665994274694e-12
                    ],
                    [
                        103.2429764955146,
                        1482.2641327650765,
                        18323.74381498738,
                        -6.927917005466183e-13,
                        10712.332063277583,
                        -49659.85691533262
                    ],
                    [
                        -478.70781005191617,
                        -6871.454786792472,
                        -84944.08796499282,
                        3.213665994274694e-12,
                        -49659.85691533262,
                        230214.35749115184
                    ]
                ],
                "mui": [
                    0.4999999999999988,
                    7.643526132658355,
                    95.26351967927674,
                    10.000000000000016,
                    -140.0313570246429,
                    613.3145995157454
                ],
                "Ai": [
                    [
                        0.0,
                        0.0,
                        0.0,
                        0.0,
                        0.0,
                        0.0
                    ],
                    [
                        14.287052265316694,
                        0.0,
                        0.0,
                        0.0,
                        0.0,
                        0.0
                    ],
                    [
                        -8.468357072747612,
                        12.951836167951978,
                        0.0,
                        0.0,
                        0.0,
                        0.0
                    ],
                    [
                        0.0,
                        0.0,
                        0.0,
                        0.0,
                        0.0,
                        0.0
                    ],
                    [
                        0.0,
                        7.226331546791333,
                        -0.0,
                        -19.576601104579552,
                        0.0,
                        0.0
                    ],
                    [
                        -19.646465256494587,
                        0.0,
                        -0.0,
                        -0.0,
                        -4.4464171837913415,
                        0.0
                    ]
                ]
            },
            "est_params": {
                "mui": [
                    0.5014237238205964,
                    7.645455079110472,
                    9.999999999999988,
                    -135.4035371484238,
                    2706.482127351849,
                    -12043.45427216713
                ],
                "Si": [
                    [
                        1.0150986425534454,
                        14.457319449281659,
                        -2.6580086518964072e-17,
                        30.114885187977485,
                        -485.0758075879563,
                        2136.953813771107
                    ],
                    [
                        14.457319449281659,
                        206.87847691691726,
                        1.2720425290670635e-15,
                        430.9850617872638,
                        -6942.307388536571,
                        30585.005425198426
                    ],
                    [
                        -2.6580086518964072e-17,
                        1.2720425290670635e-15,
                        1e-06,
                        3.3724046960323788e-15,
                        -5.685065229218836e-14,
                        2.5321294223071294e-13
                    ],
                    [
                        30.114885187977485,
                        430.9850617872638,
                        3.3724046960323788e-15,
                        898.8238611727259,
                        -14481.552825063596,
                        63800.72070943028
                    ],
                    [
                        -485.0758075879563,
                        -6942.307388536571,
                        -5.685065229218827e-14,
                        -14481.552825063596,
                        233334.26851044662,
                        -1027993.1732141101
                    ],
                    [
                        2136.953813771107,
                        30585.005425198426,
                        2.532129422307126e-13,
                        63800.72070943028,
                        -1027993.1732141101,
                        4528999.469367273
                    ]
                ]
            },
            "est_tgt": [
                2,
                3
            ]
        },
        "4": {
            "intv_type": "do",
            "inode": 4,
            "new_mui": 10.0,
            "true_params": {
                "Si": [
                    [
                        1.0,
                        14.287052265316696,
                        176.5752031906014,
                        -2650.1213801628837,
                        0.0,
                        -19.646465256494587
                    ],
                    [
                        14.287052265316696,
                        205.11986243189094,
                        2535.6909929109897,
                        -38056.90960257766,
                        0.0,
                        -280.6900759482667
                    ],
                    [
                        176.5752031906014,
                        2535.6909929109897,
                        31347.552441923643,
                        -470479.86102297594,
                        0.0,
                        -3469.0785946426226
                    ],
                    [
                        -2650.1213801628837,
                        -38056.90960257766,
                        -470479.86102297594,
                        7061199.836445454,
                        0.0,
                        52065.517620863575
                    ],
                    [
                        0.0,
                        0.0,
                        0.0,
                        0.0,
                        0.0,
                        0.0
                    ],
                    [
                        -19.646465256494587,
                        -280.6900759482667,
                        -3469.0785946426226,
                        52065.517620863575,
                        0.0,
                        386.9835970746489
                    ]
                ],
                "mui": [
                    0.5,
                    7.643526132658352,
                    95.26351967927674,
                    -1429.3926200469011,
                    10.0,
                    -53.78740446616071
                ],
                "Ai": [
                    [
                        0.0,
                        0.0,
                        0.0,
                        0.0,
                        0.0,
                        0.0
                    ],
                    [
                        14.287052265316694,
                        0.0,
                        0.0,
                        0.0,
                        0.0,
                        0.0
                    ],
                    [
                        -8.468357072747612,
                        12.951836167951978,
                        0.0,
                        0.0,
                        0.0,
                        0.0
                    ],
                    [
                        -0.0,
                        2.0821136242463654,
                        -15.1769251735878,
                        0.0,
                        0.0,
                        0.0
                    ],
                    [
                        0.0,
                        0.0,
                        0.0,
                        0.0,
                        0.0,
                        0.0
                    ],
                    [
                        -19.646465256494587,
                        0.0,
                        -0.0,
                        -0.0,
                        -4.4464171837913415,
                        0.0
                    ]
                ]
            },
            "est_params": {
                "mui": [
                    0.4966719287757044,
                    7.609324068920314,
                    94.81158675157751,
                    -993.0482203601129,
                    9254.043637761622,
                    198.2851171225812
                ],
                "Si": [
                    [
                        1.01498689707298,
                        14.50608579257894,
                        179.32508179474482,
                        -1870.8372616030235,
                        17562.71869303209,
                        -171.7920467919348
                    ],
                    [
                        14.50608579257894,
                        208.3351590990712,
                        2576.039503329937,
                        -26872.271650785377,
                        251989.85764854788,
                        -2465.1004224349495
                    ],
                    [
                        179.32508179474482,
                        2576.039503329937,
                        31853.748493941333,
                        -332294.5086683847,
                        3115615.176618035,
                        -30484.054822357175
                    ],
                    [
                        -1870.8372616030235,
                        -26872.271650785377,
                        -332294.5086683847,
                        5418063.447238645,
                        -50710302.8058404,
                        241541.99862062465
                    ],
                    [
                        17562.71869303209,
                        251989.85764854788,
                        3115615.176618035,
                        -50710302.8058404,
                        1089233339.6793244,
                        -1789039.0680509228
                    ],
                    [
                        -171.7920467919348,
                        -2465.1004224349495,
                        -30484.054822357175,
                        241541.99862062465,
                        -1789039.0680509228,
                        171673.54098633328
                    ]
                ]
            },
            "est_tgt": [
                3,
                4,
                5
            ]
        },
        "5": {
            "intv_type": "do",
            "inode": 5,
            "new_mui": 10.0,
            "true_params": {
                "Si": [
                    [
                        1.0000000000000004,
                        14.2870522653167,
                        176.57520319060143,
                        -2650.1213801628837,
                        51983.61211466211,
                        0.0
                    ],
                    [
                        14.2870522653167,
                        205.11986243189094,
                        2535.6909929109897,
                        -38056.90960257765,
                        746507.2026954709,
                        0.0
                    ],
                    [
                        176.57520319060143,
                        2535.6909929109897,
                        31347.552441923643,
                        -470479.8610229758,
                        9228720.310799807,
                        0.0
                    ],
                    [
                        -2650.1213801628837,
                        -38056.90960257765,
                        -470479.8610229758,
                        7061199.836445452,
                        -138509304.36424947,
                        0.0
                    ],
                    [
                        51983.61211466211,
                        746507.2026954709,
                        9228720.310799807,
                        -138509304.36424947,
                        2716935910.3604565,
                        0.0
                    ],
                    [
                        0.0,
                        0.0,
                        0.0,
                        0.0,
                        0.0,
                        0.0
                    ]
                ],
                "mui": [
                    0.5000000000000001,
                    7.643526132658348,
                    95.26351967927668,
                    -1429.3926200469,
                    28038.383798509152,
                    10.0
                ],
                "Ai": [
                    [
                        0.0,
                        0.0,
                        0.0,
                        0.0,
                        0.0,
                        0.0
                    ],
                    [
                        14.287052265316694,
                        0.0,
                        0.0,
                        0.0,
                        0.0,
                        0.0
                    ],
                    [
                        -8.468357072747612,
                        12.951836167951978,
                        0.0,
                        0.0,
                        0.0,
                        0.0
                    ],
                    [
                        -0.0,
                        2.0821136242463654,
                        -15.1769251735878,
                        0.0,
                        0.0,
                        0.0
                    ],
                    [
                        0.0,
                        7.226331546791333,
                        -0.0,
                        -19.576601104579552,
                        0.0,
                        0.0
                    ],
                    [
                        0.0,
                        0.0,
                        0.0,
                        0.0,
                        0.0,
                        0.0
                    ]
                ]
            },
            "est_params": {
                "mui": [
                    0.3096836108369675,
                    4.978820919551761,
                    62.32159649459501,
                    -934.9520285985556,
                    18339.694777538305,
                    -81551.55513543061
                ],
                "Si": [
                    [
                        0.8548032726699838,
                        12.13743033949501,
                        149.96120786578004,
                        -2250.623305319824,
                        44147.35656577544,
                        -196314.37783774058
                    ],
                    [
                        12.13743033949501,
                        173.33748239647355,
                        2142.209884133419,
                        -32150.47522064296,
                        630650.89506437,
                        -2804375.7000369276
                    ],
                    [
                        149.96120786578004,
                        2142.209884133419,
                        26476.16721617923,
                        -397356.95874635177,
                        7794394.706383108,
                        -34660080.01312203
                    ],
                    [
                        -2250.623305319824,
                        -32150.47522064296,
                        -397356.95874635177,
                        5963573.905410443,
                        -116979073.35636646,
                        520182027.36507374
                    ],
                    [
                        44147.35656577544,
                        630650.89506437,
                        7794394.706383108,
                        -116979073.35636646,
                        2294614576.6735845,
                        -10203681977.84254
                    ],
                    [
                        -196314.37783774058,
                        -2804375.7000369276,
                        -34660080.01312203,
                        520182027.36507374,
                        -10203681977.84254,
                        45373688013.02613
                    ]
                ]
            },
            "est_tgt": [
                0
            ]
        },
        "obs": {
            "intv_type": "obs",
            "true_params": {
                "Si": [
                    [
                        0.9999999999965752,
                        14.287052265279774,
                        176.57520319015669,
                        -2650.1213801562094,
                        51983.61211453119,
                        -231160.47264685165
                    ],
                    [
                        14.287052265279774,
                        205.1198624315333,
                        2535.690992906735,
                        -38056.909602513806,
                        746507.2026942186,
                        -3319563.1439595274
                    ],
                    [
                        176.57520319015669,
                        2535.690992906735,
                        31347.552441873104,
                        -470479.8610222173,
                        9228720.310784932,
                        -41038209.65287293
                    ],
                    [
                        -2650.1213801562094,
                        -38056.909602513806,
                        -470479.8610222173,
                        7061199.836434069,
                        -138509304.3640262,
                        615922216.5568119
                    ],
                    [
                        51983.61211453119,
                        746507.2026942186,
                        9228720.310784932,
                        -138509304.3640262,
                        2716935910.3560777,
                        -12081651813.296349
                    ],
                    [
                        -231160.47264685165,
                        -3319563.1439595274,
                        -41038209.65287293,
                        615922216.5568119,
                        -12081651813.296349,
                        53724605718.419235
                    ]
                ],
                "mui": [
                    0.4999999999991384,
                    7.643526132651661,
                    95.26351967919992,
                    -1429.392620045748,
                    28038.383798486557,
                    -124679.67475995563
                ],
                "Ai": [
                    [
                        0.0,
                        0.0,
                        0.0,
                        0.0,
                        0.0,
                        0.0
                    ],
                    [
                        14.287052265316694,
                        0.0,
                        0.0,
                        0.0,
                        0.0,
                        0.0
                    ],
                    [
                        -8.468357072747612,
                        12.951836167951978,
                        0.0,
                        0.0,
                        0.0,
                        0.0
                    ],
                    [
                        -0.0,
                        2.0821136242463654,
