{
    "expt_args": {
        "save_dir": "expt_logs_29.04.24-3",
        "exp_name": "138",
        "num_nodes": 6,
        "obs_noise_mean": 0.5,
        "obs_noise_var": 1.0,
        "max_edge_strength": 20.0,
        "num_parents": 2,
        "new_noise_mean": 10.0,
        "mix_samples": 4096,
        "stage2_samples": 4096,
        "intv_targets": [
            0,
            1,
            2,
            3,
            4,
            5
        ]
    },
    "intv_args_dict": {
        "0": {
            "intv_type": "do",
            "inode": 0,
            "new_mui": 10.0,
            "true_params": {
                "Si": [
                    [
                        4.562172438456263e-34,
                        2.5987226209794802e-36,
                        1.970105615426062e-17,
                        7.836586210705268e-18,
                        9.58948103001506e-17,
                        -2.523192398455811e-16
                    ],
                    [
                        2.5987226209794802e-36,
                        1.0000000000000013,
                        -3.820495805304155,
                        -2.127661099741487,
                        -23.167623103937704,
                        47.18001206205182
                    ],
                    [
                        1.970105615426062e-17,
                        -3.820495805304155,
                        15.596188198346626,
                        8.128720306671166,
                        93.37930279982722,
                        -193.18956079953122
                    ],
                    [
                        7.836586210705268e-18,
                        -2.127661099741487,
                        8.128720306671166,
                        5.526941755353148,
                        49.29285045172031,
                        -100.38307634976168
                    ],
                    [
                        9.58948103001506e-17,
                        -23.167623103937704,
                        93.37930279982722,
                        49.29285045172031,
                        561.4312767430042,
                        -1158.68509107797
                    ],
                    [
                        -2.523192398455811e-16,
                        47.18001206205182,
                        -193.18956079953122,
                        -100.38307634976168,
                        -1158.68509107797,
                        2401.42465453448
                    ]
                ],
                "mui": [
                    9.999999999999996,
                    -36.302063247596976,
                    251.89883535217288,
                    -49.23494848043187,
                    1392.5669098849282,
                    -3178.2916038501235
                ],
                "Ai": [
                    [
                        0.0,
                        0.0,
                        0.0,
                        0.0,
                        0.0,
                        0.0
                    ],
                    [
                        -3.680206324759695,
                        0.0,
                        0.0,
                        0.0,
                        0.0,
                        0.0
                    ],
                    [
                        11.27069549908426,
                        -3.820495805304148,
                        0.0,
                        0.0,
                        0.0,
                        0.0
                    ],
                    [
                        -12.697343629269902,
                        -2.127661099741484,
                        -0.0,
                        0.0,
                        0.0,
                        0.0
                    ],
                    [
                        0.0,
                        -4.571375388409438,
                        4.867495912365696,
                        0.0,
                        0.0,
                        0.0
                    ],
                    [
                        0.0,
                        -14.402949902609576,
                        -0.0,
                        0.0,
                        -2.6581476092035707,
                        0.0
                    ]
                ]
            },
            "est_params": {
                "mui": [
                    9.999999999999998,
                    -36.29253837953962,
                    251.85127671054633,
                    -49.26647489961522,
                    1392.2419777440937,
                    -3177.4657417447743
                ],
                "Si": [
                    [
                        1e-06,
                        -2.330173750806681e-30,
                        -7.473816548883651e-29,
                        -9.191240905959686e-30,
                        -1.4844069819953673e-28,
                        -4.762529935722811e-27
                    ],
                    [
                        -2.330173750806681e-30,
                        0.9459646955696492,
                        -3.680695559979448,
                        -2.016842064543044,
                        -22.21491849329922,
                        45.40066428093804
                    ],
                    [
                        -7.473816548883651e-29,
                        -3.680695559979448,
                        15.252614039069895,
                        7.8139940129667655,
                        90.98524579113543,
                        -188.71871491558744
                    ],
                    [
                        -9.191240905959686e-30,
                        -2.016842064543044,
                        7.8139940129667655,
                        5.237455813155929,
                        47.12700903359401,
                        -96.21311788560745
                    ],
                    [
                        -1.4844069819953673e-28,
                        -22.21491849329922,
                        90.98524579113543,
                        47.12700903359401,
                        544.8325892068702,
                        -1127.5587215266623
                    ],
                    [
                        -4.762529935722811e-27,
                        45.40066428093804,
                        -188.71871491558744,
                        -96.21311788560745,
                        -1127.5587215266623,
                        2342.776533300515
                    ]
                ]
            },
            "est_tgt": [
                0,
                1,
                2
            ]
        },
        "1": {
            "intv_type": "do",
            "inode": 1,
            "new_mui": 10.0,
            "true_params": {
                "Si": [
                    [
                        0.9999999999999998,
                        0.0,
                        11.270695499084264,
                        -12.6973436292699,
                        54.8600642713111,
                        -145.82614868353983
                    ],
                    [
                        0.0,
                        0.0,
                        0.0,
                        0.0,
                        0.0,
                        0.0
                    ],
                    [
                        11.270695499084264,
                        0.0,
                        128.02857703307834,
                        -143.10789369273854,
                        623.1785753745054,
                        -1656.5006402386284
                    ],
                    [
                        -12.6973436292699,
                        0.0,
                        -143.10789369273854,
                        162.22253523976096,
                        -696.5770875766694,
                        1851.6047199679103
                    ],
                    [
                        54.8600642713111,
                        0.0,
                        623.1785753745054,
                        -696.5770875766694,
                        3034.3191683092823,
                        -8065.668242801886
                    ],
                    [
                        -145.82614868353983,
                        0.0,
                        -1656.5006402386284,
                        1851.6047199679103,
                        -8065.668242801886,
                        21440.736756233
                    ]
                ],
                "mui": [
                    0.5000000000000007,
                    9.999999999999996,
                    -32.06961030349937,
                    -27.125282812049793,
                    -201.31245094753834,
                    391.5887111630144
                ],
                "Ai": [
                    [
                        0.0,
                        0.0,
                        0.0,
                        0.0,
                        0.0,
                        0.0
                    ],
                    [
                        0.0,
                        0.0,
                        0.0,
                        0.0,
                        0.0,
                        0.0
                    ],
                    [
                        11.27069549908426,
                        -3.820495805304148,
                        0.0,
                        0.0,
                        0.0,
                        0.0
                    ],
                    [
                        -12.697343629269902,
                        -2.127661099741484,
                        -0.0,
                        0.0,
                        0.0,
                        0.0
                    ],
                    [
                        0.0,
                        -4.571375388409438,
                        4.867495912365696,
                        0.0,
                        0.0,
                        0.0
                    ],
                    [
                        0.0,
                        -14.402949902609576,
                        -0.0,
                        0.0,
                        -2.6581476092035707,
                        0.0
                    ]
                ]
            },
            "est_params": {
                "mui": [
                    0.4831204066221901,
                    10.000000000000002,
                    -32.21849961788133,
                    -26.87386762391814,
                    -202.03266009731217,
                    393.52115278469955
                ],
                "Si": [
                    [
                        1.0210410577860323,
                        5.784982984172282e-31,
                        11.488861401039522,
                        -13.014553286126244,
                        55.87937668119269,
                        -148.51324031672308
                    ],
                    [
                        5.7310437488886236e-31,
                        1e-06,
                        -3.150051340565606e-29,
                        -8.984119028846015e-29,
                        -6.338075902770907e-28,
                        9.918778097841236e-28
                    ],
                    [
                        11.488861401039522,
                        -3.111215091161372e-29,
                        130.21465034896767,
                        -146.46388488964223,
                        633.3213282457076,
                        -1683.2277074293668
                    ],
                    [
                        -13.014553286126244,
                        -9.022955278250249e-29,
                        -146.46388488964223,
                        166.81692697477934,
                        -712.354987073537,
                        1893.2771515977554
                    ],
                    [
                        55.87937668119269,
                        -6.351884347003523e-28,
                        633.3213282457076,
                        -712.354987073537,
                        3081.228786577712,
                        -8189.145278640977
                    ],
                    [
                        -148.51324031672308,
                        9.918778097841236e-28,
                        -1683.2277074293668,
                        1893.2771515977554,
                        -8189.145278640977,
                        21765.693106919764
                    ]
                ]
            },
            "est_tgt": [
                1,
                2,
                3
            ]
        },
        "2": {
            "intv_type": "do",
            "inode": 2,
            "new_mui": 10.0,
            "true_params": {
                "Si": [
                    [
                        0.9999999999999998,
                        -3.680206324759694,
                        1.2126546622180347e-16,
                        -4.867111793056123,
                        16.823604617275215,
                        8.286202935184512
                    ],
                    [
                        -3.680206324759694,
                        14.543918592801257,
                        -4.767149352885942e-16,
                        15.784314504376162,
                        -66.48571150616209,
                        -32.746495793445376
                    ],
                    [
                        1.2126546622180347e-16,
                        -4.767149352885942e-16,
                        1.6151727379637502e-32,
                        -5.254614715025401e-16,
                        2.1564340070680417e-15,
                        1.1339814304941991e-15
                    ],
                    [
                        -4.867111793056123,
                        15.784314504376162,
                        -5.254614715025401e-16,
                        29.215718961459142,
                        -72.1560268482193,
                        -35.53932079734077
                    ],
                    [
                        16.823604617275215,
                        -66.48571150616209,
                        2.1564340070680417e-15,
                        -72.1560268482193,
                        304.9311452601596,
                        147.0383773176058
                    ],
                    [
                        8.286202935184512,
                        -32.746495793445376,
                        1.1339814304941991e-15,
                        -35.53932079734077,
                        147.0383773176058,
                        81.79642727104256
                    ]
                ],
                "mui": [
                    0.5,
                    -1.3401031623798474,
                    9.999999999999998,
                    -2.9973864463988047,
                    55.30107373808984,
                    -127.19697823120828
                ],
                "Ai": [
                    [
                        0.0,
                        0.0,
                        0.0,
                        0.0,
                        0.0,
                        0.0
                    ],
                    [
                        -3.680206324759695,
                        0.0,
                        0.0,
                        0.0,
                        0.0,
                        0.0
                    ],
                    [
                        0.0,
                        0.0,
                        0.0,
                        0.0,
                        0.0,
                        0.0
                    ],
                    [
                        -12.697343629269902,
                        -2.127661099741484,
                        -0.0,
                        0.0,
                        0.0,
                        0.0
                    ],
                    [
                        0.0,
                        -4.571375388409438,
                        4.867495912365696,
                        0.0,
                        0.0,
                        0.0
                    ],
                    [
                        0.0,
                        -14.402949902609576,
                        -0.0,
                        0.0,
                        -2.6581476092035707,
                        0.0
                    ]
                ]
            },
            "est_params": {
                "mui": [
                    0.26248089605782227,
                    -0.4533249032737208,
                    5.149204277028167,
                    -1.9055373760687278,
                    -2.994948299897943,
                    -0.988465981543218
                ],
                "Si": [
                    [
                        0.7946827053250048,
                        -2.950918693623982,
                        20.248856419146925,
                        -3.807136614727415,
                        23.83810613107233,
                        28.602850242089524
                    ],
                    [
                        -2.950918693623982,
                        11.990130982706834,
                        -79.1358920156211,
                        11.941631701240189,
                        -94.62512319991637,
                        -116.0608312654318
                    ],
                    [
                        20.248856419146925,
                        -79.1358920156211,
                        532.0065211016281,
                        -88.62207541536974,
                        631.9887005790852,
                        766.7951486146668
                    ],
                    [
                        -3.807136614727415,
                        11.941631701240189,
                        -88.62207541536974,
                        23.903158271375695,
                        -101.84808613735373,
                        -115.84281934492716
                    ],
                    [
                        23.83810613107233,
                        -94.62512319991637,
                        631.9887005790852,
                        -101.84808613735373,
                        3113.998522318703,
                        -142.78883315576218
                    ],
                    [
                        28.602850242089524,
                        -116.0608312654318,
                        766.7951486146668,
                        -115.84281934492716,
                        -142.78883315576218,
                        1876.4002650863304
                    ]
                ]
            },
            "est_tgt": [
                0,
                4,
                5
            ]
        },
        "3": {
            "intv_type": "do",
            "inode": 3,
            "new_mui": 10.0,
            "true_params": {
                "Si": [
                    [
                        1.0,
                        -3.68020632475971,
                        25.330908325482525,
                        0.0,
                        140.12169734807165,
                        -319.45832747654197
                    ],
                    [
                        -3.68020632475971,
                        14.543918592801372,
                        -97.04346483665333,
                        0.0,
                        -538.8443799203769,
                        1222.8525693383801
                    ],
                    [
                        25.330908325482525,
                        -97.04346483665333,
                        657.2511047923466,
                        0.0,
                        3642.7891727348383,
                        -8285.359167919793
                    ],
                    [
                        0.0,
                        0.0,
                        0.0,
                        0.0,
                        0.0,
                        0.0
                    ],
                    [
                        140.12169734807165,
                        -538.8443799203769,
                        3642.7891727348383,
                        0.0,
                        20195.521344447596,
                        -45921.728169067144
                    ],
                    [
                        -319.45832747654197,
                        1222.8525693383801,
                        -8285.359167919793,
                        0.0,
                        -45921.728169067144,
                        104455.047648644
                    ]
                ],
                "mui": [
                    0.4999999999999999,
                    -1.340103162379854,
                    11.255206260089185,
                    10.0,
                    61.41078507824982,
                    -143.43749282297838
                ],
                "Ai": [
                    [
                        0.0,
                        0.0,
                        0.0,
                        0.0,
                        0.0,
                        0.0
                    ],
                    [
                        -3.680206324759695,
                        0.0,
                        0.0,
                        0.0,
                        0.0,
                        0.0
                    ],
                    [
                        11.27069549908426,
                        -3.820495805304148,
                        0.0,
                        0.0,
                        0.0,
                        0.0
                    ],
                    [
                        0.0,
                        0.0,
                        0.0,
                        0.0,
                        0.0,
                        0.0
                    ],
                    [
                        0.0,
                        -4.571375388409438,
                        4.867495912365696,
                        0.0,
                        0.0,
                        0.0
                    ],
                    [
                        0.0,
                        -14.402949902609576,
                        -0.0,
                        0.0,
                        -2.6581476092035707,
                        0.0
                    ]
                ]
            },
            "est_params": {
                "mui": [
                    0.8298178134653215,
                    -2.484615725388295,
                    19.253974329349287,
                    9.999999999999998,
                    105.44917313729138,
                    -243.9766297254851
                ],
                "Si": [
                    [
                        0.7318204398691784,
                        -2.7151013354219224,
                        18.598348651634314,
                        1.1056826967137349e-30,
                        102.9781946240815,
                        -234.61004039523306
                    ],
                    [
                        -2.7151013354219224,
                        11.075126156933084,
                        -72.89313914358074,
                        -1.4678363733536744e-31,
                        -405.4974649002947,
                        918.2831824090982
                    ],
                    [
                        18.598348651634314,
                        -72.89313914358074,
                        488.59341231328574,
                        -1.5181621918686574e-29,
                        2712.1193115026294,
                        -6158.833959775983
                    ],
                    [
                        1.0986929996977652e-30,
                        -1.7124757689126199e-31,
                        -1.534937464706985e-29,
                        1e-06,
                        3.4780732351466113e-29,
                        4.4063049988674105e-29
                    ],
                    [
                        102.97819462408151,
                        -405.4974649002947,
                        2712.1193115026285,
                        3.589908387402129e-29,
                        15059.359993702623,
                        -34186.90153577872
                    ],
                    [
                        -234.61004039523306,
                        918.2831824090982,
                        -6158.833959775983,
                        4.3392039075141e-29,
                        -34186.90153577872,
                        77642.61511670519
                    ]
                ]
            },
            "est_tgt": [
                0,
                1,
                2,
                3
            ]
        },
        "4": {
            "intv_type": "do",
            "inode": 4,
            "new_mui": 10.0,
            "true_params": {
                "Si": [
                    [
                        0.9999999999999998,
                        -3.6802063247596943,
                        25.330908325482465,
                        -4.867111793056124,
                        0.0,
                        53.00582732678079
                    ],
                    [
                        -3.6802063247596943,
                        14.54391859280126,
                        -97.04346483665273,
                        15.784314504376166,
                        0.0,
                        -209.47533087974853
                    ],
                    [
                        25.330908325482465,
                        -97.04346483665273,
                        657.2511047923437,
                        -115.15964233310815,
                        0.0,
                        1397.7121624179636
                    ],
                    [
                        -4.867111793056124,
                        15.784314504376166,
                        -115.15964233310815,
                        29.215718961459153,
                        0.0,
                        -227.34069105356363
                    ],
                    [
                        0.0,
                        0.0,
                        0.0,
                        0.0,
                        0.0,
                        0.0
                    ],
                    [
                        53.00582732678079,
                        -209.47533087974853,
                        1397.7121624179636,
                        -227.34069105356363,
                        0.0,
                        3018.0626964935827
                    ]
                ],
                "mui": [
                    0.4999999999999999,
                    -1.3401031623798472,
                    11.255206260089158,
                    -2.9973864463988042,
                    10.0,
                    -6.780037379950102
                ],
                "Ai": [
                    [
                        0.0,
                        0.0,
                        0.0,
                        0.0,
                        0.0,
                        0.0
                    ],
                    [
                        -3.680206324759695,
                        0.0,
                        0.0,
                        0.0,
                        0.0,
                        0.0
                    ],
                    [
                        11.27069549908426,
                        -3.820495805304148,
                        0.0,
                        0.0,
                        0.0,
                        0.0
                    ],
                    [
                        -12.697343629269902,
                        -2.127661099741484,
                        -0.0,
                        0.0,
                        0.0,
                        0.0
                    ],
                    [
                        0.0,
                        0.0,
                        0.0,
                        0.0,
                        0.0,
                        0.0
                    ],
                    [
                        0.0,
                        -14.402949902609576,
                        -0.0,
                        0.0,
                        -2.6581476092035707,
                        0.0
                    ]
                ]
            },
            "est_params": {
                "mui": [
                    0.7787732622232906,
                    -2.4177199495107486,
                    18.10417475336836,
                    -4.210061753919332,
                    99.69097653478735,
                    -84.27929620879081
                ],
                "Si": [
                    [
                        1.0830282217268095,
                        -4.046289212371483,
                        7.579168247609049,
                        -5.121706475502173,
                        55.491310696806465,
                        35.57621118677242
                    ],
                    [
                        -4.046289212371483,
                        16.068523589891953,
                        -29.31721323405678,
                        17.1196679395043,
                        -216.58137681314386,
                        -134.74550729854155
                    ],
                    [
                        7.579168247609049,
                        -29.31721323405678,
                        201.48935090518572,
                        -33.25532469036324,
                        1115.7656909066018,
                        764.0276509169506
                    ],
                    [
                        -5.121706475502173,
                        17.1196679395043,
                        -33.255324690363246,
                        29.56333634724501,
                        -240.54425019076172,
                        -159.77830115365876
                    ],
                    [
                        55.491310696806465,
                        -216.58137681314392,
                        1115.7656909066018,
                        -240.54425019076172,
                        6428.882014875958,
                        4336.312871597205
                    ],
                    [
                        35.57621118677242,
                        -134.74550729854153,
                        764.0276509169506,
                        -159.77830115365876,
                        4336.312871597205,
                        4124.489312279125
                    ]
                ]
            },
            "est_tgt": [
                2,
                5
            ]
        },
        "5": {
            "intv_type": "do",
            "inode": 5,
            "new_mui": 10.0,
            "true_params": {
                "Si": [
                    [
                        1.0,
                        -3.6802063247596952,
                        25.33090832548247,
                        -4.867111793056125,
                        140.1216973480713,
                        0.0
                    ],
                    [
                        -3.6802063247596952,
                        14.543918592801264,
                        -97.04346483665275,
                        15.78431450437617,
                        -538.8443799203735,
                        0.0
                    ],
                    [
                        25.33090832548247,
                        -97.04346483665275,
                        657.2511047923437,
                        -115.15964233310815,
                        3642.789172734821,
                        0.0
                    ],
                    [
                        -4.867111793056125,
                        15.78431450437617,
                        -115.15964233310815,
                        29.215718961459153,
                        -632.6951151741188,
                        0.0
                    ],
                    [
                        140.1216973480713,
                        -538.8443799203735,
                        3642.789172734821,
                        -632.6951151741188,
                        20195.521344447498,
                        0.0
                    ],
                    [
                        0.0,
                        0.0,
                        0.0,
                        0.0,
                        0.0,
                        0.0
                    ]
                ],
                "mui": [
                    0.5,
                    -1.3401031623798476,
                    11.25520626008916,
                    -2.9973864463988047,
                    61.41078507824966,
                    10.0
                ],
                "Ai": [
                    [
                        0.0,
                        0.0,
                        0.0,
                        0.0,
                        0.0,
                        0.0
                    ],
                    [
                        -3.680206324759695,
                        0.0,
                        0.0,
                        0.0,
                        0.0,
                        0.0
                    ],
                    [
                        11.27069549908426,
                        -3.820495805304148,
                        0.0,
                        0.0,
                        0.0,
                        0.0
                    ],
                    [
                        -12.697343629269902,
                        -2.127661099741484,
                        -0.0,
                        0.0,
                        0.0,
                        0.0
                    ],
                    [
                        0.0,
                        -4.571375388409438,
                        4.867495912365696,
                        0.0,
                        0.0,
                        0.0
                    ],
                    [
                        0.0,
                        0.0,
                        0.0,
                        0.0,
                        0.0,
                        0.0
                    ]
                ]
            },
            "est_params": {
                "mui": [
                    -0.4182276749947839,
                    1.6035605420716073,
                    -10.312317615067714,
                    9.999999999999998,
                    -56.63975240678115,
                    127.94528956484592
                ],
                "Si": [
                    [
                        0.7929807232892235,
                        -3.0874558842602275,
                        20.753675770539022,
                        -5.611428896129737e-32,
                        115.31091421619399,
                        -261.9010657215507
                    ],
                    [
                        -3.0874558842602275,
                        12.719075639409919,
                        -83.42547797203224,
                        -2.008300868088538e-31,
                        -464.9235306097681,
                        1052.132345699595
                    ],
                    [
                        20.753675770539022,
                        -83.42547797203224,
                        554.2421440474358,
                        0.0,
                        3084.119715693526,
                        -6992.867119442527
                    ],
                    [
                        -4.7254138072671476e-32,
                        -1.1813534518167868e-31,
                        -3.780331045813718e-31,
                        1e-06,
                        1.7389522810743103e-29,
                        -2.7974449739021513e-29
                    ],
                    [
                        115.31091421619399,
                        -464.92353060976814,
                        3084.119715693526,
                        1.8145589019905847e-29,
                        17165.519917474096,
                        -38912.28058099831
                    ],
                    [
                        -261.9010657215507,
                        1052.132345699595,
                        -6992.867119442526,
                        -3.175478078483523e-29,
                        -38912.28058099831,
                        88235.99396662987
                    ]
                ]
            },
            "est_tgt": [
                0,
                1,
                2,
                3,
                4
            ]
        },
        "obs": {
            "intv_type": "obs",
            "true_params": {
                "Si": [
                    [
                        0.9999999999999991,
                        -3.6802063247596957,
                        25.330908325482486,
                        -4.867111793056111,
                        140.1216973480714,
                        -319.4583274765415
                    ],
                    [
                        -3.6802063247596957,
                        14.543918592801282,
                        -97.04346483665292,
                        15.78431450437613,
                        -538.8443799203743,
                        1222.8525693383751
                    ],
                    [
                        25.330908325482486,
                        -97.04346483665292,
                        657.2511047923451,
                        -115.15964233310795,
                        3642.789172734829,
                        -8285.359167919774
                    ],
                    [
                        -4.867111793056111,
                        15.78431450437613,
                        -115.15964233310795,
                        29.215718961459036,
                        -632.6951151741176,
                        1454.4563167012957
                    ],
                    [
                        140.1216973480714,
                        -538.8443799203743,
                        3642.789172734829,
                        -632.6951151741176,
                        20195.521344447538,
                        -45921.728169067035
                    ],
                    [
                        -319.4583274765415,
                        1222.8525693383751,
                        -8285.359167919774,
                        1454.4563167012957,
                        -45921.728169067035,
                        104455.04764864378
                    ]
                ],
                "mui": [
                    0.4999999999999998,
                    -1.3401031623798483,
                    11.255206260089173,
                    -2.9973864463987994,
                    61.41078507824974,
                    -143.43749282297821
                ],
                "Ai": [
                    [
                        0.0,
                        0.0,
                        0.0,
                        0.0,
                        0.0,
                        0.0
                    ],
                    [
                        -3.680206324759695,
                        0.0,
                        0.0,
                        0.0,
                        0.0,
                        0.0
                    ],
                    [
                        11.27069549908426,
                        -3.820495805304148,
                        0.0,
                        0.0,
                        0.0,
                        0.0
                    ],
                    [
                        -12.697343629269902,
                        -2.127661099741484,
                        -0.0,
                        0.0,
                        0.0,
                        0.0
                    ],
                    [
                        0.0,
                        -4.571375388409438,
                        4.867495912365696,
                        0.0,
                        0.0,
                        0.0
                    ],
                    [
