{
    "expt_args": {
        "save_dir": "all_expt_logs/expt_logs_sim_compsel_backwardbugfixed_cameraready_all",
        "exp_name": "209",
        "num_nodes": 6,
        "num_tgt_prior": 7,
        "obs_noise_mean": 0.0,
        "obs_noise_var": 1.0,
        "obs_noise_gamma_shape": null,
        "noise_type": "gaussian",
        "max_edge_strength": 1.0,
        "graph_sparsity_method": "adj_dense_prop",
        "adj_dense_prop": 0.8,
        "num_parents": null,
        "new_noise_mean": 1.0,
        "mix_samples": 1024,
        "stage2_samples": 1024,
        "gmm_tol": 0.001,
        "intv_type": "do",
        "new_noise_var": null,
        "dtype": "simulation",
        "cutoff_drop_ratio": 0.07,
        "intv_targets": [
            0,
            1,
            2,
            3,
            4,
            5
        ]
    },
    "intv_args_dict": {
        "0": {
            "intv_type": "do",
            "inode": 0,
            "new_mui": 1.0,
            "new_vari": null,
            "noise_type": "gaussian",
            "obs_noise_gamma_shape": null,
            "true_params": {
                "Si": [
                    [
                        1e-09,
                        0.0,
                        -8.287866259704235e-10,
                        1.3278178340515332e-09,
                        2.2527623813435645e-09,
                        -2.1964874040431043e-09
                    ],
                    [
                        0.0,
                        1.0,
                        0.9328687598034917,
                        -0.5166637528146996,
                        -0.17523551690370817,
                        1.0876842643891291
                    ],
                    [
                        -8.287866259704235e-10,
                        0.9328687598034917,
                        1.870244123704192,
                        -1.035823461928242,
                        -1.2765787077872561,
                        2.7909479504935484
                    ],
                    [
                        1.3278178340515332e-09,
                        -0.5166637528146996,
                        -1.035823461928242,
                        1.5736845966224204,
                        1.5645744498528065,
                        -2.8196324241770356
                    ],
                    [
                        2.2527623813435645e-09,
                        -0.17523551690370817,
                        -1.2765787077872561,
                        1.5645744498528065,
                        3.0051049104381047,
                        -3.9198333252725863
                    ],
                    [
                        -2.1964874040431043e-09,
                        1.0876842643891291,
                        2.7909479504935484,
                        -2.8196324241770356,
                        -3.9198333252725863,
                        7.396113827615058
                    ]
                ],
                "mui": [
                    1.0,
                    0.0,
                    -0.8287866259704235,
                    1.3278178340515332,
                    2.2527623813435644,
                    -2.196487404043104
                ],
                "Ai": [
                    [
                        0.0,
                        0.0,
                        0.0,
                        0.0,
                        0.0,
                        0.0
                    ],
                    [
                        -0.0,
                        0.0,
                        0.0,
                        0.0,
                        0.0,
                        0.0
                    ],
                    [
                        -0.8287866259704235,
                        0.9328687598034917,
                        0.0,
                        0.0,
                        0.0,
                        0.0
                    ],
                    [
                        0.8687993451627931,
                        0.0,
                        -0.5538439865040978,
                        0.0,
                        0.0,
                        0.0
                    ],
                    [
                        0.585196198179798,
                        0.8631471985502606,
                        -0.6381586057734361,
                        0.8575490072884642,
                        0.0,
                        0.0
                    ],
                    [
                        0.7684289598568201,
                        0.0,
                        0.6498039562781752,
                        -0.7082223390303771,
                        -0.6596245105573136,
                        0.0
                    ]
                ]
            },
            "est_params": {
                "mui": [
                    0.9999960413151427,
                    -0.07562095180825701,
                    -0.8822119765517877,
                    1.3066917762043642,
                    2.2387031104850528,
                    -2.2122030164444535
                ],
                "Si": [
                    [
                        1.0009674661481003e-06,
                        3.414239090256448e-06,
                        1.730905014354648e-06,
                        -1.9813195913379755e-06,
                        -1.3352521726251415e-06,
                        3.1532120144623237e-07
                    ],
                    [
                        3.414239090256448e-06,
                        0.8359177238197899,
                        0.8173307909102903,
                        -0.4327830109974919,
                        -0.23225939308163046,
                        1.0095199517041682
                    ],
                    [
                        1.730905014354648e-06,
                        0.8173307909102902,
                        1.7852527110739993,
                        -1.0412339665819104,
                        -1.370037769193413,
                        2.794004225137128
                    ],
                    [
                        -1.9813195913379755e-06,
                        -0.4327830109974919,
                        -1.0412339665819104,
                        1.565648421652664,
                        1.6431302406500672,
                        -2.8625212403002482
                    ],
                    [
                        -1.3352521726251407e-06,
                        -0.23225939308163054,
                        -1.3700377691934127,
                        1.6431302406500672,
                        3.084666025209647,
                        -4.034439886498275
                    ],
                    [
                        3.153212014462321e-07,
                        1.0095199517041684,
                        2.794004225137128,
                        -2.8625212403002482,
                        -4.034439886498275,
                        7.324551272973283
                    ]
                ]
            },
            "est_tgt": [
                0
            ],
            "oracle_est_tgt": [
                0,
                2,
                3
            ]
        },
        "1": {
            "intv_type": "do",
            "inode": 1,
            "new_mui": 1.0,
            "new_vari": null,
            "noise_type": "gaussian",
            "obs_noise_gamma_shape": null,
            "true_params": {
                "Si": [
                    [
                        1.0,
                        0.0,
                        -0.8287866259704235,
                        1.3278178340515332,
                        2.2527623813435644,
                        -2.196487404043104
                    ],
                    [
                        0.0,
                        1e-09,
                        9.328687598034918e-10,
                        -5.166637528146996e-10,
                        -1.7523551690370819e-10,
                        1.0876842643891292e-09
                    ],
                    [
                        -0.8287866259704235,
                        9.328687598034918e-10,
                        1.6868872722576826,
                        -1.6543216495730033,
                        -2.9801662999030114,
                        3.5967006634927543
                    ],
                    [
                        1.3278178340515332,
                        -5.166637528146996e-10,
                        -1.6543216495730033,
                        3.0698433620789976,
                        4.465294672990578,
                        -5.174200535263673
                    ],
                    [
                        2.2527623813435644,
                        -1.7523551690370819e-10,
                        -2.9801662999030114,
                        4.465294672990578,
                        8.049335765806092,
                        -8.677396601140051
                    ],
                    [
                        -2.196487404043104,
                        1.0876842643891292e-09,
                        3.5967006634927543,
                        -5.174200535263673,
                        -8.677396601140051,
                        11.03761368109385
                    ]
                ],
                "mui": [
                    0.0,
                    1.0,
                    0.9328687598034917,
                    -0.5166637528146996,
                    -0.17523551690370817,
                    1.0876842643891291
                ],
                "Ai": [
                    [
                        0.0,
                        0.0,
                        0.0,
                        0.0,
                        0.0,
                        0.0
                    ],
                    [
                        0.0,
                        0.0,
                        0.0,
                        0.0,
                        0.0,
                        0.0
                    ],
                    [
                        -0.8287866259704235,
                        0.9328687598034917,
                        0.0,
                        0.0,
                        0.0,
                        0.0
                    ],
                    [
                        0.8687993451627931,
                        0.0,
                        -0.5538439865040978,
                        0.0,
                        0.0,
                        0.0
                    ],
                    [
                        0.585196198179798,
                        0.8631471985502606,
                        -0.6381586057734361,
                        0.8575490072884642,
                        0.0,
                        0.0
                    ],
                    [
                        0.7684289598568201,
                        0.0,
                        0.6498039562781752,
                        -0.7082223390303771,
                        -0.6596245105573136,
                        0.0
                    ]
                ]
            },
            "est_params": {
                "mui": [
                    -0.00431838219441142,
                    1.0000013840152258,
                    0.9593536640447636,
                    -0.34155129530831774,
                    -0.2029372147750626,
                    0.8598501066966159
                ],
                "Si": [
                    [
                        1.1945696257314429,
                        2.2365399133903754e-06,
                        -0.9563876442226216,
                        1.6308987058142437,
                        2.672305263758075,
                        -2.594599366950294
                    ],
                    [
                        2.236539913390376e-06,
                        1.002360108462875e-06,
                        -2.5139456098328993e-06,
                        5.288852379868472e-06,
                        8.264625104618673e-06,
                        -5.5040771792890355e-06
                    ],
                    [
                        -0.9563876442226216,
                        -2.5139456098328997e-06,
                        1.5052633809712728,
                        -1.6652407540574077,
                        -3.0160437838390908,
                        3.382510705386761
                    ],
                    [
                        1.6308987058142437,
                        5.288852379868472e-06,
                        -1.6652407540574077,
                        3.327892255337654,
                        4.918656012875048,
                        -5.523811006292377
                    ],
                    [
                        2.672305263758075,
                        8.264625104618675e-06,
                        -3.0160437838390908,
                        4.918656012875048,
                        8.704883870874413,
                        -9.04814135338969
                    ],
                    [
                        -2.594599366950294,
                        -5.504077179289036e-06,
                        3.3825107053867605,
                        -5.523811006292377,
                        -9.04814135338969,
                        10.994921672788205
                    ]
                ]
            },
            "est_tgt": [
                1,
                2
            ],
            "oracle_est_tgt": [
                1,
                2,
                5
            ]
        },
        "2": {
            "intv_type": "do",
            "inode": 2,
            "new_mui": 1.0,
            "new_vari": null,
            "noise_type": "gaussian",
            "obs_noise_gamma_shape": null,
            "true_params": {
                "Si": [
                    [
                        1.0,
                        0.0,
                        0.0,
                        0.8687993451627931,
                        1.330234214157019,
                        -0.7243292369623495
                    ],
                    [
                        0.0,
                        1.0,
                        0.0,
                        0.0,
                        0.8631471985502606,
                        -0.569353048382632
                    ],
                    [
                        0.0,
                        0.0,
                        1e-09,
                        -5.538439865040979e-10,
                        -1.1131069665927108e-09,
                        1.776281277894669e-09
                    ],
                    [
                        0.8687993451627931,
                        0.0,
                        -5.538439865040979e-10,
                        1.7548123024620415,
                        2.0132556220777125,
                        -1.9031794509808782
                    ],
                    [
                        1.330234214157019,
                        0.8631471985502606,
                        -1.1131069665927108e-09,
                        2.0132556220777125,
                        4.249936452019542,
                        -3.2070043649696798
                    ],
                    [
                        -0.7243292369623495,
                        -0.569353048382632,
                        1.776281277894669e-09,
                        -1.9031794509808782,
                        -3.2070043649696798,
                        3.906697325967892
                    ]
                ],
                "mui": [
                    0.0,
                    0.0,
                    1.0,
                    -0.5538439865040978,
                    -1.1131069665927107,
                    1.7762812778946688
                ],
                "Ai": [
                    [
                        0.0,
                        0.0,
                        0.0,
                        0.0,
                        0.0,
                        0.0
                    ],
                    [
                        -0.0,
                        0.0,
                        0.0,
                        0.0,
                        0.0,
                        0.0
                    ],
                    [
                        0.0,
                        0.0,
                        0.0,
                        0.0,
                        0.0,
                        0.0
                    ],
                    [
                        0.8687993451627931,
                        0.0,
                        -0.5538439865040978,
                        0.0,
                        0.0,
                        0.0
                    ],
                    [
                        0.585196198179798,
                        0.8631471985502606,
                        -0.6381586057734361,
                        0.8575490072884642,
                        0.0,
                        0.0
                    ],
                    [
                        0.7684289598568201,
                        0.0,
                        0.6498039562781752,
                        -0.7082223390303771,
                        -0.6596245105573136,
                        0.0
                    ]
                ]
            },
            "est_params": {
                "mui": [
                    0.0254027042259128,
                    0.06441746045006627,
                    0.9999981771562252,
                    -0.4927469122235449,
                    -1.0001149578352182,
                    1.6743980076679263
                ],
                "Si": [
                    [
                        1.0336740295125442,
                        0.09206484949478215,
                        -2.412625266728647e-06,
                        0.921322606900308,
                        1.5012218320153017,
                        -0.7927422657735758
                    ],
                    [
                        0.09206484949478216,
                        0.8451868686184216,
                        -2.955966386949028e-06,
                        0.02742723204383343,
                        0.6668486967588637,
                        -0.5086171767212257
                    ],
                    [
                        -2.4126252667286478e-06,
                        -2.955966386949028e-06,
                        1.0010586785662623e-06,
                        -2.4604778290271943e-06,
                        -5.831351172992727e-06,
                        5.0228298102693395e-06
                    ],
                    [
                        0.921322606900308,
                        0.027427232043833426,
                        -2.4604778290271935e-06,
                        1.7429088781296218,
                        2.1963065185247634,
                        -1.890003110028994
                    ],
                    [
                        1.501221832015302,
                        0.6668486967588638,
                        -5.831351172992725e-06,
                        2.1963065185247634,
                        4.2076941496295435,
                        -3.2422102584992083
                    ],
                    [
                        -0.7927422657735756,
                        -0.5086171767212256,
                        5.022829810269339e-06,
                        -1.8900031100289945,
                        -3.2422102584992083,
                        3.8586306183593946
                    ]
                ]
            },
            "est_tgt": [
                2,
                3,
                5
            ],
            "oracle_est_tgt": [
                2
            ]
        },
        "3": {
            "intv_type": "do",
            "inode": 3,
            "new_mui": 1.0,
            "new_vari": null,
            "noise_type": "gaussian",
            "obs_noise_gamma_shape": null,
            "true_params": {
                "Si": [
                    [
                        1.0,
                        0.0,
                        -0.8287866259704235,
                        0.0,
                        1.1140935158927536,
                        -0.5050032587450357
                    ],
                    [
                        0.0,
                        1.0,
                        0.9328687598034917,
                        0.0,
                        0.2678289714244699,
                        0.429515256619689
                    ],
                    [
                        -0.8287866259704235,
                        0.9328687598034917,
                        2.5571313944047436,
                        0.0,
                        -1.3116551314135276,
                        1.8899703259482703
                    ],
                    [
                        0.0,
                        0.0,
                        0.0,
                        1e-09,
                        8.575490072884642e-10,
                        -1.2738826832419405e-09
                    ],
                    [
                        1.1140935158927536,
                        0.2678289714244699,
                        -1.3116551314135276,
                        8.575490072884642e-10,
                        2.7201831269466528,
                        -1.7905164364101682
                    ],
                    [
                        -0.5050032587450357,
                        0.429515256619689,
                        1.8899703259482703,
                        -1.2738826832419405e-09,
                        -1.7905164364101682,
                        3.0211195951218603
                    ]
                ],
                "mui": [
                    0.0,
                    0.0,
                    0.0,
                    1.0,
                    0.8575490072884642,
                    -1.2738826832419405
                ],
                "Ai": [
                    [
                        0.0,
                        0.0,
                        0.0,
                        0.0,
                        0.0,
                        0.0
                    ],
                    [
                        -0.0,
                        0.0,
                        0.0,
                        0.0,
                        0.0,
                        0.0
                    ],
                    [
                        -0.8287866259704235,
                        0.9328687598034917,
                        0.0,
                        0.0,
                        0.0,
                        0.0
                    ],
                    [
                        0.0,
                        0.0,
                        0.0,
                        0.0,
                        0.0,
                        0.0
                    ],
                    [
                        0.585196198179798,
                        0.8631471985502606,
                        -0.6381586057734361,
                        0.8575490072884642,
                        0.0,
                        0.0
                    ],
                    [
                        0.7684289598568201,
                        0.0,
                        0.6498039562781752,
                        -0.7082223390303771,
                        -0.6596245105573136,
                        0.0
                    ]
                ]
            },
            "est_params": {
                "mui": [
                    -0.008970248460321214,
                    0.05985327446196037,
                    0.050138596199187625,
                    1.000002720585362,
                    0.8979192640558612,
                    -1.297020396027965
                ],
                "Si": [
                    [
                        1.1292351683603166,
                        0.0868154612959027,
                        -0.995481369640555,
                        -5.15047636576839e-06,
                        1.3896493943887818,
                        -0.7331316308854996
                    ],
                    [
                        0.0868154612959027,
                        1.1108823166304154,
                        0.9442981067580852,
                        2.71560166429991e-07,
                        0.40701932721911177,
                        0.5226441214146963
                    ],
                    [
                        -0.995481369640555,
                        0.9442981067580852,
                        2.910140133393593,
                        8.647839720336558e-06,
                        -1.6240644632496692,
                        2.313842045302402
                    ],
                    [
                        -5.15047636576839e-06,
                        2.71560166429991e-07,
                        8.647839720336558e-06,
                        1.0011645611425458e-06,
                        -6.9073457541609054e-06,
                        6.262004990582165e-06
                    ],
                    [
                        1.389649394388782,
                        0.40701932721911177,
                        -1.6240644632496692,
                        -6.9073457541609054e-06,
                        3.079888979011714,
                        -2.157817931043061
                    ],
                    [
                        -0.7331316308854995,
                        0.5226441214146963,
                        2.3138420453024025,
                        6.262004990582167e-06,
                        -2.157817931043061,
                        3.4186053563384906
                    ]
                ]
            },
            "est_tgt": [
                2,
                3,
                4
            ],
            "oracle_est_tgt": [
                0,
                3,
                5
            ]
        },
        "4": {
            "intv_type": "do",
            "inode": 4,
            "new_mui": 1.0,
            "new_vari": null,
            "noise_type": "gaussian",
            "obs_noise_gamma_shape": null,
            "true_params": {
                "Si": [
                    [
                        1.0,
                        0.0,
                        -0.8287866259704235,
                        1.3278178340515332,
                        0.0,
                        -0.7105101208474273
                    ],
                    [
                        0.0,
                        1.0,
                        0.9328687598034917,
                        -0.5166637528146996,
                        0.0,
                        0.9720946223192628
                    ],
                    [
                        -0.8287866259704235,
                        0.9328687598034917,
                        2.5571313944047436,
                        -2.1363011234146905,
                        0.0,
                        2.5377466303676073
                    ],
                    [
                        1.3278178340515332,
                        -0.5166637528146996,
                        -2.1363011234146905,
                        3.3367847952846255,
                        0.0,
                        -2.731028777254296
                    ],
                    [
                        0.0,
                        0.0,
                        0.0,
                        0.0,
                        1e-09,
                        -6.596245105573136e-10
                    ],
                    [
                        -0.7105101208474273,
                        0.9720946223192628,
                        2.5377466303676073,
                        -2.731028777254296,
                        -6.596245105573136e-10,
                        4.03723683633536
                    ]
                ],
                "mui": [
                    0.0,
                    0.0,
                    0.0,
                    0.0,
                    1.0,
                    -0.6596245105573136
                ],
                "Ai": [
                    [
                        0.0,
                        0.0,
                        0.0,
                        0.0,
                        0.0,
                        0.0
                    ],
                    [
                        -0.0,
                        0.0,
                        0.0,
                        0.0,
                        0.0,
                        0.0
                    ],
                    [
                        -0.8287866259704235,
                        0.9328687598034917,
                        0.0,
                        0.0,
                        0.0,
                        0.0
                    ],
                    [
                        0.8687993451627931,
                        0.0,
                        -0.5538439865040978,
                        0.0,
                        0.0,
                        0.0
                    ],
                    [
                        0.0,
                        0.0,
                        0.0,
                        0.0,
                        0.0,
                        0.0
                    ],
                    [
                        0.7684289598568201,
                        0.0,
                        0.6498039562781752,
                        -0.7082223390303771,
                        -0.6596245105573136,
                        0.0
                    ]
                ]
            },
            "est_params": {
                "mui": [
                    -0.07605718837227306,
                    -0.17223694767392148,
                    -0.09316739724226752,
                    0.06134393807870616,
                    0.9999978618926167,
                    -0.7453182108733185
                ],
                "Si": [
                    [
                        1.0167689656031944,
                        -0.01923886378710372,
                        -0.8225655678762479,
                        1.1962013635736661,
                        -5.156708493517936e-07,
                        -0.6070259404628933
                    ],
                    [
                        -0.01923886378710372,
                        1.0075253718046164,
                        1.0882436981685497,
                        -0.6015952491908332,
                        -1.0265891852787796e-06,
                        1.0947839049447432
                    ],
                    [
                        -0.8225655678762479,
                        1.0882436981685497,
                        2.648635457631749,
                        -2.086192735117502,
                        -3.7277758123738164e-06,
                        2.6218750628344325
                    ],
                    [
                        1.1962013635736661,
                        -0.6015952491908332,
                        -2.086192735117502,
                        3.094682639098564,
                        2.753513719012459e-06,
                        -2.691492158472408
                    ],
                    [
                        -5.156708493517928e-07,
                        -1.02658918527878e-06,
                        -3.7277758123738173e-06,
                        2.753513719012461e-06,
                        1.0012794155425958e-06,
                        -1.0331577719745364e-05
                    ],
                    [
                        -0.6070259404628933,
                        1.0947839049447432,
                        2.6218750628344325,
                        -2.691492158472408,
                        -1.0331577719745366e-05,
                        4.1366657922274666
                    ]
                ]
            },
            "est_tgt": [
                1,
                2,
                4,
                5
            ],
            "oracle_est_tgt": [
                1,
                3,
                4,
                5
            ]
        },
        "5": {
            "intv_type": "do",
            "inode": 5,
            "new_mui": 1.0,
            "new_vari": null,
            "noise_type": "gaussian",
            "obs_noise_gamma_shape": null,
            "true_params": {
                "Si": [
                    [
                        1.0,
                        0.0,
                        -0.8287866259704235,
                        1.3278178340515332,
                        2.2527623813435644,
                        0.0
                    ],
                    [
                        0.0,
                        1.0,
                        0.9328687598034917,
                        -0.5166637528146996,
                        -0.17523551690370817,
                        0.0
                    ],
                    [
                        -0.8287866259704235,
                        0.9328687598034917,
                        2.5571313944047436,
                        -2.1363011234146905,
                        -3.143638039067026,
                        0.0
                    ],
                    [
                        1.3278178340515332,
                        -0.5166637528146996,
                        -2.1363011234146905,
                        3.3367847952846255,
                        4.555832512689934,
                        0.0
                    ],
                    [
                        2.2527623813435644,
                        -0.17523551690370817,
                        -3.143638039067026,
                        4.555832512689934,
                        8.080043252159893,
                        0.0
                    ],
                    [
                        0.0,
                        0.0,
                        0.0,
                        0.0,
                        0.0,
                        1e-09
                    ]
                ],
                "mui": [
                    0.0,
                    0.0,
                    0.0,
                    0.0,
                    0.0,
                    1.0
                ],
                "Ai": [
                    [
                        0.0,
                        0.0,
                        0.0,
                        0.0,
                        0.0,
                        0.0
                    ],
                    [
                        -0.0,
                        0.0,
                        0.0,
                        0.0,
                        0.0,
                        0.0
                    ],
                    [
                        -0.8287866259704235,
                        0.9328687598034917,
                        0.0,
                        0.0,
                        0.0,
                        0.0
                    ],
                    [
                        0.8687993451627931,
                        0.0,
                        -0.5538439865040978,
                        0.0,
                        0.0,
                        0.0
                    ],
                    [
                        0.585196198179798,
                        0.8631471985502606,
                        -0.6381586057734361,
                        0.8575490072884642,
                        0.0,
                        0.0
                    ],
                    [
                        0.0,
                        0.0,
                        0.0,
                        0.0,
                        0.0,
                        0.0
                    ]
                ]
            },
            "est_params": {
                "mui": [
                    -0.05899332088360554,
                    0.040998003984525445,
                    0.02891964234529094,
                    -0.10461812718185085,
                    -0.016123964504433274,
                    1.0000002153988015
                ],
                "Si": [
                    [
                        1.0192068285542544,
                        0.1880510225731812,
                        -0.7991212692919848,
                        1.2613053644388943,
                        2.2890449429073576,
                        -6.815842992107381e-07
                    ],
                    [
                        0.18805102257318118,
                        0.9439306961896539,
                        0.6587573678852134,
                        -0.17678271833231043,
                        0.35246647758800803,
                        -1.625258383177057e-06
                    ],
                    [
                        -0.7991212692919848,
                        0.6587573678852136,
                        2.2965718896371548,
                        -1.9354712205880527,
                        -2.980338359537877,
                        -1.1020318736801974e-06
                    ],
                    [
                        1.2613053644388943,
                        -0.17678271833231046,
                        -1.9354712205880527,
                        2.9964560723846385,
                        4.489460811195977,
                        1.2323340676316717e-06
                    ],
                    [
                        2.2890449429073576,
                        0.352466477588008,
                        -2.980338359537877,
                        4.489460811195977,
                        8.240550049210952,
                        3.296486164001068e-06
                    ],
                    [
                        -6.815842992107377e-07,
                        -1.6252583831770572e-06,
                        -1.1020318736801974e-06,
                        1.2323340676316717e-06,
                        3.296486164001066e-06,
                        1.0011438243187262e-06
                    ]
                ]
            },
            "est_tgt": [
                2,
                4,
                5
            ],
            "oracle_est_tgt": [
                3,
                4,
                5
            ]
        },
        "obs": {
            "intv_type": "obs",
            "noise_type": "gaussian",
            "obs_noise_gamma_shape": null,
            "true_params": {
                "Si": [
                    [
                        1.0,
                        0.0,
                        -0.8287866259704235,
                        1.3278178340515332,
                        2.2527623813435644,
                        -2.196487404043104
                    ],
                    [
                        0.0,
                        1.0,
                        0.9328687598034917,
                        -0.5166637528146996,
                        -0.17523551690370817,
                        1.0876842643891291
                    ],
                    [
                        -0.8287866259704235,
                        0.9328687598034917,
                        2.5571313944047436,
                        -2.1363011234146905,
                        -3.143638039067026,
                        4.611367333256547
                    ],
                    [
                        1.3278178340515332,
                        -0.5166637528146996,
                        -2.1363011234146905,
                        3.3367847952846255,
                        4.555832512689934,
                        -5.73616756861849
                    ],
                    [
                        2.2527623813435644,
                        -0.17523551690370817,
                        -3.143638039067026,
                        4.555832512689934,
                        8.080043252159893,
                        -8.867997515247708
                    ],
                    [
                        -2.196487404043104,
                        1.0876842643891291,
