{
    "expt_args": {
        "save_dir": "all_expt_logs/expt_logs_sim_compsel_backwardbugfixed_cameraready_all",
        "exp_name": "217",
        "num_nodes": 6,
        "num_tgt_prior": 7,
        "obs_noise_mean": 0.0,
        "obs_noise_var": 1.0,
        "obs_noise_gamma_shape": null,
        "noise_type": "gaussian",
        "max_edge_strength": 1.0,
        "graph_sparsity_method": "adj_dense_prop",
        "adj_dense_prop": 0.8,
        "num_parents": null,
        "new_noise_mean": 1.0,
        "mix_samples": 262144,
        "stage2_samples": 262144,
        "gmm_tol": 0.001,
        "intv_type": "do",
        "new_noise_var": null,
        "dtype": "simulation",
        "cutoff_drop_ratio": 0.07,
        "intv_targets": [
            0,
            1,
            2,
            3,
            4,
            5
        ]
    },
    "intv_args_dict": {
        "0": {
            "intv_type": "do",
            "inode": 0,
            "new_mui": 1.0,
            "new_vari": null,
            "noise_type": "gaussian",
            "obs_noise_gamma_shape": null,
            "true_params": {
                "Si": [
                    [
                        1e-09,
                        5.944173128876714e-10,
                        1.0592962528710226e-09,
                        2.3770703097175756e-09,
                        3.0284464700935955e-09,
                        3.6359588270638644e-09
                    ],
                    [
                        5.944173128876714e-10,
                        1.000000000353332,
                        0.7593997985659638,
                        1.5597539527961082,
                        1.8070889225729467,
                        1.207872639085343
                    ],
                    [
                        1.0592962528710226e-09,
                        0.7593997985659638,
                        1.5766880542278017,
                        2.0376883525353224,
                        2.3372952091790555,
                        1.5797813319915486
                    ],
                    [
                        2.3770703097175756e-09,
                        1.5597539527961082,
                        2.0376883525353224,
                        4.160802282992419,
                        4.157659407228525,
                        3.5612643312011154
                    ],
                    [
                        3.0284464700935955e-09,
                        1.8070889225729467,
                        2.3372952091790555,
                        4.157659407228525,
                        5.462729808410855,
                        4.207514442731115
                    ],
                    [
                        3.6359588270638644e-09,
                        1.207872639085343,
                        1.5797813319915486,
                        3.5612643312011154,
                        4.207514442731115,
                        4.793775827921285
                    ]
                ],
                "mui": [
                    1.0,
                    0.5944173128876714,
                    1.0592962528710226,
                    2.3770703097175754,
                    3.0284464700935954,
                    3.635958827063864
                ],
                "Ai": [
                    [
                        0.0,
                        0.0,
                        0.0,
                        0.0,
                        0.0,
                        0.0
                    ],
                    [
                        0.5944173128876714,
                        0.0,
                        0.0,
                        0.0,
                        0.0,
                        0.0
                    ],
                    [
                        0.6078958655742865,
                        0.7593997979362999,
                        0.0,
                        0.0,
                        0.0,
                        0.0
                    ],
                    [
                        0.9312618050415453,
                        0.9118252996698988,
                        0.8532115145066017,
                        0.0,
                        0.0,
                        0.0
                    ],
                    [
                        0.8874123940596464,
                        0.604043126051589,
                        0.5249886599299407,
                        0.515702820780331,
                        0.0,
                        0.0
                    ],
                    [
                        0.7590965344789022,
                        -0.7996786968089376,
                        -0.7125382352778548,
                        0.6932644397843671,
                        0.8119859291098523,
                        0.0
                    ]
                ]
            },
            "est_params": {
                "mui": [
                    1.000000133936016,
                    0.6012506116036707,
                    1.0636570948405037,
                    2.3856212955869984,
                    3.0380565219885183,
                    3.6395832937140336
                ],
                "Si": [
                    [
                        1.013139755794939e-06,
                        -2.462307144054551e-07,
                        5.66795131238711e-07,
                        3.6332188600099173e-07,
                        4.5254181562022386e-07,
                        1.1133802121234555e-06
                    ],
                    [
                        -2.462307144054554e-07,
                        0.9937540040070693,
                        0.7566314027124394,
                        1.5505474111413518,
                        1.7936314552180017,
                        1.1994787496620753
                    ],
                    [
                        5.667951312387112e-07,
                        0.7566314027124394,
                        1.5677650089392774,
                        2.0243846854965746,
                        2.322101939341092,
                        1.5649138153434168
                    ],
                    [
                        3.6332188600099125e-07,
                        1.5505474111413518,
                        2.0243846854965746,
                        4.1451236951530674,
                        4.136036405961959,
                        3.5514837005831974
                    ],
                    [
                        4.52541815620224e-07,
                        1.7936314552180017,
                        2.322101939341092,
                        4.136036405961959,
                        5.430324054353073,
                        4.192221422749256
                    ],
                    [
                        1.113380212123456e-06,
                        1.1994787496620753,
                        1.5649138153434163,
                        3.5514837005831974,
                        4.192221422749256,
                        4.808372972017982
                    ]
                ]
            },
            "est_tgt": [
                0
            ],
            "oracle_est_tgt": [
                0
            ]
        },
        "1": {
            "intv_type": "do",
            "inode": 1,
            "new_mui": 1.0,
            "new_vari": null,
            "noise_type": "gaussian",
            "obs_noise_gamma_shape": null,
            "true_params": {
                "Si": [
                    [
                        1.0,
                        0.0,
                        0.6078958655742865,
                        1.4499255571704839,
                        1.9542815296587541,
                        2.917978419912915
                    ],
                    [
                        0.0,
                        1e-09,
                        7.593997979362999e-10,
                        1.5597539513831365e-09,
                        1.807088920772786e-09,
                        1.207872636924066e-09
                    ],
                    [
                        0.6078958655742865,
                        7.593997979362999e-10,
                        1.369537383958999,
                        1.7346152672855095,
                        2.1529919081033055,
                        2.436350109944378
                    ],
                    [
                        1.4499255571704839,
                        1.5597539513831365e-09,
                        1.7346152672855095,
                        3.8302540122556197,
                        4.172608053930724,
                        5.908131692535971
                    ],
                    [
                        1.9542815296587541,
                        1.807088920772786e-09,
                        2.1529919081033055,
                        4.172608053930724,
                        6.0163757320905455,
                        7.727332503991097
                    ],
                    [
                        2.917978419912915,
                        1.207872636924066e-09,
                        2.436350109944378,
                        5.908131692535971,
                        7.727332503991097,
                        11.849417568207619
                    ]
                ],
                "mui": [
                    0.0,
                    1.0,
                    0.7593997979362999,
                    1.5597539513831364,
                    1.8070889207727858,
                    1.207872636924066
                ],
                "Ai": [
                    [
                        0.0,
                        0.0,
                        0.0,
                        0.0,
                        0.0,
                        0.0
                    ],
                    [
                        0.0,
                        0.0,
                        0.0,
                        0.0,
                        0.0,
                        0.0
                    ],
                    [
                        0.6078958655742865,
                        0.7593997979362999,
                        0.0,
                        0.0,
                        0.0,
                        0.0
                    ],
                    [
                        0.9312618050415453,
                        0.9118252996698988,
                        0.8532115145066017,
                        0.0,
                        0.0,
                        0.0
                    ],
                    [
                        0.8874123940596464,
                        0.604043126051589,
                        0.5249886599299407,
                        0.515702820780331,
                        0.0,
                        0.0
                    ],
                    [
                        0.7590965344789022,
                        -0.7996786968089376,
                        -0.7125382352778548,
                        0.6932644397843671,
                        0.8119859291098523,
                        0.0
                    ]
                ]
            },
            "est_params": {
                "mui": [
                    -0.0015369681854900334,
                    1.0000003586638235,
                    0.7550799986555503,
                    1.5537276717686719,
                    1.803059445389705,
                    1.2056909985359567
                ],
                "Si": [
                    [
                        0.9976100874153521,
                        -1.1822863475160845e-07,
                        0.5993331259807531,
                        1.440471084469046,
                        1.9442948230615358,
                        2.9092363904163934
                    ],
                    [
                        -1.1822863475160845e-07,
                        1.0120598969284917e-06,
                        -3.4041962463475525e-07,
                        -1.5255215614822326e-07,
                        1.0049275078341158e-07,
                        -5.891931221592428e-07
                    ],
                    [
                        0.5993331259807531,
                        -3.4041962463475536e-07,
                        1.3546596206183235,
                        1.713044043589383,
                        2.127685087778987,
                        2.3950456775922118
                    ],
                    [
                        1.440471084469046,
                        -1.525521561482235e-07,
                        1.713044043589383,
                        3.8101980021187334,
                        4.153542470846619,
                        5.8734473869252675
                    ],
                    [
                        1.9442948230615358,
                        1.004927507834114e-07,
                        2.127685087778987,
                        4.153542470846619,
                        6.002970055401177,
                        7.700222983989553
                    ],
                    [
                        2.909236390416393,
                        -5.891931221592427e-07,
                        2.3950456775922118,
                        5.8734473869252675,
                        7.700222983989553,
                        11.807796890818393
                    ]
                ]
            },
            "est_tgt": [
                1
            ],
            "oracle_est_tgt": [
                1
            ]
        },
        "2": {
            "intv_type": "do",
            "inode": 2,
            "new_mui": 1.0,
            "new_vari": null,
            "noise_type": "gaussian",
            "obs_noise_gamma_shape": null,
            "true_params": {
                "Si": [
                    [
                        1.0,
                        0.5944173128876714,
                        0.0,
                        1.4732665494943222,
                        2.006233801251028,
                        2.9341505985568546
                    ],
                    [
                        0.5944173128876714,
                        1.3533319418605998,
                        0.0,
                        1.7875604431876053,
                        2.2668141103142814,
                        2.4488626493403145
                    ],
                    [
                        0.0,
                        0.0,
                        1e-09,
                        8.532115145066018e-10,
                        9.649922446832535e-10,
                        6.625230917270695e-10
                    ],
                    [
                        1.4732665494943222,
                        1.7875604431876053,
                        8.532115145066018e-10,
                        4.001939703704977,
                        4.450970188125341,
                        6.077405176186469
                    ],
                    [
                        2.006233801251028,
                        2.2668141103142814,
                        9.649922446832535e-10,
                        4.450970188125341,
                        6.444988103715659,
                        8.0291411790174
                    ],
                    [
                        2.9341505985568546,
                        2.4488626493403145,
                        6.625230917270695e-10,
                        6.077405176186469,
                        8.0291411790174,
                        12.00179881345323
                    ]
                ],
                "mui": [
                    0.0,
                    0.0,
                    1.0,
                    0.8532115145066017,
                    0.9649922446832535,
                    0.6625230917270695
                ],
                "Ai": [
                    [
                        0.0,
                        0.0,
                        0.0,
                        0.0,
                        0.0,
                        0.0
                    ],
                    [
                        0.5944173128876714,
                        0.0,
                        0.0,
                        0.0,
                        0.0,
                        0.0
                    ],
                    [
                        0.0,
                        0.0,
                        0.0,
                        0.0,
                        0.0,
                        0.0
                    ],
                    [
                        0.9312618050415453,
                        0.9118252996698988,
                        0.8532115145066017,
                        0.0,
                        0.0,
                        0.0
                    ],
                    [
                        0.8874123940596464,
                        0.604043126051589,
                        0.5249886599299407,
                        0.515702820780331,
                        0.0,
                        0.0
                    ],
                    [
                        0.7590965344789022,
                        -0.7996786968089376,
                        -0.7125382352778548,
                        0.6932644397843671,
                        0.8119859291098523,
                        0.0
                    ]
                ]
            },
            "est_params": {
                "mui": [
                    0.002436290695722501,
                    -0.00174374152907369,
                    0.9999996424907223,
                    0.855639118474345,
                    0.9621554920188042,
                    0.6650587405706746
                ],
                "Si": [
                    [
                        0.9855708541340362,
                        0.5863056221295572,
                        5.371056433653774e-07,
                        1.4557621208765752,
                        1.9814153870267208,
                        2.896885403934529
                    ],
                    [
                        0.5863056221295572,
                        1.358630361807483,
                        6.066426130401877e-08,
                        1.795176161109819,
                        2.269859392735864,
                        2.4444057942892212
                    ],
                    [
                        5.371056433653778e-07,
                        6.06642613040188e-08,
                        1.0102219150806562e-06,
                        -7.298371926568169e-08,
                        6.438659479361e-07,
                        1.513272786240616e-06
                    ],
                    [
                        1.4557621208765752,
                        1.7951761611098191,
                        -7.298371926568188e-08,
                        4.010829358213866,
                        4.455738974951472,
                        6.072021772355516
                    ],
                    [
                        1.9814153870267208,
                        2.269859392735864,
                        6.438659479360995e-07,
                        4.455738974951472,
                        6.445875613406281,
                        8.022303250862155
                    ],
                    [
                        2.896885403934529,
                        2.4444057942892217,
                        1.5132727862406155e-06,
                        6.072021772355516,
                        8.022303250862155,
                        11.988226863730635
                    ]
                ]
            },
            "est_tgt": [
                2,
                5
            ],
            "oracle_est_tgt": [
                2,
                5
            ]
        },
        "3": {
            "intv_type": "do",
            "inode": 3,
            "new_mui": 1.0,
            "new_vari": null,
            "noise_type": "gaussian",
            "obs_noise_gamma_shape": null,
            "true_params": {
                "Si": [
                    [
                        1.0,
                        0.5944173128876714,
                        1.0592962528710226,
                        0.0,
                        1.8025846061790667,
                        0.9926379259384829
                    ],
                    [
                        0.5944173128876714,
                        1.3533319418605998,
                        1.3890638301198723,
                        0.0,
                        2.074206906178877,
                        0.06345513030811567
                    ],
                    [
                        1.0592962528710226,
                        1.3890638301198723,
                        2.6987966044522826,
                        0.0,
                        3.195924694804366,
                        0.3653534738517378
                    ],
                    [
                        0.0,
                        0.0,
                        0.0,
                        1e-09,
                        5.157028207803311e-10,
                        1.1120078738602559e-09
                    ],
                    [
                        1.8025846061790667,
                        2.074206906178877,
                        3.195924694804366,
                        5.157028207803311e-10,
                        5.530370567578812,
                        1.9230011938882865
                    ],
                    [
                        0.9926379259384829,
                        0.06345513030811567,
                        0.3653534738517378,
                        1.1120078738602559e-09,
                        1.9230011938882865,
                        3.0038858860202926
                    ]
                ],
                "mui": [
                    0.0,
                    0.0,
                    0.0,
                    1.0,
                    0.515702820780331,
                    1.112007873860256
                ],
                "Ai": [
                    [
                        0.0,
                        0.0,
                        0.0,
                        0.0,
                        0.0,
                        0.0
                    ],
                    [
                        0.5944173128876714,
                        0.0,
                        0.0,
                        0.0,
                        0.0,
                        0.0
                    ],
                    [
                        0.6078958655742865,
                        0.7593997979362999,
                        0.0,
                        0.0,
                        0.0,
                        0.0
                    ],
                    [
                        0.0,
                        0.0,
                        0.0,
                        0.0,
                        0.0,
                        0.0
                    ],
                    [
                        0.8874123940596464,
                        0.604043126051589,
                        0.5249886599299407,
                        0.515702820780331,
                        0.0,
                        0.0
                    ],
                    [
                        0.7590965344789022,
                        -0.7996786968089376,
                        -0.7125382352778548,
                        0.6932644397843671,
                        0.8119859291098523,
                        0.0
                    ]
                ]
            },
            "est_params": {
                "mui": [
                    0.007618588630694892,
                    0.010656047935686601,
                    0.008869365909726902,
                    0.9999993104048137,
                    0.5336368137767896,
                    1.1034596344750836
                ],
                "Si": [
                    [
                        0.9989288257437349,
                        0.5971281486527898,
                        1.0564532099736943,
                        2.9351842061848205e-07,
                        1.7919669090141008,
                        0.984718620715735
                    ],
                    [
                        0.5971281486527898,
                        1.34433258783967,
                        1.3865897882036848,
                        1.7219094329150624e-07,
                        2.065754469165902,
                        0.06576451804162071
                    ],
                    [
                        1.0564532099736943,
                        1.3865897882036848,
                        2.6749649910158353,
                        9.738308568138265e-08,
                        3.173998906732292,
                        0.3624687192268896
                    ],
                    [
                        2.9351842061848195e-07,
                        1.7219094329150643e-07,
                        9.73830856813829e-08,
                        1.0071728597982106e-06,
                        3.7175958366630757e-07,
                        5.17544944059407e-07
                    ],
                    [
                        1.7919669090141008,
                        2.065754469165902,
                        3.173998906732292,
                        3.7175958366630757e-07,
                        5.500964360478507,
                        1.9101061219529871
                    ],
                    [
                        0.984718620715735,
                        0.06576451804162071,
                        0.36246871922688967,
                        5.17544944059407e-07,
                        1.9101061219529871,
                        2.9970677598875595
                    ]
                ]
            },
            "est_tgt": [
                2,
                3,
                4,
                5
            ],
            "oracle_est_tgt": [
                2,
                3,
                4,
                5
            ]
        },
        "4": {
            "intv_type": "do",
            "inode": 4,
            "new_mui": 1.0,
            "new_vari": null,
            "noise_type": "gaussian",
            "obs_noise_gamma_shape": null,
            "true_params": {
                "Si": [
                    [
                        1.0,
                        0.5944173128876714,
                        1.0592962528710226,
                        2.3770703097175754,
                        0.0,
                        1.176902906285463
                    ],
                    [
                        0.5944173128876714,
                        1.3533319418605998,
                        1.3890638301198723,
                        2.9727256974305227,
                        0.0,
                        0.4401133236901508
                    ],
                    [
                        1.0592962528710226,
                        1.3890638301198723,
                        2.6987966044522826,
                        4.555710021912089,
                        0.0,
                        0.9286193473368047
                    ],
                    [
                        2.3770703097175754,
                        2.9727256974305227,
                        4.555710021912089,
                        9.811265534682766,
                        0.0,
                        2.982884347654262
                    ],
                    [
                        0.0,
                        0.0,
                        0.0,
                        0.0,
                        1e-09,
                        8.119859291098524e-10
                    ],
                    [
                        1.176902906285463,
                        0.4401133236901508,
                        0.9286193473368047,
                        2.982884347654262,
                        8.119859291098524e-10,
                        2.9476845243238237
                    ]
                ],
                "mui": [
                    0.0,
                    0.0,
                    0.0,
                    0.0,
                    1.0,
                    0.8119859291098523
                ],
                "Ai": [
                    [
                        0.0,
                        0.0,
                        0.0,
                        0.0,
                        0.0,
                        0.0
                    ],
                    [
                        0.5944173128876714,
                        0.0,
                        0.0,
                        0.0,
                        0.0,
                        0.0
                    ],
                    [
                        0.6078958655742865,
                        0.7593997979362999,
                        0.0,
                        0.0,
                        0.0,
                        0.0
                    ],
                    [
                        0.9312618050415453,
                        0.9118252996698988,
                        0.8532115145066017,
                        0.0,
                        0.0,
                        0.0
                    ],
                    [
                        0.0,
                        0.0,
                        0.0,
                        0.0,
                        0.0,
                        0.0
                    ],
                    [
                        0.7590965344789022,
                        -0.7996786968089376,
                        -0.7125382352778548,
                        0.6932644397843671,
                        0.8119859291098523,
                        0.0
                    ]
                ]
            },
            "est_params": {
                "mui": [
                    0.0029944712805285616,
                    -0.000648432707339367,
                    0.0019995363693896123,
                    0.004262242886473422,
                    0.9999999136113928,
                    0.8201430952096351
                ],
                "Si": [
                    [
                        0.9988491075049991,
                        0.5952085001594811,
                        1.050545216930841,
                        2.376820895319197,
                        8.54240005374199e-08,
                        1.1812447768877605
                    ],
                    [
                        0.5952085001594811,
                        1.3531841112780811,
                        1.3835774596980615,
                        2.9684807591594864,
                        -2.389716025250247e-07,
                        0.44601904740409576
                    ],
                    [
                        1.050545216930841,
                        1.3835774596980615,
                        2.6772089515577924,
                        4.522396309121019,
                        -1.6555408426105038e-07,
                        0.9219372448343744
                    ],
                    [
                        2.3768208953191974,
                        2.968480759159487,
                        4.522396309121019,
                        9.792333288411312,
                        -5.38484282690996e-07,
                        3.0030958630448312
                    ],
                    [
                        8.542400053741997e-08,
                        -2.3897160252502476e-07,
                        -1.655540842610504e-07,
                        -5.384842826909966e-07,
                        1.0071456212524468e-06,
                        3.137959689186519e-07
                    ],
                    [
                        1.1812447768877605,
                        0.44601904740409576,
                        0.9219372448343744,
                        3.0030958630448312,
                        3.13795968918652e-07,
                        2.962518722506911
                    ]
                ]
            },
            "est_tgt": [
                2,
                3,
                4,
                5
            ],
            "oracle_est_tgt": [
                2,
                3,
                4,
                5
            ]
        },
        "5": {
            "intv_type": "do",
            "inode": 5,
            "new_mui": 1.0,
            "new_vari": null,
            "noise_type": "gaussian",
            "obs_noise_gamma_shape": null,
            "true_params": {
                "Si": [
                    [
                        1.0,
                        0.5944173128876714,
                        1.0592962528710226,
                        2.3770703097175754,
                        3.0284464700935954,
                        0.0
                    ],
                    [
                        0.5944173128876714,
                        1.3533319418605998,
                        1.3890638301198723,
                        2.9727256974305227,
                        3.6072499337499746,
                        0.0
                    ],
                    [
                        1.0592962528710226,
                        1.3890638301198723,
                        2.6987966044522826,
                        4.555710021912089,
                        5.5453172037616545,
                        0.0
                    ],
                    [
                        2.3770703097175754,
                        2.9727256974305227,
                        4.555710021912089,
                        9.811265534682766,
                        11.356489588658178,
                        0.0
                    ],
                    [
                        3.0284464700935954,
                        3.6072499337499746,
                        5.5453172037616545,
                        11.356489588658178,
                        14.634217821461725,
                        0.0
                    ],
                    [
                        0.0,
                        0.0,
                        0.0,
                        0.0,
                        0.0,
                        1e-09
                    ]
                ],
                "mui": [
                    0.0,
                    0.0,
                    0.0,
                    0.0,
                    0.0,
                    1.0
                ],
                "Ai": [
                    [
                        0.0,
                        0.0,
                        0.0,
                        0.0,
                        0.0,
                        0.0
                    ],
                    [
                        0.5944173128876714,
                        0.0,
                        0.0,
                        0.0,
                        0.0,
                        0.0
                    ],
                    [
                        0.6078958655742865,
                        0.7593997979362999,
                        0.0,
                        0.0,
                        0.0,
                        0.0
                    ],
                    [
                        0.9312618050415453,
                        0.9118252996698988,
                        0.8532115145066017,
                        0.0,
                        0.0,
                        0.0
                    ],
                    [
                        0.8874123940596464,
                        0.604043126051589,
                        0.5249886599299407,
                        0.515702820780331,
                        0.0,
                        0.0
                    ],
                    [
                        0.0,
                        0.0,
                        0.0,
                        0.0,
                        0.0,
                        0.0
                    ]
                ]
            },
            "est_params": {
                "mui": [
                    0.0020887864045818472,
                    0.004785279821081761,
                    0.0047261852074578364,
                    0.006200247605859562,
                    0.00874248933028547,
                    1.0000000363990227
                ],
                "Si": [
                    [
                        0.9904188650623535,
                        0.5812516698676269,
                        1.0356006300459113,
                        2.3393533398954798,
                        2.9918362688857654,
                        -3.0809436071050907e-07
                    ],
                    [
                        0.5812516698676269,
                        1.3318392842265805,
                        1.36598456311224,
                        2.9242578156228607,
                        3.5579732645326,
                        3.106955234993689e-07
                    ],
                    [
                        1.0356006300459113,
                        1.3659845631122398,
                        2.66023040092833,
                        4.4864027513697256,
                        5.467247416982981,
                        -4.5519522110739137e-07
                    ],
                    [
                        2.3393533398954798,
                        2.9242578156228607,
                        4.4864027513697256,
                        9.671997053891861,
                        11.218366103249426,
                        -5.596891903660184e-07
                    ],
                    [
                        2.9918362688857654,
                        3.5579732645326,
                        5.467247416982981,
                        11.218366103249426,
                        14.509879118067678,
                        -3.8221658202535205e-07
                    ],
                    [
                        -3.08094360710509e-07,
                        3.1069552349936886e-07,
                        -4.551952211073916e-07,
                        -5.596891903660184e-07,
                        -3.822165820253521e-07,
                        1.0057119030143892e-06
                    ]
                ]
            },
            "est_tgt": [
                2,
                3,
                4,
                5
            ],
            "oracle_est_tgt": [
                2,
                3,
                4,
                5
            ]
        },
        "obs": {
            "intv_type": "obs",
            "noise_type": "gaussian",
            "obs_noise_gamma_shape": null,
            "true_params": {
                "Si": [
                    [
                        1.0,
                        0.5944173128876714,
                        1.0592962528710226,
                        2.3770703097175754,
                        3.0284464700935954,
                        3.635958827063864
                    ],
                    [
                        0.5944173128876714,
                        1.3533319418605998,
                        1.3890638301198723,
                        2.9727256974305227,
                        3.6072499337499746,
                        3.3691495126775775
                    ],
                    [
                        1.0592962528710226,
                        1.3890638301198723,
                        2.6987966044522826,
                        4.555710021912089,
                        5.5453172037616545,
                        5.431338889242061
                    ],
                    [
                        2.3770703097175754,
                        2.9727256974305227,
                        4.555710021912089,
                        9.811265534682766,
                        11.356489588658178,
                        12.204194097727237
                    ],
                    [
                        3.0284464700935954,
                        3.6072499337499746,
