{
    "expt_args": {
        "save_dir": "all_expt_logs/expt_logs_sim_compsel_backwardbugfixed_cameraready_all",
        "exp_name": "92",
        "num_nodes": 8,
        "num_tgt_prior": 9,
        "obs_noise_mean": 0.0,
        "obs_noise_var": 1.0,
        "obs_noise_gamma_shape": null,
        "noise_type": "gaussian",
        "max_edge_strength": 1.0,
        "graph_sparsity_method": "adj_dense_prop",
        "adj_dense_prop": 0.8,
        "num_parents": null,
        "new_noise_mean": 1.0,
        "mix_samples": 16384,
        "stage2_samples": 16384,
        "gmm_tol": 0.001,
        "intv_type": "do",
        "new_noise_var": null,
        "dtype": "simulation",
        "cutoff_drop_ratio": 0.07,
        "intv_targets": [
            0,
            1,
            2,
            3,
            4,
            5,
            6,
            7
        ]
    },
    "intv_args_dict": {
        "0": {
            "intv_type": "do",
            "inode": 0,
            "new_mui": 1.0,
            "new_vari": null,
            "noise_type": "gaussian",
            "obs_noise_gamma_shape": null,
            "true_params": {
                "Si": [
                    [
                        1e-09,
                        0.0,
                        8.473414579490141e-10,
                        4.847349396114881e-11,
                        -1.5067451289862722e-09,
                        -5.784813730837091e-10,
                        -2.237945860958407e-09,
                        -3.613385217576067e-10
                    ],
                    [
                        0.0,
                        1.0,
                        -0.5608781478607803,
                        0.8326741242754053,
                        -0.21705069175490216,
                        0.8510314433930799,
                        0.0669304317336431,
                        1.583059920371808
                    ],
                    [
                        8.473414579490141e-10,
                        -0.5608781478607803,
                        1.314584297465727,
                        -1.0493681028848123,
                        -0.08160896124551341,
                        -0.7131770739098603,
                        -0.9395567960912506,
                        -0.6421532507181601
                    ],
                    [
                        4.847349396114881e-11,
                        0.8326741242754053,
                        -1.0493681028848123,
                        2.032465353453463,
                        -0.7166027989207018,
                        0.4489647720891899,
                        0.8830966313194456,
                        1.6700028754302902
                    ],
                    [
                        -1.5067451289862722e-09,
                        -0.21705069175490216,
                        -0.08160896124551341,
                        -0.7166027989207018,
                        1.5165539501065846,
                        -0.5605245234234799,
                        1.2857887693516084,
                        -1.1494979712028512
                    ],
                    [
                        -5.784813730837091e-10,
                        0.8510314433930799,
                        -0.7131770739098603,
                        0.4489647720891899,
                        -0.5605245234234799,
                        2.4047112436086886,
                        -1.392325959581811,
                        2.020262421663114
                    ],
                    [
                        -2.237945860958407e-09,
                        0.0669304317336431,
                        -0.9395567960912506,
                        0.8830966313194456,
                        1.2857887693516084,
                        -1.392325959581811,
                        4.051575377705764,
                        -0.9410275011585666
                    ],
                    [
                        -3.613385217576067e-10,
                        1.583059920371808,
                        -0.6421532507181601,
                        1.6700028754302902,
                        -1.1494979712028512,
                        2.020262421663114,
                        -0.9410275011585666,
                        4.397741993435233
                    ]
                ],
                "mui": [
                    1.0,
                    0.0,
                    0.847341457949014,
                    0.048473493961148806,
                    -1.506745128986272,
                    -0.5784813730837091,
                    -2.2379458609584066,
                    -0.36133852175760667
                ],
                "Ai": [
                    [
                        0.0,
                        0.0,
                        0.0,
                        0.0,
                        0.0,
                        0.0,
                        0.0,
                        0.0
                    ],
                    [
                        -0.0,
                        0.0,
                        0.0,
                        0.0,
                        0.0,
                        0.0,
                        0.0,
                        0.0
                    ],
                    [
                        0.847341457949014,
                        -0.5608781478607803,
                        0.0,
                        0.0,
                        0.0,
                        0.0,
                        0.0,
                        0.0
                    ],
                    [
                        0.541913795206372,
                        0.5060526900873719,
                        -0.5823393823306994,
                        0.0,
                        0.0,
                        0.0,
                        0.0,
                        0.0
                    ],
                    [
                        -0.9798723828822411,
                        0.0,
                        -0.5843655170958011,
                        -0.6542878237406449,
                        0.0,
                        0.0,
                        0.0,
                        0.0
                    ],
                    [
                        -0.833257851107799,
                        0.9196566703880764,
                        -0.8664789272816972,
                        -0.8442374044525923,
                        -0.683528429900073,
                        0.0,
                        0.0,
                        0.0
                    ],
                    [
                        -0.885507518547608,
                        -0.0,
                        -0.5155656091693503,
                        0.6188504023996653,
                        0.8746460047891509,
                        -0.643568757635762,
                        0.0,
                        0.0
                    ],
                    [
                        -0.734440618141494,
                        0.8890758287219833,
                        0.8292149098531105,
                        0.7459090121957987,
                        -0.0,
                        0.6321428956873795,
                        -0.0,
                        0.0
                    ]
                ]
            },
            "est_params": {
                "mui": [
                    0.9999992095586617,
                    0.012769862522333348,
                    0.8468656080691895,
                    0.03604421200224805,
                    -1.4724426776947723,
                    -0.5638763830002601,
                    -2.20861978472748,
                    -0.36438871155489994
                ],
                "Si": [
                    [
                        1.020691075098782e-06,
                        1.6213312083739966e-06,
                        1.3939251146700473e-06,
                        3.2396766992852374e-06,
                        -5.174679726379124e-06,
                        -1.9245007453170173e-06,
                        3.323839414132425e-07,
                        5.956208415279322e-06
                    ],
                    [
                        1.6213312083739968e-06,
                        0.9952121991132585,
                        -0.6175671112832947,
                        0.8049584990678351,
                        -0.18485749753565825,
                        0.8989845353851351,
                        0.06810697133785495,
                        1.534587248954568
                    ],
                    [
                        1.3939251146700466e-06,
                        -0.6175671112832947,
                        1.2932981088862832,
                        -1.031329889708,
                        -0.09046125555864427,
                        -0.7559365599941096,
                        -0.8960993280300746,
                        -0.6757776137388325
                    ],
                    [
                        3.2396766992852374e-06,
                        0.8049584990678351,
                        -1.031329889708,
                        1.9586002260616755,
                        -0.6752484865127365,
                        0.4397286488849038,
                        0.8512914999587644,
                        1.5514495512504072
                    ],
                    [
                        -5.174679726379123e-06,
                        -0.1848574975356583,
                        -0.09046125555864427,
                        -0.6752484865127365,
                        1.4989534143302117,
                        -0.6180885123258725,
                        1.3690324131794167,
                        -1.1199639536959405
                    ],
                    [
                        -1.924500745317017e-06,
                        0.898984535385135,
                        -0.7559365599941096,
                        0.4397286488849038,
                        -0.6180885123258725,
                        2.6007142104536354,
                        -1.543023868979942,
                        2.1184904187847753
                    ],
                    [
                        3.323839414132425e-07,
                        0.06810697133785495,
                        -0.8960993280300746,
                        0.8512914999587644,
                        1.3690324131794167,
                        -1.543023868979942,
                        4.182789783238894,
                        -1.024901747703388
                    ],
                    [
                        5.956208415279322e-06,
                        1.534587248954568,
                        -0.6757776137388325,
                        1.5514495512504072,
                        -1.1199639536959405,
                        2.1184904187847753,
                        -1.0249017477033882,
                        4.3015868360121505
                    ]
                ]
            },
            "est_tgt": [
                0,
                2,
                3,
                4,
                5,
                6
            ],
            "oracle_est_tgt": [
                0,
                2,
                7
            ]
        },
        "1": {
            "intv_type": "do",
            "inode": 1,
            "new_mui": 1.0,
            "new_vari": null,
            "noise_type": "gaussian",
            "obs_noise_gamma_shape": null,
            "true_params": {
                "Si": [
                    [
                        1.0,
                        0.0,
                        0.847341457949014,
                        0.048473493961148806,
                        -1.506745128986272,
                        -0.5784813730837091,
                        -2.2379458609584066,
                        -0.36133852175760667
                    ],
                    [
                        0.0,
                        1e-09,
                        -5.608781478607803e-10,
                        8.326741242754053e-10,
                        -2.1705069175490217e-10,
                        8.5103144339308e-10,
                        6.693043173364311e-11,
                        1.5830599203718081e-09
                    ],
                    [
                        0.847341457949014,
                        -5.608781478607803e-10,
                        1.7179875466737449,
                        -0.5412657817528055,
                        -1.4800755641832404,
                        -0.7260233842205145,
                        -2.7983212862816558,
                        -0.060426645048344635
                    ],
                    [
                        0.048473493961148806,
                        8.326741242754053e-10,
                        -0.5412657817528055,
                        1.3414688365234482,
                        -0.6089075052589195,
                        -0.2877081023771144,
                        0.7188843376759266,
                        0.33431450324254286
                    ],
                    [
                        -1.506745128986272,
                        -2.1705069175490217e-10,
                        -1.4800755641832404,
                        -0.6089075052589195,
                        3.739723828815991,
                        0.49581643011698895,
                        4.672330087406377,
                        -0.2614486637113653
                    ],
                    [
                        -0.5784813730837091,
                        8.5103144339308e-10,
                        -0.7260233842205145,
                        -0.2877081023771144,
                        0.49581643011698895,
                        2.015097425359407,
                        -0.15467586821044282,
                        0.8820562580039442
                    ],
                    [
                        -2.2379458609584066,
                        6.693043173364311e-11,
                        -2.7983212862816558,
                        0.7188843376759266,
                        4.672330087406377,
                        -0.15467586821044282,
                        9.055497366590656,
                        -0.23832633661971456
                    ],
                    [
                        -0.36133852175760667,
                        1.5830599203718081e-09,
                        -0.060426645048344635,
                        0.33431450324254286,
                        -0.2614486637113653,
                        0.8820562580039442,
                        -0.23832633661971456,
                        2.022228811629123
                    ]
                ],
                "mui": [
                    0.0,
                    1.0,
                    -0.5608781478607803,
                    0.8326741242754053,
                    -0.21705069175490216,
                    0.8510314433930799,
                    0.0669304317336431,
                    1.583059920371808
                ],
                "Ai": [
                    [
                        0.0,
                        0.0,
                        0.0,
                        0.0,
                        0.0,
                        0.0,
                        0.0,
                        0.0
                    ],
                    [
                        0.0,
                        0.0,
                        0.0,
                        0.0,
                        0.0,
                        0.0,
                        0.0,
                        0.0
                    ],
                    [
                        0.847341457949014,
                        -0.5608781478607803,
                        0.0,
                        0.0,
                        0.0,
                        0.0,
                        0.0,
                        0.0
                    ],
                    [
                        0.541913795206372,
                        0.5060526900873719,
                        -0.5823393823306994,
                        0.0,
                        0.0,
                        0.0,
                        0.0,
                        0.0
                    ],
                    [
                        -0.9798723828822411,
                        0.0,
                        -0.5843655170958011,
                        -0.6542878237406449,
                        0.0,
                        0.0,
                        0.0,
                        0.0
                    ],
                    [
                        -0.833257851107799,
                        0.9196566703880764,
                        -0.8664789272816972,
                        -0.8442374044525923,
                        -0.683528429900073,
                        0.0,
                        0.0,
                        0.0
                    ],
                    [
                        -0.885507518547608,
                        -0.0,
                        -0.5155656091693503,
                        0.6188504023996653,
                        0.8746460047891509,
                        -0.643568757635762,
                        0.0,
                        0.0
                    ],
                    [
                        -0.734440618141494,
                        0.8890758287219833,
                        0.8292149098531105,
                        0.7459090121957987,
                        -0.0,
                        0.6321428956873795,
                        -0.0,
                        0.0
                    ]
                ]
            },
            "est_params": {
                "mui": [
                    0.037185526778782604,
                    0.9999981737713362,
                    -0.5609442250459991,
                    0.883733763216045,
                    -0.31028028827386317,
                    0.8423942003696138,
                    0.03404564728018242,
                    1.5938460441482076
                ],
                "Si": [
                    [
                        1.0102540719546889,
                        -3.7589553450046024e-06,
                        0.8592278803582761,
                        0.04927103944693324,
                        -1.5108616064681344,
                        -0.6325867993299916,
                        -2.2187827439768006,
                        -0.3857322640946237
                    ],
                    [
                        -3.7589553450046024e-06,
                        1.0354305185018952e-06,
                        -9.178802753369167e-06,
                        5.477655092914715e-06,
                        -7.760839165288981e-07,
                        -7.500965199991518e-07,
                        9.272012051301817e-06,
                        -4.9297458030551705e-06
                    ],
                    [
                        0.8592278803582761,
                        -9.178802753369167e-06,
                        1.7209811898478213,
                        -0.5145192182497981,
                        -1.5052780761598827,
                        -0.7582907419247231,
                        -2.7662504761295517,
                        -0.021669669595800443
                    ],
                    [
                        0.04927103944693324,
                        5.477655092914716e-06,
                        -0.5145192182497981,
                        1.3368064019274644,
                        -0.6489850834570613,
                        -0.26790605197093753,
                        0.6502740718502298,
                        0.35448778292674693
                    ],
                    [
                        -1.5108616064681344,
                        -7.760839165288979e-07,
                        -1.5052780761598827,
                        -0.6489850834570614,
                        3.7695690946717573,
                        0.5738955109238123,
                        4.622491297379052,
                        -0.24192234418232247
                    ],
                    [
                        -0.6325867993299915,
                        -7.500965199991517e-07,
                        -0.758290741924723,
                        -0.26790605197093753,
                        0.5738955109238124,
                        2.012071064442024,
                        -0.019631768202887773,
                        0.8659511177382895
                    ],
                    [
                        -2.2187827439768006,
                        9.272012051301816e-06,
                        -2.7662504761295517,
                        0.6502740718502298,
                        4.622491297379052,
                        -0.019631768202887773,
                        8.807449045700366,
                        -0.19441054498876506
                    ],
                    [
                        -0.3857322640946237,
                        -4.929745803055169e-06,
                        -0.02166966959580044,
                        0.35448778292674693,
                        -0.2419223441823225,
                        0.8659511177382896,
                        -0.19441054498876506,
                        2.092743468514221
                    ]
                ]
            },
            "est_tgt": [
                0,
                1,
                2,
                3,
                4,
                5,
                7
            ],
            "oracle_est_tgt": [
                1
            ]
        },
        "2": {
            "intv_type": "do",
            "inode": 2,
            "new_mui": 1.0,
            "new_vari": null,
            "noise_type": "gaussian",
            "obs_noise_gamma_shape": null,
            "true_params": {
                "Si": [
                    [
                        1.0,
                        0.0,
                        0.0,
                        0.541913795206372,
                        -1.3344399806028517,
                        -0.37863408227252904,
                        -1.4736294800567227,
                        -0.5695730796375227
                    ],
                    [
                        0.0,
                        1.0,
                        0.0,
                        0.5060526900873719,
                        -0.33110411329536554,
                        0.7187471354866986,
                        -0.43899118000647996,
                        1.7208959863976525
                    ],
                    [
                        0.0,
                        0.0,
                        1e-09,
                        -5.823393823306994e-10,
                        -2.0334794995217647e-10,
                        -2.3585213367809193e-10,
                        -9.020169776086582e-10,
                        2.4575046567879104e-10
                    ],
                    [
                        0.541913795206372,
                        0.5060526900873719,
                        -5.823393823306994e-10,
                        1.5497598869187583,
                        -1.5449953852179497,
                        -0.238476186564219,
                        -0.7186474281028495,
                        1.0571445508678186
                    ],
                    [
                        -1.3344399806028517,
                        -0.33110411329536554,
                        -2.0334794995217647e-10,
                        -1.5449953852179497,
                        3.3184525520090693,
                        -0.15648328420436475,
                        3.2287146396346955,
                        -0.5656555179018788
                    ],
                    [
                        -0.37863408227252904,
                        0.7187471354866986,
                        -2.3585213367809193e-10,
                        -0.238476186564219,
                        -0.15648328420436475,
                        2.2847917097541517,
                        -1.4195857987143101,
                        2.18353826505666
                    ],
                    [
                        -1.4736294800567227,
                        -0.43899118000647996,
                        -9.020169776086582e-10,
                        -0.7186474281028495,
                        3.2287146396346955,
                        -1.4195857987143101,
                        5.597758163540416,
                        -0.7414297723586741
                    ],
                    [
                        -0.5695730796375227,
                        1.7208959863976525,
                        2.4575046567879104e-10,
                        1.0571445508678186,
                        -0.5656555179018788,
                        2.18353826505666,
                        -0.7414297723586741,
                        5.117166479543444
                    ]
                ],
                "mui": [
                    0.0,
                    0.0,
                    1.0,
                    -0.5823393823306994,
                    -0.20334794995217645,
                    -0.2358521336780919,
                    -0.9020169776086582,
                    0.24575046567879102
                ],
                "Ai": [
                    [
                        0.0,
                        0.0,
                        0.0,
                        0.0,
                        0.0,
                        0.0,
                        0.0,
                        0.0
                    ],
                    [
                        -0.0,
                        0.0,
                        0.0,
                        0.0,
                        0.0,
                        0.0,
                        0.0,
                        0.0
                    ],
                    [
                        0.0,
                        0.0,
                        0.0,
                        0.0,
                        0.0,
                        0.0,
                        0.0,
                        0.0
                    ],
                    [
                        0.541913795206372,
                        0.5060526900873719,
                        -0.5823393823306994,
                        0.0,
                        0.0,
                        0.0,
                        0.0,
                        0.0
                    ],
                    [
                        -0.9798723828822411,
                        0.0,
                        -0.5843655170958011,
                        -0.6542878237406449,
                        0.0,
                        0.0,
                        0.0,
                        0.0
                    ],
                    [
                        -0.833257851107799,
                        0.9196566703880764,
                        -0.8664789272816972,
                        -0.8442374044525923,
                        -0.683528429900073,
                        0.0,
                        0.0,
                        0.0
                    ],
                    [
                        -0.885507518547608,
                        -0.0,
                        -0.5155656091693503,
                        0.6188504023996653,
                        0.8746460047891509,
                        -0.643568757635762,
                        0.0,
                        0.0
                    ],
                    [
                        -0.734440618141494,
                        0.8890758287219833,
                        0.8292149098531105,
                        0.7459090121957987,
                        -0.0,
                        0.6321428956873795,
                        -0.0,
                        0.0
                    ]
                ]
            },
            "est_params": {
                "mui": [
                    -0.007580091431781419,
                    0.0010987927296131309,
                    0.9999952292575252,
                    -0.558259292231201,
                    -0.21729858952231965,
                    -0.2012106880103492,
                    -0.8774724938978359,
                    0.2917565399188102
                ],
                "Si": [
                    [
                        0.9908923683462704,
                        -0.005771279681762398,
                        -6.69321392526748e-07,
                        0.5058283493863238,
                        -1.3035998985604784,
                        -0.36729048427801014,
                        -1.4782841030724914,
                        -0.5966507096807111
                    ],
                    [
                        -0.005771279681762403,
                        1.0294802357236594,
                        1.648795755492481e-06,
                        0.48183868693781895,
                        -0.2986103523244054,
                        0.7555380029390683,
                        -0.4171332118381096,
                        1.7597980461053637
                    ],
                    [
                        -6.693213925267475e-07,
                        1.6487957554924812e-06,
                        1.0173523442755802e-06,
                        3.5653752153282818e-06,
                        2.5704959648485643e-06,
                        -4.123330261693096e-06,
                        1.1199196363284569e-05,
                        3.068018946099134e-06
                    ],
                    [
                        0.5058283493863239,
                        0.48183868693781895,
                        3.5653752153282818e-06,
                        1.5419199143428473,
                        -1.5010738280157983,
                        -0.2298043886626931,
                        -0.6483345282732245,
                        1.0407493531733272
                    ],
                    [
                        -1.3035998985604784,
                        -0.2986103523244054,
                        2.5704959648485643e-06,
                        -1.5010738280157983,
                        3.321321626279647,
                        -0.22575944437214374,
                        3.2930192501947184,
                        -0.5139394217389144
                    ],
                    [
                        -0.3672904842780101,
                        0.7555380029390683,
                        -4.123330261693096e-06,
                        -0.2298043886626931,
                        -0.22575944437214368,
                        2.342124918975896,
                        -1.5162175705877508,
                        2.2604767165585073
                    ],
                    [
                        -1.4782841030724914,
                        -0.41713321183810953,
                        1.1199196363284567e-05,
                        -0.6483345282732245,
                        3.2930192501947193,
                        -1.5162175705877508,
                        5.768666413269013,
                        -0.6742257953235815
                    ],
                    [
                        -0.5966507096807112,
                        1.7597980461053637,
                        3.068018946099135e-06,
                        1.0407493531733272,
                        -0.5139394217389143,
                        2.2604767165585073,
                        -0.6742257953235814,
                        5.180462943850397
                    ]
                ]
            },
            "est_tgt": [
                0,
                1,
                2,
                5,
                6,
                7
            ],
            "oracle_est_tgt": [
                0,
                2,
                3,
                7
            ]
        },
        "3": {
            "intv_type": "do",
            "inode": 3,
            "new_mui": 1.0,
            "new_vari": null,
            "noise_type": "gaussian",
            "obs_noise_gamma_shape": null,
            "true_params": {
                "Si": [
                    [
                        1.0,
                        0.0,
                        0.847341457949014,
                        0.0,
                        -1.4750295121133268,
                        -0.5592367621616772,
                        -2.2525889949569122,
                        -0.38532999368121595
                    ],
                    [
                        0.0,
                        1.0,
                        -0.5608781478607803,
                        0.0,
                        0.32775784890240006,
                        1.1816139584345475,
                        -0.18460825018240612,
                        1.1709361751744685
                    ],
                    [
                        0.847341457949014,
                        -0.5608781478607803,
                        2.0325718431068998,
                        0.0,
                        -2.018051389646942,
                        -1.6036544247754356,
                        -2.5312700718468943,
                        -0.44928506238192667
                    ],
                    [
                        0.0,
                        0.0,
                        0.0,
                        1e-09,
                        -6.542878237406449e-10,
                        -3.970130755884137e-10,
                        3.0208538320431037e-10,
                        4.949400169675865e-10
                    ],
                    [
                        -1.4750295121133268,
                        0.32775784890240006,
                        -2.018051389646942,
                        -6.542878237406449e-10,
                        3.6246203271211432,
                        0.8015725762712664,
                        5.000980237617692,
                        0.20803327562113244
                    ],
                    [
                        -0.5592367621616772,
                        1.1816139584345475,
                        -1.6036544247754356,
                        -3.970130755884137e-10,
                        0.8015725762712664,
                        3.394302702932798,
                        -0.16137749447879363,
                        2.277180782513726
                    ],
                    [
                        -2.2525889949569122,
                        -0.18460825018240612,
                        -2.5312700718468943,
                        3.0208538320431037e-10,
                        5.000980237617692,
                        -0.16137749447879363,
                        8.777665186476684,
                        -0.7107184000186266
                    ],
                    [
                        -0.38532999368121595,
                        1.1709361751744685,
                        -0.44928506238192667,
                        4.949400169675865e-10,
                        0.20803327562113244,
                        2.277180782513726,
                        -0.7107184000186266,
                        3.391002830801161
                    ]
                ],
                "mui": [
                    0.0,
                    0.0,
                    0.0,
                    1.0,
                    -0.6542878237406449,
                    -0.39701307558841364,
                    0.30208538320431033,
                    0.4949400169675865
                ],
                "Ai": [
                    [
                        0.0,
                        0.0,
                        0.0,
                        0.0,
                        0.0,
                        0.0,
                        0.0,
                        0.0
                    ],
                    [
                        -0.0,
                        0.0,
                        0.0,
                        0.0,
                        0.0,
                        0.0,
                        0.0,
                        0.0
                    ],
                    [
                        0.847341457949014,
                        -0.5608781478607803,
                        0.0,
                        0.0,
                        0.0,
                        0.0,
                        0.0,
                        0.0
                    ],
                    [
                        0.0,
                        0.0,
                        0.0,
                        0.0,
                        0.0,
                        0.0,
                        0.0,
                        0.0
                    ],
                    [
                        -0.9798723828822411,
                        0.0,
                        -0.5843655170958011,
                        -0.6542878237406449,
                        0.0,
                        0.0,
                        0.0,
                        0.0
                    ],
                    [
                        -0.833257851107799,
                        0.9196566703880764,
                        -0.8664789272816972,
                        -0.8442374044525923,
                        -0.683528429900073,
                        0.0,
                        0.0,
                        0.0
                    ],
                    [
                        -0.885507518547608,
                        -0.0,
                        -0.5155656091693503,
                        0.6188504023996653,
                        0.8746460047891509,
                        -0.643568757635762,
                        0.0,
                        0.0
                    ],
                    [
                        -0.734440618141494,
                        0.8890758287219833,
                        0.8292149098531105,
                        0.7459090121957987,
                        -0.0,
                        0.6321428956873795,
                        -0.0,
                        0.0
                    ]
                ]
            },
            "est_params": {
                "mui": [
                    -0.02770368127817805,
                    -0.032758497362095323,
                    -0.014155753202238549,
                    1.0000017180321095,
                    -0.6047256360888392,
                    -0.44284429199758796,
                    0.3946980037886415,
                    0.44484318907529674
                ],
                "Si": [
                    [
                        0.999178019234162,
                        0.007236612707765257,
                        0.8240557886369415,
                        -3.3443712440803204e-07,
                        -1.457948152464371,
                        -0.5255922702927994,
                        -2.2310108525683465,
                        -0.39435176616822265
                    ],
                    [
                        0.0072366127077652664,
                        1.0268358816870433,
                        -0.5594425288950958,
                        4.275490336914894e-06,
                        0.2864585390097316,
                        1.2657366593952755,
                        -0.31647200188924546,
                        1.2095581441748173
                    ],
                    [
                        0.8240557886369415,
                        -0.5594425288950958,
                        1.9988775136329355,
                        -3.6098125853138676e-07,
                        -2.0093606966054383,
                        -1.5774486733513111,
                        -2.4546628608331464,
                        -0.44675010760433226
                    ],
                    [
                        -3.3443712440803204e-07,
                        4.275490336914894e-06,
                        -3.609812585313869e-07,
