{
    "expt_args": {
        "save_dir": "all_expt_logs/expt_logs_sim_compsel_backwardbugfixed_cameraready_all",
        "exp_name": "327",
        "num_nodes": 8,
        "num_tgt_prior": 9,
        "obs_noise_mean": 0.0,
        "obs_noise_var": 1.0,
        "obs_noise_gamma_shape": null,
        "noise_type": "gaussian",
        "max_edge_strength": 1.0,
        "graph_sparsity_method": "adj_dense_prop",
        "adj_dense_prop": 0.8,
        "num_parents": null,
        "new_noise_mean": 1.0,
        "mix_samples": 262144,
        "stage2_samples": 262144,
        "gmm_tol": 0.001,
        "intv_type": "do",
        "new_noise_var": null,
        "dtype": "simulation",
        "cutoff_drop_ratio": 0.07,
        "intv_targets": [
            0,
            1,
            2,
            3,
            4,
            5,
            6,
            7
        ]
    },
    "intv_args_dict": {
        "0": {
            "intv_type": "do",
            "inode": 0,
            "new_mui": 1.0,
            "new_vari": null,
            "noise_type": "gaussian",
            "obs_noise_gamma_shape": null,
            "true_params": {
                "Si": [
                    [
                        1e-09,
                        -8.377250321639491e-10,
                        -7.775765292528363e-10,
                        -5.221887358043361e-10,
                        1.1493917613483577e-10,
                        1.2120829085891084e-09,
                        1.2286799529549809e-09,
                        7.544618715028615e-10
                    ],
                    [
                        -8.377250321639491e-10,
                        1.0000000007017833,
                        0.9282001849580027,
                        -0.006642707672508796,
                        1.3307528657380843,
                        -0.7636260687148198,
                        0.026625307039465335,
                        -2.107109942777675
                    ],
                    [
                        -7.775765292528363e-10,
                        0.9282001849580027,
                        1.8615555827514454,
                        -0.9571991159892147,
                        2.703290340877543,
                        0.18135023911896242,
                        -0.0970773316242946,
                        -1.135207623026677
                    ],
                    [
                        -5.221887358043361e-10,
                        -0.006642707672508796,
                        -0.9571991159892147,
                        1.9045085653194425,
                        -2.01706086569709,
                        -2.1726928621454706,
                        -0.45197420307605185,
                        -2.0006406206620655
                    ],
                    [
                        1.1493917613483577e-10,
                        1.3307528657380843,
                        2.703290340877543,
                        -2.01706086569709,
                        5.300749736558858,
                        1.8030533373374718,
                        1.3674479595438462,
                        -1.3233642754970607
                    ],
                    [
                        1.2120829085891084e-09,
                        -0.7636260687148198,
                        0.18135023911896242,
                        -2.1726928621454706,
                        1.8030533373374718,
                        4.63439352104428,
                        2.2865348213609735,
                        3.7470830821819217
                    ],
                    [
                        1.2286799529549809e-09,
                        0.026625307039465335,
                        -0.0970773316242946,
                        -0.45197420307605185,
                        1.3674479595438462,
                        2.2865348213609735,
                        3.410257868202579,
                        -0.8885354857100685
                    ],
                    [
                        7.544618715028615e-10,
                        -2.107109942777675,
                        -1.135207623026677,
                        -2.0006406206620655,
                        -1.3233642754970607,
                        3.7470830821819217,
                        -0.8885354857100685,
                        8.796519815504649
                    ]
                ],
                "mui": [
                    1.0,
                    -0.837725032163949,
                    -0.7775765292528362,
                    -0.5221887358043361,
                    0.11493917613483577,
                    1.2120829085891083,
                    1.2286799529549808,
                    0.7544618715028615
                ],
                "Ai": [
                    [
                        0.0,
                        0.0,
                        0.0,
                        0.0,
                        0.0,
                        0.0,
                        0.0,
                        0.0
                    ],
                    [
                        -0.837725032163949,
                        0.0,
                        0.0,
                        0.0,
                        0.0,
                        0.0,
                        0.0,
                        0.0
                    ],
                    [
                        -0.0,
                        0.9282001843066074,
                        0.0,
                        0.0,
                        0.0,
                        0.0,
                        0.0,
                        0.0
                    ],
                    [
                        -0.5277534986694077,
                        0.8761066258935319,
                        -0.9510333535032971,
                        0.0,
                        0.0,
                        0.0,
                        0.0,
                        0.0
                    ],
                    [
                        0.9067468890403744,
                        0.5042732301843705,
                        0.8860310086911178,
                        -0.6120229903585308,
                        0.0,
                        0.0,
                        0.0,
                        0.0
                    ],
                    [
                        -0.7628198064371592,
                        -0.7754205572042194,
                        -0.9940644844750028,
                        -0.9041905595170522,
                        0.697709602648378,
                        0.0,
                        0.0,
                        0.0
                    ],
                    [
                        0.5433101336755705,
                        0.7077917035958898,
                        -0.8495496761294774,
                        0.9111007267592465,
                        0.5718095540858206,
                        0.8479271250409159,
                        0.0,
                        0.0
                    ],
                    [
                        -0.6305827077467703,
                        -0.7899267876146568,
                        -0.6448753471379869,
                        -0.5640028702472837,
                        0.0,
                        0.9125071859910188,
                        -0.9593117439691679,
                        0.0
                    ]
                ]
            },
            "est_params": {
                "mui": [
                    1.000000322104864,
                    -0.8435412867655157,
                    -0.7814859617511224,
                    -0.5258307717997918,
                    0.10970261042034164,
                    1.2233779681138308,
                    1.2359488795271951,
                    0.7712999392641058
                ],
                "Si": [
                    [
                        1.0146528879729796e-06,
                        -6.850089561066047e-07,
                        -1.0803328281469236e-07,
                        -7.082616814700472e-07,
                        4.2600426152922754e-07,
                        1.2988210529967298e-06,
                        1.1072559031025668e-06,
                        2.0948544427024908e-06
                    ],
                    [
                        -6.850089561066049e-07,
                        1.000653394100536,
                        0.9334063201260975,
                        -0.020843272853529063,
                        1.3462311861201308,
                        -0.752030196878685,
                        0.031666850840294865,
                        -2.1077581406808905
                    ],
                    [
                        -1.0803328281469227e-07,
                        0.9334063201260974,
                        1.858615497298381,
                        -0.9544321218540162,
                        2.691307927036488,
                        0.16253001326444236,
                        -0.12396789026836767,
                        -1.1419558374787973
                    ],
                    [
                        -7.082616814700478e-07,
                        -0.020843272853529063,
                        -0.9544321218540162,
                        1.89719739680783,
                        -2.003037245980317,
                        -2.1492379304469105,
                        -0.4335815610700009,
                        -1.978637695748025
                    ],
                    [
                        4.2600426152922764e-07,
                        1.3462311861201308,
                        2.6913079270364877,
                        -2.003037245980317,
                        5.2825621919313805,
                        1.7739821110665397,
                        1.351085406029827,
                        -1.3650761828455757
                    ],
                    [
                        1.2988210529967302e-06,
                        -0.752030196878685,
                        0.16253001326444239,
                        -2.1492379304469105,
                        1.7739821110665397,
                        4.604759398631746,
                        2.270443246651321,
                        3.729690261569164
                    ],
                    [
                        1.1072559031025668e-06,
                        0.03166685084029487,
                        -0.12396789026836769,
                        -0.4335815610700009,
                        1.351085406029827,
                        2.270443246651321,
                        3.432709182514114,
                        -0.9271669157340814
                    ],
                    [
                        2.0948544427024908e-06,
                        -2.1077581406808905,
                        -1.1419558374787973,
                        -1.978637695748025,
                        -1.3650761828455757,
                        3.729690261569164,
                        -0.9271669157340814,
                        8.844238878950529
                    ]
                ]
            },
            "est_tgt": [
                0
            ],
            "oracle_est_tgt": [
                0
            ]
        },
        "1": {
            "intv_type": "do",
            "inode": 1,
            "new_mui": 1.0,
            "new_vari": null,
            "noise_type": "gaussian",
            "obs_noise_gamma_shape": null,
            "true_params": {
                "Si": [
                    [
                        1.0,
                        0.0,
                        0.0,
                        -0.5277534986694077,
                        1.2297441634682023,
                        0.5723742364643758,
                        1.250984640013259,
                        -1.010716872554074
                    ],
                    [
                        0.0,
                        1e-09,
                        9.282001843066075e-10,
                        -6.642708109959373e-12,
                        1.3307528658343717e-09,
                        -7.636260676994275e-10,
                        2.662530806876129e-11,
                        -2.107109942145643e-09
                    ],
                    [
                        0.0,
                        9.282001843066075e-10,
                        1.0000000008615555,
                        -0.9510333535094628,
                        1.4680852868681125,
                        0.8901480961325903,
                        -0.12179094650083272,
                        0.820612212258026
                    ],
                    [
                        -0.5277534986694077,
                        -6.642708109959373e-12,
                        -0.9510333535094628,
                        2.182988194833572,
                        -2.657222847530308,
                        -2.4798379124226506,
                        -1.1120088588334744,
                        -1.4812281709007495
                    ],
                    [
                        1.2297441634682023,
                        1.3307528658343717e-09,
                        1.4680852868681125,
                        -2.657222847530308,
                        5.042117255974265,
                        3.5231247908104386,
                        2.8704073140665027,
                        0.23775514080838378
                    ],
                    [
                        0.5723742364643758,
                        -7.636260676994275e-10,
                        0.8901480961325903,
                        -2.4798379124226506,
                        3.5231247908104386,
                        4.378881015456346,
                        3.022897977309465,
                        1.5595307053356497
                    ],
                    [
                        1.250984640013259,
                        2.662530806876129e-11,
                        -0.12179094650083272,
                        -1.1120088588334744,
                        2.8704073140665027,
                        3.022897977309465,
                        4.97451152921298,
                        -2.096824318316171
                    ],
                    [
                        -1.010716872554074,
                        -2.107109942145643e-09,
                        0.820612212258026,
                        -1.4812281709007495,
                        0.23775514080838378,
                        1.5595307053356497,
                        -2.096824318316171,
                        5.378156107551819
                    ]
                ],
                "mui": [
                    0.0,
                    1.0,
                    0.9282001843066074,
                    -0.006642708109959372,
                    1.3307528658343717,
                    -0.7636260676994275,
                    0.02662530806876129,
                    -2.107109942145643
                ],
                "Ai": [
                    [
                        0.0,
                        0.0,
                        0.0,
                        0.0,
                        0.0,
                        0.0,
                        0.0,
                        0.0
                    ],
                    [
                        0.0,
                        0.0,
                        0.0,
                        0.0,
                        0.0,
                        0.0,
                        0.0,
                        0.0
                    ],
                    [
                        -0.0,
                        0.9282001843066074,
                        0.0,
                        0.0,
                        0.0,
                        0.0,
                        0.0,
                        0.0
                    ],
                    [
                        -0.5277534986694077,
                        0.8761066258935319,
                        -0.9510333535032971,
                        0.0,
                        0.0,
                        0.0,
                        0.0,
                        0.0
                    ],
                    [
                        0.9067468890403744,
                        0.5042732301843705,
                        0.8860310086911178,
                        -0.6120229903585308,
                        0.0,
                        0.0,
                        0.0,
                        0.0
                    ],
                    [
                        -0.7628198064371592,
                        -0.7754205572042194,
                        -0.9940644844750028,
                        -0.9041905595170522,
                        0.697709602648378,
                        0.0,
                        0.0,
                        0.0
                    ],
                    [
                        0.5433101336755705,
                        0.7077917035958898,
                        -0.8495496761294774,
                        0.9111007267592465,
                        0.5718095540858206,
                        0.8479271250409159,
                        0.0,
                        0.0
                    ],
                    [
                        -0.6305827077467703,
                        -0.7899267876146568,
                        -0.6448753471379869,
                        -0.5640028702472837,
                        0.0,
                        0.9125071859910188,
                        -0.9593117439691679,
                        0.0
                    ]
                ]
            },
            "est_params": {
                "mui": [
                    -0.004791372209814212,
                    0.9999998988918215,
                    0.9279312940484327,
                    0.0029750566804343332,
                    1.3161254756706442,
                    -0.7676737573576167,
                    0.02494981271583347,
                    -2.0993205450576133
                ],
                "Si": [
                    [
                        0.9993091898581951,
                        -8.249448165454897e-07,
                        -0.002356687421031151,
                        -0.5245050068317485,
                        1.2255792480921202,
                        0.5749911810616795,
                        1.2523249842109443,
                        -1.0017357295116667
                    ],
                    [
                        -8.249448165454897e-07,
                        1.0159406107539159e-06,
                        -2.1043435131723048e-07,
                        -7.247901478805917e-07,
                        -1.0976717598342184e-06,
                        5.615132928709688e-07,
                        -1.2068995241979736e-06,
                        1.5728312868119325e-06
                    ],
                    [
                        -0.00235668742103115,
                        -2.1043435131723043e-07,
                        0.9880816172852349,
                        -0.919992475385687,
                        1.4467742682989322,
                        0.8682526438695229,
                        -0.12349207558077178,
                        0.787451432260045
                    ],
                    [
                        -0.5245050068317485,
                        -7.247901478805917e-07,
                        -0.919992475385687,
                        2.131194090733064,
                        -2.6190855739242322,
                        -2.4490111858437613,
                        -1.1249681226226882,
                        -1.4322172856819322
                    ],
                    [
                        1.2255792480921202,
                        -1.0976717598342186e-06,
                        1.4467742682989322,
                        -2.6190855739242322,
                        5.037668684736284,
                        3.518261499342671,
                        2.8990978238473937,
                        0.19923573086466365
                    ],
                    [
                        0.5749911810616795,
                        5.615132928709682e-07,
                        0.8682526438695229,
                        -2.4490111858437618,
                        3.518261499342671,
                        4.37177874171428,
                        3.04616370366919,
                        1.5321402601776462
                    ],
                    [
                        1.2523249842109443,
                        -1.2068995241979734e-06,
                        -0.1234920755807718,
                        -1.1249681226226884,
                        2.8990978238473937,
                        3.04616370366919,
                        4.9982131932864435,
                        -2.074881045487886
                    ],
                    [
                        -1.0017357295116667,
                        1.572831286811932e-06,
                        0.7874514322600451,
                        -1.4322172856819322,
                        0.19923573086466365,
                        1.5321402601776462,
                        -2.0748810454878854,
                        5.304064155498345
                    ]
                ]
            },
            "est_tgt": [
                1,
                4
            ],
            "oracle_est_tgt": [
                1
            ]
        },
        "2": {
            "intv_type": "do",
            "inode": 2,
            "new_mui": 1.0,
            "new_vari": null,
            "noise_type": "gaussian",
            "obs_noise_gamma_shape": null,
            "true_params": {
                "Si": [
                    [
                        1.0,
                        -0.837725032163949,
                        0.0,
                        -1.2616899500251155,
                        1.2564878371844306,
                        1.9042411762520526,
                        1.1339781714612287,
                        1.3925506688937488
                    ],
                    [
                        -0.837725032163949,
                        1.7017832295140893,
                        0.0,
                        1.933055879859253,
                        -1.0845154806868493,
                        -3.185092195871447,
                        -0.8102902130799245,
                        -4.035376904512133
                    ],
                    [
                        0.0,
                        0.0,
                        1e-09,
                        -9.510333535032973e-10,
                        1.4680852856329076e-09,
                        8.901480968413883e-10,
                        -1.2179094652554635e-10,
                        8.20612214213846e-10
                    ],
                    [
                        -1.2616899500251155,
                        1.933055879859253,
                        -9.510333535032973e-10,
                        3.3594243508333923,
                        -2.2252900423782265,
                        -5.126655197740458,
                        -1.8759861624487189,
                        -5.504551882944141
                    ],
                    [
                        1.2564878371844306,
                        -1.0845154806868493,
                        1.4680852856329076e-09,
                        -2.2252900423782265,
                        2.9543529803052913,
                        3.9558484805973047,
                        2.9311866285536445,
                        2.1172567059417657
                    ],
                    [
                        1.9042411762520526,
                        -3.185092195871447,
                        8.901480968413883e-10,
                        -5.126655197740458,
                        3.9558484805973047,
                        9.412699782137008,
                        4.352587840194683,
                        8.62032389415703
                    ],
                    [
                        1.1339781714612287,
                        -0.8102902130799245,
                        -1.2179094652554635e-10,
                        -1.8759861624487189,
                        2.9311866285536445,
                        4.352587840194683,
                        4.700130598544919,
                        0.44594169987367316
                    ],
                    [
                        1.3925506688937488,
                        -4.035376904512133,
                        8.20612214213846e-10,
                        -5.504551882944141,
                        2.1172567059417657,
                        8.62032389415703,
                        0.44594169987367316,
                        13.85242739358043
                    ]
                ],
                "mui": [
                    0.0,
                    0.0,
                    1.0,
                    -0.9510333535032971,
                    1.4680852856329074,
                    0.8901480968413882,
                    -0.12179094652554634,
                    0.8206122142138459
                ],
                "Ai": [
                    [
                        0.0,
                        0.0,
                        0.0,
                        0.0,
                        0.0,
                        0.0,
                        0.0,
                        0.0
                    ],
                    [
                        -0.837725032163949,
                        0.0,
                        0.0,
                        0.0,
                        0.0,
                        0.0,
                        0.0,
                        0.0
                    ],
                    [
                        0.0,
                        0.0,
                        0.0,
                        0.0,
                        0.0,
                        0.0,
                        0.0,
                        0.0
                    ],
                    [
                        -0.5277534986694077,
                        0.8761066258935319,
                        -0.9510333535032971,
                        0.0,
                        0.0,
                        0.0,
                        0.0,
                        0.0
                    ],
                    [
                        0.9067468890403744,
                        0.5042732301843705,
                        0.8860310086911178,
                        -0.6120229903585308,
                        0.0,
                        0.0,
                        0.0,
                        0.0
                    ],
                    [
                        -0.7628198064371592,
                        -0.7754205572042194,
                        -0.9940644844750028,
                        -0.9041905595170522,
                        0.697709602648378,
                        0.0,
                        0.0,
                        0.0
                    ],
                    [
                        0.5433101336755705,
                        0.7077917035958898,
                        -0.8495496761294774,
                        0.9111007267592465,
                        0.5718095540858206,
                        0.8479271250409159,
                        0.0,
                        0.0
                    ],
                    [
                        -0.6305827077467703,
                        -0.7899267876146568,
                        -0.6448753471379869,
                        -0.5640028702472837,
                        0.0,
                        0.9125071859910188,
                        -0.9593117439691679,
                        0.0
                    ]
                ]
            },
            "est_params": {
                "mui": [
                    0.003669714441645658,
                    -0.0010497191122341993,
                    1.0000004793274366,
                    -0.94503643969149,
                    1.4640224749275907,
                    0.884655951014116,
                    -0.13284976955802072,
                    0.8294765670521953
                ],
                "Si": [
                    [
                        1.0081574459020752,
                        -0.8525643674135144,
                        2.4059605001835593e-07,
                        -1.2744781046630946,
                        1.2647889457570392,
                        1.9239092312090784,
                        1.1334213324224065,
                        1.4273812806116564
                    ],
                    [
                        -0.8525643674135144,
                        1.7115791518697139,
                        2.8833336874037893e-07,
                        1.939859014936226,
                        -1.104280820956154,
                        -3.1966857813054648,
                        -0.8218516470291393,
                        -4.038962607517231
                    ],
                    [
                        2.4059605001835567e-07,
                        2.8833336874037893e-07,
                        1.015061326002863e-06,
                        -4.4415570371282783e-07,
                        2.918694134557197e-07,
                        2.633257428472387e-07,
                        1.0210929374465654e-07,
                        -1.1156510927039011e-06
                    ],
                    [
                        -1.2744781046630946,
                        1.939859014936226,
                        -4.4415570371282783e-07,
                        3.373601136618593,
                        -2.245957226434201,
                        -5.1443352849762585,
                        -1.8793439963150023,
                        -5.509457241001737
                    ],
                    [
                        1.2647889457570392,
                        -1.104280820956154,
                        2.918694134557197e-07,
                        -2.245957226434201,
                        2.9520007981738527,
                        3.9892463020006135,
                        2.917382448843618,
                        2.168450380709636
                    ],
                    [
                        1.9239092312090784,
                        -3.1966857813054648,
                        2.633257428472382e-07,
                        -5.1443352849762585,
                        3.9892463020006135,
                        9.438325983600972,
                        4.366579566888488,
                        8.6120482352598
                    ],
                    [
                        1.1334213324224065,
                        -0.8218516470291393,
                        1.0210929374465645e-07,
                        -1.8793439963150023,
                        2.917382448843618,
                        4.366579566888487,
                        4.689023695906408,
                        0.4615369885755789
                    ],
                    [
                        1.4273812806116564,
                        -4.038962607517231,
                        -1.1156510927039013e-06,
                        -5.509457241001737,
                        2.168450380709636,
                        8.6120482352598,
                        0.46153698857557873,
                        13.814097891966796
                    ]
                ]
            },
            "est_tgt": [
                2
            ],
            "oracle_est_tgt": [
                2
            ]
        },
        "3": {
            "intv_type": "do",
            "inode": 3,
            "new_mui": 1.0,
            "new_vari": null,
            "noise_type": "gaussian",
            "obs_noise_gamma_shape": null,
            "true_params": {
                "Si": [
                    [
                        1.0,
                        -0.837725032163949,
                        -0.7775765292528362,
                        0.0,
                        -0.2046523354836748,
                        0.516942716807538,
                        0.9322727855858717,
                        0.10997238208037874
                    ],
                    [
                        -0.837725032163949,
                        1.7017832295140893,
                        1.5795955072848713,
                        0.0,
                        1.4981297600783243,
                        -1.2055247271959537,
                        -0.7581335056930298,
                        -2.2074350426236347
                    ],
                    [
                        -0.7775765292528362,
                        1.5795955072848713,
                        2.466180840991707,
                        0.0,
                        2.276595328111032,
                        -1.4948404154364383,
                        -1.3653205241539543,
                        -2.4021023253355946
                    ],
                    [
                        0.0,
                        0.0,
                        0.0,
                        1e-09,
                        -6.120229903585309e-10,
                        -1.3312048769317749e-09,
                        -5.676245905851416e-10,
                        -1.234207950559801e-09
                    ],
                    [
                        -0.2046523354836748,
                        1.4981297600783243,
                        2.276595328111032,
                        -6.120229903585309e-10,
                        3.5870329201376396,
                        -0.7659430056312122,
                        0.41672914695765306,
                        -3.6211844685444996
                    ],
                    [
                        0.516942716807538,
                        -1.2055247271959537,
                        -1.4948404154364383,
                        -1.3312048769317749e-09,
                        -0.7659430056312122,
                        2.492016490548153,
                        2.372615855648651,
                        1.5881915705828373
                    ],
                    [
                        0.9322727855858717,
                        -0.7581335056930298,
                        -1.3653205241539543,
                        -5.676245905851416e-10,
                        0.41672914695765306,
                        2.372615855648651,
                        4.379915303804993,
                        -1.1452187561244804
                    ],
                    [
                        0.10997238208037874,
                        -2.2074350426236347,
                        -2.4021023253355946,
                        -1.234207950559801e-09,
                        -3.6211844685444996,
                        1.5881915705828373,
                        -1.1452187561244804,
                        6.771279984277135
                    ]
                ],
                "mui": [
                    0.0,
                    0.0,
                    0.0,
                    1.0,
                    -0.6120229903585308,
                    -1.3312048769317748,
                    -0.5676245905851416,
                    -1.234207950559801
                ],
                "Ai": [
                    [
                        0.0,
                        0.0,
                        0.0,
                        0.0,
                        0.0,
                        0.0,
                        0.0,
                        0.0
                    ],
                    [
                        -0.837725032163949,
                        0.0,
                        0.0,
                        0.0,
                        0.0,
                        0.0,
                        0.0,
                        0.0
                    ],
                    [
                        -0.0,
                        0.9282001843066074,
                        0.0,
                        0.0,
                        0.0,
                        0.0,
                        0.0,
                        0.0
                    ],
                    [
                        0.0,
                        0.0,
                        0.0,
                        0.0,
                        0.0,
                        0.0,
                        0.0,
                        0.0
                    ],
                    [
                        0.9067468890403744,
                        0.5042732301843705,
                        0.8860310086911178,
                        -0.6120229903585308,
                        0.0,
                        0.0,
                        0.0,
                        0.0
                    ],
                    [
                        -0.7628198064371592,
                        -0.7754205572042194,
                        -0.9940644844750028,
                        -0.9041905595170522,
                        0.697709602648378,
                        0.0,
                        0.0,
                        0.0
                    ],
                    [
                        0.5433101336755705,
                        0.7077917035958898,
                        -0.8495496761294774,
                        0.9111007267592465,
                        0.5718095540858206,
                        0.8479271250409159,
                        0.0,
                        0.0
                    ],
                    [
                        -0.6305827077467703,
                        -0.7899267876146568,
                        -0.6448753471379869,
                        -0.5640028702472837,
                        0.0,
                        0.9125071859910188,
                        -0.9593117439691679,
                        0.0
                    ]
                ]
            },
            "oracle_est_tgt": [
                3,
                4,
                5
            ]
        },
        "4": {
            "intv_type": "do",
            "inode": 4,
            "new_mui": 1.0,
            "new_vari": null,
            "noise_type": "gaussian",
            "obs_noise_gamma_shape": null,
            "true_params": {
                "Si": [
                    [
                        1.0,
                        -0.837725032163949,
                        -0.7775765292528362,
                        -0.5221887358043361,
                        0.0,
                        1.1318887416793402,
                        1.0949578245094775,
                        0.8095653261694598
                    ],
                    [
                        -0.837725032163949,
                        1.7017832295140893,
                        1.5795955072848713,
                        0.43080786738738,
                        0.0,
                        -2.6403166534732545,
                        -2.4388680477761002,
                        -2.14732147477023
                    ],
                    [
                        -0.7775765292528362,
                        1.5795955072848713,
                        2.466180840991707,
                        -0.5511574115935944,
                        0.0,
                        -2.5848915088331577,
                        -4.093543291588242,
                        -0.468711278096841
                    ],
                    [
                        -0.5221887358043361,
                        0.43080786738738,
                        -0.5511574115935944,
                        2.177189640847692,
                        0.0,
                        -1.3564296775199964,
                        1.3229329503319223,
                        -3.3903938109334
                    ],
                    [
                        0.0,
                        0.0,
                        0.0,
