{
    "expt_args": {
        "save_dir": "all_expt_logs/expt_logs_sim_compsel_backwardbugfixed_cameraready_all",
        "exp_name": "261",
        "num_nodes": 8,
        "num_tgt_prior": 9,
        "obs_noise_mean": 0.0,
        "obs_noise_var": 1.0,
        "obs_noise_gamma_shape": null,
        "noise_type": "gaussian",
        "max_edge_strength": 1.0,
        "graph_sparsity_method": "adj_dense_prop",
        "adj_dense_prop": 0.8,
        "num_parents": null,
        "new_noise_mean": 1.0,
        "mix_samples": 262144,
        "stage2_samples": 262144,
        "gmm_tol": 0.001,
        "intv_type": "do",
        "new_noise_var": null,
        "dtype": "simulation",
        "cutoff_drop_ratio": 0.07,
        "intv_targets": [
            0,
            1,
            2,
            3,
            4,
            5,
            6,
            7
        ]
    },
    "intv_args_dict": {
        "0": {
            "intv_type": "do",
            "inode": 0,
            "new_mui": 1.0,
            "new_vari": null,
            "noise_type": "gaussian",
            "obs_noise_gamma_shape": null,
            "true_params": {
                "Si": [
                    [
                        1e-09,
                        9.092832772604467e-10,
                        1.4276411614713817e-09,
                        7.12785365100485e-10,
                        8.915696436325192e-10,
                        2.2728471605034414e-09,
                        -4.6968742393898745e-09,
                        3.4571827512106933e-09
                    ],
                    [
                        9.092832772604467e-10,
                        1.0000000008267962,
                        0.933750372724117,
                        0.3319927760495716,
                        0.19437948546716138,
                        1.8696141886813287,
                        -2.9982687487546373,
                        0.684768473615481
                    ],
                    [
                        1.4276411614713817e-09,
                        0.933750372724117,
                        1.8718897581763274,
                        -0.36720733998619426,
                        0.48458295227477133,
                        2.2206958307327582,
                        -4.6342586567004815,
                        1.4504890144005476
                    ],
                    [
                        7.12785365100485e-10,
                        0.3319927760495716,
                        -0.36720733998619426,
                        1.5688267883868563,
                        0.5313102365423237,
                        1.7176963201411564,
                        -0.952321202730429,
                        0.7248859657616078
                    ],
                    [
                        8.915696436325192e-10,
                        0.19437948546716138,
                        0.48458295227477133,
                        0.5313102365423237,
                        1.5812602569445935,
                        2.4285354293906773,
                        -3.5749933830675733,
                        2.4075380540712157
                    ],
                    [
                        2.2728471605034414e-09,
                        1.8696141886813287,
                        2.2206958307327582,
                        1.7176963201411564,
                        2.4285354293906773,
                        7.6702147941954815,
                        -10.543103592663595,
                        4.291996530502853
                    ],
                    [
                        -4.6968742393898745e-09,
                        -2.9982687487546373,
                        -4.6342586567004815,
                        -0.952321202730429,
                        -3.5749933830675733,
                        -10.543103592663595,
                        18.070738271344112,
                        -7.561399341736969
                    ],
                    [
                        3.4571827512106933e-09,
                        0.684768473615481,
                        1.4504890144005476,
                        0.7248859657616078,
                        2.4075380540712157,
                        4.291996530502853,
                        -7.561399341736969,
                        5.510447697526957
                    ]
                ],
                "mui": [
                    1.0,
                    0.9092832772604467,
                    1.4276411614713815,
                    0.712785365100485,
                    0.8915696436325191,
                    2.2728471605034413,
                    -4.696874239389874,
                    3.457182751210693
                ],
                "Ai": [
                    [
                        0.0,
                        0.0,
                        0.0,
                        0.0,
                        0.0,
                        0.0,
                        0.0,
                        0.0
                    ],
                    [
                        0.9092832772604467,
                        0.0,
                        0.0,
                        0.0,
                        0.0,
                        0.0,
                        0.0,
                        0.0
                    ],
                    [
                        0.5785975635980009,
                        0.9337503714259867,
                        0.0,
                        0.0,
                        0.0,
                        0.0,
                        0.0,
                        0.0
                    ],
                    [
                        0.8027394649460875,
                        0.9643338664384932,
                        -0.677205718345642,
                        0.0,
                        0.0,
                        0.0,
                        0.0,
                        0.0
                    ],
                    [
                        -0.0,
                        -0.7366798415684803,
                        0.7581807911840204,
                        0.6720258613430414,
                        0.0,
                        0.0,
                        0.0,
                        0.0
                    ],
                    [
                        -0.8407544071140267,
                        0.7710727056203563,
                        0.7018681151772995,
                        0.7682337381210551,
                        0.9678172427099699,
                        0.0,
                        0.0,
                        0.0
                    ],
                    [
                        -0.608039988390418,
                        -0.7226768332490645,
                        -0.8584637523657619,
                        0.5008069113343283,
                        -0.8684596674269729,
                        -0.7870364955384793,
                        0.0,
                        0.0
                    ],
                    [
                        0.9712815310948406,
                        -0.5142775266494548,
                        -0.0,
                        0.6229855397137339,
                        0.8401448726789928,
                        -0.704173118932153,
                        -0.7155610811419488,
                        0.0
                    ]
                ]
            },
            "est_params": {
                "mui": [
                    0.9999994096226158,
                    0.9080124897762958,
                    1.420026760126823,
                    0.7147222589385729,
                    0.8967433254813014,
                    2.2664426041485695,
                    -4.682409001058763,
                    3.4574233857218033
                ],
                "Si": [
                    [
                        1.0129572854686636e-06,
                        -7.885200057087171e-07,
                        -9.14463544005175e-07,
                        -5.4685793876254e-07,
                        -1.5890447237908656e-06,
                        -3.0241069284591182e-06,
                        4.953029817801044e-06,
                        -3.1778581601636374e-06
                    ],
                    [
                        -7.885200057087172e-07,
                        0.9915141948244289,
                        0.9218082687334656,
                        0.32988992035257364,
                        0.19742286494637365,
                        1.860888914895888,
                        -2.981198183423941,
                        0.6880741188902016
                    ],
                    [
                        -9.14463544005175e-07,
                        0.9218082687334656,
                        1.8578899612410162,
                        -0.36532424480814524,
                        0.4909948880188443,
                        2.2112668879551673,
                        -4.6136947519990965,
                        1.4592232706476647
                    ],
                    [
                        -5.468579387625401e-07,
                        0.3298899203525736,
                        -0.36532424480814524,
                        1.5720035118560323,
                        0.5434298600311703,
                        1.734855730078605,
                        -0.9731685552065656,
                        0.7391451501490551
                    ],
                    [
                        -1.5890447237908656e-06,
                        0.19742286494637365,
                        0.4909948880188442,
                        0.5434298600311703,
                        1.5978277552807518,
                        2.4536661963626343,
                        -3.6077886518386784,
                        2.4321793112643495
                    ],
                    [
                        -3.0241069284591182e-06,
                        1.860888914895888,
                        2.2112668879551673,
                        1.734855730078605,
                        2.4536661963626334,
                        7.704248202472811,
                        -10.569120867550575,
                        4.339242692645301
                    ],
                    [
                        4.953029817801044e-06,
                        -2.9811981834239405,
                        -4.6136947519990965,
                        -0.9731685552065656,
                        -3.6077886518386784,
                        -10.569120867550575,
                        18.073577591410555,
                        -7.606998416561379
                    ],
                    [
                        -3.1778581601636374e-06,
                        0.6880741188902016,
                        1.4592232706476649,
                        0.7391451501490551,
                        2.4321793112643495,
                        4.339242692645302,
                        -7.606998416561379,
                        5.526975630050464
                    ]
                ]
            },
            "est_tgt": [
                0,
                1,
                3,
                4,
                5,
                6
            ],
            "oracle_est_tgt": [
                0
            ]
        },
        "1": {
            "intv_type": "do",
            "inode": 1,
            "new_mui": 1.0,
            "new_vari": null,
            "noise_type": "gaussian",
            "obs_noise_gamma_shape": null,
            "true_params": {
                "Si": [
                    [
                        1.0,
                        0.0,
                        0.5785975635980009,
                        0.410909886256665,
                        0.7148236287918853,
                        0.5728382456858327,
                        -1.9705986092980357,
                        2.8345342322153595
                    ],
                    [
                        0.0,
                        1e-09,
                        9.337503714259868e-10,
                        3.3199277540144783e-10,
                        1.94379484656472e-10,
                        1.869614186614667e-09,
                        -2.9982687444838483e-09,
                        6.847684704719226e-10
                    ],
                    [
                        0.5785975635980009,
                        9.337503714259868e-10,
                        1.3347751414734323,
                        -0.4394542589892056,
                        0.7166762452091258,
                        0.8063857013485378,
                        -2.974807653167397,
                        2.4511407971553085
                    ],
                    [
                        0.410909886256665,
                        3.3199277540144783e-10,
                        -0.4394542589892056,
                        1.6274545196937216,
                        0.7605057473796034,
                        1.3323828147759122,
                        -0.7666560889015603,
                        1.6622859174555753
                    ],
                    [
                        0.7148236287918853,
                        1.94379484656472e-10,
                        0.7166762452091258,
                        0.7605057473796034,
                        2.0544496924113638,
                        2.4745990991190268,
                        -4.400821894839072,
                        4.300625154529673
                    ],
                    [
                        0.5728382456858327,
                        1.869614186614667e-09,
                        0.8063857013485378,
                        1.3323828147759122,
                        2.4745990991190268,
                        4.502901241454705,
                        -6.066332057924802,
                        4.635473293903411
                    ],
                    [
                        -1.9705986092980357,
                        -2.9982687444838483e-09,
                        -2.974807653167397,
                        -0.7666560889015603,
                        -4.400821894839072,
                        -6.066332057924802,
                        12.964381673091703,
                        -11.094008641339425
                    ],
                    [
                        2.8345342322153595,
                        6.847684704719226e-10,
                        2.4511407971553085,
                        1.6622859174555753,
                        4.300625154529673,
                        4.635473293903411,
                        -11.094008641339425,
                        13.076124141492015
                    ]
                ],
                "mui": [
                    0.0,
                    1.0,
                    0.9337503714259867,
                    0.3319927754014478,
                    0.194379484656472,
                    1.8696141866146667,
                    -2.9982687444838483,
                    0.6847684704719226
                ],
                "Ai": [
                    [
                        0.0,
                        0.0,
                        0.0,
                        0.0,
                        0.0,
                        0.0,
                        0.0,
                        0.0
                    ],
                    [
                        0.0,
                        0.0,
                        0.0,
                        0.0,
                        0.0,
                        0.0,
                        0.0,
                        0.0
                    ],
                    [
                        0.5785975635980009,
                        0.9337503714259867,
                        0.0,
                        0.0,
                        0.0,
                        0.0,
                        0.0,
                        0.0
                    ],
                    [
                        0.8027394649460875,
                        0.9643338664384932,
                        -0.677205718345642,
                        0.0,
                        0.0,
                        0.0,
                        0.0,
                        0.0
                    ],
                    [
                        -0.0,
                        -0.7366798415684803,
                        0.7581807911840204,
                        0.6720258613430414,
                        0.0,
                        0.0,
                        0.0,
                        0.0
                    ],
                    [
                        -0.8407544071140267,
                        0.7710727056203563,
                        0.7018681151772995,
                        0.7682337381210551,
                        0.9678172427099699,
                        0.0,
                        0.0,
                        0.0
                    ],
                    [
                        -0.608039988390418,
                        -0.7226768332490645,
                        -0.8584637523657619,
                        0.5008069113343283,
                        -0.8684596674269729,
                        -0.7870364955384793,
                        0.0,
                        0.0
                    ],
                    [
                        0.9712815310948406,
                        -0.5142775266494548,
                        -0.0,
                        0.6229855397137339,
                        0.8401448726789928,
                        -0.704173118932153,
                        -0.7155610811419488,
                        0.0
                    ]
                ]
            },
            "est_params": {
                "mui": [
                    0.0012550137148007031,
                    0.9999996540554578,
                    0.9424488256045063,
                    0.32717983375785686,
                    0.20686420056782695,
                    1.888553662613239,
                    -3.0445811531082327,
                    0.7185703133611505
                ],
                "Si": [
                    [
                        0.9981143909023512,
                        -1.4975369360958103e-07,
                        0.5747301002091875,
                        0.41073883075430534,
                        0.7035938315547052,
                        0.5587878005203569,
                        -1.9398294574211266,
                        2.8164445654687627
                    ],
                    [
                        -1.4975369360958103e-07,
                        1.0127024174661106e-06,
                        1.0788560859130755e-06,
                        -7.916181312214508e-07,
                        -7.585500288746022e-08,
                        3.91830760037775e-07,
                        -1.931280422200537e-06,
                        4.208559819730463e-08
                    ],
                    [
                        0.5747301002091875,
                        1.0788560859130755e-06,
                        1.3389076560907327,
                        -0.4318342031194105,
                        0.7229989582884676,
                        0.8229357951385298,
                        -2.98370213796505,
                        2.4639525798332986
                    ],
                    [
                        0.4107388307543053,
                        -7.916181312214506e-07,
                        -0.43183420311941045,
                        1.6015025796283757,
                        0.7486248261684798,
                        1.3055349253533928,
                        -0.7496071980308928,
                        1.637328335914193
                    ],
                    [
                        0.703593831554705,
                        -7.585500288746021e-08,
                        0.7229989582884676,
                        0.7486248261684798,
                        2.0514463613094733,
                        2.4619587726956556,
                        -4.394456244830912,
                        4.29725329726458
                    ],
                    [
                        0.558787800520357,
                        3.9183076003777517e-07,
                        0.8229357951385297,
                        1.3055349253533928,
                        2.4619587726956556,
                        4.47951177109267,
                        -6.060744645091497,
                        4.62846934412276
                    ],
                    [
                        -1.9398294574211261,
                        -1.9312804222005367e-06,
                        -2.98370213796505,
                        -0.7496071980308927,
                        -4.394456244830911,
                        -6.060744645091497,
                        12.949370962426151,
                        -11.077689553029755
                    ],
                    [
                        2.8164445654687627,
                        4.2085598197304256e-08,
                        2.4639525798332986,
                        1.637328335914193,
                        4.29725329726458,
                        4.62846934412276,
                        -11.077689553029755,
                        13.055203437131812
                    ]
                ]
            },
            "est_tgt": [
                0,
                1,
                3,
                4,
                5,
                6
            ],
            "oracle_est_tgt": [
                1
            ]
        },
        "2": {
            "intv_type": "do",
            "inode": 2,
            "new_mui": 1.0,
            "new_vari": null,
            "noise_type": "gaussian",
            "obs_noise_gamma_shape": null,
            "true_params": {
                "Si": [
                    [
                        1.0,
                        0.9092832772604467,
                        0.0,
                        1.6795921233945186,
                        0.4588786827960949,
                        1.5947991466546816,
                        -2.0776893638299354,
                        2.299242712555441
                    ],
                    [
                        0.9092832772604467,
                        1.8267960783054984,
                        0.0,
                        2.4915588968594937,
                        0.32862816820490365,
                        2.8762602847559107,
                        -3.1743960071040673,
                        2.0180793827552126
                    ],
                    [
                        0.0,
                        0.0,
                        1e-09,
                        -6.77205718345642e-10,
                        3.030810350063572e-10,
                        4.74942886313209e-10,
                        -1.83462409619831e-09,
                        8.110861958209688e-10
                    ],
                    [
                        1.6795921233945186,
                        2.4915588968594937,
                        -6.77205718345642e-10,
                        4.750969507387729,
                        1.35729316150633,
                        5.472515368918441,
                        -5.928356388602341,
                        4.83861514641999
                    ],
                    [
                        0.4588786827960949,
                        0.32862816820490365,
                        3.030810350063572e-10,
                        1.35729316150633,
                        1.6700423592979732,
                        2.5266061266968136,
                        -3.275662420652088,
                        3.0901142728015976
                    ],
                    [
                        1.5947991466546816,
                        2.8762602847559107,
                        4.74942886313209e-10,
                        5.472515368918441,
                        2.5266061266968136,
                        8.526435302899818,
                        -9.212506086814361,
                        6.189840329919683
                    ],
                    [
                        -2.0776893638299354,
                        -3.1743960071040673,
                        -1.83462409619831e-09,
                        -5.928356388602341,
                        -3.275662420652088,
                        -9.212506086814361,
                        11.683778022000208,
                        -8.704069759919218
                    ],
                    [
                        2.299242712555441,
                        2.0180793827552126,
                        8.110861958209688e-10,
                        4.83861514641999,
                        3.0901142728015976,
                        6.189840329919683,
                        -8.704069759919218,
                        9.675464436341006
                    ]
                ],
                "mui": [
                    0.0,
                    0.0,
                    1.0,
                    -0.677205718345642,
                    0.3030810350063572,
                    0.474942886313209,
                    -1.83462409619831,
                    0.8110861958209687
                ],
                "Ai": [
                    [
                        0.0,
                        0.0,
                        0.0,
                        0.0,
                        0.0,
                        0.0,
                        0.0,
                        0.0
                    ],
                    [
                        0.9092832772604467,
                        0.0,
                        0.0,
                        0.0,
                        0.0,
                        0.0,
                        0.0,
                        0.0
                    ],
                    [
                        0.0,
                        0.0,
                        0.0,
                        0.0,
                        0.0,
                        0.0,
                        0.0,
                        0.0
                    ],
                    [
                        0.8027394649460875,
                        0.9643338664384932,
                        -0.677205718345642,
                        0.0,
                        0.0,
                        0.0,
                        0.0,
                        0.0
                    ],
                    [
                        -0.0,
                        -0.7366798415684803,
                        0.7581807911840204,
                        0.6720258613430414,
                        0.0,
                        0.0,
                        0.0,
                        0.0
                    ],
                    [
                        -0.8407544071140267,
                        0.7710727056203563,
                        0.7018681151772995,
                        0.7682337381210551,
                        0.9678172427099699,
                        0.0,
                        0.0,
                        0.0
                    ],
                    [
                        -0.608039988390418,
                        -0.7226768332490645,
                        -0.8584637523657619,
                        0.5008069113343283,
                        -0.8684596674269729,
                        -0.7870364955384793,
                        0.0,
                        0.0
                    ],
                    [
                        0.9712815310948406,
                        -0.5142775266494548,
                        -0.0,
                        0.6229855397137339,
                        0.8401448726789928,
                        -0.704173118932153,
                        -0.7155610811419488,
                        0.0
                    ]
                ]
            },
            "est_params": {
                "mui": [
                    0.0027776942462861315,
                    0.012614499388626672,
                    1.000000857718398,
                    -0.6645989407759231,
                    0.2907764679475778,
                    0.4828187292195234,
                    -1.8467609051183833,
                    0.805680943804842
                ],
                "Si": [
                    [
                        1.0040308244766023,
                        0.9218123800840791,
                        -5.284225458332545e-07,
                        1.7026089752951976,
                        0.47007617813066827,
                        1.6258726202254534,
                        -2.1107176704453763,
                        2.3189956830756637
                    ],
                    [
                        0.9218123800840791,
                        1.8405032264046444,
                        -1.9433706614422428e-07,
                        2.5252067867141355,
                        0.3427457227575465,
                        2.92056583344787,
                        -3.229497560938258,
                        2.058159431482601
                    ],
                    [
                        -5.284225458332545e-07,
                        -1.9433706614422428e-07,
                        1.009554512931398e-06,
                        -8.30223771037782e-07,
                        -9.380390395283914e-07,
                        -1.469393951629213e-06,
                        2.934337015692519e-06,
                        -2.9071041094850027e-06
                    ],
                    [
                        1.7026089752951976,
                        2.5252067867141355,
                        -8.302237710377823e-07,
                        4.813454550555144,
                        1.3803851388359192,
                        5.547362902858646,
                        -6.020589042960802,
                        4.922846999437594
                    ],
                    [
                        0.47007617813066827,
                        0.3427457227575465,
                        -9.380390395283912e-07,
                        1.3803851388359192,
                        1.6806945397995467,
                        2.55731527949602,
                        -3.3027716257157045,
                        3.1190523819988085
                    ],
                    [
                        1.6258726202254534,
                        2.92056583344787,
                        -1.469393951629213e-06,
                        5.547362902858646,
                        2.55731527949602,
                        8.635531184915234,
                        -9.34379366649174,
                        6.3033502504252645
                    ],
                    [
                        -2.1107176704453763,
                        -3.229497560938258,
                        2.934337015692519e-06,
                        -6.020589042960802,
                        -3.3027716257157045,
                        -9.34379366649174,
                        11.818084035375024,
                        -8.805710568526314
                    ],
                    [
                        2.3189956830756637,
                        2.058159431482601,
                        -2.9071041094850027e-06,
                        4.922846999437594,
                        3.1190523819988085,
                        6.3033502504252645,
                        -8.805710568526314,
                        9.748911562577725
                    ]
                ]
            },
            "est_tgt": [
                0,
                2,
                3,
                4,
                5,
                6
            ],
            "oracle_est_tgt": [
                2,
                3,
                6
            ]
        },
        "3": {
            "intv_type": "do",
            "inode": 3,
            "new_mui": 1.0,
            "new_vari": null,
            "noise_type": "gaussian",
            "obs_noise_gamma_shape": null,
            "true_params": {
                "Si": [
                    [
                        1.0,
                        0.9092832772604467,
                        1.4276411614713815,
                        0.0,
                        0.4125594446981514,
                        1.261667065031701,
                        -3.842005399771147,
                        2.711024783756171
                    ],
                    [
                        0.9092832772604467,
                        1.8267960783054984,
                        2.231880605480595,
                        0.0,
                        0.34640515774753233,
                        2.5458513905450353,
                        -6.093569262292649,
                        2.802321297365353
                    ],
                    [
                        1.4276411614713815,
                        2.231880605480595,
                        3.9100490420655234,
                        0.0,
                        1.3203426254363508,
                        4.542835729392656,
                        -10.55966852563548,
                        5.705259564885846
                    ],
                    [
                        0.0,
                        0.0,
                        0.0,
                        1e-09,
                        6.720258613430414e-10,
                        1.4186319542758702e-09,
                        -1.1993355664621595e-09,
                        1.046819988159174e-09
                    ],
                    [
                        0.4125594446981514,
                        0.34640515774753233,
                        1.3203426254363508,
                        6.720258613430414e-10,
                        1.7458687201109813,
                        2.5366306321496754,
                        -5.147295357932123,
                        3.5863227628187495
                    ],
                    [
                        1.261667065031701,
                        2.5458513905450353,
                        4.542835729392656,
                        1.4186319542758702e-09,
                        2.5366306321496754,
                        7.5457507907983885,
                        -14.648574308119926,
                        7.215731782739365
                    ],
                    [
                        -3.842005399771147,
                        -6.093569262292649,
                        -10.55966852563548,
                        -1.1993355664621595e-09,
                        -5.147295357932123,
                        -14.648574308119926,
                        32.80404792478113,
                        -18.08052470279406
                    ],
                    [
                        2.711024783756171,
                        2.802321297365353,
                        5.705259564885846,
                        1.046819988159174e-09,
                        3.5863227628187495,
                        7.215731782739365,
                        -18.08052470279406,
                        13.061623567838485
                    ]
                ],
                "mui": [
                    0.0,
                    0.0,
                    0.0,
                    1.0,
                    0.6720258613430414,
                    1.41863195427587,
                    -1.1993355664621594,
                    1.0468199881591738
                ],
                "Ai": [
                    [
                        0.0,
                        0.0,
                        0.0,
                        0.0,
                        0.0,
                        0.0,
                        0.0,
                        0.0
                    ],
                    [
                        0.9092832772604467,
                        0.0,
                        0.0,
                        0.0,
                        0.0,
                        0.0,
                        0.0,
                        0.0
                    ],
                    [
                        0.5785975635980009,
                        0.9337503714259867,
                        0.0,
                        0.0,
                        0.0,
                        0.0,
                        0.0,
                        0.0
                    ],
                    [
                        0.0,
                        0.0,
                        0.0,
                        0.0,
                        0.0,
                        0.0,
                        0.0,
                        0.0
                    ],
                    [
                        -0.0,
                        -0.7366798415684803,
                        0.7581807911840204,
                        0.6720258613430414,
                        0.0,
                        0.0,
                        0.0,
                        0.0
                    ],
                    [
                        -0.8407544071140267,
                        0.7710727056203563,
                        0.7018681151772995,
                        0.7682337381210551,
                        0.9678172427099699,
                        0.0,
                        0.0,
                        0.0
                    ],
                    [
                        -0.608039988390418,
                        -0.7226768332490645,
                        -0.8584637523657619,
                        0.5008069113343283,
                        -0.8684596674269729,
                        -0.7870364955384793,
                        0.0,
                        0.0
                    ],
                    [
                        0.9712815310948406,
                        -0.5142775266494548,
                        -0.0,
                        0.6229855397137339,
                        0.8401448726789928,
                        -0.704173118932153,
                        -0.7155610811419488,
                        0.0
                    ]
                ]
            },
            "est_params": {
                "mui": [
                    -0.002757820321130672,
                    0.004326896702270839,
                    0.0032500028511198045,
                    0.9999996867022536,
                    0.6714706427084745,
                    1.4320821622720254,
                    -1.2067673400489967,
                    1.036010714359503
                ],
                "Si": [
                    [
                        1.0042537705796766,
                        0.9093645455129232,
                        1.4298130962729283,
                        1.2136191809786316e-07,
                        0.404157992910968,
                        1.2556372042423287,
                        -3.8354595187068234,
                        2.707277243774825
                    ],
                    [
                        0.9093645455129232,
                        1.8197980780930445,
                        2.2271997354016193,
                        -1.6710583042449591e-07,
                        0.3418633960222369,
                        2.5286587804384126,
                        -6.062625719348651,
                        2.7888360948316055
                    ],
                    [
                        1.429813096272928,
                        2.2271997354016193,
                        3.9074883299988925,
                        8.259316676856181e-07,
                        1.3063050016820061,
                        4.522256306722249,
                        -10.522689153682823,
                        5.679775079204599
                    ],
                    [
                        1.2136191809786321e-07,
                        -1.6710583042449586e-07,
                        8.259316676856183e-07,
                        1.0099002917503348e-06,
