{
    "expt_args": {
        "save_dir": "all_expt_logs/expt_logs_sim_compsel_backwardbugfixed_cameraready_all",
        "exp_name": "196",
        "num_nodes": 8,
        "num_tgt_prior": 9,
        "obs_noise_mean": 0.0,
        "obs_noise_var": 1.0,
        "obs_noise_gamma_shape": null,
        "noise_type": "gaussian",
        "max_edge_strength": 1.0,
        "graph_sparsity_method": "adj_dense_prop",
        "adj_dense_prop": 0.8,
        "num_parents": null,
        "new_noise_mean": 1.0,
        "mix_samples": 524288,
        "stage2_samples": 524288,
        "gmm_tol": 0.001,
        "intv_type": "do",
        "new_noise_var": null,
        "dtype": "simulation",
        "cutoff_drop_ratio": 0.07,
        "intv_targets": [
            0,
            1,
            2,
            3,
            4,
            5,
            6,
            7
        ]
    },
    "intv_args_dict": {
        "0": {
            "intv_type": "do",
            "inode": 0,
            "new_mui": 1.0,
            "new_vari": null,
            "noise_type": "gaussian",
            "obs_noise_gamma_shape": null,
            "true_params": {
                "Si": [
                    [
                        1e-09,
                        -9.43654517642295e-10,
                        -1.3920806918825655e-09,
                        1.2491992008073104e-09,
                        2.103915493699806e-09,
                        2.37955613048904e-09,
                        -5.373071608803488e-09,
                        6.774936755870032e-10
                    ],
                    [
                        -9.43654517642295e-10,
                        1.000000000890484,
                        0.7511905172253036,
                        0.10899629501701927,
                        -0.5375341953635263,
                        -0.551136263049038,
                        1.991203813075766,
                        -1.4805167999520024
                    ],
                    [
                        -1.3920806918825655e-09,
                        0.7511905172253036,
                        1.5642871931335152,
                        -0.8428651620630871,
                        -1.0300016380373427,
                        -1.8592407891414873,
                        3.3435168617637054,
                        -1.0192558313094298
                    ],
                    [
                        1.2491992008073104e-09,
                        0.10899629501701927,
                        -0.8428651620630871,
                        1.8670282275819021,
                        1.1976681995777518,
                        1.7816362382578348,
                        -1.9244537108760587,
                        -0.8233108590254952
                    ],
                    [
                        2.103915493699806e-09,
                        -0.5375341953635263,
                        -1.0300016380373427,
                        1.1976681995777518,
                        2.13964749085041,
                        2.2895128861236262,
                        -3.9988937598801964,
                        0.7682079116317881
                    ],
                    [
                        2.37955613048904e-09,
                        -0.551136263049038,
                        -1.8592407891414873,
                        1.7816362382578348,
                        2.2895128861236262,
                        4.20438447806503,
                        -5.985043940395488,
                        0.1747520943671763
                    ],
                    [
                        -5.373071608803488e-09,
                        1.991203813075766,
                        3.3435168617637054,
                        -1.9244537108760587,
                        -3.9988937598801964,
                        -5.985043940395488,
                        11.553933441040817,
                        -2.6745158731463468
                    ],
                    [
                        6.774936755870032e-10,
                        -1.4805167999520024,
                        -1.0192558313094298,
                        -0.8233108590254952,
                        0.7682079116317881,
                        0.1747520943671763,
                        -2.6745158731463468,
                        3.9899453825171336
                    ]
                ],
                "mui": [
                    1.0,
                    -0.9436545176422949,
                    -1.3920806918825654,
                    1.2491992008073103,
                    2.1039154936998057,
                    2.3795561304890396,
                    -5.373071608803488,
                    0.6774936755870031
                ],
                "Ai": [
                    [
                        0.0,
                        0.0,
                        0.0,
                        0.0,
                        0.0,
                        0.0,
                        0.0,
                        0.0
                    ],
                    [
                        -0.9436545176422949,
                        0.0,
                        0.0,
                        0.0,
                        0.0,
                        0.0,
                        0.0,
                        0.0
                    ],
                    [
                        -0.6832163679324809,
                        0.7511905159116604,
                        0.0,
                        0.0,
                        0.0,
                        0.0,
                        0.0,
                        0.0
                    ],
                    [
                        0.72025507901884,
                        0.80365382465473,
                        -0.9247421442959081,
                        0.0,
                        0.0,
                        0.0,
                        0.0,
                        0.0
                    ],
                    [
                        0.6810934994003588,
                        -0.6113436171055968,
                        0.0,
                        0.6771736866620468,
                        0.0,
                        0.0,
                        0.0,
                        0.0
                    ],
                    [
                        -0.0,
                        0.5845947774321822,
                        -0.9780150964057803,
                        -0.0,
                        0.7461020681807067,
                        0.0,
                        0.0,
                        0.0
                    ],
                    [
                        -0.9130022817598513,
                        0.5707154899432232,
                        0.5717028492253868,
                        0.5683286071716497,
                        -0.8102613775088241,
                        -0.8954984197489085,
                        0.0,
                        0.0
                    ],
                    [
                        -0.5277293017686845,
                        -0.5205241166346983,
                        -0.9578990735409927,
                        -0.8608748159725321,
                        0.8158788814906779,
                        -0.5297546182617807,
                        -0.0,
                        0.0
                    ]
                ]
            },
            "est_params": {
                "mui": [
                    1.0000000824588793,
                    -0.9402675741112524,
                    -1.3921724537657958,
                    1.2534246393383848,
                    2.103131157422539,
                    2.378838546522061,
                    -5.370510682258039,
                    0.6791141141206883
                ],
                "Si": [
                    [
                        1.0118139273258189e-06,
                        -1.3653678974332719e-07,
                        -3.796654806558192e-07,
                        2.495521664416079e-07,
                        -2.522853824366727e-07,
                        4.83485035016485e-07,
                        -5.54468087441221e-07,
                        -2.711152427855008e-07
                    ],
                    [
                        -1.365367897433273e-07,
                        0.9943264867887839,
                        0.7450592898932741,
                        0.10364846314809277,
                        -0.5367528554067599,
                        -0.5523192459978612,
                        1.9830689002861388,
                        -1.463625590866012
                    ],
                    [
                        -3.7966548065581915e-07,
                        0.7450592898932741,
                        1.5577862066195576,
                        -0.8482359392620438,
                        -1.0362237464956527,
                        -1.862206537149259,
                        3.3435733762478312,
                        -1.0110903487381555
                    ],
                    [
                        2.495521664416081e-07,
                        0.10364846314809276,
                        -0.8482359392620439,
                        1.8667608695730435,
                        1.212145926888781,
                        1.7852036708123271,
                        -1.947112651577343,
                        -0.7965410906858753
                    ],
                    [
                        -2.522853824366727e-07,
                        -0.5367528554067599,
                        -1.0362237464956527,
                        1.212145926888781,
                        2.1562259745089403,
                        2.3017932595441177,
                        -4.020678339708183,
                        0.7743481471795619
                    ],
                    [
                        4.83485035016485e-07,
                        -0.5523192459978611,
                        -1.862206537149259,
                        1.7852036708123271,
                        2.3017932595441177,
                        4.200130069473099,
                        -5.995148220737703,
                        0.1893040360736361
                    ],
                    [
                        -5.54468087441221e-07,
                        1.9830689002861388,
                        3.3435733762478312,
                        -1.947112651577343,
                        -4.020678339708183,
                        -5.995148220737705,
                        11.565020954207446,
                        -2.6581012256883225
                    ],
                    [
                        -2.711152427855008e-07,
                        -1.463625590866012,
                        -1.0110903487381555,
                        -0.7965410906858753,
                        0.774348147179562,
                        0.1893040360736361,
                        -2.6581012256883225,
                        3.9404708121022454
                    ]
                ]
            },
            "est_tgt": [
                0,
                3,
                7
            ],
            "oracle_est_tgt": [
                0
            ]
        },
        "1": {
            "intv_type": "do",
            "inode": 1,
            "new_mui": 1.0,
            "new_vari": null,
            "noise_type": "gaussian",
            "obs_noise_gamma_shape": null,
            "true_params": {
                "Si": [
                    [
                        1.0,
                        0.0,
                        -0.6832163679324809,
                        1.3520540481187844,
                        1.5966689237313005,
                        1.8594739081452787,
                        -3.494063139832611,
                        -0.7196026905297204
                    ],
                    [
                        0.0,
                        1e-09,
                        7.511905159116605e-10,
                        1.0899629619583173e-10,
                        -5.375341933781571e-10,
                        -5.51136260803559e-10,
                        1.991203808005443e-09,
                        -1.4805167993126826e-09
                    ],
                    [
                        -0.6832163679324809,
                        7.511905159116605e-10,
                        1.4667846059751382,
                        -1.8484876002181547,
                        -1.7170813903307796,
                        -2.7156554639405455,
                        4.234944567682055,
                        0.5845386833912766
                    ],
                    [
                        1.3520540481187844,
                        1.0899629619583173e-10,
                        -1.8484876002181547,
                        3.6831981824832662,
                        3.415040114884153,
                        4.355817271231112,
                        -6.865649756583929,
                        -1.6348817432202778
                    ],
                    [
                        1.5966689237313005,
                        -5.375341933781571e-10,
                        -1.7170813903307796,
                        3.415040114884153,
                        4.400056129671457,
                        4.962222499645758,
                        -8.507415649784072,
                        -1.176587745901363
                    ],
                    [
                        1.8594739081452787,
                        -5.51136260803559e-10,
                        -2.7156554639405455,
                        4.355817271231112,
                        4.962222499645758,
                        7.358276509807041,
                        -11.38473854939637,
                        -1.9792968265301931
                    ],
                    [
                        -3.494063139832611,
                        1.991203808005443e-09,
                        4.234944567682055,
                        -6.865649756583929,
                        -8.507415649784072,
                        -11.38473854939637,
                        19.797518036257358,
                        2.7878320524575773
                    ],
                    [
                        -0.7196026905297204,
                        -1.4805167993126826e-09,
                        0.5845386833912766,
                        -1.6348817432202778,
                        -1.176587745901363,
                        -1.9792968265301931,
                        2.7878320524575773,
                        2.315843423420609
                    ]
                ],
                "mui": [
                    0.0,
                    1.0,
                    0.7511905159116604,
                    0.10899629619583173,
                    -0.537534193378157,
                    -0.551136260803559,
                    1.9912038080054428,
                    -1.4805167993126824
                ],
                "Ai": [
                    [
                        0.0,
                        0.0,
                        0.0,
                        0.0,
                        0.0,
                        0.0,
                        0.0,
                        0.0
                    ],
                    [
                        0.0,
                        0.0,
                        0.0,
                        0.0,
                        0.0,
                        0.0,
                        0.0,
                        0.0
                    ],
                    [
                        -0.6832163679324809,
                        0.7511905159116604,
                        0.0,
                        0.0,
                        0.0,
                        0.0,
                        0.0,
                        0.0
                    ],
                    [
                        0.72025507901884,
                        0.80365382465473,
                        -0.9247421442959081,
                        0.0,
                        0.0,
                        0.0,
                        0.0,
                        0.0
                    ],
                    [
                        0.6810934994003588,
                        -0.6113436171055968,
                        0.0,
                        0.6771736866620468,
                        0.0,
                        0.0,
                        0.0,
                        0.0
                    ],
                    [
                        -0.0,
                        0.5845947774321822,
                        -0.9780150964057803,
                        -0.0,
                        0.7461020681807067,
                        0.0,
                        0.0,
                        0.0
                    ],
                    [
                        -0.9130022817598513,
                        0.5707154899432232,
                        0.5717028492253868,
                        0.5683286071716497,
                        -0.8102613775088241,
                        -0.8954984197489085,
                        0.0,
                        0.0
                    ],
                    [
                        -0.5277293017686845,
                        -0.5205241166346983,
                        -0.9578990735409927,
                        -0.8608748159725321,
                        0.8158788814906779,
                        -0.5297546182617807,
                        -0.0,
                        0.0
                    ]
                ]
            },
            "est_params": {
                "mui": [
                    -0.0019504767621418887,
                    1.0000000458805036,
                    0.7554363215443645,
                    0.10228888914346243,
                    -0.548406826243455,
                    -0.5554758492076928,
                    2.008878381402385,
                    -1.4883151661516312
                ],
                "Si": [
                    [
                        0.999951468021823,
                        -6.20704358689371e-08,
                        -0.6833677861997959,
                        1.3562236271241987,
                        1.6032352268012444,
                        1.8621149054962711,
                        -3.501837717804369,
                        -0.7142002671826431
                    ],
                    [
                        -6.207043586893717e-08,
                        1.01266877924344e-06,
                        4.2432310027418176e-07,
                        -9.741003213433437e-07,
                        -9.077853590769501e-07,
                        -1.4215504413329206e-06,
                        1.3337044340114096e-06,
                        1.4639029314453983e-07
                    ],
                    [
                        -0.6833677861997959,
                        4.2432310027418176e-07,
                        1.465217849014553,
                        -1.8488859354134781,
                        -1.7131616429233316,
                        -2.711961268973509,
                        4.233427106473062,
                        0.5836049827322312
                    ],
                    [
                        1.3562236271241985,
                        -9.74100321343343e-07,
                        -1.8488859354134781,
                        3.689950421983209,
                        3.4282916864834574,
                        4.373269925953646,
                        -6.894641176387629,
                        -1.6325672831400535
                    ],
                    [
                        1.6032352268012446,
                        -9.077853590769499e-07,
                        -1.7131616429233316,
                        3.4282916864834574,
                        4.418519235659641,
                        4.976647116385063,
                        -8.54096115335705,
                        -1.1769350631734394
                    ],
                    [
                        1.8621149054962711,
                        -1.4215504413329208e-06,
                        -2.711961268973509,
                        4.373269925953646,
                        4.976647116385063,
                        7.368667251456817,
                        -11.399659338850247,
                        -1.9841906196450618
                    ],
                    [
                        -3.5018377178043694,
                        1.3337044340114091e-06,
                        4.233427106473062,
                        -6.894641176387629,
                        -8.54096115335705,
                        -11.399659338850247,
                        19.8540887540056,
                        2.7843317396444576
                    ],
                    [
                        -0.7142002671826433,
                        1.4639029314453964e-07,
                        0.5836049827322312,
                        -1.6325672831400535,
                        -1.1769350631734394,
                        -1.9841906196450616,
                        2.7843317396444576,
                        2.305428800760784
                    ]
                ]
            },
            "est_tgt": [
                0,
                1,
                3,
                5,
                6,
                7
            ],
            "oracle_est_tgt": [
                1
            ]
        },
        "2": {
            "intv_type": "do",
            "inode": 2,
            "new_mui": 1.0,
            "new_vari": null,
            "noise_type": "gaussian",
            "obs_noise_gamma_shape": null,
            "true_params": {
                "Si": [
                    [
                        1.0,
                        -0.9436545176422949,
                        0.0,
                        -0.038116483237104704,
                        1.2321791860375744,
                        0.3676759363578833,
                        -2.800863644566326,
                        0.8068101037187929
                    ],
                    [
                        -0.9436545176422949,
                        1.8904838486667122,
                        0.0,
                        0.8396226162580607,
                        -1.229881849313262,
                        0.187549593359915,
                        3.2462440926890497,
                        -2.3116481517096306
                    ],
                    [
                        0.0,
                        0.0,
                        1e-09,
                        -9.247421442959081e-10,
                        -6.262110470646265e-10,
                        -1.4452324537383042e-09,
                        1.847743438463085e-09,
                        9.289434792527018e-11
                    ],
                    [
                        -0.038116483237104704,
                        0.8396226162580607,
                        -9.247421442959081e-10,
                        1.6473123370316882,
                        0.5762577521719583,
                        0.9207860980834826,
                        0.1587188986909729,
                        -1.8526924972538532
                    ],
                    [
                        1.2321791860375744,
                        -1.229881849313262,
                        -6.262110470646265e-10,
                        0.5762577521719583,
                        2.981336238584177,
                        1.5053986281950196,
                        -5.263134965419655,
                        1.1287577159958089
                    ],
                    [
                        0.3676759363578833,
                        0.187549593359915,
                        -1.4452324537383042e-09,
                        0.9207860980834826,
                        1.5053986281950196,
                        2.232821544133898,
                        -2.924596961513735,
                        -1.038963588723436
                    ],
                    [
                        -2.800863644566326,
                        3.2462440926890497,
                        1.847743438463085e-09,
                        0.1587188986909729,
                        -5.263134965419655,
                        -2.924596961513735,
                        12.383568122436609,
                        -3.093049549507994
                    ],
                    [
                        0.8068101037187929,
                        -2.3116481517096306,
                        9.289434792527018e-11,
                        -1.8526924972538532,
                        1.1287577159958089,
                        -1.038963588723436,
                        -3.093049549507994,
                        4.843752934114275
                    ]
                ],
                "mui": [
                    0.0,
                    0.0,
                    1.0,
                    -0.9247421442959081,
                    -0.6262110470646265,
                    -1.4452324537383041,
                    1.8477434384630849,
                    0.09289434792527018
                ],
                "Ai": [
                    [
                        0.0,
                        0.0,
                        0.0,
                        0.0,
                        0.0,
                        0.0,
                        0.0,
                        0.0
                    ],
                    [
                        -0.9436545176422949,
                        0.0,
                        0.0,
                        0.0,
                        0.0,
                        0.0,
                        0.0,
                        0.0
                    ],
                    [
                        0.0,
                        0.0,
                        0.0,
                        0.0,
                        0.0,
                        0.0,
                        0.0,
                        0.0
                    ],
                    [
                        0.72025507901884,
                        0.80365382465473,
                        -0.9247421442959081,
                        0.0,
                        0.0,
                        0.0,
                        0.0,
                        0.0
                    ],
                    [
                        0.6810934994003588,
                        -0.6113436171055968,
                        0.0,
                        0.6771736866620468,
                        0.0,
                        0.0,
                        0.0,
                        0.0
                    ],
                    [
                        -0.0,
                        0.5845947774321822,
                        -0.9780150964057803,
                        -0.0,
                        0.7461020681807067,
                        0.0,
                        0.0,
                        0.0
                    ],
                    [
                        -0.9130022817598513,
                        0.5707154899432232,
                        0.5717028492253868,
                        0.5683286071716497,
                        -0.8102613775088241,
                        -0.8954984197489085,
                        0.0,
                        0.0
                    ],
                    [
                        -0.5277293017686845,
                        -0.5205241166346983,
                        -0.9578990735409927,
                        -0.8608748159725321,
                        0.8158788814906779,
                        -0.5297546182617807,
                        -0.0,
                        0.0
                    ]
                ]
            },
            "est_params": {
                "mui": [
                    0.00951191814132422,
                    -0.005288155781336239,
                    0.9999999748942945,
                    -0.9225258687009156,
                    -0.6175351856808449,
                    -1.4434216959412929,
                    1.8301216549831467,
                    0.09410299682751704
                ],
                "Si": [
                    [
                        1.00147587190068,
                        -0.9527804757558941,
                        5.999738392325406e-08,
                        -0.040215469041717605,
                        1.2333966070256117,
                        0.3640322163328718,
                        -2.80989948963011,
                        0.81269601433795
                    ],
                    [
                        -0.9527804757558941,
                        1.9126473221871878,
                        1.951263656015931e-09,
                        0.8554096511843412,
                        -1.2387828753924892,
                        0.19092385286140484,
                        3.2840109484499176,
                        -2.3418172057183577
                    ],
                    [
                        5.99973839232541e-08,
                        1.9512636560158266e-09,
                        1.0092801139493016e-06,
                        4.5967387686283284e-08,
                        2.0106964011508222e-07,
                        -3.543412296228489e-09,
                        -1.0841622725610986e-07,
                        -2.2461417957572463e-07
                    ],
                    [
                        -0.040215469041717605,
                        0.8554096511843412,
                        4.59673876862832e-08,
                        1.6646633342528692,
                        0.5717717642606116,
                        0.9260858567454061,
                        0.1791370422438419,
                        -1.8864795639956833
                    ],
                    [
                        1.2333966070256117,
                        -1.2387828753924892,
                        2.0106964011508232e-07,
                        0.5717717642606117,
                        2.971408421151792,
                        1.4962955914363643,
                        -5.267199501998084,
                        1.1293055985052567
                    ],
                    [
                        0.36403221633287175,
                        0.19092385286140484,
                        -3.54341229622843e-09,
                        0.9260858567454061,
                        1.4962955914363645,
                        2.225866574860804,
                        -2.910054327751431,
                        -1.0519216713439845
                    ],
                    [
                        -2.8098994896301104,
                        3.2840109484499176,
                        -1.0841622725610986e-07,
                        0.17913704224384186,
                        -5.267199501998084,
                        -2.910054327751431,
                        12.439968130265893,
                        -3.121981472635326
                    ],
                    [
                        0.81269601433795,
                        -2.3418172057183577,
                        -2.2461417957572468e-07,
                        -1.8864795639956833,
                        1.1293055985052567,
                        -1.0519216713439845,
                        -3.121981472635326,
                        4.899993339755671
                    ]
                ]
            },
            "est_tgt": [
                0,
                1,
                2,
                3,
                4,
                5,
                6,
                7
            ],
            "oracle_est_tgt": [
                2,
                3
            ]
        },
        "3": {
            "intv_type": "do",
            "inode": 3,
            "new_mui": 1.0,
            "new_vari": null,
            "noise_type": "gaussian",
            "obs_noise_gamma_shape": null,
            "true_params": {
                "Si": [
                    [
                        1.0,
                        -0.9436545176422949,
                        -1.3920806918825654,
                        0.0,
                        1.2579906655138366,
                        1.748409866654079,
                        -4.8324165522287315,
                        1.397078253114707
                    ],
                    [
                        -0.9436545176422949,
                        1.8904838486667122,
                        2.064833749729255,
                        0.0,
                        -1.798452191769566,
                        -2.2561004938563123,
                        6.598509258948967,
                        -2.7360901382673455
                    ],
                    [
                        -1.3920806918825654,
                        2.064833749729255,
                        3.5021758439078687,
                        0.0,
                        -2.2104600431631645,
                        -3.8673186290869683,
                        9.705837482175596,
                        -3.4496227518466283
                    ],
                    [
                        0.0,
                        0.0,
                        0.0,
                        1e-09,
                        6.771736866620469e-10,
                        5.05240688136107e-10,
                        -4.3280131481460407e-10,
                        -5.760366937976454e-10
                    ],
                    [
                        1.2579906655138366,
                        -1.798452191769566,
                        -2.2104600431631645,
                        6.771736866620469e-10,
                        2.9562815331542645,
                        3.316185299456225,
                        -8.803678618817436,
                        3.044860022992553
                    ],
                    [
                        1.748409866654079,
                        -2.2561004938563123,
                        -3.8673186290869683,
                        5.05240688136107e-10,
                        3.316185299456225,
                        5.937604146182539,
                        -13.098942774056205,
                        3.516300865009784
                    ],
                    [
                        -4.8324165522287315,
                        6.598509258948967,
                        9.705837482175596,
                        -4.3280131481460407e-10,
                        -8.803678618817436,
                        -13.098942774056205,
                        33.590097045023946,
                        -10.425198157521155
                    ],
                    [
                        1.397078253114707,
                        -2.7360901382673455,
                        -3.4496227518466283,
                        -5.760366937976454e-10,
                        3.044860022992553,
                        3.516300865009784,
                        -10.425198157521155,
                        5.612772577195809
                    ]
                ],
                "mui": [
                    0.0,
                    0.0,
                    0.0,
                    1.0,
                    0.6771736866620468,
                    0.5052406881361069,
                    -0.43280131481460404,
                    -0.5760366937976453
                ],
                "Ai": [
                    [
                        0.0,
                        0.0,
                        0.0,
                        0.0,
                        0.0,
                        0.0,
                        0.0,
                        0.0
                    ],
                    [
                        -0.9436545176422949,
                        0.0,
                        0.0,
                        0.0,
                        0.0,
                        0.0,
                        0.0,
                        0.0
                    ],
                    [
                        -0.6832163679324809,
                        0.7511905159116604,
                        0.0,
                        0.0,
                        0.0,
                        0.0,
                        0.0,
                        0.0
                    ],
                    [
                        0.0,
                        0.0,
                        0.0,
                        0.0,
                        0.0,
                        0.0,
                        0.0,
                        0.0
                    ],
                    [
                        0.6810934994003588,
                        -0.6113436171055968,
                        0.0,
                        0.6771736866620468,
                        0.0,
                        0.0,
                        0.0,
                        0.0
                    ],
                    [
                        -0.0,
                        0.5845947774321822,
                        -0.9780150964057803,
                        -0.0,
                        0.7461020681807067,
                        0.0,
                        0.0,
                        0.0
                    ],
                    [
                        -0.9130022817598513,
                        0.5707154899432232,
                        0.5717028492253868,
                        0.5683286071716497,
                        -0.8102613775088241,
                        -0.8954984197489085,
                        0.0,
                        0.0
                    ],
                    [
                        -0.5277293017686845,
                        -0.5205241166346983,
                        -0.9578990735409927,
                        -0.8608748159725321,
                        0.8158788814906779,
                        -0.5297546182617807,
                        -0.0,
                        0.0
                    ]
                ]
            },
            "est_params": {
                "mui": [
                    -0.0073551570594038275,
                    0.008013834540617916,
                    0.008164153146711877,
                    0.999999766427594,
                    0.6686878192012197,
                    0.5017316212756909,
                    -0.3969915867396375,
                    -0.592174163177584
                ],
                "Si": [
                    [
                        0.9950697181596868,
                        -0.941156142262422,
                        -1.383626791958355,
                        -8.129810434890266e-08,
                        1.2471648318281123,
                        1.7299688449633646,
                        -4.796549392396384,
                        1.3914334404611435
                    ],
                    [
                        -0.9411561422624221,
                        1.888383603323408,
                        2.055606943298793,
                        -3.161425079982022e-07,
                        -1.7862305737656523,
                        -2.239837451996248,
                        6.568419983733199,
                        -2.726904433940501
                    ],
                    [
                        -1.3836267919583551,
                        2.055606943298793,
                        3.4733322120214876,
                        -1.464493660426006e-07,
                        -2.1870062461990387,
                        -3.8303574572387404,
                        9.629736780308757,
                        -3.42217948967041
                    ],
                    [
                        -8.129810434890272e-08,
                        -3.161425079982022e-07,
                        -1.464493660426006e-07,
                        1.0098135755385506e-06,
                        4.066057267868012e-08,
