{
    "expt_args": {
        "save_dir": "all_expt_logs/expt_logs_sim_compsel_backwardbugfixed_cameraready_all",
        "exp_name": "174",
        "num_nodes": 4,
        "num_tgt_prior": 5,
        "obs_noise_mean": 0.0,
        "obs_noise_var": 1.0,
        "obs_noise_gamma_shape": null,
        "noise_type": "gaussian",
        "max_edge_strength": 1.0,
        "graph_sparsity_method": "adj_dense_prop",
        "adj_dense_prop": 0.8,
        "num_parents": null,
        "new_noise_mean": 1.0,
        "mix_samples": 524288,
        "stage2_samples": 524288,
        "gmm_tol": 0.001,
        "intv_type": "do",
        "new_noise_var": null,
        "dtype": "simulation",
        "cutoff_drop_ratio": 0.07,
        "intv_targets": [
            0,
            1,
            2,
            3
        ]
    },
    "intv_args_dict": {
        "0": {
            "intv_type": "do",
            "inode": 0,
            "new_mui": 1.0,
            "new_vari": null,
            "noise_type": "gaussian",
            "obs_noise_gamma_shape": null,
            "true_params": {
                "Si": [
                    [
                        1e-09,
                        -8.782124523665525e-10,
                        -7.035048199718661e-10,
                        1.2375486573160594e-09
                    ],
                    [
                        -8.782124523665525e-10,
                        1.000000000771257,
                        0.8010645016689163,
                        -1.4091677417413728
                    ],
                    [
                        -7.035048199718661e-10,
                        0.8010645016689163,
                        1.64170433533915,
                        -1.8321090950187855
                    ],
                    [
                        1.2375486573160594e-09,
                        -1.4091677417413728,
                        -1.8321090950187855,
                        3.4803492249338945
                    ]
                ],
                "mui": [
                    1.0,
                    -0.8782124523665524,
                    -0.7035048199718661,
                    1.2375486573160595
                ],
                "Ai": [
                    [
                        0.0,
                        0.0,
                        0.0,
                        0.0
                    ],
                    [
                        -0.8782124523665524,
                        0.0,
                        0.0,
                        0.0
                    ],
                    [
                        0.0,
                        0.8010645010510896,
                        0.0,
                        0.0
                    ],
                    [
                        -0.0,
                        -0.8457992309802503,
                        -0.703274841083442,
                        0.0
                    ]
                ]
            },
            "est_params": {
                "mui": [
                    0.9999993546611899,
                    -0.8774598398104432,
                    -0.7032130396342573,
                    1.2362967126665936
                ],
                "Si": [
                    [
                        1.010816691425645e-06,
                        -6.854494094268444e-07,
                        -5.176387915092231e-07,
                        7.508112755403284e-07
                    ],
                    [
                        -6.854494094268441e-07,
                        0.999249791412002,
                        0.8051302353379695,
                        -1.4141892445111743
                    ],
                    [
                        -5.176387915092231e-07,
                        0.8051302353379695,
                        1.6548995599746896,
                        -1.8480143888167737
                    ],
                    [
                        7.508112755403285e-07,
                        -1.4141892445111743,
                        -1.8480143888167737,
                        3.5049126043082834
                    ]
                ]
            },
            "est_tgt": [
                0
            ],
            "oracle_est_tgt": [
                0
            ]
        },
        "1": {
            "intv_type": "do",
            "inode": 1,
            "new_mui": 1.0,
            "new_vari": null,
            "noise_type": "gaussian",
            "obs_noise_gamma_shape": null,
            "true_params": {
                "Si": [
                    [
                        1.0,
                        0.0,
                        0.0,
                        0.0
                    ],
                    [
                        0.0,
                        1e-09,
                        8.010645010510896e-10,
                        -1.4091677406545423e-09
                    ],
                    [
                        0.0,
                        8.010645010510896e-10,
                        1.0000000006417042,
                        -0.7032748422122762
                    ],
                    [
                        0.0,
                        -1.4091677406545423e-09,
                        -0.7032748422122762,
                        1.4945955040866943
                    ]
                ],
                "mui": [
                    0.0,
                    1.0,
                    0.8010645010510896,
                    -1.4091677406545422
                ],
                "Ai": [
                    [
                        0.0,
                        0.0,
                        0.0,
                        0.0
                    ],
                    [
                        0.0,
                        0.0,
                        0.0,
                        0.0
                    ],
                    [
                        0.0,
                        0.8010645010510896,
                        0.0,
                        0.0
                    ],
                    [
                        -0.0,
                        -0.8457992309802503,
                        -0.703274841083442,
                        0.0
                    ]
                ]
            },
            "est_params": {
                "mui": [
                    -0.0037288695689765977,
                    1.0000001858163663,
                    0.8001305753375233,
                    -1.406636120910507
                ],
                "Si": [
                    [
                        0.9972317283028718,
                        -3.669280590660068e-07,
                        -0.001366060190128478,
                        0.005708318526412817
                    ],
                    [
                        -3.669280590660069e-07,
                        1.0110197194139304e-06,
                        -6.575933510890918e-08,
                        -3.5020123565506456e-07
                    ],
                    [
                        -0.0013660601901284743,
                        -6.57593351089091e-08,
                        0.9957649585086212,
                        -0.704893277992343
                    ],
                    [
                        0.005708318526412818,
                        -3.502012356550643e-07,
                        -0.7048932779923428,
                        1.4894477754807247
                    ]
                ]
            },
            "est_tgt": [
                1
            ],
            "oracle_est_tgt": [
                1
            ]
        },
        "2": {
            "intv_type": "do",
            "inode": 2,
            "new_mui": 1.0,
            "new_vari": null,
            "noise_type": "gaussian",
            "obs_noise_gamma_shape": null,
            "true_params": {
                "Si": [
                    [
                        1.0,
                        -0.8782124523665524,
                        0.0,
                        0.7427914168489098
                    ],
                    [
                        -0.8782124523665524,
                        1.771257111491674,
                        0.0,
                        -1.4981279027679575
                    ],
                    [
                        0.0,
                        0.0,
                        1e-09,
                        -7.03274841083442e-10
                    ],
                    [
                        0.7427914168489098,
                        -1.4981279027679575,
                        -7.03274841083442e-10,
                        2.2671154285657895
                    ]
                ],
                "mui": [
                    0.0,
                    0.0,
                    1.0,
                    -0.703274841083442
                ],
                "Ai": [
                    [
                        0.0,
                        0.0,
                        0.0,
                        0.0
                    ],
                    [
                        -0.8782124523665524,
                        0.0,
                        0.0,
                        0.0
                    ],
                    [
                        0.0,
                        0.0,
                        0.0,
                        0.0
                    ],
                    [
                        -0.0,
                        -0.8457992309802503,
                        -0.703274841083442,
                        0.0
                    ]
                ]
            },
            "est_params": {
                "mui": [
                    0.003219805350125944,
                    -0.005284589531912281,
                    0.9999998801700897,
                    -0.6930633550933274
                ],
                "Si": [
                    [
                        1.0036268331720213,
                        -0.8795937713276275,
                        4.909310736228306e-07,
                        0.7471054796735404
                    ],
                    [
                        -0.8795937713276275,
                        1.7671068502954321,
                        -3.7062703643759223e-07,
                        -1.4914866675395746
                    ],
                    [
                        4.909310736228304e-07,
                        -3.706270364375921e-07,
                        1.0094305740369655e-06,
                        1.5481524139225386e-07
                    ],
                    [
                        0.7471054796735401,
                        -1.4914866675395746,
                        1.5481524139225392e-07,
                        2.256716682969859
                    ]
                ]
            },
            "est_tgt": [
                2
            ],
            "oracle_est_tgt": [
                2
            ]
        },
        "3": {
            "intv_type": "do",
            "inode": 3,
            "new_mui": 1.0,
            "new_vari": null,
            "noise_type": "gaussian",
            "obs_noise_gamma_shape": null,
            "true_params": {
                "Si": [
                    [
                        1.0,
                        -0.8782124523665524,
                        -0.7035048199718661,
                        0.0
                    ],
                    [
                        -0.8782124523665524,
                        1.771257111491674,
                        1.4188911942502722,
                        0.0
                    ],
                    [
                        -0.7035048199718661,
                        1.4188911942502722,
                        2.136623366567879,
                        0.0
                    ],
                    [
                        0.0,
                        0.0,
                        0.0,
                        1e-09
                    ]
                ],
                "mui": [
                    0.0,
                    0.0,
                    0.0,
                    1.0
                ],
                "Ai": [
                    [
                        0.0,
                        0.0,
                        0.0,
                        0.0
                    ],
                    [
                        -0.8782124523665524,
                        0.0,
                        0.0,
                        0.0
                    ],
                    [
                        0.0,
                        0.8010645010510896,
                        0.0,
                        0.0
                    ],
                    [
                        0.0,
                        0.0,
                        0.0,
                        0.0
                    ]
                ]
            },
            "est_params": {
                "mui": [
                    -0.0018252498764432133,
                    0.0003172201435858412,
                    0.004201225326352156,
                    0.9999999579115565
                ],
                "Si": [
                    [
                        0.9970747698348694,
                        -0.8690205115416807,
                        -0.6914281557236467,
                        2.6036628386273428e-08
                    ],
                    [
                        -0.8690205115416807,
                        1.7612610512165783,
                        1.407190903697952,
                        3.0302551313952465e-07
                    ],
                    [
                        -0.6914281557236467,
                        1.407190903697952,
                        2.119904059755443,
                        2.0143313320190032e-07
                    ],
                    [
                        2.6036628386273567e-08,
                        3.0302551313952465e-07,
                        2.014331332019004e-07,
                        1.0087039037743309e-06
                    ]
                ]
            },
            "est_tgt": [
                3
            ],
            "oracle_est_tgt": [
                3
            ]
        },
        "obs": {
            "intv_type": "obs",
            "noise_type": "gaussian",
            "obs_noise_gamma_shape": null,
            "true_params": {
                "Si": [
                    [
                        1.0,
                        -0.8782124523665524,
                        -0.7035048199718661,
                        1.2375486573160595
                    ],
                    [
                        -0.8782124523665524,
                        1.771257111491674,
                        1.4188911942502722,
                        -2.495998381919013
                    ],
                    [
                        -0.7035048199718661,
                        1.4188911942502722,
                        2.136623366567879,
                        -2.702730539519723
                    ],
                    [
                        1.2375486573160595,
                        -2.495998381919013,
                        -2.702730539519723,
                        5.011875902627149
                    ]
                ],
                "mui": [
                    0.0,
                    0.0,
                    0.0,
                    0.0
                ],
                "Ai": [
                    [
                        0.0,
                        0.0,
                        0.0,
                        0.0
                    ],
                    [
                        -0.8782124523665524,
                        0.0,
                        0.0,
                        0.0
                    ],
                    [
                        0.0,
                        0.8010645010510896,
                        0.0,
                        0.0
                    ],
                    [
                        -0.0,
                        -0.8457992309802503,
                        -0.703274841083442,
                        0.0
                    ]
                ]
            },
            "est_params": {
                "mui": [
                    0.0019367734817264952,
                    -0.0020440268135081506,
                    -0.0029733630368612785,
                    0.008500554597836572
                ],
                "Si": [
                    [
                        0.999342638557312,
                        -0.8770320409351808,
                        -0.7043462133434383,
                        1.2344542596450312
                    ],
                    [
                        -0.8770320409351808,
                        1.7664903736688269,
                        1.4144978123230076,
                        -2.486902412436985
                    ],
                    [
                        -0.7043462133434383,
                        1.4144978123230076,
                        2.1340119709057017,
                        -2.694108524657108
                    ],
                    [
                        1.2344542596450312,
                        -2.486902412436985,
                        -2.694108524657108,
                        4.994877376119874
                    ]
                ]
            },
            "est_tgt": [
                0,
                1,
                2,
                3
            ],
            "oracle_est_tgt": [
                0,
                1,
                2,
                3
            ]
        }
    },
    "metric_dict": {
        "param_est_rel_err": 0.3859658043227921,
        "est_num_comp": 5,
        "weight_precision_error": 0.0017304638719280452,
        "gm_score_dict": {
            "1": -5.987753369664414,
            "2": -5.893079483617304,
            "3": -3.6826525617069197,
            "4": -2.564303667764386,
            "5": -1.3541833451416079
        },
        "est_dag": {
            "amat": [
                [
                    0,
                    1,
                    0,
                    0
                ],
                [
                    0,
                    0,
                    1,
                    1
                ],
                [
                    0,
                    0,
                    0,
                    1
                ],
                [
                    0,
                    0,
                    0,
                    0
                ]
            ],
            "nodes": [
                0,
                1,
                2,
                3
            ]
        },
        "oracle_est_dag": {
            "amat": [
                [
                    0,
                    1,
                    0,
                    0
                ],
                [
                    0,
                    0,
                    1,
                    1
                ],
                [
                    0,
                    0,
                    0,
                    1
                ],
                [
                    0,
                    0,
                    0,
                    0
                ]
            ],
            "nodes": [
                0,
                1,
                2,
                3
            ]
        },
        "igsp_dag": null,
        "intv_base_est_dag": null,
        "act_dag": {
            "amat": [
                [
                    0,
                    1,
                    0,
                    0
                ],
                [
                    0,
                    0,
                    1,
                    1
                ],
                [
                    0,
                    0,
                    0,
                    1
                ],
                [
                    0,
                    0,
                    0,
                    0
                ]
            ],
            "nodes": [
                0,
                1,
                2,
                3
            ]
        },
        "shd": 0,
        "oracle_shd": 0,
        "intv_base_shd": null,
        "igsp_shd": null,
        "avg_js": 0.8,
        "avg_oracle_js": 0.8
    }
}