{
    "expt_args": {
        "save_dir": "all_expt_logs/expt_logs_sim_compsel_backwardbugfixed_cameraready_all",
        "exp_name": "297",
        "num_nodes": 4,
        "num_tgt_prior": 5,
        "obs_noise_mean": 0.0,
        "obs_noise_var": 1.0,
        "obs_noise_gamma_shape": null,
        "noise_type": "gaussian",
        "max_edge_strength": 1.0,
        "graph_sparsity_method": "adj_dense_prop",
        "adj_dense_prop": 0.8,
        "num_parents": null,
        "new_noise_mean": 1.0,
        "mix_samples": 1024,
        "stage2_samples": 1024,
        "gmm_tol": 0.001,
        "intv_type": "do",
        "new_noise_var": null,
        "dtype": "simulation",
        "cutoff_drop_ratio": 0.07,
        "intv_targets": [
            0,
            1,
            2,
            3
        ]
    },
    "intv_args_dict": {
        "0": {
            "intv_type": "do",
            "inode": 0,
            "new_mui": 1.0,
            "new_vari": null,
            "noise_type": "gaussian",
            "obs_noise_gamma_shape": null,
            "true_params": {
                "Si": [
                    [
                        1e-09,
                        -5.277874465214941e-10,
                        -1.028539474030733e-09,
                        1.0123459652640665e-10
                    ],
                    [
                        -5.277874465214941e-10,
                        1.0000000002785596,
                        0.8079260801835173,
                        -1.4197869861177712
                    ],
                    [
                        -1.028539474030733e-09,
                        0.8079260801835173,
                        1.652744551221431,
                        -1.700406762423351
                    ],
                    [
                        1.0123459652640665e-10,
                        -1.4197869861177712,
                        -1.700406762423351,
                        3.3219623452631972
                    ]
                ],
                "mui": [
                    1.0,
                    -0.527787446521494,
                    -1.028539474030733,
                    0.10123459652640665
                ],
                "Ai": [
                    [
                        0.0,
                        0.0,
                        0.0,
                        0.0
                    ],
                    [
                        -0.527787446521494,
                        0.0,
                        0.0,
                        0.0
                    ],
                    [
                        -0.6021262314790641,
                        0.8079260796406671,
                        0.0,
                        0.0
                    ],
                    [
                        -0.9812819432417859,
                        -0.9727422343359009,
                        -0.5533238287434259,
                        0.0
                    ]
                ]
            },
            "est_params": {
                "mui": [
                    0.9999991702714406,
                    -0.5208587732107066,
                    -1.0161533321559726,
                    0.09553616490008188
                ],
                "Si": [
                    [
                        1.0009961574394752e-06,
                        -1.96312379851743e-06,
                        -3.813850280840988e-06,
                        5.379206847195502e-06
                    ],
                    [
                        -1.963123798517429e-06,
                        1.0954760776331272,
                        0.96482522560448,
                        -1.663067661183559
                    ],
                    [
                        -3.813850280840988e-06,
                        0.96482522560448,
                        1.9751619672087137,
                        -2.1141099719900134
                    ],
                    [
                        5.379206847195502e-06,
                        -1.663067661183559,
                        -2.1141099719900134,
                        3.8410482144410873
                    ]
                ]
            },
            "est_tgt": [
                0
            ],
            "oracle_est_tgt": [
                0
            ]
        },
        "1": {
            "intv_type": "do",
            "inode": 1,
            "new_mui": 1.0,
            "new_vari": null,
            "noise_type": "gaussian",
            "obs_noise_gamma_shape": null,
            "true_params": {
                "Si": [
                    [
                        1.0,
                        0.0,
                        -0.6021262314790641,
                        -0.6481111514529398
                    ],
                    [
                        0.0,
                        1e-09,
                        8.079260796406672e-10,
                        -1.419786986064341e-09
                    ],
                    [
                        -0.6021262314790641,
                        8.079260796406672e-10,
                        1.362555999287924,
                        -0.1630791046865932
                    ],
                    [
                        -0.6481111514529398,
                        -1.419786986064341e-09,
                        -0.1630791046865932,
                        1.7262153261087347
                    ]
                ],
                "mui": [
                    0.0,
                    1.0,
                    0.8079260796406671,
                    -1.4197869860643408
                ],
                "Ai": [
                    [
                        0.0,
                        0.0,
                        0.0,
                        0.0
                    ],
                    [
                        0.0,
                        0.0,
                        0.0,
                        0.0
                    ],
                    [
                        -0.6021262314790641,
                        0.8079260796406671,
                        0.0,
                        0.0
                    ],
                    [
                        -0.9812819432417859,
                        -0.9727422343359009,
                        -0.5533238287434259,
                        0.0
                    ]
                ]
            },
            "est_params": {
                "mui": [
                    -0.017129457565681988,
                    0.9999998399460998,
                    0.7634931791471665,
                    -1.4724437225062
                ],
                "Si": [
                    [
                        0.9098933915700034,
                        -1.2452539720790975e-06,
                        -0.5475069592662991,
                        -0.5607336625369648
                    ],
                    [
                        -1.2452539720790983e-06,
                        1.0103220360679356e-06,
                        1.1218571229059177e-06,
                        2.156159546720682e-06
                    ],
                    [
                        -0.5475069592662991,
                        1.121857122905918e-06,
                        1.2513370239234087,
                        -0.23031771799821868
                    ],
                    [
                        -0.5607336625369648,
                        2.15615954672068e-06,
                        -0.23031771799821868,
                        1.8183163427894393
                    ]
                ]
            },
            "est_tgt": [
                1,
                2,
                3
            ],
            "oracle_est_tgt": [
                1,
                3
            ]
        },
        "2": {
            "intv_type": "do",
            "inode": 2,
            "new_mui": 1.0,
            "new_vari": null,
            "noise_type": "gaussian",
            "obs_noise_gamma_shape": null,
            "true_params": {
                "Si": [
                    [
                        1.0,
                        -0.527787446521494,
                        0.0,
                        -0.46788080325802794
                    ],
                    [
                        -0.527787446521494,
                        1.2785595887056789,
                        0.0,
                        -0.7258006199079208
                    ],
                    [
                        0.0,
                        0.0,
                        1e-09,
                        -5.533238287434259e-10
                    ],
                    [
                        -0.46788080325802794,
                        -0.7258006199079208,
                        -5.533238287434259e-10,
                        2.1651399008243457
                    ]
                ],
                "mui": [
                    0.0,
                    0.0,
                    1.0,
                    -0.5533238287434259
                ],
                "Ai": [
                    [
                        0.0,
                        0.0,
                        0.0,
                        0.0
                    ],
                    [
                        -0.527787446521494,
                        0.0,
                        0.0,
                        0.0
                    ],
                    [
                        0.0,
                        0.0,
                        0.0,
                        0.0
                    ],
                    [
                        -0.9812819432417859,
                        -0.9727422343359009,
                        -0.5533238287434259,
                        0.0
                    ]
                ]
            },
            "est_params": {
                "mui": [
                    -0.0494120406916831,
                    -0.07812650228686639,
                    0.9999984072582409,
                    -0.47990628943039637
                ],
                "Si": [
                    [
                        0.9234293936161948,
                        -0.4102497356270184,
                        -3.260309260127994e-06,
                        -0.5020394880657056
                    ],
                    [
                        -0.4102497356270184,
                        1.132561951076012,
                        -2.9741792417989306e-06,
                        -0.6626310377374023
                    ],
                    [
                        -3.260309260127994e-06,
                        -2.9741792417989306e-06,
                        1.0044057356540007e-06,
                        1.5116395081123562e-06
                    ],
                    [
                        -0.5020394880657056,
                        -0.6626310377374023,
                        1.5116395081123562e-06,
                        2.212291405679407
                    ]
                ]
            },
            "est_tgt": [
                1,
                2,
                3
            ],
            "oracle_est_tgt": [
                1,
                2
            ]
        },
        "3": {
            "intv_type": "do",
            "inode": 3,
            "new_mui": 1.0,
            "new_vari": null,
            "noise_type": "gaussian",
            "obs_noise_gamma_shape": null,
            "true_params": {
                "Si": [
                    [
                        1.0,
                        -0.527787446521494,
                        -1.028539474030733,
                        0.0
                    ],
                    [
                        -0.527787446521494,
                        1.2785595887056789,
                        1.350776302285908,
                        0.0
                    ],
                    [
                        -1.028539474030733,
                        1.350776302285908,
                        2.7106379998029544,
                        0.0
                    ],
                    [
                        0.0,
                        0.0,
                        0.0,
                        1e-09
                    ]
                ],
                "mui": [
                    0.0,
                    0.0,
                    0.0,
                    1.0
                ],
                "Ai": [
                    [
                        0.0,
                        0.0,
                        0.0,
                        0.0
                    ],
                    [
                        -0.527787446521494,
                        0.0,
                        0.0,
                        0.0
                    ],
                    [
                        -0.6021262314790641,
                        0.8079260796406671,
                        0.0,
                        0.0
                    ],
                    [
                        0.0,
                        0.0,
                        0.0,
                        0.0
                    ]
                ]
            },
            "est_params": {
                "mui": [
                    -0.06401204023763964,
                    0.058960075410282385,
                    0.07827096739794669,
                    0.9999841896188626
                ],
                "Si": [
                    [
                        1.1890947029402243,
                        -0.5793622501208316,
                        -1.1130378933144252,
                        -1.9937756604009058e-05
                    ],
                    [
                        -0.5793622501208316,
                        1.2324661919451476,
                        1.2117242003790305,
                        1.6122141619008017e-05
                    ],
                    [
                        -1.1130378933144252,
                        1.2117242003790305,
                        2.837557024944519,
                        2.3101561756799702e-05
                    ],
                    [
                        -1.9937756604009058e-05,
                        1.6122141619008017e-05,
                        2.3101561756799702e-05,
                        1.0414796298684038e-06
                    ]
                ]
            },
            "est_tgt": [
                1,
                2,
                3
            ],
            "oracle_est_tgt": [
                1,
                2,
                3
            ]
        },
        "obs": {
            "intv_type": "obs",
            "noise_type": "gaussian",
            "obs_noise_gamma_shape": null,
            "true_params": {
                "Si": [
                    [
                        1.0,
                        -0.527787446521494,
                        -1.028539474030733,
                        0.10123459652640665
                    ],
                    [
                        -0.527787446521494,
                        1.2785595887056789,
                        1.350776302285908,
                        -1.4732173352646467
                    ],
                    [
                        -1.028539474030733,
                        1.350776302285908,
                        2.7106379998029544,
                        -1.804530540984211
                    ],
                    [
                        0.10123459652640665,
                        -1.4732173352646467,
                        -1.804530540984211,
                        3.3322107887868135
                    ]
                ],
                "mui": [
                    0.0,
                    0.0,
                    0.0,
                    0.0
                ],
                "Ai": [
                    [
                        0.0,
                        0.0,
                        0.0,
                        0.0
                    ],
                    [
                        -0.527787446521494,
                        0.0,
                        0.0,
                        0.0
                    ],
                    [
                        -0.6021262314790641,
                        0.8079260796406671,
                        0.0,
                        0.0
                    ],
                    [
                        -0.9812819432417859,
                        -0.9727422343359009,
                        -0.5533238287434259,
                        0.0
                    ]
                ]
            },
            "est_params": {
                "mui": [
                    -0.07038412618313507,
                    0.030510887498146264,
                    0.08055824414924788,
                    0.05599174186694975
                ],
                "Si": [
                    [
                        1.0150963805159743,
                        -0.5076016251496677,
                        -0.9570518703335595,
                        0.17967994799841316
                    ],
                    [
                        -0.5076016251496677,
                        1.362457541120855,
                        1.362805165785177,
                        -1.5629298549254222
                    ],
                    [
                        -0.9570518703335595,
                        1.362805165785177,
                        2.628761879473167,
                        -1.8837278317442323
                    ],
                    [
                        0.17967994799841316,
                        -1.5629298549254222,
                        -1.8837278317442323,
                        3.121047549430185
                    ]
                ]
            },
            "est_tgt": [
                0,
                1,
                2,
                3
            ],
            "oracle_est_tgt": [
                0,
                1,
                2,
                3
            ]
        }
    },
    "metric_dict": {
        "param_est_rel_err": 6.761664970109354,
        "est_num_comp": 5,
        "weight_precision_error": 0.003818413819202643,
        "gm_score_dict": {
            "1": -5.9610052759263645,
            "2": -5.841599536903262,
            "3": -4.671801508825136,
            "4": -2.625094730173331,
            "5": -1.3989857540751482
        },
        "est_dag": {
            "amat": [
                [
                    0,
                    1,
                    1,
                    0
                ],
                [
                    0,
                    0,
                    0,
                    0
                ],
                [
                    0,
                    0,
                    0,
                    0
                ],
                [
                    0,
                    1,
                    1,
                    0
                ]
            ],
            "nodes": [
                0,
                1,
                2,
                3
            ]
        },
        "oracle_est_dag": {
            "amat": [
                [
                    0,
                    1,
                    1,
                    0
                ],
                [
                    0,
                    0,
                    0,
                    0
                ],
                [
                    0,
                    0,
                    0,
                    0
                ],
                [
                    0,
                    1,
                    1,
                    0
                ]
            ],
            "nodes": [
                0,
                1,
                2,
                3
            ]
        },
        "igsp_dag": null,
        "intv_base_est_dag": null,
        "act_dag": {
            "amat": [
                [
                    0,
                    1,
                    1,
                    1
                ],
                [
                    0,
                    0,
                    1,
                    1
                ],
                [
                    0,
                    0,
                    0,
                    1
                ],
                [
                    0,
                    0,
                    0,
                    0
                ]
            ],
            "nodes": [
                0,
                1,
                2,
                3
            ]
        },
        "shd": 4,
        "oracle_shd": 4,
        "intv_base_shd": null,
        "igsp_shd": null,
        "avg_js": 0.39999999999999997,
        "avg_oracle_js": 0.4666666666666667
    }
}