{
    "expt_args": {
        "save_dir": "all_expt_logs/expt_logs_sim_compsel_backwardbugfixed_cameraready_all",
        "exp_name": "187",
        "num_nodes": 8,
        "num_tgt_prior": 9,
        "obs_noise_mean": 0.0,
        "obs_noise_var": 1.0,
        "obs_noise_gamma_shape": null,
        "noise_type": "gaussian",
        "max_edge_strength": 1.0,
        "graph_sparsity_method": "adj_dense_prop",
        "adj_dense_prop": 0.8,
        "num_parents": null,
        "new_noise_mean": 1.0,
        "mix_samples": 1024,
        "stage2_samples": 1024,
        "gmm_tol": 0.001,
        "intv_type": "do",
        "new_noise_var": null,
        "dtype": "simulation",
        "cutoff_drop_ratio": 0.07,
        "intv_targets": [
            0,
            1,
            2,
            3,
            4,
            5,
            6,
            7
        ]
    },
    "intv_args_dict": {
        "0": {
            "intv_type": "do",
            "inode": 0,
            "new_mui": 1.0,
            "new_vari": null,
            "noise_type": "gaussian",
            "obs_noise_gamma_shape": null,
            "true_params": {
                "Si": [
                    [
                        1e-09,
                        -8.925849540249566e-10,
                        1.42487717163657e-09,
                        2.5104102998416995e-09,
                        1.8702210718035166e-09,
                        -8.09489341659637e-10,
                        1.7391439304967046e-09,
                        -1.6861220295902647e-09
                    ],
                    [
                        -8.925849540249566e-10,
                        1.0000000007967078,
                        -0.5699653337397126,
                        -1.0191898222915656,
                        -1.5693933013206414,
                        1.088937260715058,
                        -0.6481231903181517,
                        0.7186174307117033
                    ],
                    [
                        1.42487717163657e-09,
                        -0.5699653337397126,
                        1.3248604822455057,
                        1.4422868596027123,
                        1.6697999574895384,
                        -0.648672705792433,
                        1.4898485995317143,
                        -0.785648554210207
                    ],
                    [
                        2.5104102998416995e-09,
                        -1.0191898222915656,
                        1.4422868596027123,
                        2.7807302762247046,
                        3.1674042171259327,
                        -2.129747140619732,
                        2.8933511655721835,
                        -0.4064528494626003
                    ],
                    [
                        1.8702210718035166e-09,
                        -1.5693933013206414,
                        1.6697999574895384,
                        3.1674042171259327,
                        4.874199779162737,
                        -2.626957508058734,
                        2.51783640123534,
                        -2.182613013608223
                    ],
                    [
                        -8.09489341659637e-10,
                        1.088937260715058,
                        -0.648672705792433,
                        -2.129747140619732,
                        -2.626957508058734,
                        3.1781483632664136,
                        -2.744900067928456,
                        -0.9576187122963208
                    ],
                    [
                        1.7391439304967046e-09,
                        -0.6481231903181517,
                        1.4898485995317143,
                        2.8933511655721835,
                        2.51783640123534,
                        -2.744900067928456,
                        5.0971415063751095,
                        2.222853469771814
                    ],
                    [
                        -1.6861220295902647e-09,
                        0.7186174307117033,
                        -0.785648554210207,
                        -0.4064528494626003,
                        -2.182613013608223,
                        -0.9576187122963208,
                        2.222853469771814,
                        5.7198339267704155
                    ]
                ],
                "mui": [
                    1.0,
                    -0.8925849540249565,
                    1.4248771716365698,
                    2.5104102998416993,
                    1.8702210718035164,
                    -0.8094893416596369,
                    1.7391439304967045,
                    -1.6861220295902646
                ],
                "Ai": [
                    [
                        0.0,
                        0.0,
                        0.0,
                        0.0,
                        0.0,
                        0.0,
                        0.0,
                        0.0
                    ],
                    [
                        -0.8925849540249565,
                        0.0,
                        0.0,
                        0.0,
                        0.0,
                        0.0,
                        0.0,
                        0.0
                    ],
                    [
                        0.9161346915599003,
                        -0.5699653324678886,
                        0.0,
                        0.0,
                        0.0,
                        0.0,
                        0.0,
                        0.0
                    ],
                    [
                        0.8115530438999041,
                        -0.5282308070142464,
                        0.8613839913925379,
                        0.0,
                        0.0,
                        0.0,
                        0.0,
                        0.0
                    ],
                    [
                        -0.9713243369344597,
                        -0.6520578721636195,
                        0.0,
                        0.9000633733193659,
                        0.0,
                        0.0,
                        0.0,
                        0.0
                    ],
                    [
                        0.9962751165549808,
                        0.5469669723844908,
                        0.8297332915054038,
                        -0.9957806475245068,
                        -0.0,
                        0.0,
                        0.0,
                        0.0
                    ],
                    [
                        -0.6463360429980493,
                        0.7359510550023682,
                        0.6470078596876292,
                        0.9834854673400065,
                        -0.5089768357365567,
                        -0.7454319756855358,
                        0.0,
                        0.0
                    ],
                    [
                        -0.9352998879581853,
                        -0.0,
                        -0.523147305280141,
                        -0.0,
                        -0.9525675705961902,
                        -0.5241072965043241,
                        0.7773083985740441,
                        0.0
                    ]
                ]
            },
            "est_params": {
                "mui": [
                    1.0888986832542857,
                    -2.0846259284767004,
                    2.782229374307785,
                    4.059808556935039,
                    4.834241400984109,
                    -1.1133770194850061,
                    0.06947125505250377,
                    -6.945863251924201
                ],
                "Si": [
                    [
                        0.0304868239035554,
                        -0.033904882068445566,
                        0.32117235843830044,
                        0.3119156991121282,
                        0.307550623029772,
                        -0.07602044891209613,
                        0.08273154291499162,
                        -0.3812453100127014
                    ],
                    [
                        -0.03390488206844557,
                        0.4045571817223644,
                        -0.5318566892480722,
                        -0.6424552684693274,
                        -1.1438146044960953,
                        0.7029686492415277,
                        -0.3343982962388775,
                        1.1117192368539008
                    ],
                    [
                        0.32117235843830044,
                        -0.5318566892480721,
                        3.9885305365319885,
                        3.607139970036061,
                        3.974291294774794,
                        -0.9710025586526492,
                        1.3410699109657793,
                        -4.564767046186213
                    ],
                    [
                        0.3119156991121282,
                        -0.6424552684693274,
                        3.607139970036062,
                        3.7129706200780506,
                        4.300631739631187,
                        -1.1704239112654613,
                        1.3932124935735004,
                        -5.004993440688721
                    ],
                    [
                        0.30755062302977204,
                        -1.1438146044960955,
                        3.974291294774795,
                        4.300631739631187,
                        6.102817460631488,
                        -1.988993776082673,
                        2.1883141474269108,
                        -6.763446859398427
                    ],
                    [
                        -0.07602044891209613,
                        0.7029686492415277,
                        -0.9710025586526492,
                        -1.1704239112654613,
                        -1.988993776082673,
                        1.5812252648622074,
                        -0.5279936949664794,
                        1.9855267849784117
                    ],
                    [
                        0.08273154291499162,
                        -0.3343982962388775,
                        1.3410699109657793,
                        1.3932124935735002,
                        2.1883141474269108,
                        -0.5279936949664794,
                        0.9845642331144094,
                        -2.33736981838166
                    ],
                    [
                        -0.3812453100127014,
                        1.111719236853901,
                        -4.564767046186213,
                        -5.004993440688721,
                        -6.763446859398427,
                        1.9855267849784122,
                        -2.33736981838166,
                        7.793180253677556
                    ]
                ]
            },
            "est_tgt": [
                0,
                1,
                2,
                3,
                4,
                6,
                7
            ],
            "oracle_est_tgt": [
                0,
                1,
                2,
                3,
                5
            ]
        },
        "1": {
            "intv_type": "do",
            "inode": 1,
            "new_mui": 1.0,
            "new_vari": null,
            "noise_type": "gaussian",
            "obs_noise_gamma_shape": null,
            "true_params": {
                "Si": [
                    [
                        1.0,
                        0.0,
                        0.9161346915599003,
                        1.6006968011689426,
                        0.46940422558717715,
                        0.16247967248684828,
                        1.1606389238496588,
                        -1.0446949245802732
                    ],
                    [
                        0.0,
                        1e-09,
                        -5.699653324678886e-10,
                        -1.0191898200508111e-09,
                        -1.5693932996513104e-09,
                        1.08893725999252e-09,
                        -6.481231887658181e-10,
                        7.186174292066961e-10
                    ],
                    [
                        0.9161346915599003,
                        -5.699653324678886e-10,
                        1.8393027734044143,
                        2.3278378621932694,
                        1.2053376773357893,
                        0.12083704680713411,
                        2.18374243117142,
                        -1.3331427927668051
                    ],
                    [
                        1.6006968011689426,
                        -1.0191898200508111e-09,
                        2.3278378621932694,
                        4.304212630938572,
                        2.3192683817224315,
                        -0.7598326776343397,
                        4.090621618456099,
                        -1.3462851015766737
                    ],
                    [
                        0.46940422558717715,
                        -1.5693932996513104e-09,
                        1.2053376773357893,
                        2.3192683817224315,
                        2.6315447761366757,
                        -0.8417180238435162,
                        2.045485024438184,
                        -1.5452038452204142
                    ],
                    [
                        0.16247967248684828,
                        1.08893725999252e-09,
                        0.12083704680713411,
                        -0.7598326776343397,
                        -0.8417180238435162,
                        2.0187636515683414,
                        -1.8505543456915579,
                        -1.9098896964163732
                    ],
                    [
                        1.1606389238496588,
                        -6.481231887658181e-10,
                        2.18374243117142,
                        4.090621618456099,
                        2.045485024438184,
                        -1.8505543456915579,
                        6.0241605475094735,
                        1.4760924989425601
                    ],
                    [
                        -1.0446949245802732,
                        7.186174292066961e-10,
                        -1.3331427927668051,
                        -1.3462851015766737,
                        -1.5452038452204142,
                        -1.9098896964163732,
                        1.4760924989425601,
                        6.294810400327961
                    ]
                ],
                "mui": [
                    0.0,
                    1.0,
                    -0.5699653324678886,
                    -1.0191898200508112,
                    -1.5693932996513102,
                    1.08893725999252,
                    -0.648123188765818,
                    0.7186174292066961
                ],
                "Ai": [
                    [
                        0.0,
                        0.0,
                        0.0,
                        0.0,
                        0.0,
                        0.0,
                        0.0,
                        0.0
                    ],
                    [
                        0.0,
                        0.0,
                        0.0,
                        0.0,
                        0.0,
                        0.0,
                        0.0,
                        0.0
                    ],
                    [
                        0.9161346915599003,
                        -0.5699653324678886,
                        0.0,
                        0.0,
                        0.0,
                        0.0,
                        0.0,
                        0.0
                    ],
                    [
                        0.8115530438999041,
                        -0.5282308070142464,
                        0.8613839913925379,
                        0.0,
                        0.0,
                        0.0,
                        0.0,
                        0.0
                    ],
                    [
                        -0.9713243369344597,
                        -0.6520578721636195,
                        0.0,
                        0.9000633733193659,
                        0.0,
                        0.0,
                        0.0,
                        0.0
                    ],
                    [
                        0.9962751165549808,
                        0.5469669723844908,
                        0.8297332915054038,
                        -0.9957806475245068,
                        -0.0,
                        0.0,
                        0.0,
                        0.0
                    ],
                    [
                        -0.6463360429980493,
                        0.7359510550023682,
                        0.6470078596876292,
                        0.9834854673400065,
                        -0.5089768357365567,
                        -0.7454319756855358,
                        0.0,
                        0.0
                    ],
                    [
                        -0.9352998879581853,
                        -0.0,
                        -0.523147305280141,
                        -0.0,
                        -0.9525675705961902,
                        -0.5241072965043241,
                        0.7773083985740441,
                        0.0
                    ]
                ]
            },
            "est_params": {
                "mui": [
                    0.2145924298291507,
                    0.9999972928838723,
                    -0.2284206530449733,
                    -0.6738741574262341,
                    -1.5848784267460096,
                    1.3096719554801477,
                    -0.29030464140150486,
                    0.4161240770116865
                ],
                "Si": [
                    [
                        0.9264927896234073,
                        -1.7467416295750025e-06,
                        0.8575451120058807,
                        1.3218684815425947,
                        0.26160869411673143,
                        0.3626376664244057,
                        0.7896152686256802,
                        -1.1234408890661696
                    ],
                    [
                        -1.7467416295750035e-06,
                        1.0020511925683454e-06,
                        -4.777063116488158e-06,
                        -1.22660748030067e-05,
                        -1.3090687856748606e-05,
                        1.084118637052485e-05,
                        -8.155451370242775e-06,
                        -4.014519477117666e-06
                    ],
                    [
                        0.8575451120058807,
                        -4.777063116488157e-06,
                        1.8590112339113543,
                        2.110099020032579,
                        0.9738895263394666,
                        0.21216853326251336,
                        1.9439659655643637,
                        -1.164697693349674
                    ],
                    [
                        1.3218684815425945,
                        -1.2266074803006699e-05,
                        2.110099020032579,
                        3.598005746727503,
                        1.7899026923260037,
                        -0.5664390758636226,
                        3.5410201852247667,
                        -0.776363828277209
                    ],
                    [
                        0.2616086941167315,
                        -1.3090687856748606e-05,
                        0.9738895263394666,
                        1.7899026923260037,
                        2.00379915144467,
                        -0.8410320056162072,
                        1.8696787253070197,
                        -0.5980528964649905
                    ],
                    [
                        0.3626376664244057,
                        1.0841186370524851e-05,
                        0.21216853326251336,
                        -0.5664390758636226,
                        -0.8410320056162072,
                        2.2485775386919884,
                        -2.0826933154719347,
                        -2.674941708781323
                    ],
                    [
                        0.7896152686256801,
                        -8.155451370242773e-06,
                        1.9439659655643637,
                        3.5410201852247667,
                        1.8696787253070197,
                        -2.0826933154719347,
                        5.857033300312823,
                        2.675717695868174
                    ],
                    [
                        -1.1234408890661696,
                        -4.014519477117663e-06,
                        -1.164697693349674,
                        -0.776363828277209,
                        -0.5980528964649905,
                        -2.674941708781323,
                        2.675717695868174,
                        7.097768612000568
                    ]
                ]
            },
            "est_tgt": [
                1,
                3,
                4
            ],
            "oracle_est_tgt": [
                1,
                5
            ]
        },
        "2": {
            "intv_type": "do",
            "inode": 2,
            "new_mui": 1.0,
            "new_vari": null,
            "noise_type": "gaussian",
            "obs_noise_gamma_shape": null,
            "true_params": {
                "Si": [
                    [
                        1.0,
                        -0.8925849540249565,
                        0.0,
                        1.2830439144932808,
                        0.765513542708022,
                        -0.7695696733204966,
                        0.14265334360117898,
                        -1.150280540572462
                    ],
                    [
                        -0.8925849540249565,
                        1.7967079001517337,
                        0.0,
                        -1.6734565004442317,
                        -1.8107849445395945,
                        1.7598752989153064,
                        -0.1368409763001732,
                        1.5309984977385056
                    ],
                    [
                        0.0,
                        0.0,
                        1e-09,
                        8.61383991392538e-10,
                        7.753001810160673e-10,
                        -2.801621721070177e-11,
                        1.1204408482885904e-09,
                        -3.7606152985267617e-10
                    ],
                    [
                        1.2830439144932808,
                        -1.6734565004442317,
                        8.61383991392538e-10,
                        2.925229472739146,
                        2.477830612301889,
                        -2.5499476078154135,
                        1.455715170589983,
                        -1.0923461416398625
                    ],
                    [
                        0.765513542708022,
                        -1.8107849445395945,
                        7.753001810160673e-10,
                        2.477830612301889,
                        3.667379223019615,
                        -2.695153235699117,
                        0.751924642743024,
                        -2.212384432131535
                    ],
                    [
                        -0.7695696733204966,
                        1.7598752989153064,
                        -2.801621721070177e-11,
                        -2.5499476078154135,
                        -2.695153235699117,
                        3.7350790280781534,
                        -2.127730487919031,
                        -0.3243909504358474
                    ],
                    [
                        0.14265334360117898,
                        -0.1368409763001732,
                        1.1204408482885904e-09,
                        1.455715170589983,
                        0.751924642743024,
                        -2.127730487919031,
                        3.442130573047414,
                        2.9410733900489823
                    ],
                    [
                        -1.150280540572462,
                        1.5309984977385056,
                        -3.7606152985267617e-10,
                        -1.0923461416398625,
                        -2.212384432131535,
                        -0.3243909504358474,
                        2.9410733900489823,
                        6.639439635606118
                    ]
                ],
                "mui": [
                    0.0,
                    0.0,
                    1.0,
                    0.8613839913925379,
                    0.7753001810160672,
                    -0.028016217210701768,
                    1.1204408482885904,
                    -0.37606152985267616
                ],
                "Ai": [
                    [
                        0.0,
                        0.0,
                        0.0,
                        0.0,
                        0.0,
                        0.0,
                        0.0,
                        0.0
                    ],
                    [
                        -0.8925849540249565,
                        0.0,
                        0.0,
                        0.0,
                        0.0,
                        0.0,
                        0.0,
                        0.0
                    ],
                    [
                        0.0,
                        0.0,
                        0.0,
                        0.0,
                        0.0,
                        0.0,
                        0.0,
                        0.0
                    ],
                    [
                        0.8115530438999041,
                        -0.5282308070142464,
                        0.8613839913925379,
                        0.0,
                        0.0,
                        0.0,
                        0.0,
                        0.0
                    ],
                    [
                        -0.9713243369344597,
                        -0.6520578721636195,
                        0.0,
                        0.9000633733193659,
                        0.0,
                        0.0,
                        0.0,
                        0.0
                    ],
                    [
                        0.9962751165549808,
                        0.5469669723844908,
                        0.8297332915054038,
                        -0.9957806475245068,
                        -0.0,
                        0.0,
                        0.0,
                        0.0
                    ],
                    [
                        -0.6463360429980493,
                        0.7359510550023682,
                        0.6470078596876292,
                        0.9834854673400065,
                        -0.5089768357365567,
                        -0.7454319756855358,
                        0.0,
                        0.0
                    ],
                    [
                        -0.9352998879581853,
                        -0.0,
                        -0.523147305280141,
                        -0.0,
                        -0.9525675705961902,
                        -0.5241072965043241,
                        0.7773083985740441,
                        0.0
                    ]
                ]
            },
            "est_params": {
                "mui": [
                    -0.06061159281116652,
                    0.1744521257121217,
                    1.000001310848391,
                    0.7595934971650125,
                    0.5835594943267788,
                    0.02113592125456432,
                    1.2917740941245062,
                    -0.04124942144119047
                ],
                "Si": [
                    [
                        1.2681825795333765,
                        -1.1489124030403322,
                        5.39098719184364e-06,
                        1.4122116761571728,
                        0.848751623154181,
                        -0.675845243108085,
                        -0.2957897572302609,
                        -2.109190447757636
                    ],
                    [
                        -1.1489124030403324,
                        1.993243145214275,
                        -5.915835492110774e-06,
                        -1.7388865273192111,
                        -1.783687706722922,
                        1.6450670899785365,
                        0.31698438203915774,
                        2.415676867711219
                    ],
                    [
                        5.390987191843639e-06,
                        -5.915835492110772e-06,
                        1.000922090611484e-06,
                        8.480849778095195e-06,
                        5.87811192946078e-06,
                        -6.9030887551616935e-06,
                        4.926376482371878e-06,
                        -2.528308548509132e-06
                    ],
                    [
                        1.4122116761571726,
                        -1.7388865273192111,
                        8.480849778095198e-06,
                        2.610235622391523,
                        2.1701255415814757,
                        -2.076168300867747,
                        0.6478538299913642,
                        -2.0181868405621457
                    ],
                    [
                        0.848751623154181,
                        -1.783687706722922,
                        5.8781119294607775e-06,
                        2.1701255415814757,
                        3.1011082025800896,
                        -2.3544403303652386,
                        0.3158189253771938,
                        -2.449189643317316
                    ],
                    [
                        -0.675845243108085,
                        1.6450670899785365,
                        -6.903088755161695e-06,
                        -2.076168300867747,
                        -2.3544403303652386,
                        3.2855478924852215,
                        -1.6256640754155989,
                        0.07635581391203569
                    ],
                    [
                        -0.29578975723026085,
                        0.31698438203915774,
                        4.926376482371879e-06,
                        0.6478538299913642,
                        0.3158189253771939,
                        -1.6256640754155989,
                        2.9223674738987047,
                        3.2050975645091344
                    ],
                    [
                        -2.1091904477576366,
                        2.415676867711219,
                        -2.5283085485091313e-06,
                        -2.0181868405621457,
                        -2.449189643317316,
                        0.07635581391203557,
                        3.2050975645091344,
                        8.029821446755937
                    ]
                ]
            },
            "est_tgt": [
                0,
                1,
                2
            ],
            "oracle_est_tgt": [
                0,
                1,
                2,
                4
            ]
        },
        "3": {
            "intv_type": "do",
            "inode": 3,
            "new_mui": 1.0,
            "new_vari": null,
            "noise_type": "gaussian",
            "obs_noise_gamma_shape": null,
            "true_params": {
                "Si": [
                    [
                        1.0,
                        -0.8925849540249565,
                        1.4248771716365698,
                        0.0,
                        -0.3893072910876844,
                        1.6903286522689216,
                        -1.4432047861253277,
                        -3.3176078214302027
                    ],
                    [
                        -0.8925849540249565,
                        1.7967079001517337,
                        -1.8417892572043264,
                        0.0,
                        -0.3045680416465384,
                        -1.4347141613405845,
                        1.9320466665082678,
                        4.342223594476087
                    ],
                    [
                        1.4248771716365698,
                        -1.8417892572043264,
                        3.355135434466262,
                        0.0,
                        -0.18306468992647315,
                        3.1960393439515284,
                        -2.3948714593058664,
                        -6.45015727233521
                    ],
                    [
                        0.0,
                        0.0,
                        0.0,
                        1e-09,
                        9.00063373319366e-10,
                        -9.957806475245068e-10,
                        1.2676607950591596e-09,
                        6.498881047224892e-10
                    ],
                    [
                        -0.3893072910876844,
                        -0.3045680416465384,
                        -0.18306468992647315,
                        9.00063373319366e-10,
                        1.5767396363546924,
                        -0.7063406950559415,
                        -0.36696314093595445,
                        -0.9571073992223882
                    ],
                    [
                        1.6903286522689216,
                        -1.4347141613405845,
                        3.1960393439515284,
                        -9.957806475245068e-10,
                        -0.7063406950559415,
                        4.551151359619082,
                        -3.113599856434196,
                        -7.385645282811697
                    ],
                    [
                        -1.4432047861253277,
                        1.9320466665082678,
                        -2.3948714593058664,
                        1.2676607950591596e-09,
                        -0.36696314093595445,
                        -3.113599856434196,
                        4.31293902814638,
                        7.936601145119562
                    ],
                    [
                        -3.3176078214302027,
                        4.342223594476087,
                        -6.45015727233521,
                        6.498881047224892e-10,
                        -0.9571073992223882,
                        -7.385645282811697,
                        7.936601145119562,
                        18.42910739775321
                    ]
                ],
                "mui": [
                    0.0,
                    0.0,
                    0.0,
                    1.0,
                    0.9000633733193659,
                    -0.9957806475245068,
                    1.2676607950591596,
                    0.6498881047224891
                ],
                "Ai": [
                    [
                        0.0,
                        0.0,
                        0.0,
                        0.0,
                        0.0,
                        0.0,
                        0.0,
                        0.0
                    ],
                    [
                        -0.8925849540249565,
                        0.0,
                        0.0,
                        0.0,
                        0.0,
                        0.0,
                        0.0,
                        0.0
                    ],
                    [
                        0.9161346915599003,
                        -0.5699653324678886,
                        0.0,
                        0.0,
                        0.0,
                        0.0,
                        0.0,
                        0.0
                    ],
                    [
                        0.0,
                        0.0,
                        0.0,
                        0.0,
                        0.0,
                        0.0,
                        0.0,
                        0.0
                    ],
                    [
                        -0.9713243369344597,
                        -0.6520578721636195,
                        0.0,
                        0.9000633733193659,
                        0.0,
                        0.0,
                        0.0,
                        0.0
                    ],
                    [
                        0.9962751165549808,
                        0.5469669723844908,
                        0.8297332915054038,
                        -0.9957806475245068,
                        -0.0,
                        0.0,
                        0.0,
                        0.0
                    ],
                    [
                        -0.6463360429980493,
                        0.7359510550023682,
                        0.6470078596876292,
                        0.9834854673400065,
                        -0.5089768357365567,
                        -0.7454319756855358,
                        0.0,
                        0.0
                    ],
                    [
                        -0.9352998879581853,
                        -0.0,
                        -0.523147305280141,
                        -0.0,
                        -0.9525675705961902,
                        -0.5241072965043241,
                        0.7773083985740441,
                        0.0
                    ]
                ]
            },
            "est_params": {
                "mui": [
                    -0.12768472481007104,
                    0.13314184872986268,
                    -0.20801054020268595,
                    1.0000125860238687,
                    0.9293217515611061,
                    -1.1953876440745503,
                    1.5074942898659747,
                    1.1516711566861286
                ],
                "Si": [
                    [
                        1.0112811674354305,
                        -1.0328985578173988,
                        1.4916660545627496,
                        8.154577712268071e-06,
                        -0.36183437270110747,
                        1.746768539147688,
                        -1.5407618327888417,
                        -3.516438644119671
                    ],
                    [
                        -1.0328985578173988,
                        1.7046273989291312,
                        -1.9109677774983747,
                        -3.4314464078190126e-05,
                        0.09536785727962933,
                        -1.762869942768716,
                        2.0023422670773603,
                        4.367724286793097
                    ],
                    [
                        1.4916660545627496,
                        -1.9109677774983747,
                        3.295152598659179,
                        1.560593998194357e-05,
                        -0.41998632656828916,
                        3.290630041939928,
                        -2.6081944635073784,
                        -6.581424645518376
                    ],
                    [
                        8.154577712268071e-06,
                        -3.4314464078190126e-05,
                        1.560593998194357e-05,
                        1.0250378333637243e-06,
