{
    "expt_args": {
        "save_dir": "all_expt_logs/expt_logs_sim_compsel_backwardbugfixed_cameraready_all",
        "exp_name": "80",
        "num_nodes": 6,
        "num_tgt_prior": 7,
        "obs_noise_mean": 0.0,
        "obs_noise_var": 1.0,
        "obs_noise_gamma_shape": null,
        "noise_type": "gaussian",
        "max_edge_strength": 1.0,
        "graph_sparsity_method": "adj_dense_prop",
        "adj_dense_prop": 0.8,
        "num_parents": null,
        "new_noise_mean": 1.0,
        "mix_samples": 8192,
        "stage2_samples": 8192,
        "gmm_tol": 0.001,
        "intv_type": "do",
        "new_noise_var": null,
        "dtype": "simulation",
        "cutoff_drop_ratio": 0.07,
        "intv_targets": [
            0,
            1,
            2,
            3,
            4,
            5
        ]
    },
    "intv_args_dict": {
        "0": {
            "intv_type": "do",
            "inode": 0,
            "new_mui": 1.0,
            "new_vari": null,
            "noise_type": "gaussian",
            "obs_noise_gamma_shape": null,
            "true_params": {
                "Si": [
                    [
                        1e-09,
                        -6.882133564075635e-10,
                        6.821456841982348e-10,
                        1.4388643127442574e-09,
                        -1.3829786652975262e-09,
                        -2.4933859320335775e-10
                    ],
                    [
                        -6.882133564075635e-10,
                        1.0000000004736376,
                        -4.69461770881001e-10,
                        -0.7461363785128401,
                        1.1176310526358793,
                        -0.4310550432146059
                    ],
                    [
                        6.821456841982348e-10,
                        -4.69461770881001e-10,
                        1.0000000004653227,
                        0.525385515668048,
                        -1.012977028024111,
                        -0.060414262268559914
                    ],
                    [
                        1.4388643127442574e-09,
                        -0.7461363785128401,
                        0.525385515668048,
                        1.832749434975303,
                        -2.185768935741958,
                        1.3922357255353148
                    ],
                    [
                        -1.3829786652975262e-09,
                        1.1176310526358793,
                        -1.012977028024111,
                        -2.185768935741958,
                        3.947064622428816,
                        -1.9084808195561802
                    ],
                    [
                        -2.4933859320335775e-10,
                        -0.4310550432146059,
                        -0.060414262268559914,
                        1.3922357255353148,
                        -1.9084808195561802,
                        2.7461183587990057
                    ]
                ],
                "mui": [
                    1.0,
                    -0.6882133564075634,
                    0.6821456841982347,
                    1.4388643127442573,
                    -1.382978665297526,
                    -0.24933859320335772
                ],
                "Ai": [
                    [
                        0.0,
                        0.0,
                        0.0,
                        0.0,
                        0.0,
                        0.0
                    ],
                    [
                        -0.6882133564075634,
                        0.0,
                        0.0,
                        0.0,
                        0.0,
                        0.0
                    ],
                    [
                        0.6821456841982347,
                        0.0,
                        0.0,
                        0.0,
                        0.0,
                        0.0
                    ],
                    [
                        0.566973830647965,
                        -0.7461363775225944,
                        0.5253855146865329,
                        0.0,
                        0.0,
                        0.0
                    ],
                    [
                        0.541913795206372,
                        0.5060526900873719,
                        -0.5823393823306994,
                        -0.8196602927032641,
                        0.0,
                        0.0
                    ],
                    [
                        -0.8131133419608698,
                        0.6871686233859167,
                        -0.9798723828822411,
                        0.6233694447076278,
                        -0.5843655170958011,
                        0.0
                    ]
                ]
            },
            "est_params": {
                "mui": [
                    0.9999999783096604,
                    -0.7193134960304395,
                    0.6733288188444262,
                    1.476227947741256,
                    -1.3728394489136628,
                    -0.2390615065292916
                ],
                "Si": [
                    [
                        1.0125946789408849e-06,
                        1.9743591043776674e-06,
                        -2.4744144973596907e-08,
                        -1.5440073519214313e-06,
                        3.4140063981090855e-06,
                        2.4228329516134582e-06
                    ],
                    [
                        1.9743591043776666e-06,
                        0.9715807779408424,
                        -0.0017384188890795951,
                        -0.7532655565114142,
                        1.0956054332588347,
                        -0.4521162034900057
                    ],
                    [
                        -2.4744144973596722e-08,
                        -0.0017384188890795982,
                        1.0185499869647505,
                        0.5702502344509099,
                        -1.078620809560294,
                        -0.010246300582868604
                    ],
                    [
                        -1.5440073519214313e-06,
                        -0.7532655565114142,
                        0.5702502344509099,
                        1.918816102151807,
                        -2.258498799644771,
                        1.4578270307294694
                    ],
                    [
                        3.4140063981090855e-06,
                        1.0956054332588347,
                        -1.0786208095602938,
                        -2.258498799644771,
                        3.933097247673036,
                        -1.9077647361917554
                    ],
                    [
                        2.422832951613458e-06,
                        -0.4521162034900056,
                        -0.010246300582868618,
                        1.4578270307294694,
                        -1.9077647361917554,
                        2.785956524217691
                    ]
                ]
            },
            "est_tgt": [
                0,
                1,
                3,
                4,
                5
            ],
            "oracle_est_tgt": [
                0,
                1,
                3,
                4
            ]
        },
        "1": {
            "intv_type": "do",
            "inode": 1,
            "new_mui": 1.0,
            "new_vari": null,
            "noise_type": "gaussian",
            "obs_noise_gamma_shape": null,
            "true_params": {
                "Si": [
                    [
                        1.0,
                        0.0,
                        0.6821456841982347,
                        0.9253632920316517,
                        -0.6138100479927001,
                        -0.5459964314085851
                    ],
                    [
                        0.0,
                        1e-09,
                        0.0,
                        -7.461363775225945e-10,
                        1.117631051684095e-09,
                        -4.310550433862041e-10
                    ],
                    [
                        0.6821456841982347,
                        0.0,
                        1.4653227344702777,
                        1.1566180906613948,
                        -1.4316849022364497,
                        -0.4328633713714785
                    ],
                    [
                        0.9253632920316517,
                        -7.461363775225945e-10,
                        1.1566180906613948,
                        2.132327161838808,
                        -1.9198610369682374,
                        0.5653648224248958
                    ],
                    [
                        -0.6138100479927001,
                        1.117631051684095e-09,
                        -1.4316849022364497,
                        -1.9198610369682374,
                        3.0747282290935907,
                        -1.0915822231425678
                    ],
                    [
                        -0.5459964314085851,
                        -4.310550433862041e-10,
                        -0.4328633713714785,
                        0.5653648224248958,
                        -1.0915822231425678,
                        2.8584220116048717
                    ]
                ],
                "mui": [
                    0.0,
                    1.0,
                    0.0,
                    -0.7461363775225944,
                    1.1176310516840948,
                    -0.43105504338620404
                ],
                "Ai": [
                    [
                        0.0,
                        0.0,
                        0.0,
                        0.0,
                        0.0,
                        0.0
                    ],
                    [
                        0.0,
                        0.0,
                        0.0,
                        0.0,
                        0.0,
                        0.0
                    ],
                    [
                        0.6821456841982347,
                        0.0,
                        0.0,
                        0.0,
                        0.0,
                        0.0
                    ],
                    [
                        0.566973830647965,
                        -0.7461363775225944,
                        0.5253855146865329,
                        0.0,
                        0.0,
                        0.0
                    ],
                    [
                        0.541913795206372,
                        0.5060526900873719,
                        -0.5823393823306994,
                        -0.8196602927032641,
                        0.0,
                        0.0
                    ],
                    [
                        -0.8131133419608698,
                        0.6871686233859167,
                        -0.9798723828822411,
                        0.6233694447076278,
                        -0.5843655170958011,
                        0.0
                    ]
                ]
            },
            "est_params": {
                "mui": [
                    0.0005925805502507983,
                    1.000000156416737,
                    0.05739888186583034,
                    -0.732757676062041,
                    0.9896322525400385,
                    -0.4110190816191045
                ],
                "Si": [
                    [
                        0.959581887311477,
                        4.1429861299392285e-07,
                        0.6639035359523313,
                        0.9190305811579613,
                        -0.6266409760228406,
                        -0.46314837542472975
                    ],
                    [
                        4.14298612993923e-07,
                        1.0046250582928817e-06,
                        -1.4925976252614023e-06,
                        -1.3559473178870273e-06,
                        2.0726278326467935e-06,
                        -5.837217962221991e-07
                    ],
                    [
                        0.6639035359523313,
                        -1.492597625261402e-06,
                        1.4618312363489325,
                        1.1173147563902077,
                        -1.4281960821597481,
                        -0.44429658273175243
                    ],
                    [
                        0.9190305811579613,
                        -1.355947317887027e-06,
                        1.1173147563902075,
                        2.049328594484677,
                        -1.8837699146437419,
                        0.5386971094178679
                    ],
                    [
                        -0.6266409760228406,
                        2.0726278326467935e-06,
                        -1.4281960821597481,
                        -1.8837699146437419,
                        3.0799169527940684,
                        -1.0259391483931743
                    ],
                    [
                        -0.46314837542472975,
                        -5.837217962221988e-07,
                        -0.44429658273175243,
                        0.538697109417868,
                        -1.0259391483931746,
                        2.7380771636062042
                    ]
                ]
            },
            "est_tgt": [
                0,
                1,
                3,
                5
            ],
            "oracle_est_tgt": [
                0,
                1,
                4,
                5
            ]
        },
        "2": {
            "intv_type": "do",
            "inode": 2,
            "new_mui": 1.0,
            "new_vari": null,
            "noise_type": "gaussian",
            "obs_noise_gamma_shape": null,
            "true_params": {
                "Si": [
                    [
                        1.0,
                        -0.6882133564075634,
                        0.0,
                        1.0804748513605706,
                        -0.6919807580824558,
                        -0.20812726504886203
                    ],
                    [
                        -0.6882133564075634,
                        1.473637623937764,
                        0.0,
                        -1.489733601491416,
                        1.593861451773472,
                        -0.28781907974700016
                    ],
                    [
                        0.0,
                        0.0,
                        1e-09,
                        5.253855146865329e-10,
                        -1.0129770270807183e-09,
                        -6.041426209847467e-11
                    ],
                    [
                        1.0804748513605706,
                        -1.489733601491416,
                        5.253855146865329e-10,
                        2.7241453985612165,
                        -2.4012332842793223,
                        1.1991002282816015
                    ],
                    [
                        -0.6919807580824558,
                        1.593861451773472,
                        -1.0129770270807183e-09,
                        -2.4012332842793223,
                        3.3997795337053893,
                        -1.8256590168074602
                    ],
                    [
                        -0.20812726504886203,
                        -0.28781907974700016,
                        -6.041426209847467e-11,
                        1.1991002282816015,
                        -1.8256590168074602,
                        2.785785434132302
                    ]
                ],
                "mui": [
                    0.0,
                    0.0,
                    1.0,
                    0.5253855146865329,
                    -1.0129770270807181,
                    -0.06041426209847467
                ],
                "Ai": [
                    [
                        0.0,
                        0.0,
                        0.0,
                        0.0,
                        0.0,
                        0.0
                    ],
                    [
                        -0.6882133564075634,
                        0.0,
                        0.0,
                        0.0,
                        0.0,
                        0.0
                    ],
                    [
                        0.0,
                        0.0,
                        0.0,
                        0.0,
                        0.0,
                        0.0
                    ],
                    [
                        0.566973830647965,
                        -0.7461363775225944,
                        0.5253855146865329,
                        0.0,
                        0.0,
                        0.0
                    ],
                    [
                        0.541913795206372,
                        0.5060526900873719,
                        -0.5823393823306994,
                        -0.8196602927032641,
                        0.0,
                        0.0
                    ],
                    [
                        -0.8131133419608698,
                        0.6871686233859167,
                        -0.9798723828822411,
                        0.6233694447076278,
                        -0.5843655170958011,
                        0.0
                    ]
                ]
            },
            "est_params": {
                "mui": [
                    -0.024474579123234617,
                    0.0492007564537538,
                    0.9999984631502569,
                    0.45904410004027185,
                    -0.9511821833996439,
                    -0.05637038964596129
                ],
                "Si": [
                    [
                        1.0158363656885716,
                        -0.725701066973366,
                        1.2990793095218197e-06,
                        1.129336414131922,
                        -0.7310814871523635,
                        -0.19328452289976733
                    ],
                    [
                        -0.725701066973366,
                        1.5294112516028007,
                        6.084575174250256e-07,
                        -1.5980033927988677,
                        1.7018275369922362,
                        -0.3429667748820553
                    ],
                    [
                        1.29907930952182e-06,
                        6.084575174250255e-07,
                        1.0107140823806805e-06,
                        2.0972930346959377e-06,
                        3.347378670142508e-06,
                        -2.9115074937499676e-06
                    ],
                    [
                        1.1293364141319222,
                        -1.5980033927988677,
                        2.0972930346959377e-06,
                        2.860739690145226,
                        -2.532083663455623,
                        1.2063641270229046
                    ],
                    [
                        -0.7310814871523635,
                        1.7018275369922362,
                        3.347378670142507e-06,
                        -2.532083663455623,
                        3.588834544838654,
                        -1.910516975784419
                    ],
                    [
                        -0.19328452289976736,
                        -0.3429667748820552,
                        -2.911507493749968e-06,
                        1.2063641270229049,
                        -1.910516975784419,
                        2.74017249810497
                    ]
                ]
            },
            "est_tgt": [
                0,
                2,
                3,
                4,
                5
            ],
            "oracle_est_tgt": [
                0,
                2,
                3,
                4
            ]
        },
        "3": {
            "intv_type": "do",
            "inode": 3,
            "new_mui": 1.0,
            "new_vari": null,
            "noise_type": "gaussian",
            "obs_noise_gamma_shape": null,
            "true_params": {
                "Si": [
                    [
                        1.0,
                        -0.6882133564075634,
                        0.6821456841982347,
                        0.0,
                        -0.20359872155328707,
                        -1.8354716115268868
                    ],
                    [
                        -0.6882133564075634,
                        1.473637623937764,
                        -0.46946177088100094,
                        0.0,
                        0.6461720496078485,
                        1.6546449598250064
                    ],
                    [
                        0.6821456841982347,
                        -0.46946177088100094,
                        1.4653227344702777,
                        0.0,
                        -0.7212233715465522,
                        -1.8916323668727573
                    ],
                    [
                        0.0,
                        0.0,
                        0.0,
                        1e-09,
                        -8.196602927032642e-10,
                        1.1023506554960666e-09
                    ],
                    [
                        -0.20359872155328707,
                        0.6461720496078485,
                        -0.7212233715465522,
                        -8.196602927032642e-10,
                        1.636660921447942,
                        0.35987665218495124
                    ],
                    [
                        -1.8354716115268868,
                        1.6546449598250064,
                        -1.8916323668727573,
                        1.1023506554960666e-09,
                        0.35987665218495124,
                        5.272725364965515
                    ]
                ],
                "mui": [
                    0.0,
                    0.0,
                    0.0,
                    1.0,
                    -0.8196602927032641,
                    1.1023506554960665
                ],
                "Ai": [
                    [
                        0.0,
                        0.0,
                        0.0,
                        0.0,
                        0.0,
                        0.0
                    ],
                    [
                        -0.6882133564075634,
                        0.0,
                        0.0,
                        0.0,
                        0.0,
                        0.0
                    ],
                    [
                        0.6821456841982347,
                        0.0,
                        0.0,
                        0.0,
                        0.0,
                        0.0
                    ],
                    [
                        0.0,
                        0.0,
                        0.0,
                        0.0,
                        0.0,
                        0.0
                    ],
                    [
                        0.541913795206372,
                        0.5060526900873719,
                        -0.5823393823306994,
                        -0.8196602927032641,
                        0.0,
                        0.0
                    ],
                    [
                        -0.8131133419608698,
                        0.6871686233859167,
                        -0.9798723828822411,
                        0.6233694447076278,
                        -0.5843655170958011,
                        0.0
                    ]
                ]
            },
            "est_params": {
                "mui": [
                    0.024337130439894786,
                    -0.029690940188212,
                    0.01719495837831399,
                    1.0000026437507108,
                    -0.8211042664384158,
                    1.0504689333836523
                ],
                "Si": [
                    [
                        0.9824718125718844,
                        -0.65857202939931,
                        0.6782125742876888,
                        -1.7236021387481012e-06,
                        -0.22845167284197515,
                        -1.8004635648688008
                    ],
                    [
                        -0.65857202939931,
                        1.4637494249267062,
                        -0.44833302211298715,
                        -2.266692660832258e-06,
                        0.6867765642907732,
                        1.6053269415323483
                    ],
                    [
                        0.6782125742876888,
                        -0.44833302211298715,
                        1.4804908309183185,
                        3.932959150374913e-06,
                        -0.6847538774386319,
                        -1.9514283753188777
                    ],
                    [
                        -1.7236021387481012e-06,
                        -2.2666926608322563e-06,
                        3.932959150374913e-06,
                        1.0158779962700266e-06,
                        -6.712442120135609e-06,
                        3.0463369201522377e-06
                    ],
                    [
                        -0.22845167284197515,
                        0.6867765642907733,
                        -0.6847538774386321,
                        -6.712442120135609e-06,
                        1.5874978814396177,
                        0.4110957769097991
                    ],
                    [
                        -1.8004635648688008,
                        1.6053269415323483,
                        -1.9514283753188777,
                        3.0463369201522377e-06,
                        0.4110957769097991,
                        5.282855311599191
                    ]
                ]
            },
            "est_tgt": [
                0,
                2,
                3,
                5
            ],
            "oracle_est_tgt": [
                0,
                2,
                3,
                4,
                5
            ]
        },
        "4": {
            "intv_type": "do",
            "inode": 4,
            "new_mui": 1.0,
            "new_vari": null,
            "noise_type": "gaussian",
            "obs_noise_gamma_shape": null,
            "true_params": {
                "Si": [
                    [
                        1.0,
                        -0.6882133564075634,
                        0.6821456841982347,
                        1.4388643127442573,
                        0.0,
                        -1.0575036360824073
                    ],
                    [
                        -0.6882133564075634,
                        1.473637623937764,
                        -0.46946177088100094,
                        -1.7363820156113818,
                        0.0,
                        0.949838130854972
                    ],
                    [
                        0.6821456841982347,
                        -0.46946177088100094,
                        1.4653227344702777,
                        1.5069005957718873,
                        0.0,
                        -1.3737346477122205
                    ],
                    [
                        1.4388643127442573,
                        -1.7363820156113818,
                        1.5069005957718873,
                        3.9030799433939762,
                        0.0,
                        -1.406656509886135
                    ],
                    [
                        0.0,
                        0.0,
                        0.0,
                        0.0,
                        1e-09,
                        -5.843655170958011e-10
                    ],
                    [
                        -1.0575036360824073,
                        0.949838130854972,
                        -1.3737346477122205,
                        -1.406656509886135,
                        -5.843655170958011e-10,
                        2.9817872320708636
                    ]
                ],
                "mui": [
                    0.0,
                    0.0,
                    0.0,
                    0.0,
                    1.0,
                    -0.5843655170958011
                ],
                "Ai": [
                    [
                        0.0,
                        0.0,
                        0.0,
                        0.0,
                        0.0,
                        0.0
                    ],
                    [
                        -0.6882133564075634,
                        0.0,
                        0.0,
                        0.0,
                        0.0,
                        0.0
                    ],
                    [
                        0.6821456841982347,
                        0.0,
                        0.0,
                        0.0,
                        0.0,
                        0.0
                    ],
                    [
                        0.566973830647965,
                        -0.7461363775225944,
                        0.5253855146865329,
                        0.0,
                        0.0,
                        0.0
                    ],
                    [
                        0.0,
                        0.0,
                        0.0,
                        0.0,
                        0.0,
                        0.0
                    ],
                    [
                        -0.8131133419608698,
                        0.6871686233859167,
                        -0.9798723828822411,
                        0.6233694447076278,
                        -0.5843655170958011,
                        0.0
                    ]
                ]
            },
            "est_params": {
                "mui": [
                    -0.04160393181545817,
                    0.08799380435129113,
                    -0.070262694472315,
                    -0.09253540368778648,
                    1.0000007154734412,
                    -0.5046092779145597
                ],
                "Si": [
                    [
                        1.013282758963271,
                        -0.6769787090266077,
                        0.6882269802852794,
                        1.4409068186254572,
                        8.335801086122298e-07,
                        -1.0310408375881168
                    ],
                    [
                        -0.676978709026608,
                        1.4006354356810784,
                        -0.43065574992845485,
                        -1.6088615357752662,
                        1.1616737219234551e-06,
                        0.8763031706833002
                    ],
                    [
                        0.6882269802852795,
                        -0.43065574992845496,
                        1.4559506460780727,
                        1.4730527354784457,
                        8.986855550283e-07,
                        -1.3486183779244953
                    ],
                    [
                        1.4409068186254572,
                        -1.608861535775266,
                        1.4730527354784457,
                        3.820553923635661,
                        8.318263893503696e-07,
                        -1.2503366168341197
                    ],
                    [
                        8.335801086122299e-07,
                        1.1616737219234553e-06,
                        8.986855550283002e-07,
                        8.318263893503699e-07,
                        1.0012897942812976e-06,
                        -1.6828421871723255e-06
                    ],
                    [
                        -1.0310408375881168,
                        0.8763031706833002,
                        -1.3486183779244953,
                        -1.2503366168341197,
                        -1.6828421871723247e-06,
                        2.96718956844123
                    ]
                ]
            },
            "est_tgt": [
                0,
                2,
                4
            ],
            "oracle_est_tgt": [
                0,
                2,
                3,
                4,
                5
            ]
        },
        "5": {
            "intv_type": "do",
            "inode": 5,
            "new_mui": 1.0,
            "new_vari": null,
            "noise_type": "gaussian",
            "obs_noise_gamma_shape": null,
            "true_params": {
                "Si": [
                    [
                        1.0,
                        -0.6882133564075634,
                        0.6821456841982347,
                        1.4388643127442573,
                        -1.382978665297526,
                        0.0
                    ],
                    [
                        -0.6882133564075634,
                        1.473637623937764,
                        -0.46946177088100094,
                        -1.7363820156113818,
                        2.0694154407685574,
                        0.0
                    ],
                    [
                        0.6821456841982347,
                        -0.46946177088100094,
                        1.4653227344702777,
                        1.5069005957718873,
                        -1.9563699549516604,
                        0.0
                    ],
                    [
                        1.4388643127442573,
                        -1.7363820156113818,
                        1.5069005957718873,
                        3.9030799433939762,
                        -4.175687580535334,
                        0.0
                    ],
                    [
                        -1.382978665297526,
                        2.0694154407685574,
                        -1.9563699549516604,
                        -4.175687580535334,
                        5.859694609184313,
                        0.0
                    ],
                    [
                        0.0,
                        0.0,
                        0.0,
                        0.0,
                        0.0,
                        1e-09
                    ]
                ],
                "mui": [
                    0.0,
                    0.0,
                    0.0,
                    0.0,
                    0.0,
                    1.0
                ],
                "Ai": [
                    [
                        0.0,
                        0.0,
                        0.0,
                        0.0,
                        0.0,
                        0.0
                    ],
                    [
                        -0.6882133564075634,
                        0.0,
                        0.0,
                        0.0,
                        0.0,
                        0.0
                    ],
                    [
                        0.6821456841982347,
                        0.0,
                        0.0,
                        0.0,
                        0.0,
                        0.0
                    ],
                    [
                        0.566973830647965,
                        -0.7461363775225944,
                        0.5253855146865329,
                        0.0,
                        0.0,
                        0.0
                    ],
                    [
                        0.541913795206372,
                        0.5060526900873719,
                        -0.5823393823306994,
                        -0.8196602927032641,
                        0.0,
                        0.0
                    ],
                    [
                        0.0,
                        0.0,
                        0.0,
                        0.0,
                        0.0,
                        0.0
                    ]
                ]
            },
            "est_params": {
                "mui": [
                    0.05771507945100019,
                    -0.022458994542452038,
                    0.058119327249225604,
                    0.08779567723114823,
                    -0.13036871710117476,
                    1.00000452039492
                ],
                "Si": [
                    [
                        0.999459910593647,
                        -0.6624176099256764,
                        0.7229653627893012,
                        1.4667729860199203,
                        -1.4182827835619558,
                        2.7759959959553517e-06
                    ],
                    [
                        -0.6624176099256764,
                        1.4375692161210512,
                        -0.4963301825619828,
                        -1.740355859495402,
                        2.1270426785954175,
                        9.442947536145058e-07
                    ],
                    [
                        0.7229653627893012,
                        -0.4963301825619828,
                        1.515951373301704,
                        1.6068030216849158,
                        -2.0238922810069897,
                        -2.6783629348689e-06
                    ],
                    [
                        1.4667729860199203,
                        -1.740355859495402,
                        1.6068030216849158,
                        4.030725029930069,
                        -4.357231021710267,
                        3.0240697094418023e-06
                    ],
                    [
                        -1.4182827835619558,
                        2.1270426785954175,
                        -2.0238922810069897,
                        -4.357231021710267,
                        6.097572015270193,
                        9.243480515810169e-07
                    ],
                    [
                        2.7759959959553513e-06,
                        9.442947536145058e-07,
                        -2.6783629348689e-06,
                        3.0240697094418023e-06,
                        9.243480515810158e-07,
                        1.0112352022237117e-06
                    ]
                ]
            },
            "est_tgt": [
                0,
                2,
                5
            ],
            "oracle_est_tgt": [
                0,
                2,
                4,
                5
            ]
        },
        "obs": {
            "intv_type": "obs",
            "noise_type": "gaussian",
            "obs_noise_gamma_shape": null,
            "true_params": {
                "Si": [
                    [
                        1.0,
                        -0.6882133564075634,
                        0.6821456841982347,
                        1.4388643127442573,
                        -1.382978665297526,
                        -0.24933859320335772
                    ],
                    [
                        -0.6882133564075634,
                        1.473637623937764,
                        -0.46946177088100094,
                        -1.7363820156113818,
                        2.0694154407685574,
                        -0.25945689327578114
                    ],
                    [
                        0.6821456841982347,
                        -0.46946177088100094,
                        1.4653227344702777,
                        1.5069005957718873,
