{
    "expt_args": {
        "save_dir": "all_expt_logs/expt_logs_sim_compsel_backwardbugfixed_cameraready_all",
        "exp_name": "159",
        "num_nodes": 8,
        "num_tgt_prior": 9,
        "obs_noise_mean": 0.0,
        "obs_noise_var": 1.0,
        "obs_noise_gamma_shape": null,
        "noise_type": "gaussian",
        "max_edge_strength": 1.0,
        "graph_sparsity_method": "adj_dense_prop",
        "adj_dense_prop": 0.8,
        "num_parents": null,
        "new_noise_mean": 1.0,
        "mix_samples": 32768,
        "stage2_samples": 32768,
        "gmm_tol": 0.001,
        "intv_type": "do",
        "new_noise_var": null,
        "dtype": "simulation",
        "cutoff_drop_ratio": 0.07,
        "intv_targets": [
            0,
            1,
            2,
            3,
            4,
            5,
            6,
            7
        ]
    },
    "intv_args_dict": {
        "0": {
            "intv_type": "do",
            "inode": 0,
            "new_mui": 1.0,
            "new_vari": null,
            "noise_type": "gaussian",
            "obs_noise_gamma_shape": null,
            "true_params": {
                "Si": [
                    [
                        1e-09,
                        5.969567987098034e-10,
                        1.3212677155340764e-09,
                        -7.141325744535064e-10,
                        1.2956958290290596e-09,
                        5.047510470283605e-10,
                        -3.227644487414999e-09,
                        -2.000160791587052e-09
                    ],
                    [
                        5.969567987098034e-10,
                        1.0000000003563574,
                        0.8939857073616093,
                        -0.08060627773798087,
                        0.20397018035720846,
                        0.052931330176542835,
                        -1.7895157771110481,
                        -1.495385023718773
                    ],
                    [
                        1.3212677155340764e-09,
                        0.8939857073616093,
                        1.7992104453023412,
                        -0.9176890425014959,
                        1.6728734822784028,
                        0.6480755794303119,
                        -3.1691642658876473,
                        -1.1643844105890917
                    ],
                    [
                        -7.141325744535064e-10,
                        -0.08060627773798087,
                        -0.9176890425014959,
                        1.7215843942746938,
                        -2.14141047151319,
                        -0.82637531411126,
                        2.237802066193131,
                        -0.7372918243654785
                    ],
                    [
                        1.2956958290290596e-09,
                        0.20397018035720846,
                        1.6728734822784028,
                        -2.14141047151319,
                        4.010699844950288,
                        0.5740308962333944,
                        -3.3668176015776337,
                        1.7317747090208968
                    ],
                    [
                        5.047510470283605e-10,
                        0.052931330176542835,
                        0.6480755794303119,
                        -0.82637531411126,
                        0.5740308962333944,
                        1.8268812741270672,
                        -1.2782641560590138,
                        -1.4362631619781119
                    ],
                    [
                        -3.227644487414999e-09,
                        -1.7895157771110481,
                        -3.1691642658876473,
                        2.237802066193131,
                        -3.3668176015776337,
                        -1.2782641560590138,
                        7.25272475427636,
                        2.4401511382355503
                    ],
                    [
                        -2.000160791587052e-09,
                        -1.495385023718773,
                        -1.1643844105890917,
                        -0.7372918243654785,
                        1.7317747090208968,
                        -1.4362631619781119,
                        2.4401511382355503,
                        6.428442989931408
                    ]
                ],
                "mui": [
                    1.0,
                    0.5969567987098033,
                    1.3212677155340764,
                    -0.7141325744535063,
                    1.2956958290290594,
                    0.5047510470283605,
                    -3.2276444874149988,
                    -2.000160791587052
                ],
                "Ai": [
                    [
                        0.0,
                        0.0,
                        0.0,
                        0.0,
                        0.0,
                        0.0,
                        0.0,
                        0.0
                    ],
                    [
                        0.5969567987098033,
                        0.0,
                        0.0,
                        0.0,
                        0.0,
                        0.0,
                        0.0,
                        0.0
                    ],
                    [
                        0.7875968700460146,
                        0.8939857065728696,
                        0.0,
                        0.0,
                        0.0,
                        0.0,
                        0.0,
                        0.0
                    ],
                    [
                        0.0,
                        0.6753732302759667,
                        -0.8456281817812494,
                        0.0,
                        0.0,
                        0.0,
                        0.0,
                        0.0
                    ],
                    [
                        0.0,
                        -0.5446542124726197,
                        0.7594497728461178,
                        -0.8645375099318561,
                        0.0,
                        0.0,
                        0.0,
                        0.0
                    ],
                    [
                        -0.0,
                        -0.6008425626431686,
                        0.7936702355125016,
                        -0.8360599797010948,
                        -0.6037531397305431,
                        0.0,
                        0.0,
                        0.0
                    ],
                    [
                        -0.9233556994539602,
                        -0.9041734738313824,
                        -0.921223828071982,
                        0.7664585012817466,
                        -0.0,
                        -0.0,
                        0.0,
                        0.0
                    ],
                    [
                        -0.7073002170135276,
                        -0.5994671168974066,
                        -0.0,
                        -0.9710118271239383,
                        0.5716147994417033,
                        -0.9814726522236561,
                        0.5805085874176914,
                        0.0
                    ]
                ]
            },
            "est_params": {
                "mui": [
                    0.9999961416932387,
                    0.5964586099737771,
                    1.3082348778660606,
                    -0.6898614226874037,
                    1.232713887289647,
                    0.5230134516249535,
                    -3.179688851839238,
                    -2.056948367362043
                ],
                "Si": [
                    [
                        1.012353438956879e-06,
                        9.377689657811873e-07,
                        3.6967810810544513e-06,
                        -4.969541086499086e-06,
                        7.745295308144587e-06,
                        -5.433649992081433e-07,
                        -7.93754080693543e-06,
                        7.902793017999586e-06
                    ],
                    [
                        9.37768965781187e-07,
                        0.9972281375590152,
                        0.9132320318384833,
                        -0.08510199666412994,
                        0.22362985044554845,
                        0.08979943257096698,
                        -1.8203155563427045,
                        -1.5539776658271034
                    ],
                    [
                        3.6967810810544517e-06,
                        0.9132320318384833,
                        1.800865135136111,
                        -0.8733520196710703,
                        1.6430178782106488,
                        0.622984367864494,
                        -3.1637271616979743,
                        -1.2358956883819148
                    ],
                    [
                        -4.969541086499085e-06,
                        -0.08510199666412994,
                        -0.8733520196710702,
                        1.674980589030986,
                        -2.091736507833689,
                        -0.778901791694252,
                        2.1855962699906235,
                        -0.7400312829048566
                    ],
                    [
                        7.745295308144587e-06,
                        0.22362985044554845,
                        1.6430178782106488,
                        -2.091736507833689,
                        3.9533944045259752,
                        0.49302372944448536,
                        -3.355728026259364,
                        1.7375620459142607
                    ],
                    [
                        -5.433649992081436e-07,
                        0.08979943257096698,
                        0.6229843678644937,
                        -0.7789017916942519,
                        0.4930237294444854,
                        1.8342717940618107,
                        -1.2594093995533855,
                        -1.5689628964079636
                    ],
                    [
                        -7.93754080693543e-06,
                        -1.8203155563427045,
                        -3.163727161697974,
                        2.1855962699906235,
                        -3.355728026259364,
                        -1.2594093995533855,
                        7.297638220479327,
                        2.5709896044909386
                    ],
                    [
                        7.902793017999586e-06,
                        -1.5539776658271034,
                        -1.2358956883819148,
                        -0.7400312829048564,
                        1.7375620459142607,
                        -1.5689628964079634,
                        2.5709896044909386,
                        6.813698244729327
                    ]
                ]
            },
            "est_tgt": [
                0
            ],
            "oracle_est_tgt": [
                0
            ]
        },
        "1": {
            "intv_type": "do",
            "inode": 1,
            "new_mui": 1.0,
            "new_vari": null,
            "noise_type": "gaussian",
            "obs_noise_gamma_shape": null,
            "true_params": {
                "Si": [
                    [
                        1.0,
                        0.0,
                        0.7875968700460146,
                        -0.6660141091936144,
                        1.1739344435924899,
                        0.47315332979459146,
                        -2.159380879020296,
                        -1.107480535702082
                    ],
                    [
                        0.0,
                        1e-09,
                        8.939857065728696e-10,
                        -8.060627731167458e-11,
                        2.0397017958373404e-10,
                        5.293132987522827e-11,
                        -1.789515775184284e-09,
                        -1.4953850225247634e-09
                    ],
                    [
                        0.7875968700460146,
                        8.939857065728696e-10,
                        1.6203088305054894,
                        -1.3701788096606857,
                        2.4151141490464836,
                        0.9734098080704429,
                        -3.2700843600750455,
                        -0.699779776878753
                    ],
                    [
                        -0.6660141091936144,
                        -8.060627731167458e-11,
                        -1.3701788096606857,
                        2.158661815474123,
                        -2.9068260964464474,
                        -1.1372355097558065,
                        3.5317339917547166,
                        -0.12023158305178783
                    ],
                    [
                        1.1739344435924899,
                        2.0397017958373404e-10,
                        2.4151141490464836,
                        -2.9068260964464474,
                        5.3472180870064525,
                        1.1186854736762784,
                        -5.536781334445286,
                        0.7366791164297488
                    ],
                    [
                        0.47315332979459146,
                        5.293132987522827e-11,
                        0.9734098080704429,
                        -1.1372355097558065,
                        1.1186854736762784,
                        2.0479536216884444,
                        -2.205260957914599,
                        -1.8811185462800855
                    ],
                    [
                        -2.159380879020296,
                        -1.789515775184284e-09,
                        -3.2700843600750455,
                        3.5317339917547166,
                        -5.536781334445286,
                        -2.205260957914599,
                        8.713283818106095,
                        2.1556083393556182
                    ],
                    [
                        -1.107480535702082,
                        -1.4953850225247634e-09,
                        -0.699779776878753,
                        -0.12023158305178783,
                        0.7366791164297488,
                        -1.8811185462800855,
                        2.1556083393556182,
                        5.418779759534526
                    ]
                ],
                "mui": [
                    0.0,
                    1.0,
                    0.8939857065728696,
                    -0.08060627731167458,
                    0.20397017958373403,
                    0.052931329875228264,
                    -1.7895157751842838,
                    -1.4953850225247634
                ],
                "Ai": [
                    [
                        0.0,
                        0.0,
                        0.0,
                        0.0,
                        0.0,
                        0.0,
                        0.0,
                        0.0
                    ],
                    [
                        0.0,
                        0.0,
                        0.0,
                        0.0,
                        0.0,
                        0.0,
                        0.0,
                        0.0
                    ],
                    [
                        0.7875968700460146,
                        0.8939857065728696,
                        0.0,
                        0.0,
                        0.0,
                        0.0,
                        0.0,
                        0.0
                    ],
                    [
                        0.0,
                        0.6753732302759667,
                        -0.8456281817812494,
                        0.0,
                        0.0,
                        0.0,
                        0.0,
                        0.0
                    ],
                    [
                        0.0,
                        -0.5446542124726197,
                        0.7594497728461178,
                        -0.8645375099318561,
                        0.0,
                        0.0,
                        0.0,
                        0.0
                    ],
                    [
                        -0.0,
                        -0.6008425626431686,
                        0.7936702355125016,
                        -0.8360599797010948,
                        -0.6037531397305431,
                        0.0,
                        0.0,
                        0.0
                    ],
                    [
                        -0.9233556994539602,
                        -0.9041734738313824,
                        -0.921223828071982,
                        0.7664585012817466,
                        -0.0,
                        -0.0,
                        0.0,
                        0.0
                    ],
                    [
                        -0.7073002170135276,
                        -0.5994671168974066,
                        -0.0,
                        -0.9710118271239383,
                        0.5716147994417033,
                        -0.9814726522236561,
                        0.5805085874176914,
                        0.0
                    ]
                ]
            },
            "est_params": {
                "mui": [
                    -0.023405528522911667,
                    1.0000011437581242,
                    0.876078886566303,
                    -0.08738249892135135,
                    0.22235864140268144,
                    0.0346879109502044,
                    -1.7719023289727234,
                    -1.450606515409765
                ],
                "Si": [
                    [
                        1.0198861279383498,
                        -8.35338263250004e-07,
                        0.8024165671175467,
                        -0.7001132409567447,
                        1.2210908831655487,
                        0.4771495445005987,
                        -2.196745749371387,
                        -1.0873087973723596
                    ],
                    [
                        -8.353382632500039e-07,
                        1.0156498650844143e-06,
                        -1.8419589223508529e-06,
                        1.7652416799010552e-06,
                        -1.5606025626851316e-06,
                        -3.199529353099699e-06,
                        3.4732200787231233e-06,
                        2.4357122716875332e-06
                    ],
                    [
                        0.8024165671175467,
                        -1.841958922350853e-06,
                        1.655693940999533,
                        -1.4500649109044539,
                        2.530113042387784,
                        0.9728841439097768,
                        -3.378923988789985,
                        -0.6234087442039863
                    ],
                    [
                        -0.7001132409567444,
                        1.7652416799010547e-06,
                        -1.4500649109044539,
                        2.301365753301349,
                        -3.0830126051050724,
                        -1.1614904334589748,
                        3.746623932637173,
                        -0.18009856109553843
                    ],
                    [
                        1.2210908831655487,
                        -1.5606025626851308e-06,
                        2.530113042387784,
                        -3.083012605105072,
                        5.537124154506263,
                        1.1747492455510222,
                        -5.789124294613878,
                        0.7921755764400715
                    ],
                    [
                        0.4771495445005987,
                        -3.1995293530996997e-06,
                        0.9728841439097768,
                        -1.1614904334589748,
                        1.1747492455510222,
                        1.997342068983489,
                        -2.240370700312544,
                        -1.8236392955717484
                    ],
                    [
                        -2.196745749371387,
                        3.473220078723123e-06,
                        -3.3789239887899853,
                        3.746623932637173,
                        -5.789124294613878,
                        -2.240370700312544,
                        9.006642427214725,
                        2.0137941509926494
                    ],
                    [
                        -1.0873087973723596,
                        2.435712271687532e-06,
                        -0.6234087442039863,
                        -0.1800985610955384,
                        0.7921755764400714,
                        -1.8236392955717484,
                        2.0137941509926494,
                        5.3414572245604175
                    ]
                ]
            },
            "est_tgt": [
                1,
                4,
                5,
                6,
                7
            ],
            "oracle_est_tgt": [
                1
            ]
        },
        "2": {
            "intv_type": "do",
            "inode": 2,
            "new_mui": 1.0,
            "new_vari": null,
            "noise_type": "gaussian",
            "obs_noise_gamma_shape": null,
            "true_params": {
                "Si": [
                    [
                        1.0,
                        0.5969567987098033,
                        0.0,
                        0.40316864147983994,
                        -0.6736894484690541,
                        -0.289008099219284,
                        -1.1540961691582285,
                        -2.228037757470789
                    ],
                    [
                        0.5969567987098033,
                        1.3563574195258568,
                        0.0,
                        0.9160474918339524,
                        -1.5307031997326974,
                        -0.6566610524017193,
                        -1.0754734744921968,
                        -2.9796116191086517
                    ],
                    [
                        0.0,
                        0.0,
                        1e-09,
                        -8.456281817812495e-10,
                        1.4905270554514822e-09,
                        6.007557264250531e-10,
                        -1.5693627369216468e-09,
                        1.7246842801394326e-10
                    ],
                    [
                        0.40316864147983994,
                        0.9160474918339524,
                        -8.456281817812495e-10,
                        1.6186739543611806,
                        -1.898333475789518,
                        -0.7575840403298921,
                        0.040112508064931496,
                        -2.724335006722171
                    ],
                    [
                        -0.6736894484690541,
                        -1.5307031997326974,
                        1.4905270554514822e-09,
                        -1.898333475789518,
                        3.4748844430910673,
                        0.40885988887392055,
                        0.5510823892533098,
                        5.142329817724042
                    ],
                    [
                        -0.289008099219284,
                        -0.6566610524017193,
                        6.007557264250531e-10,
                        -0.7575840403298921,
                        0.40885988887392055,
                        1.7810851657523836,
                        0.2799360517826657,
                        -0.01818547374193158
                    ],
                    [
                        -1.1540961691582285,
                        -1.0754734744921968,
                        -1.5693627369216468e-09,
                        0.040112508064931496,
                        0.5510823892533098,
                        0.2799360517826657,
                        3.0688004372151823,
                        3.24377601129423
                    ],
                    [
                        -2.228037757470789,
                        -2.9796116191086517,
                        1.7246842801394326e-10,
                        -2.724335006722171,
                        5.142329817724042,
                        -0.01818547374193158,
                        3.24377601129423,
                        11.847752491512164
                    ]
                ],
                "mui": [
                    0.0,
                    0.0,
                    1.0,
                    -0.8456281817812494,
                    1.4905270554514822,
                    0.600755726425053,
                    -1.5693627369216467,
                    0.17246842801394324
                ],
                "Ai": [
                    [
                        0.0,
                        0.0,
                        0.0,
                        0.0,
                        0.0,
                        0.0,
                        0.0,
                        0.0
                    ],
                    [
                        0.5969567987098033,
                        0.0,
                        0.0,
                        0.0,
                        0.0,
                        0.0,
                        0.0,
                        0.0
                    ],
                    [
                        0.0,
                        0.0,
                        0.0,
                        0.0,
                        0.0,
                        0.0,
                        0.0,
                        0.0
                    ],
                    [
                        0.0,
                        0.6753732302759667,
                        -0.8456281817812494,
                        0.0,
                        0.0,
                        0.0,
                        0.0,
                        0.0
                    ],
                    [
                        0.0,
                        -0.5446542124726197,
                        0.7594497728461178,
                        -0.8645375099318561,
                        0.0,
                        0.0,
                        0.0,
                        0.0
                    ],
                    [
                        -0.0,
                        -0.6008425626431686,
                        0.7936702355125016,
                        -0.8360599797010948,
                        -0.6037531397305431,
                        0.0,
                        0.0,
                        0.0
                    ],
                    [
                        -0.9233556994539602,
                        -0.9041734738313824,
                        -0.921223828071982,
                        0.7664585012817466,
                        -0.0,
                        -0.0,
                        0.0,
                        0.0
                    ],
                    [
                        -0.7073002170135276,
                        -0.5994671168974066,
                        -0.0,
                        -0.9710118271239383,
                        0.5716147994417033,
                        -0.9814726522236561,
                        0.5805085874176914,
                        0.0
                    ]
                ]
            },
            "est_params": {
                "mui": [
                    0.008644885675541173,
                    0.02911108716789675,
                    1.000000383064196,
                    -0.8288610691293272,
                    1.439860019091363,
                    0.6207626120970064,
                    -1.5575219640446352,
                    0.09210243040692453
                ],
                "Si": [
                    [
                        1.0151801325969314,
                        0.6076239795143972,
                        2.1156318019445813e-06,
                        0.41480525696672793,
                        -0.6903873514133975,
                        -0.29548999583059266,
                        -1.1622505225954747,
                        -2.242673766022597
                    ],
                    [
                        0.6076239795143972,
                        1.4131401115518685,
                        -6.05792060674868e-08,
                        0.9552331345980961,
                        -1.588894752110475,
                        -0.7128699229645951,
                        -1.1139141693640215,
                        -3.0373208661460964
                    ],
                    [
                        2.115631801944581e-06,
                        -6.05792060674868e-08,
                        1.0105125201950973e-06,
                        2.2713486554579007e-06,
                        -2.49425840886878e-06,
                        -3.2302973108172235e-07,
                        -5.028396932621073e-07,
                        -5.177142946302178e-06
                    ],
                    [
                        0.41480525696672793,
                        0.9552331345980961,
                        2.2713486554579003e-06,
                        1.6681017121677781,
                        -1.9486882915898445,
                        -0.7952938191949348,
                        0.060792177323696565,
                        -2.7543932975910015
                    ],
                    [
                        -0.6903873514133976,
                        -1.588894752110475,
                        -2.49425840886878e-06,
                        -1.948688291589844,
                        3.521953648916045,
                        0.4895658420853947,
                        0.5723686787492541,
                        5.173255567188498
                    ],
                    [
                        -0.2954899958305926,
                        -0.7128699229645951,
                        -3.2302973108172246e-07,
                        -0.7952938191949348,
                        0.48956584208539466,
                        1.7783419376807694,
                        0.27041297725726093,
                        0.08560225029568085
                    ],
                    [
                        -1.1622505225954747,
                        -1.1139141693640213,
                        -5.028396932621069e-07,
                        0.06079217732369655,
                        0.5723686787492542,
                        0.270412977257261,
                        3.1547829889007306,
                        3.3296304337864586
                    ],
                    [
                        -2.242673766022597,
                        -3.0373208661460964,
                        -5.1771429463021795e-06,
                        -2.7543932975910015,
                        5.173255567188498,
                        0.08560225029568089,
                        3.3296304337864586,
                        11.827319338682093
                    ]
                ]
            },
            "est_tgt": [
                1,
                2,
                3,
                4,
                5,
                6,
                7
            ],
            "oracle_est_tgt": [
                2,
                3,
                4,
                5,
                6,
                7
            ]
        },
        "3": {
            "intv_type": "do",
            "inode": 3,
            "new_mui": 1.0,
            "new_vari": null,
            "noise_type": "gaussian",
            "obs_noise_gamma_shape": null,
            "true_params": {
                "Si": [
                    [
                        1.0,
                        0.5969567987098033,
                        1.3212677155340764,
                        0.0,
                        0.6783014313497993,
                        0.28044718737777224,
                        -2.680291504682889,
                        -2.508612531461792
                    ],
                    [
                        0.5969567987098033,
                        1.3563574195258568,
                        1.6827254522767068,
                        0.0,
                        0.5391996803306758,
                        0.195028338261993,
                        -3.3277526449266563,
                        -3.0503087955040966
                    ],
                    [
                        1.3212677155340764,
                        1.6827254522767068,
                        3.54495881966923,
                        0.0,
                        1.775714664329236,
                        0.7303819244638322,
                        -6.007176327545641,
                        -5.132314064432425
                    ],
                    [
                        0.0,
                        0.0,
                        0.0,
                        1e-09,
                        -8.645375099318561e-10,
                        -3.1409274366491113e-10,
                        7.664585012817467e-10,
                        -7.119850824111131e-10
                    ],
                    [
                        0.6783014313497993,
                        0.5391996803306758,
                        1.775714664329236,
                        -8.645375099318561e-10,
                        2.054888721955791,
                        -0.15528775881995988,
                        -2.74967420193754,
                        -1.0721892201976146
                    ],
                    [
                        0.28044718737777224,
                        0.195028338261993,
                        0.7303819244638322,
                        -3.1409274366491113e-10,
                        -0.15528775881995988,
                        1.55625653966578,
                        -1.1081371916128986,
                        -2.57474460224737
                    ],
                    [
                        -2.680291504682889,
                        -3.3277526449266563,
                        -6.007176327545641,
                        7.664585012817467e-10,
                        -2.74967420193754,
                        -1.1081371916128986,
                        12.017682079014325,
                        10.382868574712328
                    ],
                    [
                        -2.508612531461792,
                        -3.0503087955040966,
                        -5.132314064432425,
                        -7.119850824111131e-10,
                        -1.0721892201976146,
                        -2.57474460224737,
                        10.382868574712328,
                        12.54440856503401
                    ]
                ],
                "mui": [
                    0.0,
                    0.0,
                    0.0,
                    1.0,
                    -0.8645375099318561,
                    -0.31409274366491113,
                    0.7664585012817466,
                    -0.7119850824111131
                ],
                "Ai": [
                    [
                        0.0,
                        0.0,
                        0.0,
                        0.0,
                        0.0,
                        0.0,
                        0.0,
                        0.0
                    ],
                    [
                        0.5969567987098033,
                        0.0,
                        0.0,
                        0.0,
                        0.0,
                        0.0,
                        0.0,
                        0.0
                    ],
                    [
                        0.7875968700460146,
                        0.8939857065728696,
                        0.0,
                        0.0,
                        0.0,
                        0.0,
                        0.0,
                        0.0
                    ],
                    [
                        0.0,
                        0.0,
                        0.0,
                        0.0,
                        0.0,
                        0.0,
                        0.0,
                        0.0
                    ],
                    [
                        0.0,
                        -0.5446542124726197,
                        0.7594497728461178,
                        -0.8645375099318561,
                        0.0,
                        0.0,
                        0.0,
                        0.0
                    ],
                    [
                        -0.0,
                        -0.6008425626431686,
                        0.7936702355125016,
                        -0.8360599797010948,
                        -0.6037531397305431,
                        0.0,
                        0.0,
                        0.0
                    ],
                    [
                        -0.9233556994539602,
                        -0.9041734738313824,
                        -0.921223828071982,
                        0.7664585012817466,
                        -0.0,
                        -0.0,
                        0.0,
                        0.0
                    ],
                    [
                        -0.7073002170135276,
                        -0.5994671168974066,
                        -0.0,
                        -0.9710118271239383,
                        0.5716147994417033,
                        -0.9814726522236561,
                        0.5805085874176914,
                        0.0
                    ]
                ]
            },
            "est_params": {
                "mui": [
                    -0.01011240209284969,
                    -0.020848252071473287,
                    -0.017760814578669598,
                    0.9999956605134404,
                    -0.8441590536889555,
                    -0.32026589173077974,
                    0.8024614413665365,
                    -0.6501775771519741
                ],
                "Si": [
                    [
                        1.0361673528733524,
                        0.6184822239481218,
                        1.3483227554322197,
                        9.507461275470551e-07,
                        0.71632139514533,
                        0.27677231246255224,
                        -2.7593692660809235,
                        -2.5830602072686757
                    ],
                    [
                        0.6184822239481219,
                        1.3564759474603572,
                        1.6686323805797478,
                        -3.682780821066324e-06,
                        0.5601226700516192,
                        0.191688946793059,
                        -3.3330224506391364,
                        -3.0334431718417427
                    ],
                    [
                        1.3483227554322197,
                        1.6686323805797478,
                        3.511026122258131,
                        -3.177349654615559e-06,
                        1.8231389964648506,
                        0.7170627233985661,
                        -6.004977922808656,
                        -5.100985435524568
                    ],
                    [
                        9.507461275470555e-07,
                        -3.6827808210663247e-06,
                        -3.177349654615559e-06,
                        1.012923044831871e-06,
                        3.2797929008497346e-06,
