{
    "expt_args": {
        "save_dir": "all_expt_logs/expt_logs_sim_compsel_backwardbugfixed_cameraready_all",
        "exp_name": "324",
        "num_nodes": 8,
        "num_tgt_prior": 9,
        "obs_noise_mean": 0.0,
        "obs_noise_var": 1.0,
        "obs_noise_gamma_shape": null,
        "noise_type": "gaussian",
        "max_edge_strength": 1.0,
        "graph_sparsity_method": "adj_dense_prop",
        "adj_dense_prop": 0.8,
        "num_parents": null,
        "new_noise_mean": 1.0,
        "mix_samples": 32768,
        "stage2_samples": 32768,
        "gmm_tol": 0.001,
        "intv_type": "do",
        "new_noise_var": null,
        "dtype": "simulation",
        "cutoff_drop_ratio": 0.07,
        "intv_targets": [
            0,
            1,
            2,
            3,
            4,
            5,
            6,
            7
        ]
    },
    "intv_args_dict": {
        "0": {
            "intv_type": "do",
            "inode": 0,
            "new_mui": 1.0,
            "new_vari": null,
            "noise_type": "gaussian",
            "obs_noise_gamma_shape": null,
            "true_params": {
                "Si": [
                    [
                        1e-09,
                        -6.857580976377009e-10,
                        6.126350884967144e-10,
                        -1.220621586819744e-09,
                        5.185994237902623e-10,
                        2.924673261342964e-11,
                        4.563011869025435e-10,
                        1.141796989710457e-10
                    ],
                    [
                        -6.857580976377009e-10,
                        1.0000000004702643,
                        -0.8933690916596096,
                        0.8690991873694535,
                        -0.017387318040182835,
                        0.36137757019797717,
                        -0.6122180985402302,
                        0.28040036285608927
                    ],
                    [
                        6.126350884967144e-10,
                        -0.8933690916596096,
                        1.7981083335573942,
                        -1.7492596348565637,
                        0.9592895151359379,
                        -0.581664483010949,
                        1.980147899777166,
                        0.06475136177226631
                    ],
                    [
                        -1.220621586819744e-09,
                        0.8690991873694535,
                        -1.7492596348565637,
                        2.7017379952776923,
                        -0.9332287692944131,
                        0.5658625689656496,
                        -2.5087620211771693,
                        0.03557120280474811
                    ],
                    [
                        5.185994237902623e-10,
                        -0.017387318040182835,
                        0.9592895151359379,
                        -0.9332287692944131,
                        1.8909781268178354,
                        -1.0783941051057992,
                        1.1959315561662338,
                        0.08340641056808992
                    ],
                    [
                        2.924673261342964e-11,
                        0.36137757019797717,
                        -0.581664483010949,
                        0.5658625689656496,
                        -1.0783941051057992,
                        1.8829124362496539,
                        0.5372173741153982,
                        1.9020219977596726
                    ],
                    [
                        4.563011869025435e-10,
                        -0.6122180985402302,
                        1.980147899777166,
                        -2.5087620211771693,
                        1.1959315561662338,
                        0.5372173741153982,
                        4.777967791634557,
                        2.7192786562517934
                    ],
                    [
                        1.141796989710457e-10,
                        0.28040036285608927,
                        0.06475136177226631,
                        0.03557120280474811,
                        0.08340641056808992,
                        1.9020219977596726,
                        2.7192786562517934,
                        4.742260908514368
                    ]
                ],
                "mui": [
                    1.0,
                    -0.6857580976377009,
                    0.6126350884967144,
                    -1.2206215868197439,
                    0.5185994237902622,
                    0.029246732613429638,
                    0.45630118690254345,
                    0.11417969897104568
                ],
                "Ai": [
                    [
                        0.0,
                        0.0,
                        0.0,
                        0.0,
                        0.0,
                        0.0,
                        0.0,
                        0.0
                    ],
                    [
                        -0.6857580976377009,
                        0.0,
                        0.0,
                        0.0,
                        0.0,
                        0.0,
                        0.0,
                        0.0
                    ],
                    [
                        0.0,
                        -0.8933690912394902,
                        0.0,
                        0.0,
                        0.0,
                        0.0,
                        0.0,
                        0.0
                    ],
                    [
                        -0.6246297820048102,
                        -0.0,
                        -0.9728332836393355,
                        0.0,
                        0.0,
                        0.0,
                        0.0,
                        0.0
                    ],
                    [
                        0.5066759298918835,
                        0.825735321268458,
                        0.9437562226192877,
                        0.0,
                        0.0,
                        0.0,
                        0.0,
                        0.0
                    ],
                    [
                        0.6965144021669846,
                        0.8137373376319579,
                        0.5224646881481144,
                        0.0,
                        -0.8278468538290453,
                        0.0,
                        0.0,
                        0.0
                    ],
                    [
                        -0.9327184483179223,
                        -0.0,
                        0.5068232915482024,
                        -0.5824082374603958,
                        0.6529923488791782,
                        0.9908929205766744,
                        0.0,
                        0.0
                    ],
                    [
                        0.0,
                        -0.6559181819074902,
                        -0.6735653943416409,
                        0.5458613022085175,
                        0.7040988982709993,
                        0.9480473148834522,
                        0.7680142392729009,
                        0.0
                    ]
                ]
            },
            "est_params": {
                "mui": [
                    1.000003204957417,
                    -0.6736291866577694,
                    0.6083540411915359,
                    -1.2039324014225787,
                    0.4848169981148405,
                    0.0762659303564873,
                    0.4593307766110317,
                    0.13412363642041306
                ],
                "Si": [
                    [
                        1.011896654566196e-06,
                        -1.1963842449746443e-06,
                        -6.7403109637356916e-09,
                        1.1122581431377567e-07,
                        -2.641270020342064e-06,
                        4.311038093269754e-06,
                        -1.1123212910244907e-06,
                        4.85638884797411e-06
                    ],
                    [
                        -1.196384244974644e-06,
                        1.007408311140248,
                        -0.9154812956807387,
                        0.9011156261533911,
                        -0.03459213110108395,
                        0.37477088986243456,
                        -0.6564150093100402,
                        0.27876416666958614
                    ],
                    [
                        -6.740310963735662e-09,
                        -0.9154812956807387,
                        1.804649450681816,
                        -1.7580233684533098,
                        0.971487055988575,
                        -0.6552427019041929,
                        1.9106582873387565,
                        -0.060667817534042504
                    ],
                    [
                        1.1122581431377551e-07,
                        0.9011156261533911,
                        -1.75802336845331,
                        2.6826288472163182,
                        -0.9319553128043084,
                        0.6253350959046319,
                        -2.438586279818473,
                        0.15815921104312056
                    ],
                    [
                        -2.641270020342064e-06,
                        -0.034592131101083945,
                        0.971487055988575,
                        -0.9319553128043084,
                        1.9161619791769915,
                        -1.1496063630179914,
                        1.1069957012748446,
                        -0.023787118852044587
                    ],
                    [
                        4.311038093269754e-06,
                        0.3747708898624345,
                        -0.6552427019041929,
                        0.625335095904632,
                        -1.149606363017991,
                        1.975376217896396,
                        0.5238189209942101,
                        2.0124557150424827
                    ],
                    [
                        -1.1123212910244907e-06,
                        -0.6564150093100402,
                        1.9106582873387565,
                        -2.4385862798184736,
                        1.1069957012748446,
                        0.5238189209942101,
                        4.645257181969732,
                        2.649439075917673
                    ],
                    [
                        4.8563888479741104e-06,
                        0.27876416666958614,
                        -0.06066781753404251,
                        0.15815921104312056,
                        -0.023787118852044594,
                        2.0124557150424827,
                        2.649439075917673,
                        4.882674560933908
                    ]
                ]
            },
            "est_tgt": [
                0
            ],
            "oracle_est_tgt": [
                0,
                1,
                2,
                4,
                5,
                6,
                7
            ]
        },
        "1": {
            "intv_type": "do",
            "inode": 1,
            "new_mui": 1.0,
            "new_vari": null,
            "noise_type": "gaussian",
            "obs_noise_gamma_shape": null,
            "true_params": {
                "Si": [
                    [
                        1.0,
                        0.0,
                        0.0,
                        -0.6246297820048102,
                        0.5066759298918835,
                        0.2770643276950829,
                        0.036467668522806806,
                        0.30646651843385314
                    ],
                    [
                        0.0,
                        1e-09,
                        -8.933690912394902e-10,
                        8.690991865324025e-10,
                        -1.738731768454908e-11,
                        3.6137757021803336e-10,
                        -6.12218098227318e-10,
                        2.8040036293438893e-10
                    ],
                    [
                        0.0,
                        -8.933690912394902e-10,
                        1.0000000007981082,
                        -0.9728332844157619,
                        0.943756222634821,
                        -0.2588209318516905,
                        1.4332111739908486,
                        0.31525237886973306
                    ],
                    [
                        -0.6246297820048102,
                        8.690991865324025e-10,
                        -0.9728332844157619,
                        2.336566963079202,
                        -1.2346023406563404,
                        0.07872698639838388,
                        -1.9994625618421247,
                        -0.3995526387429646
                    ],
                    [
                        0.5066759298918835,
                        -1.738731768454908e-11,
                        0.943756222634821,
                        -1.2346023406563404,
                        2.1473963056647336,
                        -0.931728892635023,
                        1.2037640152339142,
                        0.24356102890140466
                    ],
                    [
                        0.2770643276950829,
                        3.6137757021803336e-10,
                        -0.2588209318516905,
                        0.07872698639838388,
                        -0.931728892635023,
                        1.8290833298038307,
                        0.7685631527235831,
                        1.885602535903108
                    ],
                    [
                        0.036467668522806806,
                        -6.12218098227318e-10,
                        1.4332111739908486,
                        -1.9994625618421247,
                        1.2037640152339142,
                        0.7685631527235831,
                        4.404486682851573,
                        2.902120952373553
                    ],
                    [
                        0.30646651843385314,
                        2.8040036293438893e-10,
                        0.31525237886973306,
                        -0.3995526387429646,
                        0.24356102890140466,
                        1.885602535903108,
                        2.902120952373553,
                        4.757558271967184
                    ]
                ],
                "mui": [
                    0.0,
                    1.0,
                    -0.8933690912394902,
                    0.8690991865324024,
                    -0.01738731768454908,
                    0.36137757021803335,
                    -0.612218098227318,
                    0.2804003629343889
                ],
                "Ai": [
                    [
                        0.0,
                        0.0,
                        0.0,
                        0.0,
                        0.0,
                        0.0,
                        0.0,
                        0.0
                    ],
                    [
                        0.0,
                        0.0,
                        0.0,
                        0.0,
                        0.0,
                        0.0,
                        0.0,
                        0.0
                    ],
                    [
                        0.0,
                        -0.8933690912394902,
                        0.0,
                        0.0,
                        0.0,
                        0.0,
                        0.0,
                        0.0
                    ],
                    [
                        -0.6246297820048102,
                        -0.0,
                        -0.9728332836393355,
                        0.0,
                        0.0,
                        0.0,
                        0.0,
                        0.0
                    ],
                    [
                        0.5066759298918835,
                        0.825735321268458,
                        0.9437562226192877,
                        0.0,
                        0.0,
                        0.0,
                        0.0,
                        0.0
                    ],
                    [
                        0.6965144021669846,
                        0.8137373376319579,
                        0.5224646881481144,
                        0.0,
                        -0.8278468538290453,
                        0.0,
                        0.0,
                        0.0
                    ],
                    [
                        -0.9327184483179223,
                        -0.0,
                        0.5068232915482024,
                        -0.5824082374603958,
                        0.6529923488791782,
                        0.9908929205766744,
                        0.0,
                        0.0
                    ],
                    [
                        0.0,
                        -0.6559181819074902,
                        -0.6735653943416409,
                        0.5458613022085175,
                        0.7040988982709993,
                        0.9480473148834522,
                        0.7680142392729009,
                        0.0
                    ]
                ]
            },
            "est_params": {
                "mui": [
                    -0.010465758140010535,
                    1.0000012032544436,
                    -0.8719885843577905,
                    0.8672672592782643,
                    -0.00020835864032615203,
                    0.3481969101233511,
                    -0.5847134905589282,
                    0.28828583440709493
                ],
                "Si": [
                    [
                        1.0042694697221037,
                        2.394277229060022e-07,
                        -0.007728565494508634,
                        -0.6202129596967861,
                        0.5092203960714418,
                        0.26626955079535203,
                        0.013520210748409534,
                        0.2847113212608863
                    ],
                    [
                        2.394277229060021e-07,
                        1.0075898740326142e-06,
                        4.453236744144898e-07,
                        -1.7665507481215722e-08,
                        1.366812012549398e-06,
                        -3.3827071603780644e-07,
                        4.2390537682374616e-07,
                        8.130165292964866e-07
                    ],
                    [
                        -0.007728565494508631,
                        4.4532367441448976e-07,
                        1.0013308475528375,
                        -0.9527019872727047,
                        0.9497447917733657,
                        -0.27662938814080323,
                        1.4111047772609722,
                        0.28094040463822084
                    ],
                    [
                        -0.6202129596967861,
                        -1.766550748121561e-08,
                        -0.9527019872727047,
                        2.2931423101235797,
                        -1.2075288892133873,
                        0.1021452276231815,
                        -1.9318490282626948,
                        -0.3305883824881771
                    ],
                    [
                        0.5092203960714418,
                        1.3668120125493976e-06,
                        0.9497447917733657,
                        -1.2075288892133873,
                        2.1699457740563974,
                        -0.9869506305932046,
                        1.1366655829999783,
                        0.1522286937041204
                    ],
                    [
                        0.26626955079535203,
                        -3.382707160378064e-07,
                        -0.27662938814080323,
                        0.1021452276231815,
                        -0.9869506305932046,
                        1.8937219208360634,
                        0.7943705266803162,
                        1.9595426107094838
                    ],
                    [
                        0.013520210748409527,
                        4.23905376823746e-07,
                        1.411104777260972,
                        -1.9318490282626948,
                        1.1366655829999786,
                        0.7943705266803164,
                        4.379941367759228,
                        2.8666957229304426
                    ],
                    [
                        0.2847113212608863,
                        8.13016529296486e-07,
                        0.2809404046382208,
                        -0.3305883824881771,
                        0.15222869370412043,
                        1.9595426107094838,
                        2.8666957229304426,
                        4.799559431354278
                    ]
                ]
            },
            "est_tgt": [
                1,
                2,
                4,
                5
            ],
            "oracle_est_tgt": [
                0,
                1,
                2,
                5,
                7
            ]
        },
        "2": {
            "intv_type": "do",
            "inode": 2,
            "new_mui": 1.0,
            "new_vari": null,
            "noise_type": "gaussian",
            "obs_noise_gamma_shape": null,
            "true_params": {
                "Si": [
                    [
                        1.0,
                        -0.6857580976377009,
                        0.0,
                        -0.6246297820048102,
                        -0.059578753173430025,
                        0.18780951690540693,
                        -0.4217342671747474,
                        -0.07895497021007869
                    ],
                    [
                        -0.6857580976377009,
                        1.4702641684756785,
                        0.0,
                        0.4283449310354705,
                        0.8665919337042954,
                        0.0013630527930414693,
                        0.9573761541129375,
                        0.6161811045504246
                    ],
                    [
                        0.0,
                        0.0,
                        1e-09,
                        -9.728332836393356e-10,
                        9.437562226192879e-10,
                        -2.58820931528847e-10,
                        1.433211173443912e-09,
                        3.152523791202341e-10
                    ],
                    [
                        -0.6246297820048102,
                        0.4283449310354705,
                        -9.728332836393356e-10,
                        1.3901623655137814,
                        0.03721466268872053,
                        -0.11731141735126344,
                        -0.31898045548535053,
                        0.14788110829293027
                    ],
                    [
                        -0.059578753173430025,
                        0.8665919337042954,
                        9.437562226192879e-10,
                        0.03721466268872053,
                        1.6853884495106997,
                        -0.7315627716167488,
                        0.4095414676540762,
                        0.25955834588006577
                    ],
                    [
                        0.18780951690540693,
                        0.0013630527930414693,
                        -2.58820931528847e-10,
                        -0.11731141735126344,
                        -0.7315627716167488,
                        1.7375431390656582,
                        1.1371640376011543,
                        1.9406089252658711
                    ],
                    [
                        -0.4217342671747474,
                        0.9573761541129375,
                        1.433211173443912e-09,
                        -0.31898045548535053,
                        0.4095414676540762,
                        1.1371640376011543,
                        2.9733714161918807,
                        2.847955080700714
                    ],
                    [
                        -0.07895497021007869,
                        0.6161811045504246,
                        3.152523791202341e-10,
                        0.14788110829293027,
                        0.25955834588006577,
                        1.9406089252658711,
                        2.847955080700714,
                        4.886372065306132
                    ]
                ],
                "mui": [
                    0.0,
                    0.0,
                    1.0,
                    -0.9728332836393355,
                    0.9437562226192877,
                    -0.258820931528847,
                    1.433211173443912,
                    0.31525237912023407
                ],
                "Ai": [
                    [
                        0.0,
                        0.0,
                        0.0,
                        0.0,
                        0.0,
                        0.0,
                        0.0,
                        0.0
                    ],
                    [
                        -0.6857580976377009,
                        0.0,
                        0.0,
                        0.0,
                        0.0,
                        0.0,
                        0.0,
                        0.0
                    ],
                    [
                        0.0,
                        0.0,
                        0.0,
                        0.0,
                        0.0,
                        0.0,
                        0.0,
                        0.0
                    ],
                    [
                        -0.6246297820048102,
                        -0.0,
                        -0.9728332836393355,
                        0.0,
                        0.0,
                        0.0,
                        0.0,
                        0.0
                    ],
                    [
                        0.5066759298918835,
                        0.825735321268458,
                        0.9437562226192877,
                        0.0,
                        0.0,
                        0.0,
                        0.0,
                        0.0
                    ],
                    [
                        0.6965144021669846,
                        0.8137373376319579,
                        0.5224646881481144,
                        0.0,
                        -0.8278468538290453,
                        0.0,
                        0.0,
                        0.0
                    ],
                    [
                        -0.9327184483179223,
                        -0.0,
                        0.5068232915482024,
                        -0.5824082374603958,
                        0.6529923488791782,
                        0.9908929205766744,
                        0.0,
                        0.0
                    ],
                    [
                        0.0,
                        -0.6559181819074902,
                        -0.6735653943416409,
                        0.5458613022085175,
                        0.7040988982709993,
                        0.9480473148834522,
                        0.7680142392729009,
                        0.0
                    ]
                ]
            },
            "est_params": {
                "mui": [
                    0.0008650419691827081,
                    0.005809169726420011,
                    1.000000155351201,
                    -0.965903665667258,
                    0.9188367071932191,
                    -0.21433182243885157,
                    1.4675570955392663,
                    0.3529673750997343
                ],
                "Si": [
                    [
                        0.9911389137648833,
                        -0.6919337442388651,
                        -6.933470593429424e-07,
                        -0.6254826306222244,
                        -0.08467880894464666,
                        0.18931435435661112,
                        -0.4264509624854584,
                        -0.10485354947273023
                    ],
                    [
                        -0.6919337442388651,
                        1.50590280299173,
                        3.866497133224758e-07,
                        0.42773458735940934,
                        0.8851900519290763,
                        0.047201677206264586,
                        0.9939991511918294,
                        0.6540025022352306
                    ],
                    [
                        -6.933470593429424e-07,
                        3.866497133224756e-07,
                        1.008857640090069e-06,
                        2.9251057340823117e-06,
                        1.0125071013528249e-06,
                        -9.540838169258325e-08,
                        6.787091781286684e-07,
                        2.607307018218777e-06
                    ],
                    [
                        -0.6254826306222244,
                        0.42773458735940934,
                        2.9251057340823113e-06,
                        1.3794115926889805,
                        0.06123705536773129,
                        -0.13226439199379658,
                        -0.31082145700414004,
                        0.18607816645442238
                    ],
                    [
                        -0.08467880894464665,
                        0.8851900519290763,
                        1.0125071013528253e-06,
                        0.06123705536773126,
                        1.6676531523024922,
                        -0.7087149858538151,
                        0.38802324084782797,
                        0.2635626042467358
                    ],
                    [
                        0.18931435435661112,
                        0.047201677206264586,
                        -9.540838169258349e-08,
                        -0.13226439199379658,
                        -0.7087149858538151,
                        1.741834510532795,
                        1.1700425670782229,
                        1.9216878618491957
                    ],
                    [
                        -0.4264509624854584,
                        0.9939991511918294,
                        6.787091781286686e-07,
                        -0.3108214570041401,
                        0.38802324084782797,
                        1.1700425670782229,
                        2.98378036135138,
                        2.8201298584163204
                    ],
                    [
                        -0.10485354947273019,
                        0.6540025022352306,
                        2.607307018218778e-06,
                        0.1860781664544224,
                        0.2635626042467358,
                        1.9216878618491957,
                        2.8201298584163204,
                        4.838384328021784
                    ]
                ]
            },
            "est_tgt": [
                1,
                2,
                4,
                5
            ],
            "oracle_est_tgt": [
                1,
                2,
                4,
                5
            ]
        },
        "3": {
            "intv_type": "do",
            "inode": 3,
            "new_mui": 1.0,
            "new_vari": null,
            "noise_type": "gaussian",
            "obs_noise_gamma_shape": null,
            "true_params": {
                "Si": [
                    [
                        1.0,
                        -0.6857580976377009,
                        0.6126350884967144,
                        0.0,
                        0.5185994237902622,
                        0.029246732613429638,
                        -0.2545988800832551,
                        0.23448841371114568
                    ],
                    [
                        -0.6857580976377009,
                        1.4702641684756785,
                        -1.3134885640731015,
                        0.0,
                        -0.37302107197896717,
                        0.34132138649892935,
                        0.06854567084586458,
                        0.03393659173332578
                    ],
                    [
                        0.6126350884967144,
                        -1.3134885640731015,
                        2.17343008483945,
                        0.0,
                        1.277001718706318,
                        -0.5637469084059983,
                        0.8053884717047459,
                        0.3808203135928605
                    ],
                    [
                        0.0,
                        0.0,
                        0.0,
                        1e-09,
                        0.0,
                        0.0,
                        -5.824082374603958e-10,
                        9.856348276910055e-11
                    ],
                    [
                        0.5185994237902622,
                        -0.37302107197896717,
                        1.277001718706318,
                        0.0,
                        2.1599234889044823,
                        -1.0632267664398942,
                        0.5203766011173528,
                        0.296994244404556
                    ],
                    [
                        0.029246732613429638,
                        0.34132138649892935,
                        -0.5637469084059983,
                        0.0,
                        -1.0632267664398942,
                        1.8837678076173598,
                        0.8593342101894665,
                        1.8531066321236471
                    ],
                    [
                        -0.2545988800832551,
                        0.06854567084586458,
                        0.8053884717047459,
                        -5.824082374603958e-10,
                        0.5203766011173528,
                        0.8593342101894665,
                        2.8369688332697836,
                        2.7724763867561917
                    ],
                    [
                        0.23448841371114568,
                        0.03393659173332578,
                        0.3808203135928605,
                        9.856348276910055e-11,
                        0.296994244404556,
                        1.8531066321236471,
                        2.7724763867561917,
                        4.816480417937714
                    ]
                ],
                "mui": [
                    0.0,
                    0.0,
                    0.0,
                    1.0,
                    0.0,
                    0.0,
                    -0.5824082374603958,
                    0.09856348276910054
                ],
                "Ai": [
                    [
                        0.0,
                        0.0,
                        0.0,
                        0.0,
                        0.0,
                        0.0,
                        0.0,
                        0.0
                    ],
                    [
                        -0.6857580976377009,
                        0.0,
                        0.0,
                        0.0,
                        0.0,
                        0.0,
                        0.0,
                        0.0
                    ],
                    [
                        0.0,
                        -0.8933690912394902,
                        0.0,
                        0.0,
                        0.0,
                        0.0,
                        0.0,
                        0.0
                    ],
                    [
                        0.0,
                        0.0,
                        0.0,
                        0.0,
                        0.0,
                        0.0,
                        0.0,
                        0.0
                    ],
                    [
                        0.5066759298918835,
                        0.825735321268458,
                        0.9437562226192877,
                        0.0,
                        0.0,
                        0.0,
                        0.0,
                        0.0
                    ],
                    [
                        0.6965144021669846,
                        0.8137373376319579,
                        0.5224646881481144,
                        0.0,
                        -0.8278468538290453,
                        0.0,
                        0.0,
                        0.0
                    ],
                    [
                        -0.9327184483179223,
                        -0.0,
                        0.5068232915482024,
                        -0.5824082374603958,
                        0.6529923488791782,
                        0.9908929205766744,
                        0.0,
                        0.0
                    ],
                    [
                        0.0,
                        -0.6559181819074902,
                        -0.6735653943416409,
                        0.5458613022085175,
                        0.7040988982709993,
                        0.9480473148834522,
                        0.7680142392729009,
                        0.0
                    ]
                ]
            },
            "est_params": {
                "mui": [
                    -0.001513630149898733,
                    -0.013297627704454135,
                    0.018583178145390487,
                    0.9999980152944646,
                    0.012792098029179258,
                    -0.015646449118323108,
                    -0.5776121826949785,
                    0.08867570521441764
                ],
                "Si": [
                    [
                        0.9797797088639087,
                        -0.6365467554663098,
                        0.5838159551615373,
                        2.6966021916348124e-06,
                        0.5306344425894997,
                        0.01148876427473607,
                        -0.27936726693081315,
                        0.21366429099676243
                    ],
                    [
                        -0.6365467554663098,
                        1.3965485290077013,
                        -1.224389825639524,
                        -1.9456330373005603e-06,
                        -0.3343437953739401,
                        0.33488594621866974,
                        0.11313343716152784,
                        0.05571139833620833
                    ],
                    [
                        0.5838159551615373,
                        -1.224389825639524,
                        2.0900184421674903,
                        7.276372066158835e-07,
                        1.2307152630331135,
                        -0.49961719445723723,
                        0.783508454314057,
                        0.4397745361500536
                    ],
                    [
                        2.6966021916348124e-06,
                        -1.9456330373005607e-06,
                        7.276372066158835e-07,
                        1.0124708573465562e-06,
                        2.1449057036836484e-08,
