{
    "expt_args": {
        "save_dir": "all_expt_logs/expt_logs_sim_compsel_backwardbugfixed_cameraready_all",
        "exp_name": "293",
        "num_nodes": 8,
        "num_tgt_prior": 9,
        "obs_noise_mean": 0.0,
        "obs_noise_var": 1.0,
        "obs_noise_gamma_shape": null,
        "noise_type": "gaussian",
        "max_edge_strength": 1.0,
        "graph_sparsity_method": "adj_dense_prop",
        "adj_dense_prop": 0.8,
        "num_parents": null,
        "new_noise_mean": 1.0,
        "mix_samples": 131072,
        "stage2_samples": 131072,
        "gmm_tol": 0.001,
        "intv_type": "do",
        "new_noise_var": null,
        "dtype": "simulation",
        "cutoff_drop_ratio": 0.07,
        "intv_targets": [
            0,
            1,
            2,
            3,
            4,
            5,
            6,
            7
        ]
    },
    "intv_args_dict": {
        "0": {
            "intv_type": "do",
            "inode": 0,
            "new_mui": 1.0,
            "new_vari": null,
            "noise_type": "gaussian",
            "obs_noise_gamma_shape": null,
            "true_params": {
                "Si": [
                    [
                        1e-09,
                        7.050975682687939e-10,
                        -1.1806398147357605e-09,
                        3.0646393916354123e-10,
                        -2.315726844260535e-09,
                        3.4635852057238675e-09,
                        1.4645061719027394e-09,
                        3.156480199051663e-09
                    ],
                    [
                        7.050975682687939e-10,
                        1.0000000004971625,
                        -0.7538316271352289,
                        -0.3084930989510631,
                        -1.0340079386588579,
                        0.6258891913256382,
                        0.08797620355481414,
                        0.3932692417878521
                    ],
                    [
                        -1.1806398147357605e-09,
                        -0.7538316271352289,
                        1.5682621222081785,
                        -0.5746729039268623,
                        2.007690308652277,
                        -2.48804091812444,
                        -2.292988472979406,
                        0.18653196482909934
                    ],
                    [
                        3.0646393916354123e-10,
                        -0.3084930989510631,
                        -0.5746729039268623,
                        1.746779802600341,
                        -1.3114972599174806,
                        2.0448385485579816,
                        2.9104982375814092,
                        -0.6556671977447943
                    ],
                    [
                        -2.315726844260535e-09,
                        -1.0340079386588579,
                        2.007690308652277,
                        -1.3114972599174806,
                        3.9860621082562715,
                        -4.46875166235159,
                        -4.168932663947708,
                        -0.6512329435004656
                    ],
                    [
                        3.4635852057238675e-09,
                        0.6258891913256382,
                        -2.48804091812444,
                        2.0448385485579816,
                        -4.46875166235159,
                        6.741783670368988,
                        5.827420600724234,
                        1.0561716085063022
                    ],
                    [
                        1.4645061719027394e-09,
                        0.08797620355481414,
                        -2.292988472979406,
                        2.9104982375814092,
                        -4.168932663947708,
                        5.827420600724234,
                        7.643482398258727,
                        -1.6223977678864445
                    ],
                    [
                        3.156480199051663e-09,
                        0.3932692417878521,
                        0.18653196482909934,
                        -0.6556671977447943,
                        -0.6512329435004656,
                        1.0561716085063022,
                        -1.6223977678864445,
                        4.218298067662325
                    ]
                ],
                "mui": [
                    1.0,
                    0.7050975682687939,
                    -1.1806398147357604,
                    0.3064639391635412,
                    -2.315726844260535,
                    3.4635852057238674,
                    1.4645061719027392,
                    3.156480199051663
                ],
                "Ai": [
                    [
                        0.0,
                        0.0,
                        0.0,
                        0.0,
                        0.0,
                        0.0,
                        0.0,
                        0.0
                    ],
                    [
                        0.7050975682687939,
                        0.0,
                        0.0,
                        0.0,
                        0.0,
                        0.0,
                        0.0,
                        0.0
                    ],
                    [
                        -0.6491149681455723,
                        -0.7538316263027627,
                        0.0,
                        0.0,
                        0.0,
                        0.0,
                        0.0,
                        0.0
                    ],
                    [
                        0.0,
                        -0.917004651443005,
                        -0.807224758213391,
                        0.0,
                        0.0,
                        0.0,
                        0.0,
                        0.0
                    ],
                    [
                        -0.7893928045189158,
                        -0.6941285374736218,
                        0.7123815634538866,
                        -0.6390300253274439,
                        0.0,
                        0.0,
                        0.0,
                        0.0
                    ],
                    [
                        0.9595162920633283,
                        -0.9972914897162785,
                        -0.8430813403164235,
                        -0.0,
                        -0.9551564019557737,
                        0.0,
                        0.0,
                        0.0
                    ],
                    [
                        -0.5279618860468847,
                        -0.9715075627777088,
                        -0.8685093463696416,
                        0.7475398651735672,
                        -0.614487393445714,
                        -0.0,
                        0.0,
                        0.0
                    ],
                    [
                        0.9928609077236509,
                        0.0,
                        0.9998369978669928,
                        -0.0,
                        -0.5979655076972936,
                        0.9836079772508071,
                        -0.9883660341411304,
                        0.0
                    ]
                ]
            },
            "est_params": {
                "mui": [
                    0.9999997504150482,
                    0.6985897827353401,
                    -1.1807899178578853,
                    0.3118615082323492,
                    -2.3108005148682995,
                    3.4771842917734324,
                    1.4693133135064704,
                    3.1614657757784452
                ],
                "Si": [
                    [
                        1.016175190203809e-06,
                        -1.3110089569122194e-06,
                        2.9449279292017255e-07,
                        9.415741175123353e-07,
                        9.756141916052444e-07,
                        1.4466028349444057e-06,
                        -3.633689263183092e-07,
                        3.0568230113901902e-06
                    ],
                    [
                        -1.3110089569122188e-06,
                        0.9907497332487952,
                        -0.743744939658868,
                        -0.2985136412269439,
                        -1.028965745766813,
                        0.6347479628649739,
                        0.07936457980296359,
                        0.4233625632046761
                    ],
                    [
                        2.944927929201726e-07,
                        -0.7437449396588679,
                        1.5707478959516943,
                        -0.6055016995463868,
                        2.0273731614982964,
                        -2.5367498833258235,
                        -2.3383355537719837,
                        0.1719659021178294
                    ],
                    [
                        9.415741175123344e-07,
                        -0.2985136412269439,
                        -0.6055016995463868,
                        1.7553603781418106,
                        -1.3611338789329688,
                        2.1098513677255855,
                        2.981682777947417,
                        -0.6681272351758107
                    ],
                    [
                        9.756141916052448e-07,
                        -1.0289657457668133,
                        2.0273731614982964,
                        -1.3611338789329688,
                        4.061185263801976,
                        -4.572673201653059,
                        -4.274002087391555,
                        -0.670029027374747
                    ],
                    [
                        1.4466028349444061e-06,
                        0.6347479628649739,
                        -2.5367498833258235,
                        2.1098513677255855,
                        -4.572673201653059,
                        6.890298062085015,
                        5.995944932010438,
                        1.058931354525888
                    ],
                    [
                        -3.6336892631830924e-07,
                        0.07936457980296359,
                        -2.3383355537719837,
                        2.981682777947417,
                        -4.274002087391556,
                        5.995944932010438,
                        7.815654209271613,
                        -1.6248167492592898
                    ],
                    [
                        3.0568230113901906e-06,
                        0.42336256320467613,
                        0.1719659021178294,
                        -0.6681272351758107,
                        -0.670029027374747,
                        1.058931354525888,
                        -1.6248167492592898,
                        4.233688762671593
                    ]
                ]
            },
            "est_tgt": [
                0
            ],
            "oracle_est_tgt": [
                0
            ]
        },
        "1": {
            "intv_type": "do",
            "inode": 1,
            "new_mui": 1.0,
            "new_vari": null,
            "noise_type": "gaussian",
            "obs_noise_gamma_shape": null,
            "true_params": {
                "Si": [
                    [
                        1.0,
                        0.0,
                        -0.6491149681455723,
                        0.5239816732140027,
                        -1.5866503622928392,
                        3.022272260636403,
                        1.4024743654388174,
                        2.8791870145614205
                    ],
                    [
                        0.0,
                        1e-09,
                        -7.538316263027627e-10,
                        -3.084930991671501e-10,
                        -1.0340079370260445e-09,
                        6.258891888834729e-10,
                        8.797620252219441e-11,
                        3.932692395622256e-10
                    ],
                    [
                        -0.6491149681455723,
                        -7.538316263027627e-10,
                        1.4213502424388895,
                        -1.1473491050980102,
                        2.258140921297275,
                        -3.978028011555909,
                        -3.137036330540224,
                        -1.385932628548832
                    ],
                    [
                        0.5239816732140027,
                        -3.084930991671501e-10,
                        -1.1473491050980102,
                        1.9261686042319814,
                        -2.4618572835852106,
                        3.8215363189538403,
                        3.6725091531168577,
                        0.9742948770721189
                    ],
                    [
                        -1.5866503622928392,
                        -1.0340079370260445e-09,
                        2.258140921297275,
                        -2.4618572835852106,
                        5.434349062293995,
                        -8.61686664326009,
                        -6.3032010289998395,
                        -4.812852541264741
                    ],
                    [
                        3.022272260636403,
                        6.258891888834729e-10,
                        -3.978028011555909,
                        3.8215363189538403,
                        -8.61686664326009,
                        15.484175999415367,
                        10.01101661258857,
                        9.511715679750807
                    ],
                    [
                        1.4024743654388174,
                        8.797620252219441e-11,
                        -3.137036330540224,
                        3.6725091531168577,
                        -6.3032010289998395,
                        10.01101661258857,
                        9.602676929624476,
                        2.3809898744867044
                    ],
                    [
                        2.8791870145614205,
                        3.932692395622256e-10,
                        -1.385932628548832,
                        0.9742948770721189,
                        -4.812852541264741,
                        9.511715679750807,
                        2.3809898744867044,
                        12.35335522788687
                    ]
                ],
                "mui": [
                    0.0,
                    1.0,
                    -0.7538316263027627,
                    -0.30849309916715006,
                    -1.0340079370260444,
                    0.6258891888834728,
                    0.0879762025221944,
                    0.3932692395622256
                ],
                "Ai": [
                    [
                        0.0,
                        0.0,
                        0.0,
                        0.0,
                        0.0,
                        0.0,
                        0.0,
                        0.0
                    ],
                    [
                        0.0,
                        0.0,
                        0.0,
                        0.0,
                        0.0,
                        0.0,
                        0.0,
                        0.0
                    ],
                    [
                        -0.6491149681455723,
                        -0.7538316263027627,
                        0.0,
                        0.0,
                        0.0,
                        0.0,
                        0.0,
                        0.0
                    ],
                    [
                        0.0,
                        -0.917004651443005,
                        -0.807224758213391,
                        0.0,
                        0.0,
                        0.0,
                        0.0,
                        0.0
                    ],
                    [
                        -0.7893928045189158,
                        -0.6941285374736218,
                        0.7123815634538866,
                        -0.6390300253274439,
                        0.0,
                        0.0,
                        0.0,
                        0.0
                    ],
                    [
                        0.9595162920633283,
                        -0.9972914897162785,
                        -0.8430813403164235,
                        -0.0,
                        -0.9551564019557737,
                        0.0,
                        0.0,
                        0.0
                    ],
                    [
                        -0.5279618860468847,
                        -0.9715075627777088,
                        -0.8685093463696416,
                        0.7475398651735672,
                        -0.614487393445714,
                        -0.0,
                        0.0,
                        0.0
                    ],
                    [
                        0.9928609077236509,
                        0.0,
                        0.9998369978669928,
                        -0.0,
                        -0.5979655076972936,
                        0.9836079772508071,
                        -0.9883660341411304,
                        0.0
                    ]
                ]
            },
            "est_params": {
                "mui": [
                    -0.009153470202031942,
                    0.9999989737418606,
                    -0.7811717059787937,
                    -0.2931688899165393,
                    -1.0621744201775398,
                    0.6582423829735511,
                    0.14278394501753966,
                    0.338955868544063
                ],
                "Si": [
                    [
                        1.021222687350857,
                        -6.958960315990682e-07,
                        -0.6679809720239721,
                        0.5414024232603095,
                        -1.6342047291339494,
                        3.1140867672585206,
                        1.448900911321363,
                        2.9598318985027516
                    ],
                    [
                        -6.958960315990678e-07,
                        1.0100560217840602e-06,
                        6.098923664510486e-07,
                        -2.3581576806169304e-07,
                        6.641576019530966e-07,
                        -2.138369691183585e-06,
                        -5.145142866807505e-07,
                        -2.4145889647149017e-06
                    ],
                    [
                        -0.6679809720239721,
                        6.098923664510482e-07,
                        1.4286710278710464,
                        -1.1457955007199088,
                        2.281081815030797,
                        -4.038569071160106,
                        -3.126099130403113,
                        -1.4986881760141357
                    ],
                    [
                        0.5414024232603095,
                        -2.35815768061693e-07,
                        -1.1457955007199088,
                        1.9269756434354752,
                        -2.4929265225767665,
                        3.870700357701223,
                        3.666285002811636,
                        1.0868887497730644
                    ],
                    [
                        -1.6342047291339494,
                        6.64157601953096e-07,
                        2.281081815030797,
                        -2.492926522576767,
                        5.50864950624509,
                        -8.784685524312051,
                        -6.350695629749786,
                        -5.033127868921576
                    ],
                    [
                        3.1140867672585206,
                        -2.138369691183585e-06,
                        -4.038569071160105,
                        3.8707003577012227,
                        -8.784685524312051,
                        15.844030826224023,
                        10.124352241787125,
                        9.945146645210835
                    ],
                    [
                        1.448900911321363,
                        -5.145142866807505e-07,
                        -3.126099130403113,
                        3.666285002811636,
                        -6.350695629749786,
                        10.124352241787125,
                        9.543096251479136,
                        2.690028773767374
                    ],
                    [
                        2.9598318985027516,
                        -2.4145889647149025e-06,
                        -1.4986881760141357,
                        1.0868887497730644,
                        -5.033127868921576,
                        9.945146645210835,
                        2.6900287737673736,
                        12.579989444408552
                    ]
                ]
            },
            "est_tgt": [
                1,
                6
            ],
            "oracle_est_tgt": [
                1
            ]
        },
        "2": {
            "intv_type": "do",
            "inode": 2,
            "new_mui": 1.0,
            "new_vari": null,
            "noise_type": "gaussian",
            "obs_noise_gamma_shape": null,
            "true_params": {
                "Si": [
                    [
                        1.0,
                        0.7050975682687939,
                        0.0,
                        -0.6465777498236358,
                        -0.8656385525115812,
                        1.0831486930203835,
                        -1.1643881722446165,
                        3.7267183192644753
                    ],
                    [
                        0.7050975682687939,
                        1.4971625807785665,
                        0.0,
                        -1.3729050505403593,
                        -0.718494670212249,
                        -0.13028011225965008,
                        -2.411564751198121,
                        3.385062973436867
                    ],
                    [
                        0.0,
                        0.0,
                        1e-09,
                        -8.07224758213391e-10,
                        1.22822242113993e-09,
                        -2.0162258488938483e-09,
                        -2.226669227427105e-09,
                        4.829907589898089e-10
                    ],
                    [
                        -0.6465777498236358,
                        -1.3729050505403593,
                        -8.07224758213391e-10,
                        2.2589603179867153,
                        0.019832928302744746,
                        0.7298410902936316,
                        3.35163185567267,
                        -3.24858274600661
                    ],
                    [
                        -0.8656385525115812,
                        -0.718494670212249,
                        1.22822242113993e-09,
                        0.019832928302744746,
                        2.1693826634831748,
                        -2.186145414517113,
                        -0.1631852260418033,
                        -4.145698017994581
                    ],
                    [
                        1.0831486930203835,
                        -0.13028011225965008,
                        -2.0162258488938483e-09,
                        0.7298410902936316,
                        -2.186145414517113,
                        4.25733685489811,
                        1.4436509969507818,
                        5.143350427009354
                    ],
                    [
                        -1.1643881722446165,
                        -2.411564751198121,
                        -2.226669227427105e-09,
                        3.35163185567267,
                        -0.1631852260418033,
                        1.4436509969507818,
                        6.563359661060212,
                        -6.125511485202081
                    ],
                    [
                        3.7267183192644753,
                        3.385062973436867,
                        4.829907589898089e-10,
                        -3.24858274600661,
                        -4.145698017994581,
                        5.143350427009354,
                        -6.125511485202081,
                        18.292385357385864
                    ]
                ],
                "mui": [
                    0.0,
                    0.0,
                    1.0,
                    -0.807224758213391,
                    1.2282224211399297,
                    -2.016225848893848,
                    -2.226669227427105,
                    0.4829907589898088
                ],
                "Ai": [
                    [
                        0.0,
                        0.0,
                        0.0,
                        0.0,
                        0.0,
                        0.0,
                        0.0,
                        0.0
                    ],
                    [
                        0.7050975682687939,
                        0.0,
                        0.0,
                        0.0,
                        0.0,
                        0.0,
                        0.0,
                        0.0
                    ],
                    [
                        0.0,
                        0.0,
                        0.0,
                        0.0,
                        0.0,
                        0.0,
                        0.0,
                        0.0
                    ],
                    [
                        0.0,
                        -0.917004651443005,
                        -0.807224758213391,
                        0.0,
                        0.0,
                        0.0,
                        0.0,
                        0.0
                    ],
                    [
                        -0.7893928045189158,
                        -0.6941285374736218,
                        0.7123815634538866,
                        -0.6390300253274439,
                        0.0,
                        0.0,
                        0.0,
                        0.0
                    ],
                    [
                        0.9595162920633283,
                        -0.9972914897162785,
                        -0.8430813403164235,
                        -0.0,
                        -0.9551564019557737,
                        0.0,
                        0.0,
                        0.0
                    ],
                    [
                        -0.5279618860468847,
                        -0.9715075627777088,
                        -0.8685093463696416,
                        0.7475398651735672,
                        -0.614487393445714,
                        -0.0,
                        0.0,
                        0.0
                    ],
                    [
                        0.9928609077236509,
                        0.0,
                        0.9998369978669928,
                        -0.0,
                        -0.5979655076972936,
                        0.9836079772508071,
                        -0.9883660341411304,
                        0.0
                    ]
                ]
            },
            "est_params": {
                "mui": [
                    -0.0016033654661957283,
                    0.006179077246747759,
                    1.000000912380038,
                    -0.8223230567605587,
                    1.233530800987137,
                    -2.038152303139543,
                    -2.2477264701045825,
                    0.47279791170622476
                ],
                "Si": [
                    [
                        1.0153890780572385,
                        0.7099902044237439,
                        -2.5343527216448467e-07,
                        -0.6496560706095379,
                        -0.8803418078032001,
                        1.1021437366841853,
                        -1.1667791129749774,
                        3.7745645165564845
                    ],
                    [
                        0.7099902044237439,
                        1.485635072199775,
                        -4.843762490896261e-07,
                        -1.3583993678928137,
                        -0.7269759177183577,
                        -0.11539907007872562,
                        -2.3790719210412523,
                        3.3858006161326433
                    ],
                    [
                        -2.5343527216448467e-07,
                        -4.843762490896266e-07,
                        1.0094539637479146e-06,
                        2.4779296181768015e-07,
                        7.737678449191993e-07,
                        -9.113185454558764e-07,
                        3.693383853571908e-08,
                        -1.0759490414007212e-06
                    ],
                    [
                        -0.6496560706095379,
                        -1.3583993678928137,
                        2.4779296181768026e-07,
                        2.2310446962069586,
                        0.029408414222609404,
                        0.7037814688022732,
                        3.304033894427318,
                        -3.2344111551766166
                    ],
                    [
                        -0.8803418078032003,
                        -0.7269759177183577,
                        7.737678449191991e-07,
                        0.029408414222609407,
                        2.195933345126732,
                        -2.2203184564758036,
                        -0.17373305906411843,
                        -4.2092857781591
                    ],
                    [
                        1.1021437366841853,
                        -0.11539907007872562,
                        -9.113185454558762e-07,
                        0.7037814688022732,
                        -2.220318456475804,
                        4.2900467239430204,
                        1.421266466369806,
                        5.234318703554636
                    ],
                    [
                        -1.1667791129749774,
                        -2.3790719210412523,
                        3.6933838535718845e-08,
                        3.304033894427318,
                        -0.17373305906411846,
                        1.421266466369806,
                        6.51720849483447,
                        -6.106901915788903
                    ],
                    [
                        3.7745645165564854,
                        3.385800616132644,
                        -1.0759490414007201e-06,
                        -3.2344111551766166,
                        -4.2092857781591,
                        5.234318703554636,
                        -6.106901915788903,
                        18.453501881495384
                    ]
                ]
            },
            "est_tgt": [
                2,
                6
            ],
            "oracle_est_tgt": [
                2
            ]
        },
        "3": {
            "intv_type": "do",
            "inode": 3,
            "new_mui": 1.0,
            "new_vari": null,
            "noise_type": "gaussian",
            "obs_noise_gamma_shape": null,
            "true_params": {
                "Si": [
                    [
                        1.0,
                        0.7050975682687939,
                        -1.1806398147357604,
                        0.0,
                        -2.119887185454909,
                        3.2765277018588392,
                        1.1150711586670983,
                        3.2007532832621903
                    ],
                    [
                        0.7050975682687939,
                        1.4971625807785665,
                        -1.5862978886742667,
                        0.0,
                        -2.725871589468604,
                        3.1244569534309288,
                        1.2259588583958836,
                        2.6055463709229763
                    ],
                    [
                        -1.1806398147357604,
                        -1.5862978886742667,
                        2.9621724929535587,
                        0.0,
                        4.143280279694271,
                        -6.005674792622664,
                        -2.95423477607829,
                        -3.6754244868573567
                    ],
                    [
                        0.0,
                        0.0,
                        0.0,
                        1e-09,
                        -6.390300253274439e-10,
                        6.103736197334683e-10,
                        1.1402157597705769e-09,
                        -1.4446425354763172e-10
                    ],
                    [
                        -2.119887185454909,
                        -2.725871589468604,
                        4.143280279694271,
                        -6.390300253274439e-10,
                        7.517125434213321,
                        -9.988730527848519,
                        -4.450231961326384,
                        -7.883666840921273
                    ],
                    [
                        3.2765277018588392,
                        3.1244569534309288,
                        -6.005674792622664,
                        6.103736197334683e-10,
                        -9.988730527848519,
                        15.631959646443317,
                        6.588618370005085,
                        12.085110334237358
                    ],
                    [
                        1.1150711586670983,
                        1.2259588583958836,
                        -2.95423477607829,
                        1.1402157597705769e-09,
                        -4.450231961326384,
                        6.588618370005085,
                        4.520648578798542,
                        2.8270046276129053
                    ],
                    [
                        3.2007532832621903,
                        2.6055463709229763,
                        -3.6754244868573567,
                        -1.4446425354763172e-10,
                        -7.883666840921273,
                        12.085110334237358,
                        2.8270046276129053,
                        14.31013384886031
                    ]
                ],
                "mui": [
                    0.0,
                    0.0,
                    0.0,
                    1.0,
                    -0.6390300253274439,
                    0.6103736197334683,
                    1.1402157597705769,
                    -0.1444642535476317
                ],
                "Ai": [
                    [
                        0.0,
                        0.0,
                        0.0,
                        0.0,
                        0.0,
                        0.0,
                        0.0,
                        0.0
                    ],
                    [
                        0.7050975682687939,
                        0.0,
                        0.0,
                        0.0,
                        0.0,
                        0.0,
                        0.0,
                        0.0
                    ],
                    [
                        -0.6491149681455723,
                        -0.7538316263027627,
                        0.0,
                        0.0,
                        0.0,
                        0.0,
                        0.0,
                        0.0
                    ],
                    [
                        0.0,
                        0.0,
                        0.0,
                        0.0,
                        0.0,
                        0.0,
                        0.0,
                        0.0
                    ],
                    [
                        -0.7893928045189158,
                        -0.6941285374736218,
                        0.7123815634538866,
                        -0.6390300253274439,
                        0.0,
                        0.0,
                        0.0,
                        0.0
                    ],
                    [
                        0.9595162920633283,
                        -0.9972914897162785,
                        -0.8430813403164235,
                        -0.0,
                        -0.9551564019557737,
                        0.0,
                        0.0,
                        0.0
                    ],
                    [
                        -0.5279618860468847,
                        -0.9715075627777088,
                        -0.8685093463696416,
                        0.7475398651735672,
                        -0.614487393445714,
                        -0.0,
                        0.0,
                        0.0
                    ],
                    [
                        0.9928609077236509,
                        0.0,
                        0.9998369978669928,
                        -0.0,
                        -0.5979655076972936,
                        0.9836079772508071,
                        -0.9883660341411304,
                        0.0
                    ]
                ]
            },
            "est_params": {
                "mui": [
                    -0.007112754190160195,
                    -0.017564881239340045,
                    0.02316776586997191,
                    1.0000009130708825,
                    -0.6045930038083172,
                    0.571992261373186,
                    1.1130078677829827,
                    -0.16593112572489088
                ],
                "Si": [
                    [
                        1.017694398053754,
                        0.7187848076560995,
                        -1.1951503459651411,
                        5.039615635732886e-07,
                        -2.1585050931290097,
                        3.320234233056933,
                        1.1367914188044366,
                        3.2551355169191893
                    ],
                    [
                        0.7187848076560995,
                        1.4974604265757376,
                        -1.5902800891585211,
                        -7.627974030018277e-07,
                        -2.7426296044072345,
                        3.1397327766545073,
                        1.2310037485213252,
                        2.6482279566091034
                    ],
                    [
                        -1.1951503459651411,
                        -1.5902800891585211,
                        2.953249298415747,
                        1.3558582670384603e-06,
                        4.148753087500871,
                        -5.977882769781774,
                        -2.9521176229765493,
                        -3.697928341918323
                    ],
                    [
                        5.039615635732886e-07,
                        -7.627974030018275e-07,
                        1.3558582670384603e-06,
                        1.0095588159701926e-06,
                        -8.893257011003513e-08,
                        -2.7290172821585807e-07,
                        -3.545007718639813e-07,
                        1.3190979745421263e-06
                    ],
                    [
                        -2.1585050931290097,
                        -2.7426296044072345,
