{
    "expt_args": {
        "save_dir": "expt_logs_29.04.24-6",
        "exp_name": "70",
        "num_nodes": 8,
        "obs_noise_mean": 0.5,
        "obs_noise_var": 1.0,
        "max_edge_strength": 1.0,
        "num_parents": 2,
        "new_noise_mean": 10.0,
        "mix_samples": 65536,
        "stage2_samples": 65536,
        "intv_targets": [
            0,
            1,
            2,
            3,
            4,
            5,
            6,
            7
        ]
    },
    "intv_args_dict": {
        "0": {
            "intv_type": "do",
            "inode": 0,
            "new_mui": 10.0,
            "true_params": {
                "Si": [
                    [
                        0.0,
                        0.0,
                        0.0,
                        0.0,
                        0.0,
                        0.0,
                        0.0,
                        0.0
                    ],
                    [
                        0.0,
                        1.0,
                        -0.21037088693464234,
                        -0.6427240537038938,
                        0.5317159910163128,
                        0.3859159826332738,
                        0.6877052990751027,
                        -0.22284859550642278
                    ],
                    [
                        0.0,
                        -0.21037088693464234,
                        1.044255910069668,
                        0.13521042923191684,
                        -0.11185756462743406,
                        -0.08118548754881584,
                        -0.5253424494210747,
                        0.04688085668882551
                    ],
                    [
                        0.0,
                        -0.6427240537038938,
                        0.13521042923191684,
                        1.4130942092095657,
                        -1.1690316917801784,
                        -0.8484755427431652,
                        -1.387392672591259,
                        0.1432301526661074
                    ],
                    [
                        0.0,
                        0.5317159910163128,
                        -0.11185756462743406,
                        -1.1690316917801784,
                        1.9671224236003857,
                        0.30074317359786307,
                        1.147769195169244,
                        -0.11849216180629103
                    ],
                    [
                        0.0,
                        0.3859159826332738,
                        -0.08118548754881584,
                        -0.8484755427431652,
                        0.30074317359786307,
                        1.6704087744757878,
                        0.8330433620085563,
                        -0.0860008347133061
                    ],
                    [
                        0.0,
                        0.6877052990751027,
                        -0.5253424494210747,
                        -1.387392672591259,
                        1.147769195169244,
                        0.8330433620085563,
                        2.5116060235156703,
                        -0.15325416002121106
                    ],
                    [
                        0.0,
                        -0.22284859550642278,
                        0.04688085668882551,
                        0.1432301526661074,
                        -0.11849216180629103,
                        -0.0860008347133061,
                        -0.15325416002121106,
                        1.0496614965191853
                    ]
                ],
                "mui": [
                    10.0,
                    6.6671279680160485,
                    4.384413230374476,
                    -0.6886264226031047,
                    4.9320961745174925,
                    -0.8366671232529013,
                    -0.5179922971357894,
                    6.8611347381200325
                ],
                "Ai": [
                    [
                        0.0,
                        0.0,
                        0.0,
                        0.0,
                        0.0,
                        0.0,
                        0.0,
                        0.0
                    ],
                    [
                        0.6167127968016048,
                        0.0,
                        0.0,
                        0.0,
                        0.0,
                        0.0,
                        0.0,
                        0.0
                    ],
                    [
                        0.5286982854312772,
                        -0.21037088693464234,
                        0.0,
                        0.0,
                        0.0,
                        0.0,
                        0.0,
                        0.0
                    ],
                    [
                        0.3096497091562775,
                        -0.6427240537038938,
                        -0.0,
                        0.0,
                        0.0,
                        0.0,
                        0.0,
                        0.0
                    ],
                    [
                        0.38624058406574857,
                        0.0,
                        0.0,
                        -0.8272850346149905,
                        0.0,
                        0.0,
                        0.0,
                        0.0
                    ],
                    [
                        -0.0,
                        0.0,
                        -0.0,
                        -0.9323348410868425,
                        -0.40118794515038914,
                        0.0,
                        0.0,
                        0.0
                    ],
                    [
                        0.0,
                        -0.0,
                        -0.38066927570499187,
                        -0.9453879350160603,
                        -0.0,
                        -0.0,
                        0.0,
                        0.0
                    ],
                    [
                        0.7846894841854,
                        -0.22284859550642278,
                        -0.0,
                        -0.0,
                        0.0,
                        0.0,
                        -0.0,
                        0.0
                    ]
                ]
            },
            "est_params": {
                "mui": [
                    10.0,
                    6.667197402506428,
                    4.394679639695741,
                    -0.6920814419044862,
                    4.950909392564675,
                    -0.8329549610657444,
                    -0.5184621361907119,
                    6.885924880125969
                ],
                "Si": [
                    [
                        1e-06,
                        0.0,
                        0.0,
                        0.0,
                        0.0,
                        0.0,
                        0.0,
                        0.0
                    ],
                    [
                        0.0,
                        1.0121538367690595,
                        -0.19699301407681732,
                        -0.650515261661463,
                        0.531894282101258,
                        0.38786483891015205,
                        0.6893533525261217,
                        -0.23285587230397803
                    ],
                    [
                        0.0,
                        -0.19699301407681732,
                        1.0380711054848308,
                        0.1324556756288998,
                        -0.13497006683198834,
                        -0.05423123820376378,
                        -0.5146722688545954,
                        0.04575321262149593
                    ],
                    [
                        0.0,
                        -0.650515261661463,
                        0.1324556756288998,
                        1.4261773493534635,
                        -1.1584333349988936,
                        -0.8630205243944893,
                        -1.401972005196248,
                        0.1429609445353338
                    ],
                    [
                        0.0,
                        0.531894282101258,
                        -0.13497006683198834,
                        -1.1584333349988936,
                        1.9270161221776287,
                        0.2876282699126905,
                        1.1404711835573034,
                        -0.1132552044776976
                    ],
                    [
                        0.0,
                        0.38786483891015205,
                        -0.05423123820376378,
                        -0.8630205243944893,
                        0.2876282699126905,
                        1.6897804300367782,
                        0.8474925494557233,
                        -0.09665348405406692
                    ],
                    [
                        0.0,
                        0.6893533525261217,
                        -0.5146722688545954,
                        -1.401972005196248,
                        1.1404711835573034,
                        0.8474925494557233,
                        2.5199378514229016,
                        -0.16130843652724258
                    ],
                    [
                        0.0,
                        -0.23285587230397803,
                        0.04575321262149593,
                        0.1429609445353338,
                        -0.1132552044776976,
                        -0.09665348405406692,
                        -0.16130843652724258,
                        1.0318967119704343
                    ]
                ]
            },
            "est_tgt": [
                0,
                1,
                2
            ]
        },
        "1": {
            "intv_type": "do",
            "inode": 1,
            "new_mui": 10.0,
            "true_params": {
                "Si": [
                    [
                        1.0,
                        0.0,
                        0.5286982854312772,
                        0.3096497091562775,
                        0.13007201370787583,
                        -0.34088053627984094,
                        -0.4939982924991722,
                        0.7846894841854
                    ],
                    [
                        0.0,
                        0.0,
                        0.0,
                        0.0,
                        0.0,
                        0.0,
                        0.0,
                        0.0
                    ],
                    [
                        0.5286982854312772,
                        0.0,
                        1.2795218770179722,
                        0.16371127031521757,
                        0.06876885062994753,
                        -0.18022295506804617,
                        -0.6418453259552828,
                        0.4148639848847742
                    ],
                    [
                        0.3096497091562775,
                        0.0,
                        0.16371127031521757,
                        1.0958829423805672,
                        -0.7870082734009753,
                        -0.7059916169120746,
                        -1.0983543626121266,
                        0.2429788705559985
                    ],
                    [
                        0.13007201370787583,
                        0.0,
                        0.06876885062994753,
                        -0.7870082734009753,
                        1.7013192572479479,
                        0.05120645665523821,
                        0.7178499378707363,
                        0.10206614134338936
                    ],
                    [
                        -0.34088053627984094,
                        0.0,
                        -0.18022295506804617,
                        -0.7059916169120746,
                        0.05120645665523821,
                        1.6376771688384146,
                        0.7360412986223221,
                        -0.2674853721822709
                    ],
                    [
                        -0.4939982924991722,
                        0.0,
                        -0.6418453259552828,
                        -1.0983543626121266,
                        0.7178499378707363,
                        0.7360412986223221,
                        2.2827017581317914,
                        -0.38763526532964376
                    ],
                    [
                        0.7846894841854,
                        0.0,
                        0.4148639848847742,
                        0.2429788705559985,
                        0.10206614134338936,
                        -0.2674853721822709,
                        -0.38763526532964376,
                        1.6157375865911492
                    ]
                ],
                "mui": [
                    0.5,
                    10.0,
                    -1.3393597266307848,
                    -5.7724156824608,
                    5.468553399709571,
                    3.6879065566196303,
                    6.467025239140915,
                    -1.3361412129715278
                ],
                "Ai": [
                    [
                        0.0,
                        0.0,
                        0.0,
                        0.0,
                        0.0,
                        0.0,
                        0.0,
                        0.0
                    ],
                    [
                        0.0,
                        0.0,
                        0.0,
                        0.0,
                        0.0,
                        0.0,
                        0.0,
                        0.0
                    ],
                    [
                        0.5286982854312772,
                        -0.21037088693464234,
                        0.0,
                        0.0,
                        0.0,
                        0.0,
                        0.0,
                        0.0
                    ],
                    [
                        0.3096497091562775,
                        -0.6427240537038938,
                        -0.0,
                        0.0,
                        0.0,
                        0.0,
                        0.0,
                        0.0
                    ],
                    [
                        0.38624058406574857,
                        0.0,
                        0.0,
                        -0.8272850346149905,
                        0.0,
                        0.0,
                        0.0,
                        0.0
                    ],
                    [
                        -0.0,
                        0.0,
                        -0.0,
                        -0.9323348410868425,
                        -0.40118794515038914,
                        0.0,
                        0.0,
                        0.0
                    ],
                    [
                        0.0,
                        -0.0,
                        -0.38066927570499187,
                        -0.9453879350160603,
                        -0.0,
                        -0.0,
                        0.0,
                        0.0
                    ],
                    [
                        0.7846894841854,
                        -0.22284859550642278,
                        -0.0,
                        -0.0,
                        0.0,
                        0.0,
                        -0.0,
                        0.0
                    ]
                ]
            },
            "est_params": {
                "mui": [
                    0.5116093756886795,
                    10.0,
                    -1.323524009251357,
                    -5.767089759945753,
                    5.478940359022133,
                    3.674197520411524,
                    6.466630184573158,
                    -1.3220935327310994
                ],
                "Si": [
                    [
                        0.9848679864967178,
                        8.384914858963367e-144,
                        0.5199132661812236,
                        0.2913347129757886,
                        0.13751228311236682,
                        -0.3268680549497199,
                        -0.457886527750988,
                        0.7551578015997604
                    ],
                    [
                        8.384914858963367e-144,
                        1e-06,
                        3.997160614472425e-144,
                        1.9582136350328552e-144,
                        1.1089379412622298e-144,
                        -2.89639991199317e-144,
                        -3.9886059932653007e-144,
                        6.487104336139552e-144
                    ],
                    [
                        0.5199132661812236,
                        3.997160614472426e-144,
                        1.2923496440871607,
                        0.1588397629006293,
                        0.0578679190553022,
                        -0.17579255879862019,
                        -0.6475527829950868,
                        0.4140447096129376
                    ],
                    [
                        0.2913347129757886,
                        1.9582136350328555e-144,
                        0.1588397629006293,
                        1.0558663102657158,
                        -0.7652608867610033,
                        -0.6694372037699822,
                        -1.0672220560464654,
                        0.2205765354155892
                    ],
                    [
                        0.13751228311236682,
                        1.1089379412622298e-144,
                        0.0578679190553022,
                        -0.7652608867610033,
                        1.716944911308849,
                        0.015878940708915892,
                        0.7010863689859484,
                        0.11232921553020168
                    ],
                    [
                        -0.3268680549497199,
                        -2.896399911993171e-144,
                        -0.17579255879862019,
                        -0.6694372037699822,
                        0.015878940708915892,
                        1.587034315928607,
                        0.7216738383134772,
                        -0.24227467203669373
                    ],
                    [
                        -0.457886527750988,
                        -3.9886059932653007e-144,
                        -0.6475527829950868,
                        -1.0672220560464654,
                        0.7010863689859484,
                        0.7216738383134772,
                        2.246631597873512,
                        -0.3581890100677489
                    ],
                    [
                        0.7551578015997604,
                        6.487104336139552e-144,
                        0.4140447096129376,
                        0.2205765354155892,
                        0.11232921553020168,
                        -0.24227467203669373,
                        -0.3581890100677489,
                        1.5806827569310444
                    ]
                ]
            },
            "est_tgt": [
                0,
                1,
                2
            ]
        },
        "2": {
            "intv_type": "do",
            "inode": 2,
            "new_mui": 10.0,
            "true_params": {
                "Si": [
                    [
                        1.0,
                        0.6167127968016048,
                        0.0,
                        -0.08672643957511578,
                        0.4579880696316831,
                        -0.10288121129963505,
                        0.08199012962121384,
                        0.6472559035873244
                    ],
                    [
                        0.6167127968016048,
                        1.3803346737388575,
                        0.0,
                        -0.6962093588109088,
                        0.8141630943406363,
                        0.322467823074339,
                        0.6581879280651005,
                        0.17632240304126595
                    ],
                    [
                        0.0,
                        0.0,
                        0.0,
                        0.0,
                        0.0,
                        0.0,
                        0.0,
                        0.0
                    ],
                    [
                        -0.08672643957511578,
                        -0.6962093588109088,
                        0.0,
                        1.4206156845309421,
                        -1.2087513664272143,
                        -0.8395530215879726,
                        -1.3430329284501343,
                        0.08709595265400433
                    ],
                    [
                        0.4579880696316831,
                        0.8141630943406363,
                        0.0,
                        -1.2087513664272143,
                        2.176875495525341,
                        0.2536248062333739,
                        1.1427389582544654,
                        0.1779433200353785
                    ],
                    [
                        -0.10288121129963505,
                        0.322467823074339,
                        0.0,
                        -0.8395530215879726,
                        0.2536248062333739,
                        1.680993318114268,
                        0.7937032974155473,
                        -0.15259130609520985
                    ],
                    [
                        0.08199012962121384,
                        0.6581879280651005,
                        0.0,
                        -1.3430329284501343,
                        1.1427389582544654,
                        0.7937032974155473,
                        2.269687126886045,
                        -0.08233946282782571
                    ],
                    [
                        0.6472559035873244,
                        0.17632240304126595,
                        0.0,
                        0.08709595265400433,
                        0.1779433200353785,
                        -0.15259130609520985,
                        -0.08233946282782571,
                        1.468601701247829
                    ]
                ],
                "mui": [
                    0.5,
                    0.8083563984008024,
                    10.0,
                    0.1352747533604952,
                    0.5812095130165027,
                    0.1407043840936319,
                    -3.434579876789204,
                    0.7122036540404508
                ],
                "Ai": [
                    [
                        0.0,
                        0.0,
                        0.0,
                        0.0,
                        0.0,
                        0.0,
                        0.0,
                        0.0
                    ],
                    [
                        0.6167127968016048,
                        0.0,
                        0.0,
                        0.0,
                        0.0,
                        0.0,
                        0.0,
                        0.0
                    ],
                    [
                        0.0,
                        0.0,
                        0.0,
                        0.0,
                        0.0,
                        0.0,
                        0.0,
                        0.0
                    ],
                    [
                        0.3096497091562775,
                        -0.6427240537038938,
                        -0.0,
                        0.0,
                        0.0,
                        0.0,
                        0.0,
                        0.0
                    ],
                    [
                        0.38624058406574857,
                        0.0,
                        0.0,
                        -0.8272850346149905,
                        0.0,
                        0.0,
                        0.0,
                        0.0
                    ],
                    [
                        -0.0,
                        0.0,
                        -0.0,
                        -0.9323348410868425,
                        -0.40118794515038914,
                        0.0,
                        0.0,
                        0.0
                    ],
                    [
                        0.0,
                        -0.0,
                        -0.38066927570499187,
                        -0.9453879350160603,
                        -0.0,
                        -0.0,
                        0.0,
                        0.0
                    ],
                    [
                        0.7846894841854,
                        -0.22284859550642278,
                        -0.0,
                        -0.0,
                        0.0,
                        0.0,
                        -0.0,
                        0.0
                    ]
                ]
            },
            "est_params": {
                "mui": [
                    0.4789490099452762,
                    0.8170573753313024,
                    10.0,
                    0.10120428285322217,
                    0.6100631797637931,
                    0.1593085154141834,
                    -3.377837215531724,
                    0.6857687662566441
                ],
                "Si": [
                    [
                        0.9909847191622577,
                        0.6046207634157165,
                        0.0,
                        -0.08364194306954977,
                        0.4413390168397195,
                        -0.08604131963803163,
                        0.0763728338770675,
                        0.6369851234792717
                    ],
                    [
                        0.6046207634157165,
                        1.4056323369211396,
                        0.0,
                        -0.7090264748323024,
                        0.8371729815839655,
                        0.3068328591358266,
                        0.6510309772099073,
                        0.1476042085400765
                    ],
                    [
                        0.0,
                        0.0,
                        1e-06,
                        0.0,
                        0.0,
                        0.0,
                        0.0,
                        0.0
                    ],
                    [
                        -0.08364194306954977,
                        -0.7090264748323024,
                        0.0,
                        1.4359573120608595,
                        -1.2335471446768165,
                        -0.8284534531682571,
                        -1.3533916403779866,
                        0.07850681493088474
                    ],
                    [
                        0.4413390168397195,
                        0.8371729815839655,
                        0.0,
                        -1.2335471446768165,
                        2.162523795974298,
                        0.27478112659027326,
                        1.1647111820151652,
                        0.18051605941527157
                    ],
                    [
                        -0.08604131963803163,
                        0.3068328591358266,
                        0.0,
                        -0.8284534531682571,
                        0.27478112659027326,
                        1.6410714411026122,
                        0.7856167115431353,
                        -0.12277854890732384
                    ],
                    [
                        0.0763728338770675,
                        0.6510309772099073,
                        0.0,
                        -1.3533916403779866,
                        1.1647111820151652,
                        0.7856167115431353,
                        2.2595789620906994,
                        -0.07404105754007038
                    ],
                    [
                        0.6369851234792717,
                        0.1476042085400765,
                        0.0,
                        0.07850681493088474,
                        0.18051605941527157,
                        -0.12277854890732384,
                        -0.07404105754007038,
                        1.4714676005806335
                    ]
                ]
            },
            "est_tgt": [
                0,
                2
            ]
        },
        "3": {
            "intv_type": "do",
            "inode": 3,
            "new_mui": 10.0,
            "true_params": {
                "Si": [
                    [
                        1.0,
                        0.6167127968016048,
                        0.3989598673841797,
                        0.0,
                        0.38624058406574857,
                        -0.1549550662550238,
                        -0.1518717637524953,
                        0.6472559035873244
                    ],
                    [
                        0.6167127968016048,
                        1.3803346737388575,
                        0.0356727686914525,
                        0.0,
                        0.23819951083747318,
                        -0.09556277228871371,
                        -0.013579527020166945,
                        0.17632240304126595
                    ],
                    [
                        0.3989598673841797,
                        0.0356727686914525,
                        1.2034248858528702,
                        0.0,
                        0.15409449219725915,
                        -0.06182085268361108,
                        -0.4581068796629747,
                        0.3051099861476519
                    ],
                    [
                        0.0,
                        0.0,
                        0.0,
                        0.0,
                        0.0,
                        0.0,
                        0.0,
                        0.0
                    ],
                    [
                        0.38624058406574857,
                        0.23819951083747318,
                        0.15409449219725915,
                        0.0,
                        1.1491817887794507,
                        -0.4610378804446763,
                        -0.05865903873485917,
                        0.24999649824157202
                    ],
                    [
                        -0.1549550662550238,
                        -0.09556277228871371,
                        -0.06182085268361108,
                        0.0,
                        -0.4610378804446763,
                        1.1849628398920904,
                        0.023533299214535234,
                        -0.10029558142432916
                    ],
                    [
                        -0.1518717637524953,
                        -0.013579527020166945,
                        -0.4581068796629747,
                        0.0,
                        -0.05865903873485917,
                        0.023533299214535234,
                        1.1743872140767784,
                        -0.11614599743718675
                    ],
                    [
                        0.6472559035873244,
                        0.17632240304126595,
                        0.3051099861476519,
                        0.0,
                        0.24999649824157202,
                        -0.10029558142432916,
                        -0.11614599743718675,
                        1.468601701247829
                    ]
                ],
                "mui": [
                    0.5,
                    0.8083563984008024,
                    0.5942944902247687,
                    10.0,
                    -7.5797300541170305,
                    -5.782452085662565,
                    -9.180109003309934,
                    0.7122036540404508
                ],
                "Ai": [
                    [
                        0.0,
                        0.0,
                        0.0,
                        0.0,
                        0.0,
                        0.0,
                        0.0,
                        0.0
                    ],
                    [
                        0.6167127968016048,
                        0.0,
                        0.0,
                        0.0,
                        0.0,
                        0.0,
                        0.0,
                        0.0
                    ],
                    [
                        0.5286982854312772,
                        -0.21037088693464234,
                        0.0,
                        0.0,
                        0.0,
                        0.0,
                        0.0,
                        0.0
                    ],
                    [
                        0.0,
                        0.0,
                        0.0,
                        0.0,
                        0.0,
                        0.0,
                        0.0,
                        0.0
                    ],
                    [
                        0.38624058406574857,
                        0.0,
                        0.0,
                        -0.8272850346149905,
                        0.0,
                        0.0,
                        0.0,
                        0.0
                    ],
                    [
                        -0.0,
                        0.0,
                        -0.0,
                        -0.9323348410868425,
                        -0.40118794515038914,
                        0.0,
                        0.0,
                        0.0
                    ],
                    [
                        0.0,
                        -0.0,
                        -0.38066927570499187,
                        -0.9453879350160603,
                        -0.0,
                        -0.0,
                        0.0,
                        0.0
                    ],
                    [
                        0.7846894841854,
                        -0.22284859550642278,
                        -0.0,
                        -0.0,
                        0.0,
                        0.0,
                        -0.0,
                        0.0
                    ]
                ]
            },
            "est_params": {
                "mui": [
                    0.49500362825098393,
                    0.8066183170140976,
                    0.5889524730458732,
                    10.0,
                    -7.569834825839636,
                    -5.783943927320996,
                    -9.168138860713157,
                    0.7333537130359756
                ],
                "Si": [
                    [
                        0.9983570827110079,
                        0.6248508670080792,
                        0.39711522654407694,
                        0.0,
                        0.3980009541236678,
                        -0.16095197968468758,
                        -0.16511952554009998,
                        0.6382036446535534
                    ],
                    [
                        0.6248508670080792,
                        1.383824373783422,
                        0.053251415219571344,
                        0.0,
                        0.2447594652796406,
                        -0.11154722966573166,
                        -0.02682209285044643,
                        0.16940540606131554
                    ],
                    [
                        0.39711522654407694,
                        0.053251415219571344,
                        1.166742968842879,
                        0.0,
                        0.15966617080816517,
                        -0.05698191077753284,
                        -0.4426242177425818,
                        0.3061309514708779
                    ],
                    [
                        0.0,
                        0.0,
                        0.0,
                        1e-06,
                        0.0,
                        0.0,
                        0.0,
                        0.0
                    ],
                    [
                        0.3980009541236678,
                        0.2447594652796406,
                        0.15966617080816517,
                        0.0,
                        1.153592024602322,
                        -0.46068946833485364,
                        -0.07930931378745298,
                        0.2707138717174699
                    ],
                    [
                        -0.16095197968468758,
                        -0.11154722966573166,
                        -0.05698191077753284,
                        0.0,
                        -0.46068946833485364,
                        1.2235183889520698,
                        0.022159337906464807,
                        -0.11724466909824971
                    ],
                    [
                        -0.16511952554009998,
                        -0.02682209285044643,
                        -0.4426242177425818,
                        0.0,
                        -0.07930931378745298,
                        0.022159337906464807,
                        1.181475550128403,
                        -0.12801542000722133
                    ],
                    [
                        0.6382036446535534,
                        0.16940540606131554,
                        0.3061309514708779,
                        0.0,
                        0.2707138717174699,
                        -0.11724466909824971,
                        -0.12801542000722133,
                        1.473702243408876
                    ]
                ]
            },
            "est_tgt": [
                3
            ]
        },
        "4": {
            "intv_type": "do",
            "inode": 4,
            "new_mui": 10.0,
            "true_params": {
                "Si": [
                    [
                        1.0,
                        0.6167127968016048,
                        0.3989598673841797,
                        -0.08672643957511578,
                        0.0,
                        0.08085808125929321,
                        -0.06988163413128147,
                        0.6472559035873244
                    ],
                    [
                        0.6167127968016048,
                        1.3803346737388575,
                        0.0356727686914525,
                        -0.6962093588109088,
                        0.0,
                        0.6491002419101413,
                        0.6446084010449336,
                        0.17632240304126595
                    ],
                    [
                        0.3989598673841797,
                        0.0356727686914525,
                        1.2034248858528702,
                        0.10061006040032658,
                        0.0,
                        -0.09380226467507612,
                        -0.5532224169066805,
                        0.3051099861476519
                    ],
                    [
                        -0.08672643957511578,
                        -0.6962093588109088,
                        0.10061006040032658,
