{
    "expt_args": {
        "save_dir": "expt_logs_29.04.24-6",
        "exp_name": "71",
        "num_nodes": 8,
        "obs_noise_mean": 0.5,
        "obs_noise_var": 1.0,
        "max_edge_strength": 1.0,
        "num_parents": 2,
        "new_noise_mean": 10.0,
        "mix_samples": 131072,
        "stage2_samples": 131072,
        "intv_targets": [
            0,
            1,
            2,
            3,
            4,
            5,
            6,
            7
        ]
    },
    "intv_args_dict": {
        "0": {
            "intv_type": "do",
            "inode": 0,
            "new_mui": 10.0,
            "true_params": {
                "Si": [
                    [
                        0.0,
                        0.0,
                        0.0,
                        0.0,
                        0.0,
                        0.0,
                        0.0,
                        0.0
                    ],
                    [
                        0.0,
                        1.0,
                        -0.21037088693464234,
                        -0.6427240537038938,
                        0.5317159910163128,
                        0.3859159826332738,
                        0.6877052990751027,
                        -0.22284859550642278
                    ],
                    [
                        0.0,
                        -0.21037088693464234,
                        1.044255910069668,
                        0.13521042923191684,
                        -0.11185756462743406,
                        -0.08118548754881584,
                        -0.5253424494210747,
                        0.04688085668882551
                    ],
                    [
                        0.0,
                        -0.6427240537038938,
                        0.13521042923191684,
                        1.4130942092095657,
                        -1.1690316917801784,
                        -0.8484755427431652,
                        -1.387392672591259,
                        0.1432301526661074
                    ],
                    [
                        0.0,
                        0.5317159910163128,
                        -0.11185756462743406,
                        -1.1690316917801784,
                        1.9671224236003857,
                        0.30074317359786307,
                        1.147769195169244,
                        -0.11849216180629103
                    ],
                    [
                        0.0,
                        0.3859159826332738,
                        -0.08118548754881584,
                        -0.8484755427431652,
                        0.30074317359786307,
                        1.6704087744757878,
                        0.8330433620085563,
                        -0.0860008347133061
                    ],
                    [
                        0.0,
                        0.6877052990751027,
                        -0.5253424494210747,
                        -1.387392672591259,
                        1.147769195169244,
                        0.8330433620085563,
                        2.5116060235156703,
                        -0.15325416002121106
                    ],
                    [
                        0.0,
                        -0.22284859550642278,
                        0.04688085668882551,
                        0.1432301526661074,
                        -0.11849216180629103,
                        -0.0860008347133061,
                        -0.15325416002121106,
                        1.0496614965191853
                    ]
                ],
                "mui": [
                    10.0,
                    6.6671279680160485,
                    4.384413230374476,
                    -0.6886264226031047,
                    4.9320961745174925,
                    -0.8366671232529013,
                    -0.5179922971357894,
                    6.8611347381200325
                ],
                "Ai": [
                    [
                        0.0,
                        0.0,
                        0.0,
                        0.0,
                        0.0,
                        0.0,
                        0.0,
                        0.0
                    ],
                    [
                        0.6167127968016048,
                        0.0,
                        0.0,
                        0.0,
                        0.0,
                        0.0,
                        0.0,
                        0.0
                    ],
                    [
                        0.5286982854312772,
                        -0.21037088693464234,
                        0.0,
                        0.0,
                        0.0,
                        0.0,
                        0.0,
                        0.0
                    ],
                    [
                        0.3096497091562775,
                        -0.6427240537038938,
                        -0.0,
                        0.0,
                        0.0,
                        0.0,
                        0.0,
                        0.0
                    ],
                    [
                        0.38624058406574857,
                        0.0,
                        0.0,
                        -0.8272850346149905,
                        0.0,
                        0.0,
                        0.0,
                        0.0
                    ],
                    [
                        -0.0,
                        0.0,
                        -0.0,
                        -0.9323348410868425,
                        -0.40118794515038914,
                        0.0,
                        0.0,
                        0.0
                    ],
                    [
                        0.0,
                        -0.0,
                        -0.38066927570499187,
                        -0.9453879350160603,
                        -0.0,
                        -0.0,
                        0.0,
                        0.0
                    ],
                    [
                        0.7846894841854,
                        -0.22284859550642278,
                        -0.0,
                        -0.0,
                        0.0,
                        0.0,
                        -0.0,
                        0.0
                    ]
                ]
            },
            "est_params": {
                "mui": [
                    10.0,
                    6.665006426146345,
                    4.394885426840041,
                    -0.688105125975236,
                    4.944720617136708,
                    -0.8404636612071114,
                    -0.5170448310316303,
                    6.876564453250018
                ],
                "Si": [
                    [
                        1e-06,
                        0.0,
                        0.0,
                        0.0,
                        0.0,
                        0.0,
                        0.0,
                        0.0
                    ],
                    [
                        0.0,
                        1.013390879867691,
                        -0.20036736025881652,
                        -0.6516165395758844,
                        0.5417220426969204,
                        0.37955741695476575,
                        0.6861513466439559,
                        -0.228142738957215
                    ],
                    [
                        0.0,
                        -0.20036736025881652,
                        1.048338910136471,
                        0.1342897329257951,
                        -0.13032214644656065,
                        -0.06588475875835738,
                        -0.5287394810211348,
                        0.05304891364650839
                    ],
                    [
                        0.0,
                        -0.6516165395758844,
                        0.1342897329257951,
                        1.407914078614705,
                        -1.1596099746387254,
                        -0.8373431574937948,
                        -1.3866763280279384,
                        0.14203820500554162
                    ],
                    [
                        0.0,
                        0.5417220426969204,
                        -0.13032214644656065,
                        -1.1596099746387254,
                        1.9622541917503138,
                        0.2756101341872001,
                        1.1385326036869428,
                        -0.11405407926409603
                    ],
                    [
                        0.0,
                        0.37955741695476575,
                        -0.06588475875835738,
                        -0.8373431574937948,
                        0.2756101341872001,
                        1.6519075255646753,
                        0.8334613548477242,
                        -0.084942666435046
                    ],
                    [
                        0.0,
                        0.6861513466439559,
                        -0.5287394810211348,
                        -1.3866763280279384,
                        1.1385326036869428,
                        0.8334613548477242,
                        2.5068686514362657,
                        -0.15967131646994212
                    ],
                    [
                        0.0,
                        -0.228142738957215,
                        0.05304891364650839,
                        0.14203820500554162,
                        -0.11405407926409603,
                        -0.084942666435046,
                        -0.15967131646994212,
                        1.041668481780038
                    ]
                ]
            },
            "est_tgt": [
                0
            ]
        },
        "1": {
            "intv_type": "do",
            "inode": 1,
            "new_mui": 10.0,
            "true_params": {
                "Si": [
                    [
                        1.0,
                        0.0,
                        0.5286982854312772,
                        0.3096497091562775,
                        0.13007201370787583,
                        -0.34088053627984094,
                        -0.4939982924991722,
                        0.7846894841854
                    ],
                    [
                        0.0,
                        0.0,
                        0.0,
                        0.0,
                        0.0,
                        0.0,
                        0.0,
                        0.0
                    ],
                    [
                        0.5286982854312772,
                        0.0,
                        1.2795218770179722,
                        0.16371127031521757,
                        0.06876885062994753,
                        -0.18022295506804617,
                        -0.6418453259552828,
                        0.4148639848847742
                    ],
                    [
                        0.3096497091562775,
                        0.0,
                        0.16371127031521757,
                        1.0958829423805672,
                        -0.7870082734009753,
                        -0.7059916169120746,
                        -1.0983543626121266,
                        0.2429788705559985
                    ],
                    [
                        0.13007201370787583,
                        0.0,
                        0.06876885062994753,
                        -0.7870082734009753,
                        1.7013192572479479,
                        0.05120645665523821,
                        0.7178499378707363,
                        0.10206614134338936
                    ],
                    [
                        -0.34088053627984094,
                        0.0,
                        -0.18022295506804617,
                        -0.7059916169120746,
                        0.05120645665523821,
                        1.6376771688384146,
                        0.7360412986223221,
                        -0.2674853721822709
                    ],
                    [
                        -0.4939982924991722,
                        0.0,
                        -0.6418453259552828,
                        -1.0983543626121266,
                        0.7178499378707363,
                        0.7360412986223221,
                        2.2827017581317914,
                        -0.38763526532964376
                    ],
                    [
                        0.7846894841854,
                        0.0,
                        0.4148639848847742,
                        0.2429788705559985,
                        0.10206614134338936,
                        -0.2674853721822709,
                        -0.38763526532964376,
                        1.6157375865911492
                    ]
                ],
                "mui": [
                    0.5,
                    10.0,
                    -1.3393597266307848,
                    -5.7724156824608,
                    5.468553399709571,
                    3.6879065566196303,
                    6.467025239140915,
                    -1.3361412129715278
                ],
                "Ai": [
                    [
                        0.0,
                        0.0,
                        0.0,
                        0.0,
                        0.0,
                        0.0,
                        0.0,
                        0.0
                    ],
                    [
                        0.0,
                        0.0,
                        0.0,
                        0.0,
                        0.0,
                        0.0,
                        0.0,
                        0.0
                    ],
                    [
                        0.5286982854312772,
                        -0.21037088693464234,
                        0.0,
                        0.0,
                        0.0,
                        0.0,
                        0.0,
                        0.0
                    ],
                    [
                        0.3096497091562775,
                        -0.6427240537038938,
                        -0.0,
                        0.0,
                        0.0,
                        0.0,
                        0.0,
                        0.0
                    ],
                    [
                        0.38624058406574857,
                        0.0,
                        0.0,
                        -0.8272850346149905,
                        0.0,
                        0.0,
                        0.0,
                        0.0
                    ],
                    [
                        -0.0,
                        0.0,
                        -0.0,
                        -0.9323348410868425,
                        -0.40118794515038914,
                        0.0,
                        0.0,
                        0.0
                    ],
                    [
                        0.0,
                        -0.0,
                        -0.38066927570499187,
                        -0.9453879350160603,
                        -0.0,
                        -0.0,
                        0.0,
                        0.0
                    ],
                    [
                        0.7846894841854,
                        -0.22284859550642278,
                        -0.0,
                        -0.0,
                        0.0,
                        0.0,
                        -0.0,
                        0.0
                    ]
                ]
            },
            "est_params": {
                "mui": [
                    0.48696749198537936,
                    10.0,
                    -1.3432757329405716,
                    -5.789292506649329,
                    5.487953754433513,
                    3.696332673751231,
                    6.50155365366872,
                    -1.3381653999609977
                ],
                "Si": [
                    [
                        0.9946697480072684,
                        5.344086505881508e-144,
                        0.5244317038878235,
                        0.30837305857481073,
                        0.1299535114882237,
                        -0.33376194978411877,
                        -0.49955821662882705,
                        0.7747224893521701
                    ],
                    [
                        5.344086505881508e-144,
                        1e-06,
                        2.552068509399795e-144,
                        1.2572981961637095e-144,
                        6.998822501937688e-145,
                        -1.8536600030660148e-144,
                        -2.5551533365059222e-144,
                        4.1328446184687606e-144
                    ],
                    [
                        0.5244317038878235,
                        2.552068509399795e-144,
                        1.2620683785006512,
                        0.15184385748102286,
                        0.07226748574733595,
                        -0.17113267732052795,
                        -0.6257706509754273,
                        0.4149638604162619
                    ],
                    [
                        0.30837305857481073,
                        1.2572981961637096e-144,
                        0.15184385748102286,
                        1.1211972289473373,
                        -0.8090278686147421,
                        -0.717560098875544,
                        -1.120195633177546,
                        0.22409451906750708
                    ],
                    [
                        0.1299535114882237,
                        6.998822501937689e-145,
                        0.07226748574733595,
                        -0.8090278686147421,
                        1.700132210295137,
                        0.07326802750453772,
                        0.7310281394410217,
                        0.1280357934504592
                    ],
                    [
                        -0.33376194978411877,
                        -1.8536600030660148e-144,
                        -0.17113267732052795,
                        -0.717560098875544,
                        0.07326802750453772,
                        1.6510957331615697,
                        0.7477031352806677,
                        -0.2567313417018592
                    ],
                    [
                        -0.49955821662882705,
                        -2.5551533365059222e-144,
                        -0.6257706509754273,
                        -1.120195633177546,
                        0.7310281394410217,
                        0.7477031352806677,
                        2.299328359437752,
                        -0.3784248819423667
                    ],
                    [
                        0.7747224893521701,
                        4.1328446184687606e-144,
                        0.4149638604162619,
                        0.22409451906750708,
                        0.1280357934504592,
                        -0.2567313417018592,
                        -0.3784248819423667,
                        1.6128339572021808
                    ]
                ]
            },
            "est_tgt": [
                1
            ]
        },
        "2": {
            "intv_type": "do",
            "inode": 2,
            "new_mui": 10.0,
            "true_params": {
                "Si": [
                    [
                        1.0,
                        0.6167127968016048,
                        0.0,
                        -0.08672643957511578,
                        0.4579880696316831,
                        -0.10288121129963505,
                        0.08199012962121384,
                        0.6472559035873244
                    ],
                    [
                        0.6167127968016048,
                        1.3803346737388575,
                        0.0,
                        -0.6962093588109088,
                        0.8141630943406363,
                        0.322467823074339,
                        0.6581879280651005,
                        0.17632240304126595
                    ],
                    [
                        0.0,
                        0.0,
                        0.0,
                        0.0,
                        0.0,
                        0.0,
                        0.0,
                        0.0
                    ],
                    [
                        -0.08672643957511578,
                        -0.6962093588109088,
                        0.0,
                        1.4206156845309421,
                        -1.2087513664272143,
                        -0.8395530215879726,
                        -1.3430329284501343,
                        0.08709595265400433
                    ],
                    [
                        0.4579880696316831,
                        0.8141630943406363,
                        0.0,
                        -1.2087513664272143,
                        2.176875495525341,
                        0.2536248062333739,
                        1.1427389582544654,
                        0.1779433200353785
                    ],
                    [
                        -0.10288121129963505,
                        0.322467823074339,
                        0.0,
                        -0.8395530215879726,
                        0.2536248062333739,
                        1.680993318114268,
                        0.7937032974155473,
                        -0.15259130609520985
                    ],
                    [
                        0.08199012962121384,
                        0.6581879280651005,
                        0.0,
                        -1.3430329284501343,
                        1.1427389582544654,
                        0.7937032974155473,
                        2.269687126886045,
                        -0.08233946282782571
                    ],
                    [
                        0.6472559035873244,
                        0.17632240304126595,
                        0.0,
                        0.08709595265400433,
                        0.1779433200353785,
                        -0.15259130609520985,
                        -0.08233946282782571,
                        1.468601701247829
                    ]
                ],
                "mui": [
                    0.5,
                    0.8083563984008024,
                    10.0,
                    0.1352747533604952,
                    0.5812095130165027,
                    0.1407043840936319,
                    -3.434579876789204,
                    0.7122036540404508
                ],
                "Ai": [
                    [
                        0.0,
                        0.0,
                        0.0,
                        0.0,
                        0.0,
                        0.0,
                        0.0,
                        0.0
                    ],
                    [
                        0.6167127968016048,
                        0.0,
                        0.0,
                        0.0,
                        0.0,
                        0.0,
                        0.0,
                        0.0
                    ],
                    [
                        0.0,
                        0.0,
                        0.0,
                        0.0,
                        0.0,
                        0.0,
                        0.0,
                        0.0
                    ],
                    [
                        0.3096497091562775,
                        -0.6427240537038938,
                        -0.0,
                        0.0,
                        0.0,
                        0.0,
                        0.0,
                        0.0
                    ],
                    [
                        0.38624058406574857,
                        0.0,
                        0.0,
                        -0.8272850346149905,
                        0.0,
                        0.0,
                        0.0,
                        0.0
                    ],
                    [
                        -0.0,
                        0.0,
                        -0.0,
                        -0.9323348410868425,
                        -0.40118794515038914,
                        0.0,
                        0.0,
                        0.0
                    ],
                    [
                        0.0,
                        -0.0,
                        -0.38066927570499187,
                        -0.9453879350160603,
                        -0.0,
                        -0.0,
                        0.0,
                        0.0
                    ],
                    [
                        0.7846894841854,
                        -0.22284859550642278,
                        -0.0,
                        -0.0,
                        0.0,
                        0.0,
                        -0.0,
                        0.0
                    ]
                ]
            },
            "est_params": {
                "mui": [
                    0.5020116006774803,
                    0.8043481892132835,
                    10.0,
                    0.15186311748675835,
                    0.5552796723667787,
                    0.13861443608777257,
                    -3.446472790176318,
                    0.6994710133041631
                ],
                "Si": [
                    [
                        1.0124509050827382,
                        0.627565618252399,
                        0.0,
                        -0.08630934013782332,
                        0.45713916600001747,
                        -0.09750639135562712,
                        0.09543170404737905,
                        0.6793767098030286
                    ],
                    [
                        0.627565618252399,
                        1.3922034951466922,
                        0.0,
                        -0.6916280857464672,
                        0.7977788963038911,
                        0.3259562845073078,
                        0.6553752171251683,
                        0.20846097522402207
                    ],
                    [
                        0.0,
                        0.0,
                        1e-06,
                        0.0,
                        0.0,
                        0.0,
                        0.0,
                        0.0
                    ],
                    [
                        -0.08630934013782332,
                        -0.6916280857464672,
                        0.0,
                        1.404684193127919,
                        -1.196256743647652,
                        -0.826717729851317,
                        -1.3139077546458127,
                        0.0639357373515438
                    ],
                    [
                        0.45713916600001747,
                        0.7977788963038911,
                        0.0,
                        -1.196256743647652,
                        2.1500848104546355,
                        0.2470078275880196,
                        1.1347787842540216,
                        0.206305572799173
                    ],
                    [
                        -0.09750639135562712,
                        0.3259562845073078,
                        0.0,
                        -0.826717729851317,
                        0.2470078275880196,
                        1.6702056861751862,
                        0.7680793926681956,
                        -0.13101059730020576
                    ],
                    [
                        0.09543170404737905,
                        0.6553752171251683,
                        0.0,
                        -1.3139077546458127,
                        1.1347787842540216,
                        0.7680793926681956,
                        2.213747191909457,
                        -0.05889612848342631
                    ],
                    [
                        0.6793767098030286,
                        0.20846097522402207,
                        0.0,
                        0.0639357373515438,
                        0.206305572799173,
                        -0.13101059730020576,
                        -0.05889612848342631,
                        1.5060477480567378
                    ]
                ]
            },
            "est_tgt": [
                2
            ]
        },
        "3": {
            "intv_type": "do",
            "inode": 3,
            "new_mui": 10.0,
            "true_params": {
                "Si": [
                    [
                        1.0,
                        0.6167127968016048,
                        0.3989598673841797,
                        0.0,
                        0.38624058406574857,
                        -0.1549550662550238,
                        -0.1518717637524953,
                        0.6472559035873244
                    ],
                    [
                        0.6167127968016048,
                        1.3803346737388575,
                        0.0356727686914525,
                        0.0,
                        0.23819951083747318,
                        -0.09556277228871371,
                        -0.013579527020166945,
                        0.17632240304126595
                    ],
                    [
                        0.3989598673841797,
                        0.0356727686914525,
                        1.2034248858528702,
                        0.0,
                        0.15409449219725915,
                        -0.06182085268361108,
                        -0.4581068796629747,
                        0.3051099861476519
                    ],
                    [
                        0.0,
                        0.0,
                        0.0,
                        0.0,
                        0.0,
                        0.0,
                        0.0,
                        0.0
                    ],
                    [
                        0.38624058406574857,
                        0.23819951083747318,
                        0.15409449219725915,
                        0.0,
                        1.1491817887794507,
                        -0.4610378804446763,
                        -0.05865903873485917,
                        0.24999649824157202
                    ],
                    [
                        -0.1549550662550238,
                        -0.09556277228871371,
                        -0.06182085268361108,
                        0.0,
                        -0.4610378804446763,
                        1.1849628398920904,
                        0.023533299214535234,
                        -0.10029558142432916
                    ],
                    [
                        -0.1518717637524953,
                        -0.013579527020166945,
                        -0.4581068796629747,
                        0.0,
                        -0.05865903873485917,
                        0.023533299214535234,
                        1.1743872140767784,
                        -0.11614599743718675
                    ],
                    [
                        0.6472559035873244,
                        0.17632240304126595,
                        0.3051099861476519,
                        0.0,
                        0.24999649824157202,
                        -0.10029558142432916,
                        -0.11614599743718675,
                        1.468601701247829
                    ]
                ],
                "mui": [
                    0.5,
                    0.8083563984008024,
                    0.5942944902247687,
                    10.0,
                    -7.5797300541170305,
                    -5.782452085662565,
                    -9.180109003309934,
                    0.7122036540404508
                ],
                "Ai": [
                    [
                        0.0,
                        0.0,
                        0.0,
                        0.0,
                        0.0,
                        0.0,
                        0.0,
                        0.0
                    ],
                    [
                        0.6167127968016048,
                        0.0,
                        0.0,
                        0.0,
                        0.0,
                        0.0,
                        0.0,
                        0.0
                    ],
                    [
                        0.5286982854312772,
                        -0.21037088693464234,
                        0.0,
                        0.0,
                        0.0,
                        0.0,
                        0.0,
                        0.0
                    ],
                    [
                        0.0,
                        0.0,
                        0.0,
                        0.0,
                        0.0,
                        0.0,
                        0.0,
                        0.0
                    ],
                    [
                        0.38624058406574857,
                        0.0,
                        0.0,
                        -0.8272850346149905,
                        0.0,
                        0.0,
                        0.0,
                        0.0
                    ],
                    [
                        -0.0,
                        0.0,
                        -0.0,
                        -0.9323348410868425,
                        -0.40118794515038914,
                        0.0,
                        0.0,
                        0.0
                    ],
                    [
                        0.0,
                        -0.0,
                        -0.38066927570499187,
                        -0.9453879350160603,
                        -0.0,
                        -0.0,
                        0.0,
                        0.0
                    ],
                    [
                        0.7846894841854,
                        -0.22284859550642278,
                        -0.0,
                        -0.0,
                        0.0,
                        0.0,
                        -0.0,
                        0.0
                    ]
                ]
            },
            "est_params": {
                "mui": [
                    0.47929572496877787,
                    0.7944926548889731,
                    0.5768278792103141,
                    10.0,
                    -7.5847474036271,
                    -5.779559692500348,
                    -9.182543646104662,
                    0.6934284844962457
                ],
                "Si": [
                    [
                        1.0115826767903475,
                        0.624813584571614,
                        0.39262343970972213,
                        0.0,
                        0.3837000155755189,
                        -0.1449532697016557,
                        -0.16717046138109676,
                        0.6698947907996742
                    ],
                    [
                        0.624813584571614,
                        1.3983298816828704,
                        0.04507031101550605,
                        0.0,
                        0.23940114876054927,
                        -0.08521311547223645,
                        -0.028731621776807846,
                        0.18058544822735706
                    ],
                    [
                        0.39262343970972213,
                        0.04507031101550605,
                        1.176615472633703,
                        0.0,
                        0.16919650299115205,
                        -0.06640815313614837,
                        -0.4571039131068754,
                        0.3006323277969143
                    ],
                    [
                        0.0,
                        0.0,
                        0.0,
                        1e-06,
                        0.0,
                        0.0,
                        0.0,
                        0.0
                    ],
                    [
                        0.3837000155755189,
                        0.23940114876054927,
                        0.16919650299115205,
                        0.0,
                        1.1322134053962394,
                        -0.45112102190541464,
                        -0.06993224888766009,
                        0.2737068178355769
                    ],
                    [
                        -0.1449532697016557,
                        -0.08521311547223645,
                        -0.06640815313614837,
                        0.0,
                        -0.45112102190541464,
                        1.1850683102568156,
                        0.040515484859942025,
                        -0.08890120995850219
                    ],
                    [
                        -0.16717046138109676,
                        -0.028731621776807846,
                        -0.4571039131068754,
                        0.0,
                        -0.06993224888766009,
                        0.040515484859942025,
                        1.1725079257452142,
                        -0.1163346984170764
                    ],
                    [
                        0.6698947907996742,
                        0.18058544822735706,
                        0.3006323277969143,
                        0.0,
                        0.2737068178355769,
                        -0.08890120995850219,
                        -0.1163346984170764,
                        1.4764516940154613
                    ]
                ]
            },
            "est_tgt": [
                3
            ]
        },
        "4": {
            "intv_type": "do",
            "inode": 4,
            "new_mui": 10.0,
            "true_params": {
                "Si": [
                    [
                        1.0,
                        0.6167127968016048,
                        0.3989598673841797,
                        -0.08672643957511578,
                        0.0,
                        0.08085808125929321,
                        -0.06988163413128147,
                        0.6472559035873244
                    ],
                    [
                        0.6167127968016048,
                        1.3803346737388575,
                        0.0356727686914525,
                        -0.6962093588109088,
                        0.0,
                        0.6491002419101413,
                        0.6446084010449336,
                        0.17632240304126595
                    ],
                    [
                        0.3989598673841797,
                        0.0356727686914525,
                        1.2034248858528702,
                        0.10061006040032658,
                        0.0,
                        -0.09380226467507612,
                        -0.5532224169066805,
                        0.3051099861476519
                    ],
                    [
                        -0.08672643957511578,
                        -0.6962093588109088,
                        0.10061006040032658,
                        1.4206156845309421,
                        0.0,
                        -1.3244894984826319,
