{
    "expt_args": {
        "save_dir": "expt_logs_29.04.24-6",
        "exp_name": "69",
        "num_nodes": 8,
        "obs_noise_mean": 0.5,
        "obs_noise_var": 1.0,
        "max_edge_strength": 1.0,
        "num_parents": 2,
        "new_noise_mean": 10.0,
        "mix_samples": 32768,
        "stage2_samples": 32768,
        "intv_targets": [
            0,
            1,
            2,
            3,
            4,
            5,
            6,
            7
        ]
    },
    "intv_args_dict": {
        "0": {
            "intv_type": "do",
            "inode": 0,
            "new_mui": 10.0,
            "true_params": {
                "Si": [
                    [
                        0.0,
                        0.0,
                        0.0,
                        0.0,
                        0.0,
                        0.0,
                        0.0,
                        0.0
                    ],
                    [
                        0.0,
                        1.0,
                        0.21434624514268066,
                        -0.7445516654190615,
                        -0.18652625874738585,
                        0.6705183705952262,
                        0.7743979793191189,
                        0.30324190746282276
                    ],
                    [
                        0.0,
                        0.21434624514268066,
                        1.0459443128067663,
                        0.6034393961145006,
                        -0.91019126272114,
                        0.35897172139888806,
                        0.25363837181521537,
                        0.3132597507924536
                    ],
                    [
                        0.0,
                        -0.7445516654190615,
                        0.6034393961145006,
                        2.1365738708202713,
                        -0.5251190328204502,
                        -0.33499414110548736,
                        -0.5097003237017249,
                        -0.3116780149007465
                    ],
                    [
                        0.0,
                        -0.18652625874738585,
                        -0.91019126272114,
                        -0.5251190328204502,
                        1.792057592923645,
                        -0.3123808030510299,
                        -0.22071866263847187,
                        -0.7993092172849798
                    ],
                    [
                        0.0,
                        0.6705183705952262,
                        0.35897172139888806,
                        -0.33499414110548736,
                        -0.3123808030510299,
                        1.495926856456669,
                        0.9453136335129924,
                        0.2567671060241739
                    ],
                    [
                        0.0,
                        0.7743979793191189,
                        0.25363837181521537,
                        -0.5097003237017249,
                        -0.22071866263847187,
                        0.9453136335129924,
                        1.7731857948650385,
                        0.25658976564398883
                    ],
                    [
                        0.0,
                        0.30324190746282276,
                        0.3132597507924536,
                        -0.3116780149007465,
                        -0.7993092172849798,
                        0.2567671060241739,
                        0.25658976564398883,
                        1.5068162995156928
                    ]
                ],
                "mui": [
                    10.0,
                    -1.7920162294931066,
                    -4.753250778798056,
                    -1.4995407934286145,
                    9.182736523234842,
                    -1.6420309335605316,
                    -1.0670851040117013,
                    -3.9237475381081293
                ],
                "Ai": [
                    [
                        0.0,
                        0.0,
                        0.0,
                        0.0,
                        0.0,
                        0.0,
                        0.0,
                        0.0
                    ],
                    [
                        -0.22920162294931068,
                        0.0,
                        0.0,
                        0.0,
                        0.0,
                        0.0,
                        0.0,
                        0.0
                    ],
                    [
                        -0.4869138828771463,
                        0.21434624514268066,
                        0.0,
                        0.0,
                        0.0,
                        0.0,
                        0.0,
                        0.0
                    ],
                    [
                        -0.0,
                        -0.9081045487641835,
                        0.7630312499118059,
                        0.0,
                        0.0,
                        0.0,
                        0.0,
                        0.0
                    ],
                    [
                        0.4546409880017344,
                        -0.0,
                        -0.8702100595381258,
                        -0.0,
                        0.0,
                        0.0,
                        0.0,
                        0.0
                    ],
                    [
                        -0.0,
                        0.6243806357622803,
                        0.21524862636261288,
                        0.0,
                        -0.0,
                        0.0,
                        0.0,
                        0.0
                    ],
                    [
                        -0.0,
                        0.5013634220003774,
                        0.0,
                        0.0,
                        0.0,
                        0.40719921972662104,
                        0.0,
                        0.0
                    ],
                    [
                        -0.0,
                        -0.0,
                        0.0,
                        -0.2753296385520563,
                        -0.5267074308969804,
                        -0.0,
                        -0.0,
                        0.0
                    ]
                ]
            },
            "est_params": {
                "mui": [
                    10.0,
                    -1.7792882527051772,
                    -4.720958767165918,
                    -1.4619358406731224,
                    9.141984970598651,
                    -1.6260970346094048,
                    -1.0700971971826228,
                    -3.8966394078135984
                ],
                "Si": [
                    [
                        1e-06,
                        0.0,
                        0.0,
                        0.0,
                        0.0,
                        0.0,
                        0.0,
                        0.0
                    ],
                    [
                        0.0,
                        1.0004637597724721,
                        0.24274331328612755,
                        -0.7198150114224677,
                        -0.2302812489904035,
                        0.6801148633300934,
                        0.7862415699493225,
                        0.285176524824308
                    ],
                    [
                        0.0,
                        0.24274331328612755,
                        1.044413991618898,
                        0.5652166140702474,
                        -0.9379873412105052,
                        0.36595031045353826,
                        0.24753117049771234,
                        0.3148427570029595
                    ],
                    [
                        0.0,
                        -0.7198150114224677,
                        0.5652166140702474,
                        2.1004293596881185,
                        -0.5038743110979893,
                        -0.3461076750558587,
                        -0.5237438209544322,
                        -0.28503071382371703
                    ],
                    [
                        0.0,
                        -0.2302812489904035,
                        -0.9379873412105052,
                        -0.5038743110979893,
                        1.8393434169513103,
                        -0.3447468096330828,
                        -0.20702032601499404,
                        -0.8459323949716074
                    ],
                    [
                        0.0,
                        0.6801148633300934,
                        0.36595031045353826,
                        -0.3461076750558587,
                        -0.3447468096330828,
                        1.487966839965708,
                        0.9686767577429833,
                        0.2369661225803993
                    ],
                    [
                        0.0,
                        0.7862415699493225,
                        0.24753117049771234,
                        -0.5237438209544322,
                        -0.20702032601499404,
                        0.9686767577429833,
                        1.8071929632663433,
                        0.22282028135183216
                    ],
                    [
                        0.0,
                        0.285176524824308,
                        0.3148427570029595,
                        -0.28503071382371703,
                        -0.8459323949716074,
                        0.2369661225803993,
                        0.22282028135183216,
                        1.5380488934730439
                    ]
                ]
            },
            "est_tgt": [
                0
            ]
        },
        "1": {
            "intv_type": "do",
            "inode": 1,
            "new_mui": 10.0,
            "true_params": {
                "Si": [
                    [
                        1.0,
                        0.0,
                        -0.4869138828771463,
                        -0.37153050865115966,
                        0.8783583470101959,
                        -0.10480754444619192,
                        -0.042677550319952504,
                        -0.36034450770267323
                    ],
                    [
                        0.0,
                        0.0,
                        0.0,
                        0.0,
                        0.0,
                        0.0,
                        0.0,
                        0.0
                    ],
                    [
                        -0.4869138828771463,
                        0.0,
                        1.2370851293384995,
                        0.9439346124864633,
                        -1.2978949328384122,
                        0.2662808747837273,
                        0.10842936444005583,
                        0.42371772997685575
                    ],
                    [
                        -0.37153050865115966,
                        0.0,
                        0.9439346124864633,
                        1.7202516072005622,
                        -0.990334392857893,
                        0.20318062871383652,
                        0.08273499347583853,
                        0.04798023056197703
                    ],
                    [
                        0.8783583470101959,
                        0.0,
                        -1.2978949328384122,
                        -0.990334392857893,
                        2.5287789334838324,
                        -0.2793701014564639,
                        -0.11375928732801906,
                        -1.0592582449304415
                    ],
                    [
                        -0.10480754444619192,
                        0.0,
                        0.2662808747837273,
                        0.20318062871383652,
                        -0.2793701014564639,
                        1.0573165925238321,
                        0.4305384914797142,
                        0.09120465934300272
                    ],
                    [
                        -0.042677550319952504,
                        0.0,
                        0.10842936444005583,
                        0.08273499347583853,
                        -0.11375928732801906,
                        0.4305384914797142,
                        1.175314937792816,
                        0.03713846611990298
                    ],
                    [
                        -0.36034450770267323,
                        0.0,
                        0.42371772997685575,
                        0.04798023056197703,
                        -1.0592582449304415,
                        0.09120465934300272,
                        0.03713846611990298,
                        1.5447088093054837
                    ]
                ],
                "mui": [
                    0.5,
                    10.0,
                    2.4000055099882336,
                    -6.749766283560292,
                    -1.3611884437378234,
                    7.260404246910472,
                    8.470065164245565,
                    3.0753587793313195
                ],
                "Ai": [
                    [
                        0.0,
                        0.0,
                        0.0,
                        0.0,
                        0.0,
                        0.0,
                        0.0,
                        0.0
                    ],
                    [
                        0.0,
                        0.0,
                        0.0,
                        0.0,
                        0.0,
                        0.0,
                        0.0,
                        0.0
                    ],
                    [
                        -0.4869138828771463,
                        0.21434624514268066,
                        0.0,
                        0.0,
                        0.0,
                        0.0,
                        0.0,
                        0.0
                    ],
                    [
                        -0.0,
                        -0.9081045487641835,
                        0.7630312499118059,
                        0.0,
                        0.0,
                        0.0,
                        0.0,
                        0.0
                    ],
                    [
                        0.4546409880017344,
                        -0.0,
                        -0.8702100595381258,
                        -0.0,
                        0.0,
                        0.0,
                        0.0,
                        0.0
                    ],
                    [
                        -0.0,
                        0.6243806357622803,
                        0.21524862636261288,
                        0.0,
                        -0.0,
                        0.0,
                        0.0,
                        0.0
                    ],
                    [
                        -0.0,
                        0.5013634220003774,
                        0.0,
                        0.0,
                        0.0,
                        0.40719921972662104,
                        0.0,
                        0.0
                    ],
                    [
                        -0.0,
                        -0.0,
                        0.0,
                        -0.2753296385520563,
                        -0.5267074308969804,
                        -0.0,
                        -0.0,
                        0.0
                    ]
                ]
            },
            "est_params": {
                "mui": [
                    0.4826863958983921,
                    10.0,
                    2.4171535942242794,
                    -6.723117304056183,
                    -1.3998113957923684,
                    7.283690488654116,
                    8.469809297707377,
                    3.089175682362539
                ],
                "Si": [
                    [
                        0.9842337612547369,
                        0.0,
                        -0.4795999413827097,
                        -0.3709008589487692,
                        0.8461183298420836,
                        -0.12006776771528459,
                        -0.038469805491043986,
                        -0.3425592253335252
                    ],
                    [
                        0.0,
                        1e-06,
                        0.0,
                        0.0,
                        0.0,
                        0.0,
                        0.0,
                        0.0
                    ],
                    [
                        -0.4795999413827097,
                        0.0,
                        1.194297586929835,
                        0.8997572045531572,
                        -1.241138174904316,
                        0.27585764882474234,
                        0.1355966136203898,
                        0.4024902297738192
                    ],
                    [
                        -0.3709008589487692,
                        0.0,
                        0.8997572045531572,
                        1.6910866843062609,
                        -0.9403856775579228,
                        0.18746662888306123,
                        0.09789365717350086,
                        0.032589160646920724
                    ],
                    [
                        0.8461183298420836,
                        0.0,
                        -1.241138174904316,
                        -0.9403856775579228,
                        2.47050872847706,
                        -0.2848711470715457,
                        -0.12194333481645736,
                        -1.034264892210295
                    ],
                    [
                        -0.12006776771528459,
                        0.0,
                        0.27585764882474234,
                        0.18746662888306123,
                        -0.2848711470715457,
                        1.0777698835730638,
                        0.43869372587690425,
                        0.1096922261351243
                    ],
                    [
                        -0.038469805491043986,
                        0.0,
                        0.1355966136203898,
                        0.09789365717350086,
                        -0.12194333481645736,
                        0.43869372587690425,
                        1.166947231262244,
                        0.03297098397065282
                    ],
                    [
                        -0.3425592253335252,
                        0.0,
                        0.4024902297738192,
                        0.032589160646920724,
                        -1.034264892210295,
                        0.1096922261351243,
                        0.03297098397065282,
                        1.516141005584152
                    ]
                ]
            },
            "est_tgt": [
                1
            ]
        },
        "2": {
            "intv_type": "do",
            "inode": 2,
            "new_mui": 10.0,
            "true_params": {
                "Si": [
                    [
                        1.0,
                        -0.22920162294931068,
                        0.0,
                        0.2081390363844023,
                        0.4546409880017344,
                        -0.14310905505483706,
                        -0.17318720556405034,
                        -0.2967696324271492
                    ],
                    [
                        -0.22920162294931068,
                        1.0525333839625979,
                        0.0,
                        -0.955810353702594,
                        -0.10420445230927561,
                        0.6571814634395912,
                        0.7953055182845257,
                        0.3180481785730938
                    ],
                    [
                        0.0,
                        0.0,
                        0.0,
                        0.0,
                        0.0,
                        0.0,
                        0.0,
                        0.0
                    ],
                    [
                        0.2081390363844023,
                        -0.955810353702594,
                        0.0,
                        1.867975729953229,
                        0.0946285371435336,
                        -0.5967894763129957,
                        -0.7222205588114343,
                        -0.564150636240446
                    ],
                    [
                        0.4546409880017344,
                        -0.10420445230927561,
                        0.0,
                        0.0946285371435336,
                        1.2066984279711932,
                        -0.06506324218212572,
                        -0.07873800224689932,
                        -0.661631069792571
                    ],
                    [
                        -0.14310905505483706,
                        0.6571814634395912,
                        0.0,
                        -0.5967894763129957,
                        -0.06506324218212572,
                        1.4103313799535977,
                        0.9037725848583631,
                        0.19858312394050356
                    ],
                    [
                        -0.17318720556405034,
                        0.7953055182845257,
                        0.0,
                        -0.7222205588114343,
                        -0.07873800224689932,
                        0.9037725848583631,
                        1.7667525875475505,
                        0.24032061628984133
                    ],
                    [
                        -0.2967696324271492,
                        0.3180481785730938,
                        0.0,
                        -0.564150636240446,
                        -0.661631069792571,
                        0.19858312394050356,
                        0.24032061628984133,
                        1.5038133917370604
                    ]
                ],
                "mui": [
                    0.5,
                    0.38539918852534466,
                    10.0,
                    7.780329742928168,
                    -7.974780101380391,
                    2.8931220539798503,
                    1.8713020989497098,
                    2.558220563230201
                ],
                "Ai": [
                    [
                        0.0,
                        0.0,
                        0.0,
                        0.0,
                        0.0,
                        0.0,
                        0.0,
                        0.0
                    ],
                    [
                        -0.22920162294931068,
                        0.0,
                        0.0,
                        0.0,
                        0.0,
                        0.0,
                        0.0,
                        0.0
                    ],
                    [
                        0.0,
                        0.0,
                        0.0,
                        0.0,
                        0.0,
                        0.0,
                        0.0,
                        0.0
                    ],
                    [
                        -0.0,
                        -0.9081045487641835,
                        0.7630312499118059,
                        0.0,
                        0.0,
                        0.0,
                        0.0,
                        0.0
                    ],
                    [
                        0.4546409880017344,
                        -0.0,
                        -0.8702100595381258,
                        -0.0,
                        0.0,
                        0.0,
                        0.0,
                        0.0
                    ],
                    [
                        -0.0,
                        0.6243806357622803,
                        0.21524862636261288,
                        0.0,
                        -0.0,
                        0.0,
                        0.0,
                        0.0
                    ],
                    [
                        -0.0,
                        0.5013634220003774,
                        0.0,
                        0.0,
                        0.0,
                        0.40719921972662104,
                        0.0,
                        0.0
                    ],
                    [
                        -0.0,
                        -0.0,
                        0.0,
                        -0.2753296385520563,
                        -0.5267074308969804,
                        -0.0,
                        -0.0,
                        0.0
                    ]
                ]
            },
            "est_params": {
                "mui": [
                    0.5073980211535898,
                    0.37102139643849286,
                    10.0,
                    7.799167904648988,
                    -7.965389294671887,
                    2.8798914324010525,
                    1.8686190777731506,
                    2.5684445562676217
                ],
                "Si": [
                    [
                        1.048325615758255,
                        -0.2330942175472667,
                        0.0,
                        0.2151075699125762,
                        0.4618520004810144,
                        -0.1311134802002339,
                        -0.17230643239159035,
                        -0.29607541540998533
                    ],
                    [
                        -0.2330942175472667,
                        1.0392219263445894,
                        0.0,
                        -0.93942781478303,
                        -0.09736790935202842,
                        0.6480952223192531,
                        0.7635873739665457,
                        0.31495059722132407
                    ],
                    [
                        0.0,
                        0.0,
                        1e-06,
                        0.0,
                        0.0,
                        0.0,
                        0.0,
                        0.0
                    ],
                    [
                        0.2151075699125762,
                        -0.93942781478303,
                        0.0,
                        1.8485466023207213,
                        0.07681291925468936,
                        -0.5729528483496206,
                        -0.6940796858951676,
                        -0.5921026971446232
                    ],
                    [
                        0.4618520004810144,
                        -0.09736790935202842,
                        0.0,
                        0.07681291925468936,
                        1.2040844821695114,
                        -0.06979981925460817,
                        -0.10528635836070495,
                        -0.6677946753446529
                    ],
                    [
                        -0.1311134802002339,
                        0.6480952223192531,
                        0.0,
                        -0.5729528483496206,
                        -0.06979981925460817,
                        1.4153442353102301,
                        0.9021878210095331,
                        0.1857223948594008
                    ],
                    [
                        -0.17230643239159035,
                        0.7635873739665457,
                        0.0,
                        -0.6940796858951676,
                        -0.10528635836070495,
                        0.9021878210095331,
                        1.7610655466574643,
                        0.24498618051691382
                    ],
                    [
                        -0.29607541540998533,
                        0.31495059722132407,
                        0.0,
                        -0.5921026971446232,
                        -0.6677946753446529,
                        0.1857223948594008,
                        0.24498618051691382,
                        1.532856496292483
                    ]
                ]
            },
            "est_tgt": [
                2
            ]
        },
        "3": {
            "intv_type": "do",
            "inode": 3,
            "new_mui": 10.0,
            "true_params": {
                "Si": [
                    [
                        1.0,
                        -0.22920162294931068,
                        -0.5360423901369396,
                        0.0,
                        0.9211104682377599,
                        -0.2584914432039451,
                        -0.22017082398856128,
                        -0.4851557282978251
                    ],
                    [
                        -0.22920162294931068,
                        1.0525333839625979,
                        0.33720803093169477,
                        0.0,
                        -0.39764627298307986,
                        0.72976502889608,
                        0.8248614895033842,
                        0.20944324684867732
                    ],
                    [
                        -0.5360423901369396,
                        0.33720803093169477,
                        1.333285756830489,
                        0.0,
                        -1.4039455196954644,
                        0.49753409244387775,
                        0.3716592665444632,
                        0.739468537798124
                    ],
                    [
                        0.0,
                        0.0,
                        0.0,
                        0.0,
                        0.0,
                        0.0,
                        0.0,
                        0.0
                    ],
                    [
                        0.9211104682377599,
                        -0.39764627298307986,
                        -1.4039455196954644,
                        0.0,
                        2.6405020876208303,
                        -0.5504799773360701,
                        -0.42352031341486895,
                        -1.3907720708488809
                    ],
                    [
                        -0.2584914432039451,
                        0.72976502889608,
                        0.49753409244387775,
                        0.0,
                        -0.5504799773360701,
                        1.5627446826663274,
                        1.0022259075571975,
                        0.2899418946229094
                    ],
                    [
                        -0.22017082398856128,
                        0.8248614895033842,
                        0.3716592665444632,
                        0.0,
                        -0.42352031341486895,
                        1.0022259075571975,
                        1.8216609866008406,
                        0.22307129621142954
                    ],
                    [
                        -0.4851557282978251,
                        0.20944324684867732,
                        0.739468537798124,
                        0.0,
                        -1.3907720708488809,
                        0.2899418946229094,
                        0.22307129621142954,
                        1.7325299844000872
                    ]
                ],
                "mui": [
                    0.5,
                    0.38539918852534466,
                    0.33915192750287054,
                    10.0,
                    0.43218707497612413,
                    0.8136377768769469,
                    1.0245377238796307,
                    -2.4809325294481175
                ],
                "Ai": [
                    [
                        0.0,
                        0.0,
                        0.0,
                        0.0,
                        0.0,
                        0.0,
                        0.0,
                        0.0
                    ],
                    [
                        -0.22920162294931068,
                        0.0,
                        0.0,
                        0.0,
                        0.0,
                        0.0,
                        0.0,
                        0.0
                    ],
                    [
                        -0.4869138828771463,
                        0.21434624514268066,
                        0.0,
                        0.0,
                        0.0,
                        0.0,
                        0.0,
                        0.0
                    ],
                    [
                        0.0,
                        0.0,
                        0.0,
                        0.0,
                        0.0,
                        0.0,
                        0.0,
                        0.0
                    ],
                    [
                        0.4546409880017344,
                        -0.0,
                        -0.8702100595381258,
                        -0.0,
                        0.0,
                        0.0,
                        0.0,
                        0.0
                    ],
                    [
                        -0.0,
                        0.6243806357622803,
                        0.21524862636261288,
                        0.0,
                        -0.0,
                        0.0,
                        0.0,
                        0.0
                    ],
                    [
                        -0.0,
                        0.5013634220003774,
                        0.0,
                        0.0,
                        0.0,
                        0.40719921972662104,
                        0.0,
                        0.0
                    ],
                    [
                        -0.0,
                        -0.0,
                        0.0,
                        -0.2753296385520563,
                        -0.5267074308969804,
                        -0.0,
                        -0.0,
                        0.0
                    ]
                ]
            },
            "est_params": {
                "mui": [
                    0.47982490613105616,
                    0.39606892255326837,
                    0.34834405412288605,
                    9.999999999999998,
                    0.430784466381819,
                    0.8270669708452969,
                    1.0113434224416007,
                    -2.4527533719696857
                ],
                "Si": [
                    [
                        1.0224609332186916,
                        -0.25390827190729015,
                        -0.5496544702861732,
                        2.392025647056715e-29,
                        0.9751928439406554,
                        -0.24830693165481518,
                        -0.23819651270253278,
                        -0.5179803664115787
                    ],
                    [
                        -0.2539082719072902,
                        1.0759683937611595,
                        0.3572522201761372,
                        -1.92642433695319e-29,
                        -0.450160341196655,
                        0.7310689504937452,
                        0.8261558115635108,
                        0.21681578058871215
                    ],
                    [
                        -0.5496544702861732,
                        0.3572522201761372,
                        1.3397549945794114,
                        4.1110315787437155e-28,
                        -1.4282539008529656,
                        0.48966169828022005,
                        0.3739322191510097,
                        0.7728943815177046
                    ],
                    [
                        2.3921990230798405e-29,
                        -1.9265977129763156e-29,
                        4.1110315787437155e-28,
                        1e-06,
                        -3.746170406877261e-28,
                        1.7302406979855326e-28,
                        1.100226905152098e-28,
                        1.538712205238795e-28
                    ],
                    [
                        0.9751928439406554,
                        -0.450160341196655,
                        -1.4282539008529656,
                        -3.746239757286511e-28,
                        2.7184982530063175,
                        -0.5391873441772309,
                        -0.3843395223021428,
                        -1.4634329797713967
                    ],
                    [
                        -0.24830693165481518,
                        0.7310689504937452,
                        0.48966169828022005,
                        1.7301713475762825e-28,
                        -0.5391873441772309,
                        1.542767872713166,
                        0.9910204493510304,
                        0.28123316659936737
                    ],
                    [
                        -0.2381965127025328,
                        0.8261558115635108,
                        0.3739322191510097,
                        1.100226905152098e-28,
                        -0.3843395223021428,
                        0.9910204493510304,
                        1.8241018674131095,
                        0.19761969688549413
                    ],
                    [
                        -0.5179803664115787,
                        0.21681578058871215,
                        0.7728943815177046,
                        1.538712205238795e-28,
                        -1.4634329797713967,
                        0.28123316659936737,
                        0.19761969688549413,
                        1.788026935248532
                    ]
                ]
            },
            "est_tgt": [
                3
            ]
        },
        "4": {
            "intv_type": "do",
            "inode": 4,
            "new_mui": 10.0,
            "true_params": {
                "Si": [
                    [
                        1.0,
                        -0.22920162294931068,
                        -0.5360423901369396,
                        -0.20087805856749863,
                        0.0,
                        -0.2584914432039451,
                        -0.22017082398856128,
                        0.05530768325842819
                    ],
                    [
                        -0.22920162294931068,
                        1.0525333839625979,
                        0.33720803093169477,
                        -0.6985100883804841,
                        0.0,
                        0.72976502889608,
                        0.8248614895033842,
                        0.19232053015876358
                    ],
                    [
                        -0.5360423901369396,
                        0.33720803093169477,
                        1.333285756830489,
                        0.7111185507550907,
                        0.0,
                        0.49753409244387775,
                        0.3716592665444632,
                        -0.19579201354706122
                    ],
                    [
                        -0.20087805856749863,
                        -0.6985100883804841,
                        0.7111185507550907,
                        2.1769258652341184,
                        0.0,
                        -0.28306888183836804,
