{
    "expt_args": {
        "save_dir": "expt_logs_29.04.24-6",
        "exp_name": "88",
        "num_nodes": 8,
        "obs_noise_mean": 0.5,
        "obs_noise_var": 1.0,
        "max_edge_strength": 1.0,
        "num_parents": 2,
        "new_noise_mean": 10.0,
        "mix_samples": 1024,
        "stage2_samples": 1024,
        "intv_targets": [
            0,
            1,
            2,
            3,
            4,
            5,
            6,
            7
        ]
    },
    "intv_args_dict": {
        "0": {
            "intv_type": "do",
            "inode": 0,
            "new_mui": 10.0,
            "true_params": {
                "Si": [
                    [
                        0.0,
                        0.0,
                        0.0,
                        0.0,
                        0.0,
                        0.0,
                        0.0,
                        0.0
                    ],
                    [
                        0.0,
                        1.0,
                        -0.7058196617061414,
                        0.2675425343060342,
                        -0.09818258235289112,
                        -0.5908703690963285,
                        -0.18129391494967442,
                        -0.18417995177424162
                    ],
                    [
                        0.0,
                        -0.7058196617061414,
                        1.498181394850972,
                        -0.1888367810558888,
                        0.06929919706175298,
                        1.3812455649970636,
                        0.12796080971916118,
                        0.3909426047805394
                    ],
                    [
                        0.0,
                        0.2675425343060342,
                        -0.1888367810558888,
                        1.0715790076628955,
                        -0.39324735575370023,
                        0.17711340410255189,
                        -0.7261303477632187,
                        -0.04927597106604376
                    ],
                    [
                        0.0,
                        -0.09818258235289112,
                        0.06929919706175298,
                        -0.39324735575370023,
                        1.1443136546175474,
                        -0.9783899622548229,
                        1.0944077733738107,
                        0.018083263282825994
                    ],
                    [
                        0.0,
                        -0.5908703690963285,
                        1.3812455649970636,
                        0.17711340410255189,
                        -0.9783899622548229,
                        3.225448260429703,
                        -0.8762448910126295,
                        0.3604288111422141
                    ],
                    [
                        0.0,
                        -0.18129391494967442,
                        0.12796080971916118,
                        -0.7261303477632187,
                        1.0944077733738107,
                        -0.8762448910126295,
                        2.1775181270309782,
                        0.033390704512394495
                    ],
                    [
                        0.0,
                        -0.18417995177424162,
                        0.3909426047805394,
                        -0.04927597106604376,
                        0.018083263282825994,
                        0.3604288111422141,
                        0.033390704512394495,
                        1.1020144294661969
                    ]
                ],
                "mui": [
                    10.0,
                    -7.175997198045735,
                    0.8991640743965088,
                    -6.786138475796878,
                    -5.909004940343595,
                    6.764215642540646,
                    -1.855653976317189,
                    10.249839359986623
                ],
                "Ai": [
                    [
                        0.0,
                        0.0,
                        0.0,
                        0.0,
                        0.0,
                        0.0,
                        0.0,
                        0.0
                    ],
                    [
                        -0.7675997198045735,
                        0.0,
                        0.0,
                        0.0,
                        0.0,
                        0.0,
                        0.0,
                        0.0
                    ],
                    [
                        -0.4665795840332351,
                        -0.7058196617061414,
                        0.0,
                        0.0,
                        0.0,
                        0.0,
                        0.0,
                        0.0
                    ],
                    [
                        -0.5366253999258722,
                        0.2675425343060342,
                        0.0,
                        0.0,
                        0.0,
                        0.0,
                        0.0,
                        0.0
                    ],
                    [
                        -0.889937755151095,
                        0.0,
                        -0.0,
                        -0.36697933884629685,
                        0.0,
                        0.0,
                        0.0,
                        0.0
                    ],
                    [
                        0.0,
                        -0.0,
                        0.96419764096931,
                        -0.0,
                        -0.9133930023164514,
                        0.0,
                        0.0,
                        0.0
                    ],
                    [
                        -0.0,
                        -0.0,
                        -0.0,
                        -0.3737922319472132,
                        0.827932938435433,
                        -0.0,
                        0.0,
                        0.0
                    ],
                    [
                        0.951520719423034,
                        0.0,
                        0.2609447735261907,
                        -0.0,
                        0.0,
                        0.0,
                        0.0,
                        0.0
                    ]
                ]
            },
            "est_params": {
                "mui": [
                    10.0,
                    -7.097861818069033,
                    0.8435838751434334,
                    -6.6473698379592125,
                    -6.016154684104525,
                    6.797878771132903,
                    -1.9522185765968147,
                    10.292407069873999
                ],
                "Si": [
                    [
                        1e-06,
                        0.0,
                        0.0,
                        0.0,
                        0.0,
                        0.0,
                        0.0,
                        0.0
                    ],
                    [
                        0.0,
                        1.1876066031712629,
                        -0.8440678173096516,
                        0.36278146212344126,
                        -0.2555081552867052,
                        -0.36539334014986957,
                        -0.40737697746644386,
                        -0.37581163839854714
                    ],
                    [
                        0.0,
                        -0.8440678173096516,
                        1.5867766864199844,
                        -0.06096278034578765,
                        0.043757472377405626,
                        1.2420880948938984,
                        0.1771064099567544,
                        0.5531284173403344
                    ],
                    [
                        0.0,
                        0.36278146212344126,
                        -0.06096278034578765,
                        1.1106739447456648,
                        -0.5460789979182138,
                        0.4345681033484371,
                        -0.8481273390488234,
                        -0.04301128115811722
                    ],
                    [
                        0.0,
                        -0.2555081552867052,
                        0.043757472377405626,
                        -0.5460789979182138,
                        1.2831390013743489,
                        -1.1011239789706802,
                        1.2790292413311053,
                        0.0931350468898857
                    ],
                    [
                        0.0,
                        -0.36539334014986957,
                        1.2420880948938984,
                        0.4345681033484371,
                        -1.1011239789706802,
                        3.091993190528045,
                        -0.98502122511677,
                        0.41032654880000374
                    ],
                    [
                        0.0,
                        -0.40737697746644386,
                        0.1771064099567544,
                        -0.8481273390488234,
                        1.2790292413311053,
                        -0.98502122511677,
                        2.225357616008246,
                        0.0484495586933523
                    ],
                    [
                        0.0,
                        -0.37581163839854714,
                        0.5531284173403344,
                        -0.04301128115811722,
                        0.0931350468898857,
                        0.41032654880000374,
                        0.0484495586933523,
                        1.0710586513252596
                    ]
                ]
            },
            "est_tgt": [
                0,
                2,
                6
            ]
        },
        "1": {
            "intv_type": "do",
            "inode": 1,
            "new_mui": 10.0,
            "true_params": {
                "Si": [
                    [
                        1.0,
                        0.0,
                        -0.4665795840332351,
                        -0.5366253999258722,
                        -0.6930073206781687,
                        0.1831131030122251,
                        -0.373177181408485,
                        0.8297692155355372
                    ],
                    [
                        0.0,
                        0.0,
                        0.0,
                        0.0,
                        0.0,
                        0.0,
                        0.0,
                        0.0
                    ],
                    [
                        -0.4665795840332351,
                        0.0,
                        1.2176965082366267,
                        0.25037845587908186,
                        0.3233430674140067,
                        0.8787608055348312,
                        0.17411685407226604,
                        -0.12620860190196398
                    ],
                    [
                        -0.5366253999258722,
                        0.0,
                        0.25037845587908186,
                        1.2879668198456022,
                        0.0049059917641826045,
                        0.23693321796132272,
                        -0.4773701600867822,
                        -0.4452752371329349
                    ],
                    [
                        -0.6930073206781687,
                        0.0,
                        0.3233430674140067,
                        0.0049059917641826045,
                        1.6149329816535993,
                        -1.163301861828074,
                        1.3352223872653113,
                        -0.5750361408395085
                    ],
                    [
                        0.1831131030122251,
                        0.0,
                        0.8787608055348312,
                        0.23693321796132272,
                        -1.163301861828074,
                        2.909850875848437,
                        -1.0516997251149258,
                        0.403543950897956
                    ],
                    [
                        -0.373177181408485,
                        0.0,
                        0.17411685407226604,
                        -0.4773701600867822,
                        1.3352223872653113,
                        -1.0516997251149258,
                        2.2839118521571797,
                        -0.30965093707308144
                    ],
                    [
                        0.8297692155355372,
                        0.0,
                        -0.12620860190196398,
                        -0.4452752371329349,
                        -0.5750361408395085,
                        0.403543950897956,
                        -0.30965093707308144,
                        1.7566091258810959
                    ]
                ],
                "mui": [
                    0.5,
                    10.0,
                    -6.791486409078032,
                    2.907112643097406,
                    -1.011819153291144,
                    -5.124146640082281,
                    -1.4243745281349303,
                    -0.7964425232115523
                ],
                "Ai": [
                    [
                        0.0,
                        0.0,
                        0.0,
                        0.0,
                        0.0,
                        0.0,
                        0.0,
                        0.0
                    ],
                    [
                        0.0,
                        0.0,
                        0.0,
                        0.0,
                        0.0,
                        0.0,
                        0.0,
                        0.0
                    ],
                    [
                        -0.4665795840332351,
                        -0.7058196617061414,
                        0.0,
                        0.0,
                        0.0,
                        0.0,
                        0.0,
                        0.0
                    ],
                    [
                        -0.5366253999258722,
                        0.2675425343060342,
                        0.0,
                        0.0,
                        0.0,
                        0.0,
                        0.0,
                        0.0
                    ],
                    [
                        -0.889937755151095,
                        0.0,
                        -0.0,
                        -0.36697933884629685,
                        0.0,
                        0.0,
                        0.0,
                        0.0
                    ],
                    [
                        0.0,
                        -0.0,
                        0.96419764096931,
                        -0.0,
                        -0.9133930023164514,
                        0.0,
                        0.0,
                        0.0
                    ],
                    [
                        -0.0,
                        -0.0,
                        -0.0,
                        -0.3737922319472132,
                        0.827932938435433,
                        -0.0,
                        0.0,
                        0.0
                    ],
                    [
                        0.951520719423034,
                        0.0,
                        0.2609447735261907,
                        -0.0,
                        0.0,
                        0.0,
                        0.0,
                        0.0
                    ]
                ]
            },
            "est_params": {
                "mui": [
                    0.4350894531532141,
                    10.0,
                    -6.7179546145091695,
                    2.926148866716054,
                    -0.8982808576020735,
                    -5.092904845115935,
                    -1.3443780975923834,
                    -0.8621868569064141
                ],
                "Si": [
                    [
                        1.1364287404577182,
                        0.0,
                        -0.6045715492395816,
                        -0.5414782616294365,
                        -0.7389527591091903,
                        0.14809828557614824,
                        -0.5425109412679819,
                        1.0202382538266264
                    ],
                    [
                        0.0,
                        1e-06,
                        0.0,
                        0.0,
                        0.0,
                        0.0,
                        0.0,
                        0.0
                    ],
                    [
                        -0.6045715492395815,
                        0.0,
                        1.265271059130671,
                        0.291188065104453,
                        0.2001385470695826,
                        0.9962032474468828,
                        0.08002122326631646,
                        -0.36212767935657214
                    ],
                    [
                        -0.5414782616294365,
                        0.0,
                        0.291188065104453,
                        1.1123299716251225,
                        -0.04020587202782767,
                        0.2555245680592305,
                        -0.5823134147243426,
                        -0.5533264740216246
                    ],
                    [
                        -0.7389527591091903,
                        0.0,
                        0.2001385470695826,
                        -0.04020587202782767,
                        1.5705305088565222,
                        -1.2339433408420613,
                        1.4574129149962833,
                        -0.6677351968710364
                    ],
                    [
                        0.14809828557614824,
                        0.0,
                        0.9962032474468828,
                        0.2555245680592305,
                        -1.2339433408420613,
                        3.146247338897219,
                        -1.1257876357151508,
                        0.32450763270634586
                    ],
                    [
                        -0.5425109412679819,
                        0.0,
                        0.08002122326631646,
                        -0.5823134147243426,
                        1.4574129149962833,
                        -1.1257876357151508,
                        2.3575055160688976,
                        -0.3315696840641878
                    ],
                    [
                        1.0202382538266264,
                        0.0,
                        -0.36212767935657214,
                        -0.5533264740216246,
                        -0.6677351968710364,
                        0.32450763270634586,
                        -0.3315696840641878,
                        1.7474105253587284
                    ]
                ]
            },
            "est_tgt": [
                1,
                2,
                3,
                4,
                6,
                7
            ]
        },
        "2": {
            "intv_type": "do",
            "inode": 2,
            "new_mui": 10.0,
            "true_params": {
                "Si": [
                    [
                        1.0,
                        -0.7675997198045735,
                        0.0,
                        -0.7419909742949895,
                        -0.6176423979744001,
                        0.5641502442437698,
                        -0.23401602309084085,
                        0.951520719423034
                    ],
                    [
                        -0.7675997198045735,
                        1.58920932984406,
                        0.0,
                        0.8370945982723907,
                        0.3759195492716833,
                        -0.34336228573870997,
                        -0.00166328119536438,
                        -0.7303870376173671
                    ],
                    [
                        0.0,
                        0.0,
                        0.0,
                        0.0,
                        0.0,
                        0.0,
                        0.0,
                        0.0
                    ],
                    [
                        -0.7419909742949895,
                        0.8370945982723907,
                        0.0,
                        1.6221296135981231,
                        0.06503772888521858,
                        -0.0594050064503131,
                        -0.552492570789407,
                        -0.7060197856665663
                    ],
                    [
                        -0.6176423979744001,
                        0.3759195492716833,
                        0.0,
                        0.06503772888521858,
                        1.5257957863931146,
                        -1.393651194255398,
                        1.2389459910400702,
                        -0.5876995388667691
                    ],
                    [
                        0.5641502442437698,
                        -0.34336228573870997,
                        0.0,
                        -0.0594050064503131,
                        -1.393651194255398,
                        2.272951248502846,
                        -1.131644598464021,
                        0.5368006462655122
                    ],
                    [
                        -0.23401602309084085,
                        -0.00166328119536438,
                        0.0,
                        -0.552492570789407,
                        1.2389459910400702,
                        -1.131644598464021,
                        2.232281626094231,
                        -0.2226710946479142
                    ],
                    [
                        0.951520719423034,
                        -0.7303870376173671,
                        0.0,
                        -0.7060197856665663,
                        -0.5876995388667691,
                        0.5368006462655122,
                        -0.2226710946479142,
                        1.9053916794913281
                    ]
                ],
                "mui": [
                    0.5,
                    0.11620014009771323,
                    10.0,
                    0.2627757800055224,
                    -0.04140215958679405,
                    10.179792852540468,
                    0.3674982430457988,
                    3.5852080949734244
                ],
                "Ai": [
                    [
                        0.0,
                        0.0,
                        0.0,
                        0.0,
                        0.0,
                        0.0,
                        0.0,
                        0.0
                    ],
                    [
                        -0.7675997198045735,
                        0.0,
                        0.0,
                        0.0,
                        0.0,
                        0.0,
                        0.0,
                        0.0
                    ],
                    [
                        0.0,
                        0.0,
                        0.0,
                        0.0,
                        0.0,
                        0.0,
                        0.0,
                        0.0
                    ],
                    [
                        -0.5366253999258722,
                        0.2675425343060342,
                        0.0,
                        0.0,
                        0.0,
                        0.0,
                        0.0,
                        0.0
                    ],
                    [
                        -0.889937755151095,
                        0.0,
                        -0.0,
                        -0.36697933884629685,
                        0.0,
                        0.0,
                        0.0,
                        0.0
                    ],
                    [
                        0.0,
                        -0.0,
                        0.96419764096931,
                        -0.0,
                        -0.9133930023164514,
                        0.0,
                        0.0,
                        0.0
                    ],
                    [
                        -0.0,
                        -0.0,
                        -0.0,
                        -0.3737922319472132,
                        0.827932938435433,
                        -0.0,
                        0.0,
                        0.0
                    ],
                    [
                        0.951520719423034,
                        0.0,
                        0.2609447735261907,
                        -0.0,
                        0.0,
                        0.0,
                        0.0,
                        0.0
                    ]
                ]
            },
            "est_params": {
                "mui": [
                    0.5570678076179434,
                    0.09100630829924748,
                    10.0,
                    0.22944721114473557,
                    -0.1250017043381441,
                    10.213199659144982,
                    0.3964840300995691,
                    3.5596548149409393
                ],
                "Si": [
                    [
                        1.0680757983081968,
                        -0.9302921764811144,
                        0.0,
                        -0.8137387794861741,
                        -0.5456746050521283,
                        0.5520983221786265,
                        -0.07359612775066814,
                        1.1400867195778854
                    ],
                    [
                        -0.9302921764811144,
                        1.8103408709037012,
                        0.0,
                        0.9955118394010142,
                        0.3216717276719117,
                        -0.4173198818392363,
                        -0.14291174661287803,
                        -0.9490393665863908
                    ],
                    [
                        0.0,
                        0.0,
                        1e-06,
                        0.0,
                        0.0,
                        0.0,
                        0.0,
                        0.0
                    ],
                    [
                        -0.8137387794861741,
                        0.9955118394010142,
                        0.0,
                        1.58445589733921,
                        0.1201186114486223,
                        -0.20446811603767628,
                        -0.6086809869263815,
                        -0.9680623362525701
                    ],
                    [
                        -0.5456746050521283,
                        0.3216717276719117,
                        0.0,
                        0.1201186114486223,
                        1.2945910629581896,
                        -1.2332213858363004,
                        0.9897289462911352,
                        -0.6268899231597325
                    ],
                    [
                        0.5520983221786265,
                        -0.4173198818392363,
                        0.0,
                        -0.20446811603767628,
                        -1.2332213858363004,
                        2.164717162616809,
                        -0.9313221268158499,
                        0.5258934954643907
                    ],
                    [
                        -0.07359612775066814,
                        -0.14291174661287803,
                        0.0,
                        -0.6086809869263815,
                        0.9897289462911352,
                        -0.9313221268158499,
                        2.006548880271273,
                        0.04596889945163772
                    ],
                    [
                        1.1400867195778854,
                        -0.9490393665863908,
                        0.0,
                        -0.9680623362525701,
                        -0.6268899231597325,
                        0.5258934954643907,
                        0.04596889945163772,
                        2.0674305685909555
                    ]
                ]
            },
            "est_tgt": [
                1,
                2,
                7
            ]
        },
        "3": {
            "intv_type": "do",
            "inode": 3,
            "new_mui": 10.0,
            "true_params": {
                "Si": [
                    [
                        1.0,
                        -0.7675997198045735,
                        0.07520739052495795,
                        0.0,
                        -0.889937755151095,
                        0.8853777065798437,
                        -0.7368087806468789,
                        0.9711456949110648
                    ],
                    [
                        -0.7675997198045735,
                        1.58920932984406,
                        -0.7635488336003323,
                        0.0,
                        0.6831159714974917,
                        -1.360165332258722,
                        0.5655742135740938,
                        -0.9296311150773928
                    ],
                    [
                        0.07520739052495795,
                        -0.7635488336003323,
                        1.5038375464405456,
                        0.0,
                        -0.06692989629455282,
                        1.5111299136002594,
                        -0.055413465708327905,
                        0.4639799383143475
                    ],
                    [
                        0.0,
                        0.0,
                        0.0,
                        0.0,
                        0.0,
                        0.0,
                        0.0,
                        0.0
                    ],
                    [
                        -0.889937755151095,
                        0.6831159714974917,
                        -0.06692989629455282,
                        0.0,
                        1.7919892080433701,
                        -1.7013240509709422,
                        1.483646890659932,
                        -0.8642592196538031
                    ],
                    [
                        0.8853777065798437,
                        -1.360165332258722,
                        1.5111299136002594,
                        0.0,
                        -1.7013240509709422,
                        4.0110053807210635,
                        -1.4085822207512466,
                        1.2367766853990405
                    ],
                    [
                        -0.7368087806468789,
                        0.5655742135740938,
                        -0.055413465708327905,
                        0.0,
                        1.483646890659932,
                        -1.4085822207512466,
                        2.2283601297846714,
                        -0.7155486752978876
                    ],
                    [
                        0.9711456949110648,
                        -0.9296311150773928,
                        0.4639799383143475,
                        0.0,
                        -0.8642592196538031,
                        1.2367766853990405,
                        -0.7155486752978876,
                        2.045138390210492
                    ]
                ],
                "mui": [
                    0.5,
                    0.11620014009771323,
                    0.18469386440940827,
                    10.0,
                    -3.6147622660385164,
                    3.979779947202197,
                    -6.2307030641389245,
                    1.023955258331507
                ],
                "Ai": [
                    [
                        0.0,
                        0.0,
                        0.0,
                        0.0,
                        0.0,
                        0.0,
                        0.0,
                        0.0
                    ],
                    [
                        -0.7675997198045735,
                        0.0,
                        0.0,
                        0.0,
                        0.0,
                        0.0,
                        0.0,
                        0.0
                    ],
                    [
                        -0.4665795840332351,
                        -0.7058196617061414,
                        0.0,
                        0.0,
                        0.0,
                        0.0,
                        0.0,
                        0.0
                    ],
                    [
                        0.0,
                        0.0,
                        0.0,
                        0.0,
                        0.0,
                        0.0,
                        0.0,
                        0.0
                    ],
                    [
                        -0.889937755151095,
                        0.0,
                        -0.0,
                        -0.36697933884629685,
                        0.0,
                        0.0,
                        0.0,
                        0.0
                    ],
                    [
                        0.0,
                        -0.0,
                        0.96419764096931,
                        -0.0,
                        -0.9133930023164514,
                        0.0,
                        0.0,
                        0.0
                    ],
                    [
                        -0.0,
                        -0.0,
                        -0.0,
                        -0.3737922319472132,
                        0.827932938435433,
                        -0.0,
                        0.0,
                        0.0
                    ],
                    [
                        0.951520719423034,
                        0.0,
                        0.2609447735261907,
                        -0.0,
                        0.0,
                        0.0,
                        0.0,
                        0.0
                    ]
                ]
            },
            "est_params": {
                "mui": [
                    0.4364003592016666,
                    0.21168822863130382,
                    0.07536063535065969,
                    10.0,
                    -3.4975928434219714,
                    3.9326975824996806,
                    -5.953187678538871,
                    0.8158852906132474
                ],
                "Si": [
                    [
                        1.0790037594367952,
                        -0.8716334002780561,
                        0.10077625294989102,
                        0.0,
                        -0.9019627144263958,
                        0.9246647622969796,
                        -0.7046060883817871,
                        1.140248525899271
                    ],
                    [
                        -0.8716334002780561,
                        1.7244289935451889,
                        -0.7648488250908242,
                        0.0,
                        0.6202910001002832,
                        -1.2067896913732055,
                        0.5411467789724714,
                        -0.974264250513888
                    ],
                    [
                        0.10077625294989102,
                        -0.7648488250908242,
                        1.2629147986800586,
                        0.0,
                        -0.0004893574987796572,
                        1.019815775944574,
                        0.04607817835840275,
                        0.4106419570155602
                    ],
                    [
                        0.0,
                        0.0,
                        0.0,
                        1e-06,
                        0.0,
                        0.0,
                        0.0,
                        0.0
                    ],
                    [
                        -0.9019627144263958,
                        0.6202910001002832,
                        -0.0004893574987796572,
                        0.0,
                        1.7480011249753982,
                        -1.601408867709117,
                        1.4372329245343716,
                        -0.9256527395857692
                    ],
                    [
                        0.9246647622969796,
                        -1.2067896913732055,
                        1.019815775944574,
                        0.0,
                        -1.601408867709117,
                        3.2619451940735114,
                        -1.3506827796179695,
                        1.0857875519173152
                    ],
                    [
                        -0.7046060883817871,
                        0.5411467789724714,
                        0.04607817835840275,
                        0.0,
                        1.4372329245343716,
                        -1.3506827796179695,
                        2.107982190360828,
                        -0.7265902872744848
                    ],
                    [
                        1.140248525899271,
                        -0.974264250513888,
                        0.4106419570155602,
                        0.0,
                        -0.9256527395857692,
                        1.0857875519173152,
                        -0.7265902872744848,
                        2.343626633806875
                    ]
                ]
            },
            "est_tgt": [
                3,
                4,
                6
            ]
        },
        "4": {
            "intv_type": "do",
            "inode": 4,
            "new_mui": 10.0,
            "true_params": {
                "Si": [
                    [
                        1.0,
                        -0.7675997198045735,
                        0.07520739052495795,
                        -0.7419909742949895,
                        0.0,
                        0.0725147885276221,
                        0.2773504623664114,
                        0.9711456949110648
                    ],
                    [
                        -0.7675997198045735,
                        1.58920932984406,
                        -0.7635488336003323,
                        0.8370945982723907,
                        0.0,
                        -0.7362119841223086,
                        -0.3128994582391927,
                        -0.9296311150773928
                    ],
                    [
                        0.07520739052495795,
                        -0.7635488336003323,
                        1.5038375464405456,
                        -0.2446399860256861,
                        0.0,
                        1.449996614679049,
                        0.09144452640007626,
                        0.4639799383143475
                    ],
                    [
                        -0.7419909742949895,
                        0.8370945982723907,
                        -0.2446399860256861,
                        1.6221296135981231,
                        0.0,
                        -0.2358812974127315,
                        -0.6063394487745131,
                        -0.7698573114154894
                    ],
