{
    "expt_args": {
        "save_dir": "expt_logs_29.04.24-6",
        "exp_name": "205",
        "num_nodes": 6,
        "obs_noise_mean": 0.5,
        "obs_noise_var": 1.0,
        "max_edge_strength": 1.0,
        "num_parents": 2,
        "new_noise_mean": 10.0,
        "mix_samples": 32768,
        "stage2_samples": 32768,
        "intv_targets": [
            0,
            1,
            2,
            3,
            4,
            5
        ]
    },
    "intv_args_dict": {
        "0": {
            "intv_type": "do",
            "inode": 0,
            "new_mui": 10.0,
            "true_params": {
                "Si": [
                    [
                        0.0,
                        0.0,
                        0.0,
                        0.0,
                        0.0,
                        0.0
                    ],
                    [
                        0.0,
                        1.0,
                        0.723997490940747,
                        -0.2649190295213829,
                        -0.013398817514706,
                        0.5415891310157662
                    ],
                    [
                        0.0,
                        0.723997490940747,
                        1.524172366888497,
                        -0.1918007126759389,
                        0.3025331309536786,
                        -0.05662819804651309
                    ],
                    [
                        0.0,
                        -0.2649190295213829,
                        -0.1918007126759389,
                        1.0701820922025513,
                        0.9074308199842888,
                        -0.14347726698802588
                    ],
                    [
                        0.0,
                        -0.013398817514706,
                        0.3025331309536786,
                        0.9074308199842888,
                        1.9146707566191494,
                        -0.14736764667373842
                    ],
                    [
                        0.0,
                        0.5415891310157662,
                        -0.05662819804651309,
                        -0.14347726698802588,
                        -0.14736764667373842,
                        1.494684014089309
                    ]
                ],
                "mui": [
                    10.0,
                    4.769332829893771,
                    13.843867421261084,
                    2.8718475840224325,
                    7.418332995102978,
                    -1.5797584260306667
                ],
                "Ai": [
                    [
                        0.0,
                        0.0,
                        0.0,
                        0.0,
                        0.0,
                        0.0
                    ],
                    [
                        0.4269332829893771,
                        0.0,
                        0.0,
                        0.0,
                        0.0,
                        0.0
                    ],
                    [
                        0.9890882418956661,
                        0.723997490940747,
                        0.0,
                        0.0,
                        0.0,
                        0.0
                    ],
                    [
                        0.3635334608782361,
                        -0.2649190295213829,
                        -0.0,
                        0.0,
                        0.0,
                        0.0
                    ],
                    [
                        0.0,
                        0.0,
                        0.3122338412158987,
                        0.9038812182515588,
                        0.0,
                        0.0
                    ],
                    [
                        -0.0,
                        0.8664738610035558,
                        -0.4487373700227073,
                        -0.0,
                        -0.0,
                        0.0
                    ]
                ]
            },
            "est_params": {
                "mui": [
                    10.0,
                    4.752040275101279,
                    13.840035984456037,
                    2.885902762822803,
                    7.430740228548333,
                    -1.576069166924488
                ],
                "Si": [
                    [
                        1e-06,
                        0.0,
                        0.0,
                        0.0,
                        0.0,
                        0.0
                    ],
                    [
                        0.0,
                        0.9932959605223934,
                        0.7070065816299118,
                        -0.28208613409357214,
                        -0.043978126800925894,
                        0.5611257429092723
                    ],
                    [
                        0.0,
                        0.7070065816299118,
                        1.5085065319737898,
                        -0.2094005941659848,
                        0.28991555625304344,
                        -0.028593277041072257
                    ],
                    [
                        0.0,
                        -0.28208613409357214,
                        -0.2094005941659848,
                        1.0787654467108168,
                        0.9358083874136451,
                        -0.1700098621967631
                    ],
                    [
                        0.0,
                        -0.043978126800925894,
                        0.28991555625304344,
                        0.9358083874136451,
                        1.927080157992732,
                        -0.18485110562597912
                    ],
                    [
                        0.0,
                        0.5611257429092723,
                        -0.028593277041072257,
                        -0.1700098621967631,
                        -0.18485110562597912,
                        1.5233218368369903
                    ]
                ]
            },
            "est_tgt": [
                0
            ]
        },
        "1": {
            "intv_type": "do",
            "inode": 1,
            "new_mui": 10.0,
            "true_params": {
                "Si": [
                    [
                        1.0,
                        0.0,
                        0.9890882418956661,
                        0.3635334608782361,
                        0.6374178885623893,
                        -0.44384085638864457
                    ],
                    [
                        0.0,
                        0.0,
                        0.0,
                        0.0,
                        0.0,
                        0.0
                    ],
                    [
                        0.9890882418956661,
                        0.0,
                        1.9782955502562598,
                        0.3595666716903015,
                        0.94269637996692,
                        -0.8877351423496186
                    ],
                    [
                        0.3635334608782361,
                        0.0,
                        0.3595666716903015,
                        1.1321565771781081,
                        1.1356039493063421,
                        -0.16135100260212415
                    ],
                    [
                        0.6374178885623893,
                        0.0,
                        0.94269637996692,
                        1.1356039493063421,
                        2.3207927929676915,
                        -0.4230230942762825
                    ],
                    [
                        -0.44384085638864457,
                        0.0,
                        -0.8877351423496186,
                        -0.16135100260212415,
                        -0.4230230942762825,
                        1.3983599330547016
                    ]
                ],
                "mui": [
                    0.5,
                    10.0,
                    8.234519030355303,
                    -1.9674235647747111,
                    1.2927782988678633,
                    5.469602196951986
                ],
                "Ai": [
                    [
                        0.0,
                        0.0,
                        0.0,
                        0.0,
                        0.0,
                        0.0
                    ],
                    [
                        0.0,
                        0.0,
                        0.0,
                        0.0,
                        0.0,
                        0.0
                    ],
                    [
                        0.9890882418956661,
                        0.723997490940747,
                        0.0,
                        0.0,
                        0.0,
                        0.0
                    ],
                    [
                        0.3635334608782361,
                        -0.2649190295213829,
                        -0.0,
                        0.0,
                        0.0,
                        0.0
                    ],
                    [
                        0.0,
                        0.0,
                        0.3122338412158987,
                        0.9038812182515588,
                        0.0,
                        0.0
                    ],
                    [
                        -0.0,
                        0.8664738610035558,
                        -0.4487373700227073,
                        -0.0,
                        -0.0,
                        0.0
                    ]
                ]
            },
            "est_params": {
                "mui": [
                    0.4998316884554373,
                    10.0,
                    8.250037843198648,
                    -1.9649782800321962,
                    1.3173451123753415,
                    5.464590553550186
                ],
                "Si": [
                    [
                        0.9744475151700852,
                        0.0,
                        0.9577148480919405,
                        0.3325284573834354,
                        0.6083683188088211,
                        -0.416670366877198
                    ],
                    [
                        0.0,
                        1e-06,
                        0.0,
                        0.0,
                        0.0,
                        0.0
                    ],
                    [
                        0.9577148480919405,
                        0.0,
                        1.9145714400049056,
                        0.32856183394078453,
                        0.8967236491803946,
                        -0.8408899792819678
                    ],
                    [
                        0.3325284573834354,
                        0.0,
                        0.32856183394078453,
                        1.0965708092908633,
                        1.1102154592217715,
                        -0.10628634481273908
                    ],
                    [
                        0.6083683188088211,
                        0.0,
                        0.8967236491803946,
                        1.1102154592217715,
                        2.2802067782381945,
                        -0.38435880923990423
                    ],
                    [
                        -0.416670366877198,
                        0.0,
                        -0.8408899792819678,
                        -0.10628634481273908,
                        -0.38435880923990423,
                        1.414643010393024
                    ]
                ]
            },
            "est_tgt": [
                1
            ]
        },
        "2": {
            "intv_type": "do",
            "inode": 2,
            "new_mui": 10.0,
            "true_params": {
                "Si": [
                    [
                        1.0,
                        0.4269332829893771,
                        0.0,
                        0.2504307098783124,
                        0.22635961513241168,
                        0.3699265301027293
                    ],
                    [
                        0.4269332829893771,
                        1.1822720281240875,
                        0.0,
                        -0.15800182439167476,
                        -0.14281488151711585,
                        1.0244078089651827
                    ],
                    [
                        0.0,
                        0.0,
                        0.0,
                        0.0,
                        0.0,
                        0.0
                    ],
                    [
                        0.2504307098783124,
                        -0.15800182439167476,
                        0.0,
                        1.132897632652707,
                        1.0240048923564355,
                        -0.13690445082626024
                    ],
                    [
                        0.22635961513241168,
                        -0.14281488151711585,
                        0.0,
                        1.0240048923564355,
                        1.925578789598691,
                        -0.12374536179690074
                    ],
                    [
                        0.3699265301027293,
                        1.0244078089651827,
                        0.0,
                        -0.13690445082626024,
                        -0.12374536179690074,
                        1.8876225894762548
                    ]
                ],
                "mui": [
                    0.5,
                    0.7134666414946885,
                    10.0,
                    0.49275584017846474,
                    4.067731161280069,
                    -3.36917350467393
                ],
                "Ai": [
                    [
                        0.0,
                        0.0,
                        0.0,
                        0.0,
                        0.0,
                        0.0
                    ],
                    [
                        0.4269332829893771,
                        0.0,
                        0.0,
                        0.0,
                        0.0,
                        0.0
                    ],
                    [
                        0.0,
                        0.0,
                        0.0,
                        0.0,
                        0.0,
                        0.0
                    ],
                    [
                        0.3635334608782361,
                        -0.2649190295213829,
                        -0.0,
                        0.0,
                        0.0,
                        0.0
                    ],
                    [
                        0.0,
                        0.0,
                        0.3122338412158987,
                        0.9038812182515588,
                        0.0,
                        0.0
                    ],
                    [
                        -0.0,
                        0.8664738610035558,
                        -0.4487373700227073,
                        -0.0,
                        -0.0,
                        0.0
                    ]
                ]
            },
            "est_params": {
                "mui": [
                    0.5025220188254956,
                    0.7300489311267828,
                    9.999999999999968,
                    0.49466488186701674,
                    4.0725489050372055,
                    -3.341793815137029
                ],
                "Si": [
                    [
                        0.9785552248248904,
                        0.4036149987072975,
                        8.405983180403526e-26,
                        0.24539520114246308,
                        0.23849620711902775,
                        0.3316815125459658
                    ],
                    [
                        0.4036149987072975,
                        1.1533581576810232,
                        1.7708006706432903e-24,
                        -0.16641554348640195,
                        -0.1516531946121078,
                        0.9747038038919185
                    ],
                    [
                        8.405984798234054e-26,
                        1.7708006167156058e-24,
                        1e-06,
                        -6.634545467418566e-25,
                        -1.950744027565356e-25,
                        1.4527829093491281e-24
                    ],
                    [
                        0.2453952011424631,
                        -0.16641554348640197,
                        -6.634544604575618e-25,
                        1.1885496158000033,
                        1.0943266255031339,
                        -0.1387661559899086
                    ],
                    [
                        0.23849620711902775,
                        -0.1516531946121078,
                        -1.9507431647224075e-25,
                        1.0943266255031339,
                        2.0109972120391912,
                        -0.11431220568523626
                    ],
                    [
                        0.33168151254596573,
                        0.9747038038919185,
                        1.452783060346644e-24,
                        -0.1387661559899086,
                        -0.11431220568523626,
                        1.803486787944714
                    ]
                ]
            },
            "est_tgt": [
                2
            ]
        },
        "3": {
            "intv_type": "do",
            "inode": 3,
            "new_mui": 10.0,
            "true_params": {
                "Si": [
                    [
                        1.0,
                        0.4269332829893771,
                        1.298186867579071,
                        0.0,
                        0.4053378722802486,
                        -0.21261843065271965
                    ],
                    [
                        0.4269332829893771,
                        1.1822720281240875,
                        1.2782366722499754,
                        0.0,
                        0.3991087461596376,
                        0.4508152463931514
                    ],
                    [
                        1.298186867579071,
                        1.2782366722499754,
                        3.2094615100432575,
                        0.0,
                        1.002102495515385,
                        -0.3326466525251452
                    ],
                    [
                        0.0,
                        0.0,
                        0.0,
                        0.0,
                        0.0,
                        0.0
                    ],
                    [
                        0.4053378722802486,
                        0.3991087461596376,
                        1.002102495515385,
                        0.0,
                        1.3128903114668065,
                        -0.1038635420855364
                    ],
                    [
                        -0.21261843065271965,
                        0.4508152463931514,
                        -0.3326466525251452,
                        0.0,
                        -0.1038635420855364,
                        1.5398906111425341
                    ]
                ],
                "mui": [
                    0.5,
                    0.7134666414946885,
                    1.511092179259909,
                    10.0,
                    10.010626298077215,
                    0.4401166651701696
                ],
                "Ai": [
                    [
                        0.0,
                        0.0,
                        0.0,
                        0.0,
                        0.0,
                        0.0
                    ],
                    [
                        0.4269332829893771,
                        0.0,
                        0.0,
                        0.0,
                        0.0,
                        0.0
                    ],
                    [
                        0.9890882418956661,
                        0.723997490940747,
                        0.0,
                        0.0,
                        0.0,
                        0.0
                    ],
                    [
                        0.0,
                        0.0,
                        0.0,
                        0.0,
                        0.0,
                        0.0
                    ],
                    [
                        0.0,
                        0.0,
                        0.3122338412158987,
                        0.9038812182515588,
                        0.0,
                        0.0
                    ],
                    [
                        -0.0,
                        0.8664738610035558,
                        -0.4487373700227073,
                        -0.0,
                        -0.0,
                        0.0
                    ]
                ]
            },
            "est_params": {
                "mui": [
                    0.48218204348430893,
                    0.6999918843951357,
                    1.4851730208852947,
                    10.0,
                    10.006460898703674,
                    0.4433345923452514
                ],
                "Si": [
                    [
                        0.9826562056254571,
                        0.426087641875613,
                        1.2854693977486114,
                        0.0,
                        0.4213823558097809,
                        -0.22459505600002938
                    ],
                    [
                        0.426087641875613,
                        1.222845757941948,
                        1.3094093666717306,
                        0.0,
                        0.40084558042914964,
                        0.4563098032742398
                    ],
                    [
                        1.2854693977486114,
                        1.3094093666717306,
                        3.2188412427076423,
                        0.0,
                        1.0126226472128095,
                        -0.33600412265079366
                    ],
                    [
                        0.0,
                        0.0,
                        0.0,
                        1e-06,
                        0.0,
                        0.0
                    ],
                    [
                        0.4213823558097809,
                        0.40084558042914964,
                        1.0126226472128095,
                        0.0,
                        1.314735800600045,
                        -0.1073693393905695
                    ],
                    [
                        -0.22459505600002938,
                        0.4563098032742398,
                        -0.33600412265079366,
                        0.0,
                        -0.1073693393905695,
                        1.5645036757700008
                    ]
                ]
            },
            "est_tgt": [
                0,
                3
            ]
        },
        "4": {
            "intv_type": "do",
            "inode": 4,
            "new_mui": 10.0,
            "true_params": {
                "Si": [
                    [
                        1.0,
                        0.4269332829893771,
                        1.298186867579071,
                        0.2504307098783124,
                        0.0,
                        -0.21261843065271965
                    ],
                    [
                        0.4269332829893771,
                        1.1822720281240875,
                        1.2782366722499754,
                        -0.15800182439167476,
                        0.0,
                        0.4508152463931514
                    ],
                    [
                        1.298186867579071,
                        1.2782366722499754,
                        3.2094615100432575,
                        0.1333051461265906,
                        0.0,
                        -0.3326466525251452
                    ],
                    [
                        0.2504307098783124,
                        -0.15800182439167476,
                        0.1333051461265906,
                        1.132897632652707,
                        0.0,
                        -0.19672345150959922
                    ],
                    [
                        0.0,
                        0.0,
                        0.0,
                        0.0,
                        0.0,
                        0.0
                    ],
                    [
                        -0.21261843065271965,
                        0.4508152463931514,
                        -0.3326466525251452,
                        -0.19672345150959922,
                        0.0,
                        1.5398906111425341
                    ]
                ],
                "mui": [
                    0.5,
                    0.7134666414946885,
                    1.511092179259909,
                    0.49275584017846474,
                    10.0,
                    0.4401166651701696
                ],
                "Ai": [
                    [
                        0.0,
                        0.0,
                        0.0,
                        0.0,
                        0.0,
                        0.0
                    ],
                    [
                        0.4269332829893771,
                        0.0,
                        0.0,
                        0.0,
                        0.0,
                        0.0
                    ],
                    [
                        0.9890882418956661,
                        0.723997490940747,
                        0.0,
                        0.0,
                        0.0,
                        0.0
                    ],
                    [
                        0.3635334608782361,
                        -0.2649190295213829,
                        -0.0,
                        0.0,
                        0.0,
                        0.0
                    ],
                    [
                        0.0,
                        0.0,
                        0.0,
                        0.0,
                        0.0,
                        0.0
                    ],
                    [
                        -0.0,
                        0.8664738610035558,
                        -0.4487373700227073,
                        -0.0,
                        -0.0,
                        0.0
                    ]
                ]
            },
            "est_params": {
                "mui": [
                    0.5122077019819455,
                    0.7332826884331769,
                    1.5280764572791852,
                    0.5004247311030737,
                    9.999999999999986,
                    0.43302376699211154
                ],
                "Si": [
                    [
                        1.0045188920560764,
                        0.4342353747963213,
                        1.3165765276513304,
                        0.2481321922480319,
                        6.314974501998154e-25,
                        -0.2071710168355908
                    ],
                    [
                        0.4342353747963213,
                        1.1932829297928174,
                        1.3181140890190628,
                        -0.16817429753601099,
                        -3.510911774749021e-24,
                        0.4546298905765399
                    ],
                    [
                        1.3165765276513304,
                        1.3181140890190628,
                        3.2386265195639887,
                        0.11814848409603436,
                        -2.2555389808756954e-24,
                        -0.2873900816388409
                    ],
                    [
                        0.2481321922480319,
                        -0.16817429753601099,
                        0.11814848409603436,
                        1.1383708765404832,
                        1.2943365162615489e-23,
                        -0.18511886942361583
                    ],
                    [
                        6.314974501998154e-25,
                        -3.510911763963484e-24,
                        -2.2555389539118534e-24,
                        1.2943365151829952e-23,
                        1e-06,
                        -1.795617039071919e-24
                    ],
                    [
                        -0.2071710168355908,
                        0.4546298905765399,
                        -0.2873900816388409,
                        -0.18511886942361583,
                        -1.79561710378514e-24,
                        1.5008301743112076
                    ]
                ]
            },
            "est_tgt": [
                4
            ]
        },
        "5": {
            "intv_type": "do",
            "inode": 5,
            "new_mui": 10.0,
            "true_params": {
                "Si": [
                    [
                        1.0,
                        0.4269332829893771,
                        1.298186867579071,
                        0.2504307098783124,
                        0.6316974874126603,
                        0.0
                    ],
                    [
                        0.4269332829893771,
                        1.1822720281240875,
                        1.2782366722499754,
                        -0.15800182439167476,
                        0.2562938646425218,
                        0.0
                    ],
                    [
                        1.298186867579071,
                        1.2782366722499754,
                        3.2094615100432575,
                        0.1333051461265906,
                        1.1225945133954898,
                        0.0
                    ],
                    [
                        0.2504307098783124,
                        -0.15800182439167476,
                        0.1333051461265906,
                        1.132897632652707,
                        1.0656272701853875,
                        0.0
                    ],
                    [
                        0.6316974874126603,
                        0.2562938646425218,
                        1.1225945133954898,
                        1.0656272701853875,
                        2.3137124722226172,
                        0.0
                    ],
                    [
                        0.0,
                        0.0,
                        0.0,
                        0.0,
                        0.0,
                        0.0
                    ]
                ],
                "mui": [
                    0.5,
                    0.7134666414946885,
                    1.511092179259909,
                    0.49275584017846474,
                    1.4172068646827058,
                    10.0
                ],
                "Ai": [
                    [
                        0.0,
                        0.0,
                        0.0,
                        0.0,
                        0.0,
                        0.0
                    ],
                    [
                        0.4269332829893771,
                        0.0,
                        0.0,
                        0.0,
                        0.0,
                        0.0
                    ],
                    [
                        0.9890882418956661,
                        0.723997490940747,
                        0.0,
                        0.0,
                        0.0,
                        0.0
                    ],
                    [
                        0.3635334608782361,
                        -0.2649190295213829,
                        -0.0,
                        0.0,
                        0.0,
                        0.0
                    ],
                    [
                        0.0,
                        0.0,
                        0.3122338412158987,
                        0.9038812182515588,
                        0.0,
                        0.0
                    ],
                    [
                        0.0,
                        0.0,
                        0.0,
                        0.0,
                        0.0,
                        0.0
                    ]
                ]
            },
            "est_params": {
                "mui": [
                    0.507961442797191,
                    0.7095687714540069,
                    1.5179993275071322,
                    0.4764913402758527,
                    1.3917157572033905,
                    10.0
                ],
                "Si": [
                    [
                        0.9977638684767506,
                        0.4355592269166439,
                        1.3041024756887478,
                        0.25120918379570295,
                        0.6328908099283479,
                        0.0
                    ],
                    [
                        0.4355592269166439,
                        1.2288390961317057,
                        1.3095979945622551,
                        -0.17126990443899703,
                        0.26112456102128556,
                        0.0
                    ],
                    [
                        1.3041024756887478,
                        1.3095979945622551,
                        3.2456932364490543,
                        0.1091699297934409,
                        1.120437177734287,
                        0.0
                    ],
                    [
                        0.25120918379570295,
                        -0.17126990443899703,
                        0.1091699297934409,
                        1.1662380537371109,
                        1.1047009662521108,
                        0.0
                    ],
                    [
                        0.6328908099283479,
                        0.26112456102128556,
                        1.120437177734287,
                        1.1047009662521108,
                        2.3730713638810146,
                        0.0
                    ],
                    [
                        0.0,
                        0.0,
                        0.0,
                        0.0,
                        0.0,
                        1e-06
                    ]
                ]
            },
            "est_tgt": [
                5
            ]
        },
        "obs": {
            "intv_type": "obs",
            "true_params": {
                "Si": [
                    [
                        1.0,
                        0.4269332829893771,
                        1.298186867579071,
                        0.2504307098783124,
                        0.6316974874126603,
                        -0.21261843065271965
                    ],
                    [
                        0.4269332829893771,
                        1.1822720281240875,
                        1.2782366722499754,
                        -0.15800182439167476,
                        0.2562938646425218,
                        0.4508152463931514
                    ],
                    [
                        1.298186867579071,
                        1.2782366722499754,
                        3.2094615100432575,
                        0.1333051461265906,
                        1.1225945133954898,
                        -0.3326466525251452
                    ],
                    [
                        0.2504307098783124,
                        -0.15800182439167476,
                        0.1333051461265906,
                        1.132897632652707,
                        1.0656272701853875,
                        -0.19672345150959922
                    ],
                    [
                        0.6316974874126603,
                        0.2562938646425218,
                        1.1225945133954898,
                        1.0656272701853875,
                        2.3137124722226172,
                        -0.2816781750946844
                    ],
                    [
                        -0.21261843065271965,
                        0.4508152463931514,
                        -0.3326466525251452,
                        -0.19672345150959922,
                        -0.2816781750946844,
                        1.5398906111425341
                    ]
                ],
                "mui": [
                    0.5,
                    0.7134666414946885,
                    1.511092179259909,
                    0.49275584017846474,
                    1.4172068646827058,
                    0.4401166651701696
                ],
                "Ai": [
                    [
                        0.0,
                        0.0,
                        0.0,
                        0.0,
                        0.0,
                        0.0
                    ],
                    [
                        0.4269332829893771,
                        0.0,
                        0.0,
                        0.0,
                        0.0,
                        0.0
                    ],
                    [
                        0.9890882418956661,
                        0.723997490940747,
                        0.0,
                        0.0,
                        0.0,
                        0.0
                    ],
                    [
                        0.3635334608782361,
                        -0.2649190295213829,
                        -0.0,
                        0.0,
                        0.0,
                        0.0
                    ],
                    [
                        0.0,
                        0.0,
                        0.3122338412158987,
                        0.9038812182515588,
                        0.0,
                        0.0
                    ],
                    [
                        -0.0,
                        0.8664738610035558,
                        -0.4487373700227073,
                        -0.0,
                        -0.0,
                        0.0
                    ]
                ]
            },
            "est_params": {
                "mui": [
                    0.5005269726257954,
                    0.7371913208658235,
                    1.5258577155736874,
                    0.4807829034857232,
                    1.3978176579370807,
                    0.4431611674936158
                ],
                "Si": [
                    [
                        0.9858714785110324,
                        0.44495089668891996,
                        1.290488480064721,
                        0.2371869260114378,
                        0.6336120710166502,
                        -0.19232090144881403
                    ],
                    [
                        0.44495089668891996,
                        1.1987383163579093,
                        1.3066146478714695,
                        -0.15702159701718135,
                        0.26147795411963926,
                        0.4472887199370206
                    ],
                    [
                        1.290488480064721,
                        1.3066146478714695,
                        3.2511619770254225,
