{
    "expt_args": {
        "save_dir": "all_expt_logs/expt_logs_11.05.24-hard_var_shift",
        "exp_name": "434",
        "num_nodes": 6,
        "obs_noise_mean": 0.0,
        "obs_noise_var": 1.0,
        "max_edge_strength": 1.0,
        "graph_sparsity_method": "adj_dense_prop",
        "adj_dense_prop": 0.8,
        "num_parents": null,
        "new_noise_mean": 1.0,
        "mix_samples": 4096,
        "stage2_samples": 4096,
        "gmm_tol": 0.001,
        "intv_type": "hard",
        "new_noise_sigma": 4.0,
        "intv_targets": [
            0,
            1,
            2,
            3,
            4,
            5
        ]
    },
    "intv_args_dict": {
        "0": {
            "intv_type": "hard",
            "inode": 0,
            "new_mui": 1.0,
            "new_sigmai": 4.0,
            "true_params": {
                "Si": [
                    [
                        4.0,
                        3.363962812779352,
                        -0.4720535781538424,
                        -1.5745776070833921,
                        2.386191462043168,
                        -6.579707607436159
                    ],
                    [
                        3.363962812779352,
                        3.8290614514405927,
                        0.4936912879957444,
                        -2.416062345719439,
                        1.5937422302811783,
                        -6.392033020468775
                    ],
                    [
                        -0.4720535781538424,
                        0.4936912879957444,
                        1.8490265593280841,
                        -1.3917013195545125,
                        -1.738078949826626,
                        -0.01616431346976166
                    ],
                    [
                        -1.5745776070833921,
                        -2.416062345719439,
                        -1.3917013195545125,
                        3.1780285028454367,
                        0.9388828259454379,
                        3.3779118134477977
                    ],
                    [
                        2.386191462043168,
                        1.5937422302811783,
                        -1.738078949826626,
                        0.9388828259454379,
                        4.3698721003590375,
                        -4.611126477554127
                    ],
                    [
                        -6.579707607436159,
                        -6.392033020468775,
                        -0.01616431346976166,
                        3.3779118134477977,
                        -4.611126477554127,
                        13.478173144590476
                    ]
                ],
                "mui": [
                    1.0,
                    0.840990703194838,
                    -0.1180133945384606,
                    -0.39364440177084803,
                    0.596547865510792,
                    -1.6449269018590398
                ],
                "Ai": [
                    [
                        0.0,
                        0.0,
                        0.0,
                        0.0,
                        0.0,
                        0.0
                    ],
                    [
                        0.840990703194838,
                        0.0,
                        0.0,
                        0.0,
                        0.0,
                        0.0
                    ],
                    [
                        -0.8670703232335757,
                        0.8906839586329838,
                        0.0,
                        0.0,
                        0.0,
                        0.0
                    ],
                    [
                        0.0,
                        -0.552973060788646,
                        -0.605022859895177,
                        0.0,
                        0.0,
                        0.0
                    ],
                    [
                        -0.0,
                        0.9815954408921538,
                        -0.623582097933794,
                        0.768601848184433,
                        0.0,
                        0.0
                    ],
                    [
                        -0.9471224042979616,
                        -0.0,
                        -0.7167734664517298,
                        0.5583668796094938,
                        -0.943085045955016,
                        0.0
                    ]
                ]
            },
            "est_params": {
                "mui": [
                    1.7011740007422893,
                    1.3655270263704358,
                    -0.17934421347130544,
                    -0.7816700303866141,
                    3.045359986486882,
                    -6.256075815171548
                ],
                "Si": [
                    [
                        9.723545631826486,
                        8.25695616684933,
                        -1.203028261301002,
                        -3.413963742781156,
                        2.4560976781701234,
                        -9.485075901236495
                    ],
                    [
                        8.25695616684933,
                        8.007900872174025,
                        -0.13686238168168843,
                        -4.008389340339812,
                        2.04752975854564,
                        -9.057263220299134
                    ],
                    [
                        -1.2030282613010022,
                        -0.13686238168168835,
                        1.814537837758733,
                        -1.197389044693148,
                        -0.6557429792476501,
                        -0.23217526383050782
                    ],
                    [
                        -3.413963742781156,
                        -4.008389340339812,
                        -1.1973890446931483,
                        3.903487555927181,
                        0.31630100377263576,
                        4.679593840902801
                    ],
                    [
                        2.4560976781701234,
                        2.04752975854564,
                        -0.6557429792476501,
                        0.31630100377263554,
                        10.024005611262195,
                        -6.09343825497847
                    ],
                    [
                        -9.485075901236495,
                        -9.057263220299136,
                        -0.23217526383050782,
                        4.679593840902801,
                        -6.093438254978469,
                        16.264986466705412
                    ]
                ]
            },
            "est_tgt": [
                0,
                3,
                4,
                5
            ],
            "oracle_est_tgt": [
                0
            ]
        },
        "1": {
            "intv_type": "hard",
            "inode": 1,
            "new_mui": 1.0,
            "new_sigmai": 4.0,
            "true_params": {
                "Si": [
                    [
                        1.0,
                        0.0,
                        -0.8670703232335757,
                        0.5245973666930135,
                        0.9438960368110629,
                        -0.9228858456173931
                    ],
                    [
                        0.0,
                        4.0,
                        3.562735834531935,
                        -4.367428866814126,
                        -1.6520904213600962,
                        -3.4342403714984546
                    ],
                    [
                        -0.8670703232335757,
                        3.562735834531935,
                        4.925082602096868,
                        -4.949884500343143,
                        -3.378518464496363,
                        -2.2865681215642604
                    ],
                    [
                        0.5245973666930135,
                        -4.367428866814126,
                        -4.949884500343143,
                        6.409863784807312,
                        3.7262442487817804,
                        3.1159783642587566
                    ],
                    [
                        0.9438960368110629,
                        -1.6520904213600962,
                        -3.378518464496363,
                        3.7262442487817804,
                        4.349097422850325,
                        -0.49331006156011314
                    ],
                    [
                        -0.9228858456173931,
                        -3.4342403714984546,
                        -2.2865681215642604,
                        3.1159783642587566,
                        -0.49331006156011314,
                        5.718129678023685
                    ]
                ],
                "mui": [
                    0.0,
                    1.0,
                    0.8906839586329838,
                    -1.0918572167035314,
                    -0.41302260534002405,
                    -0.8585600928746137
                ],
                "Ai": [
                    [
                        0.0,
                        0.0,
                        0.0,
                        0.0,
                        0.0,
                        0.0
                    ],
                    [
                        0.0,
                        0.0,
                        0.0,
                        0.0,
                        0.0,
                        0.0
                    ],
                    [
                        -0.8670703232335757,
                        0.8906839586329838,
                        0.0,
                        0.0,
                        0.0,
                        0.0
                    ],
                    [
                        0.0,
                        -0.552973060788646,
                        -0.605022859895177,
                        0.0,
                        0.0,
                        0.0
                    ],
                    [
                        -0.0,
                        0.9815954408921538,
                        -0.623582097933794,
                        0.768601848184433,
                        0.0,
                        0.0
                    ],
                    [
                        -0.9471224042979616,
                        -0.0,
                        -0.7167734664517298,
                        0.5583668796094938,
                        -0.943085045955016,
                        0.0
                    ]
                ]
            },
            "est_params": {
                "mui": [
                    -0.016102432055298054,
                    0.8850272168181048,
                    0.7691438270986644,
                    -0.9822387154512071,
                    -0.37170416570749465,
                    -0.8048300426763978
                ],
                "Si": [
                    [
                        0.8299501966209082,
                        -0.12512894836171262,
                        -0.8500261393772696,
                        0.5211813604035163,
                        0.846289610643682,
                        -0.6616033925889613
                    ],
                    [
                        -0.12512894836171262,
                        15.811204788707753,
                        14.26578671436928,
                        -17.187952409945602,
                        -6.487012279594031,
                        -13.525876282759036
                    ],
                    [
                        -0.8500261393772696,
                        14.26578671436928,
                        14.558064152178721,
                        -16.55476809512824,
                        -7.7755678055286515,
                        -11.627258118275241
                    ],
                    [
                        0.5211813604035165,
                        -17.187952409945602,
                        -16.55476809512824,
                        20.360992625314097,
                        8.99494345889331,
                        14.245915019612749
                    ],
                    [
                        0.846289610643682,
                        -6.487012279594031,
                        -7.7755678055286515,
                        8.994943458893312,
                        6.471293016602806,
                        3.879853327071505
                    ],
                    [
                        -0.6616033925889614,
                        -13.525876282759036,
                        -11.627258118275241,
                        14.245915019612749,
                        3.8798533270715043,
                        14.193268153167914
                    ]
                ]
            },
            "est_tgt": [
                1,
                2
            ],
            "oracle_est_tgt": [
                1,
                2
            ]
        },
        "2": {
            "intv_type": "hard",
            "inode": 2,
            "new_mui": 1.0,
            "new_sigmai": 4.0,
            "true_params": {
                "Si": [
                    [
                        1.0,
                        0.840990703194838,
                        0.0,
                        -0.46504520324044535,
                        0.4680780373888279,
                        -1.6482256407100682
                    ],
                    [
                        0.840990703194838,
                        1.7072653628601482,
                        0.0,
                        -0.9440717532792146,
                        0.9502286021874877,
                        -2.219805920769865
                    ],
                    [
                        0.0,
                        0.0,
                        4.0,
                        -2.420091439580708,
                        -4.354415144972234,
                        -0.11180896419189068
                    ],
                    [
                        -0.46504520324044535,
                        -0.9440717532792146,
                        -2.420091439580708,
                        2.9862568909978666,
                        2.877671733765874,
                        1.1286498239355334
                    ],
                    [
                        0.4680780373888279,
                        0.9502286021874877,
                        -4.354415144972234,
                        2.877671733765874,
                        6.859859208129586,
                        -2.1848320083596553
                    ],
                    [
                        -1.6482256407100682,
                        -2.219805920769865,
                        -0.11180896419189068,
                        1.1286498239355334,
                        -2.1848320083596553,
                        5.33189620586961
                    ]
                ],
                "mui": [
                    0.0,
                    0.0,
                    1.0,
                    -0.605022859895177,
                    -1.0886037862430584,
                    -0.02795224104797267
                ],
                "Ai": [
                    [
                        0.0,
                        0.0,
                        0.0,
                        0.0,
                        0.0,
                        0.0
                    ],
                    [
                        0.840990703194838,
                        0.0,
                        0.0,
                        0.0,
                        0.0,
                        0.0
                    ],
                    [
                        0.0,
                        0.0,
                        0.0,
                        0.0,
                        0.0,
                        0.0
                    ],
                    [
                        0.0,
                        -0.552973060788646,
                        -0.605022859895177,
                        0.0,
                        0.0,
                        0.0
                    ],
                    [
                        -0.0,
                        0.9815954408921538,
                        -0.623582097933794,
                        0.768601848184433,
                        0.0,
                        0.0
                    ],
                    [
                        -0.9471224042979616,
                        -0.0,
                        -0.7167734664517298,
                        0.5583668796094938,
                        -0.943085045955016,
                        0.0
                    ]
                ]
            },
            "est_params": {
                "mui": [
                    -0.05155814728450385,
                    -0.20297386969768214,
                    3.993046273811222,
                    -2.197655591064364,
                    -4.4235613505292966,
                    0.24279887221430976
                ],
                "Si": [
                    [
                        0.8507539015284097,
                        0.6346877798791166,
                        -0.20987111043745918,
                        -0.1537223800929474,
                        0.6485453030825274,
                        -1.3888958533272293
                    ],
                    [
                        0.6346877798791166,
                        1.6066385225954167,
                        0.5069243469421187,
                        -1.1555522298664,
                        0.38570761616855787,
                        -2.0752276768854343
                    ],
                    [
                        -0.20987111043745915,
                        0.5069243469421187,
                        8.12686945787338,
                        -5.75710981402275,
                        -8.651543944528154,
                        -0.8994464987404434
                    ],
                    [
                        -0.15372238009294742,
                        -1.1555522298664,
                        -5.757109814022749,
                        5.441720066835866,
                        6.3981831939808895,
                        1.552518393510971
                    ],
                    [
                        0.6485453030825274,
                        0.38570761616855787,
                        -8.651543944528154,
                        6.398183193980889,
                        11.063608358281417,
                        -1.0052250035842258
                    ],
                    [
                        -1.3888958533272293,
                        -2.0752276768854343,
                        -0.8994464987404432,
                        1.5525183935109705,
                        -1.0052250035842258,
                        4.9162832654016215
                    ]
                ]
            },
            "est_tgt": [
                1,
                2,
                3
            ],
            "oracle_est_tgt": [
                1,
                2
            ]
        },
        "3": {
            "intv_type": "hard",
            "inode": 3,
            "new_mui": 1.0,
            "new_sigmai": 4.0,
            "true_params": {
                "Si": [
                    [
                        1.0,
                        0.840990703194838,
                        -0.1180133945384606,
                        0.0,
                        0.8991036802393213,
                        -1.7104647700037177
                    ],
                    [
                        0.840990703194838,
                        1.7072653628601482,
                        0.7914357909736739,
                        0.0,
                        1.1823187056613549,
                        -2.478828403034409
                    ],
                    [
                        -0.1180133945384606,
                        0.7914357909736739,
                        1.807245075456613,
                        0.0,
                        -0.35009591145511876,
                        -0.8534419687449101
                    ],
                    [
                        0.0,
                        0.0,
                        0.0,
                        4.0,
                        3.074407392737732,
                        -0.6659601188265296
                    ],
                    [
                        0.8991036802393213,
                        1.1823187056613549,
                        -0.35009591145511876,
                        3.074407392737732,
                        4.74186739823203,
                        -3.3559587499400667
                    ],
                    [
                        -1.7104647700037177,
                        -2.478828403034409,
                        -0.8534419687449101,
                        -0.6659601188265296,
                        -3.3559587499400667,
                        6.024848502202388
                    ]
                ],
                "mui": [
                    0.0,
                    0.0,
                    0.0,
                    1.0,
                    0.768601848184433,
                    -0.1664900297066324
                ],
                "Ai": [
                    [
                        0.0,
                        0.0,
                        0.0,
                        0.0,
                        0.0,
                        0.0
                    ],
                    [
                        0.840990703194838,
                        0.0,
                        0.0,
                        0.0,
                        0.0,
                        0.0
                    ],
                    [
                        -0.8670703232335757,
                        0.8906839586329838,
                        0.0,
                        0.0,
                        0.0,
                        0.0
                    ],
                    [
                        0.0,
                        0.0,
                        0.0,
                        0.0,
                        0.0,
                        0.0
                    ],
                    [
                        -0.0,
                        0.9815954408921538,
                        -0.623582097933794,
                        0.768601848184433,
                        0.0,
                        0.0
                    ],
                    [
                        -0.9471224042979616,
                        -0.0,
                        -0.7167734664517298,
                        0.5583668796094938,
                        -0.943085045955016,
                        0.0
                    ]
                ]
            },
            "est_params": {
                "mui": [
                    0.05350943332376214,
                    0.02729542468227981,
                    0.00031860052087157546,
                    0.7592247783884873,
                    0.6262003338728066,
                    -0.23787809235259458
                ],
                "Si": [
                    [
                        0.9074441685361764,
                        0.6941993513034123,
                        -0.13890598285840677,
                        0.1698846899996112,
                        0.9953655137895216,
                        -1.5983695729452623
                    ],
                    [
                        0.6941993513034123,
                        1.5269847712289015,
                        0.7650088837132084,
                        0.37070819196839333,
                        1.3627668953788568,
                        -2.281413638596163
                    ],
                    [
                        -0.13890598285840677,
                        0.7650088837132084,
                        1.743829679383162,
                        0.03259480795779732,
                        -0.3471637477229764,
                        -0.8227826265092779
                    ],
                    [
                        0.16988468999961132,
                        0.37070819196839333,
                        0.03259480795779732,
                        14.342585776151148,
                        11.388131749100038,
                        -2.680076736742292
                    ],
                    [
                        0.9953655137895216,
                        1.3627668953788568,
                        -0.3471637477229764,
                        11.388131749100037,
                        11.33433318090985,
                        -4.6294992967239486
                    ],
                    [
                        -1.5983695729452623,
                        -2.281413638596163,
                        -0.8227826265092778,
                        -2.680076736742292,
                        -4.6294992967239486,
                        5.794032807082844
                    ]
                ]
            },
            "est_tgt": [
                3,
                4
            ],
            "oracle_est_tgt": [
                3,
                4
            ]
        },
        "4": {
            "intv_type": "hard",
            "inode": 4,
            "new_mui": 1.0,
            "new_sigmai": 4.0,
            "true_params": {
                "Si": [
                    [
                        1.0,
                        0.840990703194838,
                        -0.1180133945384606,
                        -0.39364440177084803,
                        0.0,
                        -1.082331530699428
                    ],
                    [
                        0.840990703194838,
                        1.7072653628601482,
                        0.7914357909736739,
                        -1.4229084989575083,
                        0.0,
                        -2.158306290705028
                    ],
                    [
                        -0.1180133945384606,
                        0.7914357909736739,
                        1.807245075456613,
                        -1.5310672558366307,
                        0.0,
                        -2.0385094336019938
                    ],
                    [
                        -0.39364440177084803,
                        -1.4229084989575083,
                        -1.5310672558366307,
                        2.7131607577088506,
                        0.0,
                        2.985196922741218
                    ],
                    [
                        0.0,
                        0.0,
                        0.0,
                        0.0,
                        4.0,
                        -3.772340183820064
                    ],
                    [
                        -1.082331530699428,
                        -2.158306290705028,
                        -2.0385094336019938,
                        2.985196922741218,
                        -3.772340183820064,
                        8.710722621107763
                    ]
                ],
                "mui": [
                    0.0,
                    0.0,
                    0.0,
                    0.0,
                    1.0,
                    -0.943085045955016
                ],
                "Ai": [
                    [
                        0.0,
                        0.0,
                        0.0,
                        0.0,
                        0.0,
                        0.0
                    ],
                    [
                        0.840990703194838,
                        0.0,
                        0.0,
                        0.0,
                        0.0,
                        0.0
                    ],
                    [
                        -0.8670703232335757,
                        0.8906839586329838,
                        0.0,
                        0.0,
                        0.0,
                        0.0
                    ],
                    [
                        0.0,
                        -0.552973060788646,
                        -0.605022859895177,
                        0.0,
                        0.0,
                        0.0
                    ],
                    [
                        0.0,
                        0.0,
                        0.0,
                        0.0,
                        0.0,
                        0.0
                    ],
                    [
                        -0.9471224042979616,
                        -0.0,
                        -0.7167734664517298,
                        0.5583668796094938,
                        -0.943085045955016,
                        0.0
                    ]
                ]
            },
            "est_params": {
                "mui": [
                    -0.6771571563123356,
                    -0.5767754907370855,
                    0.010903898159418616,
                    0.47156023435850347,
                    -1.5666886799807447,
                    5.805943438971558
                ],
                "Si": [
                    [
                        5.623825710082818,
                        4.934356297939702,
                        -0.5795310184491741,
                        -2.331663661428188,
                        2.561709373949645,
                        -4.724872983067564
                    ],
                    [
                        4.934356297939702,
                        5.402035391871741,
                        0.46994891202350425,
                        -3.1973823224222744,
                        2.2402595121284388,
                        -4.851133122984914
                    ],
                    [
                        -0.579531018449174,
                        0.4699489120235043,
                        1.9690357893855546,
                        -1.3793233721022868,
                        -1.108101032396715,
                        -0.21176684976516544
                    ],
                    [
                        -2.331663661428188,
                        -3.1973823224222744,
                        -1.3793233721022864,
                        3.3254927185556884,
                        -0.37934255627881697,
                        2.750506446875234
                    ],
                    [
                        2.5617093739496455,
                        2.2402595121284388,
                        -1.1081010323967153,
                        -0.3793425562788169,
                        8.954396926990764,
                        -3.2668717199830373
                    ],
                    [
                        -4.724872983067564,
                        -4.851133122984914,
                        -0.21176684976516535,
                        2.750506446875234,
                        -3.266871719983038,
                        9.54794174529656
                    ]
                ]
            },
            "est_tgt": [
                0,
                3,
                4,
                5
            ],
            "oracle_est_tgt": [
                3,
                4,
                5
            ]
        },
        "5": {
            "intv_type": "hard",
            "inode": 5,
            "new_mui": 1.0,
            "new_sigmai": 4.0,
            "true_params": {
                "Si": [
                    [
                        1.0,
                        0.840990703194838,
                        -0.1180133945384606,
                        -0.39364440177084803,
                        0.596547865510792,
                        0.0
                    ],
                    [
                        0.840990703194838,
                        1.7072653628601482,
                        0.7914357909736739,
                        -1.4229084989575083,
                        0.08866860356527656,
                        0.0
                    ],
                    [
                        -0.1180133945384606,
                        0.7914357909736739,
                        1.807245075456613,
                        -1.5310672558366307,
                        -1.526877033985821,
                        0.0
                    ],
                    [
                        -0.39364440177084803,
                        -1.4229084989575083,
                        -1.5310672558366307,
                        2.7131607577088506,
                        1.643366008885454,
                        0.0
                    ],
                    [
                        0.596547865510792,
                        0.08866860356527656,
                        -1.526877033985821,
                        1.643366008885454,
                        3.302264032822592,
                        0.0
                    ],
                    [
                        0.0,
                        0.0,
                        0.0,
                        0.0,
                        0.0,
                        4.0
                    ]
                ],
                "mui": [
                    0.0,
                    0.0,
                    0.0,
                    0.0,
                    0.0,
                    1.0
                ],
                "Ai": [
                    [
                        0.0,
                        0.0,
                        0.0,
                        0.0,
                        0.0,
                        0.0
                    ],
                    [
                        0.840990703194838,
                        0.0,
                        0.0,
                        0.0,
                        0.0,
                        0.0
                    ],
                    [
                        -0.8670703232335757,
                        0.8906839586329838,
                        0.0,
                        0.0,
                        0.0,
                        0.0
                    ],
                    [
                        0.0,
                        -0.552973060788646,
                        -0.605022859895177,
                        0.0,
                        0.0,
                        0.0
                    ],
                    [
                        -0.0,
                        0.9815954408921538,
                        -0.623582097933794,
                        0.768601848184433,
                        0.0,
                        0.0
                    ],
                    [
                        0.0,
                        0.0,
                        0.0,
                        0.0,
                        0.0,
                        0.0
                    ]
                ]
            },
            "est_params": {
                "mui": [
                    0.11904822122081116,
                    0.45170227889135556,
                    -3.2417294996048778,
                    2.268201096808184,
                    4.274605138448316,
                    -0.37732503088288394
                ],
                "Si": [
                    [
                        1.1785992130039311,
                        1.0661290516161595,
                        0.3530931295918594,
                        -0.7750303445753156,
                        0.16422625411998698,
                        -2.088038755759929
                    ],
                    [
                        1.0661290516161595,
                        2.033373097177551,
                        1.3772458160195888,
                        -1.8860058273689253,
                        -0.5150128771440766,
                        -2.6406536882562146
                    ],
                    [
                        0.3530931295918594,
                        1.3772458160195888,
                        7.00608721778475,
                        -3.5639972940576783,
                        -6.003495840404344,
                        -1.67002961566312
                    ],
                    [
                        -0.7750303445753154,
                        -1.8860058273689253,
                        -3.5639972940576783,
                        3.6815950460579137,
                        3.6203104238679447,
                        1.8412197376862212
                    ],
                    [
                        0.164226254119987,
                        -0.5150128771440766,
                        -6.003495840404344,
                        3.6203104238679447,
                        7.179097697445357,
                        -0.6711888083031627
                    ],
                    [
                        -2.088038755759929,
                        -2.6406536882562146,
                        -1.67002961566312,
                        1.8412197376862212,
                        -0.6711888083031627,
                        6.2863312673986655
                    ]
                ]
            },
            "est_tgt": [
                1,
                2,
                3,
                4
            ],
            "oracle_est_tgt": [
                3,
                4,
                5
            ]
        },
        "obs": {
            "intv_type": "obs",
            "true_params": {
                "Si": [
                    [
                        1.0,
                        0.840990703194838,
                        -0.1180133945384606,
                        -0.39364440177084803,
                        0.596547865510792,
                        -1.6449269018590398
                    ],
                    [
                        0.840990703194838,
                        1.7072653628601482,
                        0.7914357909736739,
                        -1.4229084989575083,
                        0.08866860356527656,
                        -2.241928324773154
                    ],
                    [
                        -0.1180133945384606,
                        0.7914357909736739,
                        1.807245075456613,
                        -1.5310672558366307,
                        -1.526877033985821,
                        -0.5985345358378172
                    ],
                    [
                        -0.39364440177084803,
                        -1.4229084989575083,
                        -1.5310672558366307,
                        2.7131607577088506,
                        1.643366008885454,
                        1.435363014730569
                    ],
                    [
                        0.596547865510792,
                        0.08866860356527656,
                        -1.526877033985821,
                        1.643366008885454,
                        3.302264032822592,
                        -1.6672935808782574
                    ],
                    [
                        -1.6449269018590398,
                        -2.241928324773154,
                        -0.5985345358378172,
                        1.435363014730569,
                        -1.6672935808782574,
                        5.360819607211738
                    ]
                ],
                "mui": [
                    0.0,
                    0.0,
                    0.0,
                    0.0,
                    0.0,
                    0.0
                ],
                "Ai": [
                    [
                        0.0,
                        0.0,
                        0.0,
                        0.0,
                        0.0,
                        0.0
                    ],
                    [
                        0.840990703194838,
                        0.0,
                        0.0,
                        0.0,
