{
    "expt_args": {
        "save_dir": "all_expt_logs/expt_logs_11.05.24-hard_var_shift",
        "exp_name": "329",
        "num_nodes": 6,
        "obs_noise_mean": 0.0,
        "obs_noise_var": 1.0,
        "max_edge_strength": 1.0,
        "graph_sparsity_method": "adj_dense_prop",
        "adj_dense_prop": 0.8,
        "num_parents": null,
        "new_noise_mean": 1.0,
        "mix_samples": 2048,
        "stage2_samples": 2048,
        "gmm_tol": 0.001,
        "intv_type": "hard",
        "new_noise_sigma": 8.0,
        "intv_targets": [
            0,
            1,
            2,
            3,
            4,
            5
        ]
    },
    "intv_args_dict": {
        "0": {
            "intv_type": "hard",
            "inode": 0,
            "new_mui": 1.0,
            "new_sigmai": 8.0,
            "true_params": {
                "Si": [
                    [
                        8.0,
                        -5.2435373493905555,
                        -9.447557770230173,
                        -1.4537873251893787,
                        2.5873353256151983,
                        -6.0060389071829015
                    ],
                    [
                        -5.2435373493905555,
                        4.4368354918067165,
                        7.1468652034870885,
                        0.42657397645395667,
                        -2.324317128164642,
                        5.199095992682405
                    ],
                    [
                        -9.447557770230173,
                        7.1468652034870885,
                        13.068185220983962,
                        0.6631037987170026,
                        -4.3137977093655895,
                        8.69379338075082
                    ],
                    [
                        -1.4537873251893787,
                        0.42657397645395667,
                        0.6631037987170026,
                        1.845182923089247,
                        -0.3492806638597577,
                        -0.310326215061538
                    ],
                    [
                        2.5873353256151983,
                        -2.324317128164642,
                        -4.3137977093655895,
                        -0.3492806638597577,
                        2.993448486048589,
                        -3.360143380987111
                    ],
                    [
                        -6.0060389071829015,
                        5.199095992682405,
                        8.69379338075082,
                        -0.310326215061538,
                        -3.360143380987111,
                        7.96590222478198
                    ]
                ],
                "mui": [
                    1.0,
                    -0.6554421686738194,
                    -1.1809447212787716,
                    -0.18172341564867234,
                    0.3234169157018998,
                    -0.7507548633978627
                ],
                "Ai": [
                    [
                        0.0,
                        0.0,
                        0.0,
                        0.0,
                        0.0,
                        0.0
                    ],
                    [
                        -0.6554421686738194,
                        0.0,
                        0.0,
                        0.0,
                        0.0,
                        0.0
                    ],
                    [
                        -0.5553006250384096,
                        0.9545374498962294,
                        0.0,
                        0.0,
                        0.0,
                        0.0
                    ],
                    [
                        -0.832856238711795,
                        -0.0,
                        -0.5513660473100311,
                        0.0,
                        0.0,
                        0.0
                    ],
                    [
                        -0.9312482391952719,
                        0.0,
                        -0.9742697665978635,
                        -0.5728838881896978,
                        0.0,
                        0.0
                    ],
                    [
                        -0.7511978388422638,
                        0.8845792584633403,
                        -0.5342028181301445,
                        -0.8976710716918979,
                        -0.6609373786169779,
                        0.0
                    ]
                ]
            },
            "est_params": {
                "mui": [
                    0.9842333593360488,
                    -0.5483917889086203,
                    -1.1229897434389955,
                    -0.19963498483770317,
                    0.2945484349885193,
                    -0.6053959376161888
                ],
                "Si": [
                    [
                        66.9982905964032,
                        -43.95795456300424,
                        -78.23776606656222,
                        -11.898060497928933,
                        20.41877121604746,
                        -50.4954629659517
                    ],
                    [
                        -43.95795456300424,
                        29.757302692980147,
                        52.197550219383146,
                        7.28792772026116,
                        -13.817470650697233,
                        34.28371802014362
                    ],
                    [
                        -78.2377660665622,
                        52.197550219383146,
                        93.08653532772082,
                        12.902395076496433,
                        -24.81080222062875,
                        60.33554703193106
                    ],
                    [
                        -11.898060497928935,
                        7.28792772026116,
                        12.902395076496434,
                        3.8165219849000414,
                        -3.653116390481755,
                        7.495895989721821
                    ],
                    [
                        20.41877121604746,
                        -13.817470650697233,
                        -24.81080222062875,
                        -3.653116390481755,
                        7.965103480601728,
                        -16.274125971335796
                    ],
                    [
                        -50.4954629659517,
                        34.28371802014362,
                        60.33554703193106,
                        7.495895989721821,
                        -16.274125971335796,
                        41.20561027695191
                    ]
                ]
            },
            "est_tgt": [
                0,
                3,
                5
            ],
            "oracle_est_tgt": [
                0
            ]
        },
        "1": {
            "intv_type": "hard",
            "inode": 1,
            "new_mui": 1.0,
            "new_sigmai": 8.0,
            "true_params": {
                "Si": [
                    [
                        1.0,
                        0.0,
                        -0.5553006250384096,
                        -0.5266823280155775,
                        -0.08850780893308706,
                        0.0767309290169793
                    ],
                    [
                        0.0,
                        8.0,
                        7.636299599169835,
                        -4.210396326069447,
                        -5.027747610056269,
                        10.09987860975286
                    ],
                    [
                        -0.5553006250384096,
                        7.636299599169835,
                        8.597492730203221,
                        -4.2778799935050795,
                        -5.408425982402758,
                        9.994008030538442
                    ],
                    [
                        -0.5266823280155775,
                        -4.210396326069447,
                        -4.2778799935050795,
                        3.797328445592583,
                        2.482852848741216,
                        -6.09329323389653
                    ],
                    [
                        -0.08850780893308706,
                        -5.027747610056269,
                        -5.408425982402758,
                        2.482852848741216,
                        4.929302266971588,
                        -6.978503272731096
                    ],
                    [
                        0.0767309290169793,
                        10.09987860975286,
                        9.994008030538442,
                        -6.09329323389653,
                        -6.978503272731096,
                        14.619802495959872
                    ]
                ],
                "mui": [
                    0.0,
                    1.0,
                    0.9545374498962294,
                    -0.5262995407586809,
                    -0.6284684512570337,
                    1.2624848262191075
                ],
                "Ai": [
                    [
                        0.0,
                        0.0,
                        0.0,
                        0.0,
                        0.0,
                        0.0
                    ],
                    [
                        0.0,
                        0.0,
                        0.0,
                        0.0,
                        0.0,
                        0.0
                    ],
                    [
                        -0.5553006250384096,
                        0.9545374498962294,
                        0.0,
                        0.0,
                        0.0,
                        0.0
                    ],
                    [
                        -0.832856238711795,
                        -0.0,
                        -0.5513660473100311,
                        0.0,
                        0.0,
                        0.0
                    ],
                    [
                        -0.9312482391952719,
                        0.0,
                        -0.9742697665978635,
                        -0.5728838881896978,
                        0.0,
                        0.0
                    ],
                    [
                        -0.7511978388422638,
                        0.8845792584633403,
                        -0.5342028181301445,
                        -0.8976710716918979,
                        -0.6609373786169779,
                        0.0
                    ]
                ]
            },
            "est_params": {
                "mui": [
                    0.004583827648982909,
                    1.5394787294778414,
                    1.4793677282267212,
                    -0.8110874531486018,
                    -0.8980173251171248,
                    1.972303578997234
                ],
                "Si": [
                    [
                        0.9017805120709143,
                        -0.6935445891128201,
                        -1.0726610283848088,
                        -0.21856774917279415,
                        0.2622643786521928,
                        -0.6991861137183774
                    ],
                    [
                        -0.69354458911282,
                        69.33865253900731,
                        66.70451472123062,
                        -36.46118394543791,
                        -42.75759258761963,
                        87.51127525913503
                    ],
                    [
                        -1.0726610283848088,
                        66.70451472123062,
                        65.39176083727243,
                        -35.445981742335775,
                        -41.7813644339794,
                        84.46821477332145
                    ],
                    [
                        -0.21856774917279415,
                        -36.46118394543791,
                        -35.445981742335775,
                        20.773670043259468,
                        22.513508369383583,
                        -46.78551056340864
                    ],
                    [
                        0.26226437865219276,
                        -42.75759258761963,
                        -41.7813644339794,
                        22.513508369383583,
                        28.127169591432413,
                        -54.629734027338564
                    ],
                    [
                        -0.6991861137183774,
                        87.51127525913503,
                        84.46821477332145,
                        -46.78551056340864,
                        -54.629734027338564,
                        112.45487973347686
                    ]
                ]
            },
            "est_tgt": [
                1,
                2,
                3
            ],
            "oracle_est_tgt": [
                1,
                2,
                3,
                4
            ]
        },
        "2": {
            "intv_type": "hard",
            "inode": 2,
            "new_mui": 1.0,
            "new_sigmai": 8.0,
            "true_params": {
                "Si": [
                    [
                        1.0,
                        -0.6554421686738194,
                        0.0,
                        -0.832856238711795,
                        -0.4541183188590116,
                        -0.28321366275503035
                    ],
                    [
                        -0.6554421686738194,
                        1.4296044364758396,
                        0.0,
                        0.5458890992947791,
                        0.2976482957474596,
                        1.0702094357775531
                    ],
                    [
                        0.0,
                        0.0,
                        8.0,
                        -4.410928378480249,
                        -5.267208332792864,
                        3.167235127731032
                    ],
                    [
                        -0.832856238711795,
                        0.5458890992947791,
                        -4.410928378480249,
                        4.125685659371459,
                        2.7094912255958024,
                        -2.0294603437444927
                    ],
                    [
                        -0.4541183188590116,
                        0.2976482957474596,
                        -5.267208332792864,
                        2.7094912255958024,
                        5.002354849501003,
                        -2.320291449864234
                    ],
                    [
                        -0.28321366275503035,
                        1.0702094357775531,
                        3.167235127731032,
                        -2.0294603437444927,
                        -2.320291449864234,
                        3.8228438198040324
                    ]
                ],
                "mui": [
                    0.0,
                    0.0,
                    1.0,
                    -0.5513660473100311,
                    -0.658401041599108,
                    0.395904390966379
                ],
                "Ai": [
                    [
                        0.0,
                        0.0,
                        0.0,
                        0.0,
                        0.0,
                        0.0
                    ],
                    [
                        -0.6554421686738194,
                        0.0,
                        0.0,
                        0.0,
                        0.0,
                        0.0
                    ],
                    [
                        0.0,
                        0.0,
                        0.0,
                        0.0,
                        0.0,
                        0.0
                    ],
                    [
                        -0.832856238711795,
                        -0.0,
                        -0.5513660473100311,
                        0.0,
                        0.0,
                        0.0
                    ],
                    [
                        -0.9312482391952719,
                        0.0,
                        -0.9742697665978635,
                        -0.5728838881896978,
                        0.0,
                        0.0
                    ],
                    [
                        -0.7511978388422638,
                        0.8845792584633403,
                        -0.5342028181301445,
                        -0.8976710716918979,
                        -0.6609373786169779,
                        0.0
                    ]
                ]
            },
            "est_params": {
                "mui": [
                    0.020996135164499878,
                    5.883316623556338e-05,
                    0.7810749835279236,
                    -0.2653580956267155,
                    -0.7039132213434985,
                    0.2571504446788505
                ],
                "Si": [
                    [
                        1.035536506033401,
                        -0.7760805816102815,
                        -0.022398246047613816,
                        -0.8482664411932481,
                        -0.4469850246277058,
                        -0.41155776054504817
                    ],
                    [
                        -0.7760805816102815,
                        1.4987653921458761,
                        0.433838241457845,
                        0.36422908519514763,
                        0.07833036090002163,
                        1.2990080527649286
                    ],
                    [
                        -0.022398246047613816,
                        0.4338382414578449,
                        56.692779625416435,
                        -31.852168067082204,
                        -37.21639286747123,
                        23.305755752446363
                    ],
                    [
                        -0.8482664411932481,
                        0.3642290851951477,
                        -31.852168067082204,
                        19.549618699748315,
                        20.75193709117759,
                        -13.181112641833629
                    ],
                    [
                        -0.4469850246277058,
                        0.07833036090002156,
                        -37.21639286747123,
                        20.75193709117759,
                        26.197900563620166,
                        -15.648329574217122
                    ],
                    [
                        -0.41155776054504817,
                        1.2990080527649286,
                        23.305755752446363,
                        -13.181112641833629,
                        -15.648329574217122,
                        11.99627847011801
                    ]
                ]
            },
            "est_tgt": [
                1,
                2,
                3
            ],
            "oracle_est_tgt": [
                1,
                2,
                3,
                4
            ]
        },
        "3": {
            "intv_type": "hard",
            "inode": 3,
            "new_mui": 1.0,
            "new_sigmai": 8.0,
            "true_params": {
                "Si": [
                    [
                        1.0,
                        -0.6554421686738194,
                        -1.1809447212787716,
                        0.0,
                        0.21931049876997583,
                        -0.8450748943705265
                    ],
                    [
                        -0.6554421686738194,
                        1.4296044364758396,
                        1.7285784190950868,
                        0.0,
                        -1.073722327446049,
                        1.5432169305327261
                    ],
                    [
                        -1.1809447212787716,
                        1.7285784190950868,
                        3.305772177970592,
                        0.0,
                        -2.120961195979312,
                        2.0520574580264386
                    ],
                    [
                        0.0,
                        0.0,
                        0.0,
                        8.0,
                        -4.583071105517583,
                        -4.1522455710391775
                    ],
                    [
                        0.21931049876997583,
                        -1.073722327446049,
                        -2.120961195979312,
                        -4.583071105517583,
                        5.4877234483320825,
                        0.5055341755322582
                    ],
                    [
                        -0.8450748943705265,
                        1.5432169305327261,
                        2.0520574580264386,
                        -4.1522455710391775,
                        0.5055341755322582,
                        5.2969255442320895
                    ]
                ],
                "mui": [
                    0.0,
                    0.0,
                    0.0,
                    1.0,
                    -0.5728838881896978,
                    -0.5190306963798972
                ],
                "Ai": [
                    [
                        0.0,
                        0.0,
                        0.0,
                        0.0,
                        0.0,
                        0.0
                    ],
                    [
                        -0.6554421686738194,
                        0.0,
                        0.0,
                        0.0,
                        0.0,
                        0.0
                    ],
                    [
                        -0.5553006250384096,
                        0.9545374498962294,
                        0.0,
                        0.0,
                        0.0,
                        0.0
                    ],
                    [
                        0.0,
                        0.0,
                        0.0,
                        0.0,
                        0.0,
                        0.0
                    ],
                    [
                        -0.9312482391952719,
                        0.0,
                        -0.9742697665978635,
                        -0.5728838881896978,
                        0.0,
                        0.0
                    ],
                    [
                        -0.7511978388422638,
                        0.8845792584633403,
                        -0.5342028181301445,
                        -0.8976710716918979,
                        -0.6609373786169779,
                        0.0
                    ]
                ]
            },
            "est_params": {
                "mui": [
                    -0.010562876209636076,
                    -0.11120681213055722,
                    -0.09860777685409962,
                    2.88291108433333,
                    -1.4589097873138936,
                    -1.708732966951677
                ],
                "Si": [
                    [
                        1.0367109134814152,
                        -0.6270401623714357,
                        -1.2429847051380298,
                        0.39965306664999073,
                        0.06945977921412358,
                        -1.10033357252661
                    ],
                    [
                        -0.6270401623714357,
                        1.3628839551146583,
                        1.6549848026060214,
                        0.8390969903935518,
                        -1.4587164951230538,
                        1.10076693669257
                    ],
                    [
                        -1.2429847051380298,
                        1.6549848026060214,
                        3.0703087499636537,
                        0.1178956695067429,
                        -1.9023320981423593,
                        2.033975304531772
                    ],
                    [
                        0.39965306664999056,
                        0.8390969903935517,
                        0.11789566950674306,
                        61.640229538717996,
                        -36.33677212292688,
                        -30.79150021342894
                    ],
                    [
                        0.0694597792141236,
                        -1.4587164951230538,
                        -1.9023320981423593,
                        -36.33677212292688,
                        23.67014096200686,
                        16.48878050115493
                    ],
                    [
                        -1.10033357252661,
                        1.10076693669257,
                        2.0339753045317717,
                        -30.79150021342894,
                        16.48878050115493,
                        18.544136160311183
                    ]
                ]
            },
            "est_tgt": [
                2,
                3,
                4
            ],
            "oracle_est_tgt": [
                2,
                3,
                4
            ]
        },
        "4": {
            "intv_type": "hard",
            "inode": 4,
            "new_mui": 1.0,
            "new_sigmai": 8.0,
            "true_params": {
                "Si": [
                    [
                        1.0,
                        -0.6554421686738194,
                        -1.1809447212787716,
                        -0.18172341564867234,
                        0.0,
                        -0.5369965349334609
                    ],
                    [
                        -0.6554421686738194,
                        1.4296044364758396,
                        1.7285784190950868,
                        -0.4071903511071012,
                        0.0,
                        1.1990767089289258
                    ],
                    [
                        -1.1809447212787716,
                        1.7285784190950868,
                        3.305772177970592,
                        -0.8391333603843314,
                        0.0,
                        1.403500667916168
                    ],
                    [
                        -0.18172341564867234,
                        -0.4071903511071012,
                        -0.8391333603843314,
                        1.614019124524106,
                        0.0,
                        -1.2242727730718748
                    ],
                    [
                        0.0,
                        0.0,
                        0.0,
                        0.0,
                        8.0,
                        -5.287499028935823
                    ],
                    [
                        -0.5369965349334609,
                        1.1990767089289258,
                        1.403500667916168,
                        -1.2242727730718748,
                        -5.287499028935823,
                        6.308015010355755
                    ]
                ],
                "mui": [
                    0.0,
                    0.0,
                    0.0,
                    0.0,
                    1.0,
                    -0.6609373786169779
                ],
                "Ai": [
                    [
                        0.0,
                        0.0,
                        0.0,
                        0.0,
                        0.0,
                        0.0
                    ],
                    [
                        -0.6554421686738194,
                        0.0,
                        0.0,
                        0.0,
                        0.0,
                        0.0
                    ],
                    [
                        -0.5553006250384096,
                        0.9545374498962294,
                        0.0,
                        0.0,
                        0.0,
                        0.0
                    ],
                    [
                        -0.832856238711795,
                        -0.0,
                        -0.5513660473100311,
                        0.0,
                        0.0,
                        0.0
                    ],
                    [
                        0.0,
                        0.0,
                        0.0,
                        0.0,
                        0.0,
                        0.0
                    ],
                    [
                        -0.7511978388422638,
                        0.8845792584633403,
                        -0.5342028181301445,
                        -0.8976710716918979,
                        -0.6609373786169779,
                        0.0
                    ]
                ]
            },
            "est_params": {
                "mui": [
                    0.06429753386252705,
                    -0.06103993728724396,
                    -0.14746121882397079,
                    0.05566965683419575,
                    0.3656595376197589,
                    0.11408855696945108
                ],
                "Si": [
                    [
                        0.963142564564683,
                        -0.615426278735119,
                        -1.1518538505612728,
                        -0.20014499351492585,
                        0.39097203238192707,
                        0.3706004582800185
                    ],
                    [
                        -0.615426278735119,
                        1.4417116229486953,
                        1.761740925971185,
                        -0.3621958576282315,
                        -0.7493460183702539,
                        0.17073374636807134
                    ],
                    [
                        -1.1518538505612728,
                        1.761740925971185,
                        3.2895172227648164,
                        -0.7688042282881945,
                        -0.6781638966596186,
                        0.06701969141711507
                    ],
                    [
                        -0.20014499351492582,
                        -0.36219585762823153,
                        -0.7688042282881945,
                        1.616803366239955,
                        -0.8395828602906799,
                        -0.5550448345524495
                    ],
                    [
                        0.39097203238192707,
                        -0.7493460183702539,
                        -0.6781638966596186,
                        -0.8395828602906797,
                        43.654089817847016,
                        -27.965218810318962
                    ],
                    [
                        0.3706004582800184,
                        0.17073374636807134,
                        0.06701969141711507,
                        -0.5550448345524495,
                        -27.965218810318962,
                        65.7803070350573
                    ]
                ]
            },
            "est_tgt": [
                4,
                5
            ],
            "oracle_est_tgt": [
                2,
                4
            ]
        },
        "5": {
            "intv_type": "hard",
            "inode": 5,
            "new_mui": 1.0,
            "new_sigmai": 8.0,
            "true_params": {
                "Si": [
                    [
                        1.0,
                        -0.6554421686738194,
                        -1.1809447212787716,
                        -0.18172341564867234,
                        0.3234169157018998,
                        0.0
                    ],
                    [
                        -0.6554421686738194,
                        1.4296044364758396,
                        1.7285784190950868,
                        -0.4071903511071012,
                        -0.8404495358704847,
                        0.0
                    ],
                    [
                        -1.1809447212787716,
                        1.7285784190950868,
                        3.305772177970592,
                        -0.8391333603843314,
                        -1.6402352137726495,
                        0.0
                    ],
                    [
                        -0.18172341564867234,
                        -0.4071903511071012,
                        -0.8391333603843314,
                        1.614019124524106,
                        0.06212632233959803,
                        0.0
                    ],
                    [
                        0.3234169157018998,
                        -0.8404495358704847,
                        -1.6402352137726495,
                        0.06212632233959803,
                        2.261258976513681,
                        0.0
                    ],
                    [
                        0.0,
                        0.0,
                        0.0,
                        0.0,
                        0.0,
                        8.0
                    ]
                ],
                "mui": [
                    0.0,
                    0.0,
                    0.0,
                    0.0,
                    0.0,
                    1.0
                ],
                "Ai": [
                    [
                        0.0,
                        0.0,
                        0.0,
                        0.0,
                        0.0,
                        0.0
                    ],
                    [
                        -0.6554421686738194,
                        0.0,
                        0.0,
                        0.0,
                        0.0,
                        0.0
                    ],
                    [
                        -0.5553006250384096,
                        0.9545374498962294,
                        0.0,
                        0.0,
                        0.0,
                        0.0
                    ],
                    [
                        -0.832856238711795,
                        -0.0,
                        -0.5513660473100311,
                        0.0,
                        0.0,
                        0.0
                    ],
                    [
                        -0.9312482391952719,
                        0.0,
                        -0.9742697665978635,
                        -0.5728838881896978,
                        0.0,
                        0.0
                    ],
                    [
                        0.0,
                        0.0,
                        0.0,
                        0.0,
                        0.0,
                        0.0
                    ]
                ]
            },
            "est_params": {
                "mui": [
                    -0.08665365967066983,
                    0.7505366193384029,
                    0.42106155353412666,
                    -6.788302511653405,
                    3.447193503789723,
                    4.192973376568884
                ],
                "Si": [
                    [
                        0.4981465525116159,
                        -0.722768688946501,
                        -0.41705525109978386,
                        -3.2206245059582015,
                        1.9015373256424404,
                        1.285068764733539
                    ],
                    [
                        -0.722768688946501,
                        2.0473675737733283,
                        2.2311126806787827,
                        6.951930432784112,
                        -5.886427539065683,
                        -2.415344131957268
                    ],
                    [
                        -0.4170552510997839,
                        2.231112680678783,
                        3.866818969175648,
                        6.3813524523233225,
                        -7.585810060532641,
                        -1.9266562663290028
                    ],
                    [
                        -3.2206245059582015,
                        6.951930432784112,
                        6.381352452323322,
                        45.27112052924227,
                        -32.16264160647589,
                        -18.352529799155672
                    ],
                    [
                        1.9015373256424404,
                        -5.886427539065682,
                        -7.585810060532641,
                        -32.16264160647588,
                        27.73301718984166,
                        11.375577993545607
                    ],
                    [
                        1.285068764733539,
                        -2.415344131957268,
                        -1.9266562663290026,
                        -18.352529799155672,
                        11.375577993545607,
                        8.642847194021547
                    ]
                ]
            },
            "est_tgt": [
                0,
                1,
                2,
                3,
                4,
                5
            ],
            "oracle_est_tgt": [
                5
            ]
        },
        "obs": {
            "intv_type": "obs",
            "true_params": {
                "Si": [
                    [
                        1.0,
                        -0.6554421686738194,
                        -1.1809447212787716,
                        -0.18172341564867234,
                        0.3234169157018998,
                        -0.7507548633978627
                    ],
                    [
                        -0.6554421686738194,
                        1.4296044364758396,
                        1.7285784190950868,
                        -0.4071903511071012,
                        -0.8404495358704847,
                        1.7545612220270197
                    ],
                    [
                        -1.1809447212787716,
                        1.7285784190950868,
                        3.305772177970592,
                        -0.8391333603843314,
                        -1.6402352137726495,
                        2.4875934304223213
                    ],
                    [
                        -0.18172341564867234,
                        -0.4071903511071012,
                        -0.8391333603843314,
                        1.614019124524106,
                        0.06212632233959803,
                        -1.265334381702122
                    ],
                    [
                        0.3234169157018998,
                        -0.8404495358704847,
                        -1.6402352137726495,
                        0.06212632233959803,
                        2.261258976513681,
                        -1.6604956244087459
                    ],
                    [
                        -0.7507548633978627,
                        1.7545612220270197,
                        2.4875934304223213,
                        -1.265334381702122,
                        -1.6604956244087459,
                        4.020472170373177
                    ]
                ],
                "mui": [
                    0.0,
                    0.0,
                    0.0,
                    0.0,
                    0.0,
                    0.0
                ],
                "Ai": [
                    [
                        0.0,
                        0.0,
                        0.0,
                        0.0,
                        0.0,
                        0.0
