{
    "expt_args": {
        "save_dir": "all_expt_logs/expt_logs_11.05.24-hard_var_shift",
        "exp_name": "447",
        "num_nodes": 6,
        "obs_noise_mean": 0.0,
        "obs_noise_var": 1.0,
        "max_edge_strength": 1.0,
        "graph_sparsity_method": "adj_dense_prop",
        "adj_dense_prop": 0.8,
        "num_parents": null,
        "new_noise_mean": 1.0,
        "mix_samples": 131072,
        "stage2_samples": 131072,
        "gmm_tol": 0.001,
        "intv_type": "hard",
        "new_noise_sigma": 8.0,
        "intv_targets": [
            0,
            1,
            2,
            3,
            4,
            5
        ]
    },
    "intv_args_dict": {
        "0": {
            "intv_type": "hard",
            "inode": 0,
            "new_mui": 1.0,
            "new_sigmai": 8.0,
            "true_params": {
                "Si": [
                    [
                        8.0,
                        0.0,
                        -4.472345490154175,
                        -10.271783011886788,
                        -15.147272687693382,
                        -18.479979051497487
                    ],
                    [
                        0.0,
                        1.0,
                        0.7784988773797143,
                        -0.19837135563510722,
                        0.6706722662518815,
                        1.961669049989721
                    ],
                    [
                        -4.472345490154175,
                        0.7784988773797143,
                        4.106294774994273,
                        6.348226334268874,
                        10.365340079644524,
                        13.528270056043109
                    ],
                    [
                        -10.271783011886788,
                        -0.19837135563510722,
                        6.348226334268874,
                        14.806079678659511,
                        20.867331860992113,
                        24.939280801265433
                    ],
                    [
                        -15.147272687693382,
                        0.6706722662518815,
                        10.365340079644524,
                        20.867331860992113,
                        32.27722151239479,
                        39.42385228984231
                    ],
                    [
                        -18.479979051497487,
                        1.961669049989721,
                        13.528270056043109,
                        24.939280801265433,
                        39.42385228984231,
                        50.86287650095466
                    ]
                ],
                "mui": [
                    1.0,
                    0.0,
                    -0.5590431862692719,
                    -1.2839728764858485,
                    -1.8934090859616728,
                    -2.309997381437186
                ],
                "Ai": [
                    [
                        0.0,
                        0.0,
                        0.0,
                        0.0,
                        0.0,
                        0.0
                    ],
                    [
                        0.0,
                        0.0,
                        0.0,
                        0.0,
                        0.0,
                        0.0
                    ],
                    [
                        -0.5590431862692719,
                        0.7784988773797143,
                        0.0,
                        0.0,
                        0.0,
                        0.0
                    ],
                    [
                        -0.8589391017459551,
                        -0.7902546387346205,
                        0.7602879083033296,
                        0.0,
                        0.0,
                        0.0
                    ],
                    [
                        -0.6898745105724535,
                        -0.0,
                        0.9904564577732847,
                        0.5061062061943237,
                        0.0,
                        0.0
                    ],
                    [
                        -0.641024538366045,
                        0.9230993829848134,
                        0.7707371949934593,
                        0.0,
                        0.6538985552490468,
                        0.0
                    ]
                ]
            },
            "est_params": {
                "mui": [
                    4.04563895544267,
                    0.03729408986969977,
                    -5.102078880571052,
                    -7.381558899971128,
                    -11.573873564670805,
                    -14.051187868020056
                ],
                "Si": [
                    [
                        31.82077222352907,
                        -0.08095315347383615,
                        -6.033684425538376,
                        -31.802824255233777,
                        -44.05639683926779,
                        -54.02390819876568
                    ],
                    [
                        -0.08095315347383614,
                        0.9694984017213865,
                        0.5265446395769032,
                        -0.2858393814365712,
                        0.42929183121149506,
                        1.6365531661105455
                    ],
                    [
                        -6.033684425538376,
                        0.5265446395769032,
                        21.210004668438362,
                        20.82853046750014,
                        35.75471413114033,
                        44.1141501719312
                    ],
                    [
                        -31.802824255233777,
                        -0.2858393814365713,
                        20.82853046750014,
                        44.25045997816421,
                        65.03266154965091,
                        78.81152220688135
                    ],
                    [
                        -44.05639683926779,
                        0.42929183121149506,
                        35.75471413114033,
                        65.03266154965091,
                        99.76192950959984,
                        121.5807950016368
                    ],
                    [
                        -54.02390819876568,
                        1.6365531661105455,
                        44.11415017193119,
                        78.81152220688135,
                        121.5807950016368,
                        150.81184159042618
                    ]
                ]
            },
            "est_tgt": [
                0,
                2
            ],
            "oracle_est_tgt": [
                0
            ]
        },
        "1": {
            "intv_type": "hard",
            "inode": 1,
            "new_mui": 1.0,
            "new_sigmai": 8.0,
            "true_params": {
                "Si": [
                    [
                        1.0,
                        0.0,
                        -0.5590431862692719,
                        -1.2839728764858485,
                        -1.8934090859616728,
                        -2.309997381437186
                    ],
                    [
                        0.0,
                        8.0,
                        6.227991019037715,
                        -1.5869708450808577,
                        5.365378130015052,
                        15.693352399917767
                    ],
                    [
                        -0.5590431862692719,
                        6.227991019037715,
                        6.161013300765904,
                        0.24262917492751623,
                        6.610681185921693,
                        15.178652053749575
                    ],
                    [
                        -1.2839728764858485,
                        -1.5869708450808577,
                        0.24262917492751623,
                        3.5414336089556775,
                        2.9184353212227725,
                        1.4534902823574065
                    ],
                    [
                        -1.8934090859616728,
                        5.365378130015052,
                        6.610681185921693,
                        2.9184353212227725,
                        10.33084476581531,
                        18.016921267665893
                    ],
                    [
                        -2.309997381437186,
                        15.693352399917767,
                        15.178652053749575,
                        1.4534902823574065,
                        18.016921267665893,
                        40.44727941704109
                    ]
                ],
                "mui": [
                    0.0,
                    1.0,
                    0.7784988773797143,
                    -0.19837135563510722,
                    0.6706722662518815,
                    1.961669049989721
                ],
                "Ai": [
                    [
                        0.0,
                        0.0,
                        0.0,
                        0.0,
                        0.0,
                        0.0
                    ],
                    [
                        0.0,
                        0.0,
                        0.0,
                        0.0,
                        0.0,
                        0.0
                    ],
                    [
                        -0.5590431862692719,
                        0.7784988773797143,
                        0.0,
                        0.0,
                        0.0,
                        0.0
                    ],
                    [
                        -0.8589391017459551,
                        -0.7902546387346205,
                        0.7602879083033296,
                        0.0,
                        0.0,
                        0.0
                    ],
                    [
                        -0.6898745105724535,
                        -0.0,
                        0.9904564577732847,
                        0.5061062061943237,
                        0.0,
                        0.0
                    ],
                    [
                        -0.641024538366045,
                        0.9230993829848134,
                        0.7707371949934593,
                        0.0,
                        0.6538985552490468,
                        0.0
                    ]
                ]
            },
            "est_params": {
                "mui": [
                    0.007921474906030013,
                    0.7541161055720487,
                    0.5800765532630763,
                    -0.1606711818564577,
                    0.4864188751638899,
                    1.459175403448342
                ],
                "Si": [
                    [
                        1.0266480392360529,
                        0.05667533005737327,
                        -0.5186205870441465,
                        -1.3150939845329122,
                        -1.8983467030055325,
                        -2.2580035362410817
                    ],
                    [
                        0.05667533005737328,
                        48.950232658967664,
                        38.110696107700846,
                        -9.83839218485024,
                        32.67154598043829,
                        95.84271753342927
                    ],
                    [
                        -0.5186205870441465,
                        38.110696107700846,
                        31.01477142612542,
                        -6.158554088984868,
                        27.93226996172073,
                        77.65119340870964
                    ],
                    [
                        -1.3150939845329122,
                        -9.83839218485024,
                        -6.158554088984868,
                        5.165891044783599,
                        -2.53958457422422,
                        -14.634372101204244
                    ],
                    [
                        -1.8983467030055323,
                        32.67154598043828,
                        27.93226996172073,
                        -2.53958457422422,
                        28.61723096533289,
                        71.60124615042551
                    ],
                    [
                        -2.2580035362410817,
                        95.84271753342927,
                        77.65119340870964,
                        -14.634372101204244,
                        71.60124615042551,
                        197.47778773811513
                    ]
                ]
            },
            "est_tgt": [
                1,
                3,
                4
            ],
            "oracle_est_tgt": [
                1
            ]
        },
        "2": {
            "intv_type": "hard",
            "inode": 2,
            "new_mui": 1.0,
            "new_sigmai": 8.0,
            "true_params": {
                "Si": [
                    [
                        1.0,
                        0.0,
                        0.0,
                        -0.8589391017459551,
                        -1.1245889207090591,
                        -1.3763916088667836
                    ],
                    [
                        0.0,
                        1.0,
                        0.0,
                        -0.7902546387346205,
                        -0.39995277713744465,
                        0.6615708398467943
                    ],
                    [
                        0.0,
                        0.0,
                        8.0,
                        6.082303266426637,
                        11.001943093280806,
                        13.360052253576223
                    ],
                    [
                        -0.8589391017459551,
                        -0.7902546387346205,
                        6.082303266426637,
                        6.986580402647751,
                        10.152768442652002,
                        11.147855446857912
                    ],
                    [
                        -1.1245889207090591,
                        -0.39995277713744465,
                        11.001943093280806,
                        10.152768442652002,
                        17.811149934943586,
                        20.477984900927133
                    ],
                    [
                        -1.3763916088667836,
                        0.6615708398467943,
                        13.360052253576223,
                        11.147855446857912,
                        20.477984900927133,
                        26.180610369763478
                    ]
                ],
                "mui": [
                    0.0,
                    0.0,
                    1.0,
                    0.7602879083033296,
                    1.3752428866601007,
                    1.6700065316970278
                ],
                "Ai": [
                    [
                        0.0,
                        0.0,
                        0.0,
                        0.0,
                        0.0,
                        0.0
                    ],
                    [
                        0.0,
                        0.0,
                        0.0,
                        0.0,
                        0.0,
                        0.0
                    ],
                    [
                        0.0,
                        0.0,
                        0.0,
                        0.0,
                        0.0,
                        0.0
                    ],
                    [
                        -0.8589391017459551,
                        -0.7902546387346205,
                        0.7602879083033296,
                        0.0,
                        0.0,
                        0.0
                    ],
                    [
                        -0.6898745105724535,
                        -0.0,
                        0.9904564577732847,
                        0.5061062061943237,
                        0.0,
                        0.0
                    ],
                    [
                        -0.641024538366045,
                        0.9230993829848134,
                        0.7707371949934593,
                        0.0,
                        0.6538985552490468,
                        0.0
                    ]
                ]
            },
            "est_params": {
                "mui": [
                    -2.3970568462899995,
                    -0.04807038875598419,
                    4.675902738397362,
                    5.642300219449304,
                    9.14744566540125,
                    11.07612655124841
                ],
                "Si": [
                    [
                        23.12069279642347,
                        -0.15249590158659665,
                        -4.5789084466466115,
                        -23.192911756842342,
                        -32.1794236870528,
                        -39.46091755802151
                    ],
                    [
                        -0.15249590158659665,
                        0.9539533171607822,
                        0.4474956841539958,
                        -0.28050959062618236,
                        0.40004777883695486,
                        1.6009932820329544
                    ],
                    [
                        -4.5789084466466115,
                        0.44749568415399577,
                        30.744070018806035,
                        26.92677342614278,
                        47.2761234731662,
                        57.97584387195337
                    ],
                    [
                        -23.192911756842342,
                        -0.28050959062618236,
                        26.926773426142784,
                        41.554376273047296,
                        63.69387020624709,
                        76.95548704955392
                    ],
                    [
                        -32.1794236870528,
                        0.40004777883695475,
                        47.276123473166194,
                        63.69387020624709,
                        102.23022327975934,
                        124.2319121962359
                    ],
                    [
                        -39.46091755802151,
                        1.6009932820329544,
                        57.97584387195337,
                        76.95548704955392,
                        124.23191219623587,
                        153.60262717479995
                    ]
                ]
            },
            "est_tgt": [
                0,
                1,
                2
            ],
            "oracle_est_tgt": [
                2
            ]
        },
        "3": {
            "intv_type": "hard",
            "inode": 3,
            "new_mui": 1.0,
            "new_sigmai": 8.0,
            "true_params": {
                "Si": [
                    [
                        1.0,
                        0.0,
                        -0.5590431862692719,
                        0.0,
                        -1.2435824445870072,
                        -1.8850766794799512
                    ],
                    [
                        0.0,
                        1.0,
                        0.7784988773797143,
                        0.0,
                        0.7710692404699906,
                        2.027318486382318
                    ],
                    [
                        -0.5590431862692719,
                        0.7784988773797143,
                        1.9185897861955752,
                        0.0,
                        2.285949288071652,
                        4.050499680766646
                    ],
                    [
                        0.0,
                        0.0,
                        0.0,
                        8.0,
                        4.048849649554589,
                        2.6475369362643555
                    ],
                    [
                        -1.2435824445870072,
                        0.7710692404699906,
                        2.285949288071652,
                        4.048849649554589,
                        6.171197000416058,
                        7.306143347492872
                    ],
                    [
                        -1.8850766794799512,
                        2.027318486382318,
                        4.050499680766646,
                        2.6475369362643555,
                        7.306143347492872,
                        11.979144193785467
                    ]
                ],
                "mui": [
                    0.0,
                    0.0,
                    0.0,
                    1.0,
                    0.5061062061943237,
                    0.33094211703304444
                ],
                "Ai": [
                    [
                        0.0,
                        0.0,
                        0.0,
                        0.0,
                        0.0,
                        0.0
                    ],
                    [
                        0.0,
                        0.0,
                        0.0,
                        0.0,
                        0.0,
                        0.0
                    ],
                    [
                        -0.5590431862692719,
                        0.7784988773797143,
                        0.0,
                        0.0,
                        0.0,
                        0.0
                    ],
                    [
                        0.0,
                        0.0,
                        0.0,
                        0.0,
                        0.0,
                        0.0
                    ],
                    [
                        -0.6898745105724535,
                        -0.0,
                        0.9904564577732847,
                        0.5061062061943237,
                        0.0,
                        0.0
                    ],
                    [
                        -0.641024538366045,
                        0.9230993829848134,
                        0.7707371949934593,
                        0.0,
                        0.6538985552490468,
                        0.0
                    ]
                ]
            },
            "est_params": {
                "mui": [
                    -0.004427508539818303,
                    -0.004605404259840675,
                    0.011755261949869887,
                    0.698035176439714,
                    0.3785588356510584,
                    0.2582285792287929
                ],
                "Si": [
                    [
                        0.9918809562161661,
                        0.0038174869759751754,
                        -0.5486289556906201,
                        -0.2821985012385512,
                        -1.3892624643138807,
                        -1.9652876013917857
                    ],
                    [
                        0.003817486975975179,
                        0.9368306478180878,
                        0.7300914093047857,
                        -0.0316350383577187,
                        0.7095869474685172,
                        1.8860818317496688
                    ],
                    [
                        -0.5486289556906201,
                        0.7300914093047857,
                        1.9073314936742367,
                        0.402230139007997,
                        2.4924510172928884,
                        4.13952077378769
                    ],
                    [
                        -0.2821985012385512,
                        -0.031635038357718706,
                        0.4022301390079969,
                        49.929082643364815,
                        25.88169173361129,
                        17.37782142529437
                    ],
                    [
                        -1.3892624643138807,
                        0.7095869474685172,
                        2.4924510172928884,
                        25.88169173361129,
                        17.516429980245515,
                        14.933276121637471
                    ],
                    [
                        -1.9652876013917857,
                        1.8860818317496681,
                        4.13952077378769,
                        17.37782142529437,
                        14.933276121637471,
                        16.891919777717472
                    ]
                ]
            },
            "est_tgt": [
                1,
                3,
                4,
                5
            ],
            "oracle_est_tgt": [
                3
            ]
        },
        "4": {
            "intv_type": "hard",
            "inode": 4,
            "new_mui": 1.0,
            "new_sigmai": 8.0,
            "true_params": {
                "Si": [
                    [
                        1.0,
                        0.0,
                        -0.5590431862692719,
                        -1.2839728764858485,
                        0.0,
                        -1.0718999156314295
                    ],
                    [
                        0.0,
                        1.0,
                        0.7784988773797143,
                        -0.19837135563510722,
                        0.0,
                        1.5231174240420116
                    ],
                    [
                        -0.5590431862692719,
                        0.7784988773797143,
                        1.9185897861955752,
                        1.3236523185910776,
                        0.0,
                        2.5557207439240055
                    ],
                    [
                        -1.2839728764858485,
                        -0.19837135563510722,
                        1.3236523185910776,
                        3.265975245800106,
                        0.0,
                        1.6601297196127112
                    ],
                    [
                        0.0,
                        0.0,
                        0.0,
                        0.0,
                        8.0,
                        5.231188441992375
                    ],
                    [
                        -1.0718999156314295,
                        1.5231174240420116,
                        2.5557207439240055,
                        1.6601297196127112,
                        5.231188441992375,
                        8.48355850475175
                    ]
                ],
                "mui": [
                    0.0,
                    0.0,
                    0.0,
                    0.0,
                    1.0,
                    0.6538985552490468
                ],
                "Ai": [
                    [
                        0.0,
                        0.0,
                        0.0,
                        0.0,
                        0.0,
                        0.0
                    ],
                    [
                        0.0,
                        0.0,
                        0.0,
                        0.0,
                        0.0,
                        0.0
                    ],
                    [
                        -0.5590431862692719,
                        0.7784988773797143,
                        0.0,
                        0.0,
                        0.0,
                        0.0
                    ],
                    [
                        -0.8589391017459551,
                        -0.7902546387346205,
                        0.7602879083033296,
                        0.0,
                        0.0,
                        0.0
                    ],
                    [
                        0.0,
                        0.0,
                        0.0,
                        0.0,
                        0.0,
                        0.0
                    ],
                    [
                        -0.641024538366045,
                        0.9230993829848134,
                        0.7707371949934593,
                        0.0,
                        0.6538985552490468,
                        0.0
                    ]
                ]
            },
            "est_params": {
                "mui": [
                    -0.08261760267928475,
                    0.05802029875207453,
                    0.18923978344887835,
                    0.3677556624097232,
                    7.129959491409665,
                    4.931796814247747
                ],
                "Si": [
                    [
                        1.028455413207195,
                        -0.052973494927899045,
                        -0.6108251811794526,
                        -1.2921554898643683,
                        0.7267603939928468,
                        -0.6866451415132856
                    ],
                    [
                        -0.052973494927899045,
                        1.0060065483088336,
                        0.7993165259616594,
                        -0.16356955653587146,
                        -0.5512094454651466,
                        1.2902091969252591
                    ],
                    [
                        -0.6108251811794526,
                        0.7993165259616594,
                        1.9112776781850525,
                        1.4005163234117517,
                        -1.4583273534638077,
                        1.7064794246489001
                    ],
                    [
                        -1.2921554898643683,
                        -0.16356955653587138,
                        1.4005163234117517,
                        3.6061149999401483,
                        -2.352824986022796,
                        0.22973290595362766
                    ],
                    [
                        0.7267603939928469,
                        -0.5512094454651466,
                        -1.4583273534638075,
                        -2.352824986022796,
                        48.3130967919835,
                        29.033894970667987
                    ],
                    [
                        -0.6866451415132856,
                        1.290209196925259,
                        1.7064794246489001,
                        0.22973290595362778,
                        29.033894970667987,
                        22.851052734939003
                    ]
                ]
            },
            "est_tgt": [
                0,
                1,
                2,
                3,
                4,
                5
            ],
            "oracle_est_tgt": [
                4
            ]
        },
        "5": {
            "intv_type": "hard",
            "inode": 5,
            "new_mui": 1.0,
            "new_sigmai": 8.0,
            "true_params": {
                "Si": [
                    [
                        1.0,
                        0.0,
                        -0.5590431862692719,
                        -1.2839728764858485,
                        -1.8934090859616728,
                        0.0
                    ],
                    [
                        0.0,
                        1.0,
                        0.7784988773797143,
                        -0.19837135563510722,
                        0.6706722662518815,
                        0.0
                    ],
                    [
                        -0.5590431862692719,
                        0.7784988773797143,
                        1.9185897861955752,
                        1.3236523185910776,
                        2.9558579413541026,
                        0.0
                    ],
                    [
                        -1.2839728764858485,
                        -0.19837135563510722,
                        1.3236523185910776,
                        3.265975245800106,
                        3.8497304877255596,
                        0.0
                    ],
                    [
                        -1.8934090859616728,
                        0.6706722662518815,
                        2.9558579413541026,
                        3.8497304877255596,
                        7.182235744779271,
                        0.0
                    ],
                    [
                        0.0,
                        0.0,
                        0.0,
                        0.0,
                        0.0,
                        8.0
                    ]
                ],
                "mui": [
                    0.0,
                    0.0,
                    0.0,
                    0.0,
                    0.0,
                    1.0
                ],
                "Ai": [
                    [
                        0.0,
                        0.0,
                        0.0,
                        0.0,
                        0.0,
                        0.0
                    ],
                    [
                        0.0,
                        0.0,
                        0.0,
                        0.0,
                        0.0,
                        0.0
                    ],
                    [
                        -0.5590431862692719,
                        0.7784988773797143,
                        0.0,
                        0.0,
                        0.0,
                        0.0
                    ],
                    [
                        -0.8589391017459551,
                        -0.7902546387346205,
                        0.7602879083033296,
                        0.0,
                        0.0,
                        0.0
                    ],
                    [
                        -0.6898745105724535,
                        -0.0,
                        0.9904564577732847,
                        0.5061062061943237,
                        0.0,
                        0.0
                    ],
                    [
                        0.0,
                        0.0,
                        0.0,
                        0.0,
                        0.0,
                        0.0
                    ]
                ]
            },
            "est_params": {
                "mui": [
                    0.009501631548952377,
                    -0.0015074910883167724,
                    -0.013417761909631745,
                    -0.002840231705834436,
                    -0.01752566097242535,
                    0.7912497587294829
                ],
                "Si": [
                    [
                        1.0020474221853675,
                        0.014244622217671225,
                        -0.5345965640533615,
                        -1.2586624331797003,
                        -1.854567537511669,
                        -0.46751909088012245
                    ],
                    [
                        0.014244622217671218,
                        0.9299056533251406,
                        0.7072097671103853,
                        -0.20886972358284536,
                        0.583312871376765,
                        0.2724425742657117
                    ],
                    [
                        -0.5345965640533615,
                        0.7072097671103853,
                        1.850954812490668,
                        1.3002088810226913,
                        2.8502310289340786,
                        0.8124961688470215
                    ],
                    [
                        -1.2586624331797003,
                        -0.20886972358284542,
                        1.3002088810226913,
                        3.153699518006884,
                        3.7399653921068654,
                        0.7497637415110936
                    ],
                    [
                        -1.854567537511669,
                        0.583312871376765,
                        2.8502310289340786,
                        3.7399653921068654,
                        6.922416186517369,
                        1.7063207124886814
                    ],
                    [
                        -0.46751909088012245,
                        0.2724425742657117,
                        0.8124961688470216,
                        0.7497637415110935,
                        1.7063207124886814,
                        52.05803094091798
                    ]
                ]
            },
            "est_tgt": [
                1,
                3,
                5
            ],
            "oracle_est_tgt": [
                5
            ]
        },
        "obs": {
            "intv_type": "obs",
            "true_params": {
                "Si": [
                    [
                        1.0,
                        0.0,
                        -0.5590431862692719,
                        -1.2839728764858485,
                        -1.8934090859616728,
                        -2.309997381437186
                    ],
                    [
                        0.0,
                        1.0,
                        0.7784988773797143,
                        -0.19837135563510722,
                        0.6706722662518815,
                        1.961669049989721
                    ],
                    [
                        -0.5590431862692719,
                        0.7784988773797143,
                        1.9185897861955752,
                        1.3236523185910776,
                        2.9558579413541026,
                        4.488551981296875
                    ],
                    [
                        -1.2839728764858485,
                        -0.19837135563510722,
                        1.3236523185910776,
                        3.265975245800106,
                        3.8497304877255596,
                        4.177462923634664
                    ],
                    [
                        -1.8934090859616728,
                        0.6706722662518815,
                        2.9558579413541026,
                        3.8497304877255596,
                        7.182235744779271,
                        8.807462075916423
                    ],
                    [
                        -2.309997381437186,
                        1.961669049989721,
                        4.488551981296875,
                        4.177462923634664,
                        8.807462075916423,
                        13.510261185228071
                    ]
                ],
                "mui": [
                    0.0,
                    0.0,
                    0.0,
                    0.0,
                    0.0,
                    0.0
                ],
                "Ai": [
                    [
                        0.0,
                        0.0,
                        0.0,
                        0.0,
                        0.0,
                        0.0
                    ],
                    [
                        0.0,
                        0.0,
                        0.0,
                        0.0,
                        0.0,
                        0.0
                    ],
                    [
                        -0.5590431862692719,
                        0.7784988773797143,
                        0.0,
                        0.0,
                        0.0,
                        0.0
                    ],
                    [
                        -0.8589391017459551,
                        -0.7902546387346205,
