{
    "expt_args": {
        "save_dir": "all_expt_logs/expt_logs_11.05.24-hard_var_shift",
        "exp_name": "279",
        "num_nodes": 6,
        "obs_noise_mean": 0.0,
        "obs_noise_var": 1.0,
        "max_edge_strength": 1.0,
        "graph_sparsity_method": "adj_dense_prop",
        "adj_dense_prop": 0.8,
        "num_parents": null,
        "new_noise_mean": 1.0,
        "mix_samples": 131072,
        "stage2_samples": 131072,
        "gmm_tol": 0.001,
        "intv_type": "hard",
        "new_noise_sigma": 8.0,
        "intv_targets": [
            0,
            1,
            2,
            3,
            4,
            5
        ]
    },
    "intv_args_dict": {
        "0": {
            "intv_type": "hard",
            "inode": 0,
            "new_mui": 1.0,
            "new_sigmai": 8.0,
            "true_params": {
                "Si": [
                    [
                        8.0,
                        -4.677174988560493,
                        -1.9264919600267767,
                        -4.658818264818008,
                        9.443089379390035,
                        10.243607975613386
                    ],
                    [
                        -4.677174988560493,
                        3.734495734201981,
                        0.6083787877286047,
                        3.7198387870751564,
                        -5.7760079875555626,
                        -7.239770415349029
                    ],
                    [
                        -1.9264919600267767,
                        0.6083787877286047,
                        1.7321819201126232,
                        0.6059910555260601,
                        -2.826336458657715,
                        -1.861747408094383
                    ],
                    [
                        -4.658818264818008,
                        3.7198387870751564,
                        0.6059910555260601,
                        4.705239364742674,
                        -6.365392932745365,
                        -7.699641260027278
                    ],
                    [
                        9.443089379390035,
                        -5.7760079875555626,
                        -2.826336458657715,
                        -6.365392932745365,
                        13.054704626028906,
                        13.536521210391815
                    ],
                    [
                        10.243607975613386,
                        -7.239770415349029,
                        -1.861747408094383,
                        -7.699641260027278,
                        13.536521210391815,
                        16.557843592873716
                    ]
                ],
                "mui": [
                    1.0,
                    -0.5846468735700616,
                    -0.2408114950033471,
                    -0.582352283102251,
                    1.1803861724237543,
                    1.2804509969516733
                ],
                "Ai": [
                    [
                        0.0,
                        0.0,
                        0.0,
                        0.0,
                        0.0,
                        0.0
                    ],
                    [
                        -0.5846468735700616,
                        0.0,
                        0.0,
                        0.0,
                        0.0,
                        0.0
                    ],
                    [
                        -0.5436227446449284,
                        -0.5179387136589104,
                        0.0,
                        0.0,
                        0.0,
                        0.0
                    ],
                    [
                        0.0,
                        0.9960752540182092,
                        0.0,
                        0.0,
                        0.0,
                        0.0
                    ],
                    [
                        0.659125153320999,
                        -0.0,
                        -0.6844764394644502,
                        -0.6120543093297532,
                        0.0,
                        0.0
                    ],
                    [
                        -0.0,
                        -0.7867001906450788,
                        0.5032155794837371,
                        -0.0,
                        0.7977806823379561,
                        0.0
                    ]
                ]
            },
            "est_params": {
                "mui": [
                    1.0650453304301755,
                    -0.6287041799470244,
                    -0.25689373391170645,
                    -0.6310408098856286,
                    1.2657319102971034,
                    1.3824598843665221
                ],
                "Si": [
                    [
                        65.79621132465489,
                        -38.40762116285674,
                        -15.877145169091824,
                        -38.26576928294456,
                        77.62823784135094,
                        84.1081891317482
                    ],
                    [
                        -38.40762116285674,
                        23.415000169247822,
                        8.76253704745573,
                        23.319898002977546,
                        -45.57976267973619,
                        -50.344613397726945
                    ],
                    [
                        -15.877145169091824,
                        8.76253704745573,
                        5.071855704923175,
                        8.722520030163194,
                        -19.25823808805361,
                        -19.67959050352542
                    ],
                    [
                        -38.26576928294456,
                        23.319898002977546,
                        8.722520030163194,
                        24.21199171960941,
                        -46.013780521253494,
                        -50.620125137678656
                    ],
                    [
                        77.62823784135094,
                        -45.57976267973619,
                        -19.25823808805361,
                        -46.013780521253494,
                        93.45807463385769,
                        100.6574939466952
                    ],
                    [
                        84.10818913174822,
                        -50.344613397726945,
                        -19.67959050352542,
                        -50.620125137678656,
                        100.6574939466952,
                        110.94463076866909
                    ]
                ]
            },
            "est_tgt": [
                0,
                1
            ],
            "oracle_est_tgt": [
                0
            ]
        },
        "1": {
            "intv_type": "hard",
            "inode": 1,
            "new_mui": 1.0,
            "new_sigmai": 8.0,
            "true_params": {
                "Si": [
                    [
                        1.0,
                        0.0,
                        -0.5436227446449284,
                        0.0,
                        1.0312221139874516,
                        0.5491296472718614
                    ],
                    [
                        0.0,
                        8.0,
                        -4.143509709271283,
                        7.968602032145673,
                        -2.041082440420201,
                        -10.007016306634519
                    ],
                    [
                        -0.5436227446449284,
                        -4.143509709271283,
                        3.4416097773484595,
                        -4.12724748618931,
                        -0.18791662174582535,
                        4.841655285969726
                    ],
                    [
                        0.0,
                        7.968602032145673,
                        -4.12724748618931,
                        8.93732729333952,
                        -2.6451260196434117,
                        -10.456026414120316
                    ],
                    [
                        1.0312221139874516,
                        -2.041082440420201,
                        -0.18791662174582535,
                        -2.6451260196434117,
                        3.4272897132017617,
                        4.2453828992624025
                    ],
                    [
                        0.5491296472718614,
                        -10.007016306634519,
                        4.841655285969726,
                        -10.456026414120316,
                        4.2453828992624025,
                        14.695802472766992
                    ]
                ],
                "mui": [
                    0.0,
                    1.0,
                    -0.5179387136589104,
                    0.9960752540182092,
                    -0.25513530505252513,
                    -1.2508770383293148
                ],
                "Ai": [
                    [
                        0.0,
                        0.0,
                        0.0,
                        0.0,
                        0.0,
                        0.0
                    ],
                    [
                        0.0,
                        0.0,
                        0.0,
                        0.0,
                        0.0,
                        0.0
                    ],
                    [
                        -0.5436227446449284,
                        -0.5179387136589104,
                        0.0,
                        0.0,
                        0.0,
                        0.0
                    ],
                    [
                        0.0,
                        0.9960752540182092,
                        0.0,
                        0.0,
                        0.0,
                        0.0
                    ],
                    [
                        0.659125153320999,
                        -0.0,
                        -0.6844764394644502,
                        -0.6120543093297532,
                        0.0,
                        0.0
                    ],
                    [
                        -0.0,
                        -0.7867001906450788,
                        0.5032155794837371,
                        -0.0,
                        0.7977806823379561,
                        0.0
                    ]
                ]
            },
            "est_params": {
                "mui": [
                    0.0048793617398301065,
                    1.077052136490159,
                    -0.5568054653019252,
                    1.0663846179987109,
                    -0.27829774158517095,
                    -1.3571321290200853
                ],
                "Si": [
                    [
                        1.0144899334439414,
                        0.08390898112358837,
                        -0.6097492301349167,
                        0.07689676082026933,
                        1.0407267620341665,
                        0.46003456851334656
                    ],
                    [
                        0.08390898112358837,
                        63.003024024856416,
                        -32.647146081267756,
                        62.76383522767606,
                        -16.03181686919348,
                        -78.80055628210589
                    ],
                    [
                        -0.6097492301349167,
                        -32.647146081267756,
                        18.22158721764877,
                        -32.51656933183952,
                        7.044701998483643,
                        40.486616760825626
                    ],
                    [
                        0.0768967608202693,
                        62.76383522767606,
                        -32.51656933183952,
                        63.52598279856411,
                        -16.596468591578223,
                        -78.99198767955967
                    ],
                    [
                        1.0407267620341665,
                        -16.031816869193484,
                        7.044701998483643,
                        -16.596468591578223,
                        6.989351259528994,
                        21.73225782954309
                    ],
                    [
                        0.4600345685133464,
                        -78.80055628210589,
                        40.486616760825626,
                        -78.99198767955967,
                        21.73225782954309,
                        100.71324379240019
                    ]
                ]
            },
            "est_tgt": [
                0,
                1
            ],
            "oracle_est_tgt": [
                1
            ]
        },
        "2": {
            "intv_type": "hard",
            "inode": 2,
            "new_mui": 1.0,
            "new_sigmai": 8.0,
            "true_params": {
                "Si": [
                    [
                        1.0,
                        -0.5846468735700616,
                        0.0,
                        -0.582352283102251,
                        1.015556377741752,
                        1.2701330668850948
                    ],
                    [
                        -0.5846468735700616,
                        1.3418119667752477,
                        0.0,
                        1.3365456956503277,
                        -1.2033940128194254,
                        -2.015648226740428
                    ],
                    [
                        0.0,
                        0.0,
                        8.0,
                        0.0,
                        -5.475811515715602,
                        -0.34277201149173386
                    ],
                    [
                        -0.582352283102251,
                        1.3365456956503277,
                        0.0,
                        2.331300093301844,
                        -1.8107253063328546,
                        -2.496022423986801
                    ],
                    [
                        1.015556377741752,
                        -1.2033940128194254,
                        -5.475811515715602,
                        -1.8107253063328546,
                        6.525704949394062,
                        3.397277981545413
                    ],
                    [
                        1.2701330668850948,
                        -2.015648226740428,
                        -0.34277201149173386,
                        -2.496022423986801,
                        3.397277981545413,
                        5.123505374065504
                    ]
                ],
                "mui": [
                    0.0,
                    0.0,
                    1.0,
                    0.0,
                    -0.6844764394644502,
                    -0.04284650143646673
                ],
                "Ai": [
                    [
                        0.0,
                        0.0,
                        0.0,
                        0.0,
                        0.0,
                        0.0
                    ],
                    [
                        -0.5846468735700616,
                        0.0,
                        0.0,
                        0.0,
                        0.0,
                        0.0
                    ],
                    [
                        0.0,
                        0.0,
                        0.0,
                        0.0,
                        0.0,
                        0.0
                    ],
                    [
                        0.0,
                        0.9960752540182092,
                        0.0,
                        0.0,
                        0.0,
                        0.0
                    ],
                    [
                        0.659125153320999,
                        -0.0,
                        -0.6844764394644502,
                        -0.6120543093297532,
                        0.0,
                        0.0
                    ],
                    [
                        -0.0,
                        -0.7867001906450788,
                        0.5032155794837371,
                        -0.0,
                        0.7977806823379561,
                        0.0
                    ]
                ]
            },
            "est_params": {
                "mui": [
                    -0.018516525817776366,
                    0.008829511276358138,
                    1.1433741896028962,
                    0.026671721527256255,
                    -0.7981301788023886,
                    -0.05477619147049318
                ],
                "Si": [
                    [
                        0.9864735906936873,
                        -0.5834678668157824,
                        -0.033163871738232494,
                        -0.5741220637433793,
                        1.0224710400888546,
                        1.2510423765252396
                    ],
                    [
                        -0.5834678668157824,
                        1.342202618124285,
                        0.020270081053319268,
                        1.3365426345168931,
                        -1.2190864250840476,
                        -2.0057298184687307
                    ],
                    [
                        -0.03316387173823247,
                        0.020270081053319317,
                        63.79988003875088,
                        -0.033141210539789814,
                        -43.63362211610718,
                        -2.686445898376883
                    ],
                    [
                        -0.5741220637433793,
                        1.3365426345168934,
                        -0.03314121053978979,
                        2.3113131411021928,
                        -1.7765112033070987,
                        -2.468324186975258
                    ],
                    [
                        1.0224710400888548,
                        -1.2190864250840476,
                        -43.63362211610718,
                        -1.776511203307099,
                        32.55090368055654,
                        4.94317525917582
                    ],
                    [
                        1.2510423765252396,
                        -2.0057298184687307,
                        -2.686445898376883,
                        -2.468324186975258,
                        4.94317525917582,
                        5.143871573186228
                    ]
                ]
            },
            "est_tgt": [
                2
            ],
            "oracle_est_tgt": [
                2
            ]
        },
        "3": {
            "intv_type": "hard",
            "inode": 3,
            "new_mui": 1.0,
            "new_sigmai": 8.0,
            "true_params": {
                "Si": [
                    [
                        1.0,
                        -0.5846468735700616,
                        -0.2408114950033471,
                        0.0,
                        0.8239549480030013,
                        0.9960970515267319
                    ],
                    [
                        -0.5846468735700616,
                        1.3418119667752477,
                        -0.37714902598547106,
                        0.0,
                        -0.12720583772648897,
                        -1.346873355753751
                    ],
                    [
                        -0.2408114950033471,
                        -0.37714902598547106,
                        1.3262506872323938,
                        0.0,
                        -1.0665122617996494,
                        0.11325033882040839
                    ],
                    [
                        0.0,
                        0.0,
                        0.0,
                        8.0,
                        -4.896434474638026,
                        -3.906280836199816
                    ],
                    [
                        0.8239549480030013,
                        -0.12720583772648897,
                        -1.0665122617996494,
                        -4.896434474638026,
                        5.269975767586845,
                        3.7676721347125017
                    ],
                    [
                        0.9960970515267319,
                        -1.346873355753751,
                        0.11325033882040839,
                        -3.906280836199816,
                        3.7676721347125017,
                        5.122350907079137
                    ]
                ],
                "mui": [
                    0.0,
                    0.0,
                    0.0,
                    1.0,
                    -0.6120543093297532,
                    -0.488285104524977
                ],
                "Ai": [
                    [
                        0.0,
                        0.0,
                        0.0,
                        0.0,
                        0.0,
                        0.0
                    ],
                    [
                        -0.5846468735700616,
                        0.0,
                        0.0,
                        0.0,
                        0.0,
                        0.0
                    ],
                    [
                        -0.5436227446449284,
                        -0.5179387136589104,
                        0.0,
                        0.0,
                        0.0,
                        0.0
                    ],
                    [
                        0.0,
                        0.0,
                        0.0,
                        0.0,
                        0.0,
                        0.0
                    ],
                    [
                        0.659125153320999,
                        -0.0,
                        -0.6844764394644502,
                        -0.6120543093297532,
                        0.0,
                        0.0
                    ],
                    [
                        -0.0,
                        -0.7867001906450788,
                        0.5032155794837371,
                        -0.0,
                        0.7977806823379561,
                        0.0
                    ]
                ]
            },
            "est_params": {
                "mui": [
                    0.09551714144739737,
                    -0.14033924828615665,
                    -0.02460541702582179,
                    4.75244276270159,
                    -6.292727060875136,
                    -4.923636149417593
                ],
                "Si": [
                    [
                        0.9998167176702173,
                        -0.5623043573449364,
                        -0.24109816986230448,
                        -0.6474411294413,
                        0.7778436977344658,
                        0.9386598578287758
                    ],
                    [
                        -0.5623043573449364,
                        1.2990612284980985,
                        -0.37538643859355764,
                        0.9149719533388131,
                        -0.5760105664713722,
                        -1.6540948539708529
                    ],
                    [
                        -0.24109816986230448,
                        -0.37538643859355764,
                        1.3411343320050517,
                        0.007237753305781653,
                        -0.7308896090248976,
                        0.3779995806059532
                    ],
                    [
                        -0.6474411294413,
                        0.914971953338813,
                        0.007237753305781676,
                        33.232006258416526,
                        -3.3605595665385573,
                        -3.386821961796885
                    ],
                    [
                        0.7778436977344658,
                        -0.576010566471372,
                        -0.7308896090248976,
                        -3.3605595665385573,
                        17.20506150283775,
                        13.813285365476592
                    ],
                    [
                        0.9386598578287758,
                        -1.6540948539708533,
                        0.37799958060595323,
                        -3.386821961796887,
                        13.813285365476592,
                        13.493853674655258
                    ]
                ]
            },
            "est_tgt": [
                1,
                3,
                4
            ],
            "oracle_est_tgt": [
                3
            ]
        },
        "4": {
            "intv_type": "hard",
            "inode": 4,
            "new_mui": 1.0,
            "new_sigmai": 8.0,
            "true_params": {
                "Si": [
                    [
                        1.0,
                        -0.5846468735700616,
                        -0.2408114950033471,
                        -0.582352283102251,
                        0.0,
                        0.3387617108931624
                    ],
                    [
                        -0.5846468735700616,
                        1.3418119667752477,
                        -0.37714902598547106,
                        1.3365456956503277,
                        0.0,
                        -1.2453909957349414
                    ],
                    [
                        -0.2408114950033471,
                        -0.37714902598547106,
                        1.3262506872323938,
                        -0.3756688118611982,
                        0.0,
                        0.9640932187607294
                    ],
                    [
                        -0.582352283102251,
                        1.3365456956503277,
                        -0.3756688118611982,
                        2.331300093301844,
                        0.0,
                        -1.240503152428672
                    ],
                    [
                        0.0,
                        0.0,
                        0.0,
                        0.0,
                        8.0,
                        6.382245458703649
                    ],
                    [
                        0.3387617108931624,
                        -1.2453909957349414,
                        0.9640932187607294,
                        -1.240503152428672,
                        6.382245458703649,
                        7.556528198420283
                    ]
                ],
                "mui": [
                    0.0,
                    0.0,
                    0.0,
                    0.0,
                    1.0,
                    0.7977806823379561
                ],
                "Ai": [
                    [
                        0.0,
                        0.0,
                        0.0,
                        0.0,
                        0.0,
                        0.0
                    ],
                    [
                        -0.5846468735700616,
                        0.0,
                        0.0,
                        0.0,
                        0.0,
                        0.0
                    ],
                    [
                        -0.5436227446449284,
                        -0.5179387136589104,
                        0.0,
                        0.0,
                        0.0,
                        0.0
                    ],
                    [
                        0.0,
                        0.9960752540182092,
                        0.0,
                        0.0,
                        0.0,
                        0.0
                    ],
                    [
                        0.0,
                        0.0,
                        0.0,
                        0.0,
                        0.0,
                        0.0
                    ],
                    [
                        -0.0,
                        -0.7867001906450788,
                        0.5032155794837371,
                        -0.0,
                        0.7977806823379561,
                        0.0
                    ]
                ]
            },
            "est_params": {
                "mui": [
                    -0.11714739170956955,
                    0.14955828898638376,
                    0.033876191545928386,
                    -3.3816656555881286,
                    6.8967285856355165,
                    5.409536320609817
                ],
                "Si": [
                    [
                        0.9849264416770144,
                        -0.5645685465490438,
                        -0.24013862405184988,
                        -0.6285975142770958,
                        0.7638826385258303,
                        0.943238474889011
                    ],
                    [
                        -0.5645685465490438,
                        1.3066113253763396,
                        -0.36689023272520366,
                        0.9520291361801446,
                        -0.6638944668339783,
                        -1.757296684050461
                    ],
                    [
                        -0.24013862405184988,
                        -0.3668902327252037,
                        1.3274534603496073,
                        0.013802907032298448,
                        -0.5158593097687038,
                        0.5573483927703945
                    ],
                    [
                        -0.6285975142770958,
                        0.9520291361801445,
                        0.013802907032298434,
                        26.93573379516195,
                        0.9606609807149769,
                        0.00613685194974347
                    ],
                    [
                        0.7638826385258303,
                        -0.6638944668339783,
                        -0.5158593097687038,
                        0.9606609807149769,
                        21.59023685748329,
                        17.479415678980523
                    ],
                    [
                        0.943238474889011,
                        -1.757296684050461,
                        0.5573483927703944,
                        0.006136851949743398,
                        17.47941567898052,
                        16.617420244142192
                    ]
                ]
            },
            "est_tgt": [
                0,
                1,
                2,
                3,
                4
            ],
            "oracle_est_tgt": [
                4
            ]
        },
        "5": {
            "intv_type": "hard",
            "inode": 5,
            "new_mui": 1.0,
            "new_sigmai": 8.0,
            "true_params": {
                "Si": [
                    [
                        1.0,
                        -0.5846468735700616,
                        -0.2408114950033471,
                        -0.582352283102251,
                        1.1803861724237543,
                        0.0
                    ],
                    [
                        -0.5846468735700616,
                        1.3418119667752477,
                        -0.37714902598547106,
                        1.3365456956503277,
                        -0.9452443903654048,
                        0.0
                    ],
                    [
                        -0.2408114950033471,
                        -0.37714902598547106,
                        1.3262506872323938,
                        -0.3756688118611982,
                        -0.8365825466192145,
                        0.0
                    ],
                    [
                        -0.582352283102251,
                        1.3365456956503277,
                        -0.3756688118611982,
                        2.331300093301844,
                        -1.553588855572261,
                        0.0
                    ],
                    [
                        1.1803861724237543,
                        -0.9452443903654048,
                        -0.8365825466192145,
                        -1.553588855572261,
                        3.3015240136844985,
                        0.0
                    ],
                    [
                        0.0,
                        0.0,
                        0.0,
                        0.0,
                        0.0,
                        8.0
                    ]
                ],
                "mui": [
                    0.0,
                    0.0,
                    0.0,
                    0.0,
                    0.0,
                    1.0
                ],
                "Ai": [
                    [
                        0.0,
                        0.0,
                        0.0,
                        0.0,
                        0.0,
                        0.0
                    ],
                    [
                        -0.5846468735700616,
                        0.0,
                        0.0,
                        0.0,
                        0.0,
                        0.0
                    ],
                    [
                        -0.5436227446449284,
                        -0.5179387136589104,
                        0.0,
                        0.0,
                        0.0,
                        0.0
                    ],
                    [
                        0.0,
                        0.9960752540182092,
                        0.0,
                        0.0,
                        0.0,
                        0.0
                    ],
                    [
                        0.659125153320999,
                        -0.0,
                        -0.6844764394644502,
                        -0.6120543093297532,
                        0.0,
                        0.0
                    ],
                    [
                        0.0,
                        0.0,
                        0.0,
                        0.0,
                        0.0,
                        0.0
                    ]
                ]
            },
            "est_params": {
                "mui": [
                    -0.014946783543891933,
                    0.02958493058190704,
                    -0.013503400970266949,
                    0.035365835774265324,
                    -0.03192066019190114,
                    1.0601625910825299
                ],
                "Si": [
                    [
                        0.988332352681384,
                        -0.589752811800379,
                        -0.2264601803690981,
                        -0.5861866116784862,
                        1.1586002627521608,
                        -0.014468281000027566
                    ],
                    [
                        -0.589752811800379,
                        1.3437752851257838,
                        -0.3871484966465391,
                        1.3384154727230015,
                        -0.9555172070657381,
                        -0.04290653283879733
                    ],
                    [
                        -0.2264601803690981,
                        -0.3871484966465391,
                        1.3159345178478048,
                        -0.38281362474440656,
                        -0.809964399204071,
                        -0.009222634079649655
                    ],
                    [
                        -0.5861866116784862,
                        1.3384154727230015,
                        -0.38281362474440656,
                        2.3442423955788634,
                        -1.5788945925473,
                        -0.08606378140557187
                    ],
                    [
                        1.1586002627521608,
                        -0.9555172070657381,
                        -0.809964399204071,
                        -1.5788945925473,
                        3.2574849995956763,
                        0.04533566711186583
                    ],
                    [
                        -0.014468281000027583,
                        -0.04290653283879737,
                        -0.009222634079649674,
                        -0.08606378140557187,
                        0.045335667111865804,
                        65.40647704696369
                    ]
                ]
            },
            "est_tgt": [
                4,
                5
            ],
            "oracle_est_tgt": [
                5
            ]
        },
        "obs": {
            "intv_type": "obs",
            "true_params": {
                "Si": [
                    [
                        1.0,
                        -0.5846468735700616,
                        -0.2408114950033471,
                        -0.582352283102251,
                        1.1803861724237543,
                        1.2804509969516733
                    ],
                    [
                        -0.5846468735700616,
                        1.3418119667752477,
                        -0.37714902598547106,
                        1.3365456956503277,
                        -0.9452443903654048,
                        -1.9994887104567791
                    ],
                    [
                        -0.2408114950033471,
                        -0.37714902598547106,
                        1.3262506872323938,
                        -0.3756688118611982,
                        -0.8365825466192145,
                        0.2966838238868275
                    ],
                    [
                        -0.582352283102251,
                        1.3365456956503277,
                        -0.3756688118611982,
                        2.331300093301844,
                        -1.553588855572261,
                        -2.4799263296997545
                    ],
                    [
                        1.1803861724237543,
                        -0.9452443903654048,
                        -0.8365825466192145,
                        -1.553588855572261,
                        3.3015240136844985,
                        2.956534651516053
                    ],
                    [
                        1.2804509969516733,
                        -1.9994887104567791,
                        0.2966838238868275,
                        -2.4799263296997545,
                        2.956534651516053,
                        5.080960303711979
                    ]
                ],
                "mui": [
                    0.0,
                    0.0,
                    0.0,
                    0.0,
                    0.0,
                    0.0
                ],
                "Ai": [
                    [
                        0.0,
                        0.0,
                        0.0,
                        0.0,
                        0.0,
                        0.0
                    ],
                    [
                        -0.5846468735700616,
                        0.0,
                        0.0,
                        0.0,
                        0.0,
                        0.0
                    ],
                    [
                        -0.5436227446449284,
                        -0.5179387136589104,
                        0.0,
                        0.0,
                        0.0,
                        0.0
                    ],
                    [
