{
    "expt_args": {
        "save_dir": "all_expt_logs/expt_logs_11.05.24-hard_var_shift",
        "exp_name": "60",
        "num_nodes": 6,
        "obs_noise_mean": 0.0,
        "obs_noise_var": 1.0,
        "max_edge_strength": 1.0,
        "graph_sparsity_method": "adj_dense_prop",
        "adj_dense_prop": 0.8,
        "num_parents": null,
        "new_noise_mean": 1.0,
        "mix_samples": 16384,
        "stage2_samples": 16384,
        "gmm_tol": 0.001,
        "intv_type": "hard",
        "new_noise_sigma": 0.1,
        "intv_targets": [
            0,
            1,
            2,
            3,
            4,
            5
        ]
    },
    "intv_args_dict": {
        "0": {
            "intv_type": "hard",
            "inode": 0,
            "new_mui": 1.0,
            "new_sigmai": 0.1,
            "true_params": {
                "Si": [
                    [
                        0.1,
                        0.07015427601593655,
                        -0.01321079835167882,
                        -0.08671348426289385,
                        -0.0005438198986315221,
                        -0.03128389473014037
                    ],
                    [
                        0.07015427601593655,
                        1.0492162244332022,
                        0.9381162853660806,
                        0.4645085063423324,
                        -0.6481591035477668,
                        -2.319326106594623
                    ],
                    [
                        -0.01321079835167882,
                        0.9381162853660806,
                        1.8992821222888288,
                        1.0636741293447072,
                        -0.7177829103765717,
                        -3.311640680718183
                    ],
                    [
                        -0.08671348426289385,
                        0.4645085063423324,
                        1.0636741293447072,
                        1.6586665598869264,
                        0.3787773183036669,
                        -1.909538323370808
                    ],
                    [
                        -0.0005438198986315221,
                        -0.6481591035477668,
                        -0.7177829103765717,
                        0.3787773183036669,
                        2.0332173429138125,
                        2.4805605316222907
                    ],
                    [
                        -0.03128389473014037,
                        -2.319326106594623,
                        -3.311640680718183,
                        -1.909538323370808,
                        2.4805605316222907,
                        8.497071263788234
                    ]
                ],
                "mui": [
                    1.0,
                    0.7015427601593655,
                    -0.1321079835167882,
                    -0.8671348426289385,
                    -0.005438198986315221,
                    -0.3128389473014037
                ],
                "Ai": [
                    [
                        0.0,
                        0.0,
                        0.0,
                        0.0,
                        0.0,
                        0.0
                    ],
                    [
                        0.7015427601593655,
                        0.0,
                        0.0,
                        0.0,
                        0.0,
                        0.0
                    ],
                    [
                        -0.7967385278691393,
                        0.9473842253056262,
                        0.0,
                        0.0,
                        0.0,
                        0.0
                    ],
                    [
                        -0.7938785714282395,
                        -0.0,
                        0.5545181241176813,
                        0.0,
                        0.0,
                        0.0
                    ],
                    [
                        0.9823597011738431,
                        -0.5490975926591937,
                        -0.5346712883481377,
                        0.7763692243251734,
                        0.0,
                        0.0
                    ],
                    [
                        -0.6195113015160184,
                        -0.6966139051003579,
                        -0.5771883706510608,
                        -0.8352678403709399,
                        0.9496237850071092,
                        0.0
                    ]
                ]
            },
            "est_params": {
                "mui": [
                    0.9984774380213013,
                    0.6948528504725817,
                    -0.14211692897965114,
                    -0.8710846704689548,
                    0.006338282522165917,
                    -0.3075364361490021
                ],
                "Si": [
                    [
                        0.010545610060649703,
                        0.005354208309518623,
                        -0.006693471759103244,
                        -0.01050882656578909,
                        0.0045935625323522715,
                        0.005655819936241743
                    ],
                    [
                        0.005354208309518622,
                        0.9942151120864118,
                        0.9562677923936768,
                        0.5362729631154041,
                        -0.6607670504292797,
                        -2.3691325069806046
                    ],
                    [
                        -0.006693471759103244,
                        0.9562677923936768,
                        1.9575487079240093,
                        1.0905536794075772,
                        -0.7500809053928069,
                        -3.4366435688887425
                    ],
                    [
                        -0.01050882656578909,
                        0.5362729631154041,
                        1.0905536794075772,
                        1.578654932512564,
                        0.3456285337730317,
                        -1.9945554707612416
                    ],
                    [
                        0.0045935625323522715,
                        -0.6607670504292797,
                        -0.7500809053928069,
                        0.3456285337730317,
                        2.1186522730336326,
                        2.6332617374543723
                    ],
                    [
                        0.00565581993624174,
                        -2.3691325069806046,
                        -3.4366435688887425,
                        -1.9945554707612416,
                        2.6332617374543723,
                        8.858946323966887
                    ]
                ]
            },
            "est_tgt": [
                0
            ],
            "oracle_est_tgt": [
                0
            ]
        },
        "1": {
            "intv_type": "hard",
            "inode": 1,
            "new_mui": 1.0,
            "new_sigmai": 0.1,
            "true_params": {
                "Si": [
                    [
                        1.0,
                        0.0,
                        -0.7967385278691393,
                        -1.2356845253145177,
                        0.4490054799171823,
                        1.2988707393868304
                    ],
                    [
                        0.0,
                        0.1,
                        0.09473842253056262,
                        0.052534172343515866,
                        -0.06477775906350512,
                        -0.22973791167371058
                    ],
                    [
                        -0.7967385278691393,
                        0.09473842253056262,
                        1.7245459688268774,
                        1.5888056398951804,
                        -0.5232698746144488,
                        -2.3917832324899213
                    ],
                    [
                        -1.2356845253145177,
                        0.052534172343515866,
                        1.5888056398951804,
                        2.862004988714939,
                        0.1297507660865711,
                        -2.4554419574350286
                    ],
                    [
                        0.4490054799171823,
                        -0.06477775906350512,
                        -0.5232698746144488,
                        0.1297507660865711,
                        1.8571660802725933,
                        1.7242188451527305
                    ],
                    [
                        1.2988707393868304,
                        -0.22973791167371058,
                        -2.3917832324899213,
                        -2.4554419574350286,
                        1.7242188451527305,
                        5.424193915310873
                    ]
                ],
                "mui": [
                    0.0,
                    1.0,
                    0.9473842253056262,
                    0.5253417234351586,
                    -0.6477775906350512,
                    -2.2973791167371056
                ],
                "Ai": [
                    [
                        0.0,
                        0.0,
                        0.0,
                        0.0,
                        0.0,
                        0.0
                    ],
                    [
                        0.0,
                        0.0,
                        0.0,
                        0.0,
                        0.0,
                        0.0
                    ],
                    [
                        -0.7967385278691393,
                        0.9473842253056262,
                        0.0,
                        0.0,
                        0.0,
                        0.0
                    ],
                    [
                        -0.7938785714282395,
                        -0.0,
                        0.5545181241176813,
                        0.0,
                        0.0,
                        0.0
                    ],
                    [
                        0.9823597011738431,
                        -0.5490975926591937,
                        -0.5346712883481377,
                        0.7763692243251734,
                        0.0,
                        0.0
                    ],
                    [
                        -0.6195113015160184,
                        -0.6966139051003579,
                        -0.5771883706510608,
                        -0.8352678403709399,
                        0.9496237850071092,
                        0.0
                    ]
                ]
            },
            "est_params": {
                "mui": [
                    -0.0002131547106343007,
                    0.9980844740360775,
                    0.9719534345888613,
                    0.5466442259837847,
                    -0.6343688499213155,
                    -2.3153038185845425
                ],
                "Si": [
                    [
                        0.9971521473195226,
                        0.000579056989813145,
                        -0.8022908585948788,
                        -1.262865071810211,
                        0.4247473639222476,
                        1.2855165964913335
                    ],
                    [
                        0.0005790569898131454,
                        0.011013117055550728,
                        0.011602283797654267,
                        0.0046139229990907514,
                        -0.010622620807452661,
                        -0.029463458333311158
                    ],
                    [
                        -0.8022908585948788,
                        0.011602283797654267,
                        1.6736304773420836,
                        1.6136203729352865,
                        -0.45840904414010575,
                        -2.2229629361137078
                    ],
                    [
                        -1.262865071810211,
                        0.0046139229990907514,
                        1.6136203729352865,
                        2.976320390829905,
                        0.20257420530671047,
                        -2.4064808177668295
                    ],
                    [
                        0.4247473639222476,
                        -0.01062262080745266,
                        -0.45840904414010575,
                        0.20257420530671055,
                        1.8393027649082676,
                        1.5537620663210119
                    ],
                    [
                        1.285516596491333,
                        -0.029463458333311158,
                        -2.2229629361137078,
                        -2.4064808177668295,
                        1.5537620663210119,
                        4.89461169078137
                    ]
                ]
            },
            "est_tgt": [
                1,
                4,
                5
            ],
            "oracle_est_tgt": [
                1
            ]
        },
        "2": {
            "intv_type": "hard",
            "inode": 2,
            "new_mui": 1.0,
            "new_sigmai": 0.1,
            "true_params": {
                "Si": [
                    [
                        1.0,
                        0.7015427601593655,
                        0.0,
                        -0.7938785714282395,
                        -0.019198630285269653,
                        -0.46334597935033506
                    ],
                    [
                        0.7015427601593655,
                        1.4921622443320208,
                        0.0,
                        -0.5569397642311411,
                        -0.562566252740801,
                        -1.5431070566418517
                    ],
                    [
                        0.0,
                        0.0,
                        0.1,
                        0.05545181241176814,
                        -0.010416048245264323,
                        -0.11392727982242268
                    ],
                    [
                        -0.7938785714282395,
                        -0.5569397642311411,
                        0.05545181241176814,
                        1.6609922211704415,
                        0.785834717975739,
                        0.20665654366646719
                    ],
                    [
                        -0.019198630285269653,
                        -0.562566252740801,
                        -0.010416048245264323,
                        0.785834717975739,
                        1.9057108667587004,
                        1.563123163198577
                    ],
                    [
                        -0.46334597935033506,
                        -1.5431070566418517,
                        -0.11392727982242268,
                        0.20665654366646719,
                        1.563123163198577,
                        3.739520774190256
                    ]
                ],
                "mui": [
                    0.0,
                    0.0,
                    1.0,
                    0.5545181241176813,
                    -0.10416048245264323,
                    -1.1392727982242268
                ],
                "Ai": [
                    [
                        0.0,
                        0.0,
                        0.0,
                        0.0,
                        0.0,
                        0.0
                    ],
                    [
                        0.7015427601593655,
                        0.0,
                        0.0,
                        0.0,
                        0.0,
                        0.0
                    ],
                    [
                        0.0,
                        0.0,
                        0.0,
                        0.0,
                        0.0,
                        0.0
                    ],
                    [
                        -0.7938785714282395,
                        -0.0,
                        0.5545181241176813,
                        0.0,
                        0.0,
                        0.0
                    ],
                    [
                        0.9823597011738431,
                        -0.5490975926591937,
                        -0.5346712883481377,
                        0.7763692243251734,
                        0.0,
                        0.0
                    ],
                    [
                        -0.6195113015160184,
                        -0.6966139051003579,
                        -0.5771883706510608,
                        -0.8352678403709399,
                        0.9496237850071092,
                        0.0
                    ]
                ]
            },
            "est_params": {
                "mui": [
                    -0.0007501501978894346,
                    0.016198079371910822,
                    1.0016577772740243,
                    0.5710931591977748,
                    -0.10157035496132265,
                    -1.1664670607963752
                ],
                "Si": [
                    [
                        1.0277158409708655,
                        0.7212654478621062,
                        3.161306932874656e-05,
                        -0.7986945628973655,
                        0.00931747972087116,
                        -0.47252396338969144
                    ],
                    [
                        0.7212654478621062,
                        1.4514511732364515,
                        -0.0003787384426545389,
                        -0.5658075040988657,
                        -0.5407545173748738,
                        -1.5185335311586778
                    ],
                    [
                        3.161306932874633e-05,
                        -0.00037873844265454,
                        0.010318144637479813,
                        0.007745775382190821,
                        -0.003131432344745053,
                        -0.01774838650382125
                    ],
                    [
                        -0.7986945628973655,
                        -0.5658075040988657,
                        0.007745775382190821,
                        1.6185182229184405,
                        0.7396240302289522,
                        0.21011631804957162
                    ],
                    [
                        0.00931747972087116,
                        -0.5407545173748738,
                        -0.003131432344745053,
                        0.7396240302289522,
                        1.8347794840113103,
                        1.5037852778725302
                    ],
                    [
                        -0.4725239633896915,
                        -1.5185335311586778,
                        -0.017748386503821247,
                        0.21011631804957162,
                        1.5037852778725302,
                        3.6319265798482303
                    ]
                ]
            },
            "est_tgt": [
                1,
                2,
                3,
                5
            ],
            "oracle_est_tgt": [
                2,
                3,
                4,
                5
            ]
        },
        "3": {
            "intv_type": "hard",
            "inode": 3,
            "new_mui": 1.0,
            "new_sigmai": 0.1,
            "true_params": {
                "Si": [
                    [
                        1.0,
                        0.7015427601593655,
                        -0.1321079835167882,
                        0.0,
                        0.6677786061708451,
                        -0.3978261039707359
                    ],
                    [
                        0.7015427601593655,
                        1.4921622443320208,
                        0.8547048259101706,
                        0.0,
                        -0.5871614904155866,
                        -2.5249828392764666
                    ],
                    [
                        -0.1321079835167882,
                        0.8547048259101706,
                        1.9149893896668133,
                        0.0,
                        -1.6229837656978698,
                        -3.1600904698992234
                    ],
                    [
                        0.0,
                        0.0,
                        0.0,
                        0.1,
                        0.07763692243251735,
                        -0.009800915900423535
                    ],
                    [
                        0.6677786061708451,
                        -0.5871614904155866,
                        -1.6229837656978698,
                        0.07763692243251735,
                        2.9064454911193787,
                        3.627277964306148
                    ],
                    [
                        -0.3978261039707359,
                        -2.5249828392764666,
                        -3.1600904698992234,
                        -0.009800915900423535,
                        3.627277964306148,
                        8.282099212453895
                    ]
                ],
                "mui": [
                    0.0,
                    0.0,
                    0.0,
                    1.0,
                    0.7763692243251734,
                    -0.09800915900423535
                ],
                "Ai": [
                    [
                        0.0,
                        0.0,
                        0.0,
                        0.0,
                        0.0,
                        0.0
                    ],
                    [
                        0.7015427601593655,
                        0.0,
                        0.0,
                        0.0,
                        0.0,
                        0.0
                    ],
                    [
                        -0.7967385278691393,
                        0.9473842253056262,
                        0.0,
                        0.0,
                        0.0,
                        0.0
                    ],
                    [
                        0.0,
                        0.0,
                        0.0,
                        0.0,
                        0.0,
                        0.0
                    ],
                    [
                        0.9823597011738431,
                        -0.5490975926591937,
                        -0.5346712883481377,
                        0.7763692243251734,
                        0.0,
                        0.0
                    ],
                    [
                        -0.6195113015160184,
                        -0.6966139051003579,
                        -0.5771883706510608,
                        -0.8352678403709399,
                        0.9496237850071092,
                        0.0
                    ]
                ]
            },
            "est_params": {
                "mui": [
                    0.004427233576446978,
                    0.003715092769948748,
                    0.03641775526010964,
                    0.9958534805578264,
                    0.7532111678359507,
                    -0.17444113177775059
                ],
                "Si": [
                    [
                        0.9921907427256157,
                        0.6697048275094419,
                        -0.17984003370553647,
                        -0.003314965085174833,
                        0.7315565951507254,
                        -0.24977096780256963
                    ],
                    [
                        0.6697048275094418,
                        1.4353300868988232,
                        0.7965008723769362,
                        -0.003313554752621769,
                        -0.5124976567930504,
                        -2.367405017256596
                    ],
                    [
                        -0.1798400337055365,
                        0.7965008723769363,
                        1.8631895864851973,
                        -0.00306948935012991,
                        -1.6489146062497901,
                        -3.140605337623444
                    ],
                    [
                        -0.0033149650851748325,
                        -0.00331355475262177,
                        -0.0030694893501299106,
                        0.009424757443762852,
                        0.00839143725049719,
                        0.004286526340992478
                    ],
                    [
                        0.7315565951507254,
                        -0.5124976567930504,
                        -1.6489146062497901,
                        0.008391437250497189,
                        2.8728682001477974,
                        3.6269345113087064
                    ],
                    [
                        -0.24977096780256963,
                        -2.3674050172565964,
                        -3.140605337623445,
                        0.004286526340992476,
                        3.6269345113087064,
                        8.148827713796129
                    ]
                ]
            },
            "est_tgt": [
                2,
                3,
                4,
                5
            ],
            "oracle_est_tgt": [
                2,
                3,
                4
            ]
        },
        "4": {
            "intv_type": "hard",
            "inode": 4,
            "new_mui": 1.0,
            "new_sigmai": 0.1,
            "true_params": {
                "Si": [
                    [
                        1.0,
                        0.7015427601593655,
                        -0.1321079835167882,
                        -0.8671348426289385,
                        0.0,
                        -0.30767470419639725
                    ],
                    [
                        0.7015427601593655,
                        1.4921622443320208,
                        0.8547048259101706,
                        -0.08299044749310391,
                        0.0,
                        -1.8980810704886193
                    ],
                    [
                        -0.1321079835167882,
                        0.8547048259101706,
                        1.9149893896668133,
                        1.1667740212918782,
                        0.0,
                        -2.593435300277505
                    ],
                    [
                        -0.8671348426289385,
                        -0.08299044749310391,
                        1.1667740212918782,
                        2.3353971116579286,
                        0.0,
                        -2.0291183634693555
                    ],
                    [
                        0.0,
                        0.0,
                        0.0,
                        0.0,
                        0.1,
                        0.09496237850071093
                    ],
                    [
                        -0.30767470419639725,
                        -1.8980810704886193,
                        -2.593435300277505,
                        -2.0291183634693555,
                        0.09496237850071093,
                        5.794774165123716
                    ]
                ],
                "mui": [
                    0.0,
                    0.0,
                    0.0,
                    0.0,
                    1.0,
                    0.9496237850071092
                ],
                "Ai": [
                    [
                        0.0,
                        0.0,
                        0.0,
                        0.0,
                        0.0,
                        0.0
                    ],
                    [
                        0.7015427601593655,
                        0.0,
                        0.0,
                        0.0,
                        0.0,
                        0.0
                    ],
                    [
                        -0.7967385278691393,
                        0.9473842253056262,
                        0.0,
                        0.0,
                        0.0,
                        0.0
                    ],
                    [
                        -0.7938785714282395,
                        -0.0,
                        0.5545181241176813,
                        0.0,
                        0.0,
                        0.0
                    ],
                    [
                        0.0,
                        0.0,
                        0.0,
                        0.0,
                        0.0,
                        0.0
                    ],
                    [
                        -0.6195113015160184,
                        -0.6966139051003579,
                        -0.5771883706510608,
                        -0.8352678403709399,
                        0.9496237850071092,
                        0.0
                    ]
                ]
            },
            "est_params": {
                "mui": [
                    -0.026618761912800142,
                    -0.011948372036302607,
                    -0.016433553057932145,
                    0.02726618652853671,
                    0.9996902841997101,
                    0.9282910798372935
                ],
                "Si": [
                    [
                        1.0412220048986178,
                        0.7334001082763237,
                        -0.16272419597791335,
                        -0.9169709784311132,
                        0.0009718488723535819,
                        -0.2766736979091353
                    ],
                    [
                        0.7334001082763237,
                        1.5178163715016864,
                        0.8123236293527095,
                        -0.14929217421426058,
                        -0.0008967832076923228,
                        -1.856372796506069
                    ],
                    [
                        -0.16272419597791335,
                        0.8123236293527095,
                        1.934475777728778,
                        1.1738578957107497,
                        -0.0026792547776537863,
                        -2.5773589382893514
                    ],
                    [
                        -0.9169709784311134,
                        -0.14929217421426055,
                        1.1738578957107497,
                        2.3799624472011565,
                        0.0022329870931513994,
                        -2.0090044396094586
                    ],
                    [
                        0.0009718488723535816,
                        -0.0008967832076923224,
                        -0.002679254777653787,
                        0.0022329870931513994,
                        0.011229732796899526,
                        0.007710502990375814
                    ],
                    [
                        -0.2766736979091353,
                        -1.856372796506069,
                        -2.5773589382893514,
                        -2.0090044396094586,
                        0.007710502990375814,
                        5.611165163920031
                    ]
                ]
            },
            "est_tgt": [
                1,
                2,
                3,
                4,
                5
            ],
            "oracle_est_tgt": [
                2,
                3,
                4,
                5
            ]
        },
        "5": {
            "intv_type": "hard",
            "inode": 5,
            "new_mui": 1.0,
            "new_sigmai": 0.1,
            "true_params": {
                "Si": [
                    [
                        1.0,
                        0.7015427601593655,
                        -0.1321079835167882,
                        -0.8671348426289385,
                        -0.005438198986315221,
                        0.0
                    ],
                    [
                        0.7015427601593655,
                        1.4921622443320208,
                        0.8547048259101706,
                        -0.08299044749310391,
                        -0.6515927197622067,
                        0.0
                    ],
                    [
                        -0.1321079835167882,
                        0.8547048259101706,
                        1.9149893896668133,
                        1.1667740212918782,
                        -0.7171363238247311,
                        0.0
                    ],
                    [
                        -0.8671348426289385,
                        -0.08299044749310391,
                        1.1667740212918782,
                        2.3353971116579286,
                        0.38302140494363185,
                        0.0
                    ],
                    [
                        -0.005438198986315221,
                        -0.6515927197622067,
                        -0.7171363238247311,
                        0.38302140494363185,
                        2.0332439595212057,
                        0.0
                    ],
                    [
                        0.0,
                        0.0,
                        0.0,
                        0.0,
                        0.0,
                        0.1
                    ]
                ],
                "mui": [
                    0.0,
                    0.0,
                    0.0,
                    0.0,
                    0.0,
                    1.0
                ],
                "Ai": [
                    [
                        0.0,
                        0.0,
                        0.0,
                        0.0,
                        0.0,
                        0.0
                    ],
                    [
                        0.7015427601593655,
                        0.0,
                        0.0,
                        0.0,
                        0.0,
                        0.0
                    ],
                    [
                        -0.7967385278691393,
                        0.9473842253056262,
                        0.0,
                        0.0,
                        0.0,
                        0.0
                    ],
                    [
                        -0.7938785714282395,
                        -0.0,
                        0.5545181241176813,
                        0.0,
                        0.0,
                        0.0
                    ],
                    [
                        0.9823597011738431,
                        -0.5490975926591937,
                        -0.5346712883481377,
                        0.7763692243251734,
                        0.0,
                        0.0
                    ],
                    [
                        0.0,
                        0.0,
                        0.0,
                        0.0,
                        0.0,
                        0.0
                    ]
                ]
            },
            "est_params": {
                "mui": [
                    -0.030634958748498472,
                    -0.05808949556880866,
                    -0.027153454858104796,
                    0.019604430839755774,
                    0.014703755184015052,
                    1.0002791577695862
                ],
                "Si": [
                    [
                        0.9384826641387034,
                        0.6541432899066335,
                        -0.12663553737905875,
                        -0.8118130008267801,
                        -0.012676384546990594,
                        0.00036204715201541875
                    ],
                    [
                        0.6541432899066335,
                        1.4824679398390845,
                        0.8910391454973737,
                        -0.04939949990713804,
                        -0.6879872368117952,
                        -0.0006937106334096037
                    ],
                    [
                        -0.12663553737905878,
                        0.8910391454973737,
                        1.9827383194572044,
                        1.1186643292338585,
                        -0.8071214289629619,
                        0.0026827318692278163
                    ],
                    [
                        -0.8118130008267801,
                        -0.049399499907138024,
                        1.1186643292338585,
                        2.2394594464020496,
                        0.3616580911133977,
                        0.0035677660938891026
                    ],
                    [
                        -0.01267638454699059,
                        -0.6879872368117954,
                        -0.8071214289629618,
                        0.36165809111339775,
                        2.036147207095687,
                        0.0030638778797512463
                    ],
                    [
                        0.00036204715201541826,
                        -0.0006937106334096036,
                        0.0026827318692278163,
                        0.0035677660938891013,
                        0.0030638778797512454,
                        0.00929220633811043
                    ]
                ]
            },
            "est_tgt": [
                1,
                2,
                3,
                5
            ],
            "oracle_est_tgt": [
                2,
                3,
                4,
                5
            ]
        },
        "obs": {
            "intv_type": "obs",
            "true_params": {
                "Si": [
                    [
                        1.0,
                        0.7015427601593655,
                        -0.1321079835167882,
                        -0.8671348426289385,
                        -0.005438198986315221,
                        -0.3128389473014037
                    ],
                    [
                        0.7015427601593655,
                        1.4921622443320208,
                        0.8547048259101706,
                        -0.08299044749310391,
                        -0.6515927197622067,
                        -2.5168490153122827
                    ],
                    [
                        -0.1321079835167882,
                        0.8547048259101706,
                        1.9149893896668133,
                        1.1667740212918782,
                        -0.7171363238247311,
                        -3.27444501047403
                    ],
                    [
                        -0.8671348426289385,
                        -0.08299044749310391,
                        1.1667740212918782,
                        2.3353971116579286,
                        0.38302140494363185,
                        -1.6653921271680432
                    ],
                    [
                        -0.005438198986315221,
                        -0.6515927197622067,
                        -0.7171363238247311,
                        0.38302140494363185,
                        2.0332439595212057,
                        2.482091684023776
                    ],
                    [
                        -0.3128389473014037,
                        -2.5168490153122827,
                        -3.27444501047403,
                        -1.6653921271680432,
                        2.482091684023776,
                        8.58515265004202
