{
    "expt_args": {
        "save_dir": "all_expt_logs/expt_logs_11.05.24-hard_var_shift",
        "exp_name": "440",
        "num_nodes": 6,
        "obs_noise_mean": 0.0,
        "obs_noise_var": 1.0,
        "max_edge_strength": 1.0,
        "graph_sparsity_method": "adj_dense_prop",
        "adj_dense_prop": 0.8,
        "num_parents": null,
        "new_noise_mean": 1.0,
        "mix_samples": 1024,
        "stage2_samples": 1024,
        "gmm_tol": 0.001,
        "intv_type": "hard",
        "new_noise_sigma": 8.0,
        "intv_targets": [
            0,
            1,
            2,
            3,
            4,
            5
        ]
    },
    "intv_args_dict": {
        "0": {
            "intv_type": "hard",
            "inode": 0,
            "new_mui": 1.0,
            "new_sigmai": 8.0,
            "true_params": {
                "Si": [
                    [
                        8.0,
                        0.0,
                        -4.938656717198201,
                        8.411655443585511,
                        -9.925461797448314,
                        5.413392560640819
                    ],
                    [
                        0.0,
                        1.0,
                        0.0,
                        0.8860122553592676,
                        0.8499267860875426,
                        0.3571230237815088
                    ],
                    [
                        -4.938656717198201,
                        0.0,
                        4.048791271290864,
                        -5.970507661427921,
                        7.07062437539738,
                        -3.617660406594548
                    ],
                    [
                        8.411655443585511,
                        0.8860122553592676,
                        -5.970507661427921,
                        11.234363928134263,
                        -10.416790225661003,
                        5.7010004385383155
                    ],
                    [
                        -9.925461797448314,
                        0.8499267860875426,
                        7.07062437539738,
                        -10.416790225661003,
                        14.926573949511676,
                        -6.672940891458985
                    ],
                    [
                        5.413392560640819,
                        0.3571230237815088,
                        -3.617660406594548,
                        5.7010004385383155,
                        -6.672940891458985,
                        5.139042020723277
                    ]
                ],
                "mui": [
                    1.0,
                    0.0,
                    -0.6173320896497752,
                    1.0514569304481889,
                    -1.2406827246810392,
                    0.6766740700801024
                ],
                "Ai": [
                    [
                        0.0,
                        0.0,
                        0.0,
                        0.0,
                        0.0,
                        0.0
                    ],
                    [
                        0.0,
                        0.0,
                        0.0,
                        0.0,
                        0.0,
                        0.0
                    ],
                    [
                        -0.6173320896497752,
                        -0.0,
                        0.0,
                        0.0,
                        0.0,
                        0.0
                    ],
                    [
                        0.5713436712376219,
                        0.8860122553592676,
                        -0.7777228290253708,
                        0.0,
                        0.0,
                        0.0
                    ],
                    [
                        -0.658342065337257,
                        0.8499267860875426,
                        0.9433183032395993,
                        -0.0,
                        0.0,
                        0.0
                    ],
                    [
                        0.8045753911771832,
                        0.8194970271909698,
                        -0.6816615914653605,
                        -0.5218596025198023,
                        0.0,
                        0.0
                    ]
                ]
            },
            "est_params": {
                "mui": [
                    4.201829665753704,
                    -0.07312326471130477,
                    -4.893724007010975,
                    6.434293549826184,
                    -7.4988741853109895,
                    3.171899605973057
                ],
                "Si": [
                    [
                        31.710048744924386,
                        0.661022009399146,
                        -10.137401911941565,
                        26.01398107279755,
                        -31.519042496222248,
                        19.09428009315579
                    ],
                    [
                        0.661022009399146,
                        1.0599483448953824,
                        -0.8880831483397678,
                        1.9283787236314078,
                        -0.45327023483231954,
                        1.02918416465848
                    ],
                    [
                        -10.137401911941565,
                        -0.8880831483397678,
                        22.209834952435212,
                        -22.74973545764019,
                        27.48786373773494,
                        -11.930377470963716
                    ],
                    [
                        26.013981072797552,
                        1.9283787236314074,
                        -22.74973545764019,
                        34.018498038606296,
                        -38.39739240872079,
                        20.14312117079909
                    ],
                    [
                        -31.51904249622225,
                        -0.45327023483231954,
                        27.48786373773494,
                        -38.39739240872079,
                        48.97895194331269,
                        -23.927720606483646
                    ],
                    [
                        19.09428009315579,
                        1.02918416465848,
                        -11.930377470963718,
                        20.14312117079909,
                        -23.927720606483646,
                        14.739349289654202
                    ]
                ]
            },
            "est_tgt": [
                0,
                2,
                4
            ],
            "oracle_est_tgt": [
                0
            ]
        },
        "1": {
            "intv_type": "hard",
            "inode": 1,
            "new_mui": 1.0,
            "new_sigmai": 8.0,
            "true_params": {
                "Si": [
                    [
                        1.0,
                        0.0,
                        -0.6173320896497752,
                        1.0514569304481889,
                        -1.2406827246810392,
                        0.6766740700801024
                    ],
                    [
                        0.0,
                        8.0,
                        0.0,
                        7.088098042874141,
                        6.799414288700341,
                        2.8569841902520703
                    ],
                    [
                        -0.6173320896497752,
                        0.0,
                        1.381098908911358,
                        -1.4268209330756896,
                        1.709231562259322,
                        -0.6935320827339724
                    ],
                    [
                        1.0514569304481889,
                        7.088098042874141,
                        -1.4268209330756896,
                        8.990556208549283,
                        3.9861997602332853,
                        2.9354525842457972
                    ],
                    [
                        -1.2406827246810392,
                        6.799414288700341,
                        1.709231562259322,
                        3.9861997602332853,
                        9.208147378221598,
                        1.3285228783403238
                    ],
                    [
                        0.6766740700801024,
                        2.8569841902520703,
                        -0.6935320827339724,
                        2.9354525842457972,
                        1.3285228783403238,
                        2.826585419695814
                    ]
                ],
                "mui": [
                    0.0,
                    1.0,
                    0.0,
                    0.8860122553592676,
                    0.8499267860875426,
                    0.3571230237815088
                ],
                "Ai": [
                    [
                        0.0,
                        0.0,
                        0.0,
                        0.0,
                        0.0,
                        0.0
                    ],
                    [
                        0.0,
                        0.0,
                        0.0,
                        0.0,
                        0.0,
                        0.0
                    ],
                    [
                        -0.6173320896497752,
                        -0.0,
                        0.0,
                        0.0,
                        0.0,
                        0.0
                    ],
                    [
                        0.5713436712376219,
                        0.8860122553592676,
                        -0.7777228290253708,
                        0.0,
                        0.0,
                        0.0
                    ],
                    [
                        -0.658342065337257,
                        0.8499267860875426,
                        0.9433183032395993,
                        -0.0,
                        0.0,
                        0.0
                    ],
                    [
                        0.8045753911771832,
                        0.8194970271909698,
                        -0.6816615914653605,
                        -0.5218596025198023,
                        0.0,
                        0.0
                    ]
                ]
            },
            "est_params": {
                "mui": [
                    -0.06663226291028201,
                    1.149484704340634,
                    -0.07181917696110857,
                    1.2540415467480976,
                    1.0028399944049038,
                    0.3217292428783279
                ],
                "Si": [
                    [
                        1.08390911454978,
                        0.8384884726564606,
                        -0.8209547690571695,
                        1.886855912210781,
                        -0.8527952501055384,
                        1.0377577316827813
                    ],
                    [
                        0.8384884726564609,
                        44.55683430604021,
                        -0.5020731918277443,
                        39.74270772513701,
                        36.17478730146005,
                        17.030067008764632
                    ],
                    [
                        -0.8209547690571695,
                        -0.5020731918277442,
                        1.4159472973102727,
                        -1.8933259694238513,
                        1.4794524465503425,
                        -1.050118853520828
                    ],
                    [
                        1.886855912210781,
                        39.74270772513701,
                        -1.8933259694238511,
                        38.12335566728992,
                        30.240874174183265,
                        15.563316288154798
                    ],
                    [
                        -0.8527952501055384,
                        36.17478730146004,
                        1.4794524465503425,
                        30.240874174183265,
                        33.03954158592064,
                        12.34764239920684
                    ],
                    [
                        1.0377577316827815,
                        17.030067008764632,
                        -1.050118853520828,
                        15.563316288154798,
                        12.34764239920684,
                        8.350298718106277
                    ]
                ]
            },
            "est_tgt": [
                0,
                1,
                3,
                4,
                5
            ],
            "oracle_est_tgt": [
                1,
                3,
                4
            ]
        },
        "2": {
            "intv_type": "hard",
            "inode": 2,
            "new_mui": 1.0,
            "new_sigmai": 8.0,
            "true_params": {
                "Si": [
                    [
                        1.0,
                        0.0,
                        0.0,
                        0.5713436712376219,
                        -0.658342065337257,
                        0.5064142100029133
                    ],
                    [
                        0.0,
                        1.0,
                        0.0,
                        0.8860122553592676,
                        0.8499267860875426,
                        0.3571230237815088
                    ],
                    [
                        0.0,
                        0.0,
                        8.0,
                        -6.221782632202967,
                        7.5465464259167945,
                        -2.2063957203168347
                    ],
                    [
                        0.5713436712376219,
                        0.8860122553592676,
                        -6.221782632202967,
                        6.950273697607909,
                        -5.49221545964358,
                        1.7998566486858179
                    ],
                    [
                        -0.658342065337257,
                        0.8499267860875426,
                        7.5465464259167945,
                        -5.49221545964358,
                        9.274585186516317,
                        -2.1111988202533607
                    ],
                    [
                        0.5064142100029133,
                        0.3571230237815088,
                        -2.2063957203168347,
                        1.7998566486858179,
                        -2.1111988202533607,
                        2.2648524102789045
                    ]
                ],
                "mui": [
                    0.0,
                    0.0,
                    1.0,
                    -0.7777228290253708,
                    0.9433183032395993,
                    -0.27579946503960434
                ],
                "Ai": [
                    [
                        0.0,
                        0.0,
                        0.0,
                        0.0,
                        0.0,
                        0.0
                    ],
                    [
                        0.0,
                        0.0,
                        0.0,
                        0.0,
                        0.0,
                        0.0
                    ],
                    [
                        0.0,
                        0.0,
                        0.0,
                        0.0,
                        0.0,
                        0.0
                    ],
                    [
                        0.5713436712376219,
                        0.8860122553592676,
                        -0.7777228290253708,
                        0.0,
                        0.0,
                        0.0
                    ],
                    [
                        -0.658342065337257,
                        0.8499267860875426,
                        0.9433183032395993,
                        -0.0,
                        0.0,
                        0.0
                    ],
                    [
                        0.8045753911771832,
                        0.8194970271909698,
                        -0.6816615914653605,
                        -0.5218596025198023,
                        0.0,
                        0.0
                    ]
                ]
            },
            "est_params": {
                "mui": [
                    -2.985271722799094,
                    -0.09306514270418396,
                    6.0238815232844924,
                    -6.670952130454623,
                    7.4632799446651905,
                    -3.1335191841465764
                ],
                "Si": [
                    [
                        28.85650432123669,
                        -0.23766549615676863,
                        -4.1158252826441455,
                        19.822841037313882,
                        -23.305560735591538,
                        15.84617459955792
                    ],
                    [
                        -0.2376654961567685,
                        0.874402526397604,
                        0.37947513015123124,
                        0.4925711629498759,
                        1.2556133134903968,
                        -0.16964609603778075
                    ],
                    [
                        -4.115825282644146,
                        0.37947513015123113,
                        18.352924332057988,
                        -15.483189720269687,
                        19.361866704685795,
                        -7.430191709630911
                    ],
                    [
                        19.82284103731388,
                        0.4925711629498759,
                        -15.483189720269685,
                        24.59279125019373,
                        -26.717797066339816,
                        13.857481703827796
                    ],
                    [
                        -23.305560735591538,
                        1.2556133134903966,
                        19.361866704685795,
                        -26.71779706633982,
                        34.95470059611955,
                        -17.413771739096564
                    ],
                    [
                        15.84617459955792,
                        -0.16964609603778077,
                        -7.430191709630911,
                        13.857481703827796,
                        -17.413771739096564,
                        11.767861149452253
                    ]
                ]
            },
            "est_tgt": [
                0,
                2,
                4
            ],
            "oracle_est_tgt": [
                2,
                3,
                4
            ]
        },
        "3": {
            "intv_type": "hard",
            "inode": 3,
            "new_mui": 1.0,
            "new_sigmai": 8.0,
            "true_params": {
                "Si": [
                    [
                        1.0,
                        0.0,
                        -0.6173320896497752,
                        0.0,
                        -1.2406827246810392,
                        1.2253869658704857
                    ],
                    [
                        0.0,
                        1.0,
                        0.0,
                        0.0,
                        0.8499267860875426,
                        0.8194970271909698
                    ],
                    [
                        -0.6173320896497752,
                        0.0,
                        1.381098908911358,
                        0.0,
                        1.709231562259322,
                        -1.4381322877357852
                    ],
                    [
                        0.0,
                        0.0,
                        0.0,
                        8.0,
                        0.0,
                        -4.174876820158419
                    ],
                    [
                        -1.2406827246810392,
                        0.8499267860875426,
                        1.709231562259322,
                        0.0,
                        4.151518586257904,
                        -1.4668278209208183
                    ],
                    [
                        1.2253869658704857,
                        0.8194970271909698,
                        -1.4381322877357852,
                        -4.174876820158419,
                        -1.4668278209208183,
                        5.8165106769162085
                    ]
                ],
                "mui": [
                    0.0,
                    0.0,
                    0.0,
                    1.0,
                    0.0,
                    -0.5218596025198023
                ],
                "Ai": [
                    [
                        0.0,
                        0.0,
                        0.0,
                        0.0,
                        0.0,
                        0.0
                    ],
                    [
                        0.0,
                        0.0,
                        0.0,
                        0.0,
                        0.0,
                        0.0
                    ],
                    [
                        -0.6173320896497752,
                        -0.0,
                        0.0,
                        0.0,
                        0.0,
                        0.0
                    ],
                    [
                        0.0,
                        0.0,
                        0.0,
                        0.0,
                        0.0,
                        0.0
                    ],
                    [
                        -0.658342065337257,
                        0.8499267860875426,
                        0.9433183032395993,
                        -0.0,
                        0.0,
                        0.0
                    ],
                    [
                        0.8045753911771832,
                        0.8194970271909698,
                        -0.6816615914653605,
                        -0.5218596025198023,
                        0.0,
                        0.0
                    ]
                ]
            },
            "est_params": {
                "mui": [
                    -0.05870084630275503,
                    0.05574840020770276,
                    0.05395582802943241,
                    0.9936188392347283,
                    0.130980745484258,
                    -0.5873700069745763
                ],
                "Si": [
                    [
                        0.9201144901151247,
                        0.07808827926161664,
                        -0.6080187595393935,
                        0.5234420558275523,
                        -1.2359949005354092,
                        0.9428503764065009
                    ],
                    [
                        0.07808827926161664,
                        1.0023713943332901,
                        0.009093964341485114,
                        0.5576986235827955,
                        0.7262057484548571,
                        0.5396212308151025
                    ],
                    [
                        -0.6080187595393935,
                        0.009093964341485131,
                        1.2860532026036544,
                        -1.4227783403768903,
                        1.795365605186819,
                        -0.6259115909509652
                    ],
                    [
                        0.5234420558275524,
                        0.5576986235827955,
                        -1.4227783403768903,
                        64.93019270877723,
                        -0.23183639889561858,
                        -32.2826741627504
                    ],
                    [
                        -1.235994900535409,
                        0.7262057484548571,
                        1.7953656051868188,
                        -0.23183639889561858,
                        4.190340651038859,
                        -1.5658054745149275
                    ],
                    [
                        0.9428503764065009,
                        0.5396212308151025,
                        -0.6259115909509652,
                        -32.2826741627504,
                        -1.5658054745149275,
                        19.465764938844757
                    ]
                ]
            },
            "est_tgt": [
                1,
                3,
                5
            ],
            "oracle_est_tgt": [
                1,
                2,
                3,
                5
            ]
        },
        "4": {
            "intv_type": "hard",
            "inode": 4,
            "new_mui": 1.0,
            "new_sigmai": 8.0,
            "true_params": {
                "Si": [
                    [
                        1.0,
                        0.0,
                        -0.6173320896497752,
                        1.0514569304481889,
                        0.0,
                        0.6766740700801024
                    ],
                    [
                        0.0,
                        1.0,
                        0.0,
                        0.8860122553592676,
                        0.0,
                        0.3571230237815088
                    ],
                    [
                        -0.6173320896497752,
                        0.0,
                        1.381098908911358,
                        -1.4268209330756896,
                        0.0,
                        -0.6935320827339724
                    ],
                    [
                        1.0514569304481889,
                        0.8860122553592676,
                        -1.4268209330756896,
                        3.49543219202157,
                        0.0,
                        0.7205449540561657
                    ],
                    [
                        0.0,
                        0.0,
                        0.0,
                        0.0,
                        8.0,
                        0.0
                    ],
                    [
                        0.6766740700801024,
                        0.3571230237815088,
                        -0.6935320827339724,
                        0.7205449540561657,
                        0.0,
                        1.9338274408918774
                    ]
                ],
                "mui": [
                    0.0,
                    0.0,
                    0.0,
                    0.0,
                    1.0,
                    0.0
                ],
                "Ai": [
                    [
                        0.0,
                        0.0,
                        0.0,
                        0.0,
                        0.0,
                        0.0
                    ],
                    [
                        0.0,
                        0.0,
                        0.0,
                        0.0,
                        0.0,
                        0.0
                    ],
                    [
                        -0.6173320896497752,
                        -0.0,
                        0.0,
                        0.0,
                        0.0,
                        0.0
                    ],
                    [
                        0.5713436712376219,
                        0.8860122553592676,
                        -0.7777228290253708,
                        0.0,
                        0.0,
                        0.0
                    ],
                    [
                        0.0,
                        0.0,
                        0.0,
                        0.0,
                        0.0,
                        0.0
                    ],
                    [
                        0.8045753911771832,
                        0.8194970271909698,
                        -0.6816615914653605,
                        -0.5218596025198023,
                        0.0,
                        0.0
                    ]
                ]
            },
            "est_params": {
                "mui": [
                    0.34775749814239476,
                    -8.59991394755025,
                    -0.09684732903125462,
                    -8.076823071136017,
                    -8.577112838217278,
                    -1.3710283648812456
                ],
                "Si": [
                    [
                        0.7472982945267002,
                        0.1589473557260213,
                        -0.58904020876128,
                        1.3109037259563552,
                        -0.1543936048437251,
                        0.5113826076179923
                    ],
                    [
                        0.15894735572602173,
                        72.90719657245394,
                        2.942899996456407,
                        55.96552708746978,
                        59.33783289864763,
                        30.394981964034383
                    ],
                    [
                        -0.58904020876128,
                        2.942899996456407,
                        0.8221017603902787,
                        0.8982474801614773,
                        3.027938076432644,
                        0.7507535680623105
                    ],
                    [
                        1.3109037259563552,
                        55.96552708746978,
                        0.8982474801614773,
                        46.123842371493005,
                        43.93890124177631,
                        23.261183861770025
                    ],
                    [
                        -0.15439360484372516,
                        59.33783289864763,
                        3.027938076432644,
                        43.93890124177631,
                        50.12229715698116,
                        24.941926635965597
                    ],
                    [
                        0.5113826076179921,
                        30.39498196403439,
                        0.7507535680623109,
                        23.261183861770025,
                        24.941926635965597,
                        15.03182516849296
                    ]
                ]
            },
            "est_tgt": [
                0,
                1,
                2,
                3,
                4,
                5
            ],
            "oracle_est_tgt": [
                1,
                2,
                4
            ]
        },
        "5": {
            "intv_type": "hard",
            "inode": 5,
            "new_mui": 1.0,
            "new_sigmai": 8.0,
            "true_params": {
                "Si": [
                    [
                        1.0,
                        0.0,
                        -0.6173320896497752,
                        1.0514569304481889,
                        -1.2406827246810392,
                        0.0
                    ],
                    [
                        0.0,
                        1.0,
                        0.0,
                        0.8860122553592676,
                        0.8499267860875426,
                        0.0
                    ],
                    [
                        -0.6173320896497752,
                        0.0,
                        1.381098908911358,
                        -1.4268209330756896,
                        1.709231562259322,
                        0.0
                    ],
                    [
                        1.0514569304481889,
                        0.8860122553592676,
                        -1.4268209330756896,
                        3.49543219202157,
                        -1.2851190801884573,
                        0.0
                    ],
                    [
                        -1.2406827246810392,
                        0.8499267860875426,
                        1.709231562259322,
                        -1.2851190801884573,
                        4.151518586257904,
                        0.0
                    ],
                    [
                        0.0,
                        0.0,
                        0.0,
                        0.0,
                        0.0,
                        8.0
                    ]
                ],
                "mui": [
                    0.0,
                    0.0,
                    0.0,
                    0.0,
                    0.0,
                    1.0
                ],
                "Ai": [
                    [
                        0.0,
                        0.0,
                        0.0,
                        0.0,
                        0.0,
                        0.0
                    ],
                    [
                        0.0,
                        0.0,
                        0.0,
                        0.0,
                        0.0,
                        0.0
                    ],
                    [
                        -0.6173320896497752,
                        -0.0,
                        0.0,
                        0.0,
                        0.0,
                        0.0
                    ],
                    [
                        0.5713436712376219,
                        0.8860122553592676,
                        -0.7777228290253708,
                        0.0,
                        0.0,
                        0.0
                    ],
                    [
                        -0.658342065337257,
                        0.8499267860875426,
                        0.9433183032395993,
                        -0.0,
                        0.0,
                        0.0
                    ],
                    [
                        0.0,
                        0.0,
                        0.0,
                        0.0,
                        0.0,
                        0.0
                    ]
                ]
            },
            "est_params": {
                "mui": [
                    0.0013958241839013416,
                    0.05084127882465918,
                    -0.031457120394598165,
                    0.0017000164510201118,
                    0.0007334519134009918,
                    0.7365115051021655
                ],
                "Si": [
                    [
                        0.9400894133277656,
                        -0.17051675163653338,
                        -0.5079408068196037,
                        0.6896074783561131,
                        -1.3222654299706487,
                        -0.17922125009681394
                    ],
                    [
                        -0.17051675163653338,
                        1.0775496828207995,
                        -0.08687166974030108,
                        0.9971974113298941,
                        1.0277277012092034,
                        0.7540084772091641
                    ],
                    [
                        -0.5079408068196037,
                        -0.0868716697403011,
                        1.4260714332938558,
                        -1.5435109154648403,
                        1.7996002155513362,
                        -0.23052925046272962
                    ],
                    [
                        0.6896074783561131,
                        0.9971974113298941,
                        -1.5435109154648405,
                        3.6634332637699165,
                        -1.3008704455694542,
                        0.4059641855908564
                    ],
                    [
                        -1.3222654299706487,
                        1.0277277012092034,
                        1.7996002155513362,
                        -1.300870445569454,
                        4.43330716580777,
                        0.2182154421224671
                    ],
                    [
                        -0.17922125009681406,
                        0.7540084772091641,
                        -0.2305292504627295,
                        0.4059641855908564,
                        0.2182154421224671,
                        44.13339232088105
                    ]
                ]
            },
            "est_tgt": [
                5
            ],
            "oracle_est_tgt": [
                5
            ]
        },
        "obs": {
            "intv_type": "obs",
            "true_params": {
                "Si": [
                    [
                        1.0,
                        0.0,
                        -0.6173320896497752,
                        1.0514569304481889,
                        -1.2406827246810392,
                        0.6766740700801024
                    ],
                    [
                        0.0,
                        1.0,
                        0.0,
                        0.8860122553592676,
                        0.8499267860875426,
                        0.3571230237815088
                    ],
                    [
                        -0.6173320896497752,
                        0.0,
                        1.381098908911358,
                        -1.4268209330756896,
                        1.709231562259322,
                        -0.6935320827339724
                    ],
                    [
                        1.0514569304481889,
                        0.8860122553592676,
                        -1.4268209330756896,
                        3.49543219202157,
                        -1.2851190801884573,
                        0.7205449540561657
                    ],
                    [
                        -1.2406827246810392,
                        0.8499267860875426,
                        1.709231562259322,
                        -1.2851190801884573,
                        4.151518586257904,
                        -0.7961760885430558
                    ],
                    [
                        0.6766740700801024,
                        0.3571230237815088,
                        -0.6935320827339724,
                        0.7205449540561657,
                        -0.7961760885430558,
                        1.9338274408918774
                    ]
                ],
                "mui": [
                    0.0,
                    0.0,
                    0.0,
                    0.0,
                    0.0,
                    0.0
                ],
                "Ai": [
                    [
                        0.0,
                        0.0,
                        0.0,
                        0.0,
                        0.0,
                        0.0
                    ],
                    [
                        0.0,
                        0.0,
                        0.0,
                        0.0,
                        0.0,
                        0.0
                    ],
                    [
                        -0.6173320896497752,
                        -0.0,
                        0.0,
                        0.0,
                        0.0,
                        0.0
                    ],
                    [
                        0.5713436712376219,
                        0.8860122553592676,
                        -0.7777228290253708,
                        0.0,
                        0.0,
                        0.0
                    ],
                    [
                        -0.658342065337257,
