{
    "expt_args": {
        "save_dir": "all_expt_logs/expt_logs_11.05.24-hard_var_shift",
        "exp_name": "557",
        "num_nodes": 6,
        "obs_noise_mean": 0.0,
        "obs_noise_var": 1.0,
        "max_edge_strength": 1.0,
        "graph_sparsity_method": "adj_dense_prop",
        "adj_dense_prop": 0.8,
        "num_parents": null,
        "new_noise_mean": 1.0,
        "mix_samples": 32768,
        "stage2_samples": 32768,
        "gmm_tol": 0.001,
        "intv_type": "hard",
        "new_noise_sigma": 8.0,
        "intv_targets": [
            0,
            1,
            2,
            3,
            4,
            5
        ]
    },
    "intv_args_dict": {
        "0": {
            "intv_type": "hard",
            "inode": 0,
            "new_mui": 1.0,
            "new_sigmai": 8.0,
            "true_params": {
                "Si": [
                    [
                        8.0,
                        4.763574856869933,
                        -6.3264104880316125,
                        -4.56798231540672,
                        1.3365148751853877,
                        -0.2651032553201692
                    ],
                    [
                        4.763574856869933,
                        3.836455677125426,
                        -3.7670412418782044,
                        -1.8956410063924143,
                        2.048723266100986,
                        0.3704286196116474
                    ],
                    [
                        -6.3264104880316125,
                        -3.7670412418782044,
                        6.002933707884548,
                        4.311536895790297,
                        0.023311774789673834,
                        0.7573658333275695
                    ],
                    [
                        -4.56798231540672,
                        -1.8956410063924143,
                        4.311536895790297,
                        4.776699620135616,
                        1.8086183003834588,
                        0.4281744606204698
                    ],
                    [
                        1.3365148751853877,
                        2.048723266100986,
                        0.023311774789673834,
                        1.8086183003834588,
                        4.57408116304833,
                        1.2911728366819255
                    ],
                    [
                        -0.2651032553201692,
                        0.3704286196116474,
                        0.7573658333275695,
                        0.4281744606204698,
                        1.2911728366819255,
                        2.1376620479489903
                    ]
                ],
                "mui": [
                    1.0,
                    0.5954468571087417,
                    -0.7908013110039516,
                    -0.57099778942584,
                    0.16706435939817346,
                    -0.03313790691502115
                ],
                "Ai": [
                    [
                        0.0,
                        0.0,
                        0.0,
                        0.0,
                        0.0,
                        0.0
                    ],
                    [
                        0.5954468571087417,
                        0.0,
                        0.0,
                        0.0,
                        0.0,
                        0.0
                    ],
                    [
                        -0.7908013110039516,
                        0.0,
                        0.0,
                        0.0,
                        0.0,
                        0.0
                    ],
                    [
                        -0.5089492896192407,
                        0.8243497066448298,
                        0.6991704921237967,
                        0.0,
                        0.0,
                        0.0
                    ],
                    [
                        0.6741260304098655,
                        0.6068788554336344,
                        0.5323082656598215,
                        0.7836732682158494,
                        0.0,
                        0.0
                    ],
                    [
                        -0.5315945822662493,
                        0.6674734198880137,
                        0.6568706577770251,
                        -0.9384763541121091,
                        0.5063795730202603,
                        0.0
                    ]
                ]
            },
            "est_params": {
                "mui": [
                    0.7413729228705332,
                    0.43593802420683897,
                    -0.6096482925384267,
                    -0.4191991825569485,
                    0.1095167910240234,
                    -0.06446658970558151
                ],
                "Si": [
                    [
                        48.75944278873603,
                        29.09238295955807,
                        -38.48425612142892,
                        -27.60549809501757,
                        8.340656269327813,
                        -1.635725596667166
                    ],
                    [
                        29.09238295955807,
                        18.406515638755863,
                        -22.987354255996923,
                        -15.635226714239238,
                        6.269813202946062,
                        -0.42809402845515826
                    ],
                    [
                        -38.48425612142892,
                        -22.987354255996923,
                        31.379539264626157,
                        22.46793985835229,
                        -5.544949102967618,
                        1.8411401047536156
                    ],
                    [
                        -27.60549809501757,
                        -15.635226714239238,
                        22.46793985835229,
                        17.714556427931825,
                        -2.230429074811402,
                        1.2390742808518447
                    ],
                    [
                        8.340656269327813,
                        6.269813202946062,
                        -5.5449491029676174,
                        -2.230429074811402,
                        5.619311047177311,
                        1.0664759906692536
                    ],
                    [
                        -1.635725596667166,
                        -0.42809402845515826,
                        1.8411401047536156,
                        1.2390742808518447,
                        1.0664759906692536,
                        2.164325549428377
                    ]
                ]
            },
            "est_tgt": [
                0
            ],
            "oracle_est_tgt": [
                0
            ]
        },
        "1": {
            "intv_type": "hard",
            "inode": 1,
            "new_mui": 1.0,
            "new_sigmai": 8.0,
            "true_params": {
                "Si": [
                    [
                        1.0,
                        0.0,
                        -0.7908013110039516,
                        -1.061854231406017,
                        -0.5789708198269433,
                        -0.34770266844307185
                    ],
                    [
                        0.0,
                        8.0,
                        0.0,
                        6.594797653158638,
                        10.023197473542119,
                        4.226268158410708
                    ],
                    [
                        -0.7908013110039516,
                        0.0,
                        1.6253667134855685,
                        1.5388862104147685,
                        1.5380803736147406,
                        0.8226855575133178
                    ],
                    [
                        -1.061854231406017,
                        6.594797653158638,
                        1.5388862104147685,
                        8.05279329657483,
                        10.416340364380858,
                        3.6944431896352183
                    ],
                    [
                        -0.5789708198269433,
                        10.023197473542119,
                        1.5380803736147406,
                        10.416340364380858,
                        15.674307702362745,
                        6.169975627074236
                    ],
                    [
                        -0.34770266844307185,
                        4.226268158410708,
                        0.8226855575133178,
                        3.6944431896352183,
                        6.169975627074236,
                        4.203358567649593
                    ]
                ],
                "mui": [
                    0.0,
                    1.0,
                    0.0,
                    0.8243497066448298,
                    1.2528996841927649,
                    0.5282835198013385
                ],
                "Ai": [
                    [
                        0.0,
                        0.0,
                        0.0,
                        0.0,
                        0.0,
                        0.0
                    ],
                    [
                        0.0,
                        0.0,
                        0.0,
                        0.0,
                        0.0,
                        0.0
                    ],
                    [
                        -0.7908013110039516,
                        0.0,
                        0.0,
                        0.0,
                        0.0,
                        0.0
                    ],
                    [
                        -0.5089492896192407,
                        0.8243497066448298,
                        0.6991704921237967,
                        0.0,
                        0.0,
                        0.0
                    ],
                    [
                        0.6741260304098655,
                        0.6068788554336344,
                        0.5323082656598215,
                        0.7836732682158494,
                        0.0,
                        0.0
                    ],
                    [
                        -0.5315945822662493,
                        0.6674734198880137,
                        0.6568706577770251,
                        -0.9384763541121091,
                        0.5063795730202603,
                        0.0
                    ]
                ]
            },
            "est_params": {
                "mui": [
                    -0.03592535489133845,
                    -3.1696316628072707,
                    -3.101538610245623,
                    -4.746143536968811,
                    -7.34604185940831,
                    -3.3857519825838733
                ],
                "Si": [
                    [
                        0.9874986922711803,
                        0.07815444631921584,
                        -0.41037908553422053,
                        -0.7646478369361299,
                        -0.12840591093944217,
                        -0.1019909402483949
                    ],
                    [
                        0.07815444631921585,
                        24.607349752516367,
                        -9.627110971837679,
                        13.501490915404414,
                        20.315504493399107,
                        7.696145594210158
                    ],
                    [
                        -0.4103790855342205,
                        -9.627110971837679,
                        24.703542059106766,
                        9.43838061754919,
                        14.664295602232407,
                        8.420486913686531
                    ],
                    [
                        -0.7646478369361299,
                        13.501490915404416,
                        9.43838061754919,
                        19.054145129447697,
                        27.67968620441066,
                        11.665361789233186
                    ],
                    [
                        -0.12840591093944217,
                        20.315504493399107,
                        14.664295602232407,
                        27.67968620441066,
                        42.812991867251895,
                        18.818308709430177
                    ],
                    [
                        -0.10199094024839493,
                        7.69614559421016,
                        8.420486913686531,
                        11.665361789233186,
                        18.818308709430177,
                        10.215209327535181
                    ]
                ]
            },
            "est_tgt": [
                1,
                2,
                3,
                4,
                5
            ],
            "oracle_est_tgt": [
                1
            ]
        },
        "2": {
            "intv_type": "hard",
            "inode": 2,
            "new_mui": 1.0,
            "new_sigmai": 8.0,
            "true_params": {
                "Si": [
                    [
                        1.0,
                        0.5954468571087417,
                        0.0,
                        -0.018092847639063603,
                        1.021311256482937,
                        0.4000012354761213
                    ],
                    [
                        0.5954468571087417,
                        1.3545569596406781,
                        0.0,
                        0.8135763773820021,
                        1.8610362619953098,
                        0.7664629983052086
                    ],
                    [
                        0.0,
                        0.0,
                        8.0,
                        5.593363936990373,
                        8.641835922100489,
                        4.381774651751715
                    ],
                    [
                        -0.018092847639063603,
                        0.8135763773820021,
                        5.593363936990373,
                        5.590594806434163,
                        7.840139000888051,
                        2.9502205236398735
                    ],
                    [
                        1.021311256482937,
                        1.8610362619953098,
                        8.641835922100489,
                        7.840139000888051,
                        13.562144105648496,
                        5.885644830298975
                    ],
                    [
                        0.4000012354761213,
                        0.7664629983052086,
                        4.381774651751715,
                        2.9502205236398735,
                        5.885644830298975,
                        4.388872502007761
                    ]
                ],
                "mui": [
                    0.0,
                    0.0,
                    1.0,
                    0.6991704921237967,
                    1.080229490262561,
                    0.5477218314689644
                ],
                "Ai": [
                    [
                        0.0,
                        0.0,
                        0.0,
                        0.0,
                        0.0,
                        0.0
                    ],
                    [
                        0.5954468571087417,
                        0.0,
                        0.0,
                        0.0,
                        0.0,
                        0.0
                    ],
                    [
                        0.0,
                        0.0,
                        0.0,
                        0.0,
                        0.0,
                        0.0
                    ],
                    [
                        -0.5089492896192407,
                        0.8243497066448298,
                        0.6991704921237967,
                        0.0,
                        0.0,
                        0.0
                    ],
                    [
                        0.6741260304098655,
                        0.6068788554336344,
                        0.5323082656598215,
                        0.7836732682158494,
                        0.0,
                        0.0
                    ],
                    [
                        -0.5315945822662493,
                        0.6674734198880137,
                        0.6568706577770251,
                        -0.9384763541121091,
                        0.5063795730202603,
                        0.0
                    ]
                ]
            },
            "est_params": {
                "mui": [
                    -0.004328715172813454,
                    3.7364214018538595,
                    3.7448917312342416,
                    5.692330527083785,
                    8.742041086125338,
                    4.0381572272737625
                ],
                "Si": [
                    [
                        0.9674061534600231,
                        0.16981764600508945,
                        -0.2892843374003169,
                        -0.5888166822342855,
                        0.1606285097981273,
                        0.04468639866298552
                    ],
                    [
                        0.16981764600508945,
                        29.5074265054863,
                        -13.662003514371625,
                        14.49004045311081,
                        22.030677146855023,
                        8.122513897991263
                    ],
                    [
                        -0.2892843374003169,
                        -13.662003514371625,
                        29.103902705064232,
                        9.42664255876464,
                        14.362657410316384,
                        8.628842040232902
                    ],
                    [
                        -0.5888166822342855,
                        14.49004045311081,
                        9.426642558764641,
                        19.83701231812861,
                        28.868780011366585,
                        12.171287748086618
                    ],
                    [
                        0.16062850979812732,
                        22.030677146855027,
                        14.362657410316386,
                        28.868780011366585,
                        44.60668984430757,
                        19.533214008195454
                    ],
                    [
                        0.04468639866298552,
                        8.122513897991263,
                        8.628842040232902,
                        12.171287748086616,
                        19.533214008195454,
                        10.531077280102725
                    ]
                ]
            },
            "est_tgt": [
                1,
                2,
                3,
                4,
                5
            ],
            "oracle_est_tgt": [
                2
            ]
        },
        "3": {
            "intv_type": "hard",
            "inode": 3,
            "new_mui": 1.0,
            "new_sigmai": 8.0,
            "true_params": {
                "Si": [
                    [
                        1.0,
                        0.5954468571087417,
                        -0.7908013110039516,
                        0.0,
                        0.6145400631815469,
                        -0.3424132747226922
                    ],
                    [
                        0.5954468571087417,
                        1.3545569596406781,
                        -0.47088015523477555,
                        0.0,
                        0.972804804622494,
                        0.7708955673115825
                    ],
                    [
                        -0.7908013110039516,
                        -0.47088015523477555,
                        1.6253667134855685,
                        0.0,
                        0.04632917803140302,
                        1.197201556612862
                    ],
                    [
                        0.0,
                        0.0,
                        0.0,
                        8.0,
                        6.269386145726795,
                        -4.333121753324603
                    ],
                    [
                        0.6145400631815469,
                        0.972804804622494,
                        0.04632917803140302,
                        6.269386145726795,
                        6.942463854646269,
                        -2.0150813108385277
                    ],
                    [
                        -0.3424132747226922,
                        0.7708955673115825,
                        1.197201556612862,
                        -4.333121753324603,
                        -2.0150813108385277,
                        5.529120207612992
                    ]
                ],
                "mui": [
                    0.0,
                    0.0,
                    0.0,
                    1.0,
                    0.7836732682158494,
                    -0.5416402191655754
                ],
                "Ai": [
                    [
                        0.0,
                        0.0,
                        0.0,
                        0.0,
                        0.0,
                        0.0
                    ],
                    [
                        0.5954468571087417,
                        0.0,
                        0.0,
                        0.0,
                        0.0,
                        0.0
                    ],
                    [
                        -0.7908013110039516,
                        0.0,
                        0.0,
                        0.0,
                        0.0,
                        0.0
                    ],
                    [
                        0.0,
                        0.0,
                        0.0,
                        0.0,
                        0.0,
                        0.0
                    ],
                    [
                        0.6741260304098655,
                        0.6068788554336344,
                        0.5323082656598215,
                        0.7836732682158494,
                        0.0,
                        0.0
                    ],
                    [
                        -0.5315945822662493,
                        0.6674734198880137,
                        0.6568706577770251,
                        -0.9384763541121091,
                        0.5063795730202603,
                        0.0
                    ]
                ]
            },
            "est_params": {
                "mui": [
                    -0.019247916473239333,
                    -0.025547464418851393,
                    0.05388444553397618,
                    1.3286628550114126,
                    1.0255159691805367,
                    -0.692272626043824
                ],
                "Si": [
                    [
                        0.9412773373916444,
                        0.5755283189227413,
                        -0.7464812484685741,
                        -0.027314071504168765,
                        0.5469131300664645,
                        -0.25824603472765745
                    ],
                    [
                        0.5755283189227413,
                        1.398265430974464,
                        -0.48947015203698385,
                        0.4492279672959132,
                        1.2964345995464555,
                        0.5677475098981439
                    ],
                    [
                        -0.7464812484685741,
                        -0.48947015203698396,
                        1.6289403528352764,
                        0.1714691240202309,
                        0.22853742688291562,
                        1.0426010750397015
                    ],
                    [
                        -0.02731407150416878,
                        0.4492279672959131,
                        0.17146912402023093,
                        43.96428899292508,
                        34.80557156821861,
                        -23.2881163383978
                    ],
                    [
                        0.5469131300664646,
                        1.2964345995464555,
                        0.2285374268829156,
                        34.80557156821861,
                        29.497207815913956,
                        -17.046997094432534
                    ],
                    [
                        -0.25824603472765745,
                        0.5677475098981439,
                        1.0426010750397015,
                        -23.288116338397796,
                        -17.046997094432534,
                        15.369477428524721
                    ]
                ]
            },
            "est_tgt": [
                1,
                2,
                3,
                4,
                5
            ],
            "oracle_est_tgt": [
                3,
                4,
                5
            ]
        },
        "4": {
            "intv_type": "hard",
            "inode": 4,
            "new_mui": 1.0,
            "new_sigmai": 8.0,
            "true_params": {
                "Si": [
                    [
                        1.0,
                        0.5954468571087417,
                        -0.7908013110039516,
                        -0.57099778942584,
                        0.0,
                        -0.11773588589397153
                    ],
                    [
                        0.5954468571087417,
                        1.3545569596406781,
                        -0.47088015523477555,
                        0.48435086751517425,
                        0.0,
                        -0.17626475054189158
                    ],
                    [
                        -0.7908013110039516,
                        -0.47088015523477555,
                        1.6253667134855685,
                        1.1507162925821093,
                        0.0,
                        0.0938213763430797
                    ],
                    [
                        -0.57099778942584,
                        0.48435086751517425,
                        1.1507162925821093,
                        2.494430291431245,
                        0.0,
                        -0.9582614161551897
                    ],
                    [
                        0.0,
                        0.0,
                        0.0,
                        0.0,
                        8.0,
                        4.051036584162082
                    ],
                    [
                        -0.11773588589397153,
                        -0.17626475054189158,
                        0.0938213763430797,
                        -0.9582614161551897,
                        4.051036584162082,
                        3.957232088318751
                    ]
                ],
                "mui": [
                    0.0,
                    0.0,
                    0.0,
                    0.0,
                    1.0,
                    0.5063795730202603
                ],
                "Ai": [
                    [
                        0.0,
                        0.0,
                        0.0,
                        0.0,
                        0.0,
                        0.0
                    ],
                    [
                        0.5954468571087417,
                        0.0,
                        0.0,
                        0.0,
                        0.0,
                        0.0
                    ],
                    [
                        -0.7908013110039516,
                        0.0,
                        0.0,
                        0.0,
                        0.0,
                        0.0
                    ],
                    [
                        -0.5089492896192407,
                        0.8243497066448298,
                        0.6991704921237967,
                        0.0,
                        0.0,
                        0.0
                    ],
                    [
                        0.0,
                        0.0,
                        0.0,
                        0.0,
                        0.0,
                        0.0
                    ],
                    [
                        -0.5315945822662493,
                        0.6674734198880137,
                        0.6568706577770251,
                        -0.9384763541121091,
                        0.5063795730202603,
                        0.0
                    ]
                ]
            },
            "est_params": {
                "mui": [
                    -0.0007918810121757031,
                    -0.004146798353642136,
                    0.020925620021223532,
                    0.0037486943651153246,
                    0.7489696672790518,
                    0.4173444185308471
                ],
                "Si": [
                    [
                        0.9326697524387976,
                        0.5877964492368651,
                        -0.7226092926459483,
                        -0.49143195325126754,
                        0.14756019167845552,
                        -0.016256707685306012
                    ],
                    [
                        0.5877964492368651,
                        1.3902894261148464,
                        -0.45994724072903714,
                        0.5135904952788714,
                        0.43854914079083185,
                        0.0952251553705023
                    ],
                    [
                        -0.7226092926459483,
                        -0.45994724072903714,
                        1.576211726078152,
                        1.1105676691951094,
                        0.3066667734182991,
                        0.24301705593706707
                    ],
                    [
                        -0.49143195325126754,
                        0.5135904952788714,
                        1.1105676691951094,
                        2.3911213198662025,
                        0.7524315317153027,
                        -0.4958685124902701
                    ],
                    [
                        0.14756019167845552,
                        0.4385491407908319,
                        0.3066667734182991,
                        0.7524315317153027,
                        48.966968334009565,
                        24.659640544536682
                    ],
                    [
                        -0.01625670768530602,
                        0.0952251553705023,
                        0.24301705593706704,
                        -0.4958685124902701,
                        24.659640544536686,
                        14.163623745200221
                    ]
                ]
            },
            "est_tgt": [
                1,
                2,
                4,
                5
            ],
            "oracle_est_tgt": [
                3,
                4,
                5
            ]
        },
        "5": {
            "intv_type": "hard",
            "inode": 5,
            "new_mui": 1.0,
            "new_sigmai": 8.0,
            "true_params": {
                "Si": [
                    [
                        1.0,
                        0.5954468571087417,
                        -0.7908013110039516,
                        -0.57099778942584,
                        0.16706435939817346,
                        0.0
                    ],
                    [
                        0.5954468571087417,
                        1.3545569596406781,
                        -0.47088015523477555,
                        0.48435086751517425,
                        1.3523776319312926,
                        0.0
                    ],
                    [
                        -0.7908013110039516,
                        -0.47088015523477555,
                        1.6253667134855685,
                        1.1507162925821093,
                        0.9481147758284502,
                        0.0
                    ],
                    [
                        -0.57099778942584,
                        0.48435086751517425,
                        1.1507162925821093,
                        2.494430291431245,
                        2.4763719597408667,
                        0.0
                    ],
                    [
                        0.16706435939817346,
                        1.3523776319312926,
                        0.9481147758284502,
                        2.4763719597408667,
                        4.378707661780475,
                        0.0
                    ],
                    [
                        0.0,
                        0.0,
                        0.0,
                        0.0,
                        0.0,
                        8.0
                    ]
                ],
                "mui": [
                    0.0,
                    0.0,
                    0.0,
                    0.0,
                    0.0,
                    1.0
                ],
                "Ai": [
                    [
                        0.0,
                        0.0,
                        0.0,
                        0.0,
                        0.0,
                        0.0
                    ],
                    [
                        0.5954468571087417,
                        0.0,
                        0.0,
                        0.0,
                        0.0,
                        0.0
                    ],
                    [
                        -0.7908013110039516,
                        0.0,
                        0.0,
                        0.0,
                        0.0,
                        0.0
                    ],
                    [
                        -0.5089492896192407,
                        0.8243497066448298,
                        0.6991704921237967,
                        0.0,
                        0.0,
                        0.0
                    ],
                    [
                        0.6741260304098655,
                        0.6068788554336344,
                        0.5323082656598215,
                        0.7836732682158494,
                        0.0,
                        0.0
                    ],
                    [
                        0.0,
                        0.0,
                        0.0,
                        0.0,
                        0.0,
                        0.0
                    ]
                ]
            },
            "est_params": {
                "mui": [
                    0.12336513958379046,
                    0.36157169583902204,
                    -0.18590978725667703,
                    -6.337480303788021,
                    -4.663630185915444,
                    3.8423228619499947
                ],
                "Si": [
                    [
                        0.9209419240423826,
                        0.52166011506455,
                        -0.7574916104798916,
                        0.5923877747433736,
                        1.137496340991713,
                        -0.686958962337949
                    ],
                    [
                        0.52166011506455,
                        1.138544115680796,
                        -0.3720804663194065,
                        1.4246927289782358,
                        1.9749337909230493,
                        -0.14433130104606484
                    ],
                    [
                        -0.7574916104798916,
                        -0.3720804663194065,
                        1.59047951320436,
                        -0.2961154961969803,
                        -0.2763381718849223,
                        1.6323271167618063
                    ],
                    [
                        0.5923877747433738,
                        1.4246927289782363,
                        -0.2961154961969803,
                        47.02181054782213,
                        38.07765494558143,
                        -23.038305595042118
                    ],
                    [
                        1.1374963409917127,
                        1.9749337909230493,
                        -0.27633817188492227,
                        38.07765494558143,
                        32.686492393500124,
                        -17.46738073144225
                    ],
                    [
                        -0.686958962337949,
                        -0.1443313010460648,
                        1.6323271167618063,
                        -23.038305595042118,
                        -17.46738073144225,
                        14.898730609241024
                    ]
                ]
            },
            "est_tgt": [
                0,
                1,
                2,
                3,
                4,
                5
            ],
            "oracle_est_tgt": [
                3,
                5
            ]
        },
        "obs": {
            "intv_type": "obs",
            "true_params": {
                "Si": [
                    [
                        1.0,
                        0.5954468571087417,
                        -0.7908013110039516,
                        -0.57099778942584,
                        0.16706435939817346,
                        -0.03313790691502115
                    ],
                    [
                        0.5954468571087417,
                        1.3545569596406781,
                        -0.47088015523477555,
                        0.48435086751517425,
                        1.3523776319312926,
                        0.5085516572776271
                    ],
                    [
                        -0.7908013110039516,
                        -0.47088015523477555,
                        1.6253667134855685,
                        1.1507162925821093,
                        0.9481147758284502,
                        0.57392733170129
                    ],
                    [
                        -0.57099778942584,
                        0.48435086751517425,
                        1.1507162925821093,
                        2.494430291431245,
                        2.4763719597408667,
                        0.2957227594577355
                    ],
                    [
                        0.16706435939817346,
                        1.3523776319312926,
                        0.9481147758284502,
                        2.4763719597408667,
                        4.378707661780475,
                        1.3299259790158056
                    ],
                    [
                        -0.03313790691502115,
                        0.5085516572776271,
                        0.57392733170129,
                        0.2957227594577355,
                        1.3299259790158056,
                        2.12997520182603
                    ]
                ],
                "mui": [
                    0.0,
                    0.0,
                    0.0,
                    0.0,
                    0.0,
                    0.0
                ],
                "Ai": [
                    [
                        0.0,
                        0.0,
                        0.0,
                        0.0,
                        0.0,
                        0.0
