{
    "expt_args": {
        "save_dir": "all_expt_logs/expt_logs_11.05.24-hard_var_shift",
        "exp_name": "212",
        "num_nodes": 6,
        "obs_noise_mean": 0.0,
        "obs_noise_var": 1.0,
        "max_edge_strength": 1.0,
        "graph_sparsity_method": "adj_dense_prop",
        "adj_dense_prop": 0.8,
        "num_parents": null,
        "new_noise_mean": 1.0,
        "mix_samples": 16384,
        "stage2_samples": 16384,
        "gmm_tol": 0.001,
        "intv_type": "hard",
        "new_noise_sigma": 4.0,
        "intv_targets": [
            0,
            1,
            2,
            3,
            4,
            5
        ]
    },
    "intv_args_dict": {
        "0": {
            "intv_type": "hard",
            "inode": 0,
            "new_mui": 1.0,
            "new_sigmai": 4.0,
            "true_params": {
                "Si": [
                    [
                        4.0,
                        0.0,
                        3.9902244143003527,
                        4.537885493235439,
                        2.5463197337647534,
                        -6.36587850673506
                    ],
                    [
                        0.0,
                        1.0,
                        -0.8369719718601003,
                        -1.221793824457054,
                        0.5658928938071066,
                        2.686130052312617
                    ],
                    [
                        3.9902244143003527,
                        -0.8369719718601003,
                        5.6809948007990325,
                        6.1356744900045115,
                        2.066460300879371,
                        -9.795226862682153
                    ],
                    [
                        4.537885493235439,
                        -1.221793824457054,
                        6.1356744900045115,
                        7.984596115677882,
                        2.197322402289896,
                        -11.719167417265606
                    ],
                    [
                        2.5463197337647534,
                        0.5658928938071066,
                        2.066460300879371,
                        2.197322402289896,
                        2.9411708139013326,
                        -1.6533070907050098
                    ],
                    [
                        -6.36587850673506,
                        2.686130052312617,
                        -9.795226862682153,
                        -11.719167417265606,
                        -1.6533070907050098,
                        20.815110775408613
                    ]
                ],
                "mui": [
                    1.0,
                    0.0,
                    0.9975561035750882,
                    1.1344713733088598,
                    0.6365799334411884,
                    -1.591469626683765
                ],
                "Ai": [
                    [
                        0.0,
                        0.0,
                        0.0,
                        0.0,
                        0.0,
                        0.0
                    ],
                    [
                        0.0,
                        0.0,
                        0.0,
                        0.0,
                        0.0,
                        0.0
                    ],
                    [
                        0.9975561035750882,
                        -0.8369719718601003,
                        0.0,
                        0.0,
                        0.0,
                        0.0
                    ],
                    [
                        0.5496322287482411,
                        -0.7311006491162346,
                        0.5862719324403358,
                        0.0,
                        0.0,
                        0.0
                    ],
                    [
                        0.6365799334411884,
                        0.5658928938071066,
                        -0.0,
                        0.0,
                        0.0,
                        0.0
                    ],
                    [
                        -0.6748827074968022,
                        0.8114787464222972,
                        -0.8954770566361768,
                        -0.5137774193357575,
                        0.8790215169616651,
                        0.0
                    ]
                ]
            },
            "est_params": {
                "mui": [
                    2.420320821743009,
                    0.10873508325356371,
                    5.050163260584515,
                    4.174816556301471,
                    1.6088414888803015,
                    -6.793230105831748
                ],
                "Si": [
                    [
                        10.280199725071519,
                        -0.22466597064237176,
                        3.180503330179728,
                        7.7434044734644365,
                        6.185023839143723,
                        -8.642464034477724
                    ],
                    [
                        -0.22466597064237176,
                        1.0633253917536816,
                        -0.8421751493851053,
                        -1.4551845054300296,
                        0.42844241273885164,
                        2.878191775430736
                    ],
                    [
                        3.1805033301797283,
                        -0.8421751493851053,
                        7.022361443896104,
                        6.605662919929064,
                        1.3806119931363552,
                        -11.363048272254266
                    ],
                    [
                        7.7434044734644365,
                        -1.4551845054300296,
                        6.605662919929064,
                        10.43404659194617,
                        3.8899122757379425,
                        -14.345335618982714
                    ],
                    [
                        6.185023839143723,
                        0.42844241273885164,
                        1.3806119931363556,
                        3.8899122757379425,
                        5.0044594703636625,
                        -2.71294418640249
                    ],
                    [
                        -8.642464034477724,
                        2.878191775430736,
                        -11.363048272254268,
                        -14.345335618982714,
                        -2.71294418640249,
                        24.522154534078926
                    ]
                ]
            },
            "est_tgt": [
                0,
                1,
                2,
                3,
                4,
                5
            ],
            "oracle_est_tgt": [
                0,
                1,
                3,
                4,
                5
            ]
        },
        "1": {
            "intv_type": "hard",
            "inode": 1,
            "new_mui": 1.0,
            "new_sigmai": 4.0,
            "true_params": {
                "Si": [
                    [
                        1.0,
                        0.0,
                        0.9975561035750882,
                        1.1344713733088598,
                        0.6365799334411884,
                        -1.591469626683765
                    ],
                    [
                        0.0,
                        4.0,
                        -3.3478878874404012,
                        -4.887175297828216,
                        2.2635715752284264,
                        10.744520209250467
                    ],
                    [
                        0.9975561035750882,
                        -3.3478878874404012,
                        4.79720650649745,
                        5.8083995210650565,
                        -1.2595217667477285,
                        -11.777132843094178
                    ],
                    [
                        1.1344713733088598,
                        -4.887175297828216,
                        5.8083995210650565,
                        8.601860673550195,
                        -2.04343606051873,
                        -16.148428547187976
                    ],
                    [
                        0.6365799334411884,
                        2.2635715752284264,
                        -1.2595217667477285,
                        -2.04343606051873,
                        2.6861730807055126,
                        5.946171521715327
                    ],
                    [
                        -1.591469626683765,
                        10.744520209250467,
                        -11.777132843094178,
                        -16.148428547187976,
                        5.946171521715327,
                        34.86266803124867
                    ]
                ],
                "mui": [
                    0.0,
                    1.0,
                    -0.8369719718601003,
                    -1.221793824457054,
                    0.5658928938071066,
                    2.686130052312617
                ],
                "Ai": [
                    [
                        0.0,
                        0.0,
                        0.0,
                        0.0,
                        0.0,
                        0.0
                    ],
                    [
                        0.0,
                        0.0,
                        0.0,
                        0.0,
                        0.0,
                        0.0
                    ],
                    [
                        0.9975561035750882,
                        -0.8369719718601003,
                        0.0,
                        0.0,
                        0.0,
                        0.0
                    ],
                    [
                        0.5496322287482411,
                        -0.7311006491162346,
                        0.5862719324403358,
                        0.0,
                        0.0,
                        0.0
                    ],
                    [
                        0.6365799334411884,
                        0.5658928938071066,
                        -0.0,
                        0.0,
                        0.0,
                        0.0
                    ],
                    [
                        -0.6748827074968022,
                        0.8114787464222972,
                        -0.8954770566361768,
                        -0.5137774193357575,
                        0.8790215169616651,
                        0.0
                    ]
                ]
            },
            "est_params": {
                "mui": [
                    -0.03084900834671283,
                    0.9754575155013459,
                    -0.8549895220689024,
                    -1.2277237925573605,
                    0.578269342433947,
                    2.721892445021525
                ],
                "Si": [
                    [
                        0.9249350454700025,
                        0.08938640421255194,
                        0.8356557177179472,
                        0.9734977948296095,
                        0.6365611490772506,
                        -1.203540659597811
                    ],
                    [
                        0.08938640421255195,
                        15.262385460268701,
                        -12.573404763217619,
                        -18.37058486961119,
                        8.721693339270374,
                        40.798609319880484
                    ],
                    [
                        0.8356557177179472,
                        -12.573404763217619,
                        12.223713655802278,
                        16.788327429777294,
                        -6.614432663414982,
                        -36.204649474779764
                    ],
                    [
                        0.9734977948296097,
                        -18.37058486961119,
                        16.788327429777294,
                        24.696346829919428,
                        -9.863468492898518,
                        -52.099071769677174
                    ],
                    [
                        0.6365611490772506,
                        8.721693339270374,
                        -6.614432663414982,
                        -9.863468492898518,
                        6.413416297960208,
                        23.340506819562563
                    ],
                    [
                        -1.203540659597811,
                        40.79860931988049,
                        -36.20464947477977,
                        -52.099071769677174,
                        23.340506819562563,
                        114.88933452181794
                    ]
                ]
            },
            "est_tgt": [
                0,
                1,
                3,
                4,
                5
            ],
            "oracle_est_tgt": [
                1,
                3,
                4,
                5
            ]
        },
        "2": {
            "intv_type": "hard",
            "inode": 2,
            "new_mui": 1.0,
            "new_sigmai": 4.0,
            "true_params": {
                "Si": [
                    [
                        1.0,
                        0.0,
                        0.0,
                        0.5496322287482411,
                        0.6365799334411884,
                        -0.39770387680600516
                    ],
                    [
                        0.0,
                        1.0,
                        0.0,
                        -0.7311006491162346,
                        0.5658928938071066,
                        1.6845337811520826
                    ],
                    [
                        0.0,
                        0.0,
                        4.0,
                        2.3450877297613433,
                        0.0,
                        -4.786761348457441
                    ],
                    [
                        0.5496322287482411,
                        -0.7311006491162346,
                        2.3450877297613433,
                        3.2114628610862415,
                        -0.0638398143989527,
                        -4.770275854275822
                    ],
                    [
                        0.6365799334411884,
                        0.5658928938071066,
                        0.0,
                        -0.0638398143989527,
                        1.725468778921369,
                        1.579116905667175
                    ],
                    [
                        -0.39770387680600516,
                        1.6845337811520826,
                        -4.786761348457441,
                        -4.770275854275822,
                        1.579116905667175,
                        10.76073954914148
                    ]
                ],
                "mui": [
                    0.0,
                    0.0,
                    1.0,
                    0.5862719324403358,
                    0.0,
                    -1.1966903371143602
                ],
                "Ai": [
                    [
                        0.0,
                        0.0,
                        0.0,
                        0.0,
                        0.0,
                        0.0
                    ],
                    [
                        0.0,
                        0.0,
                        0.0,
                        0.0,
                        0.0,
                        0.0
                    ],
                    [
                        0.0,
                        0.0,
                        0.0,
                        0.0,
                        0.0,
                        0.0
                    ],
                    [
                        0.5496322287482411,
                        -0.7311006491162346,
                        0.5862719324403358,
                        0.0,
                        0.0,
                        0.0
                    ],
                    [
                        0.6365799334411884,
                        0.5658928938071066,
                        -0.0,
                        0.0,
                        0.0,
                        0.0
                    ],
                    [
                        -0.6748827074968022,
                        0.8114787464222972,
                        -0.8954770566361768,
                        -0.5137774193357575,
                        0.8790215169616651,
                        0.0
                    ]
                ]
            },
            "est_params": {
                "mui": [
                    -0.17617771508346977,
                    0.17313263778226748,
                    -0.46112932880239815,
                    -0.9011910767486437,
                    0.12730765064404487,
                    1.2123148846468215
                ],
                "Si": [
                    [
                        0.8196550877850662,
                        0.048063456340046405,
                        0.7097572905163823,
                        0.16404494148396465,
                        0.6149550788093835,
                        -0.6588408480068454
                    ],
                    [
                        0.048063456340046405,
                        0.983176045991757,
                        -0.6756736649946492,
                        -0.14054613372730176,
                        0.5839861335342225,
                        1.95639555577502
                    ],
                    [
                        0.7097572905163823,
                        -0.6756736649946494,
                        2.1662008793496352,
                        0.2016529664519771,
                        0.15071756329101132,
                        -2.8018413662447994
                    ],
                    [
                        0.16404494148396465,
                        -0.1405461337273018,
                        0.2016529664519772,
                        9.486253364287007,
                        0.05190679613920572,
                        -5.045712706248387
                    ],
                    [
                        0.6149550788093834,
                        0.5839861335342225,
                        0.15071756329101132,
                        0.05190679613920572,
                        1.7376391923495147,
                        1.460488217440487
                    ],
                    [
                        -0.6588408480068454,
                        1.95639555577502,
                        -2.8018413662447994,
                        -5.045712706248387,
                        1.460488217440487,
                        9.28557735341955
                    ]
                ]
            },
            "est_tgt": [
                0,
                1,
                2,
                3,
                5
            ],
            "oracle_est_tgt": [
                0,
                1,
                2,
                3,
                5
            ]
        },
        "3": {
            "intv_type": "hard",
            "inode": 3,
            "new_mui": 1.0,
            "new_sigmai": 4.0,
            "true_params": {
                "Si": [
                    [
                        1.0,
                        0.0,
                        0.9975561035750882,
                        0.0,
                        0.6365799334411884,
                        -1.0086038521948462
                    ],
                    [
                        0.0,
                        1.0,
                        -0.8369719718601003,
                        0.0,
                        0.5658928938071066,
                        2.058399974222706
                    ],
                    [
                        0.9975561035750882,
                        -0.8369719718601003,
                        2.6956402614592965,
                        0.0,
                        0.16138770682632847,
                        -3.6244390707844496
                    ],
                    [
                        0.0,
                        0.0,
                        0.0,
                        4.0,
                        0.0,
                        -2.05510967734303
                    ],
                    [
                        0.6365799334411884,
                        0.5658928938071066,
                        0.16138770682632847,
                        0.0,
                        1.725468778921369,
                        1.4017984618883046
                    ],
                    [
                        -1.0086038521948462,
                        2.058399974222706,
                        -3.6244390707844496,
                        -2.05510967734303,
                        1.4017984618883046,
                        8.884719117262943
                    ]
                ],
                "mui": [
                    0.0,
                    0.0,
                    0.0,
                    1.0,
                    0.0,
                    -0.5137774193357575
                ],
                "Ai": [
                    [
                        0.0,
                        0.0,
                        0.0,
                        0.0,
                        0.0,
                        0.0
                    ],
                    [
                        0.0,
                        0.0,
                        0.0,
                        0.0,
                        0.0,
                        0.0
                    ],
                    [
                        0.9975561035750882,
                        -0.8369719718601003,
                        0.0,
                        0.0,
                        0.0,
                        0.0
                    ],
                    [
                        0.0,
                        0.0,
                        0.0,
                        0.0,
                        0.0,
                        0.0
                    ],
                    [
                        0.6365799334411884,
                        0.5658928938071066,
                        -0.0,
                        0.0,
                        0.0,
                        0.0
                    ],
                    [
                        -0.6748827074968022,
                        0.8114787464222972,
                        -0.8954770566361768,
                        -0.5137774193357575,
                        0.8790215169616651,
                        0.0
                    ]
                ]
            },
            "est_params": {
                "mui": [
                    0.1395380033907631,
                    -0.20197032179925647,
                    0.3964797080112972,
                    3.093325371282573,
                    -0.17231110145376516,
                    -2.4169808920544558
                ],
                "Si": [
                    [
                        1.1470761892544181,
                        -0.00920578534554237,
                        1.0981475236702687,
                        -0.6287821653431964,
                        0.6887474784222923,
                        -0.8106310082663304
                    ],
                    [
                        -0.009205785345542365,
                        1.017407250504163,
                        -0.839962820544892,
                        0.4861102421248431,
                        0.5617146449853259,
                        1.8847909607351636
                    ],
                    [
                        1.098147523670269,
                        -0.839962820544892,
                        2.6693639429316183,
                        -1.2423143718553376,
                        0.15785479747517664,
                        -3.0414842358242438
                    ],
                    [
                        -0.6287821653431964,
                        0.4861102421248431,
                        -1.2423143718553376,
                        12.404510876992235,
                        -0.0002487281775709928,
                        -4.490823150095825
                    ],
                    [
                        0.6887474784222924,
                        0.5617146449853259,
                        0.15785479747517667,
                        -0.0002487281775709837,
                        1.7070426790506976,
                        1.3474978685566088
                    ],
                    [
                        -0.8106310082663305,
                        1.8847909607351636,
                        -3.0414842358242433,
                        -4.490823150095825,
                        1.347497868556609,
                        9.223238460578285
                    ]
                ]
            },
            "est_tgt": [
                0,
                1,
                2,
                3,
                4,
                5
            ],
            "oracle_est_tgt": [
                0,
                1,
                2,
                3,
                5
            ]
        },
        "4": {
            "intv_type": "hard",
            "inode": 4,
            "new_mui": 1.0,
            "new_sigmai": 4.0,
            "true_params": {
                "Si": [
                    [
                        1.0,
                        0.0,
                        0.9975561035750882,
                        1.1344713733088598,
                        0.0,
                        -2.151037085444594
                    ],
                    [
                        0.0,
                        1.0,
                        -0.8369719718601003,
                        -1.221793824457054,
                        0.0,
                        2.1886980223604677
                    ],
                    [
                        0.9975561035750882,
                        -0.8369719718601003,
                        2.6956402614592965,
                        2.740577961678115,
                        0.0,
                        -5.174349410297326
                    ],
                    [
                        1.1344713733088598,
                        -1.221793824457054,
                        2.740577961678115,
                        4.123520225106011,
                        0.0,
                        -6.329791099492473
                    ],
                    [
                        0.0,
                        0.0,
                        0.0,
                        0.0,
                        4.0,
                        3.5160860678466603
                    ],
                    [
                        -2.151037085444594,
                        2.1886980223604677,
                        -5.174349410297326,
                        -6.329791099492473,
                        3.5160860678466603,
                        15.204109884731134
                    ]
                ],
                "mui": [
                    0.0,
                    0.0,
                    0.0,
                    0.0,
                    1.0,
                    0.8790215169616651
                ],
                "Ai": [
                    [
                        0.0,
                        0.0,
                        0.0,
                        0.0,
                        0.0,
                        0.0
                    ],
                    [
                        0.0,
                        0.0,
                        0.0,
                        0.0,
                        0.0,
                        0.0
                    ],
                    [
                        0.9975561035750882,
                        -0.8369719718601003,
                        0.0,
                        0.0,
                        0.0,
                        0.0
                    ],
                    [
                        0.5496322287482411,
                        -0.7311006491162346,
                        0.5862719324403358,
                        0.0,
                        0.0,
                        0.0
                    ],
                    [
                        0.0,
                        0.0,
                        0.0,
                        0.0,
                        0.0,
                        0.0
                    ],
                    [
                        -0.6748827074968022,
                        0.8114787464222972,
                        -0.8954770566361768,
                        -0.5137774193357575,
                        0.8790215169616651,
                        0.0
                    ]
                ]
            },
            "est_params": {
                "mui": [
                    -1.7598163315978503,
                    -0.024973379165175037,
                    -3.83679315085459,
                    -3.2170905438761435,
                    -1.095585501700153,
                    5.273210028741411
                ],
                "Si": [
                    [
                        7.737558186873783,
                        -0.09665097034591567,
                        3.331107927619253,
                        6.200464443730566,
                        4.783993479455534,
                        -7.371211079112455
                    ],
                    [
                        -0.09665097034591574,
                        1.025009051206448,
                        -0.386178555360474,
                        -1.050891172251843,
                        0.5851722468957122,
                        2.273031450071404
                    ],
                    [
                        3.331107927619253,
                        -0.3861785553604739,
                        7.250082745166482,
                        6.323429275325783,
                        2.000058293867896,
                        -10.499287116405394
                    ],
                    [
                        6.200464443730566,
                        -1.050891172251843,
                        6.323429275325783,
                        8.811772617249787,
                        3.2791045356004824,
                        -12.348312489680136
                    ],
                    [
                        4.783993479455534,
                        0.5851722468957123,
                        2.000058293867896,
                        3.2791045356004833,
                        4.334805786945601,
                        -2.4295868888048036
                    ],
                    [
                        -7.371211079112455,
                        2.273031450071404,
                        -10.499287116405394,
                        -12.348312489680135,
                        -2.429586888804803,
                        21.414066930520637
                    ]
                ]
            },
            "est_tgt": [
                0,
                1,
                2,
                3,
                4,
                5
            ],
            "oracle_est_tgt": [
                0,
                1,
                4
            ]
        },
        "5": {
            "intv_type": "hard",
            "inode": 5,
            "new_mui": 1.0,
            "new_sigmai": 4.0,
            "true_params": {
                "Si": [
                    [
                        1.0,
                        0.0,
                        0.9975561035750882,
                        1.1344713733088598,
                        0.6365799334411884,
                        0.0
                    ],
                    [
                        0.0,
                        1.0,
                        -0.8369719718601003,
                        -1.221793824457054,
                        0.5658928938071066,
                        0.0
                    ],
                    [
                        0.9975561035750882,
                        -0.8369719718601003,
                        2.6956402614592965,
                        2.740577961678115,
                        0.16138770682632847,
                        0.0
                    ],
                    [
                        1.1344713733088598,
                        -1.221793824457054,
                        2.740577961678115,
                        4.123520225106011,
                        0.03077726835423321,
                        0.0
                    ],
                    [
                        0.6365799334411884,
                        0.5658928938071066,
                        0.16138770682632847,
                        0.03077726835423321,
                        1.725468778921369,
                        0.0
                    ],
                    [
                        0.0,
                        0.0,
                        0.0,
                        0.0,
                        0.0,
                        4.0
                    ]
                ],
                "mui": [
                    0.0,
                    0.0,
                    0.0,
                    0.0,
                    0.0,
                    1.0
                ],
                "Ai": [
                    [
                        0.0,
                        0.0,
                        0.0,
                        0.0,
                        0.0,
                        0.0
                    ],
                    [
                        0.0,
                        0.0,
                        0.0,
                        0.0,
                        0.0,
                        0.0
                    ],
                    [
                        0.9975561035750882,
                        -0.8369719718601003,
                        0.0,
                        0.0,
                        0.0,
                        0.0
                    ],
                    [
                        0.5496322287482411,
                        -0.7311006491162346,
                        0.5862719324403358,
                        0.0,
                        0.0,
                        0.0
                    ],
                    [
                        0.6365799334411884,
                        0.5658928938071066,
                        -0.0,
                        0.0,
                        0.0,
                        0.0
                    ],
                    [
                        0.0,
                        0.0,
                        0.0,
                        0.0,
                        0.0,
                        0.0
                    ]
                ]
            },
            "est_params": {
                "mui": [
                    -0.04827551036610003,
                    0.015087581772972038,
                    -0.09304419625557774,
                    -0.09558722263215437,
                    0.6779434921599972,
                    1.4151526734147208
                ],
                "Si": [
                    [
                        1.0002741635615704,
                        0.010919897014199697,
                        1.0397983727391178,
                        1.1743010320322727,
                        0.21169025826503424,
                        -0.9138714073145489
                    ],
                    [
                        0.010919897014199686,
                        1.08006015153507,
                        -0.8959965332212697,
                        -1.3153388493717288,
                        0.24586848835332076,
                        0.549530989702216
                    ],
                    [
                        1.0397983727391178,
                        -0.8959965332212697,
                        2.8084012511581578,
                        2.928939382071375,
                        -0.022207778548016994,
                        -1.938143931979972
                    ],
                    [
                        1.1743010320322727,
                        -1.3153388493717288,
                        2.928939382071375,
                        4.349374531087856,
                        -0.11456093036161256,
                        -2.1922985365527827
                    ],
                    [
                        0.21169025826503424,
                        0.24586848835332076,
                        -0.022207778548016983,
                        -0.11456093036161258,
                        10.953800326764412,
                        8.330367575700146
                    ],
                    [
                        -0.9138714073145489,
                        0.549530989702216,
                        -1.938143931979972,
                        -2.1922985365527827,
                        8.330367575700146,
                        23.135357061637666
                    ]
                ]
            },
            "est_tgt": [
                0,
                1,
                2,
                4,
                5
            ],
            "oracle_est_tgt": [
                0,
                1,
                2,
                5
            ]
        },
        "obs": {
            "intv_type": "obs",
            "true_params": {
                "Si": [
                    [
                        1.0,
                        0.0,
                        0.9975561035750882,
                        1.1344713733088598,
                        0.6365799334411884,
                        -1.591469626683765
                    ],
                    [
                        0.0,
                        1.0,
                        -0.8369719718601003,
                        -1.221793824457054,
                        0.5658928938071066,
                        2.686130052312617
                    ],
                    [
                        0.9975561035750882,
                        -0.8369719718601003,
                        2.6956402614592965,
                        2.740577961678115,
                        0.16138770682632847,
                        -5.032486143423882
                    ],
                    [
                        1.1344713733088598,
                        -1.221793824457054,
                        2.740577961678115,
                        4.123520225106011,
                        0.03077726835423321,
                        -6.302737218375799
                    ],
                    [
                        0.6365799334411884,
                        0.5658928938071066,
                        0.16138770682632847,
                        0.03077726835423321,
                        1.725468778921369,
                        1.3859857963790625
                    ],
                    [
                        -1.591469626683765,
                        2.686130052312617,
                        -5.032486143423882,
                        -6.302737218375799,
                        1.3859857963790625,
                        13.216784057437721
                    ]
                ],
                "mui": [
                    0.0,
                    0.0,
                    0.0,
                    0.0,
                    0.0,
                    0.0
                ],
                "Ai": [
                    [
                        0.0,
                        0.0,
                        0.0,
                        0.0,
                        0.0,
                        0.0
                    ],
                    [
                        0.0,
