{
    "expt_args": {
        "save_dir": "all_expt_logs/expt_logs_11.05.24-hard_var_shift",
        "exp_name": "318",
        "num_nodes": 6,
        "obs_noise_mean": 0.0,
        "obs_noise_var": 1.0,
        "max_edge_strength": 1.0,
        "graph_sparsity_method": "adj_dense_prop",
        "adj_dense_prop": 0.8,
        "num_parents": null,
        "new_noise_mean": 1.0,
        "mix_samples": 65536,
        "stage2_samples": 65536,
        "gmm_tol": 0.001,
        "intv_type": "hard",
        "new_noise_sigma": 2.0,
        "intv_targets": [
            0,
            1,
            2,
            3,
            4,
            5
        ]
    },
    "intv_args_dict": {
        "0": {
            "intv_type": "hard",
            "inode": 0,
            "new_mui": 1.0,
            "new_sigmai": 2.0,
            "true_params": {
                "Si": [
                    [
                        2.0,
                        1.422996573137898,
                        -0.5337912314777713,
                        -2.1466000917457726,
                        1.2231081653080509,
                        2.097830256989237
                    ],
                    [
                        1.422996573137898,
                        2.0124596235811003,
                        0.274383558658393,
                        -2.4635157388082365,
                        1.3503514025113654,
                        1.564008441705537
                    ],
                    [
                        -0.5337912314777713,
                        0.274383558658393,
                        1.5704116077175092,
                        -0.6816118510144813,
                        1.3726986906165466,
                        0.5605337366765654
                    ],
                    [
                        -2.1466000917457726,
                        -2.4635157388082365,
                        -0.6816118510144813,
                        4.592711503468967,
                        -3.2749512229172297,
                        -4.441311711430658
                    ],
                    [
                        1.2231081653080509,
                        1.3503514025113654,
                        1.3726986906165466,
                        -3.2749512229172297,
                        4.285504038916411,
                        4.412334021506219
                    ],
                    [
                        2.097830256989237,
                        1.564008441705537,
                        0.5605337366765654,
                        -4.441311711430658,
                        4.412334021506219,
                        6.923496457099662
                    ]
                ],
                "mui": [
                    1.0,
                    0.711498286568949,
                    -0.26689561573888565,
                    -1.0733000458728863,
                    0.6115540826540254,
                    1.0489151284946185
                ],
                "Ai": [
                    [
                        0.0,
                        0.0,
                        0.0,
                        0.0,
                        0.0,
                        0.0
                    ],
                    [
                        0.711498286568949,
                        0.0,
                        0.0,
                        0.0,
                        0.0,
                        0.0
                    ],
                    [
                        -0.7323400822334611,
                        0.6541751052403565,
                        0.0,
                        0.0,
                        0.0,
                        0.0
                    ],
                    [
                        -0.8774085088438432,
                        -0.5161790835234741,
                        -0.642082471029783,
                        0.0,
                        0.0,
                        0.0
                    ],
                    [
                        0.7373366429754797,
                        -0.7477361203137975,
                        0.9848042413375429,
                        -0.6233767948061892,
                        0.0,
                        0.0
                    ],
                    [
                        -0.0,
                        -0.8367521317620514,
                        -0.5501738484548437,
                        -0.9881211716827254,
                        0.7143658459256153,
                        0.0
                    ]
                ]
            },
            "est_params": {
                "mui": [
                    1.3744907054280895,
                    0.9071378082603542,
                    1.2673535481166658,
                    -2.6188847739516214,
                    3.3560148569272243,
                    3.6040757610335055
                ],
                "Si": [
                    [
                        3.1300476347956714,
                        2.442572780507855,
                        -2.4524870518088946,
                        -2.449282917481308,
                        -0.4451484300550754,
                        1.4119961754957773
                    ],
                    [
                        2.442572780507855,
                        2.840193156643057,
                        -1.6494060129547037,
                        -2.583722346515488,
                        -0.3382731898323237,
                        0.8611415798950462
                    ],
                    [
                        -2.4524870518088946,
                        -1.6494060129547037,
                        4.245929113425724,
                        0.3729441036707806,
                        3.3061701836708113,
                        0.9918048449728103
                    ],
                    [
                        -2.449282917481308,
                        -2.5837223465154886,
                        0.3729441036707806,
                        4.149942873674028,
                        -2.0107415516122114,
                        -3.5892188948072588
                    ],
                    [
                        -0.4451484300550754,
                        -0.33827318983232374,
                        3.3061701836708113,
                        -2.010741551612212,
                        5.266101727980001,
                        4.152723667158896
                    ],
                    [
                        1.4119961754957773,
                        0.8611415798950462,
                        0.9918048449728104,
                        -3.5892188948072588,
                        4.152723667158896,
                        6.2029301434076745
                    ]
                ]
            },
            "est_tgt": [
                0,
                1,
                2,
                3,
                4,
                5
            ],
            "oracle_est_tgt": [
                0,
                1,
                2,
                4,
                5
            ]
        },
        "1": {
            "intv_type": "hard",
            "inode": 1,
            "new_mui": 1.0,
            "new_sigmai": 2.0,
            "true_params": {
                "Si": [
                    [
                        1.0,
                        0.0,
                        -0.7323400822334611,
                        -0.40718577920922805,
                        0.26995518982459155,
                        0.9981100182059404
                    ],
                    [
                        0.0,
                        2.0,
                        1.308350210480713,
                        -1.8724269031647411,
                        0.9602240772123931,
                        0.14281161669039377
                    ],
                    [
                        -0.7323400822334611,
                        1.308350210480713,
                        2.392212132678176,
                        -1.5687790704320703,
                        1.8155192349785774,
                        0.43619136420938465
                    ],
                    [
                        -0.40718577920922805,
                        -1.8724269031647411,
                        -1.5687790704320703,
                        3.33106141224149,
                        -2.5215984361146537,
                        -2.66297768416419
                    ],
                    [
                        0.26995518982459155,
                        0.9602240772123931,
                        1.8155192349785774,
                        -2.5215984361146537,
                        3.8408906210226275,
                        3.4331251307728543
                    ],
                    [
                        0.9981100182059404,
                        0.14281161669039377,
                        0.43619136420938465,
                        -2.66297768416419,
                        3.4331251307728543,
                        5.724372961438391
                    ]
                ],
                "mui": [
                    0.0,
                    1.0,
                    0.6541751052403565,
                    -0.9362134515823706,
                    0.48011203860619656,
                    0.07140580834519689
                ],
                "Ai": [
                    [
                        0.0,
                        0.0,
                        0.0,
                        0.0,
                        0.0,
                        0.0
                    ],
                    [
                        0.0,
                        0.0,
                        0.0,
                        0.0,
                        0.0,
                        0.0
                    ],
                    [
                        -0.7323400822334611,
                        0.6541751052403565,
                        0.0,
                        0.0,
                        0.0,
                        0.0
                    ],
                    [
                        -0.8774085088438432,
                        -0.5161790835234741,
                        -0.642082471029783,
                        0.0,
                        0.0,
                        0.0
                    ],
                    [
                        0.7373366429754797,
                        -0.7477361203137975,
                        0.9848042413375429,
                        -0.6233767948061892,
                        0.0,
                        0.0
                    ],
                    [
                        -0.0,
                        -0.8367521317620514,
                        -0.5501738484548437,
                        -0.9881211716827254,
                        0.7143658459256153,
                        0.0
                    ]
                ]
            },
            "est_params": {
                "mui": [
                    -0.03804545565484928,
                    1.2983478600858178,
                    1.1332414695095785,
                    -1.4630879574741753,
                    1.0803433257246486,
                    0.438820660319663
                ],
                "Si": [
                    [
                        0.9487996764081379,
                        -0.0303675410001694,
                        -0.7048269687195852,
                        -0.3967719915283861,
                        0.2944785593239754,
                        0.9787827127125803
                    ],
                    [
                        -0.03036754100016935,
                        4.2958023004027925,
                        2.595440360910597,
                        -3.7588275003364036,
                        1.627252178456236,
                        -0.04008485094605395
                    ],
                    [
                        -0.7048269687195852,
                        2.5954403609105965,
                        3.0975679283447053,
                        -2.627168981192179,
                        2.1751904646230855,
                        0.3687467192622931
                    ],
                    [
                        -0.3967719915283861,
                        -3.7588275003364036,
                        -2.627168981192179,
                        4.866935143321976,
                        -3.067274589622601,
                        -2.480746319949841
                    ],
                    [
                        0.2944785593239754,
                        1.6272521784562355,
                        2.1751904646230855,
                        -3.067274589622601,
                        4.04436594577857,
                        3.401670313144035
                    ],
                    [
                        0.9787827127125804,
                        -0.04008485094605398,
                        0.3687467192622931,
                        -2.480746319949841,
                        3.401670313144035,
                        5.692534591484726
                    ]
                ]
            },
            "est_tgt": [
                0,
                1,
                2,
                3,
                4,
                5
            ],
            "oracle_est_tgt": [
                0,
                1,
                2,
                3,
                4,
                5
            ]
        },
        "2": {
            "intv_type": "hard",
            "inode": 2,
            "new_mui": 1.0,
            "new_sigmai": 2.0,
            "true_params": {
                "Si": [
                    [
                        1.0,
                        0.711498286568949,
                        0.0,
                        -1.2446690423335254,
                        0.9812214727708615,
                        1.3354872318725381
                    ],
                    [
                        0.711498286568949,
                        1.5062298117905502,
                        0.0,
                        -1.401758974489192,
                        0.2721753389401906,
                        0.31919948059183967
                    ],
                    [
                        0.0,
                        0.0,
                        2.0,
                        -1.284164942059566,
                        2.7701271082586536,
                        2.1474470652847613
                    ],
                    [
                        -1.2446690423335254,
                        -1.401758974489192,
                        -1.284164942059566,
                        3.640181670418013,
                        -3.403450139824772,
                        -4.148810337168883
                    ],
                    [
                        0.9812214727708615,
                        0.2721753389401906,
                        2.7701271082586536,
                        -3.403450139824772,
                        6.36963997946796,
                        6.161479605170623
                    ],
                    [
                        1.3354872318725381,
                        0.31919948059183967,
                        2.1474470652847613,
                        -4.148810337168883,
                        6.161479605170623,
                        8.05251785965052
                    ]
                ],
                "mui": [
                    0.0,
                    0.0,
                    1.0,
                    -0.642082471029783,
                    1.3850635541293268,
                    1.0737235326423806
                ],
                "Ai": [
                    [
                        0.0,
                        0.0,
                        0.0,
                        0.0,
                        0.0,
                        0.0
                    ],
                    [
                        0.711498286568949,
                        0.0,
                        0.0,
                        0.0,
                        0.0,
                        0.0
                    ],
                    [
                        0.0,
                        0.0,
                        0.0,
                        0.0,
                        0.0,
                        0.0
                    ],
                    [
                        -0.8774085088438432,
                        -0.5161790835234741,
                        -0.642082471029783,
                        0.0,
                        0.0,
                        0.0
                    ],
                    [
                        0.7373366429754797,
                        -0.7477361203137975,
                        0.9848042413375429,
                        -0.6233767948061892,
                        0.0,
                        0.0
                    ],
                    [
                        -0.0,
                        -0.8367521317620514,
                        -0.5501738484548437,
                        -0.9881211716827254,
                        0.7143658459256153,
                        0.0
                    ]
                ]
            },
            "est_params": {
                "mui": [
                    -0.20349627121755667,
                    -0.17818797758044527,
                    -0.1477042220137554,
                    1.4094445708427592,
                    -1.0861012079123795,
                    -1.9587703956182467
                ],
                "Si": [
                    [
                        1.4598066530026845,
                        1.1141233276890938,
                        -0.25808991268681825,
                        -0.5942066326766906,
                        0.4033070155708491,
                        0.09907010267859462
                    ],
                    [
                        1.1141233276890938,
                        1.9457597393255455,
                        0.4528636994996716,
                        -0.6144210361546611,
                        0.20549896584115704,
                        -1.1068391656619199
                    ],
                    [
                        -0.25808991268681825,
                        0.4528636994996716,
                        1.9787685247256939,
                        -0.2739486514787836,
                        1.5701060779104146,
                        -0.0649570671731655
                    ],
                    [
                        -0.5942066326766906,
                        -0.6144210361546609,
                        -0.27394865147878367,
                        4.2279090923754605,
                        -2.861165017315559,
                        -5.628005601051289
                    ],
                    [
                        0.403307015570849,
                        0.2054989658411571,
                        1.5701060779104146,
                        -2.8611650173155585,
                        4.444538899499382,
                        5.032584025279346
                    ],
                    [
                        0.0990701026785946,
                        -1.1068391656619199,
                        -0.06495706717316543,
                        -5.628005601051289,
                        5.032584025279346,
                        11.263435674638743
                    ]
                ]
            },
            "est_tgt": [
                0,
                1,
                2,
                3,
                4,
                5
            ],
            "oracle_est_tgt": [
                0,
                2,
                4
            ]
        },
        "3": {
            "intv_type": "hard",
            "inode": 3,
            "new_mui": 1.0,
            "new_sigmai": 2.0,
            "true_params": {
                "Si": [
                    [
                        1.0,
                        0.711498286568949,
                        -0.26689561573888565,
                        0.0,
                        -0.05751625980755034,
                        -0.48959637157672536
                    ],
                    [
                        0.711498286568949,
                        1.5062298117905502,
                        0.46427933194937476,
                        0.0,
                        -0.1444244223985876,
                        -1.6189472274350132
                    ],
                    [
                        -0.26689561573888565,
                        0.46427933194937476,
                        1.4991783380168704,
                        0.0,
                        0.9324468420528916,
                        -0.5471872593847961
                    ],
                    [
                        0.0,
                        0.0,
                        0.0,
                        2.0,
                        -1.2467535896123785,
                        -2.866880526069695
                    ],
                    [
                        -0.05751625980755034,
                        -0.1444244223985876,
                        0.9324468420528916,
                        -1.2467535896123785,
                        2.7610573728410372,
                        2.8121882793148876
                    ],
                    [
                        -0.48959637157672536,
                        -1.6189472274350132,
                        -0.5471872593847961,
                        -2.866880526069695,
                        2.8121882793148876,
                        7.497462267636958
                    ]
                ],
                "mui": [
                    0.0,
                    0.0,
                    0.0,
                    1.0,
                    -0.6233767948061892,
                    -1.4334402630348475
                ],
                "Ai": [
                    [
                        0.0,
                        0.0,
                        0.0,
                        0.0,
                        0.0,
                        0.0
                    ],
                    [
                        0.711498286568949,
                        0.0,
                        0.0,
                        0.0,
                        0.0,
                        0.0
                    ],
                    [
                        -0.7323400822334611,
                        0.6541751052403565,
                        0.0,
                        0.0,
                        0.0,
                        0.0
                    ],
                    [
                        0.0,
                        0.0,
                        0.0,
                        0.0,
                        0.0,
                        0.0
                    ],
                    [
                        0.7373366429754797,
                        -0.7477361203137975,
                        0.9848042413375429,
                        -0.6233767948061892,
                        0.0,
                        0.0
                    ],
                    [
                        -0.0,
                        -0.8367521317620514,
                        -0.5501738484548437,
                        -0.9881211716827254,
                        0.7143658459256153,
                        0.0
                    ]
                ]
            },
            "est_params": {
                "mui": [
                    -0.17369288361435659,
                    -0.09004980250369111,
                    -0.1438461184277372,
                    0.6069643499223202,
                    -0.7045076205789232,
                    -1.0432424783461425
                ],
                "Si": [
                    [
                        0.8813480567131802,
                        0.48445332002024705,
                        -0.46680877183291936,
                        -0.5620074298928214,
                        0.0979489478901044,
                        0.4313289360116688
                    ],
                    [
                        0.48445332002024705,
                        1.4932838881867192,
                        0.375663440875274,
                        -1.307676860493944,
                        0.3792756801591091,
                        0.048533879602169844
                    ],
                    [
                        -0.46680877183291936,
                        0.375663440875274,
                        1.679971593214281,
                        -0.7247157432140076,
                        1.4566912657577733,
                        0.46910953355590324
                    ],
                    [
                        -0.5620074298928214,
                        -1.307676860493944,
                        -0.7247157432140076,
                        2.181274532516911,
                        -1.3425542941209814,
                        -1.4887366282453132
                    ],
                    [
                        0.0979489478901044,
                        0.37927568015910906,
                        1.4566912657577733,
                        -1.3425542941209814,
                        2.8961183142554217,
                        2.1227095458270764
                    ],
                    [
                        0.4313289360116688,
                        0.04853387960216984,
                        0.4691095335559032,
                        -1.4887366282453132,
                        2.1227095458270764,
                        3.384700200121263
                    ]
                ]
            },
            "est_tgt": [
                0,
                1,
                2,
                3,
                5
            ],
            "oracle_est_tgt": [
                0,
                3,
                4,
                5
            ]
        },
        "4": {
            "intv_type": "hard",
            "inode": 4,
            "new_mui": 1.0,
            "new_sigmai": 2.0,
            "true_params": {
                "Si": [
                    [
                        1.0,
                        0.711498286568949,
                        -0.26689561573888565,
                        -1.0733000458728863,
                        0.0,
                        0.612041778910212
                    ],
                    [
                        0.711498286568949,
                        1.5062298117905502,
                        0.46427933194937476,
                        -1.6998645951953035,
                        0.0,
                        0.16389684275043703
                    ],
                    [
                        -0.26689561573888565,
                        0.46427933194937476,
                        1.4991783380168704,
                        -0.9680709276302994,
                        0.0,
                        -0.25672405720654423
                    ],
                    [
                        -1.0733000458728863,
                        -1.6998645951953035,
                        -0.9680709276302994,
                        3.4407385149982277,
                        0.0,
                        -1.44489394132581
                    ],
                    [
                        0.0,
                        0.0,
                        0.0,
                        0.0,
                        2.0,
                        1.4287316918512305
                    ],
                    [
                        0.612041778910212,
                        0.16389684275043703,
                        -0.25672405720654423,
                        -1.44489394132581,
                        1.4287316918512305,
                        3.452469247893938
                    ]
                ],
                "mui": [
                    0.0,
                    0.0,
                    0.0,
                    0.0,
                    1.0,
                    0.7143658459256153
                ],
                "Ai": [
                    [
                        0.0,
                        0.0,
                        0.0,
                        0.0,
                        0.0,
                        0.0
                    ],
                    [
                        0.711498286568949,
                        0.0,
                        0.0,
                        0.0,
                        0.0,
                        0.0
                    ],
                    [
                        -0.7323400822334611,
                        0.6541751052403565,
                        0.0,
                        0.0,
                        0.0,
                        0.0
                    ],
                    [
                        -0.8774085088438432,
                        -0.5161790835234741,
                        -0.642082471029783,
                        0.0,
                        0.0,
                        0.0
                    ],
                    [
                        0.0,
                        0.0,
                        0.0,
                        0.0,
                        0.0,
                        0.0
                    ],
                    [
                        -0.0,
                        -0.8367521317620514,
                        -0.5501738484548437,
                        -0.9881211716827254,
                        0.7143658459256153,
                        0.0
                    ]
                ]
            },
            "est_params": {
                "mui": [
                    0.6991715129969778,
                    0.5823227239555774,
                    -0.008192022220802501,
                    -1.3298403402758014,
                    1.0489700117722365,
                    1.7668608527187335
                ],
                "Si": [
                    [
                        1.3970549380553796,
                        0.8739349613513969,
                        -0.6983767218405186,
                        -0.8053957823031055,
                        0.02457739274663519,
                        0.2963818116003698
                    ],
                    [
                        0.8739349613513969,
                        1.6148946356153115,
                        0.22500562844495295,
                        -1.3588447865733224,
                        0.31512145341637243,
                        -0.0446636904485193
                    ],
                    [
                        -0.6983767218405186,
                        0.22500562844495295,
                        1.4491930704106095,
                        -0.43774088928235944,
                        0.9529312390517218,
                        0.09746456816348083
                    ],
                    [
                        -0.8053957823031056,
                        -1.3588447865733224,
                        -0.4377408892823594,
                        2.171909060097152,
                        -1.0184028466428534,
                        -1.1279518330175922
                    ],
                    [
                        0.024577392746635195,
                        0.31512145341637243,
                        0.9529312390517218,
                        -1.0184028466428536,
                        2.0836932293100934,
                        1.4504870639562129
                    ],
                    [
                        0.2963818116003698,
                        -0.0446636904485193,
                        0.09746456816348086,
                        -1.1279518330175924,
                        1.450487063956213,
                        2.8712522337590753
                    ]
                ]
            },
            "est_tgt": [
                0,
                1,
                3,
                4,
                5
            ],
            "oracle_est_tgt": [
                0,
                3,
                4,
                5
            ]
        },
        "5": {
            "intv_type": "hard",
            "inode": 5,
            "new_mui": 1.0,
            "new_sigmai": 2.0,
            "true_params": {
                "Si": [
                    [
                        1.0,
                        0.711498286568949,
                        -0.26689561573888565,
                        -1.0733000458728863,
                        0.6115540826540254,
                        0.0
                    ],
                    [
                        0.711498286568949,
                        1.5062298117905502,
                        0.46427933194937476,
                        -1.6998645951953035,
                        0.915231720558781,
                        0.0
                    ],
                    [
                        -0.26689561573888565,
                        0.46427933194937476,
                        1.4991783380168704,
                        -0.9680709276302994,
                        1.535919794064122,
                        0.0
                    ],
                    [
                        -1.0733000458728863,
                        -1.6998645951953035,
                        -0.9680709276302994,
                        3.4407385149982277,
                        -2.618570197950913,
                        0.0
                    ],
                    [
                        0.6115540826540254,
                        0.915231720558781,
                        1.535919794064122,
                        -2.618570197950913,
                        3.9115056429056048,
                        0.0
                    ],
                    [
                        0.0,
                        0.0,
                        0.0,
                        0.0,
                        0.0,
                        2.0
                    ]
                ],
                "mui": [
                    0.0,
                    0.0,
                    0.0,
                    0.0,
                    0.0,
                    1.0
                ],
                "Ai": [
                    [
                        0.0,
                        0.0,
                        0.0,
                        0.0,
                        0.0,
                        0.0
                    ],
                    [
                        0.711498286568949,
                        0.0,
                        0.0,
                        0.0,
                        0.0,
                        0.0
                    ],
                    [
                        -0.7323400822334611,
                        0.6541751052403565,
                        0.0,
                        0.0,
                        0.0,
                        0.0
                    ],
                    [
                        -0.8774085088438432,
                        -0.5161790835234741,
                        -0.642082471029783,
                        0.0,
                        0.0,
                        0.0
                    ],
                    [
                        0.7373366429754797,
                        -0.7477361203137975,
                        0.9848042413375429,
                        -0.6233767948061892,
                        0.0,
                        0.0
                    ],
                    [
                        0.0,
                        0.0,
                        0.0,
                        0.0,
                        0.0,
                        0.0
                    ]
                ]
            },
            "est_params": {
                "mui": [
                    -0.05823607927391679,
                    -0.0027247326288734855,
                    0.010778451001457075,
                    0.05233388529519103,
                    -0.07720001125255735,
                    0.9251078608061214
                ],
                "Si": [
                    [
                        0.9794538010480442,
                        0.7075996907964331,
                        -0.26602549905279504,
                        -1.051751983682159,
                        0.5974372206598472,
                        0.03584453535274528
                    ],
                    [
                        0.7075996907964331,
                        1.512178166300511,
                        0.449875908017931,
                        -1.6881282715255816,
                        0.8810153611630106,
                        0.053305103441180626
                    ],
                    [
                        -0.26602549905279504,
                        0.449875908017931,
                        1.5671537549854713,
                        -1.0045719345301107,
                        1.6224666299532458,
                        0.069912027743441
                    ],
                    [
                        -1.051751983682159,
                        -1.6881282715255816,
                        -1.004571934530111,
                        3.382774213302265,
                        -2.6136448326334194,
                        -0.049395785615736536
                    ],
                    [
                        0.5974372206598472,
                        0.8810153611630106,
                        1.6224666299532458,
                        -2.6136448326334194,
                        4.012159045442523,
                        0.08930143593713014
                    ],
                    [
                        0.035844535352745226,
                        0.05330510344118066,
                        0.06991202774344099,
                        -0.04939578561573659,
                        0.08930143593713014,
                        4.137210566101172
                    ]
                ]
            },
            "est_tgt": [
                0,
                4,
                5
            ],
            "oracle_est_tgt": [
                3,
                5
            ]
        },
        "obs": {
            "intv_type": "obs",
            "true_params": {
                "Si": [
                    [
                        1.0,
                        0.711498286568949,
                        -0.26689561573888565,
                        -1.0733000458728863,
                        0.6115540826540254,
                        1.0489151284946185
                    ],
                    [
                        0.711498286568949,
                        1.5062298117905502,
                        0.46427933194937476,
                        -1.6998645951953035,
                        0.915231720558781,
                        0.8177071250253669
                    ],
                    [
                        -0.26689561573888565,
                        0.46427933194937476,
                        1.4991783380168704,
                        -0.9680709276302994,
                        1.535919794064122,
                        0.8404845857539689
                    ],
                    [
                        -1.0733000458728863,
                        -1.6998645951953035,
                        -0.9680709276302994,
                        3.4407385149982277,
                        -2.618570197950913,
                        -3.31551105590062
                    ],
                    [
                        0.6115540826540254,
                        0.915231720558781,
                        1.535919794064122,
                        -2.618570197950913,
                        3.9115056429056048,
                        3.770865692317763
                    ],
                    [
                        1.0489151284946185,
                        0.8177071250253669,
                        0.8404845857539689,
                        -3.31551105590062,
                        3.770865692317763,
                        5.82327351031478
