{
    "expt_args": {
        "save_dir": "all_expt_logs/expt_logs_11.05.24-hard_var_shift",
        "exp_name": "442",
        "num_nodes": 6,
        "obs_noise_mean": 0.0,
        "obs_noise_var": 1.0,
        "max_edge_strength": 1.0,
        "graph_sparsity_method": "adj_dense_prop",
        "adj_dense_prop": 0.8,
        "num_parents": null,
        "new_noise_mean": 1.0,
        "mix_samples": 4096,
        "stage2_samples": 4096,
        "gmm_tol": 0.001,
        "intv_type": "hard",
        "new_noise_sigma": 8.0,
        "intv_targets": [
            0,
            1,
            2,
            3,
            4,
            5
        ]
    },
    "intv_args_dict": {
        "0": {
            "intv_type": "hard",
            "inode": 0,
            "new_mui": 1.0,
            "new_sigmai": 8.0,
            "true_params": {
                "Si": [
                    [
                        8.0,
                        -4.7041331123401,
                        -3.0422191723870915,
                        -4.089587859758714,
                        -0.26023934800988147,
                        4.664728227497421
                    ],
                    [
                        -4.7041331123401,
                        3.766108542326819,
                        0.8907687103604778,
                        3.1788549268766246,
                        -1.7927999787803686,
                        -4.737698327645562
                    ],
                    [
                        -3.0422191723870915,
                        0.8907687103604778,
                        2.9634829795881004,
                        -0.0019894130185480474,
                        3.0126498677840425,
                        2.462476034462366
                    ],
                    [
                        -4.089587859758714,
                        3.1788549268766246,
                        -0.0019894130185480474,
                        4.432767268262382,
                        -3.1451376966622906,
                        -7.6843422231382315
                    ],
                    [
                        -0.26023934800988147,
                        -1.7927999787803686,
                        3.0126498677840425,
                        -3.1451376966622906,
                        6.742483191044103,
                        8.71610717115302
                    ],
                    [
                        4.664728227497421,
                        -4.737698327645562,
                        2.462476034462366,
                        -7.6843422231382315,
                        8.71610717115302,
                        17.152743854041784
                    ]
                ],
                "mui": [
                    1.0,
                    -0.5880166390425124,
                    -0.38027739654838644,
                    -0.5111984824698392,
                    -0.03252991850123518,
                    0.5830910284371776
                ],
                "Ai": [
                    [
                        0.0,
                        0.0,
                        0.0,
                        0.0,
                        0.0,
                        0.0
                    ],
                    [
                        -0.5880166390425124,
                        0.0,
                        0.0,
                        0.0,
                        0.0,
                        0.0
                    ],
                    [
                        -0.9083791283642799,
                        -0.8981067826172735,
                        0.0,
                        0.0,
                        0.0,
                        0.0
                    ],
                    [
                        -0.8389726892318318,
                        -0.0,
                        -0.8619344976510762,
                        0.0,
                        0.0,
                        0.0
                    ],
                    [
                        -0.760715554048395,
                        -0.898517530079102,
                        0.5052272359789778,
                        -0.7667645519190598,
                        0.0,
                        0.0
                    ],
                    [
                        0.9111399714097724,
                        0.9840797934723664,
                        0.5838314583303506,
                        -0.9800018469254115,
                        0.8715423075297327,
                        0.0
                    ]
                ]
            },
            "est_params": {
                "mui": [
                    0.44195070814364673,
                    -0.24147017868704873,
                    -0.2299813704961435,
                    -0.20933301786811895,
                    -0.04347398093921804,
                    0.128503729598331
                ],
                "Si": [
                    [
                        65.87564947515247,
                        -38.512318410292345,
                        -25.23431710216543,
                        -33.12046982589102,
                        -3.5300697413325066,
                        37.221190677730704
                    ],
                    [
                        -38.512318410292345,
                        23.550476592850497,
                        13.779736480835911,
                        20.192764816348497,
                        0.0060817290300896575,
                        -24.02353555286862
                    ],
                    [
                        -25.23431710216543,
                        13.779736480835911,
                        11.528392480941433,
                        11.075411050478245,
                        4.410862103132037,
                        -9.807608435599638
                    ],
                    [
                        -33.12046982589102,
                        20.192764816348497,
                        11.075411050478245,
                        18.935776004391766,
                        -1.5569415301507037,
                        -24.082381906231056
                    ],
                    [
                        -3.530069741332507,
                        0.006081729030089759,
                        4.410862103132037,
                        -1.5569415301507037,
                        7.235774239930742,
                        7.389696239479093
                    ],
                    [
                        37.221190677730704,
                        -24.02353555286862,
                        -9.807608435599638,
                        -24.08238190623106,
                        7.389696239479093,
                        36.07690804932338
                    ]
                ]
            },
            "est_tgt": [
                0
            ],
            "oracle_est_tgt": [
                0
            ]
        },
        "1": {
            "intv_type": "hard",
            "inode": 1,
            "new_mui": 1.0,
            "new_sigmai": 8.0,
            "true_params": {
                "Si": [
                    [
                        1.0,
                        0.0,
                        -0.9083791283642799,
                        -0.056009381548443704,
                        -1.1767074219466171,
                        -0.5898613442680904
                    ],
                    [
                        0.0,
                        8.0,
                        -7.184854260938188,
                        6.192873748097951,
                        -15.56660036435003,
                        -15.958084106126336
                    ],
                    [
                        -0.9083791283642799,
                        -7.184854260938188,
                        8.277918984713054,
                        -6.372918661519106,
                        16.215493886656915,
                        17.312740100810736
                    ],
                    [
                        -0.056009381548443704,
                        6.192873748097951,
                        -6.372918661519106,
                        6.540028786547548,
                        -13.756232739049176,
                        -16.075839977318388
                    ],
                    [
                        -1.1767074219466171,
                        -15.56660036435003,
                        16.215493886656915,
                        -13.756232739049176,
                        34.62230373818424,
                        36.73212938796363
                    ],
                    [
                        -0.5898613442680904,
                        -15.958084106126336,
                        17.312740100810736,
                        -16.075839977318388,
                        36.73212938796363,
                        42.63420561694297
                    ]
                ],
                "mui": [
                    0.0,
                    1.0,
                    -0.8981067826172735,
                    0.7741092185122439,
                    -1.9458250455437538,
                    -1.994760513265792
                ],
                "Ai": [
                    [
                        0.0,
                        0.0,
                        0.0,
                        0.0,
                        0.0,
                        0.0
                    ],
                    [
                        0.0,
                        0.0,
                        0.0,
                        0.0,
                        0.0,
                        0.0
                    ],
                    [
                        -0.9083791283642799,
                        -0.8981067826172735,
                        0.0,
                        0.0,
                        0.0,
                        0.0
                    ],
                    [
                        -0.8389726892318318,
                        -0.0,
                        -0.8619344976510762,
                        0.0,
                        0.0,
                        0.0
                    ],
                    [
                        -0.760715554048395,
                        -0.898517530079102,
                        0.5052272359789778,
                        -0.7667645519190598,
                        0.0,
                        0.0
                    ],
                    [
                        0.9111399714097724,
                        0.9840797934723664,
                        0.5838314583303506,
                        -0.9800018469254115,
                        0.8715423075297327,
                        0.0
                    ]
                ]
            },
            "est_params": {
                "mui": [
                    0.013511080149720306,
                    4.631051159826066,
                    -7.504806528783698,
                    6.507752266843952,
                    -12.981816446132573,
                    -17.499056064919102
                ],
                "Si": [
                    [
                        1.0132592970963243,
                        -0.7169411455660407,
                        -0.2544039079301965,
                        -0.7144469582198567,
                        0.2730514643107357,
                        1.0160987983889351
                    ],
                    [
                        -0.7169411455660407,
                        35.56040175643726,
                        -14.658662155789413,
                        13.61687741871293,
                        -49.284279680264696,
                        -30.62919756913928
                    ],
                    [
                        -0.2544039079301965,
                        -14.65866215578941,
                        21.138518203721432,
                        -18.127903386076564,
                        38.25549447792611,
                        48.72261489030253
                    ],
                    [
                        -0.7144469582198566,
                        13.61687741871293,
                        -18.127903386076564,
                        17.44539404380988,
                        -34.516524446693744,
                        -44.95988223256346
                    ],
                    [
                        0.2730514643107356,
                        -49.284279680264696,
                        38.25549447792612,
                        -34.51652444669373,
                        91.15229554035503,
                        87.44936777136927
                    ],
                    [
                        1.0160987983889351,
                        -30.62919756913928,
                        48.72261489030253,
                        -44.95988223256346,
                        87.44936777136927,
                        120.2916680517106
                    ]
                ]
            },
            "est_tgt": [
                1,
                2,
                3,
                4
            ],
            "oracle_est_tgt": [
                1
            ]
        },
        "2": {
            "intv_type": "hard",
            "inode": 2,
            "new_mui": 1.0,
            "new_sigmai": 8.0,
            "true_params": {
                "Si": [
                    [
                        1.0,
                        -0.5880166390425124,
                        0.0,
                        -0.8389726892318318,
                        0.41092222224067226,
                        1.5128155654565574
                    ],
                    [
                        -0.5880166390425124,
                        1.3457635677908524,
                        0.0,
                        0.49332990097056,
                        -1.1401466341089423,
                        -0.688576972339653
                    ],
                    [
                        0.0,
                        0.0,
                        8.0,
                        -6.89547598120861,
                        9.329024438831881,
                        19.558870350077864
                    ],
                    [
                        -0.8389726892318318,
                        0.49332990097056,
                        -6.89547598120861,
                        7.6473237992049965,
                        -9.152525067036608,
                        -19.775945626916705
                    ],
                    [
                        0.41092222224067226,
                        -1.1401466341089423,
                        9.329024438831881,
                        -9.152525067036608,
                        13.44295582521061,
                        25.384586550175882
                    ],
                    [
                        1.5128155654565574,
                        -0.688576972339653,
                        19.558870350077864,
                        -19.775945626916705,
                        25.384586550175882,
                        54.62406022281212
                    ]
                ],
                "mui": [
                    0.0,
                    0.0,
                    1.0,
                    -0.8619344976510762,
                    1.1661280548539852,
                    2.444858793759733
                ],
                "Ai": [
                    [
                        0.0,
                        0.0,
                        0.0,
                        0.0,
                        0.0,
                        0.0
                    ],
                    [
                        -0.5880166390425124,
                        0.0,
                        0.0,
                        0.0,
                        0.0,
                        0.0
                    ],
                    [
                        0.0,
                        0.0,
                        0.0,
                        0.0,
                        0.0,
                        0.0
                    ],
                    [
                        -0.8389726892318318,
                        -0.0,
                        -0.8619344976510762,
                        0.0,
                        0.0,
                        0.0
                    ],
                    [
                        -0.760715554048395,
                        -0.898517530079102,
                        0.5052272359789778,
                        -0.7667645519190598,
                        0.0,
                        0.0
                    ],
                    [
                        0.9111399714097724,
                        0.9840797934723664,
                        0.5838314583303506,
                        -0.9800018469254115,
                        0.8715423075297327,
                        0.0
                    ]
                ]
            },
            "est_params": {
                "mui": [
                    0.04503308236156712,
                    -3.5559734146678577,
                    8.562336519070481,
                    -7.327454824089371,
                    13.244516284568315,
                    20.264333604939637
                ],
                "Si": [
                    [
                        1.0549480649473082,
                        0.05168049169926653,
                        -0.772966305726381,
                        -0.2199323491077036,
                        -1.0599744023860715,
                        -0.16862654399206156
                    ],
                    [
                        0.05168049169926663,
                        26.997157390702338,
                        -5.306527562244078,
                        4.829127834063544,
                        -30.48145971357562,
                        -8.267000424825197
                    ],
                    [
                        -0.772966305726381,
                        -5.306527562244078,
                        23.36803819143945,
                        -19.686355879122342,
                        32.4120284888959,
                        55.00829209848355
                    ],
                    [
                        -0.2199323491077036,
                        4.829127834063544,
                        -19.686355879122342,
                        18.59530925819695,
                        -28.47355088029749,
                        -49.78256086020414
                    ],
                    [
                        -1.0599744023860715,
                        -30.481459713575624,
                        32.4120284888959,
                        -28.47355088029749,
                        67.32679832118718,
                        74.76872506493504
                    ],
                    [
                        -0.16862654399206142,
                        -8.267000424825195,
                        55.00829209848355,
                        -49.78256086020414,
                        74.76872506493504,
                        138.11362019362264
                    ]
                ]
            },
            "est_tgt": [
                1,
                2,
                3
            ],
            "oracle_est_tgt": [
                2
            ]
        },
        "3": {
            "intv_type": "hard",
            "inode": 3,
            "new_mui": 1.0,
            "new_sigmai": 8.0,
            "true_params": {
                "Si": [
                    [
                        1.0,
                        -0.5880166390425124,
                        -0.38027739654838644,
                        0.0,
                        -0.4244987938539248,
                        -0.2595018866334497
                    ],
                    [
                        -0.5880166390425124,
                        1.3457635677908524,
                        -0.6744973459950546,
                        0.0,
                        -1.1026531834352145,
                        -0.5662283988797845
                    ],
                    [
                        -0.38027739654838644,
                        -0.6744973459950546,
                        1.9512066913087693,
                        0.0,
                        1.8811333832493888,
                        1.7684180325357703
                    ],
                    [
                        0.0,
                        0.0,
                        0.0,
                        8.0,
                        -6.134116415352478,
                        -13.186156750695602
                    ],
                    [
                        -0.4244987938539248,
                        -1.1026531834352145,
                        1.8811333832493888,
                        -6.134116415352478,
                        7.967498894437496,
                        12.581846098533838
                    ],
                    [
                        -0.2595018866334497,
                        -0.5662283988797845,
                        1.7684180325357703,
                        -13.186156750695602,
                        12.581846098533838,
                        25.126870762707075
                    ]
                ],
                "mui": [
                    0.0,
                    0.0,
                    0.0,
                    1.0,
                    -0.7667645519190598,
                    -1.6482695938369503
                ],
                "Ai": [
                    [
                        0.0,
                        0.0,
                        0.0,
                        0.0,
                        0.0,
                        0.0
                    ],
                    [
                        -0.5880166390425124,
                        0.0,
                        0.0,
                        0.0,
                        0.0,
                        0.0
                    ],
                    [
                        -0.9083791283642799,
                        -0.8981067826172735,
                        0.0,
                        0.0,
                        0.0,
                        0.0
                    ],
                    [
                        0.0,
                        0.0,
                        0.0,
                        0.0,
                        0.0,
                        0.0
                    ],
                    [
                        -0.760715554048395,
                        -0.898517530079102,
                        0.5052272359789778,
                        -0.7667645519190598,
                        0.0,
                        0.0
                    ],
                    [
                        0.9111399714097724,
                        0.9840797934723664,
                        0.5838314583303506,
                        -0.9800018469254115,
                        0.8715423075297327,
                        0.0
                    ]
                ]
            },
            "est_params": {
                "mui": [
                    0.005072535270977077,
                    -0.06543233387922318,
                    0.1059814629282251,
                    1.054755830944549,
                    -0.7162916025336895,
                    -1.6755448259959294
                ],
                "Si": [
                    [
                        0.9842689738678776,
                        -0.606778404192393,
                        -0.41584104599470634,
                        -0.3878285779545982,
                        -0.09206439343697369,
                        0.36646131982895636
                    ],
                    [
                        -0.606778404192393,
                        1.3556843420580802,
                        -0.6028988334668857,
                        0.5316890793980246,
                        -1.4772436355993421,
                        -1.3614157290202578
                    ],
                    [
                        -0.41584104599470634,
                        -0.6028988334668857,
                        1.8976369900536907,
                        0.08454285810750253,
                        1.8045472482906044,
                        1.5712563511298978
                    ],
                    [
                        -0.38782857795459824,
                        0.5316890793980246,
                        0.08454285810750263,
                        63.5839313129872,
                        -48.35276934289244,
                        -103.94432063911277
                    ],
                    [
                        -0.0920643934369737,
                        -1.4772436355993421,
                        1.8045472482906046,
                        -48.35276934289244,
                        39.92563163316192,
                        81.44492646419951
                    ],
                    [
                        0.3664613198289564,
                        -1.3614157290202575,
                        1.5712563511298978,
                        -103.94432063911277,
                        81.44492646419951,
                        173.22825324817703
                    ]
                ]
            },
            "est_tgt": [
                3,
                5
            ],
            "oracle_est_tgt": [
                3,
                5
            ]
        },
        "4": {
            "intv_type": "hard",
            "inode": 4,
            "new_mui": 1.0,
            "new_sigmai": 8.0,
            "true_params": {
                "Si": [
                    [
                        1.0,
                        -0.5880166390425124,
                        -0.38027739654838644,
                        -0.5111984824698392,
                        0.0,
                        0.6114422286714983
                    ],
                    [
                        -0.5880166390425124,
                        1.3457635677908524,
                        -0.6744973459950546,
                        1.0747024320577916,
                        0.0,
                        -0.6584298672955193
                    ],
                    [
                        -0.38027739654838644,
                        -0.6744973459950546,
                        1.9512066913087693,
                        -1.362770009250363,
                        0.0,
                        1.4644478289273009
                    ],
                    [
                        -0.5111984824698392,
                        1.0747024320577916,
                        -1.362770009250363,
                        2.603500048906117,
                        0.0,
                        -2.7552432815865053
                    ],
                    [
                        0.0,
                        0.0,
                        0.0,
                        0.0,
                        8.0,
                        6.972338460237862
                    ],
                    [
                        0.6114422286714983,
                        -0.6584298672955193,
                        1.4644478289273009,
                        -2.7552432815865053,
                        6.972338460237862,
                        10.540984093735222
                    ]
                ],
                "mui": [
                    0.0,
                    0.0,
                    0.0,
                    0.0,
                    1.0,
                    0.8715423075297327
                ],
                "Ai": [
                    [
                        0.0,
                        0.0,
                        0.0,
                        0.0,
                        0.0,
                        0.0
                    ],
                    [
                        -0.5880166390425124,
                        0.0,
                        0.0,
                        0.0,
                        0.0,
                        0.0
                    ],
                    [
                        -0.9083791283642799,
                        -0.8981067826172735,
                        0.0,
                        0.0,
                        0.0,
                        0.0
                    ],
                    [
                        -0.8389726892318318,
                        -0.0,
                        -0.8619344976510762,
                        0.0,
                        0.0,
                        0.0
                    ],
                    [
                        0.0,
                        0.0,
                        0.0,
                        0.0,
                        0.0,
                        0.0
                    ],
                    [
                        0.9111399714097724,
                        0.9840797934723664,
                        0.5838314583303506,
                        -0.9800018469254115,
                        0.8715423075297327,
                        0.0
                    ]
                ]
            },
            "est_params": {
                "mui": [
                    0.07657379424069208,
                    -0.09459960146874052,
                    0.008971095222484363,
                    -0.03522565312232312,
                    1.5224901217496176,
                    1.2958753667315135
                ],
                "Si": [
                    [
                        0.9634523869234558,
                        -0.5454787158290088,
                        -0.3680055779454798,
                        -0.4560894755544293,
                        0.5500238200261965,
                        1.0906273211182815
                    ],
                    [
                        -0.5454787158290088,
                        1.2113038359739645,
                        -0.6076142146691133,
                        0.9982484749840862,
                        -0.3362702244734367,
                        -0.9394246403066616
                    ],
                    [
                        -0.3680055779454798,
                        -0.6076142146691133,
                        1.8537709612744688,
                        -1.409772436217882,
                        -0.8949070192426261,
                        0.7304442846571932
                    ],
                    [
                        -0.4560894755544293,
                        0.9982484749840862,
                        -1.4097724362178818,
                        2.5390047471071013,
                        0.3790437104959575,
                        -2.454770612022568
                    ],
                    [
                        0.5500238200261965,
                        -0.3362702244734366,
                        -0.8949070192426261,
                        0.3790437104959573,
                        66.64978537690807,
                        57.76088356927321
                    ],
                    [
                        1.0906273211182815,
                        -0.9394246403066616,
                        0.7304442846571931,
                        -2.454770612022568,
                        57.76088356927321,
                        54.549032163446824
                    ]
                ]
            },
            "est_tgt": [
                3,
                4,
                5
            ],
            "oracle_est_tgt": [
                3,
                4,
                5
            ]
        },
        "5": {
            "intv_type": "hard",
            "inode": 5,
            "new_mui": 1.0,
            "new_sigmai": 8.0,
            "true_params": {
                "Si": [
                    [
                        1.0,
                        -0.5880166390425124,
                        -0.38027739654838644,
                        -0.5111984824698392,
                        -0.03252991850123518,
                        0.0
                    ],
                    [
                        -0.5880166390425124,
                        1.3457635677908524,
                        -0.6744973459950546,
                        1.0747024320577916,
                        -1.9266969121983306,
                        0.0
                    ],
                    [
                        -0.38027739654838644,
                        -0.6744973459950546,
                        1.9512066913087693,
                        -1.362770009250363,
                        2.9260571187609763,
                        0.0
                    ],
                    [
                        -0.5111984824698392,
                        1.0747024320577916,
                        -1.362770009250363,
                        2.603500048906117,
                        -3.2615424114711837,
                        0.0
                    ],
                    [
                        -0.03252991850123518,
                        -1.9266969121983306,
                        2.9260571187609763,
                        -3.2615424114711837,
                        6.735075821860224,
                        0.0
                    ],
                    [
                        0.0,
                        0.0,
                        0.0,
                        0.0,
                        0.0,
                        8.0
                    ]
                ],
                "mui": [
                    0.0,
                    0.0,
                    0.0,
                    0.0,
                    0.0,
                    1.0
                ],
                "Ai": [
                    [
                        0.0,
                        0.0,
                        0.0,
                        0.0,
                        0.0,
                        0.0
                    ],
                    [
                        -0.5880166390425124,
                        0.0,
                        0.0,
                        0.0,
                        0.0,
                        0.0
                    ],
                    [
                        -0.9083791283642799,
                        -0.8981067826172735,
                        0.0,
                        0.0,
                        0.0,
                        0.0
                    ],
                    [
                        -0.8389726892318318,
                        -0.0,
                        -0.8619344976510762,
                        0.0,
                        0.0,
                        0.0
                    ],
                    [
                        -0.760715554048395,
                        -0.898517530079102,
                        0.5052272359789778,
                        -0.7667645519190598,
                        0.0,
                        0.0
                    ],
                    [
                        0.0,
                        0.0,
                        0.0,
                        0.0,
                        0.0,
                        0.0
                    ]
                ]
            },
            "est_params": {
                "mui": [
                    0.03981873355972572,
                    0.01091459458117821,
                    -0.073692031180142,
                    -0.0021125872341738973,
                    -0.04097762596013765,
                    1.0469682652653354
                ],
                "Si": [
                    [
                        1.0402310963675727,
                        -0.49642701742665324,
                        -0.45438432529991923,
                        -0.5017206947948466,
                        -0.1973975843556279,
                        0.22271672290424016
                    ],
                    [
                        -0.4964270174266534,
                        1.1262007345464453,
                        -0.6427365594990155,
                        0.975926822540684,
                        -1.8392637557051177,
                        0.3838143629651986
                    ],
                    [
                        -0.45438432529991923,
                        -0.6427365594990155,
                        2.019027987659903,
                        -1.3167807374018696,
                        3.1144958420993194,
                        0.18987329284995383
                    ],
                    [
                        -0.5017206947948466,
                        0.975926822540684,
                        -1.3167807374018696,
                        2.637785815869268,
                        -3.3211334806494244,
                        -0.6414761971482327
                    ],
                    [
                        -0.1973975843556279,
                        -1.8392637557051177,
                        3.1144958420993194,
                        -3.321133480649424,
                        7.283364254818722,
                        0.05914361855908495
                    ],
                    [
                        0.22271672290424016,
                        0.3838143629651986,
                        0.18987329284995402,
                        -0.6414761971482326,
                        0.05914361855908485,
                        66.27662157140992
                    ]
                ]
            },
            "est_tgt": [
                3,
                4,
                5
            ],
            "oracle_est_tgt": [
                3,
                4,
                5
            ]
        },
        "obs": {
            "intv_type": "obs",
            "true_params": {
                "Si": [
                    [
                        1.0,
                        -0.5880166390425124,
                        -0.38027739654838644,
                        -0.5111984824698392,
                        -0.03252991850123518,
                        0.5830910284371776
                    ],
                    [
                        -0.5880166390425124,
                        1.3457635677908524,
                        -0.6744973459950546,
                        1.0747024320577916,
                        -1.9266969121983306,
                        -2.337627740063263
                    ],
                    [
                        -0.38027739654838644,
                        -0.6744973459950546,
                        1.9512066913087693,
                        -1.362770009250363,
                        2.9260571187609763,
                        4.014630402176044
                    ],
                    [
                        -0.5111984824698392,
                        1.0747024320577916,
                        -1.362770009250363,
                        2.603500048906117,
                        -3.2615424114711837,
                        -5.59781548098619
                    ],
                    [
                        -0.03252991850123518,
                        -1.9266969121983306,
                        2.9260571187609763,
                        -3.2615424114711837,
                        6.735075821860224,
                        8.84888249659006
                    ],
                    [
                        0.5830910284371776,
                        -2.337627740063263,
                        4.014630402176044,
                        -5.59781548098619,
                        8.84888249659006,
                        14.772777821934305
                    ]
                ],
                "mui": [
                    0.0,
                    0.0,
                    0.0,
                    0.0,
                    0.0,
                    0.0
                ],
                "Ai": [
                    [
                        0.0,
                        0.0,
                        0.0,
                        0.0,
                        0.0,
                        0.0
                    ],
                    [
