{
    "expt_args": {
        "save_dir": "all_expt_logs/expt_logs_11.05.24-hard_var_shift",
        "exp_name": "393",
        "num_nodes": 6,
        "obs_noise_mean": 0.0,
        "obs_noise_var": 1.0,
        "max_edge_strength": 1.0,
        "graph_sparsity_method": "adj_dense_prop",
        "adj_dense_prop": 0.8,
        "num_parents": null,
        "new_noise_mean": 1.0,
        "mix_samples": 2048,
        "stage2_samples": 2048,
        "gmm_tol": 0.001,
        "intv_type": "hard",
        "new_noise_sigma": 0.1,
        "intv_targets": [
            0,
            1,
            2,
            3,
            4,
            5
        ]
    },
    "intv_args_dict": {
        "0": {
            "intv_type": "hard",
            "inode": 0,
            "new_mui": 1.0,
            "new_sigmai": 0.1,
            "true_params": {
                "Si": [
                    [
                        0.1,
                        0.09736801869546075,
                        -0.019432639492414784,
                        -0.016907059046507977,
                        0.10121142871693192,
                        0.17624187001783573
                    ],
                    [
                        0.09736801869546075,
                        1.0948053106467959,
                        0.6069413593455718,
                        0.18161955724154766,
                        -0.6281158247754136,
                        -0.13338404444012503
                    ],
                    [
                        -0.019432639492414784,
                        0.6069413593455718,
                        1.3954801879931966,
                        -0.6468250708813948,
                        -0.8881504004063414,
                        0.9058627738205174
                    ],
                    [
                        -0.016907059046507977,
                        0.18161955724154766,
                        -0.6468250708813948,
                        1.641298420920719,
                        -0.5261161844964102,
                        -2.4495831667083108
                    ],
                    [
                        0.10121142871693192,
                        -0.6281158247754136,
                        -0.8881504004063414,
                        -0.5261161844964102,
                        2.2712487745313514,
                        1.7793431744876629
                    ],
                    [
                        0.17624187001783573,
                        -0.13338404444012503,
                        0.9058627738205174,
                        -2.4495831667083108,
                        1.7793431744876629,
                        5.574135801801102
                    ]
                ],
                "mui": [
                    1.0,
                    0.9736801869546075,
                    -0.19432639492414783,
                    -0.16907059046507977,
                    1.0121142871693192,
                    1.7624187001783571
                ],
                "Ai": [
                    [
                        0.0,
                        0.0,
                        0.0,
                        0.0,
                        0.0,
                        0.0
                    ],
                    [
                        0.9736801869546075,
                        0.0,
                        0.0,
                        0.0,
                        0.0,
                        0.0
                    ],
                    [
                        -0.8037163453998836,
                        0.6258625353995677,
                        0.0,
                        0.0,
                        0.0,
                        0.0
                    ],
                    [
                        -0.9840814441626851,
                        0.6825508161273257,
                        -0.7740824271630562,
                        0.0,
                        0.0,
                        0.0
                    ],
                    [
                        0.7127742321704476,
                        -0.0,
                        -0.9441669705778191,
                        -0.6852965443683172,
                        0.0,
                        0.0
                    ],
                    [
                        0.9162746227443069,
                        -0.0,
                        0.7662940600105417,
                        -0.9148793641417219,
                        0.8303173425387493,
                        0.0
                    ]
                ]
            },
            "est_params": {
                "mui": [
                    0.993059144984413,
                    0.8079664372833115,
                    -0.24388266465845693,
                    -0.18396007667407652,
                    1.011694234172516,
                    1.8852546732585098
                ],
                "Si": [
                    [
                        0.01066406086569647,
                        0.024300623977018203,
                        -0.0010914621913508734,
                        0.0012339164155310387,
                        -0.003773147965736751,
                        0.009366821269819244
                    ],
                    [
                        0.024300623977018203,
                        0.9592606331457031,
                        0.5600797993547875,
                        0.18220773406776591,
                        -0.5728222248712315,
                        -0.15847290208747788
                    ],
                    [
                        -0.0010914621913508716,
                        0.5600797993547875,
                        1.2741452581575585,
                        -0.6872951828835453,
                        -0.6866991996371524,
                        0.9991638663743352
                    ],
                    [
                        0.0012339164155310387,
                        0.18220773406776591,
                        -0.6872951828835453,
                        1.7070292191027712,
                        -0.4919473208358238,
                        -2.4728500174721515
                    ],
                    [
                        -0.0037731479657367503,
                        -0.5728222248712315,
                        -0.6866991996371524,
                        -0.49194732083582393,
                        1.8325508252714966,
                        1.3546391956043808
                    ],
                    [
                        0.00936682126981925,
                        -0.15847290208747786,
                        0.9991638663743352,
                        -2.4728500174721515,
                        1.3546391956043808,
                        5.041285217383212
                    ]
                ]
            },
            "est_tgt": [
                0,
                1,
                2,
                5
            ],
            "oracle_est_tgt": [
                0
            ]
        },
        "1": {
            "intv_type": "hard",
            "inode": 1,
            "new_mui": 1.0,
            "new_sigmai": 0.1,
            "true_params": {
                "Si": [
                    [
                        1.0,
                        0.0,
                        -0.8037163453998836,
                        -0.36193874476492194,
                        1.719652030270939,
                        2.059378753865711
                    ],
                    [
                        0.0,
                        0.1,
                        0.06258625353995677,
                        0.019808162565480417,
                        -0.07266633876104588,
                        -0.030498726138832095
                    ],
                    [
                        -0.8037163453998836,
                        0.06258625353995677,
                        1.6851303551846226,
                        -0.47078915511713354,
                        -1.8412825423307781,
                        -0.543253054185983
                    ],
                    [
                        -0.36193874476492194,
                        0.019808162565480417,
                        -0.47078915511713354,
                        1.7341268920468607,
                        -1.0018682071406013,
                        -3.110783675563605
                    ],
                    [
                        1.719652030270939,
                        -0.07266633876104588,
                        -1.8412825423307781,
                        -1.0018682071406013,
                        4.650778635712932,
                        4.942920346142553
                    ],
                    [
                        2.059378753865711,
                        -0.030498726138832095,
                        -0.543253054185983,
                        -3.110783675563605,
                        4.942920346142553,
                        9.420849179552519
                    ]
                ],
                "mui": [
                    0.0,
                    1.0,
                    0.6258625353995677,
                    0.19808162565480414,
                    -0.7266633876104588,
                    -0.30498726138832094
                ],
                "Ai": [
                    [
                        0.0,
                        0.0,
                        0.0,
                        0.0,
                        0.0,
                        0.0
                    ],
                    [
                        0.0,
                        0.0,
                        0.0,
                        0.0,
                        0.0,
                        0.0
                    ],
                    [
                        -0.8037163453998836,
                        0.6258625353995677,
                        0.0,
                        0.0,
                        0.0,
                        0.0
                    ],
                    [
                        -0.9840814441626851,
                        0.6825508161273257,
                        -0.7740824271630562,
                        0.0,
                        0.0,
                        0.0
                    ],
                    [
                        0.7127742321704476,
                        -0.0,
                        -0.9441669705778191,
                        -0.6852965443683172,
                        0.0,
                        0.0
                    ],
                    [
                        0.9162746227443069,
                        -0.0,
                        0.7662940600105417,
                        -0.9148793641417219,
                        0.8303173425387493,
                        0.0
                    ]
                ]
            },
            "est_params": {
                "mui": [
                    0.022084516673115822,
                    0.9905890589305288,
                    0.6021422013652307,
                    0.11562156423135225,
                    -0.5521890950805032,
                    -0.14702050644253045
                ],
                "Si": [
                    [
                        1.0055315538796143,
                        -0.0020378580693802607,
                        -0.8867666471054455,
                        -0.2892700774256926,
                        1.8005565917917563,
                        2.0119300714269097
                    ],
                    [
                        -0.0020378580693802615,
                        0.010778023776368613,
                        0.01041715779237393,
                        0.004464988059070506,
                        -0.010349838304135058,
                        -0.002695004920274059
                    ],
                    [
                        -0.8867666471054455,
                        0.010417157792373932,
                        1.6716930326804895,
                        -0.4450779460059691,
                        -1.9581896612429315,
                        -0.6844052651828333
                    ],
                    [
                        -0.2892700774256926,
                        0.004464988059070505,
                        -0.4450779460059691,
                        1.5938769005478686,
                        -0.8409852564624297,
                        -2.851338244173479
                    ],
                    [
                        1.8005565917917559,
                        -0.01034983830413505,
                        -1.9581896612429315,
                        -0.8409852564624299,
                        4.7446304769963765,
                        4.851401467592541
                    ],
                    [
                        2.0119300714269097,
                        -0.002695004920274065,
                        -0.6844052651828331,
                        -2.851338244173479,
                        4.851401467592541,
                        9.044825171016159
                    ]
                ]
            },
            "est_tgt": [
                0,
                1,
                3
            ],
            "oracle_est_tgt": [
                1,
                2
            ]
        },
        "2": {
            "intv_type": "hard",
            "inode": 2,
            "new_mui": 1.0,
            "new_sigmai": 0.1,
            "true_params": {
                "Si": [
                    [
                        1.0,
                        0.9736801869546075,
                        0.0,
                        -0.3194952379098107,
                        0.9317232146521742,
                        1.9822001664211966
                    ],
                    [
                        0.9736801869546075,
                        1.9480531064679594,
                        0.0,
                        0.37146463314819445,
                        0.43945071818464587,
                        0.917196671099501
                    ],
                    [
                        0.0,
                        0.0,
                        0.1,
                        -0.07740824271630563,
                        -0.04136909581867371,
                        0.11309913217328389
                    ],
                    [
                        -0.3194952379098107,
                        0.37146463314819445,
                        -0.07740824271630563,
                        1.62787318404739,
                        -1.2702175345575988,
                        -2.8960540864383972
                    ],
                    [
                        0.9317232146521742,
                        0.43945071818464587,
                        -0.04136909581867371,
                        -1.2702175345575988,
                        2.573643319822111,
                        4.121049936908698
                    ],
                    [
                        1.9822001664211966,
                        0.917196671099501,
                        0.11309913217328389,
                        -2.8960540864383972,
                        4.121049936908698,
                        8.974226256072326
                    ]
                ],
                "mui": [
                    0.0,
                    0.0,
                    1.0,
                    -0.7740824271630562,
                    -0.41369095818673707,
                    1.130991321732839
                ],
                "Ai": [
                    [
                        0.0,
                        0.0,
                        0.0,
                        0.0,
                        0.0,
                        0.0
                    ],
                    [
                        0.9736801869546075,
                        0.0,
                        0.0,
                        0.0,
                        0.0,
                        0.0
                    ],
                    [
                        0.0,
                        0.0,
                        0.0,
                        0.0,
                        0.0,
                        0.0
                    ],
                    [
                        -0.9840814441626851,
                        0.6825508161273257,
                        -0.7740824271630562,
                        0.0,
                        0.0,
                        0.0
                    ],
                    [
                        0.7127742321704476,
                        -0.0,
                        -0.9441669705778191,
                        -0.6852965443683172,
                        0.0,
                        0.0
                    ],
                    [
                        0.9162746227443069,
                        -0.0,
                        0.7662940600105417,
                        -0.9148793641417219,
                        0.8303173425387493,
                        0.0
                    ]
                ]
            },
            "est_params": {
                "mui": [
                    -0.011702127909099792,
                    0.0048263272976000905,
                    1.001751611793855,
                    -0.7408800216613977,
                    -0.43805035635131995,
                    1.0817461068164587
                ],
                "Si": [
                    [
                        1.0162053865904421,
                        1.0490106716046876,
                        -0.003151825427594672,
                        -0.28471554242297187,
                        1.0026326022664267,
                        1.985466668348502
                    ],
                    [
                        1.0490106716046879,
                        2.117837229190443,
                        -0.015594494400773573,
                        0.398573132782712,
                        0.5483054950652209,
                        1.0551031491407705
                    ],
                    [
                        -0.003151825427594673,
                        -0.015594494400773573,
                        0.010236060766752009,
                        -0.02095568134551913,
                        0.004839414781650424,
                        0.030674375409414697
                    ],
                    [
                        -0.28471554242297187,
                        0.398573132782712,
                        -0.02095568134551913,
                        1.6393627174297152,
                        -1.2706363993330108,
                        -2.758890424179928
                    ],
                    [
                        1.0026326022664267,
                        0.5483054950652209,
                        0.004839414781650427,
                        -1.2706363993330108,
                        2.842975758243677,
                        4.435055238908295
                    ],
                    [
                        1.985466668348502,
                        1.0551031491407703,
                        0.030674375409414697,
                        -2.758890424179928,
                        4.435055238908295,
                        8.744732313508937
                    ]
                ]
            },
            "est_tgt": [
                0,
                2
            ],
            "oracle_est_tgt": [
                1,
                2
            ]
        },
        "3": {
            "intv_type": "hard",
            "inode": 3,
            "new_mui": 1.0,
            "new_sigmai": 0.1,
            "true_params": {
                "Si": [
                    [
                        1.0,
                        0.9736801869546075,
                        -0.19432639492414783,
                        0.0,
                        0.8962507957692891,
                        1.5115360396020652
                    ],
                    [
                        0.9736801869546075,
                        1.9480531064679594,
                        0.43665077485960857,
                        0.0,
                        0.2817429083364943,
                        1.460697363978454
                    ],
                    [
                        -0.19432639492414783,
                        0.43665077485960857,
                        1.429466660980991,
                        0.0,
                        -1.488166053772923,
                        -0.3183146159306597
                    ],
                    [
                        0.0,
                        0.0,
                        0.0,
                        0.1,
                        -0.06852965443683172,
                        -0.1483892969712611
                    ],
                    [
                        0.8962507957692891,
                        0.2817429083364943,
                        -1.488166053772923,
                        -0.06852965443683172,
                        3.0908648428664525,
                        2.309934101613613
                    ],
                    [
                        1.5115360396020652,
                        1.460697363978454,
                        -0.3183146159306597,
                        -0.1483892969712611,
                        2.309934101613613,
                        4.194796165398557
                    ]
                ],
                "mui": [
                    0.0,
                    0.0,
                    0.0,
                    1.0,
                    -0.6852965443683172,
                    -1.483892969712611
                ],
                "Ai": [
                    [
                        0.0,
                        0.0,
                        0.0,
                        0.0,
                        0.0,
                        0.0
                    ],
                    [
                        0.9736801869546075,
                        0.0,
                        0.0,
                        0.0,
                        0.0,
                        0.0
                    ],
                    [
                        -0.8037163453998836,
                        0.6258625353995677,
                        0.0,
                        0.0,
                        0.0,
                        0.0
                    ],
                    [
                        0.0,
                        0.0,
                        0.0,
                        0.0,
                        0.0,
                        0.0
                    ],
                    [
                        0.7127742321704476,
                        -0.0,
                        -0.9441669705778191,
                        -0.6852965443683172,
                        0.0,
                        0.0
                    ],
                    [
                        0.9162746227443069,
                        -0.0,
                        0.7662940600105417,
                        -0.9148793641417219,
                        0.8303173425387493,
                        0.0
                    ]
                ]
            },
            "est_params": {
                "mui": [
                    -0.015590408504343702,
                    0.05762831594538522,
                    0.09830316090093888,
                    1.000292144316896,
                    -0.7780898754578326,
                    -1.5324805903965073
                ],
                "Si": [
                    [
                        0.9490371356758516,
                        0.9317834304949494,
                        -0.13590826652075705,
                        0.0015476830847396753,
                        0.8052458126129126,
                        1.294246356945509
                    ],
                    [
                        0.9317834304949494,
                        1.828632393735302,
                        0.377158386432316,
                        0.005245314062358473,
                        0.3021018514803667,
                        1.310225037959785
                    ],
                    [
                        -0.13590826652075705,
                        0.377158386432316,
                        1.3095504603110757,
                        -0.007489321401857283,
                        -1.2601432052225539,
                        -0.10335405121990393
                    ],
                    [
                        0.0015476830847396764,
                        0.005245314062358469,
                        -0.007489321401857282,
                        0.010279482934762673,
                        0.004914094781746786,
                        -0.003336434531875201
                    ],
                    [
                        0.8052458126129126,
                        0.30210185148036667,
                        -1.2601432052225539,
                        0.004914094781746786,
                        2.8255846326800684,
                        1.991277660283317
                    ],
                    [
                        1.294246356945509,
                        1.310225037959785,
                        -0.10335405121990393,
                        -0.003336434531875202,
                        1.991277660283317,
                        3.5072521787006696
                    ]
                ]
            },
            "est_tgt": [
                0,
                3
            ],
            "oracle_est_tgt": [
                3
            ]
        },
        "4": {
            "intv_type": "hard",
            "inode": 4,
            "new_mui": 1.0,
            "new_sigmai": 0.1,
            "true_params": {
                "Si": [
                    [
                        1.0,
                        0.9736801869546075,
                        -0.19432639492414783,
                        -0.16907059046507977,
                        0.0,
                        0.9220426549104274
                    ],
                    [
                        0.9736801869546075,
                        1.9480531064679594,
                        0.43665077485960857,
                        0.033460941522239385,
                        0.0,
                        1.1961486161459078
                    ],
                    [
                        -0.19432639492414783,
                        0.43665077485960857,
                        1.429466660980991,
                        -0.6172556803818965,
                        0.0,
                        1.4820499514751067
                    ],
                    [
                        -0.16907059046507977,
                        0.033460941522239385,
                        -0.6172556803818965,
                        1.667024799024909,
                        0.0,
                        -2.153041041020351
                    ],
                    [
                        0.0,
                        0.0,
                        0.0,
                        0.0,
                        0.1,
                        0.08303173425387494
                    ],
                    [
                        0.9220426549104274,
                        1.1961486161459078,
                        1.4820499514751067,
                        -2.153041041020351,
                        0.08303173425387494,
                        5.019245867748288
                    ]
                ],
                "mui": [
                    0.0,
                    0.0,
                    0.0,
                    0.0,
                    1.0,
                    0.8303173425387493
                ],
                "Ai": [
                    [
                        0.0,
                        0.0,
                        0.0,
                        0.0,
                        0.0,
                        0.0
                    ],
                    [
                        0.9736801869546075,
                        0.0,
                        0.0,
                        0.0,
                        0.0,
                        0.0
                    ],
                    [
                        -0.8037163453998836,
                        0.6258625353995677,
                        0.0,
                        0.0,
                        0.0,
                        0.0
                    ],
                    [
                        -0.9840814441626851,
                        0.6825508161273257,
                        -0.7740824271630562,
                        0.0,
                        0.0,
                        0.0
                    ],
                    [
                        0.0,
                        0.0,
                        0.0,
                        0.0,
                        0.0,
                        0.0
                    ],
                    [
                        0.9162746227443069,
                        -0.0,
                        0.7662940600105417,
                        -0.9148793641417219,
                        0.8303173425387493,
                        0.0
                    ]
                ]
            },
            "est_params": {
                "mui": [
                    0.0845111214059322,
                    0.06747334432892277,
                    -0.1294411103856001,
                    0.09391684017833911,
                    0.9998071858020856,
                    0.7401842495462803
                ],
                "Si": [
                    [
                        0.85476841916359,
                        0.7634096297233525,
                        -0.23410543779735257,
                        -0.1822574222506593,
                        -0.004506240268845553,
                        0.7650768490088427
                    ],
                    [
                        0.7634096297233525,
                        1.5486681404922829,
                        0.3329206395968926,
                        -0.1073923368381931,
                        0.00018179773031123993,
                        1.0284537395573097
                    ],
                    [
                        -0.23410543779735257,
                        0.3329206395968926,
                        1.329066935238552,
                        -0.6657193973560798,
                        0.012256886325514192,
                        1.3639259978523197
                    ],
                    [
                        -0.18225742225065933,
                        -0.10739233683819309,
                        -0.6657193973560798,
                        1.623789547472714,
                        0.0015410151826696756,
                        -2.079691356418036
                    ],
                    [
                        -0.004506240268845555,
                        0.0001817977303112414,
                        0.01225688632551419,
                        0.001541015182669676,
                        0.010219839666842492,
                        0.030089957483520117
                    ],
                    [
                        0.7650768490088427,
                        1.0284537395573097,
                        1.36392599785232,
                        -2.079691356418036,
                        0.030089957483520113,
                        4.607214680161021
                    ]
                ]
            },
            "est_tgt": [
                4,
                5
            ],
            "oracle_est_tgt": [
                4,
                5
            ]
        },
        "5": {
            "intv_type": "hard",
            "inode": 5,
            "new_mui": 1.0,
            "new_sigmai": 0.1,
            "true_params": {
                "Si": [
                    [
                        1.0,
                        0.9736801869546075,
                        -0.19432639492414783,
                        -0.16907059046507977,
                        1.0121142871693192,
                        0.0
                    ],
                    [
                        0.9736801869546075,
                        1.9480531064679594,
                        0.43665077485960857,
                        0.033460941522239385,
                        0.2588122407399932,
                        0.0
                    ],
                    [
                        -0.19432639492414783,
                        0.43665077485960857,
                        1.429466660980991,
                        -0.6172556803818965,
                        -1.065162869015495,
                        0.0
                    ],
                    [
                        -0.16907059046507977,
                        0.033460941522239385,
                        -0.6172556803818965,
                        1.667024799024909,
                        -0.6801230686312842,
                        0.0
                    ],
                    [
                        1.0121142871693192,
                        0.2588122407399932,
                        -1.065162869015495,
                        -0.6801230686312842,
                        3.1931865717943846,
                        0.0
                    ],
                    [
                        0.0,
                        0.0,
                        0.0,
                        0.0,
                        0.0,
                        0.1
                    ]
                ],
                "mui": [
                    0.0,
                    0.0,
                    0.0,
                    0.0,
                    0.0,
                    1.0
                ],
                "Ai": [
                    [
                        0.0,
                        0.0,
                        0.0,
                        0.0,
                        0.0,
                        0.0
                    ],
                    [
                        0.9736801869546075,
                        0.0,
                        0.0,
                        0.0,
                        0.0,
                        0.0
                    ],
                    [
                        -0.8037163453998836,
                        0.6258625353995677,
                        0.0,
                        0.0,
                        0.0,
                        0.0
                    ],
                    [
                        -0.9840814441626851,
                        0.6825508161273257,
                        -0.7740824271630562,
                        0.0,
                        0.0,
                        0.0
                    ],
                    [
                        0.7127742321704476,
                        -0.0,
                        -0.9441669705778191,
                        -0.6852965443683172,
                        0.0,
                        0.0
                    ],
                    [
                        0.0,
                        0.0,
                        0.0,
                        0.0,
                        0.0,
                        0.0
                    ]
                ]
            },
            "est_params": {
                "mui": [
                    -0.032489354726054735,
                    0.006078423264740855,
                    -0.004990780542708396,
                    0.04230409141413838,
                    -0.12680055799760676,
                    1.0100485556771315
                ],
                "Si": [
                    [
                        1.0921827574220262,
                        1.1082672777416647,
                        -0.17823202390195175,
                        -0.11555361611832747,
                        0.9863496035165593,
                        -0.006686889712007328
                    ],
                    [
                        1.1082672777416647,
                        2.0952331276674925,
                        0.5478098239918959,
                        -0.06153008430451982,
                        0.17497010489907702,
                        -0.01928144451431458
                    ],
                    [
                        -0.17823202390195178,
                        0.5478098239918959,
                        1.677562582314408,
                        -0.8200414062942001,
                        -1.1434824033641708,
                        -0.011094375406867035
                    ],
                    [
                        -0.11555361611832747,
                        -0.061530084304519846,
                        -0.8200414062942001,
                        1.7125864627859764,
                        -0.5906290319321263,
                        0.001613618417388194
                    ],
                    [
                        0.9863496035165593,
                        0.17497010489907702,
                        -1.1434824033641708,
                        -0.5906290319321262,
                        3.3690407549887547,
                        0.0034947400762593357
                    ],
                    [
                        -0.006686889712007329,
                        -0.01928144451431458,
                        -0.011094375406867037,
                        0.0016136184173881905,
                        0.0034947400762593366,
                        0.010345109087266255
                    ]
                ]
            },
            "est_tgt": [
                4,
                5
            ],
            "oracle_est_tgt": [
                4,
                5
            ]
        },
        "obs": {
            "intv_type": "obs",
            "true_params": {
                "Si": [
                    [
                        1.0,
                        0.9736801869546075,
                        -0.19432639492414783,
                        -0.16907059046507977,
                        1.0121142871693192,
                        1.7624187001783571
                    ],
                    [
                        0.9736801869546075,
                        1.9480531064679594,
                        0.43665077485960857,
                        0.033460941522239385,
                        0.2588122407399932,
                        1.411044908093638
                    ],
                    [
                        -0.19432639492414783,
                        0.43665077485960857,
                        1.429466660980991,
                        -0.6172556803818965,
                        -1.065162869015495,
                        0.597626748703211
                    ],
                    [
                        -0.16907059046507977,
                        0.033460941522239385,
                        -0.6172556803818965,
                        1.667024799024909,
                        -0.6801230686312842,
                        -2.7177590199655786
                    ],
                    [
                        1.0121142871693192,
                        0.2588122407399932,
                        -1.065162869015495,
                        -0.6801230686312842,
                        3.1931865717943846,
                        3.3847354062700687
                    ],
                    [
                        1.7624187001783571,
                        1.411044908093638,
                        0.597626748703211,
                        -2.7177590199655786,
                        3.3847354062700687,
                        8.369643509065636
                    ]
                ],
                "mui": [
                    0.0,
                    0.0,
                    0.0,
                    0.0,
                    0.0,
                    0.0
                ],
                "Ai": [
                    [
                        0.0,
                        0.0,
                        0.0,
                        0.0,
