{
    "expt_args": {
        "save_dir": "all_expt_logs/expt_logs_11.05.24-hard_var_shift",
        "exp_name": "141",
        "num_nodes": 6,
        "obs_noise_mean": 0.0,
        "obs_noise_var": 1.0,
        "max_edge_strength": 1.0,
        "graph_sparsity_method": "adj_dense_prop",
        "adj_dense_prop": 0.8,
        "num_parents": null,
        "new_noise_mean": 1.0,
        "mix_samples": 32768,
        "stage2_samples": 32768,
        "gmm_tol": 0.001,
        "intv_type": "hard",
        "new_noise_sigma": 1.0,
        "intv_targets": [
            0,
            1,
            2,
            3,
            4,
            5
        ]
    },
    "intv_args_dict": {
        "0": {
            "intv_type": "hard",
            "inode": 0,
            "new_mui": 1.0,
            "new_sigmai": 1.0,
            "true_params": {
                "Si": [
                    [
                        1.0,
                        0.7015427601593655,
                        -0.1321079835167882,
                        -0.8671348426289385,
                        -0.005438198986315221,
                        -0.3128389473014037
                    ],
                    [
                        0.7015427601593655,
                        1.4921622443320208,
                        0.8547048259101706,
                        -0.08299044749310391,
                        -0.6515927197622067,
                        -2.5168490153122827
                    ],
                    [
                        -0.1321079835167882,
                        0.8547048259101706,
                        1.9149893896668133,
                        1.1667740212918782,
                        -0.7171363238247311,
                        -3.27444501047403
                    ],
                    [
                        -0.8671348426289385,
                        -0.08299044749310391,
                        1.1667740212918782,
                        2.3353971116579286,
                        0.38302140494363185,
                        -1.6653921271680432
                    ],
                    [
                        -0.005438198986315221,
                        -0.6515927197622067,
                        -0.7171363238247311,
                        0.38302140494363185,
                        2.0332439595212057,
                        2.482091684023776
                    ],
                    [
                        -0.3128389473014037,
                        -2.5168490153122827,
                        -3.27444501047403,
                        -1.6653921271680432,
                        2.482091684023776,
                        8.58515265004202
                    ]
                ],
                "mui": [
                    1.0,
                    0.7015427601593655,
                    -0.1321079835167882,
                    -0.8671348426289385,
                    -0.005438198986315221,
                    -0.3128389473014037
                ],
                "Ai": [
                    [
                        0.0,
                        0.0,
                        0.0,
                        0.0,
                        0.0,
                        0.0
                    ],
                    [
                        0.7015427601593655,
                        0.0,
                        0.0,
                        0.0,
                        0.0,
                        0.0
                    ],
                    [
                        -0.7967385278691393,
                        0.9473842253056262,
                        0.0,
                        0.0,
                        0.0,
                        0.0
                    ],
                    [
                        -0.7938785714282395,
                        -0.0,
                        0.5545181241176813,
                        0.0,
                        0.0,
                        0.0
                    ],
                    [
                        0.9823597011738431,
                        -0.5490975926591937,
                        -0.5346712883481377,
                        0.7763692243251734,
                        0.0,
                        0.0
                    ],
                    [
                        -0.6195113015160184,
                        -0.6966139051003579,
                        -0.5771883706510608,
                        -0.8352678403709399,
                        0.9496237850071092,
                        0.0
                    ]
                ]
            },
            "est_params": {
                "mui": [
                    0.5472497900373244,
                    -0.5364672097285067,
                    -1.5409938639023628,
                    -1.0408925886766274,
                    1.4263615009764539,
                    3.47044783377396
                ],
                "Si": [
                    [
                        1.1289545744638534,
                        0.8309347815916525,
                        -0.03213522426219456,
                        -0.9144254444303597,
                        -0.04672512535797321,
                        -0.5385456608227365
                    ],
                    [
                        0.8309347815916525,
                        1.3048854226527087,
                        0.4316043357914691,
                        -0.5089638867457926,
                        -0.2639645244185354,
                        -1.4289624013007576
                    ],
                    [
                        -0.03213522426219456,
                        0.4316043357914691,
                        1.1848523946108316,
                        0.4796782809818918,
                        -0.1923255232411282,
                        -1.4083148896659934
                    ],
                    [
                        -0.9144254444303597,
                        -0.5089638867457926,
                        0.47967828098189164,
                        2.922041737202558,
                        1.3738361947985582,
                        -0.33474351156132504
                    ],
                    [
                        -0.04672512535797323,
                        -0.2639645244185354,
                        -0.1923255232411282,
                        1.3738361947985582,
                        2.080206001127776,
                        1.1114934423534546
                    ],
                    [
                        -0.5385456608227365,
                        -1.4289624013007576,
                        -1.4083148896659934,
                        -0.33474351156132504,
                        1.1114934423534546,
                        4.078711542990235
                    ]
                ]
            },
            "est_tgt": [
                0,
                1,
                2,
                3,
                4,
                5
            ],
            "oracle_est_tgt": [
                0
            ]
        },
        "1": {
            "intv_type": "hard",
            "inode": 1,
            "new_mui": 1.0,
            "new_sigmai": 1.0,
            "true_params": {
                "Si": [
                    [
                        1.0,
                        0.0,
                        -0.7967385278691393,
                        -1.2356845253145177,
                        0.4490054799171823,
                        1.2988707393868304
                    ],
                    [
                        0.0,
                        1.0,
                        0.9473842253056262,
                        0.5253417234351586,
                        -0.6477775906350512,
                        -2.2973791167371056
                    ],
                    [
                        -0.7967385278691393,
                        0.9473842253056262,
                        2.5323291521490248,
                        2.036736055404787,
                        -1.0755947184011685,
                        -4.350633893758896
                    ],
                    [
                        -1.2356845253145177,
                        0.5253417234351586,
                        2.036736055404787,
                        3.1103905224585797,
                        -0.17652337019363207,
                        -3.5416601515485806
                    ],
                    [
                        0.4490054799171823,
                        -0.6477775906350512,
                        -1.0755947184011685,
                        -0.17652337019363207,
                        2.23482030650865,
                        3.0635904832664504
                    ],
                    [
                        1.2988707393868304,
                        -2.2973791167371056,
                        -4.350633893758896,
                        -3.5416601515485806,
                        3.0635904832664504,
                        10.17434964072866
                    ]
                ],
                "mui": [
                    0.0,
                    1.0,
                    0.9473842253056262,
                    0.5253417234351586,
                    -0.6477775906350512,
                    -2.2973791167371056
                ],
                "Ai": [
                    [
                        0.0,
                        0.0,
                        0.0,
                        0.0,
                        0.0,
                        0.0
                    ],
                    [
                        0.0,
                        0.0,
                        0.0,
                        0.0,
                        0.0,
                        0.0
                    ],
                    [
                        -0.7967385278691393,
                        0.9473842253056262,
                        0.0,
                        0.0,
                        0.0,
                        0.0
                    ],
                    [
                        -0.7938785714282395,
                        -0.0,
                        0.5545181241176813,
                        0.0,
                        0.0,
                        0.0
                    ],
                    [
                        0.9823597011738431,
                        -0.5490975926591937,
                        -0.5346712883481377,
                        0.7763692243251734,
                        0.0,
                        0.0
                    ],
                    [
                        -0.6195113015160184,
                        -0.6966139051003579,
                        -0.5771883706510608,
                        -0.8352678403709399,
                        0.9496237850071092,
                        0.0
                    ]
                ]
            },
            "est_params": {
                "mui": [
                    0.16602578185513386,
                    1.5752792421528945,
                    1.753390755398746,
                    0.7560789020427024,
                    -1.4518502263572655,
                    -4.3572794981027965
                ],
                "Si": [
                    [
                        1.3872926647389592,
                        0.3338061425232426,
                        -0.7209237356568577,
                        -1.4965507650823315,
                        0.30390369966043396,
                        0.8138697940591255
                    ],
                    [
                        0.3338061425232426,
                        0.8088956010466972,
                        0.399003739775941,
                        -0.0474767127388405,
                        -0.25612728975428567,
                        -1.1873302397640375
                    ],
                    [
                        -0.7209237356568577,
                        0.399003739775941,
                        1.6778784592398166,
                        1.505964973554919,
                        -0.43106639098763583,
                        -2.4559712364009525
                    ],
                    [
                        -1.4965507650823315,
                        -0.04747671273884053,
                        1.505964973554919,
                        3.083732408010394,
                        0.38619430117480275,
                        -2.0926225636900573
                    ],
                    [
                        0.303903699660434,
                        -0.25612728975428567,
                        -0.4310663909876358,
                        0.38619430117480275,
                        1.7797540327262915,
                        1.522815299643551
                    ],
                    [
                        0.8138697940591255,
                        -1.1873302397640375,
                        -2.4559712364009525,
                        -2.0926225636900573,
                        1.522815299643551,
                        5.866896502944622
                    ]
                ]
            },
            "est_tgt": [
                0,
                1,
                2,
                3,
                4,
                5
            ],
            "oracle_est_tgt": [
                1
            ]
        },
        "2": {
            "intv_type": "hard",
            "inode": 2,
            "new_mui": 1.0,
            "new_sigmai": 1.0,
            "true_params": {
                "Si": [
                    [
                        1.0,
                        0.7015427601593655,
                        0.0,
                        -0.7938785714282395,
                        -0.019198630285269653,
                        -0.46334597935033506
                    ],
                    [
                        0.7015427601593655,
                        1.4921622443320208,
                        0.0,
                        -0.5569397642311411,
                        -0.562566252740801,
                        -1.5431070566418517
                    ],
                    [
                        0.0,
                        0.0,
                        1.0,
                        0.5545181241176813,
                        -0.10416048245264323,
                        -1.1392727982242268
                    ],
                    [
                        -0.7938785714282395,
                        -0.5569397642311411,
                        0.5545181241176813,
                        1.9377335361479346,
                        0.7338517301725899,
                        -0.36191612977017273
                    ],
                    [
                        -0.019198630285269653,
                        -0.562566252740801,
                        -0.10416048245264323,
                        0.7338517301725899,
                        1.9154753322529912,
                        1.6699236470759646
                    ],
                    [
                        -0.46334597935033506,
                        -1.5431070566418517,
                        -1.1392727982242268,
                        -0.36191612977017273,
                        1.6699236470759646,
                        4.907669032086551
                    ]
                ],
                "mui": [
                    0.0,
                    0.0,
                    1.0,
                    0.5545181241176813,
                    -0.10416048245264323,
                    -1.1392727982242268
                ],
                "Ai": [
                    [
                        0.0,
                        0.0,
                        0.0,
                        0.0,
                        0.0,
                        0.0
                    ],
                    [
                        0.7015427601593655,
                        0.0,
                        0.0,
                        0.0,
                        0.0,
                        0.0
                    ],
                    [
                        0.0,
                        0.0,
                        0.0,
                        0.0,
                        0.0,
                        0.0
                    ],
                    [
                        -0.7938785714282395,
                        -0.0,
                        0.5545181241176813,
                        0.0,
                        0.0,
                        0.0
                    ],
                    [
                        0.9823597011738431,
                        -0.5490975926591937,
                        -0.5346712883481377,
                        0.7763692243251734,
                        0.0,
                        0.0
                    ],
                    [
                        -0.6195113015160184,
                        -0.6966139051003579,
                        -0.5771883706510608,
                        -0.8352678403709399,
                        0.9496237850071092,
                        0.0
                    ]
                ]
            },
            "est_params": {
                "mui": [
                    -0.11728262667057161,
                    0.2108840616621475,
                    1.1965415121989802,
                    1.0284967824550098,
                    0.14263591798394606,
                    -1.594476140398988
                ],
                "Si": [
                    [
                        1.0278378764840097,
                        0.7300523471370683,
                        0.003068756546923865,
                        -0.6893706156914332,
                        0.0030914170554763682,
                        -0.578291461477063
                    ],
                    [
                        0.7300523471370683,
                        1.6334544417974937,
                        0.14324280014219043,
                        -0.36635837704284274,
                        -0.28619342239696155,
                        -1.6268553538115416
                    ],
                    [
                        0.003068756546923856,
                        0.1432428001421904,
                        0.9774633115533325,
                        0.439964468180443,
                        -0.00288803696023575,
                        -0.9406230115383653
                    ],
                    [
                        -0.6893706156914331,
                        -0.36635837704284274,
                        0.439964468180443,
                        1.5948260107661052,
                        0.5215879019077705,
                        -0.3116587889485245
                    ],
                    [
                        0.0030914170554763734,
                        -0.28619342239696155,
                        -0.002888036960235739,
                        0.5215879019077705,
                        1.5583408051273786,
                        1.2090052933390898
                    ],
                    [
                        -0.578291461477063,
                        -1.6268553538115411,
                        -0.9406230115383653,
                        -0.3116587889485245,
                        1.2090052933390898,
                        4.268534719685235
                    ]
                ]
            },
            "est_tgt": [
                0,
                1,
                2,
                3,
                4,
                5
            ],
            "oracle_est_tgt": [
                2
            ]
        },
        "3": {
            "intv_type": "hard",
            "inode": 3,
            "new_mui": 1.0,
            "new_sigmai": 1.0,
            "true_params": {
                "Si": [
                    [
                        1.0,
                        0.7015427601593655,
                        -0.1321079835167882,
                        0.0,
                        0.6677786061708451,
                        -0.3978261039707359
                    ],
                    [
                        0.7015427601593655,
                        1.4921622443320208,
                        0.8547048259101706,
                        0.0,
                        -0.5871614904155866,
                        -2.5249828392764666
                    ],
                    [
                        -0.1321079835167882,
                        0.8547048259101706,
                        1.9149893896668133,
                        0.0,
                        -1.6229837656978698,
                        -3.1600904698992234
                    ],
                    [
                        0.0,
                        0.0,
                        0.0,
                        1.0,
                        0.7763692243251734,
                        -0.09800915900423535
                    ],
                    [
                        0.6677786061708451,
                        -0.5871614904155866,
                        -1.6229837656978698,
                        0.7763692243251734,
                        3.448919746350723,
                        3.5587957990285553
                    ],
                    [
                        -0.3978261039707359,
                        -2.5249828392764666,
                        -3.1600904698992234,
                        -0.09800915900423535,
                        3.5587957990285553,
                        8.29074442817774
                    ]
                ],
                "mui": [
                    0.0,
                    0.0,
                    0.0,
                    1.0,
                    0.7763692243251734,
                    -0.09800915900423535
                ],
                "Ai": [
                    [
                        0.0,
                        0.0,
                        0.0,
                        0.0,
                        0.0,
                        0.0
                    ],
                    [
                        0.7015427601593655,
                        0.0,
                        0.0,
                        0.0,
                        0.0,
                        0.0
                    ],
                    [
                        -0.7967385278691393,
                        0.9473842253056262,
                        0.0,
                        0.0,
                        0.0,
                        0.0
                    ],
                    [
                        0.0,
                        0.0,
                        0.0,
                        0.0,
                        0.0,
                        0.0
                    ],
                    [
                        0.9823597011738431,
                        -0.5490975926591937,
                        -0.5346712883481377,
                        0.7763692243251734,
                        0.0,
                        0.0
                    ],
                    [
                        -0.6195113015160184,
                        -0.6966139051003579,
                        -0.5771883706510608,
                        -0.8352678403709399,
                        0.9496237850071092,
                        0.0
                    ]
                ]
            },
            "est_params": {
                "mui": [
                    0.003501199524839165,
                    -0.11021924282646305,
                    -0.19810246104028503,
                    0.5617312949143622,
                    1.333933340457657,
                    1.0599110916186305
                ],
                "Si": [
                    [
                        0.9417156881306764,
                        0.7821383414168896,
                        0.07941571564548419,
                        -0.17960856445660567,
                        0.2654422617581179,
                        -0.7885271766888516
                    ],
                    [
                        0.7821383414168896,
                        1.4034698510377501,
                        0.5688415927894777,
                        -0.11650787076036073,
                        0.03835654004394598,
                        -1.581716282753352
                    ],
                    [
                        0.0794157156454842,
                        0.5688415927894775,
                        1.0864744289081483,
                        0.0812644268592506,
                        -0.14028006956286962,
                        -1.1195642430439732
                    ],
                    [
                        -0.1796085644566057,
                        -0.11650787076036075,
                        0.0812644268592506,
                        1.376996479263665,
                        0.4108197137456808,
                        -0.6384049716248782
                    ],
                    [
                        0.2654422617581179,
                        0.03835654004394599,
                        -0.14028006956286962,
                        0.4108197137456808,
                        1.35963726230632,
                        0.674656470342893
                    ],
                    [
                        -0.7885271766888516,
                        -1.581716282753352,
                        -1.119564243043973,
                        -0.6384049716248782,
                        0.674656470342893,
                        4.026344479724162
                    ]
                ]
            },
            "est_tgt": [
                0,
                1,
                2,
                3,
                4,
                5
            ],
            "oracle_est_tgt": [
                3
            ]
        },
        "4": {
            "intv_type": "hard",
            "inode": 4,
            "new_mui": 1.0,
            "new_sigmai": 1.0,
            "true_params": {
                "Si": [
                    [
                        1.0,
                        0.7015427601593655,
                        -0.1321079835167882,
                        -0.8671348426289385,
                        0.0,
                        -0.30767470419639725
                    ],
                    [
                        0.7015427601593655,
                        1.4921622443320208,
                        0.8547048259101706,
                        -0.08299044749310391,
                        0.0,
                        -1.8980810704886193
                    ],
                    [
                        -0.1321079835167882,
                        0.8547048259101706,
                        1.9149893896668133,
                        1.1667740212918782,
                        0.0,
                        -2.593435300277505
                    ],
                    [
                        -0.8671348426289385,
                        -0.08299044749310391,
                        1.1667740212918782,
                        2.3353971116579286,
                        0.0,
                        -2.0291183634693555
                    ],
                    [
                        0.0,
                        0.0,
                        0.0,
                        0.0,
                        1.0,
                        0.9496237850071092
                    ],
                    [
                        -0.30767470419639725,
                        -1.8980810704886193,
                        -2.593435300277505,
                        -2.0291183634693555,
                        0.9496237850071092,
                        6.606380964869822
                    ]
                ],
                "mui": [
                    0.0,
                    0.0,
                    0.0,
                    0.0,
                    1.0,
                    0.9496237850071092
                ],
                "Ai": [
                    [
                        0.0,
                        0.0,
                        0.0,
                        0.0,
                        0.0,
                        0.0
                    ],
                    [
                        0.7015427601593655,
                        0.0,
                        0.0,
                        0.0,
                        0.0,
                        0.0
                    ],
                    [
                        -0.7967385278691393,
                        0.9473842253056262,
                        0.0,
                        0.0,
                        0.0,
                        0.0
                    ],
                    [
                        -0.7938785714282395,
                        -0.0,
                        0.5545181241176813,
                        0.0,
                        0.0,
                        0.0
                    ],
                    [
                        0.0,
                        0.0,
                        0.0,
                        0.0,
                        0.0,
                        0.0
                    ],
                    [
                        -0.6195113015160184,
                        -0.6966139051003579,
                        -0.5771883706510608,
                        -0.8352678403709399,
                        0.9496237850071092,
                        0.0
                    ]
                ]
            },
            "est_params": {
                "mui": [
                    0.38101084461618434,
                    -0.0752147127649175,
                    -0.6740473048623254,
                    -0.8823921105613933,
                    0.16985293878240862,
                    1.2704539290711923
                ],
                "Si": [
                    [
                        1.1271345000600093,
                        0.7447144257384373,
                        -0.20213499585389286,
                        -0.978624499146149,
                        0.07898969550118957,
                        -0.15168450681295542
                    ],
                    [
                        0.7447144257384373,
                        1.1263108991610813,
                        0.1751386198987639,
                        -0.5412996641634373,
                        -0.15775774105004547,
                        -0.47411819165346036
                    ],
                    [
                        -0.20213499585389286,
                        0.1751386198987638,
                        0.9524693746561652,
                        0.6599960417829863,
                        0.02457723735037215,
                        -0.35770765153326
                    ],
                    [
                        -0.978624499146149,
                        -0.5412996641634373,
                        0.6599960417829863,
                        1.7502789545334767,
                        0.38478133355341315,
                        -0.11423648422475867
                    ],
                    [
                        0.07898969550118955,
                        -0.15775774105004547,
                        0.02457723735037215,
                        0.38478133355341315,
                        1.2243455745545277,
                        0.3694688457400365
                    ],
                    [
                        -0.15168450681295542,
                        -0.47411819165346036,
                        -0.35770765153326,
                        -0.1142364842247587,
                        0.3694688457400365,
                        1.4471648283761958
                    ]
                ]
            },
            "est_tgt": [
                0,
                1,
                2,
                3,
                4,
                5
            ],
            "oracle_est_tgt": [
                4,
                5
            ]
        },
        "5": {
            "intv_type": "hard",
            "inode": 5,
            "new_mui": 1.0,
            "new_sigmai": 1.0,
            "true_params": {
                "Si": [
                    [
                        1.0,
                        0.7015427601593655,
                        -0.1321079835167882,
                        -0.8671348426289385,
                        -0.005438198986315221,
                        0.0
                    ],
                    [
                        0.7015427601593655,
                        1.4921622443320208,
                        0.8547048259101706,
                        -0.08299044749310391,
                        -0.6515927197622067,
                        0.0
                    ],
                    [
                        -0.1321079835167882,
                        0.8547048259101706,
                        1.9149893896668133,
                        1.1667740212918782,
                        -0.7171363238247311,
                        0.0
                    ],
                    [
                        -0.8671348426289385,
                        -0.08299044749310391,
                        1.1667740212918782,
                        2.3353971116579286,
                        0.38302140494363185,
                        0.0
                    ],
                    [
                        -0.005438198986315221,
                        -0.6515927197622067,
                        -0.7171363238247311,
                        0.38302140494363185,
                        2.0332439595212057,
                        0.0
                    ],
                    [
                        0.0,
                        0.0,
                        0.0,
                        0.0,
                        0.0,
                        1.0
                    ]
                ],
                "mui": [
                    0.0,
                    0.0,
                    0.0,
                    0.0,
                    0.0,
                    1.0
                ],
                "Ai": [
                    [
                        0.0,
                        0.0,
                        0.0,
                        0.0,
                        0.0,
                        0.0
                    ],
                    [
                        0.7015427601593655,
                        0.0,
                        0.0,
                        0.0,
                        0.0,
                        0.0
                    ],
                    [
                        -0.7967385278691393,
                        0.9473842253056262,
                        0.0,
                        0.0,
                        0.0,
                        0.0
                    ],
                    [
                        -0.7938785714282395,
                        -0.0,
                        0.5545181241176813,
                        0.0,
                        0.0,
                        0.0
                    ],
                    [
                        0.9823597011738431,
                        -0.5490975926591937,
                        -0.5346712883481377,
                        0.7763692243251734,
                        0.0,
                        0.0
                    ],
                    [
                        0.0,
                        0.0,
                        0.0,
                        0.0,
                        0.0,
                        0.0
                    ]
                ]
            },
            "est_params": {
                "mui": [
                    -0.12736974300453716,
                    -0.005709959570539374,
                    0.14061638573019428,
                    0.23984201726786722,
                    -0.0337014710264489,
                    0.9300021974773712
                ],
                "Si": [
                    [
                        0.9960019624148587,
                        0.73763541533249,
                        -0.05611722912614862,
                        -0.8287321487795843,
                        -0.035220741018762505,
                        -0.01276676722436378
                    ],
                    [
                        0.73763541533249,
                        1.5901052722260463,
                        0.9784560280277135,
                        -0.0599785466778651,
                        -0.7848434346264599,
                        0.023036363071599213
                    ],
                    [
                        -0.05611722912614861,
                        0.9784560280277135,
                        1.959424995210112,
                        1.085337172275028,
                        -0.8572468321704488,
                        0.06469499285230786
                    ],
                    [
                        -0.8287321487795843,
                        -0.05997854667786511,
                        1.085337172275028,
                        2.3141172331587008,
                        0.4689329228822741,
                        0.06627066692762065
                    ],
                    [
                        -0.03522074101876249,
                        -0.7848434346264599,
                        -0.8572468321704488,
                        0.4689329228822741,
                        2.293284922936102,
                        -0.08255789114397132
                    ],
                    [
                        -0.012766767224363781,
                        0.02303636307159922,
                        0.06469499285230786,
                        0.06627066692762065,
                        -0.08255789114397132,
                        0.9885139450118086
                    ]
                ]
            },
            "est_tgt": [
                0,
                1,
                3,
                4,
                5
            ],
            "oracle_est_tgt": [
                4,
                5
            ]
        },
        "obs": {
            "intv_type": "obs",
            "true_params": {
                "Si": [
                    [
                        1.0,
                        0.7015427601593655,
                        -0.1321079835167882,
                        -0.8671348426289385,
                        -0.005438198986315221,
                        -0.3128389473014037
                    ],
                    [
                        0.7015427601593655,
                        1.4921622443320208,
                        0.8547048259101706,
                        -0.08299044749310391,
                        -0.6515927197622067,
                        -2.5168490153122827
                    ],
                    [
                        -0.1321079835167882,
                        0.8547048259101706,
                        1.9149893896668133,
                        1.1667740212918782,
                        -0.7171363238247311,
                        -3.27444501047403
                    ],
                    [
                        -0.8671348426289385,
                        -0.08299044749310391,
                        1.1667740212918782,
                        2.3353971116579286,
                        0.38302140494363185,
                        -1.6653921271680432
                    ],
                    [
                        -0.005438198986315221,
                        -0.6515927197622067,
                        -0.7171363238247311,
                        0.38302140494363185,
                        2.0332439595212057,
                        2.482091684023776
                    ],
                    [
                        -0.3128389473014037,
                        -2.5168490153122827,
                        -3.27444501047403,
                        -1.6653921271680432,
                        2.482091684023776,
                        8.58515265004202
                    ]
                ],
                "mui": [
