{
    "expt_args": {
        "save_dir": "all_expt_logs/expt_logs_11.05.24-hard_var_shift",
        "exp_name": "113",
        "num_nodes": 6,
        "obs_noise_mean": 0.0,
        "obs_noise_var": 1.0,
        "max_edge_strength": 1.0,
        "graph_sparsity_method": "adj_dense_prop",
        "adj_dense_prop": 0.8,
        "num_parents": null,
        "new_noise_mean": 1.0,
        "mix_samples": 2048,
        "stage2_samples": 2048,
        "gmm_tol": 0.001,
        "intv_type": "hard",
        "new_noise_sigma": 0.1,
        "intv_targets": [
            0,
            1,
            2,
            3,
            4,
            5
        ]
    },
    "intv_args_dict": {
        "0": {
            "intv_type": "hard",
            "inode": 0,
            "new_mui": 1.0,
            "new_sigmai": 0.1,
            "true_params": {
                "Si": [
                    [
                        0.1,
                        0.06911924224214017,
                        0.03700575902762117,
                        0.048171891381400316,
                        0.1523915816755086,
                        0.17484579233875827
                    ],
                    [
                        0.06911924224214017,
                        1.0477746964812766,
                        -0.8169843648688038,
                        0.7302349857114537,
                        0.48928569380947573,
                        0.4674132501332967
                    ],
                    [
                        0.03700575902762117,
                        -0.8169843648688038,
                        1.7236057695984734,
                        -0.5693882167702387,
                        0.3610658121656892,
                        0.12539521462271178
                    ],
                    [
                        0.048171891381400316,
                        0.7302349857114537,
                        -0.5693882167702387,
                        1.5089291964654121,
                        0.34100225251447075,
                        -0.27579278455116324
                    ],
                    [
                        0.1523915816755086,
                        0.48928569380947573,
                        0.3610658121656892,
                        0.34100225251447075,
                        1.7742590472932038,
                        1.1825190337253624
                    ],
                    [
                        0.17484579233875827,
                        0.4674132501332967,
                        0.12539521462271178,
                        -0.27579278455116324,
                        1.1825190337253624,
                        2.2272993359643274
                    ]
                ],
                "mui": [
                    1.0,
                    0.6911924224214017,
                    0.37005759027621166,
                    0.4817189138140031,
                    1.523915816755086,
                    1.7484579233875825
                ],
                "Ai": [
                    [
                        0.0,
                        0.0,
                        0.0,
                        0.0,
                        0.0,
                        0.0
                    ],
                    [
                        0.6911924224214017,
                        0.0,
                        0.0,
                        0.0,
                        0.0,
                        0.0
                    ],
                    [
                        0.9524303815663291,
                        -0.8425624650946479,
                        0.0,
                        0.0,
                        0.0,
                        0.0
                    ],
                    [
                        0.0,
                        0.696938939414923,
                        -0.0,
                        0.0,
                        0.0,
                        0.0
                    ],
                    [
                        0.6602348179306147,
                        0.9132323176268065,
                        0.6281772001946452,
                        -0.0,
                        0.0,
                        0.0
                    ],
                    [
                        0.8023127911817698,
                        0.5502338781785345,
                        -0.0,
                        -0.6015512793675452,
                        0.5614524533064378,
                        0.0
                    ]
                ]
            },
            "est_params": {
                "mui": [
                    0.9905761308581639,
                    0.6400818565838267,
                    0.355335806737546,
                    0.4352368642311155,
                    1.444874805599152,
                    1.6761348860419378
                ],
                "Si": [
                    [
                        0.010636986912310874,
                        -0.0033358270276056166,
                        0.01071066826093523,
                        0.0050773085223650444,
                        0.006320125235075091,
                        0.004493342755007973
                    ],
                    [
                        -0.0033358270276056157,
                        1.2554183234693939,
                        -1.0773908776677363,
                        0.9773464663345953,
                        0.5458668427250252,
                        0.42662625251097386
                    ],
                    [
                        0.010710668260935228,
                        -1.0773908776677363,
                        1.875239336613093,
                        -0.7699595346622616,
                        0.14998711695782344,
                        -0.013032719445473268
                    ],
                    [
                        0.0050773085223650444,
                        0.9773464663345953,
                        -0.7699595346622616,
                        1.6236130090095486,
                        0.4632416464138363,
                        -0.21667940132163602
                    ],
                    [
                        0.00632012523507509,
                        0.5458668427250252,
                        0.1499871169578234,
                        0.46324164641383625,
                        1.5721975406643705,
                        0.9850534117938899
                    ],
                    [
                        0.0044933427550079745,
                        0.42662625251097386,
                        -0.013032719445473264,
                        -0.21667940132163596,
                        0.9850534117938902,
                        1.9004125335911126
                    ]
                ]
            },
            "est_tgt": [
                0,
                1,
                4,
                5
            ],
            "oracle_est_tgt": [
                0,
                1,
                2,
                4,
                5
            ]
        },
        "1": {
            "intv_type": "hard",
            "inode": 1,
            "new_mui": 1.0,
            "new_sigmai": 0.1,
            "true_params": {
                "Si": [
                    [
                        1.0,
                        0.0,
                        0.9524303815663291,
                        0.0,
                        1.2585298684032689,
                        1.5089174733562134
                    ],
                    [
                        0.0,
                        0.1,
                        -0.0842562465094648,
                        0.06969389394149231,
                        0.03839537873145521,
                        0.034656116337648105
                    ],
                    [
                        0.9524303815663291,
                        -0.0842562465094648,
                        1.9781147824892202,
                        -0.058721459081388705,
                        1.794488778018375,
                        1.7606305322491567
                    ],
                    [
                        0.0,
                        0.06969389394149231,
                        -0.058721459081388705,
                        1.0485723885272797,
                        0.026759234531534684,
                        -0.5773980824029445
                    ],
                    [
                        1.2585298684032689,
                        0.03839537873145521,
                        1.794488778018375,
                        0.026759234531534688,
                        2.9932460755868515,
                        2.6953293503685583
                    ],
                    [
                        1.5089174733562134,
                        0.034656116337648105,
                        1.7606305322491567,
                        -0.5773980824029445,
                        2.6953293503685583,
                        4.090326590413571
                    ]
                ],
                "mui": [
                    0.0,
                    1.0,
                    -0.8425624650946479,
                    0.696938939414923,
                    0.38395378731455204,
                    0.346561163376481
                ],
                "Ai": [
                    [
                        0.0,
                        0.0,
                        0.0,
                        0.0,
                        0.0,
                        0.0
                    ],
                    [
                        0.0,
                        0.0,
                        0.0,
                        0.0,
                        0.0,
                        0.0
                    ],
                    [
                        0.9524303815663291,
                        -0.8425624650946479,
                        0.0,
                        0.0,
                        0.0,
                        0.0
                    ],
                    [
                        0.0,
                        0.696938939414923,
                        -0.0,
                        0.0,
                        0.0,
                        0.0
                    ],
                    [
                        0.6602348179306147,
                        0.9132323176268065,
                        0.6281772001946452,
                        -0.0,
                        0.0,
                        0.0
                    ],
                    [
                        0.8023127911817698,
                        0.5502338781785345,
                        -0.0,
                        -0.6015512793675452,
                        0.5614524533064378,
                        0.0
                    ]
                ]
            },
            "est_params": {
                "mui": [
                    -0.00742525601708158,
                    1.0011679239782252,
                    -0.8519326223955164,
                    0.6612200870485802,
                    0.32673501012124395,
                    0.3717522664663807
                ],
                "Si": [
                    [
                        0.9252957191285742,
                        0.008055881688228992,
                        0.7640379088603962,
                        -0.09721054679322694,
                        1.1278195709823249,
                        1.4555388044674489
                    ],
                    [
                        0.008055881688228992,
                        0.01165381055115432,
                        -0.01507331070396981,
                        0.015497236673667078,
                        0.005762760260821447,
                        0.012122284373941626
                    ],
                    [
                        0.7640379088603962,
                        -0.015073310703969807,
                        1.6187412406468427,
                        -0.0486792911402283,
                        1.5260799403598928,
                        1.5103775174942424
                    ],
                    [
                        -0.09721054679322694,
                        0.015497236673667075,
                        -0.04867929114022831,
                        1.0255144414390638,
                        -0.12761366872878332,
                        -0.7792388765603543
                    ],
                    [
                        1.1278195709823249,
                        0.005762760260821449,
                        1.5260799403598926,
                        -0.12761366872878335,
                        2.900974228623895,
                        2.6602760282497675
                    ],
                    [
                        1.4555388044674489,
                        0.012122284373941626,
                        1.5103775174942424,
                        -0.7792388765603543,
                        2.6602760282497675,
                        4.395276249641593
                    ]
                ]
            },
            "est_tgt": [
                1,
                2
            ],
            "oracle_est_tgt": [
                0,
                1,
                2
            ]
        },
        "2": {
            "intv_type": "hard",
            "inode": 2,
            "new_mui": 1.0,
            "new_sigmai": 0.1,
            "true_params": {
                "Si": [
                    [
                        1.0,
                        0.6911924224214017,
                        0.0,
                        0.4817189138140031,
                        1.291454075784598,
                        1.6179417086198167
                    ],
                    [
                        0.6911924224214017,
                        1.4777469648127655,
                        0.0,
                        1.0298994023802304,
                        1.8058755887143552,
                        1.7620349416202747
                    ],
                    [
                        0.0,
                        0.0,
                        0.1,
                        0.0,
                        0.06281772001946452,
                        0.03526916301604529
                    ],
                    [
                        0.4817189138140031,
                        1.0298994023802304,
                        0.0,
                        1.7177769971989407,
                        1.2585850175138824,
                        0.6264794840573248
                    ],
                    [
                        1.291454075784598,
                        1.8058755887143552,
                        0.06281772001946452,
                        1.2585850175138824,
                        3.541307555303117,
                        3.260976440271316
                    ],
                    [
                        1.6179417086198167,
                        1.7620349416202747,
                        0.03526916301604529,
                        0.6264794840573248,
                        3.260976440271316,
                        4.7216503350586
                    ]
                ],
                "mui": [
                    0.0,
                    0.0,
                    1.0,
                    0.0,
                    0.6281772001946452,
                    0.35269163016045285
                ],
                "Ai": [
                    [
                        0.0,
                        0.0,
                        0.0,
                        0.0,
                        0.0,
                        0.0
                    ],
                    [
                        0.6911924224214017,
                        0.0,
                        0.0,
                        0.0,
                        0.0,
                        0.0
                    ],
                    [
                        0.0,
                        0.0,
                        0.0,
                        0.0,
                        0.0,
                        0.0
                    ],
                    [
                        0.0,
                        0.696938939414923,
                        -0.0,
                        0.0,
                        0.0,
                        0.0
                    ],
                    [
                        0.6602348179306147,
                        0.9132323176268065,
                        0.6281772001946452,
                        -0.0,
                        0.0,
                        0.0
                    ],
                    [
                        0.8023127911817698,
                        0.5502338781785345,
                        -0.0,
                        -0.6015512793675452,
                        0.5614524533064378,
                        0.0
                    ]
                ]
            },
            "est_params": {
                "mui": [
                    -0.10160079365656542,
                    0.00936316326376107,
                    1.0046966925771048,
                    -0.0004577719350328083,
                    0.570582569223044,
                    0.23734299522878982
                ],
                "Si": [
                    [
                        0.974548682818768,
                        0.6324600753507128,
                        0.01147175450003756,
                        0.4807607046195689,
                        1.259884962598303,
                        1.5610169208953522
                    ],
                    [
                        0.6324600753507128,
                        1.2280464592675073,
                        0.01666968226710348,
                        0.9043245978197512,
                        1.612088338565291,
                        1.4725480790531424
                    ],
                    [
                        0.011471754500037562,
                        0.01666968226710348,
                        0.011921463972681456,
                        0.011252281806907303,
                        0.03186966166002599,
                        0.019309237550313677
                    ],
                    [
                        0.4807607046195689,
                        0.9043245978197512,
                        0.011252281806907306,
                        1.6629049472463757,
                        1.3286708678948145,
                        0.5874754745784884
                    ],
                    [
                        1.259884962598303,
                        1.612088338565291,
                        0.031869661660026,
                        1.3286708678948145,
                        3.366406562094239,
                        2.806030233535619
                    ],
                    [
                        1.5610169208953522,
                        1.4725480790531424,
                        0.019309237550313677,
                        0.5874754745784884,
                        2.8060302335356186,
                        4.0402543694452495
                    ]
                ]
            },
            "est_tgt": [
                0,
                2
            ],
            "oracle_est_tgt": [
                0,
                2
            ]
        },
        "3": {
            "intv_type": "hard",
            "inode": 3,
            "new_mui": 1.0,
            "new_sigmai": 0.1,
            "true_params": {
                "Si": [
                    [
                        1.0,
                        0.6911924224214017,
                        0.37005759027621166,
                        0.0,
                        1.523915816755086,
                        2.03823655228794
                    ],
                    [
                        0.6911924224214017,
                        1.4777469648127655,
                        -0.5867814628362067,
                        0.0,
                        1.4372728522637888,
                        2.1746193340663353
                    ],
                    [
                        0.37005759027621166,
                        -0.5867814628362067,
                        1.8468541277074064,
                        0.0,
                        0.8686087656046622,
                        0.4617174206250816
                    ],
                    [
                        0.0,
                        0.0,
                        0.0,
                        0.1,
                        0.0,
                        -0.06015512793675452
                    ],
                    [
                        1.523915816755086,
                        1.4372728522637888,
                        0.8686087656046622,
                        0.0,
                        3.8643465221938924,
                        4.183140203280609
                    ],
                    [
                        2.03823655228794,
                        2.1746193340663353,
                        0.4617174206250816,
                        -0.06015512793675452,
                        4.183140203280609,
                        6.216673210927747
                    ]
                ],
                "mui": [
                    0.0,
                    0.0,
                    0.0,
                    1.0,
                    0.0,
                    -0.6015512793675452
                ],
                "Ai": [
                    [
                        0.0,
                        0.0,
                        0.0,
                        0.0,
                        0.0,
                        0.0
                    ],
                    [
                        0.6911924224214017,
                        0.0,
                        0.0,
                        0.0,
                        0.0,
                        0.0
                    ],
                    [
                        0.9524303815663291,
                        -0.8425624650946479,
                        0.0,
                        0.0,
                        0.0,
                        0.0
                    ],
                    [
                        0.0,
                        0.0,
                        0.0,
                        0.0,
                        0.0,
                        0.0
                    ],
                    [
                        0.6602348179306147,
                        0.9132323176268065,
                        0.6281772001946452,
                        -0.0,
                        0.0,
                        0.0
                    ],
                    [
                        0.8023127911817698,
                        0.5502338781785345,
                        -0.0,
                        -0.6015512793675452,
                        0.5614524533064378,
                        0.0
                    ]
                ]
            },
            "est_params": {
                "mui": [
                    0.01400683139229286,
                    0.02113723666960123,
                    0.058071660868270335,
                    0.9933206940905269,
                    0.0591993839675424,
                    -0.5528296237672364
                ],
                "Si": [
                    [
                        1.0312754860936875,
                        0.7962231214164611,
                        0.31796392939991913,
                        0.0002827837924730528,
                        1.5881385127697136,
                        2.0935013481488554
                    ],
                    [
                        0.7962231214164611,
                        1.6678294226262518,
                        -0.5218794356464687,
                        -0.00568784480735925,
                        1.6454841001196954,
                        2.4187585040576627
                    ],
                    [
                        0.31796392939991913,
                        -0.5218794356464687,
                        1.6397139878336318,
                        0.018059575830671644,
                        0.8784311880190749,
                        0.36098979735008857
                    ],
                    [
                        0.00028278379247305424,
                        -0.005687844807359249,
                        0.018059575830671644,
                        0.010427101041187757,
                        0.01299395865082305,
                        -0.009582741061198425
                    ],
                    [
                        1.5881385127697136,
                        1.645484100119695,
                        0.8784311880190749,
                        0.01299395865082305,
                        4.1590489912965225,
                        4.183357117264745
                    ],
                    [
                        2.0935013481488554,
                        2.4187585040576627,
                        0.36098979735008857,
                        -0.009582741061198429,
                        4.183357117264745,
                        6.053136974309583
                    ]
                ]
            },
            "est_tgt": [
                3
            ],
            "oracle_est_tgt": [
                3
            ]
        },
        "4": {
            "intv_type": "hard",
            "inode": 4,
            "new_mui": 1.0,
            "new_sigmai": 0.1,
            "true_params": {
                "Si": [
                    [
                        1.0,
                        0.6911924224214017,
                        0.37005759027621166,
                        0.4817189138140031,
                        0.0,
                        0.8928516494379558
                    ],
                    [
                        0.6911924224214017,
                        1.4777469648127655,
                        -0.5867814628362067,
                        1.0298994023802304,
                        0.0,
                        0.7481216619703923
                    ],
                    [
                        0.37005759027621166,
                        -0.5867814628362067,
                        1.8468541277074064,
                        -0.408950850377403,
                        0.0,
                        0.2200398054558398
                    ],
                    [
                        0.4817189138140031,
                        1.0298994023802304,
                        -0.408950850377403,
                        1.7177769971989407,
                        0.0,
                        -0.08015616172057038
                    ],
                    [
                        0.0,
                        0.0,
                        0.0,
                        0.0,
                        0.1,
                        0.05614524533064378
                    ],
                    [
                        0.8928516494379558,
                        0.7481216619703923,
                        0.2200398054558398,
                        -0.08015616172057038,
                        0.05614524533064378,
                        2.2077291097517358
                    ]
                ],
                "mui": [
                    0.0,
                    0.0,
                    0.0,
                    0.0,
                    1.0,
                    0.5614524533064378
                ],
                "Ai": [
                    [
                        0.0,
                        0.0,
                        0.0,
                        0.0,
                        0.0,
                        0.0
                    ],
                    [
                        0.6911924224214017,
                        0.0,
                        0.0,
                        0.0,
                        0.0,
                        0.0
                    ],
                    [
                        0.9524303815663291,
                        -0.8425624650946479,
                        0.0,
                        0.0,
                        0.0,
                        0.0
                    ],
                    [
                        0.0,
                        0.696938939414923,
                        -0.0,
                        0.0,
                        0.0,
                        0.0
                    ],
                    [
                        0.0,
                        0.0,
                        0.0,
                        0.0,
                        0.0,
                        0.0
                    ],
                    [
                        0.8023127911817698,
                        0.5502338781785345,
                        -0.0,
                        -0.6015512793675452,
                        0.5614524533064378,
                        0.0
                    ]
                ]
            },
            "est_params": {
                "mui": [
                    -0.03212504549445149,
                    0.009481194206844672,
                    -0.07114326013100848,
                    -0.10567400571177608,
                    1.014704151132614,
                    0.4918995347807493
                ],
                "Si": [
                    [
                        0.8998322228039382,
                        0.6296701247710454,
                        0.41685893951622965,
                        0.3798861115652597,
                        0.02139863718201173,
                        0.7589411818489754
                    ],
                    [
                        0.6296701247710456,
                        1.3972892514150363,
                        -0.4410107125998969,
                        0.8148234100077525,
                        0.02375374849472195,
                        0.6569282329438869
                    ],
                    [
                        0.41685893951622965,
                        -0.4410107125998969,
                        1.6533136211167707,
                        -0.16191445458795614,
                        -0.0027438156192364223,
                        0.11546532417919741
                    ],
                    [
                        0.3798861115652597,
                        0.8148234100077525,
                        -0.16191445458795609,
                        1.488933068816923,
                        0.00824454451234911,
                        -0.2192422413192735
                    ],
                    [
                        0.02139863718201173,
                        0.023753748494721946,
                        -0.002743815619236425,
                        0.00824454451234911,
                        0.010587765941326972,
                        0.029458293385958224
                    ],
                    [
                        0.7589411818489753,
                        0.656928232943887,
                        0.11546532417919739,
                        -0.2192422413192735,
                        0.029458293385958227,
                        2.0174011331606496
                    ]
                ]
            },
            "est_tgt": [
                0,
                4,
                5
            ],
            "oracle_est_tgt": [
                0,
                4
            ]
        },
        "5": {
            "intv_type": "hard",
            "inode": 5,
            "new_mui": 1.0,
            "new_sigmai": 0.1,
            "true_params": {
                "Si": [
                    [
                        1.0,
                        0.6911924224214017,
                        0.37005759027621166,
                        0.4817189138140031,
                        1.523915816755086,
                        0.0
                    ],
                    [
                        0.6911924224214017,
                        1.4777469648127655,
                        -0.5867814628362067,
                        1.0298994023802304,
                        1.4372728522637888,
                        0.0
                    ],
                    [
                        0.37005759027621166,
                        -0.5867814628362067,
                        1.8468541277074064,
                        -0.408950850377403,
                        0.8686087656046622,
                        0.0
                    ],
                    [
                        0.4817189138140031,
                        1.0298994023802304,
                        -0.408950850377403,
                        1.7177769971989407,
                        1.0016914173065863,
                        0.0
                    ],
                    [
                        1.523915816755086,
                        1.4372728522637888,
                        0.8686087656046622,
                        1.0016914173065863,
                        3.8643465221938924,
                        0.0
                    ],
                    [
                        0.0,
                        0.0,
                        0.0,
                        0.0,
                        0.0,
                        0.1
                    ]
                ],
                "mui": [
                    0.0,
                    0.0,
                    0.0,
                    0.0,
                    0.0,
                    1.0
                ],
                "Ai": [
                    [
                        0.0,
                        0.0,
                        0.0,
                        0.0,
                        0.0,
                        0.0
                    ],
                    [
                        0.6911924224214017,
                        0.0,
                        0.0,
                        0.0,
                        0.0,
                        0.0
                    ],
                    [
                        0.9524303815663291,
                        -0.8425624650946479,
                        0.0,
                        0.0,
                        0.0,
                        0.0
                    ],
                    [
                        0.0,
                        0.696938939414923,
                        -0.0,
                        0.0,
                        0.0,
                        0.0
                    ],
                    [
                        0.6602348179306147,
                        0.9132323176268065,
                        0.6281772001946452,
                        -0.0,
                        0.0,
                        0.0
                    ],
                    [
                        0.0,
                        0.0,
                        0.0,
                        0.0,
                        0.0,
                        0.0
                    ]
                ]
            },
            "est_params": {
                "mui": [
                    -0.13798037113113015,
                    -0.1681460350511176,
                    0.03576034376843717,
                    -0.1433909894157228,
                    -0.22482980614407372,
                    1.0124128087928448
                ],
                "Si": [
                    [
                        0.9536098861902383,
                        0.5680459175013572,
                        0.424067333848635,
                        0.45422760809405993,
                        1.3710611294487467,
                        -0.0007970316684301244
                    ],
                    [
                        0.5680459175013572,
                        1.2847313265127875,
                        -0.4887981850057018,
                        0.8935977296391506,
                        1.2631129519930389,
                        -0.0031579999725233855
                    ],
                    [
                        0.424067333848635,
                        -0.4887981850057018,
                        1.721490161770385,
                        -0.4407490814232871,
                        0.8643233134215181,
                        -0.0012113579650038918
                    ],
                    [
                        0.45422760809406,
                        0.8935977296391506,
                        -0.4407490814232871,
                        1.607156774911148,
                        0.7473612462791169,
                        0.0121361938675648
                    ],
                    [
                        1.3710611294487467,
                        1.2631129519930384,
                        0.8643233134215181,
                        0.7473612462791168,
                        3.595323382009932,
                        -0.01821560029382248
                    ],
                    [
                        -0.0007970316684301252,
                        -0.003157999972523386,
                        -0.001211357965003892,
                        0.012136193867564796,
                        -0.018215600293822475,
                        0.011404150614399918
                    ]
                ]
            },
            "est_tgt": [
                0,
                5
            ],
            "oracle_est_tgt": [
                0,
                5
            ]
        },
        "obs": {
            "intv_type": "obs",
            "true_params": {
                "Si": [
                    [
                        1.0,
                        0.6911924224214017,
                        0.37005759027621166,
                        0.4817189138140031,
                        1.523915816755086,
                        1.7484579233875825
                    ],
                    [
                        0.6911924224214017,
                        1.4777469648127655,
                        -0.5867814628362067,
                        1.0298994023802304,
                        1.4372728522637888,
                        1.5550820309446376
                    ],
                    [
                        0.37005759027621166,
                        -0.5867814628362067,
                        1.8468541277074064,
                        -0.408950850377403,
                        0.8686087656046622,
                        0.7077223278680539
                    ],
                    [
                        0.4817189138140031,
                        1.0298994023802304,
                        -0.408950850377403,
                        1.7177769971989407,
                        1.0016914173065863,
                        0.48224594198221526
                    ],
                    [
                        1.523915816755086,
                        1.4372728522637888,
                        0.8686087656046622,
                        1.0016914173065863,
                        3.8643465221938924,
                        3.5805714496683425
                    ],
                    [
                        1.7484579233875825,
                        1.5550820309446376,
                        0.7077223278680539,
                        0.48224594198221526,
                        3.5805714496683425,
                        4.978693934835462
                    ]
                ],
                "mui": [
                    0.0,
                    0.0,
                    0.0,
                    0.0,
                    0.0,
                    0.0
                ],
                "Ai": [
                    [
                        0.0,
                        0.0,
                        0.0,
                        0.0,
                        0.0,
                        0.0
                    ],
                    [
                        0.6911924224214017,
                        0.0,
                        0.0,
                        0.0,
                        0.0,
                        0.0
                    ],
                    [
