{
    "expt_args": {
        "save_dir": "all_expt_logs/expt_logs_11.05.24-hard_var_shift",
        "exp_name": "167",
        "num_nodes": 6,
        "obs_noise_mean": 0.0,
        "obs_noise_var": 1.0,
        "max_edge_strength": 1.0,
        "graph_sparsity_method": "adj_dense_prop",
        "adj_dense_prop": 0.8,
        "num_parents": null,
        "new_noise_mean": 1.0,
        "mix_samples": 131072,
        "stage2_samples": 131072,
        "gmm_tol": 0.001,
        "intv_type": "hard",
        "new_noise_sigma": 8.0,
        "intv_targets": [
            0,
            1,
            2,
            3,
            4,
            5
        ]
    },
    "intv_args_dict": {
        "0": {
            "intv_type": "hard",
            "inode": 0,
            "new_mui": 1.0,
            "new_sigmai": 8.0,
            "true_params": {
                "Si": [
                    [
                        8.0,
                        -6.428328312539504,
                        -3.856777018782182,
                        2.7763321251100197,
                        -5.381964964646704,
                        -10.980758823603232
                    ],
                    [
                        -6.428328312539504,
                        6.165425611724624,
                        3.6990443944697757,
                        -1.9871222138443199,
                        4.875739341108089,
                        8.735738358892545
                    ],
                    [
                        -3.856777018782182,
                        3.6990443944697757,
                        3.219300060362064,
                        -1.8872000675834366,
                        1.7907543305697302,
                        4.397203433145792
                    ],
                    [
                        2.7763321251100197,
                        -1.9871222138443199,
                        -1.8872000675834366,
                        2.505946240728351,
                        -0.30020238823438194,
                        -3.5795151156406178
                    ],
                    [
                        -5.381964964646704,
                        4.875739341108089,
                        1.7907543305697302,
                        -0.30020238823438194,
                        6.627232132950429,
                        8.874363797745865
                    ],
                    [
                        -10.980758823603232,
                        8.735738358892545,
                        4.397203433145792,
                        -3.5795151156406178,
                        8.874363797745865,
                        17.53280402381451
                    ]
                ],
                "mui": [
                    1.0,
                    -0.803541039067438,
                    -0.48209712734777277,
                    0.34704151563875246,
                    -0.672745620580838,
                    -1.372594852950404
                ],
                "Ai": [
                    [
                        0.0,
                        0.0,
                        0.0,
                        0.0,
                        0.0,
                        0.0
                    ],
                    [
                        -0.803541039067438,
                        0.0,
                        0.0,
                        0.0,
                        0.0,
                        0.0
                    ],
                    [
                        0.0,
                        0.5999657813461252,
                        0.0,
                        0.0,
                        0.0,
                        0.0
                    ],
                    [
                        0.5429244003844432,
                        0.6607476465330324,
                        -0.6949947359240871,
                        0.0,
                        0.0,
                        0.0
                    ],
                    [
                        -0.5799456651662362,
                        0.8057809235490203,
                        -0.6864389970250151,
                        0.6447292514200484,
                        0.0,
                        0.0
                    ],
                    [
                        -0.8017892534533206,
                        0.0,
                        -0.5314605639510425,
                        -0.8453158260490331,
                        0.7932590103675035,
                        0.0
                    ]
                ]
            },
            "est_params": {
                "mui": [
                    0.9369213288703042,
                    -0.7697931260928343,
                    -0.45325743662532175,
                    0.32510001294050755,
                    -0.6384154166506293,
                    -1.290462549315138
                ],
                "Si": [
                    [
                        64.01543289070351,
                        -51.44609725889933,
                        -30.827374972444556,
                        22.156926981399046,
                        -43.10915554527412,
                        -87.8081116752173
                    ],
                    [
                        -51.44609725889933,
                        42.32305433239615,
                        25.350351437161383,
                        -17.555057114142382,
                        35.206797371136744,
                        70.48477634611811
                    ],
                    [
                        -30.827374972444556,
                        25.350351437161383,
                        16.17072058587967,
                        -11.210982975398084,
                        19.97156137157238,
                        41.40816694020273
                    ],
                    [
                        22.156926981399046,
                        -17.555057114142382,
                        -11.210982975398084,
                        9.211937444716993,
                        -13.362237401798524,
                        -30.19134110766999
                    ],
                    [
                        -43.10915554527412,
                        35.206797371136744,
                        19.97156137157238,
                        -13.362237401798524,
                        32.00636805035702,
                        60.59004608654986
                    ],
                    [
                        -87.8081116752173,
                        70.48477634611811,
                        41.40816694020273,
                        -30.19134110766999,
                        60.59004608654986,
                        122.9267324280759
                    ]
                ]
            },
            "est_tgt": [
                0,
                1,
                2,
                3,
                4
            ],
            "oracle_est_tgt": [
                0
            ]
        },
        "1": {
            "intv_type": "hard",
            "inode": 1,
            "new_mui": 1.0,
            "new_sigmai": 8.0,
            "true_params": {
                "Si": [
                    [
                        1.0,
                        0.0,
                        0.0,
                        0.5429244003844432,
                        -0.2299064229286955,
                        -1.443107182976022
                    ],
                    [
                        0.0,
                        8.0,
                        4.799726250769002,
                        1.9501966941031483,
                        4.4088769695306285,
                        -0.7020159677962687
                    ],
                    [
                        0.0,
                        4.799726250769002,
                        3.8796715102901325,
                        0.47505654743213865,
                        1.5106528830251544,
                        -1.2651262156188365
                    ],
                    [
                        0.5429244003844432,
                        1.9501966941031483,
                        0.47505654743213865,
                        2.2531929807063547,
                        2.383166724566977,
                        -0.7019759785356645
                    ],
                    [
                        -0.2299064229286955,
                        4.4088769695306285,
                        1.5106528830251544,
                        2.383166724566977,
                        5.1854484381562695,
                        1.4803592140309614
                    ],
                    [
                        -1.443107182976022,
                        -0.7020159677962687,
                        -1.2651262156188365,
                        -0.7019759785356645,
                        1.4803592140309614,
                        4.597132212186573
                    ]
                ],
                "mui": [
                    0.0,
                    1.0,
                    0.5999657813461252,
                    0.24377458676289354,
                    0.5511096211913286,
                    -0.08775199597453359
                ],
                "Ai": [
                    [
                        0.0,
                        0.0,
                        0.0,
                        0.0,
                        0.0,
                        0.0
                    ],
                    [
                        0.0,
                        0.0,
                        0.0,
                        0.0,
                        0.0,
                        0.0
                    ],
                    [
                        0.0,
                        0.5999657813461252,
                        0.0,
                        0.0,
                        0.0,
                        0.0
                    ],
                    [
                        0.5429244003844432,
                        0.6607476465330324,
                        -0.6949947359240871,
                        0.0,
                        0.0,
                        0.0
                    ],
                    [
                        -0.5799456651662362,
                        0.8057809235490203,
                        -0.6864389970250151,
                        0.6447292514200484,
                        0.0,
                        0.0
                    ],
                    [
                        -0.8017892534533206,
                        0.0,
                        -0.5314605639510425,
                        -0.8453158260490331,
                        0.7932590103675035,
                        0.0
                    ]
                ]
            },
            "est_params": {
                "mui": [
                    0.028580924779543215,
                    4.290317771416444,
                    2.6313908352245967,
                    5.275103327404418,
                    5.029750411408156,
                    -1.8879504025886085
                ],
                "Si": [
                    [
                        1.0032763844092014,
                        -0.29798448352019674,
                        -0.17346547915675709,
                        0.09693781686999924,
                        -0.6465371488787192,
                        -1.315024993444136
                    ],
                    [
                        -0.2979844835201968,
                        30.80627078922819,
                        18.21877270036092,
                        -10.522586642230173,
                        5.718455295449737,
                        4.00340237858079
                    ],
                    [
                        -0.1734654791567571,
                        18.21877270036092,
                        11.78498685461269,
                        -6.726041761952542,
                        2.365825254026254,
                        1.4391489949605234
                    ],
                    [
                        0.09693781686999925,
                        -10.522586642230173,
                        -6.726041761952542,
                        23.52248808474678,
                        11.268258245748497,
                        -7.450237338684781
                    ],
                    [
                        -0.6465371488787192,
                        5.718455295449737,
                        2.3658252540262543,
                        11.268258245748497,
                        11.62362271089448,
                        -1.0338360656074375
                    ],
                    [
                        -1.315024993444136,
                        4.00340237858079,
                        1.4391489949605234,
                        -7.450237338684782,
                        -1.0338360656074375,
                        6.781123828015104
                    ]
                ]
            },
            "est_tgt": [
                0,
                1,
                2,
                3,
                4
            ],
            "oracle_est_tgt": [
                1
            ]
        },
        "2": {
            "intv_type": "hard",
            "inode": 2,
            "new_mui": 1.0,
            "new_sigmai": 8.0,
            "true_params": {
                "Si": [
                    [
                        1.0,
                        -0.803541039067438,
                        0.0,
                        0.011986549927926138,
                        -1.2196956263733951,
                        -1.7794562193336552
                    ],
                    [
                        -0.803541039067438,
                        1.645678201465578,
                        0.0,
                        0.6511159617491129,
                        2.2118597500379087,
                        1.8484496191601094
                    ],
                    [
                        0.0,
                        0.0,
                        8.0,
                        -5.559957887392697,
                        -9.076179462865808,
                        -6.751525255859935
                    ],
                    [
                        0.011986549927926138,
                        0.6511159617491129,
                        -5.559957887392697,
                        5.300872593475648,
                        7.751904808112479,
                        4.613644508871426
                    ],
                    [
                        -1.2196956263733951,
                        2.2118597500379087,
                        -9.076179462865808,
                        7.751904808112479,
                        14.717754894806397,
                        10.923754167928267
                    ],
                    [
                        -1.7794562193336552,
                        1.8484496191601094,
                        -6.751525255859935,
                        4.613644508871426,
                        10.923754167928267,
                        10.780297995296861
                    ]
                ],
                "mui": [
                    0.0,
                    0.0,
                    1.0,
                    -0.6949947359240871,
                    -1.134522432858226,
                    -0.8439406569824919
                ],
                "Ai": [
                    [
                        0.0,
                        0.0,
                        0.0,
                        0.0,
                        0.0,
                        0.0
                    ],
                    [
                        -0.803541039067438,
                        0.0,
                        0.0,
                        0.0,
                        0.0,
                        0.0
                    ],
                    [
                        0.0,
                        0.0,
                        0.0,
                        0.0,
                        0.0,
                        0.0
                    ],
                    [
                        0.5429244003844432,
                        0.6607476465330324,
                        -0.6949947359240871,
                        0.0,
                        0.0,
                        0.0
                    ],
                    [
                        -0.5799456651662362,
                        0.8057809235490203,
                        -0.6864389970250151,
                        0.6447292514200484,
                        0.0,
                        0.0
                    ],
                    [
                        -0.8017892534533206,
                        0.0,
                        -0.5314605639510425,
                        -0.8453158260490331,
                        0.7932590103675035,
                        0.0
                    ]
                ]
            },
            "est_params": {
                "mui": [
                    0.004588212495661889,
                    0.0009085272292358814,
                    1.0185804548779178,
                    -0.7092016960633799,
                    -1.1643442459085664,
                    -0.8627965425560837
                ],
                "Si": [
                    [
                        0.9979052094588082,
                        -0.7981588871611,
                        -0.023912620475079038,
                        0.031030994368979884,
                        -1.1825624677588567,
                        -1.7511154161437579
                    ],
                    [
                        -0.7981588871611,
                        1.6387376594828102,
                        -0.026527067073712614,
                        0.6692068191628491,
                        2.2332340745443937,
                        1.8627457626347648
                    ],
                    [
                        -0.023912620475079034,
                        -0.026527067073712614,
                        64.45069142189253,
                        -44.82443635393432,
                        -73.24190610084561,
                        -54.44541470117372
                    ],
                    [
                        0.03103099436897988,
                        0.6692068191628491,
                        -44.82443635393432,
                        32.575429859228876,
                        52.3510611853495,
                        37.79967319405189
                    ],
                    [
                        -1.1825624677588564,
                        2.2332340745443937,
                        -73.24190610084561,
                        52.3510611853495,
                        87.62317892178567,
                        65.15043348428634
                    ],
                    [
                        -1.7511154161437574,
                        1.8627457626347643,
                        -54.44541470117372,
                        37.79967319405189,
                        65.15043348428634,
                        51.09300241925034
                    ]
                ]
            },
            "est_tgt": [
                2,
                3
            ],
            "oracle_est_tgt": [
                2
            ]
        },
        "3": {
            "intv_type": "hard",
            "inode": 3,
            "new_mui": 1.0,
            "new_sigmai": 8.0,
            "true_params": {
                "Si": [
                    [
                        1.0,
                        -0.803541039067438,
                        -0.48209712734777277,
                        0.0,
                        -0.8964934371702898,
                        -1.2567251390445615
                    ],
                    [
                        -0.803541039067438,
                        1.645678201465578,
                        0.9873506079865815,
                        0.0,
                        1.1143102823734103,
                        1.0034693307328981
                    ],
                    [
                        -0.48209712734777277,
                        0.9873506079865815,
                        1.5923765789832411,
                        0.0,
                        -0.017890957798830542,
                        -0.47393722233873115
                    ],
                    [
                        0.0,
                        0.0,
                        0.0,
                        8.0,
                        5.1578340113603875,
                        -2.6710283049006733
                    ],
                    [
                        -0.8964934371702898,
                        1.1143102823734103,
                        -0.017890957798830542,
                        5.1578340113603875,
                        5.7554949634084,
                        0.9339066631475528
                    ],
                    [
                        -1.2567251390445615,
                        1.0034693307328981,
                        -0.47393722233873115,
                        -2.6710283049006733,
                        0.9339066631475528,
                        5.258200027833599
                    ]
                ],
                "mui": [
                    0.0,
                    0.0,
                    0.0,
                    1.0,
                    0.6447292514200484,
                    -0.33387853811258417
                ],
                "Ai": [
                    [
                        0.0,
                        0.0,
                        0.0,
                        0.0,
                        0.0,
                        0.0
                    ],
                    [
                        -0.803541039067438,
                        0.0,
                        0.0,
                        0.0,
                        0.0,
                        0.0
                    ],
                    [
                        0.0,
                        0.5999657813461252,
                        0.0,
                        0.0,
                        0.0,
                        0.0
                    ],
                    [
                        0.0,
                        0.0,
                        0.0,
                        0.0,
                        0.0,
                        0.0
                    ],
                    [
                        -0.5799456651662362,
                        0.8057809235490203,
                        -0.6864389970250151,
                        0.6447292514200484,
                        0.0,
                        0.0
                    ],
                    [
                        -0.8017892534533206,
                        0.0,
                        -0.5314605639510425,
                        -0.8453158260490331,
                        0.7932590103675035,
                        0.0
                    ]
                ]
            },
            "est_params": {
                "mui": [
                    -0.02650696803803169,
                    -3.832684071120965,
                    -2.3525864103573504,
                    -4.98605378429933,
                    -4.676570970109574,
                    1.7800202880733353
                ],
                "Si": [
                    [
                        1.0312337211434175,
                        -0.39151854164175914,
                        -0.23465069481715364,
                        0.04700552669695432,
                        -0.7197180038736307,
                        -1.3187009795706208
                    ],
                    [
                        -0.39151854164175925,
                        26.30781493019388,
                        15.588833622594606,
                        -9.25098070528227,
                        4.734995644502861,
                        3.7121979500630227
                    ],
                    [
                        -0.23465069481715364,
                        15.588833622594606,
                        10.2076031938473,
                        -5.9702809513956865,
                        1.8313842931499238,
                        1.3323527173170706
                    ],
                    [
                        0.04700552669695428,
                        -9.25098070528227,
                        -5.9702809513956865,
                        21.012305311112506,
                        10.125098239639701,
                        -6.655177689635541
                    ],
                    [
                        -0.7197180038736307,
                        4.734995644502861,
                        1.8313842931499238,
                        10.125098239639701,
                        10.480302842314448,
                        -0.649984520362191
                    ],
                    [
                        -1.3187009795706208,
                        3.7121979500630227,
                        1.3323527173170704,
                        -6.655177689635542,
                        -0.649984520362191,
                        6.470183624679745
                    ]
                ]
            },
            "est_tgt": [
                0,
                1,
                2,
                3,
                4
            ],
            "oracle_est_tgt": [
                3
            ]
        },
        "4": {
            "intv_type": "hard",
            "inode": 4,
            "new_mui": 1.0,
            "new_sigmai": 8.0,
            "true_params": {
                "Si": [
                    [
                        1.0,
                        -0.803541039067438,
                        -0.48209712734777277,
                        0.34704151563875246,
                        0.0,
                        -0.8389333277393763
                    ],
                    [
                        -0.803541039067438,
                        1.645678201465578,
                        0.9873506079865815,
                        -0.035087513313008134,
                        0.0,
                        0.14919268919522533
                    ],
                    [
                        -0.48209712734777277,
                        0.9873506079865815,
                        1.5923765789832411,
                        -0.7160460432644187,
                        0.0,
                        0.14553999369049986
                    ],
                    [
                        0.34704151563875246,
                        -0.035087513313008134,
                        -0.7160460432644187,
                        1.6628815456904535,
                        0.0,
                        -1.3033640111901026
                    ],
                    [
                        0.0,
                        0.0,
                        0.0,
                        0.0,
                        8.0,
                        6.346072082940028
                    ],
                    [
                        -0.8389333277393763,
                        0.14919268919522533,
                        0.14553999369049986,
                        -1.3033640111901026,
                        6.346072082940028,
                        7.731132045416671
                    ]
                ],
                "mui": [
                    0.0,
                    0.0,
                    0.0,
                    0.0,
                    1.0,
                    0.7932590103675035
                ],
                "Ai": [
                    [
                        0.0,
                        0.0,
                        0.0,
                        0.0,
                        0.0,
                        0.0
                    ],
                    [
                        -0.803541039067438,
                        0.0,
                        0.0,
                        0.0,
                        0.0,
                        0.0
                    ],
                    [
                        0.0,
                        0.5999657813461252,
                        0.0,
                        0.0,
                        0.0,
                        0.0
                    ],
                    [
                        0.5429244003844432,
                        0.6607476465330324,
                        -0.6949947359240871,
                        0.0,
                        0.0,
                        0.0
                    ],
                    [
                        0.0,
                        0.0,
                        0.0,
                        0.0,
                        0.0,
                        0.0
                    ],
                    [
                        -0.8017892534533206,
                        0.0,
                        -0.5314605639510425,
                        -0.8453158260490331,
                        0.7932590103675035,
                        0.0
                    ]
                ]
            },
            "est_params": {
                "mui": [
                    -0.009310134891033776,
                    0.0072138018216199706,
                    -0.005076121419381594,
                    0.011569276142753382,
                    1.0246693611944633,
                    0.8159243171031278
                ],
                "Si": [
                    [
                        0.9810520890519876,
                        -0.7877498910296382,
                        -0.4684124066341313,
                        0.3271243013031251,
                        -0.0717929012711485,
                        -0.8672398472401164
                    ],
                    [
                        -0.7877498910296381,
                        1.6153100597135475,
                        0.9834116137413346,
                        -0.045939597850168795,
                        0.09279764756690212,
                        0.2172369460557112
                    ],
                    [
                        -0.4684124066341313,
                        0.9834116137413346,
                        1.5862877849172163,
                        -0.6976063997806282,
                        0.11906757795907305,
                        0.21590845264218678
                    ],
                    [
                        0.32712430130312514,
                        -0.04593959785016879,
                        -0.6976063997806282,
                        1.6035807651894747,
                        -0.11765058035229242,
                        -1.332512418321294
                    ],
                    [
                        -0.0717929012711485,
                        0.09279764756690213,
                        0.11906757795907305,
                        -0.11765058035229242,
                        64.92882204748433,
                        51.69102376655311
                    ],
                    [
                        -0.8672398472401165,
                        0.21723694605571117,
                        0.21590845264218678,
                        -1.332512418321294,
                        51.69102376655311,
                        43.75705890251047
                    ]
                ]
            },
            "est_tgt": [
                0,
                4
            ],
            "oracle_est_tgt": [
                4
            ]
        },
        "5": {
            "intv_type": "hard",
            "inode": 5,
            "new_mui": 1.0,
            "new_sigmai": 8.0,
            "true_params": {
                "Si": [
                    [
                        1.0,
                        -0.803541039067438,
                        -0.48209712734777277,
                        0.34704151563875246,
                        -0.672745620580838,
                        0.0
                    ],
                    [
                        -0.803541039067438,
                        1.645678201465578,
                        0.9873506079865815,
                        -0.035087513313008134,
                        1.0916883361809235,
                        0.0
                    ],
                    [
                        -0.48209712734777277,
                        0.9873506079865815,
                        1.5923765789832411,
                        -0.7160460432644187,
                        -0.4795467872549868,
                        0.0
                    ],
                    [
                        0.34704151563875246,
                        -0.035087513313008134,
                        -0.7160460432644187,
                        1.6628815456904535,
                        1.334092230405568,
                        0.0
                    ],
                    [
                        -0.672745620580838,
                        1.0916883361809235,
                        -0.4795467872549868,
                        1.334092230405568,
                        3.4591254428755502,
                        0.0
                    ],
                    [
                        0.0,
                        0.0,
                        0.0,
                        0.0,
                        0.0,
                        8.0
                    ]
                ],
                "mui": [
                    0.0,
                    0.0,
                    0.0,
                    0.0,
                    0.0,
                    1.0
                ],
                "Ai": [
                    [
                        0.0,
                        0.0,
                        0.0,
                        0.0,
                        0.0,
                        0.0
                    ],
                    [
                        -0.803541039067438,
                        0.0,
                        0.0,
                        0.0,
                        0.0,
                        0.0
                    ],
                    [
                        0.0,
                        0.5999657813461252,
                        0.0,
                        0.0,
                        0.0,
                        0.0
                    ],
                    [
                        0.5429244003844432,
                        0.6607476465330324,
                        -0.6949947359240871,
                        0.0,
                        0.0,
                        0.0
                    ],
                    [
                        -0.5799456651662362,
                        0.8057809235490203,
                        -0.6864389970250151,
                        0.6447292514200484,
                        0.0,
                        0.0
                    ],
                    [
                        0.0,
                        0.0,
                        0.0,
                        0.0,
                        0.0,
                        0.0
                    ]
                ]
            },
            "est_params": {
                "mui": [
                    -0.007421199377391477,
                    0.012448875311119266,
                    0.0077720110741585705,
                    0.0038317653731660506,
                    0.006876279436697367,
                    0.95780085998254
                ],
                "Si": [
                    [
                        0.9975688548564072,
                        -0.8067729849186948,
                        -0.5028521621034612,
                        0.34902752659440267,
                        -0.6571374900973761,
                        -0.05215123608663795
                    ],
                    [
                        -0.8067729849186948,
                        1.6341413021217859,
                        1.0068271400320465,
                        -0.050852633285429945,
                        1.0608280583151872,
                        0.08682159976550001
                    ],
                    [
                        -0.5028521621034612,
                        1.0068271400320465,
                        1.60835836790551,
                        -0.7217673974061356,
                        -0.4630102449358455,
                        0.023617403176872394
                    ],
                    [
                        0.34902752659440267,
                        -0.050852633285429945,
                        -0.7217673974061356,
                        1.6075010956697915,
                        1.2834077603414864,
                        0.0681479517551412
                    ],
                    [
                        -0.6571374900973761,
                        1.0608280583151872,
                        -0.4630102449358455,
                        1.2834077603414864,
                        3.3654670363854993,
                        0.0902871800615254
                    ],
                    [
                        -0.05215123608663795,
                        0.08682159976550001,
                        0.023617403176872394,
                        0.06814795175514118,
                        0.09028718006152539,
                        63.34234687092686
                    ]
                ]
            },
            "est_tgt": [
                5
            ],
            "oracle_est_tgt": [
                5
            ]
        },
        "obs": {
            "intv_type": "obs",
            "true_params": {
                "Si": [
                    [
                        1.0,
                        -0.803541039067438,
                        -0.48209712734777277,
                        0.34704151563875246,
                        -0.672745620580838,
                        -1.372594852950404
                    ],
                    [
                        -0.803541039067438,
                        1.645678201465578,
                        0.9873506079865815,
                        -0.035087513313008134,
                        1.0916883361809235,
                        1.0151842983838513
                    ],
                    [
                        -0.48209712734777277,
                        0.9873506079865815,
                        1.5923765789832411,
                        -0.7160460432644187,
                        -0.4795467872549868,
                        -0.2348648161923066
                    ],
                    [
                        0.34704151563875246,
                        -0.035087513313008134,
                        -0.7160460432644187,
                        1.6628815456904535,
                        1.334092230405568,
                        -0.2450833287596064
                    ],
                    [
                        -0.672745620580838,
                        1.0916883361809235,
                        -0.4795467872549868,
                        1.334092230405568,
                        3.4591254428755502,
                        2.4105135646665783
                    ],
                    [
                        -1.372594852950404,
                        1.0151842983838513,
                        -0.2348648161923066,
                        -0.2450833287596064,
                        2.4105135646665783,
                        4.3446876113929225
                    ]
                ],
                "mui": [
                    0.0,
                    0.0,
                    0.0,
                    0.0,
                    0.0,
                    0.0
                ],
                "Ai": [
                    [
                        0.0,
                        0.0,
                        0.0,
                        0.0,
                        0.0,
                        0.0
                    ],
                    [
                        -0.803541039067438,
                        0.0,
                        0.0,
                        0.0,
