{
    "expt_args": {
        "save_dir": "all_expt_logs/expt_logs_11.05.24-hard_var_shift",
        "exp_name": "215",
        "num_nodes": 6,
        "obs_noise_mean": 0.0,
        "obs_noise_var": 1.0,
        "max_edge_strength": 1.0,
        "graph_sparsity_method": "adj_dense_prop",
        "adj_dense_prop": 0.8,
        "num_parents": null,
        "new_noise_mean": 1.0,
        "mix_samples": 131072,
        "stage2_samples": 131072,
        "gmm_tol": 0.001,
        "intv_type": "hard",
        "new_noise_sigma": 4.0,
        "intv_targets": [
            0,
            1,
            2,
            3,
            4,
            5
        ]
    },
    "intv_args_dict": {
        "0": {
            "intv_type": "hard",
            "inode": 0,
            "new_mui": 1.0,
            "new_sigmai": 4.0,
            "true_params": {
                "Si": [
                    [
                        4.0,
                        -3.902190583559707,
                        -5.460526040121354,
                        -2.4158713254770166,
                        8.180692710628358,
                        -9.261868395024134
                    ],
                    [
                        -3.902190583559707,
                        4.806772837605511,
                        5.829569960099641,
                        2.9759040256459235,
                        -8.365688726539636,
                        9.400509723524722
                    ],
                    [
                        -5.460526040121354,
                        5.829569960099641,
                        8.706909382671554,
                        3.609124312329075,
                        -12.127359887800939,
                        14.25791896972937
                    ],
                    [
                        -2.4158713254770166,
                        2.9759040256459235,
                        3.609124312329075,
                        2.842401350979428,
                        -5.179251776543632,
                        6.582985407661252
                    ],
                    [
                        8.180692710628358,
                        -8.365688726539636,
                        -12.127359887800939,
                        -5.179251776543632,
                        18.466144648005905,
                        -20.886929436929588
                    ],
                    [
                        -9.261868395024134,
                        9.400509723524722,
                        14.25791896972937,
                        6.582985407661252,
                        -20.886929436929588,
                        25.709564570915443
                    ]
                ],
                "mui": [
                    1.0,
                    -0.9755476458899267,
                    -1.3651315100303385,
                    -0.6039678313692541,
                    2.0451731776570896,
                    -2.3154670987560335
                ],
                "Ai": [
                    [
                        0.0,
                        0.0,
                        0.0,
                        0.0,
                        0.0,
                        0.0
                    ],
                    [
                        -0.9755476458899267,
                        0.0,
                        0.0,
                        0.0,
                        0.0,
                        0.0
                    ],
                    [
                        -0.8748538110473882,
                        0.5025666363386104,
                        0.0,
                        0.0,
                        0.0,
                        0.0
                    ],
                    [
                        0.0,
                        0.619106441303843,
                        0.0,
                        0.0,
                        0.0,
                        0.0
                    ],
                    [
                        0.999299992584645,
                        -0.0,
                        -0.7661336489472735,
                        -0.0,
                        0.0,
                        0.0
                    ],
                    [
                        -0.0,
                        -0.8263553029365929,
                        0.8882770563508571,
                        0.7630692862876873,
                        -0.708072931788704,
                        0.0
                    ]
                ]
            },
            "est_params": {
                "mui": [
                    1.0076835800121249,
                    -0.984773494222538,
                    -1.3810915867793159,
                    -0.60078498962859,
                    2.072167735952127,
                    -2.3388759592772415
                ],
                "Si": [
                    [
                        16.242380961011786,
                        -15.863185744320432,
                        -22.182866752731453,
                        -9.792411385876377,
                        33.242018197925475,
                        -37.63254663663903
                    ],
                    [
                        -15.863185744320432,
                        16.48211927980672,
                        22.163504694230088,
                        10.168170225343037,
                        -32.835359067348634,
                        37.107812969810176
                    ],
                    [
                        -22.182866752731453,
                        22.163504694230088,
                        31.556713876542485,
                        13.682735909440863,
                        -46.36834587844446,
                        53.043117158197255
                    ],
                    [
                        -9.792411385876377,
                        10.168170225343037,
                        13.682735909440865,
                        7.279267689367599,
                        -20.283925020240886,
                        23.67217012154019
                    ],
                    [
                        33.24201819792548,
                        -32.835359067348634,
                        -46.36834587844446,
                        -20.283925020240886,
                        69.78932264233364,
                        -79.02594562471687
                    ],
                    [
                        -37.63254663663903,
                        37.107812969810176,
                        53.043117158197255,
                        23.67217012154019,
                        -79.02594562471687,
                        91.50719264374861
                    ]
                ]
            },
            "est_tgt": [
                0,
                5
            ],
            "oracle_est_tgt": [
                0
            ]
        },
        "1": {
            "intv_type": "hard",
            "inode": 1,
            "new_mui": 1.0,
            "new_sigmai": 4.0,
            "true_params": {
                "Si": [
                    [
                        1.0,
                        0.0,
                        -0.8748538110473882,
                        0.0,
                        1.6695549351378092,
                        -1.9592792257198308
                    ],
                    [
                        0.0,
                        4.0,
                        2.0102665453544417,
                        2.476425765215372,
                        -1.5401328437490283,
                        1.4604632568664608
                    ],
                    [
                        -0.8748538110473882,
                        2.0102665453544417,
                        2.7756620865469595,
                        1.2445689669665587,
                        -3.000769529503129,
                        3.8788185593294098
                    ],
                    [
                        0.0,
                        2.476425765215372,
                        1.2445689669665587,
                        2.533171142655635,
                        -0.9535061640286285,
                        1.667251495901302
                    ],
                    [
                        1.6695549351378092,
                        -1.5401328437490283,
                        -3.000769529503129,
                        -0.9535061640286285,
                        4.967376743590895,
                        -5.6376740639852265
                    ],
                    [
                        -1.9592792257198308,
                        1.4604632568664608,
                        3.8788185593294098,
                        1.667251495901302,
                        -5.6376740639852265,
                        8.502716786939196
                    ]
                ],
                "mui": [
                    0.0,
                    1.0,
                    0.5025666363386104,
                    0.619106441303843,
                    -0.38503321093725706,
                    0.3651158142166152
                ],
                "Ai": [
                    [
                        0.0,
                        0.0,
                        0.0,
                        0.0,
                        0.0,
                        0.0
                    ],
                    [
                        0.0,
                        0.0,
                        0.0,
                        0.0,
                        0.0,
                        0.0
                    ],
                    [
                        -0.8748538110473882,
                        0.5025666363386104,
                        0.0,
                        0.0,
                        0.0,
                        0.0
                    ],
                    [
                        0.0,
                        0.619106441303843,
                        0.0,
                        0.0,
                        0.0,
                        0.0
                    ],
                    [
                        0.999299992584645,
                        -0.0,
                        -0.7661336489472735,
                        -0.0,
                        0.0,
                        0.0
                    ],
                    [
                        -0.0,
                        -0.8263553029365929,
                        0.8882770563508571,
                        0.7630692862876873,
                        -0.708072931788704,
                        0.0
                    ]
                ]
            },
            "est_params": {
                "mui": [
                    -0.00482832287196234,
                    1.062446880701167,
                    0.5346275593978885,
                    0.6604367291290129,
                    -0.4091229728113836,
                    0.3778483887980418
                ],
                "Si": [
                    [
                        1.0209103807498212,
                        0.04658999794901575,
                        -0.8605085039548058,
                        0.00969143167651127,
                        1.6855143536315886,
                        -2.0106399824385783
                    ],
                    [
                        0.04658999794901575,
                        16.804695515926586,
                        8.450787161550695,
                        10.421165020817881,
                        -6.439991130601598,
                        6.143031626680713
                    ],
                    [
                        -0.8605085039548058,
                        8.450787161550695,
                        6.017127317274983,
                        5.27206397283867,
                        -5.483075490916562,
                        6.290303597434176
                    ],
                    [
                        0.009691431676511257,
                        10.421165020817881,
                        5.27206397283867,
                        7.470362200939201,
                        -4.029361468369756,
                        4.64957405946003
                    ],
                    [
                        1.6855143536315886,
                        -6.439991130601597,
                        -5.483075490916562,
                        -4.029361468369757,
                        6.896180811496945,
                        -7.531934953460135
                    ],
                    [
                        -2.0106399824385783,
                        6.143031626680713,
                        6.290303597434176,
                        4.64957405946003,
                        -7.531934953460134,
                        10.39443760884968
                    ]
                ]
            },
            "est_tgt": [
                1,
                5
            ],
            "oracle_est_tgt": [
                1
            ]
        },
        "2": {
            "intv_type": "hard",
            "inode": 2,
            "new_mui": 1.0,
            "new_sigmai": 4.0,
            "true_params": {
                "Si": [
                    [
                        1.0,
                        -0.9755476458899267,
                        0.0,
                        -0.6039678313692541,
                        0.999299992584645,
                        -0.3622976070610483
                    ],
                    [
                        -0.9755476458899267,
                        1.9516932094013777,
                        0.0,
                        1.208305837389363,
                        -0.9748647553037716,
                        -0.0004956149548001054
                    ],
                    [
                        0.0,
                        0.0,
                        4.0,
                        0.0,
                        -3.064534595789094,
                        5.723022221211723
                    ],
                    [
                        -0.6039678313692541,
                        1.208305837389363,
                        0.0,
                        1.7480699269927884,
                        -0.6035450494086597,
                        0.7627624478767641
                    ],
                    [
                        0.999299992584645,
                        -0.9748647553037716,
                        -3.064534595789094,
                        -0.6035450494086597,
                        4.346443547376728,
                        -5.454716825181512
                    ],
                    [
                        -0.3622976070610483,
                        -0.0004956149548001054,
                        5.723022221211723,
                        0.7627624478767641,
                        -5.454716825181512,
                        10.528416817326422
                    ]
                ],
                "mui": [
                    0.0,
                    0.0,
                    1.0,
                    0.0,
                    -0.7661336489472735,
                    1.4307555553029307
                ],
                "Ai": [
                    [
                        0.0,
                        0.0,
                        0.0,
                        0.0,
                        0.0,
                        0.0
                    ],
                    [
                        -0.9755476458899267,
                        0.0,
                        0.0,
                        0.0,
                        0.0,
                        0.0
                    ],
                    [
                        0.0,
                        0.0,
                        0.0,
                        0.0,
                        0.0,
                        0.0
                    ],
                    [
                        0.0,
                        0.619106441303843,
                        0.0,
                        0.0,
                        0.0,
                        0.0
                    ],
                    [
                        0.999299992584645,
                        -0.0,
                        -0.7661336489472735,
                        -0.0,
                        0.0,
                        0.0
                    ],
                    [
                        -0.0,
                        -0.8263553029365929,
                        0.8882770563508571,
                        0.7630692862876873,
                        -0.708072931788704,
                        0.0
                    ]
                ]
            },
            "est_params": {
                "mui": [
                    -0.0029511533413735533,
                    0.0034379846976200076,
                    1.0739459070603061,
                    0.017133463879963954,
                    -0.8193817435444897,
                    1.5273829724463135
                ],
                "Si": [
                    [
                        0.9924127839176229,
                        -0.9759587110364314,
                        0.047963121083465295,
                        -0.6325404916364329,
                        0.9677644836861339,
                        -0.33933820574815204
                    ],
                    [
                        -0.9759587110364314,
                        1.9513045821035973,
                        -0.023936716568876887,
                        1.2418688995729177,
                        -0.9604730168250554,
                        0.018243263054830584
                    ],
                    [
                        0.04796312108346519,
                        -0.02393671656887688,
                        17.104798140509367,
                        0.02491020643177552,
                        -13.045769436613364,
                        24.46688693740232
                    ],
                    [
                        -0.6325404916364329,
                        1.2418688995729177,
                        0.02491020643177549,
                        1.8001055277407578,
                        -0.635983691471818,
                        0.8434704916350367
                    ],
                    [
                        0.9677644836861339,
                        -0.9604730168250554,
                        -13.045769436613364,
                        -0.635983691471818,
                        11.988902164835498,
                        -19.788283590853197
                    ],
                    [
                        -0.33933820574815204,
                        0.01824326305483058,
                        24.46688693740232,
                        0.8434704916350367,
                        -19.788283590853197,
                        37.374276884013696
                    ]
                ]
            },
            "est_tgt": [
                2,
                4
            ],
            "oracle_est_tgt": [
                2,
                4
            ]
        },
        "3": {
            "intv_type": "hard",
            "inode": 3,
            "new_mui": 1.0,
            "new_sigmai": 4.0,
            "true_params": {
                "Si": [
                    [
                        1.0,
                        -0.9755476458899267,
                        -1.3651315100303385,
                        0.0,
                        2.0451731776570896,
                        -1.8545977967323743
                    ],
                    [
                        -0.9755476458899267,
                        1.9516932094013777,
                        1.834317467278868,
                        0.0,
                        -2.3801970898378517,
                        1.7019432185896943
                    ],
                    [
                        -1.3651315100303385,
                        1.834317467278868,
                        3.116157263638417,
                        0.0,
                        -3.751568842935234,
                        3.908597384340269
                    ],
                    [
                        0.0,
                        0.0,
                        0.0,
                        4.0,
                        0.0,
                        3.0522771451507493
                    ],
                    [
                        2.0451731776570896,
                        -2.3801970898378517,
                        -3.751568842935234,
                        0.0,
                        5.917944668181916,
                        -5.555880472641244
                    ],
                    [
                        -1.8545977967323743,
                        1.7019432185896943,
                        3.908597384340269,
                        3.0522771451507493,
                        -5.555880472641244,
                        9.328575092676965
                    ]
                ],
                "mui": [
                    0.0,
                    0.0,
                    0.0,
                    1.0,
                    0.0,
                    0.7630692862876873
                ],
                "Ai": [
                    [
                        0.0,
                        0.0,
                        0.0,
                        0.0,
                        0.0,
                        0.0
                    ],
                    [
                        -0.9755476458899267,
                        0.0,
                        0.0,
                        0.0,
                        0.0,
                        0.0
                    ],
                    [
                        -0.8748538110473882,
                        0.5025666363386104,
                        0.0,
                        0.0,
                        0.0,
                        0.0
                    ],
                    [
                        0.0,
                        0.0,
                        0.0,
                        0.0,
                        0.0,
                        0.0
                    ],
                    [
                        0.999299992584645,
                        -0.0,
                        -0.7661336489472735,
                        -0.0,
                        0.0,
                        0.0
                    ],
                    [
                        -0.0,
                        -0.8263553029365929,
                        0.8882770563508571,
                        0.7630692862876873,
                        -0.708072931788704,
                        0.0
                    ]
                ]
            },
            "est_params": {
                "mui": [
                    0.011760763316383413,
                    -0.009376829981630086,
                    -0.020373698339127767,
                    1.0605317782610173,
                    0.038618256341834994,
                    0.7777082960513678
                ],
                "Si": [
                    [
                        1.0334424223040743,
                        -1.0026664430985828,
                        -1.408721273746412,
                        0.014458181112377183,
                        2.097729833944173,
                        -1.9080665716046499
                    ],
                    [
                        -1.0026664430985828,
                        1.9602851104597872,
                        1.8684029779467408,
                        0.0035213447798350824,
                        -2.432705293786156,
                        1.7701138931457596
                    ],
                    [
                        -1.4087212737464123,
                        1.8684029779467408,
                        3.1474858835427213,
                        0.006988841494159797,
                        -3.812166105731395,
                        3.9659495947349197
                    ],
                    [
                        0.01445818111237723,
                        0.0035213447798350755,
                        0.006988841494159821,
                        16.459531081309393,
                        0.019145848253259035,
                        12.541485179209245
                    ],
                    [
                        2.0977298339441734,
                        -2.432705293786156,
                        -3.812166105731395,
                        0.019145848253258976,
                        6.006424909962883,
                        -5.621260565173656
                    ],
                    [
                        -1.9080665716046499,
                        1.77011389314576,
                        3.9659495947349197,
                        12.541485179209245,
                        -5.621260565173656,
                        16.583112918652006
                    ]
                ]
            },
            "est_tgt": [
                3
            ],
            "oracle_est_tgt": [
                3
            ]
        },
        "4": {
            "intv_type": "hard",
            "inode": 4,
            "new_mui": 1.0,
            "new_sigmai": 4.0,
            "true_params": {
                "Si": [
                    [
                        1.0,
                        -0.9755476458899267,
                        -1.3651315100303385,
                        -0.6039678313692541,
                        0.0,
                        -0.8673353308367582
                    ],
                    [
                        -0.9755476458899267,
                        1.9516932094013777,
                        1.834317467278868,
                        1.208305837389363,
                        0.0,
                        0.9386111599072133
                    ],
                    [
                        -1.3651315100303385,
                        1.834317467278868,
                        3.116157263638417,
                        1.1356377593884985,
                        0.0,
                        2.1187833294538923
                    ],
                    [
                        -0.6039678313692541,
                        1.208305837389363,
                        1.1356377593884985,
                        1.7480699269927884,
                        0.0,
                        1.3441695012659145
                    ],
                    [
                        0.0,
                        0.0,
                        0.0,
                        0.0,
                        4.0,
                        -2.832291727154816
                    ],
                    [
                        -0.8673353308367582,
                        0.9386111599072133,
                        2.1187833294538923,
                        1.3441695012659145,
                        -2.832291727154816,
                        5.13760387845584
                    ]
                ],
                "mui": [
                    0.0,
                    0.0,
                    0.0,
                    0.0,
                    1.0,
                    -0.708072931788704
                ],
                "Ai": [
                    [
                        0.0,
                        0.0,
                        0.0,
                        0.0,
                        0.0,
                        0.0
                    ],
                    [
                        -0.9755476458899267,
                        0.0,
                        0.0,
                        0.0,
                        0.0,
                        0.0
                    ],
                    [
                        -0.8748538110473882,
                        0.5025666363386104,
                        0.0,
                        0.0,
                        0.0,
                        0.0
                    ],
                    [
                        0.0,
                        0.619106441303843,
                        0.0,
                        0.0,
                        0.0,
                        0.0
                    ],
                    [
                        0.0,
                        0.0,
                        0.0,
                        0.0,
                        0.0,
                        0.0
                    ],
                    [
                        -0.0,
                        -0.8263553029365929,
                        0.8882770563508571,
                        0.7630692862876873,
                        -0.708072931788704,
                        0.0
                    ]
                ]
            },
            "est_params": {
                "mui": [
                    0.004163566313121053,
                    -0.015115047478520447,
                    -0.011603235269242992,
                    -0.01539904687308015,
                    1.0816738015931413,
                    -0.7823086059263108
                ],
                "Si": [
                    [
                        1.0063765869189247,
                        -0.9727948352624701,
                        -1.381098354011321,
                        -0.599856636998818,
                        -0.04481855797700835,
                        -0.8578036973031575
                    ],
                    [
                        -0.9727948352624701,
                        1.9105539444087558,
                        1.8235655813334615,
                        1.1814004667446365,
                        0.1286132777678074,
                        0.8546441900573274
                    ],
                    [
                        -1.381098354011321,
                        1.8235655813334615,
                        3.1500231548196944,
                        1.1030051764903885,
                        0.09922569645361692,
                        2.0788763643452706
                    ],
                    [
                        -0.599856636998818,
                        1.1814004667446365,
                        1.1030051764903885,
                        1.7486994422763926,
                        0.1453444832238248,
                        1.2499782909468447
                    ],
                    [
                        -0.04481855797700843,
                        0.1286132777678074,
                        0.09922569645361692,
                        0.1453444832238248,
                        16.739490934210817,
                        -11.789760613888689
                    ],
                    [
                        -0.8578036973031575,
                        0.8546441900573273,
                        2.0788763643452706,
                        1.2499782909468447,
                        -11.789760613888689,
                        11.424854689299265
                    ]
                ]
            },
            "est_tgt": [
                2,
                4,
                5
            ],
            "oracle_est_tgt": [
                2,
                4
            ]
        },
        "5": {
            "intv_type": "hard",
            "inode": 5,
            "new_mui": 1.0,
            "new_sigmai": 4.0,
            "true_params": {
                "Si": [
                    [
                        1.0,
                        -0.9755476458899267,
                        -1.3651315100303385,
                        -0.6039678313692541,
                        2.0451731776570896,
                        0.0
                    ],
                    [
                        -0.9755476458899267,
                        1.9516932094013777,
                        1.834317467278868,
                        1.208305837389363,
                        -2.3801970898378517,
                        0.0
                    ],
                    [
                        -1.3651315100303385,
                        1.834317467278868,
                        3.116157263638417,
                        1.1356377593884985,
                        -3.751568842935234,
                        0.0
                    ],
                    [
                        -0.6039678313692541,
                        1.208305837389363,
                        1.1356377593884985,
                        1.7480699269927884,
                        -1.473595349891276,
                        0.0
                    ],
                    [
                        2.0451731776570896,
                        -2.3801970898378517,
                        -3.751568842935234,
                        -1.473595349891276,
                        5.917944668181916,
                        0.0
                    ],
                    [
                        0.0,
                        0.0,
                        0.0,
                        0.0,
                        0.0,
                        4.0
                    ]
                ],
                "mui": [
                    0.0,
                    0.0,
                    0.0,
                    0.0,
                    0.0,
                    1.0
                ],
                "Ai": [
                    [
                        0.0,
                        0.0,
                        0.0,
                        0.0,
                        0.0,
                        0.0
                    ],
                    [
                        -0.9755476458899267,
                        0.0,
                        0.0,
                        0.0,
                        0.0,
                        0.0
                    ],
                    [
                        -0.8748538110473882,
                        0.5025666363386104,
                        0.0,
                        0.0,
                        0.0,
                        0.0
                    ],
                    [
                        0.0,
                        0.619106441303843,
                        0.0,
                        0.0,
                        0.0,
                        0.0
                    ],
                    [
                        0.999299992584645,
                        -0.0,
                        -0.7661336489472735,
                        -0.0,
                        0.0,
                        0.0
                    ],
                    [
                        0.0,
                        0.0,
                        0.0,
                        0.0,
                        0.0,
                        0.0
                    ]
                ]
            },
            "est_params": {
                "mui": [
                    -0.003923408274236504,
                    -0.010310070290880078,
                    0.006896986152423012,
                    -0.00418178180363705,
                    -0.0012123130942317557,
                    1.0228211784341217
                ],
                "Si": [
                    [
                        1.0244393224001505,
                        -1.002720083413236,
                        -1.4053349832650381,
                        -0.6194562737157846,
                        2.1109338580745516,
                        0.10358201575171548
                    ],
                    [
                        -1.002720083413236,
                        1.9827420877523287,
                        1.8872524133839257,
                        1.208626519819388,
                        -2.4658633765799576,
                        -0.09557816596677826
                    ],
                    [
                        -1.4053349832650381,
                        1.8872524133839257,
                        3.212004228062761,
                        1.1496628850685775,
                        -3.886296824370024,
                        -0.24888920846639023
                    ],
                    [
                        -0.6194562737157846,
                        1.208626519819388,
                        1.1496628850685775,
                        1.7492502852636944,
                        -1.5141160123507358,
                        -0.056988223918873336
                    ],
                    [
                        2.1109338580745516,
                        -2.4658633765799576,
                        -3.886296824370024,
                        -1.514116012350736,
                        6.125330131152567,
                        0.30770899771583604
                    ],
                    [
                        0.10358201575171543,
                        -0.09557816596677816,
                        -0.24888920846639018,
                        -0.056988223918873336,
                        0.30770899771583593,
                        16.159409958639845
                    ]
                ]
            },
            "est_tgt": [
                5
            ],
            "oracle_est_tgt": [
                5
            ]
        },
        "obs": {
            "intv_type": "obs",
            "true_params": {
                "Si": [
                    [
                        1.0,
                        -0.9755476458899267,
                        -1.3651315100303385,
                        -0.6039678313692541,
                        2.0451731776570896,
                        -2.3154670987560335
                    ],
                    [
                        -0.9755476458899267,
                        1.9516932094013777,
                        1.834317467278868,
                        1.208305837389363,
                        -2.3801970898378517,
                        2.623964291543642
                    ],
                    [
                        -1.3651315100303385,
                        1.834317467278868,
                        3.116157263638417,
                        1.1356377593884985,
                        -3.751568842935234,
                        4.775167678878199
                    ],
                    [
                        -0.6039678313692541,
                        1.208305837389363,
                        1.1356377593884985,
                        1.7480699269927884,
                        -1.473595349891276,
                        2.3875824809336312
                    ],
                    [
                        2.0451731776570896,
                        -2.3801970898378517,
                        -3.751568842935234,
                        -1.473595349891276,
                        5.917944668181916,
                        -6.680335824559634
                    ],
                    [
                        -2.3154670987560335,
                        2.623964291543642,
                        4.775167678878199,
                        2.3875824809336312,
                        -6.680335824559634,
                        9.625400914650394
                    ]
                ],
                "mui": [
                    0.0,
                    0.0,
                    0.0,
                    0.0,
                    0.0,
                    0.0
                ],
                "Ai": [
                    [
                        0.0,
                        0.0,
                        0.0,
                        0.0,
                        0.0,
                        0.0
                    ],
                    [
                        -0.9755476458899267,
                        0.0,
                        0.0,
                        0.0,
                        0.0,
                        0.0
                    ],
                    [
                        -0.8748538110473882,
                        0.5025666363386104,
                        0.0,
                        0.0,
                        0.0,
                        0.0
                    ],
                    [
                        0.0,
                        0.619106441303843,
                        0.0,
                        0.0,
                        0.0,
