{
    "expt_args": {
        "save_dir": "all_expt_logs/expt_logs_11.05.24-hard_var_shift",
        "exp_name": "351",
        "num_nodes": 6,
        "obs_noise_mean": 0.0,
        "obs_noise_var": 1.0,
        "max_edge_strength": 1.0,
        "graph_sparsity_method": "adj_dense_prop",
        "adj_dense_prop": 0.8,
        "num_parents": null,
        "new_noise_mean": 1.0,
        "mix_samples": 131072,
        "stage2_samples": 131072,
        "gmm_tol": 0.001,
        "intv_type": "hard",
        "new_noise_sigma": 0.2,
        "intv_targets": [
            0,
            1,
            2,
            3,
            4,
            5
        ]
    },
    "intv_args_dict": {
        "0": {
            "intv_type": "hard",
            "inode": 0,
            "new_mui": 1.0,
            "new_sigmai": 0.2,
            "true_params": {
                "Si": [
                    [
                        0.2,
                        0.0,
                        0.1351765166207751,
                        -0.2927029532837238,
                        -0.42787822841451506,
                        0.23176797553166972
                    ],
                    [
                        0.0,
                        1.0,
                        0.5830455102051555,
                        0.38680735801698274,
                        -0.9624819913739197,
                        -1.2383522292512894
                    ],
                    [
                        0.1351765166207751,
                        0.5830455102051555,
                        1.4313055201990235,
                        -0.8662745799730378,
                        -2.3074612674800226,
                        -0.760173643804883
                    ],
                    [
                        -0.2927029532837238,
                        0.38680735801698274,
                        -0.8662745799730378,
                        2.3771738924163937,
                        2.1284705033054134,
                        -1.1936852037406522
                    ],
                    [
                        -0.42787822841451506,
                        -0.9624819913739197,
                        -2.307461267480022,
                        2.1284705033054134,
                        5.2920381945398765,
                        0.6655286127991086
                    ],
                    [
                        0.23176797553166972,
                        -1.2383522292512894,
                        -0.760173643804883,
                        -1.1936852037406522,
                        0.6655286127991086,
                        3.1421470815193695
                    ]
                ],
                "mui": [
                    1.0,
                    0.0,
                    0.6758825831038754,
                    -1.463514766418619,
                    -2.1393911420725753,
                    1.1588398776583486
                ],
                "Ai": [
                    [
                        0.0,
                        0.0,
                        0.0,
                        0.0,
                        0.0,
                        0.0
                    ],
                    [
                        -0.0,
                        0.0,
                        0.0,
                        0.0,
                        0.0,
                        0.0
                    ],
                    [
                        0.6758825831038754,
                        0.5830455102051555,
                        0.0,
                        0.0,
                        0.0,
                        0.0
                    ],
                    [
                        -0.8592973347951485,
                        0.9080314130561591,
                        -0.8939680452316215,
                        0.0,
                        0.0,
                        0.0
                    ],
                    [
                        -0.6630796054015402,
                        -0.632289766623402,
                        -0.9457782638371309,
                        0.5719631259435217,
                        0.0,
                        0.0
                    ],
                    [
                        0.8182051784532925,
                        -0.6256849467753623,
                        -0.6861627357422182,
                        -0.5496358218759785,
                        0.0,
                        0.0
                    ]
                ]
            },
            "est_params": {
                "mui": [
                    0.9891782959562521,
                    0.0010964800613679708,
                    0.6682668374188767,
                    -1.4294872491663457,
                    -2.1274411712425647,
                    1.1427752339094341
                ],
                "Si": [
                    [
                        0.057382562870548375,
                        0.0014325684653361198,
                        0.03771482554623688,
                        -0.08124545363766465,
                        -0.12417435619645842,
                        0.06273756082862776
                    ],
                    [
                        0.0014325684653361196,
                        0.992704065101508,
                        0.5837263708985386,
                        0.3802794725539794,
                        -0.9610154631739012,
                        -1.2232874064554962
                    ],
                    [
                        0.037714825546236896,
                        0.5837263708985386,
                        1.370092535213597,
                        -0.7245059090857858,
                        -2.110581476414649,
                        -0.8684980330520966
                    ],
                    [
                        -0.08124545363766465,
                        0.3802794725539794,
                        -0.7245059090857858,
                        2.0640269335301444,
                        1.6745539612271587,
                        -0.9208458215368222
                    ],
                    [
                        -0.12417435619645845,
                        -0.9610154631739012,
                        -2.110581476414649,
                        1.6745539612271587,
                        4.661565282365351,
                        1.0274122393530705
                    ],
                    [
                        0.06273756082862776,
                        -1.2232874064554962,
                        -0.8684980330520966,
                        -0.9208458215368222,
                        1.0274122393530705,
                        2.9023785400990594
                    ]
                ]
            },
            "est_tgt": [
                0
            ],
            "oracle_est_tgt": [
                0
            ]
        },
        "1": {
            "intv_type": "hard",
            "inode": 1,
            "new_mui": 1.0,
            "new_sigmai": 0.2,
            "true_params": {
                "Si": [
                    [
                        1.0,
                        0.0,
                        0.6758825831038754,
                        -1.463514766418619,
                        -2.1393911420725753,
                        1.1588398776583486
                    ],
                    [
                        0.0,
                        0.2,
                        0.1166091020410311,
                        0.07736147160339656,
                        -0.19249639827478393,
                        -0.24767044585025788
                    ],
                    [
                        0.6758825831038754,
                        0.1166091020410311,
                        1.5248056795372449,
                        -1.8380269272880785,
                        -3.0153063935997677,
                        0.4440306739815277
                    ],
                    [
                        -1.463514766418619,
                        0.07736147160339656,
                        -1.8380269272880785,
                        3.970978323863807,
                        4.931131018337956,
                        -2.1672656187619377
                    ],
                    [
                        -2.1393911420725753,
                        -0.19249639827478393,
                        -3.0153063935997673,
                        4.931131018337956,
                        8.21253649458747,
                        -2.2713541783807725
                    ],
                    [
                        1.1588398776583486,
                        -0.24767044585025788,
                        0.4440306739815277,
                        -2.1672656187619377,
                        -2.2713541783807725,
                        2.9896619762070324
                    ]
                ],
                "mui": [
                    0.0,
                    1.0,
                    0.5830455102051555,
                    0.38680735801698274,
                    -0.9624819913739197,
                    -1.2383522292512894
                ],
                "Ai": [
                    [
                        0.0,
                        0.0,
                        0.0,
                        0.0,
                        0.0,
                        0.0
                    ],
                    [
                        0.0,
                        0.0,
                        0.0,
                        0.0,
                        0.0,
                        0.0
                    ],
                    [
                        0.6758825831038754,
                        0.5830455102051555,
                        0.0,
                        0.0,
                        0.0,
                        0.0
                    ],
                    [
                        -0.8592973347951485,
                        0.9080314130561591,
                        -0.8939680452316215,
                        0.0,
                        0.0,
                        0.0
                    ],
                    [
                        -0.6630796054015402,
                        -0.632289766623402,
                        -0.9457782638371309,
                        0.5719631259435217,
                        0.0,
                        0.0
                    ],
                    [
                        0.8182051784532925,
                        -0.6256849467753623,
                        -0.6861627357422182,
                        -0.5496358218759785,
                        0.0,
                        0.0
                    ]
                ]
            },
            "est_params": {
                "mui": [
                    0.005378469798035685,
                    0.9998882788323414,
                    0.5965290483843487,
                    0.37245690549295446,
                    -0.9957278174386198,
                    -1.2450277023386869
                ],
                "Si": [
                    [
                        1.023486106807692,
                        -0.006722857831235098,
                        0.6726051428619721,
                        -1.4948246209300888,
                        -2.154155880064323,
                        1.1888108520729093
                    ],
                    [
                        -0.006722857831235097,
                        0.03826873850186103,
                        0.01839162133146617,
                        0.023273817295086468,
                        -0.023881100619067435,
                        -0.0558762162437511
                    ],
                    [
                        0.6726051428619721,
                        0.01839162133146617,
                        1.4535921131240108,
                        -1.8794198949637444,
                        -2.9072801500698873,
                        0.5555933711998197
                    ],
                    [
                        -1.4948246209300888,
                        0.023273817295086468,
                        -1.8794198949637444,
                        4.004937988302955,
                        5.041464575847789,
                        -2.1352098553693533
                    ],
                    [
                        -2.154155880064323,
                        -0.023881100619067435,
                        -2.9072801500698873,
                        5.0414645758477885,
                        8.056610374163117,
                        -2.514220615739844
                    ],
                    [
                        1.1888108520729093,
                        -0.0558762162437511,
                        0.5555933711998196,
                        -2.135209855369353,
                        -2.514220615739844,
                        2.8125961247849864
                    ]
                ]
            },
            "est_tgt": [
                1
            ],
            "oracle_est_tgt": [
                1
            ]
        },
        "2": {
            "intv_type": "hard",
            "inode": 2,
            "new_mui": 1.0,
            "new_sigmai": 0.2,
            "true_params": {
                "Si": [
                    [
                        1.0,
                        0.0,
                        0.0,
                        -0.8592973347951485,
                        -1.1545659951259102,
                        1.290505775299262
                    ],
                    [
                        0.0,
                        1.0,
                        0.0,
                        0.9080314130561591,
                        -0.11292928115688806,
                        -1.1247715387796904
                    ],
                    [
                        0.0,
                        0.0,
                        0.2,
                        -0.17879360904632433,
                        -0.2914190042962858,
                        -0.0389611748940948
                    ],
                    [
                        -0.8592973347951485,
                        0.9080314130561591,
                        -0.17879360904632433,
                        2.72274872986186,
                        1.7220545512701158,
                        -2.645061839491852
                    ],
                    [
                        -1.1545659951259102,
                        -0.11292928115688806,
                        -0.2914190042962858,
                        1.7220545512701158,
                        3.0975426574079727,
                        -1.6205557321754778
                    ],
                    [
                        1.290505775299262,
                        -1.1247715387796904,
                        -0.0389611748940948,
                        -2.645061839491852,
                        -1.6205557321754778,
                        4.240205572964506
                    ]
                ],
                "mui": [
                    0.0,
                    0.0,
                    1.0,
                    -0.8939680452316215,
                    -1.4570950214814289,
                    -0.19480587447047398
                ],
                "Ai": [
                    [
                        0.0,
                        0.0,
                        0.0,
                        0.0,
                        0.0,
                        0.0
                    ],
                    [
                        -0.0,
                        0.0,
                        0.0,
                        0.0,
                        0.0,
                        0.0
                    ],
                    [
                        0.0,
                        0.0,
                        0.0,
                        0.0,
                        0.0,
                        0.0
                    ],
                    [
                        -0.8592973347951485,
                        0.9080314130561591,
                        -0.8939680452316215,
                        0.0,
                        0.0,
                        0.0
                    ],
                    [
                        -0.6630796054015402,
                        -0.632289766623402,
                        -0.9457782638371309,
                        0.5719631259435217,
                        0.0,
                        0.0
                    ],
                    [
                        0.8182051784532925,
                        -0.6256849467753623,
                        -0.6861627357422182,
                        -0.5496358218759785,
                        0.0,
                        0.0
                    ]
                ]
            },
            "est_params": {
                "mui": [
                    0.021705526874226513,
                    -0.016307018166155086,
                    1.0021219383346478,
                    -0.9395821209785425,
                    -1.4933486572027885,
                    -0.13211775234719805
                ],
                "Si": [
                    [
                        1.0243286071597355,
                        0.0019941999845659213,
                        -0.0023341113204799644,
                        -0.8721843458200875,
                        -1.1988844380069992,
                        1.3269045350376694
                    ],
                    [
                        0.001994199984565919,
                        1.0002991532555647,
                        0.0024266846147816545,
                        0.8989504765822887,
                        -0.11955297623511571,
                        -1.1009371451172258
                    ],
                    [
                        -0.0023341113204799666,
                        0.0024266846147816545,
                        0.03844873703327025,
                        -0.031963652573792675,
                        -0.0553452797407797,
                        -0.010748850689834511
                    ],
                    [
                        -0.8721843458200873,
                        0.8989504765822887,
                        -0.03196365257379267,
                        2.55609023870152,
                        1.532370992260237,
                        -2.6413006512847677
                    ],
                    [
                        -1.1988844380069992,
                        -0.11955297623511571,
                        -0.055345279740779706,
                        1.532370992260237,
                        2.8091316596698417,
                        -1.7180163697945035
                    ],
                    [
                        1.3269045350376694,
                        -1.1009371451172258,
                        -0.010748850689834511,
                        -2.6413006512847677,
                        -1.7180163697945037,
                        4.213850217676116
                    ]
                ]
            },
            "est_tgt": [
                2,
                3,
                5
            ],
            "oracle_est_tgt": [
                2,
                3,
                5
            ]
        },
        "3": {
            "intv_type": "hard",
            "inode": 3,
            "new_mui": 1.0,
            "new_sigmai": 0.2,
            "true_params": {
                "Si": [
                    [
                        1.0,
                        0.0,
                        0.6758825831038754,
                        0.0,
                        -1.302314661407279,
                        0.3544397361902203
                    ],
                    [
                        0.0,
                        1.0,
                        0.5830455102051555,
                        0.0,
                        -1.183721537003268,
                        -1.0257490491199492
                    ],
                    [
                        0.6758825831038754,
                        0.5830455102051555,
                        1.796759333113557,
                        0.0,
                        -2.516153588686033,
                        -1.04466146897791
                    ],
                    [
                        0.0,
                        0.0,
                        0.0,
                        0.2,
                        0.11439262518870436,
                        -0.1099271643751957
                    ],
                    [
                        -1.302314661407279,
                        -1.183721537003268,
                        -2.516153588686033,
                        0.11439262518870436,
                        5.057145042316329,
                        1.3386926923359221
                    ],
                    [
                        0.3544397361902203,
                        -1.0257490491199492,
                        -1.04466146897791,
                        -0.1099271643751957,
                        1.3386926923359221,
                        2.7090278456201746
                    ]
                ],
                "mui": [
                    0.0,
                    0.0,
                    0.0,
                    1.0,
                    0.5719631259435217,
                    -0.5496358218759785
                ],
                "Ai": [
                    [
                        0.0,
                        0.0,
                        0.0,
                        0.0,
                        0.0,
                        0.0
                    ],
                    [
                        -0.0,
                        0.0,
                        0.0,
                        0.0,
                        0.0,
                        0.0
                    ],
                    [
                        0.6758825831038754,
                        0.5830455102051555,
                        0.0,
                        0.0,
                        0.0,
                        0.0
                    ],
                    [
                        0.0,
                        0.0,
                        0.0,
                        0.0,
                        0.0,
                        0.0
                    ],
                    [
                        -0.6630796054015402,
                        -0.632289766623402,
                        -0.9457782638371309,
                        0.5719631259435217,
                        0.0,
                        0.0
                    ],
                    [
                        0.8182051784532925,
                        -0.6256849467753623,
                        -0.6861627357422182,
                        -0.5496358218759785,
                        0.0,
                        0.0
                    ]
                ]
            },
            "est_params": {
                "mui": [
                    -0.021430376011029522,
                    0.002856895633901818,
                    -0.013190478975636586,
                    0.9995334554878958,
                    0.5914946109130595,
                    -0.5644943406284512
                ],
                "Si": [
                    [
                        0.9968612630511597,
                        0.0014010408307276565,
                        0.6769252498139392,
                        -0.0023177275492420302,
                        -1.3020882858151122,
                        0.3633477463792238
                    ],
                    [
                        0.0014010408307276593,
                        0.9864292907045017,
                        0.5825434908891736,
                        0.0014219486426889237,
                        -1.175328581806573,
                        -1.0072732001808222
                    ],
                    [
                        0.6769252498139391,
                        0.5825434908891736,
                        1.7935973068833346,
                        -0.00039561463230226797,
                        -2.5247515816877923,
                        -1.0277668305746732
                    ],
                    [
                        -0.00231772754924203,
                        0.0014219486426889241,
                        -0.00039561463230226775,
                        0.03969551021397517,
                        0.02487219095583483,
                        -0.028812658564349655
                    ],
                    [
                        -1.3020882858151122,
                        -1.175328581806573,
                        -2.5247515816877923,
                        0.024872190955834827,
                        5.013509804489947,
                        1.3557342637857657
                    ],
                    [
                        0.3633477463792238,
                        -1.0072732001808222,
                        -1.027766830574673,
                        -0.028812658564349655,
                        1.3557342637857657,
                        2.651394397007089
                    ]
                ]
            },
            "est_tgt": [
                2,
                3,
                5
            ],
            "oracle_est_tgt": [
                2,
                3,
                5
            ]
        },
        "4": {
            "intv_type": "hard",
            "inode": 4,
            "new_mui": 1.0,
            "new_sigmai": 0.2,
            "true_params": {
                "Si": [
                    [
                        1.0,
                        0.0,
                        0.6758825831038754,
                        -1.463514766418619,
                        0.0,
                        1.1588398776583486
                    ],
                    [
                        0.0,
                        1.0,
                        0.5830455102051555,
                        0.38680735801698274,
                        0.0,
                        -1.2383522292512894
                    ],
                    [
                        0.6758825831038754,
                        0.5830455102051555,
                        1.796759333113557,
                        -1.6576058925631827,
                        0.0,
                        -0.13358189187248007
                    ],
                    [
                        -1.463514766418619,
                        0.38680735801698274,
                        -1.6576058925631827,
                        4.090674269636669,
                        0.0,
                        -2.5504686220348436
                    ],
                    [
                        0.0,
                        0.0,
                        0.0,
                        0.0,
                        0.2,
                        0.0
                    ],
                    [
                        1.1588398776583486,
                        -1.2383522292512894,
                        -0.13358189187248007,
                        -2.5504686220348436,
                        0.0,
                        4.216474971160343
                    ]
                ],
                "mui": [
                    0.0,
                    0.0,
                    0.0,
                    0.0,
                    1.0,
                    0.0
                ],
                "Ai": [
                    [
                        0.0,
                        0.0,
                        0.0,
                        0.0,
                        0.0,
                        0.0
                    ],
                    [
                        -0.0,
                        0.0,
                        0.0,
                        0.0,
                        0.0,
                        0.0
                    ],
                    [
                        0.6758825831038754,
                        0.5830455102051555,
                        0.0,
                        0.0,
                        0.0,
                        0.0
                    ],
                    [
                        -0.8592973347951485,
                        0.9080314130561591,
                        -0.8939680452316215,
                        0.0,
                        0.0,
                        0.0
                    ],
                    [
                        0.0,
                        0.0,
                        0.0,
                        0.0,
                        0.0,
                        0.0
                    ],
                    [
                        0.8182051784532925,
                        -0.6256849467753623,
                        -0.6861627357422182,
                        -0.5496358218759785,
                        0.0,
                        0.0
                    ]
                ]
            },
            "est_params": {
                "mui": [
                    -0.004919804440863106,
                    -0.006477956884359942,
                    0.010844420172394752,
                    -0.00943794457966024,
                    1.0008142157152284,
                    0.00812400154076565
                ],
                "Si": [
                    [
                        1.0075858392678594,
                        -0.001562275946351382,
                        0.6806795646514688,
                        -1.48648038818729,
                        -0.0016512900649807735,
                        1.1803606105022433
                    ],
                    [
                        -0.001562275946351385,
                        1.0000143395166348,
                        0.5821404303615827,
                        0.4073298538662038,
                        0.0004488559993654502,
                        -1.2463826724367542
                    ],
                    [
                        0.6806795646514688,
                        0.5821404303615826,
                        1.7773845494081835,
                        -1.6502857981808743,
                        -0.0017513267062146474,
                        -0.12578651674463168
                    ],
                    [
                        -1.4864803881872901,
                        0.4073298538662038,
                        -1.6502857981808743,
                        4.168041686699656,
                        0.0024214535369869055,
                        -2.6299832928445177
                    ],
                    [
                        -0.0016512900649807744,
                        0.00044885599936544994,
                        -0.0017513267062146474,
                        0.002421453536986903,
                        0.03930314625752115,
                        0.0010146142199547333
                    ],
                    [
                        1.180360610502243,
                        -1.2463826724367542,
                        -0.12578651674463168,
                        -2.6299832928445177,
                        0.001014614219954732,
                        4.305048871094799
                    ]
                ]
            },
            "est_tgt": [
                4
            ],
            "oracle_est_tgt": [
                4
            ]
        },
        "5": {
            "intv_type": "hard",
            "inode": 5,
            "new_mui": 1.0,
            "new_sigmai": 0.2,
            "true_params": {
                "Si": [
                    [
                        1.0,
                        0.0,
                        0.6758825831038754,
                        -1.463514766418619,
                        -2.1393911420725753,
                        0.0
                    ],
                    [
                        0.0,
                        1.0,
                        0.5830455102051555,
                        0.38680735801698274,
                        -0.9624819913739197,
                        0.0
                    ],
                    [
                        0.6758825831038754,
                        0.5830455102051555,
                        1.796759333113557,
                        -1.6576058925631827,
                        -3.464243036578872,
                        0.0
                    ],
                    [
                        -1.463514766418619,
                        0.38680735801698274,
                        -1.6576058925631827,
                        4.090674269636669,
                        4.63329492536014,
                        0.0
                    ],
                    [
                        -2.1393911420725753,
                        -0.9624819913739197,
                        -3.464243036578872,
                        4.63329492536014,
                        8.953633761562754,
                        0.0
                    ],
                    [
                        0.0,
                        0.0,
                        0.0,
                        0.0,
                        0.0,
                        0.2
                    ]
                ],
                "mui": [
                    0.0,
                    0.0,
                    0.0,
                    0.0,
                    0.0,
                    1.0
                ],
                "Ai": [
                    [
                        0.0,
                        0.0,
                        0.0,
                        0.0,
                        0.0,
                        0.0
                    ],
                    [
                        -0.0,
                        0.0,
                        0.0,
                        0.0,
                        0.0,
                        0.0
                    ],
                    [
                        0.6758825831038754,
                        0.5830455102051555,
                        0.0,
                        0.0,
                        0.0,
                        0.0
                    ],
                    [
                        -0.8592973347951485,
                        0.9080314130561591,
                        -0.8939680452316215,
                        0.0,
                        0.0,
                        0.0
                    ],
                    [
                        -0.6630796054015402,
                        -0.632289766623402,
                        -0.9457782638371309,
                        0.5719631259435217,
                        0.0,
                        0.0
                    ],
                    [
                        0.0,
                        0.0,
                        0.0,
                        0.0,
                        0.0,
                        0.0
                    ]
                ]
            },
            "est_params": {
                "mui": [
                    -0.002244206471163263,
                    -0.0034374112934273194,
                    -0.005313125191937621,
                    0.020375754568910383,
                    0.016488578525190343,
                    0.9967369729769237
                ],
                "Si": [
                    [
                        0.9777618787999193,
                        0.004104083600829546,
                        0.6598687593955856,
                        -1.4173525376394027,
                        -2.0864258013713655,
                        -0.0012004189047930874
                    ],
                    [
                        0.004104083600829545,
                        0.9965630428092425,
                        0.5735539484651637,
                        0.37751436503486974,
                        -0.9583725537142443,
                        -0.0025768628270107677
                    ],
                    [
                        0.6598687593955856,
                        0.5735539484651637,
                        1.7729673960824768,
                        -1.6318348758202093,
                        -3.4029821259330926,
                        0.000811131095891434
                    ],
                    [
                        -1.4173525376394027,
                        0.37751436503486974,
                        -1.631834875820209,
                        4.003000284673645,
                        4.5396254510538245,
                        -0.0022144730021353637
                    ],
                    [
                        -2.0864258013713655,
                        -0.9583725537142443,
                        -3.4029821259330926,
                        4.5396254510538245,
                        8.801478483386669,
                        -0.0019765006958504514
                    ],
                    [
                        -0.0012004189047930872,
                        -0.0025768628270107664,
                        0.0008111310958914337,
                        -0.0022144730021353668,
                        -0.0019765006958504493,
                        0.04038312632836264
                    ]
                ]
            },
            "est_tgt": [
                2,
                3,
                5
            ],
            "oracle_est_tgt": [
                2,
                3,
                5
            ]
        },
        "obs": {
            "intv_type": "obs",
            "true_params": {
                "Si": [
                    [
                        1.0,
                        0.0,
                        0.6758825831038754,
                        -1.463514766418619,
                        -2.1393911420725753,
                        1.1588398776583486
                    ],
                    [
                        0.0,
                        1.0,
                        0.5830455102051555,
                        0.38680735801698274,
                        -0.9624819913739197,
                        -1.2383522292512894
                    ],
                    [
                        0.6758825831038754,
                        0.5830455102051555,
                        1.796759333113557,
                        -1.6576058925631827,
                        -3.464243036578872,
                        -0.13358189187248007
                    ],
                    [
                        -1.463514766418619,
                        0.38680735801698274,
                        -1.6576058925631827,
                        4.090674269636669,
                        4.63329492536014,
                        -2.5504686220348436
                    ],
                    [
                        -2.1393911420725753,
                        -0.9624819913739197,
                        -3.464243036578872,
                        4.63329492536014,
                        8.953633761562754,
                        -1.3178408026750816
                    ],
                    [
                        1.1588398776583486,
                        -1.2383522292512894,
                        -0.13358189187248007,
                        -2.5504686220348436,
                        -1.3178408026750816,
                        4.216474971160343
                    ]
                ],
                "mui": [
                    0.0,
                    0.0,
                    0.0,
                    0.0,
                    0.0,
                    0.0
                ],
                "Ai": [
                    [
                        0.0,
                        0.0,
                        0.0,
                        0.0,
                        0.0,
                        0.0
                    ],
                    [
                        -0.0,
                        0.0,
                        0.0,
                        0.0,
                        0.0,
                        0.0
                    ],
                    [
                        0.6758825831038754,
