{
    "expt_args": {
        "save_dir": "all_expt_logs/expt_logs_11.05.24-hard_var_shift",
        "exp_name": "286",
        "num_nodes": 6,
        "obs_noise_mean": 0.0,
        "obs_noise_var": 1.0,
        "max_edge_strength": 1.0,
        "graph_sparsity_method": "adj_dense_prop",
        "adj_dense_prop": 0.8,
        "num_parents": null,
        "new_noise_mean": 1.0,
        "mix_samples": 65536,
        "stage2_samples": 65536,
        "gmm_tol": 0.001,
        "intv_type": "hard",
        "new_noise_sigma": 0.1,
        "intv_targets": [
            0,
            1,
            2,
            3,
            4,
            5
        ]
    },
    "intv_args_dict": {
        "0": {
            "intv_type": "hard",
            "inode": 0,
            "new_mui": 1.0,
            "new_sigmai": 0.1,
            "true_params": {
                "Si": [
                    [
                        0.1,
                        -0.05236423147213525,
                        0.0,
                        -0.04758213643316062,
                        -0.030367908685104052,
                        0.17957048591846012
                    ],
                    [
                        -0.05236423147213525,
                        1.0274201273766737,
                        0.0,
                        -0.8061740359105324,
                        -0.14512330779756147,
                        -0.2440346097619039
                    ],
                    [
                        0.0,
                        0.0,
                        1.0,
                        0.506693728412789,
                        0.387680697745861,
                        0.055386273498890304
                    ],
                    [
                        -0.04758213643316062,
                        -0.8061740359105324,
                        0.506693728412789,
                        1.9700898126234683,
                        -0.3186346675985401,
                        0.13667102282429716
                    ],
                    [
                        -0.030367908685104052,
                        -0.14512330779756147,
                        0.387680697745861,
                        -0.3186346675985401,
                        1.6254757447951687,
                        -1.018457223450589
                    ],
                    [
                        0.17957048591846012,
                        -0.2440346097619039,
                        0.055386273498890304,
                        0.13667102282429716,
                        -1.018457223450589,
                        2.2812218425982085
                    ]
                ],
                "mui": [
                    1.0,
                    -0.5236423147213525,
                    0.0,
                    -0.4758213643316062,
                    -0.3036790868510405,
                    1.795704859184601
                ],
                "Ai": [
                    [
                        0.0,
                        0.0,
                        0.0,
                        0.0,
                        0.0,
                        0.0
                    ],
                    [
                        -0.5236423147213525,
                        0.0,
                        0.0,
                        0.0,
                        0.0,
                        0.0
                    ],
                    [
                        -0.0,
                        -0.0,
                        0.0,
                        0.0,
                        0.0,
                        0.0
                    ],
                    [
                        -0.9110152849825673,
                        -0.8310900559717798,
                        0.506693728412789,
                        0.0,
                        0.0,
                        0.0
                    ],
                    [
                        -0.9923172499674918,
                        -0.7123256708847492,
                        0.723794063516934,
                        -0.6633462127584318,
                        0.0,
                        0.0
                    ],
                    [
                        0.8242422619350962,
                        -0.778684325146944,
                        0.7176246651053348,
                        -0.5697677896004139,
                        -0.9635265003809061,
                        0.0
                    ]
                ]
            },
            "est_params": {
                "mui": [
                    0.9981941547628037,
                    -0.5090060609533897,
                    -0.015867329717346494,
                    -0.49654113126051536,
                    -0.3068503708554504,
                    1.7952477475744355
                ],
                "Si": [
                    [
                        0.010158028673498827,
                        -0.006549233358547281,
                        0.0018402327208960883,
                        -0.0032155152580157585,
                        -0.0014230718793160906,
                        0.016871393029705133
                    ],
                    [
                        -0.006549233358547281,
                        1.0132957313730075,
                        -0.0030195358931963652,
                        -0.8274391050534122,
                        -0.16294534624509274,
                        -0.15963346877785736
                    ],
                    [
                        0.0018402327208960883,
                        -0.0030195358931963652,
                        1.0108503716855057,
                        0.5142453428006307,
                        0.39172527558987646,
                        0.038274766168893325
                    ],
                    [
                        -0.003215515258015758,
                        -0.8274391050534122,
                        0.5142453428006307,
                        1.93097054577732,
                        -0.3165279737350721,
                        0.2219957881806901
                    ],
                    [
                        -0.0014230718793160908,
                        -0.16294534624509274,
                        0.39172527558987646,
                        -0.316527973735072,
                        1.6176922338577389,
                        -0.9751685822313089
                    ],
                    [
                        0.016871393029705136,
                        -0.15963346877785736,
                        0.03827476616889332,
                        0.22199578818069016,
                        -0.9751685822313086,
                        1.979782564331569
                    ]
                ]
            },
            "est_tgt": [
                0
            ],
            "oracle_est_tgt": [
                0
            ]
        },
        "1": {
            "intv_type": "hard",
            "inode": 1,
            "new_mui": 1.0,
            "new_sigmai": 0.1,
            "true_params": {
                "Si": [
                    [
                        1.0,
                        0.0,
                        0.0,
                        -0.9110152849825673,
                        -0.38799871090926236,
                        1.7171564672265092
                    ],
                    [
                        0.0,
                        0.1,
                        0.0,
                        -0.08310900559717799,
                        -0.016102522979467602,
                        -0.01500039048599234
                    ],
                    [
                        0.0,
                        0.0,
                        1.0,
                        0.506693728412789,
                        0.387680697745861,
                        0.055386273498890304
                    ],
                    [
                        -0.9110152849825673,
                        -0.08310900559717799,
                        0.506693728412789,
                        2.1557584519982393,
                        -0.10005543166774689,
                        -1.4544413702397256
                    ],
                    [
                        -0.38799871090926236,
                        -0.016102522979467602,
                        0.387680697745861,
                        -0.10005543166774689,
                        1.7434604335159642,
                        -1.6519188899000132
                    ],
                    [
                        1.7171564672265092,
                        -0.01500039048599234,
                        0.055386273498890304,
                        -1.4544413702397256,
                        -1.6519188899000132,
                        4.887141527080214
                    ]
                ],
                "mui": [
                    0.0,
                    1.0,
                    0.0,
                    -0.8310900559717798,
                    -0.161025229794676,
                    -0.1500039048599234
                ],
                "Ai": [
                    [
                        0.0,
                        0.0,
                        0.0,
                        0.0,
                        0.0,
                        0.0
                    ],
                    [
                        0.0,
                        0.0,
                        0.0,
                        0.0,
                        0.0,
                        0.0
                    ],
                    [
                        -0.0,
                        -0.0,
                        0.0,
                        0.0,
                        0.0,
                        0.0
                    ],
                    [
                        -0.9110152849825673,
                        -0.8310900559717798,
                        0.506693728412789,
                        0.0,
                        0.0,
                        0.0
                    ],
                    [
                        -0.9923172499674918,
                        -0.7123256708847492,
                        0.723794063516934,
                        -0.6633462127584318,
                        0.0,
                        0.0
                    ],
                    [
                        0.8242422619350962,
                        -0.778684325146944,
                        0.7176246651053348,
                        -0.5697677896004139,
                        -0.9635265003809061,
                        0.0
                    ]
                ]
            },
            "est_params": {
                "mui": [
                    -0.0026473920710263694,
                    0.9999030314482306,
                    -0.002560770981977009,
                    -0.8286956381524008,
                    -0.1662715620369582,
                    -0.1512894957757783
                ],
                "Si": [
                    [
                        0.9913979488259015,
                        -0.0003405830664063568,
                        -0.005271677530019205,
                        -0.8868423868987229,
                        -0.4202260161210871,
                        1.7285797991339715
                    ],
                    [
                        -0.00034058306640635664,
                        0.010481980105122421,
                        0.0009781668186416756,
                        -0.007872911956758233,
                        -0.0009561116858911876,
                        -0.0044803809763717265
                    ],
                    [
                        -0.005271677530019206,
                        0.0009781668186416756,
                        1.0030535401937755,
                        0.4959507555946371,
                        0.3986281721122925,
                        0.0399402595993698
                    ],
                    [
                        -0.8868423868987226,
                        -0.007872911956758235,
                        0.4959507555946371,
                        2.0379640194481117,
                        -0.09124880385602399,
                        -1.4634577827170296
                    ],
                    [
                        -0.42022601612108706,
                        -0.0009561116858911871,
                        0.3986281721122925,
                        -0.091248803856024,
                        1.8132276632338122,
                        -1.7640252896138684
                    ],
                    [
                        1.7285797991339715,
                        -0.0044803809763717265,
                        0.03994025959936979,
                        -1.4634577827170296,
                        -1.7640252896138684,
                        5.019641565501697
                    ]
                ]
            },
            "est_tgt": [
                1
            ],
            "oracle_est_tgt": [
                1,
                3
            ]
        },
        "2": {
            "intv_type": "hard",
            "inode": 2,
            "new_mui": 1.0,
            "new_sigmai": 0.1,
            "true_params": {
                "Si": [
                    [
                        1.0,
                        -0.5236423147213525,
                        0.0,
                        -0.4758213643316062,
                        -0.3036790868510405,
                        1.795704859184601
                    ],
                    [
                        -0.5236423147213525,
                        1.274201273766736,
                        0.0,
                        -0.5819298553593055,
                        -0.0020060098235305246,
                        -1.0903109538797282
                    ],
                    [
                        0.0,
                        0.0,
                        0.1,
                        0.050669372841278905,
                        0.038768069774586106,
                        0.005538627349889031
                    ],
                    [
                        -0.4758213643316062,
                        -0.5819298553593055,
                        0.050669372841278905,
                        1.9427905053308525,
                        -0.36537921027361514,
                        -0.6575777292862421
                    ],
                    [
                        -0.3036790868510405,
                        -0.0020060098235305246,
                        0.038768069774586106,
                        -0.36537921027361514,
                        1.5732079427425365,
                        -1.5285684043926633
                    ],
                    [
                        1.795704859184601,
                        -1.0903109538797282,
                        0.005538627349889031,
                        -0.6575777292862421,
                        -1.5285684043926633,
                        5.180561314404593
                    ]
                ],
                "mui": [
                    0.0,
                    0.0,
                    1.0,
                    0.506693728412789,
                    0.387680697745861,
                    0.055386273498890304
                ],
                "Ai": [
                    [
                        0.0,
                        0.0,
                        0.0,
                        0.0,
                        0.0,
                        0.0
                    ],
                    [
                        -0.5236423147213525,
                        0.0,
                        0.0,
                        0.0,
                        0.0,
                        0.0
                    ],
                    [
                        0.0,
                        0.0,
                        0.0,
                        0.0,
                        0.0,
                        0.0
                    ],
                    [
                        -0.9110152849825673,
                        -0.8310900559717798,
                        0.506693728412789,
                        0.0,
                        0.0,
                        0.0
                    ],
                    [
                        -0.9923172499674918,
                        -0.7123256708847492,
                        0.723794063516934,
                        -0.6633462127584318,
                        0.0,
                        0.0
                    ],
                    [
                        0.8242422619350962,
                        -0.778684325146944,
                        0.7176246651053348,
                        -0.5697677896004139,
                        -0.9635265003809061,
                        0.0
                    ]
                ]
            },
            "est_params": {
                "mui": [
                    0.018119070589491276,
                    -0.017861818369035026,
                    0.9989000082100133,
                    0.503336097160669,
                    0.39959330298104584,
                    0.09397066824278877
                ],
                "Si": [
                    [
                        0.9837782721648496,
                        -0.5343788755925641,
                        0.0021761130888154345,
                        -0.43025801624498733,
                        -0.300026054487033,
                        1.7673475856450176
                    ],
                    [
                        -0.5343788755925641,
                        1.333429690687932,
                        -0.0009335103223494715,
                        -0.643614027292812,
                        0.006231756337562698,
                        -1.1108462252637343
                    ],
                    [
                        0.002176113088815435,
                        -0.000933510322349471,
                        0.011498411932053436,
                        0.003880826092720876,
                        0.004053997584902835,
                        0.006449517462593778
                    ],
                    [
                        -0.43025801624498744,
                        -0.643614027292812,
                        0.003880826092720874,
                        1.9538695905539105,
                        -0.418137741176597,
                        -0.5930672258220213
                    ],
                    [
                        -0.300026054487033,
                        0.006231756337562704,
                        0.0040539975849028355,
                        -0.418137741176597,
                        1.5665513694591982,
                        -1.511008838737392
                    ],
                    [
                        1.7673475856450176,
                        -1.1108462252637343,
                        0.006449517462593778,
                        -0.5930672258220213,
                        -1.511008838737392,
                        5.128144453263795
                    ]
                ]
            },
            "est_tgt": [
                2
            ],
            "oracle_est_tgt": [
                2
            ]
        },
        "3": {
            "intv_type": "hard",
            "inode": 3,
            "new_mui": 1.0,
            "new_sigmai": 0.1,
            "true_params": {
                "Si": [
                    [
                        1.0,
                        -0.5236423147213525,
                        0.0,
                        0.0,
                        -0.6193133868299614,
                        1.8287191846435953
                    ],
                    [
                        -0.5236423147213525,
                        1.274201273766736,
                        0.0,
                        0.0,
                        -0.38802697546718784,
                        -1.049934411169997
                    ],
                    [
                        0.0,
                        0.0,
                        1.0,
                        0.0,
                        0.723794063516934,
                        0.020229904088388095
                    ],
                    [
                        0.0,
                        0.0,
                        0.0,
                        0.1,
                        -0.06633462127584318,
                        0.006938386531964592
                    ],
                    [
                        -0.6193133868299614,
                        -0.38802697546718784,
                        0.723794063516934,
                        -0.06633462127584318,
                        2.4588375986886564,
                        -2.020261126771521
                    ],
                    [
                        1.8287191846435953,
                        -1.049934411169997,
                        0.020229904088388095,
                        0.006938386531964592,
                        -2.020261126771521,
                        5.282014447927787
                    ]
                ],
                "mui": [
                    0.0,
                    0.0,
                    0.0,
                    1.0,
                    -0.6633462127584318,
                    0.06938386531964591
                ],
                "Ai": [
                    [
                        0.0,
                        0.0,
                        0.0,
                        0.0,
                        0.0,
                        0.0
                    ],
                    [
                        -0.5236423147213525,
                        0.0,
                        0.0,
                        0.0,
                        0.0,
                        0.0
                    ],
                    [
                        -0.0,
                        -0.0,
                        0.0,
                        0.0,
                        0.0,
                        0.0
                    ],
                    [
                        0.0,
                        0.0,
                        0.0,
                        0.0,
                        0.0,
                        0.0
                    ],
                    [
                        -0.9923172499674918,
                        -0.7123256708847492,
                        0.723794063516934,
                        -0.6633462127584318,
                        0.0,
                        0.0
                    ],
                    [
                        0.8242422619350962,
                        -0.778684325146944,
                        0.7176246651053348,
                        -0.5697677896004139,
                        -0.9635265003809061,
                        0.0
                    ]
                ]
            },
            "est_params": {
                "mui": [
                    -0.0009619244860317875,
                    -0.004129337339500596,
                    0.0006033831684588022,
                    1.001446145949395,
                    -0.661313517276545,
                    0.051038581532711014
                ],
                "Si": [
                    [
                        0.987152432027015,
                        -0.5047777677343718,
                        -0.003131644301175137,
                        7.146381032787087e-05,
                        -0.6259259153325265,
                        1.8097056217300125
                    ],
                    [
                        -0.5047777677343718,
                        1.2566459679398576,
                        0.00041322090449159203,
                        0.0006755135159120235,
                        -0.40139325315789953,
                        -1.0152292675622243
                    ],
                    [
                        -0.0031316443011751398,
                        0.00041322090449159095,
                        0.9914255079107551,
                        0.0016392657179798435,
                        0.6921148909389406,
                        0.06294743686477061
                    ],
                    [
                        7.146381032787109e-05,
                        0.000675513515912023,
                        0.0016392657179798438,
                        0.010143187957764298,
                        -0.005335410473645536,
                        -0.0005129423947759559
                    ],
                    [
                        -0.6259259153325265,
                        -0.40139325315789953,
                        0.6921148909389406,
                        -0.005335410473645535,
                        2.4246168617723236,
                        -2.0273168214466777
                    ],
                    [
                        1.8097056217300125,
                        -1.0152292675622243,
                        0.0629474368647706,
                        -0.0005129423947759556,
                        -2.027316821446678,
                        5.264317369464687
                    ]
                ]
            },
            "est_tgt": [
                3
            ],
            "oracle_est_tgt": [
                1,
                3
            ]
        },
        "4": {
            "intv_type": "hard",
            "inode": 4,
            "new_mui": 1.0,
            "new_sigmai": 0.1,
            "true_params": {
                "Si": [
                    [
                        1.0,
                        -0.5236423147213525,
                        0.0,
                        -0.4758213643316062,
                        0.0,
                        1.5031020113921487
                    ],
                    [
                        -0.5236423147213525,
                        1.274201273766736,
                        0.0,
                        -0.5819298553593055,
                        0.0,
                        -1.0922437975047243
                    ],
                    [
                        0.0,
                        0.0,
                        1.0,
                        0.506693728412789,
                        0.0,
                        0.4289268994631876
                    ],
                    [
                        -0.4758213643316062,
                        -0.5819298553593055,
                        0.506693728412789,
                        2.1738551863024203,
                        0.0,
                        -0.8140291681581318
                    ],
                    [
                        0.0,
                        0.0,
                        0.0,
                        0.0,
                        0.1,
                        -0.09635265003809063
                    ],
                    [
                        1.5031020113921487,
                        -1.0922437975047243,
                        0.4289268994631876,
                        -0.8140291681581318,
                        -0.09635265003809063,
                        3.953887780232249
                    ]
                ],
                "mui": [
                    0.0,
                    0.0,
                    0.0,
                    0.0,
                    1.0,
                    -0.9635265003809061
                ],
                "Ai": [
                    [
                        0.0,
                        0.0,
                        0.0,
                        0.0,
                        0.0,
                        0.0
                    ],
                    [
                        -0.5236423147213525,
                        0.0,
                        0.0,
                        0.0,
                        0.0,
                        0.0
                    ],
                    [
                        -0.0,
                        -0.0,
                        0.0,
                        0.0,
                        0.0,
                        0.0
                    ],
                    [
                        -0.9110152849825673,
                        -0.8310900559717798,
                        0.506693728412789,
                        0.0,
                        0.0,
                        0.0
                    ],
                    [
                        0.0,
                        0.0,
                        0.0,
                        0.0,
                        0.0,
                        0.0
                    ],
                    [
                        0.8242422619350962,
                        -0.778684325146944,
                        0.7176246651053348,
                        -0.5697677896004139,
                        -0.9635265003809061,
                        0.0
                    ]
                ]
            },
            "est_params": {
                "mui": [
                    -0.0036409063800870046,
                    0.002334061855559848,
                    0.0020142821856220434,
                    0.00026724385332843847,
                    1.0006346555105476,
                    -0.9578036162349906
                ],
                "Si": [
                    [
                        0.9979805987817509,
                        -0.5384772938550827,
                        0.0028967214028173577,
                        -0.47772152066758866,
                        0.001483176753559557,
                        1.499078053261164
                    ],
                    [
                        -0.5384772938550828,
                        1.2978740682889767,
                        -0.0023895938464419102,
                        -0.5889470989579425,
                        -0.001572194234342318,
                        -1.0981465231070295
                    ],
                    [
                        0.0028967214028173616,
                        -0.0023895938464419124,
                        0.9914100021180886,
                        0.5136983418011053,
                        -0.003083365275211243,
                        0.43007661854329376
                    ],
                    [
                        -0.47772152066758866,
                        -0.5889470989579424,
                        0.5136983418011053,
                        2.214947910652484,
                        0.00036938011604795834,
                        -0.8308288238392393
                    ],
                    [
                        0.0014831767535595582,
                        -0.0015721942343423186,
                        -0.0030833652752112425,
                        0.00036938011604795785,
                        0.009850874579663155,
                        -0.011979783228423583
                    ],
                    [
                        1.4990780532611643,
                        -1.0981465231070295,
                        0.43007661854329376,
                        -0.8308288238392393,
                        -0.011979783228423585,
                        3.8406954610890223
                    ]
                ]
            },
            "est_tgt": [
                4,
                5
            ],
            "oracle_est_tgt": [
                1,
                4,
                5
            ]
        },
        "5": {
            "intv_type": "hard",
            "inode": 5,
            "new_mui": 1.0,
            "new_sigmai": 0.1,
            "true_params": {
                "Si": [
                    [
                        1.0,
                        -0.5236423147213525,
                        0.0,
                        -0.4758213643316062,
                        -0.3036790868510405,
                        0.0
                    ],
                    [
                        -0.5236423147213525,
                        1.274201273766736,
                        0.0,
                        -0.5819298553593055,
                        -0.0020060098235305246,
                        0.0
                    ],
                    [
                        0.0,
                        0.0,
                        1.0,
                        0.506693728412789,
                        0.387680697745861,
                        0.0
                    ],
                    [
                        -0.4758213643316062,
                        -0.5819298553593055,
                        0.506693728412789,
                        2.1738551863024203,
                        -0.1885873699165455,
                        0.0
                    ],
                    [
                        -0.3036790868510405,
                        -0.0020060098235305246,
                        0.387680697745861,
                        -0.1885873699165455,
                        1.7084746338067822,
                        0.0
                    ],
                    [
                        0.0,
                        0.0,
                        0.0,
                        0.0,
                        0.0,
                        0.1
                    ]
                ],
                "mui": [
                    0.0,
                    0.0,
                    0.0,
                    0.0,
                    0.0,
                    1.0
                ],
                "Ai": [
                    [
                        0.0,
                        0.0,
                        0.0,
                        0.0,
                        0.0,
                        0.0
                    ],
                    [
                        -0.5236423147213525,
                        0.0,
                        0.0,
                        0.0,
                        0.0,
                        0.0
                    ],
                    [
                        -0.0,
                        -0.0,
                        0.0,
                        0.0,
                        0.0,
                        0.0
                    ],
                    [
                        -0.9110152849825673,
                        -0.8310900559717798,
                        0.506693728412789,
                        0.0,
                        0.0,
                        0.0
                    ],
                    [
                        -0.9923172499674918,
                        -0.7123256708847492,
                        0.723794063516934,
                        -0.6633462127584318,
                        0.0,
                        0.0
                    ],
                    [
                        0.0,
                        0.0,
                        0.0,
                        0.0,
                        0.0,
                        0.0
                    ]
                ]
            },
            "est_params": {
                "mui": [
                    -0.014474433187523623,
                    -0.002747879625784085,
                    -0.0205292276160629,
                    0.009930807021007756,
                    -0.020483834983031787,
                    0.9983468197136502
                ],
                "Si": [
                    [
                        0.9960539736401257,
                        -0.5174186354870747,
                        0.009227020409152548,
                        -0.5036456430197666,
                        -0.2830607546876217,
                        -0.0018239359188193375
                    ],
                    [
                        -0.5174186354870747,
                        1.2742955582284279,
                        -0.009153329055696175,
                        -0.5626145618374079,
                        -0.02072108602309012,
                        0.0007158025159864074
                    ],
                    [
                        0.00922702040915255,
                        -0.009153329055696172,
                        0.9989367320603646,
                        0.5135051296872843,
                        0.3678504873644499,
                        2.13509254941957e-05
                    ],
                    [
                        -0.5036456430197663,
                        -0.5626145618374079,
                        0.5135051296872845,
                        2.175045000778717,
                        -0.1676247028562263,
                        -0.0002721238114306851
                    ],
                    [
                        -0.2830607546876217,
                        -0.020721086023090134,
                        0.3678504873644499,
                        -0.16762470285622635,
                        1.6431309001607608,
                        0.0021844343251259694
                    ],
                    [
                        -0.0018239359188193375,
                        0.0007158025159864074,
                        2.135092549419599e-05,
                        -0.00027212381143068527,
                        0.0021844343251259685,
                        0.010020125771805886
                    ]
                ]
            },
            "est_tgt": [
                4,
                5
            ],
            "oracle_est_tgt": [
                1,
                4,
                5
            ]
        },
        "obs": {
            "intv_type": "obs",
            "true_params": {
                "Si": [
                    [
                        1.0,
                        -0.5236423147213525,
                        0.0,
                        -0.4758213643316062,
                        -0.3036790868510405,
                        1.795704859184601
                    ],
                    [
                        -0.5236423147213525,
                        1.274201273766736,
                        0.0,
                        -0.5819298553593055,
                        -0.0020060098235305246,
                        -1.0903109538797282
                    ],
                    [
                        0.0,
                        0.0,
                        1.0,
                        0.506693728412789,
                        0.387680697745861,
                        0.055386273498890304
                    ],
                    [
                        -0.4758213643316062,
                        -0.5819298553593055,
                        0.506693728412789,
                        2.1738551863024203,
                        -0.1885873699165455,
                        -0.6323202396064033
                    ],
                    [
                        -0.3036790868510405,
                        -0.0020060098235305246,
                        0.387680697745861,
                        -0.1885873699165455,
                        1.7084746338067822,
                        -1.5092434341526295
                    ],
                    [
                        1.795704859184601,
                        -1.0903109538797282,
                        0.055386273498890304,
                        -0.6323202396064033,
                        -1.5092434341526295,
                        5.183322189767478
                    ]
                ],
                "mui": [
                    0.0,
                    0.0,
                    0.0,
                    0.0,
                    0.0,
                    0.0
                ],
                "Ai": [
                    [
                        0.0,
                        0.0,
                        0.0,
                        0.0,
                        0.0,
                        0.0
                    ],
                    [
                        -0.5236423147213525,
                        0.0,
                        0.0,
                        0.0,
                        0.0,
                        0.0
                    ],
                    [
                        -0.0,
                        -0.0,
                        0.0,
