{
    "expt_args": {
        "save_dir": "all_expt_logs/expt_logs_11.05.24-hard_var_shift",
        "exp_name": "57",
        "num_nodes": 6,
        "obs_noise_mean": 0.0,
        "obs_noise_var": 1.0,
        "max_edge_strength": 1.0,
        "graph_sparsity_method": "adj_dense_prop",
        "adj_dense_prop": 0.8,
        "num_parents": null,
        "new_noise_mean": 1.0,
        "mix_samples": 2048,
        "stage2_samples": 2048,
        "gmm_tol": 0.001,
        "intv_type": "hard",
        "new_noise_sigma": 0.1,
        "intv_targets": [
            0,
            1,
            2,
            3,
            4,
            5
        ]
    },
    "intv_args_dict": {
        "0": {
            "intv_type": "hard",
            "inode": 0,
            "new_mui": 1.0,
            "new_sigmai": 0.1,
            "true_params": {
                "Si": [
                    [
                        0.1,
                        0.07015427601593655,
                        -0.01321079835167882,
                        -0.08671348426289385,
                        -0.0005438198986315221,
                        -0.03128389473014037
                    ],
                    [
                        0.07015427601593655,
                        1.0492162244332022,
                        0.9381162853660806,
                        0.4645085063423324,
                        -0.6481591035477668,
                        -2.319326106594623
                    ],
                    [
                        -0.01321079835167882,
                        0.9381162853660806,
                        1.8992821222888288,
                        1.0636741293447072,
                        -0.7177829103765717,
                        -3.311640680718183
                    ],
                    [
                        -0.08671348426289385,
                        0.4645085063423324,
                        1.0636741293447072,
                        1.6586665598869264,
                        0.3787773183036669,
                        -1.909538323370808
                    ],
                    [
                        -0.0005438198986315221,
                        -0.6481591035477668,
                        -0.7177829103765717,
                        0.3787773183036669,
                        2.0332173429138125,
                        2.4805605316222907
                    ],
                    [
                        -0.03128389473014037,
                        -2.319326106594623,
                        -3.311640680718183,
                        -1.909538323370808,
                        2.4805605316222907,
                        8.497071263788234
                    ]
                ],
                "mui": [
                    1.0,
                    0.7015427601593655,
                    -0.1321079835167882,
                    -0.8671348426289385,
                    -0.005438198986315221,
                    -0.3128389473014037
                ],
                "Ai": [
                    [
                        0.0,
                        0.0,
                        0.0,
                        0.0,
                        0.0,
                        0.0
                    ],
                    [
                        0.7015427601593655,
                        0.0,
                        0.0,
                        0.0,
                        0.0,
                        0.0
                    ],
                    [
                        -0.7967385278691393,
                        0.9473842253056262,
                        0.0,
                        0.0,
                        0.0,
                        0.0
                    ],
                    [
                        -0.7938785714282395,
                        -0.0,
                        0.5545181241176813,
                        0.0,
                        0.0,
                        0.0
                    ],
                    [
                        0.9823597011738431,
                        -0.5490975926591937,
                        -0.5346712883481377,
                        0.7763692243251734,
                        0.0,
                        0.0
                    ],
                    [
                        -0.6195113015160184,
                        -0.6966139051003579,
                        -0.5771883706510608,
                        -0.8352678403709399,
                        0.9496237850071092,
                        0.0
                    ]
                ]
            },
            "est_params": {
                "mui": [
                    0.9907570645701038,
                    0.7219498680212749,
                    -0.08648374398658196,
                    -0.9068323359739301,
                    -0.10401361884449077,
                    -0.3854295106516012
                ],
                "Si": [
                    [
                        0.009652301996975024,
                        -0.003326783483125548,
                        -0.015940472598835045,
                        -0.0071134076673183035,
                        0.009927275651992055,
                        0.031884957756751875
                    ],
                    [
                        -0.003326783483125549,
                        1.0079306650055453,
                        1.013057755942503,
                        0.5434598777348832,
                        -0.619049169118448,
                        -2.303001818586614
                    ],
                    [
                        -0.015940472598835045,
                        1.013057755942503,
                        1.8669638287811898,
                        0.9965210234255286,
                        -0.7570539727940562,
                        -3.3460508119223085
                    ],
                    [
                        -0.007113407667318302,
                        0.5434598777348831,
                        0.9965210234255286,
                        1.5178653432519307,
                        0.49981420791377884,
                        -1.7658773099842024
                    ],
                    [
                        0.009927275651992055,
                        -0.619049169118448,
                        -0.7570539727940562,
                        0.49981420791377873,
                        2.1596349872798966,
                        2.4073613924096997
                    ],
                    [
                        0.031884957756751875,
                        -2.303001818586614,
                        -3.346050811922308,
                        -1.7658773099842024,
                        2.4073613924096997,
                        8.309508851508141
                    ]
                ]
            },
            "est_tgt": [
                0
            ],
            "oracle_est_tgt": [
                0
            ]
        },
        "1": {
            "intv_type": "hard",
            "inode": 1,
            "new_mui": 1.0,
            "new_sigmai": 0.1,
            "true_params": {
                "Si": [
                    [
                        1.0,
                        0.0,
                        -0.7967385278691393,
                        -1.2356845253145177,
                        0.4490054799171823,
                        1.2988707393868304
                    ],
                    [
                        0.0,
                        0.1,
                        0.09473842253056262,
                        0.052534172343515866,
                        -0.06477775906350512,
                        -0.22973791167371058
                    ],
                    [
                        -0.7967385278691393,
                        0.09473842253056262,
                        1.7245459688268774,
                        1.5888056398951804,
                        -0.5232698746144488,
                        -2.3917832324899213
                    ],
                    [
                        -1.2356845253145177,
                        0.052534172343515866,
                        1.5888056398951804,
                        2.862004988714939,
                        0.1297507660865711,
                        -2.4554419574350286
                    ],
                    [
                        0.4490054799171823,
                        -0.06477775906350512,
                        -0.5232698746144488,
                        0.1297507660865711,
                        1.8571660802725933,
                        1.7242188451527305
                    ],
                    [
                        1.2988707393868304,
                        -0.22973791167371058,
                        -2.3917832324899213,
                        -2.4554419574350286,
                        1.7242188451527305,
                        5.424193915310873
                    ]
                ],
                "mui": [
                    0.0,
                    1.0,
                    0.9473842253056262,
                    0.5253417234351586,
                    -0.6477775906350512,
                    -2.2973791167371056
                ],
                "Ai": [
                    [
                        0.0,
                        0.0,
                        0.0,
                        0.0,
                        0.0,
                        0.0
                    ],
                    [
                        0.0,
                        0.0,
                        0.0,
                        0.0,
                        0.0,
                        0.0
                    ],
                    [
                        -0.7967385278691393,
                        0.9473842253056262,
                        0.0,
                        0.0,
                        0.0,
                        0.0
                    ],
                    [
                        -0.7938785714282395,
                        -0.0,
                        0.5545181241176813,
                        0.0,
                        0.0,
                        0.0
                    ],
                    [
                        0.9823597011738431,
                        -0.5490975926591937,
                        -0.5346712883481377,
                        0.7763692243251734,
                        0.0,
                        0.0
                    ],
                    [
                        -0.6195113015160184,
                        -0.6966139051003579,
                        -0.5771883706510608,
                        -0.8352678403709399,
                        0.9496237850071092,
                        0.0
                    ]
                ]
            },
            "est_params": {
                "mui": [
                    -0.0642143202582775,
                    0.9919358372031294,
                    0.9273471549802014,
                    0.5950536423494696,
                    -0.6011217091812436,
                    -2.280912374113024
                ],
                "Si": [
                    [
                        1.1404494657891078,
                        -0.0006755437253100872,
                        -0.8656580408084543,
                        -1.3334000707442257,
                        0.5520180301969752,
                        1.3331883079967648
                    ],
                    [
                        -0.0006755437253100865,
                        0.011074110622461757,
                        0.01728247705101754,
                        0.019059891550752005,
                        0.003026648798188735,
                        -0.032557136141232124
                    ],
                    [
                        -0.8656580408084543,
                        0.01728247705101754,
                        1.638148142440853,
                        1.4563024668649727,
                        -0.5624734182009641,
                        -2.046214752342905
                    ],
                    [
                        -1.3334000707442257,
                        0.019059891550752002,
                        1.4563024668649727,
                        2.9104663166374243,
                        0.12584213583347592,
                        -2.2684917999794743
                    ],
                    [
                        0.5520180301969752,
                        0.003026648798188737,
                        -0.5624734182009641,
                        0.1258421358334759,
                        1.9912030300637047,
                        1.7284555570068079
                    ],
                    [
                        1.3331883079967648,
                        -0.032557136141232124,
                        -2.0462147523429053,
                        -2.2684917999794743,
                        1.7284555570068079,
                        4.795147953193222
                    ]
                ]
            },
            "est_tgt": [
                1,
                5
            ],
            "oracle_est_tgt": [
                1,
                5
            ]
        },
        "2": {
            "intv_type": "hard",
            "inode": 2,
            "new_mui": 1.0,
            "new_sigmai": 0.1,
            "true_params": {
                "Si": [
                    [
                        1.0,
                        0.7015427601593655,
                        0.0,
                        -0.7938785714282395,
                        -0.019198630285269653,
                        -0.46334597935033506
                    ],
                    [
                        0.7015427601593655,
                        1.4921622443320208,
                        0.0,
                        -0.5569397642311411,
                        -0.562566252740801,
                        -1.5431070566418517
                    ],
                    [
                        0.0,
                        0.0,
                        0.1,
                        0.05545181241176814,
                        -0.010416048245264323,
                        -0.11392727982242268
                    ],
                    [
                        -0.7938785714282395,
                        -0.5569397642311411,
                        0.05545181241176814,
                        1.6609922211704415,
                        0.785834717975739,
                        0.20665654366646719
                    ],
                    [
                        -0.019198630285269653,
                        -0.562566252740801,
                        -0.010416048245264323,
                        0.785834717975739,
                        1.9057108667587004,
                        1.563123163198577
                    ],
                    [
                        -0.46334597935033506,
                        -1.5431070566418517,
                        -0.11392727982242268,
                        0.20665654366646719,
                        1.563123163198577,
                        3.739520774190256
                    ]
                ],
                "mui": [
                    0.0,
                    0.0,
                    1.0,
                    0.5545181241176813,
                    -0.10416048245264323,
                    -1.1392727982242268
                ],
                "Ai": [
                    [
                        0.0,
                        0.0,
                        0.0,
                        0.0,
                        0.0,
                        0.0
                    ],
                    [
                        0.7015427601593655,
                        0.0,
                        0.0,
                        0.0,
                        0.0,
                        0.0
                    ],
                    [
                        0.0,
                        0.0,
                        0.0,
                        0.0,
                        0.0,
                        0.0
                    ],
                    [
                        -0.7938785714282395,
                        -0.0,
                        0.5545181241176813,
                        0.0,
                        0.0,
                        0.0
                    ],
                    [
                        0.9823597011738431,
                        -0.5490975926591937,
                        -0.5346712883481377,
                        0.7763692243251734,
                        0.0,
                        0.0
                    ],
                    [
                        -0.6195113015160184,
                        -0.6966139051003579,
                        -0.5771883706510608,
                        -0.8352678403709399,
                        0.9496237850071092,
                        0.0
                    ]
                ]
            },
            "est_params": {
                "mui": [
                    -0.06788059505623914,
                    -0.0064348206786732,
                    0.9881440779149301,
                    0.5929237070285892,
                    -0.16361446352163128,
                    -1.0791240124033943
                ],
                "Si": [
                    [
                        0.9299836259210127,
                        0.5719144895448445,
                        -0.00758921147972838,
                        -0.6927681708400213,
                        -0.08313692927974238,
                        -0.41461591671684916
                    ],
                    [
                        0.5719144895448445,
                        1.4195238253865325,
                        0.006534118964682249,
                        -0.34644851828447704,
                        -0.7667910607389993,
                        -1.8926436039737342
                    ],
                    [
                        -0.00758921147972838,
                        0.00653411896468225,
                        0.010065187232884626,
                        0.015713885717163822,
                        0.003539124349155325,
                        -0.026013795156332047
                    ],
                    [
                        -0.6927681708400213,
                        -0.34644851828447704,
                        0.015713885717163825,
                        1.4707073310792964,
                        0.8348618725265773,
                        0.13597256909386127
                    ],
                    [
                        -0.08313692927974238,
                        -0.7667910607389994,
                        0.003539124349155327,
                        0.8348618725265773,
                        2.030077842749542,
                        1.9782833380524871
                    ],
                    [
                        -0.41461591671684916,
                        -1.8926436039737342,
                        -0.026013795156332047,
                        0.1359725690938612,
                        1.9782833380524871,
                        4.600819031089668
                    ]
                ]
            },
            "est_tgt": [
                1,
                2,
                3,
                5
            ],
            "oracle_est_tgt": [
                1,
                2,
                3,
                5
            ]
        },
        "3": {
            "intv_type": "hard",
            "inode": 3,
            "new_mui": 1.0,
            "new_sigmai": 0.1,
            "true_params": {
                "Si": [
                    [
                        1.0,
                        0.7015427601593655,
                        -0.1321079835167882,
                        0.0,
                        0.6677786061708451,
                        -0.3978261039707359
                    ],
                    [
                        0.7015427601593655,
                        1.4921622443320208,
                        0.8547048259101706,
                        0.0,
                        -0.5871614904155866,
                        -2.5249828392764666
                    ],
                    [
                        -0.1321079835167882,
                        0.8547048259101706,
                        1.9149893896668133,
                        0.0,
                        -1.6229837656978698,
                        -3.1600904698992234
                    ],
                    [
                        0.0,
                        0.0,
                        0.0,
                        0.1,
                        0.07763692243251735,
                        -0.009800915900423535
                    ],
                    [
                        0.6677786061708451,
                        -0.5871614904155866,
                        -1.6229837656978698,
                        0.07763692243251735,
                        2.9064454911193787,
                        3.627277964306148
                    ],
                    [
                        -0.3978261039707359,
                        -2.5249828392764666,
                        -3.1600904698992234,
                        -0.009800915900423535,
                        3.627277964306148,
                        8.282099212453895
                    ]
                ],
                "mui": [
                    0.0,
                    0.0,
                    0.0,
                    1.0,
                    0.7763692243251734,
                    -0.09800915900423535
                ],
                "Ai": [
                    [
                        0.0,
                        0.0,
                        0.0,
                        0.0,
                        0.0,
                        0.0
                    ],
                    [
                        0.7015427601593655,
                        0.0,
                        0.0,
                        0.0,
                        0.0,
                        0.0
                    ],
                    [
                        -0.7967385278691393,
                        0.9473842253056262,
                        0.0,
                        0.0,
                        0.0,
                        0.0
                    ],
                    [
                        0.0,
                        0.0,
                        0.0,
                        0.0,
                        0.0,
                        0.0
                    ],
                    [
                        0.9823597011738431,
                        -0.5490975926591937,
                        -0.5346712883481377,
                        0.7763692243251734,
                        0.0,
                        0.0
                    ],
                    [
                        -0.6195113015160184,
                        -0.6966139051003579,
                        -0.5771883706510608,
                        -0.8352678403709399,
                        0.9496237850071092,
                        0.0
                    ]
                ]
            },
            "est_params": {
                "mui": [
                    -0.07049421641421813,
                    -0.1035852806886145,
                    0.084453323042583,
                    0.9958289695653204,
                    0.6880569609478832,
                    -0.14963729746236476
                ],
                "Si": [
                    [
                        0.8813593317120827,
                        0.5703863097646891,
                        -0.24169919711105306,
                        -0.005760685365579649,
                        0.6474409001242133,
                        -0.21812194643248617
                    ],
                    [
                        0.5703863097646891,
                        1.3536343216666393,
                        0.6516281335619161,
                        -0.011238752648432618,
                        -0.6698109556976063,
                        -2.2864553943822155
                    ],
                    [
                        -0.24169919711105306,
                        0.6516281335619161,
                        1.6874072364480168,
                        0.0001066935980907506,
                        -1.485485641156366,
                        -2.548607868530655
                    ],
                    [
                        -0.005760685365579648,
                        -0.011238752648432618,
                        0.00010669359809074989,
                        0.008606086391117922,
                        0.020214806469786215,
                        0.024465082545437514
                    ],
                    [
                        0.6474409001242133,
                        -0.6698109556976063,
                        -1.4854856411563662,
                        0.02021480646978622,
                        2.804692738800896,
                        3.476168994307312
                    ],
                    [
                        -0.21812194643248617,
                        -2.2864553943822155,
                        -2.5486078685306546,
                        0.02446508254543752,
                        3.4761689943073115,
                        7.3601893656254855
                    ]
                ]
            },
            "est_tgt": [
                2,
                3,
                4
            ],
            "oracle_est_tgt": [
                2,
                3,
                4
            ]
        },
        "4": {
            "intv_type": "hard",
            "inode": 4,
            "new_mui": 1.0,
            "new_sigmai": 0.1,
            "true_params": {
                "Si": [
                    [
                        1.0,
                        0.7015427601593655,
                        -0.1321079835167882,
                        -0.8671348426289385,
                        0.0,
                        -0.30767470419639725
                    ],
                    [
                        0.7015427601593655,
                        1.4921622443320208,
                        0.8547048259101706,
                        -0.08299044749310391,
                        0.0,
                        -1.8980810704886193
                    ],
                    [
                        -0.1321079835167882,
                        0.8547048259101706,
                        1.9149893896668133,
                        1.1667740212918782,
                        0.0,
                        -2.593435300277505
                    ],
                    [
                        -0.8671348426289385,
                        -0.08299044749310391,
                        1.1667740212918782,
                        2.3353971116579286,
                        0.0,
                        -2.0291183634693555
                    ],
                    [
                        0.0,
                        0.0,
                        0.0,
                        0.0,
                        0.1,
                        0.09496237850071093
                    ],
                    [
                        -0.30767470419639725,
                        -1.8980810704886193,
                        -2.593435300277505,
                        -2.0291183634693555,
                        0.09496237850071093,
                        5.794774165123716
                    ]
                ],
                "mui": [
                    0.0,
                    0.0,
                    0.0,
                    0.0,
                    1.0,
                    0.9496237850071092
                ],
                "Ai": [
                    [
                        0.0,
                        0.0,
                        0.0,
                        0.0,
                        0.0,
                        0.0
                    ],
                    [
                        0.7015427601593655,
                        0.0,
                        0.0,
                        0.0,
                        0.0,
                        0.0
                    ],
                    [
                        -0.7967385278691393,
                        0.9473842253056262,
                        0.0,
                        0.0,
                        0.0,
                        0.0
                    ],
                    [
                        -0.7938785714282395,
                        -0.0,
                        0.5545181241176813,
                        0.0,
                        0.0,
                        0.0
                    ],
                    [
                        0.0,
                        0.0,
                        0.0,
                        0.0,
                        0.0,
                        0.0
                    ],
                    [
                        -0.6195113015160184,
                        -0.6966139051003579,
                        -0.5771883706510608,
                        -0.8352678403709399,
                        0.9496237850071092,
                        0.0
                    ]
                ]
            },
            "est_params": {
                "mui": [
                    0.046436266020641874,
                    -0.015341583606012345,
                    -0.07688085705667451,
                    -0.17475114538851683,
                    0.9982856177071763,
                    1.247709727949237
                ],
                "Si": [
                    [
                        1.023814849219762,
                        0.8225259849076706,
                        -0.04889660036654262,
                        -0.6946790160877359,
                        0.01416395154036169,
                        -0.5944829378460514
                    ],
                    [
                        0.8225259849076706,
                        1.7969763022725078,
                        1.0617077464733602,
                        0.0760963177512515,
                        0.014620292209727798,
                        -2.4723189500551888
                    ],
                    [
                        -0.04889660036654262,
                        1.0617077464733602,
                        2.123224558952897,
                        1.186620850239114,
                        -0.016534361221898813,
                        -2.977110067214515
                    ],
                    [
                        -0.6946790160877359,
                        0.07609631775125153,
                        1.1866208502391142,
                        2.0362442348378473,
                        -0.02155230898190365,
                        -1.880013669407519
                    ],
                    [
                        0.014163951540361692,
                        0.014620292209727798,
                        -0.016534361221898813,
                        -0.02155230898190365,
                        0.010630808820769168,
                        0.019389834455180503
                    ],
                    [
                        -0.5944829378460514,
                        -2.4723189500551888,
                        -2.977110067214515,
                        -1.880013669407519,
                        0.019389834455180506,
                        6.339257295958802
                    ]
                ]
            },
            "est_tgt": [
                1,
                2,
                3,
                4,
                5
            ],
            "oracle_est_tgt": [
                1,
                2,
                3,
                4
            ]
        },
        "5": {
            "intv_type": "hard",
            "inode": 5,
            "new_mui": 1.0,
            "new_sigmai": 0.1,
            "true_params": {
                "Si": [
                    [
                        1.0,
                        0.7015427601593655,
                        -0.1321079835167882,
                        -0.8671348426289385,
                        -0.005438198986315221,
                        0.0
                    ],
                    [
                        0.7015427601593655,
                        1.4921622443320208,
                        0.8547048259101706,
                        -0.08299044749310391,
                        -0.6515927197622067,
                        0.0
                    ],
                    [
                        -0.1321079835167882,
                        0.8547048259101706,
                        1.9149893896668133,
                        1.1667740212918782,
                        -0.7171363238247311,
                        0.0
                    ],
                    [
                        -0.8671348426289385,
                        -0.08299044749310391,
                        1.1667740212918782,
                        2.3353971116579286,
                        0.38302140494363185,
                        0.0
                    ],
                    [
                        -0.005438198986315221,
                        -0.6515927197622067,
                        -0.7171363238247311,
                        0.38302140494363185,
                        2.0332439595212057,
                        0.0
                    ],
                    [
                        0.0,
                        0.0,
                        0.0,
                        0.0,
                        0.0,
                        0.1
                    ]
                ],
                "mui": [
                    0.0,
                    0.0,
                    0.0,
                    0.0,
                    0.0,
                    1.0
                ],
                "Ai": [
                    [
                        0.0,
                        0.0,
                        0.0,
                        0.0,
                        0.0,
                        0.0
                    ],
                    [
                        0.7015427601593655,
                        0.0,
                        0.0,
                        0.0,
                        0.0,
                        0.0
                    ],
                    [
                        -0.7967385278691393,
                        0.9473842253056262,
                        0.0,
                        0.0,
                        0.0,
                        0.0
                    ],
                    [
                        -0.7938785714282395,
                        -0.0,
                        0.5545181241176813,
                        0.0,
                        0.0,
                        0.0
                    ],
                    [
                        0.9823597011738431,
                        -0.5490975926591937,
                        -0.5346712883481377,
                        0.7763692243251734,
                        0.0,
                        0.0
                    ],
                    [
                        0.0,
                        0.0,
                        0.0,
                        0.0,
                        0.0,
                        0.0
                    ]
                ]
            },
            "est_params": {
                "mui": [
                    0.041670899596662946,
                    -0.010428010904508263,
                    -0.07594028451370241,
                    -0.03531620930262471,
                    0.0055133793180099575,
                    1.0130994045731139
                ],
                "Si": [
                    [
                        1.0995427594318061,
                        0.7789052123315658,
                        -0.29181765064454057,
                        -0.9376190406392432,
                        0.1384183236947599,
                        -0.009466030808381
                    ],
                    [
                        0.7789052123315658,
                        1.4629770451314439,
                        0.5813184022687032,
                        -0.18720655937074349,
                        -0.4544340263002821,
                        -0.007258464739824978
                    ],
                    [
                        -0.2918176506445405,
                        0.5813184022687032,
                        1.755160582410741,
                        1.1219411300516342,
                        -0.7016102707874596,
                        0.006448273029067237
                    ],
                    [
                        -0.9376190406392432,
                        -0.1872065593707435,
                        1.1219411300516342,
                        2.2361944834179632,
                        0.19443211939590968,
                        0.009400716308225652
                    ],
                    [
                        0.1384183236947599,
                        -0.4544340263002821,
                        -0.7016102707874596,
                        0.19443211939590974,
                        1.7863155303124894,
                        0.00120040425362939
                    ],
                    [
                        -0.009466030808381001,
                        -0.007258464739824977,
                        0.006448273029067237,
                        0.009400716308225652,
                        0.00120040425362939,
                        0.009320088033886233
                    ]
                ]
            },
            "est_tgt": [
                1,
                2,
                3,
                5
            ],
            "oracle_est_tgt": [
                1,
                2,
                3,
                5
            ]
        },
        "obs": {
            "intv_type": "obs",
            "true_params": {
                "Si": [
                    [
                        1.0,
                        0.7015427601593655,
                        -0.1321079835167882,
                        -0.8671348426289385,
                        -0.005438198986315221,
                        -0.3128389473014037
                    ],
                    [
                        0.7015427601593655,
                        1.4921622443320208,
                        0.8547048259101706,
                        -0.08299044749310391,
                        -0.6515927197622067,
                        -2.5168490153122827
                    ],
                    [
                        -0.1321079835167882,
                        0.8547048259101706,
                        1.9149893896668133,
                        1.1667740212918782,
                        -0.7171363238247311,
                        -3.27444501047403
                    ],
                    [
                        -0.8671348426289385,
                        -0.08299044749310391,
                        1.1667740212918782,
                        2.3353971116579286,
                        0.38302140494363185,
                        -1.6653921271680432
                    ],
                    [
                        -0.005438198986315221,
                        -0.6515927197622067,
                        -0.7171363238247311,
                        0.38302140494363185,
                        2.0332439595212057,
                        2.482091684023776
                    ],
                    [
                        -0.3128389473014037,
                        -2.5168490153122827,
                        -3.27444501047403,
                        -1.6653921271680432,
                        2.482091684023776,
                        8.58515265004202
                    ]
                ],
                "mui": [
