{
    "expt_args": {
        "save_dir": "all_expt_logs/expt_logs_11.05.24-hard_var_shift",
        "exp_name": "197",
        "num_nodes": 6,
        "obs_noise_mean": 0.0,
        "obs_noise_var": 1.0,
        "max_edge_strength": 1.0,
        "graph_sparsity_method": "adj_dense_prop",
        "adj_dense_prop": 0.8,
        "num_parents": null,
        "new_noise_mean": 1.0,
        "mix_samples": 32768,
        "stage2_samples": 32768,
        "gmm_tol": 0.001,
        "intv_type": "hard",
        "new_noise_sigma": 1.0,
        "intv_targets": [
            0,
            1,
            2,
            3,
            4,
            5
        ]
    },
    "intv_args_dict": {
        "0": {
            "intv_type": "hard",
            "inode": 0,
            "new_mui": 1.0,
            "new_sigmai": 1.0,
            "true_params": {
                "Si": [
                    [
                        1.0,
                        0.0,
                        -0.9204370567958591,
                        -0.5551730524496972,
                        -1.9884645902618676,
                        4.141663709969219
                    ],
                    [
                        0.0,
                        1.0,
                        0.5790385217496412,
                        1.0289263685650616,
                        0.6610696983413641,
                        -2.1071564750633733
                    ],
                    [
                        -0.9204370567958591,
                        0.5790385217496412,
                        2.1824899851930333,
                        1.7099522845157566,
                        3.599290470118343,
                        -7.864372824658304
                    ],
                    [
                        -0.5551730524496972,
                        1.0289263685650616,
                        1.7099522845157566,
                        2.7307115078586337,
                        3.486482693346934,
                        -7.907628592573
                    ],
                    [
                        -1.9884645902618676,
                        0.6610696983413641,
                        3.599290470118343,
                        3.486482693346934,
                        8.063020207959847,
                        -16.026774674743304
                    ],
                    [
                        4.141663709969219,
                        -2.1071564750633733,
                        -7.864372824658304,
                        -7.907628592573,
                        -16.026774674743304,
                        34.558764939722224
                    ]
                ],
                "mui": [
                    1.0,
                    0.0,
                    -0.9204370567958591,
                    -0.5551730524496972,
                    -1.9884645902618676,
                    4.141663709969219
                ],
                "Ai": [
                    [
                        0.0,
                        0.0,
                        0.0,
                        0.0,
                        0.0,
                        0.0
                    ],
                    [
                        -0.0,
                        0.0,
                        0.0,
                        0.0,
                        0.0,
                        0.0
                    ],
                    [
                        -0.9204370567958591,
                        0.5790385217496412,
                        0.0,
                        0.0,
                        0.0,
                        0.0
                    ],
                    [
                        0.0,
                        0.6796720863387802,
                        0.6031624306634444,
                        0.0,
                        0.0,
                        0.0
                    ],
                    [
                        -0.7125094987715127,
                        -0.730364311741158,
                        0.8637806382559989,
                        0.8662152836395597,
                        0.0,
                        0.0
                    ],
                    [
                        0.8423350193000568,
                        -0.0,
                        -0.9478685078651574,
                        -0.8900062400303606,
                        -0.9719901071151628,
                        0.0
                    ]
                ]
            },
            "est_params": {
                "mui": [
                    0.9353831285184341,
                    0.03168643028861291,
                    -1.2112995511387143,
                    -0.912178485022053,
                    -2.678410912868682,
                    5.424304109988437
                ],
                "Si": [
                    [
                        0.9321984234539473,
                        0.01767211096674324,
                        -0.6710025367373521,
                        -0.26448519586548297,
                        -1.43029807942846,
                        3.000779171785209
                    ],
                    [
                        0.017672110966743232,
                        1.0948629285816145,
                        0.5283017110836632,
                        1.0248329450939875,
                        0.51856495331821,
                        -1.8891504563572614
                    ],
                    [
                        -0.6710025367373521,
                        0.5283017110836632,
                        1.6156197073191276,
                        1.10152078356303,
                        2.3768130215767904,
                        -5.313967310358005
                    ],
                    [
                        -0.264485195865483,
                        1.0248329450939875,
                        1.10152078356303,
                        2.288597776740858,
                        2.2518352840309284,
                        -5.439588437414347
                    ],
                    [
                        -1.4302980794284599,
                        0.51856495331821,
                        2.3768130215767904,
                        2.2518352840309284,
                        5.391095375717507,
                        -10.551997347409502
                    ],
                    [
                        3.000779171785209,
                        -1.8891504563572616,
                        -5.313967310358006,
                        -5.439588437414347,
                        -10.551997347409502,
                        23.386720931471295
                    ]
                ]
            },
            "est_tgt": [
                0,
                1,
                2,
                3,
                4,
                5
            ],
            "oracle_est_tgt": [
                0,
                2,
                4
            ]
        },
        "1": {
            "intv_type": "hard",
            "inode": 1,
            "new_mui": 1.0,
            "new_sigmai": 1.0,
            "true_params": {
                "Si": [
                    [
                        1.0,
                        0.0,
                        -0.9204370567958591,
                        -0.5551730524496972,
                        -1.9884645902618676,
                        4.141663709969219
                    ],
                    [
                        0.0,
                        1.0,
                        0.5790385217496412,
                        1.0289263685650616,
                        0.6610696983413641,
                        -2.1071564750633733
                    ],
                    [
                        -0.9204370567958591,
                        0.5790385217496412,
                        2.1824899851930333,
                        1.7099522845157566,
                        3.599290470118343,
                        -7.864372824658304
                    ],
                    [
                        -0.5551730524496972,
                        1.0289263685650616,
                        1.7099522845157566,
                        2.7307115078586337,
                        3.486482693346934,
                        -7.907628592573
                    ],
                    [
                        -1.9884645902618676,
                        0.6610696983413641,
                        3.599290470118343,
                        3.486482693346934,
                        8.063020207959847,
                        -16.026774674743304
                    ],
                    [
                        4.141663709969219,
                        -2.1071564750633733,
                        -7.864372824658304,
                        -7.907628592573,
                        -16.026774674743304,
                        34.558764939722224
                    ]
                ],
                "mui": [
                    0.0,
                    1.0,
                    0.5790385217496412,
                    1.0289263685650616,
                    0.6610696983413641,
                    -2.1071564750633733
                ],
                "Ai": [
                    [
                        0.0,
                        0.0,
                        0.0,
                        0.0,
                        0.0,
                        0.0
                    ],
                    [
                        0.0,
                        0.0,
                        0.0,
                        0.0,
                        0.0,
                        0.0
                    ],
                    [
                        -0.9204370567958591,
                        0.5790385217496412,
                        0.0,
                        0.0,
                        0.0,
                        0.0
                    ],
                    [
                        0.0,
                        0.6796720863387802,
                        0.6031624306634444,
                        0.0,
                        0.0,
                        0.0
                    ],
                    [
                        -0.7125094987715127,
                        -0.730364311741158,
                        0.8637806382559989,
                        0.8662152836395597,
                        0.0,
                        0.0
                    ],
                    [
                        0.8423350193000568,
                        -0.0,
                        -0.9478685078651574,
                        -0.8900062400303606,
                        -0.9719901071151628,
                        0.0
                    ]
                ]
            },
            "est_params": {
                "mui": [
                    -0.21866402273430458,
                    0.2622343212503275,
                    1.8134340946869882,
                    1.507977009226418,
                    3.078003668261633,
                    -6.3042589124694715
                ],
                "Si": [
                    [
                        1.2417978621674814,
                        -0.22669370142989856,
                        -0.4388715754632743,
                        -0.43845497574690656,
                        -1.5203519969118149,
                        3.3379382862628892
                    ],
                    [
                        -0.22669370142989856,
                        1.381805001209653,
                        0.380403240656185,
                        1.2160554058699433,
                        0.6136727598089028,
                        -2.218362549646325
                    ],
                    [
                        -0.43887157546327427,
                        0.380403240656185,
                        0.9783182208733977,
                        0.6881166831645765,
                        1.4220955246947085,
                        -3.238250903729593
                    ],
                    [
                        -0.43845497574690656,
                        1.2160554058699433,
                        0.6881166831645765,
                        2.1167075758860414,
                        1.880400427662466,
                        -4.720688025761604
                    ],
                    [
                        -1.5203519969118149,
                        0.6136727598089028,
                        1.4220955246947085,
                        1.8804004276624655,
                        4.378146426051117,
                        -8.505276920540076
                    ],
                    [
                        3.3379382862628892,
                        -2.218362549646325,
                        -3.238250903729593,
                        -4.720688025761604,
                        -8.505276920540076,
                        19.269172838974082
                    ]
                ]
            },
            "est_tgt": [
                0,
                1,
                2,
                3,
                4,
                5
            ],
            "oracle_est_tgt": [
                1
            ]
        },
        "2": {
            "intv_type": "hard",
            "inode": 2,
            "new_mui": 1.0,
            "new_sigmai": 1.0,
            "true_params": {
                "Si": [
                    [
                        1.0,
                        0.0,
                        0.0,
                        0.0,
                        -0.7125094987715127,
                        1.5348872033315504
                    ],
                    [
                        0.0,
                        1.0,
                        0.0,
                        0.6796720863387802,
                        -0.14162196269132024,
                        -0.46725725132977236
                    ],
                    [
                        0.0,
                        0.0,
                        1.0,
                        0.6031624306634444,
                        1.3862491542138606,
                        -2.832107298800137
                    ],
                    [
                        0.0,
                        0.6796720863387802,
                        0.6031624306634444,
                        1.8257590627119447,
                        1.6060921981465333,
                        -3.7577613594721697
                    ],
                    [
                        -0.7125094987715127,
                        -0.14162196269132024,
                        1.3862491542138606,
                        1.6060921981465333,
                        4.199742201325581,
                        -7.4256935702702185
                    ],
                    [
                        1.5348872033315504,
                        -0.46725725132977236,
                        -2.832107298800137,
                        -3.7577613594721697,
                        -7.4256935702702185,
                        15.539486308715924
                    ]
                ],
                "mui": [
                    0.0,
                    0.0,
                    1.0,
                    0.6031624306634444,
                    1.3862491542138606,
                    -2.832107298800137
                ],
                "Ai": [
                    [
                        0.0,
                        0.0,
                        0.0,
                        0.0,
                        0.0,
                        0.0
                    ],
                    [
                        -0.0,
                        0.0,
                        0.0,
                        0.0,
                        0.0,
                        0.0
                    ],
                    [
                        0.0,
                        0.0,
                        0.0,
                        0.0,
                        0.0,
                        0.0
                    ],
                    [
                        0.0,
                        0.6796720863387802,
                        0.6031624306634444,
                        0.0,
                        0.0,
                        0.0
                    ],
                    [
                        -0.7125094987715127,
                        -0.730364311741158,
                        0.8637806382559989,
                        0.8662152836395597,
                        0.0,
                        0.0
                    ],
                    [
                        0.8423350193000568,
                        -0.0,
                        -0.9478685078651574,
                        -0.8900062400303606,
                        -0.9719901071151628,
                        0.0
                    ]
                ]
            },
            "est_params": {
                "mui": [
                    -0.6067161921134729,
                    0.5110048331184374,
                    1.336234524494091,
                    1.35738035861633,
                    1.3528952347678795,
                    -4.461927167979173
                ],
                "Si": [
                    [
                        0.7270271609532908,
                        0.21958184638956166,
                        -0.36839693297633536,
                        0.0008609192874233459,
                        -0.02039933170932098,
                        0.9121163237908028
                    ],
                    [
                        0.21958184638956166,
                        1.0597647522906821,
                        0.2536653738192177,
                        0.8797752033345314,
                        0.201099482166789,
                        -0.9952623955417589
                    ],
                    [
                        -0.36839693297633536,
                        0.2536653738192177,
                        1.0441537237855185,
                        0.6621335258656803,
                        0.14047200299763934,
                        -1.8780151075317186
                    ],
                    [
                        0.0008609192874233499,
                        0.8797752033345314,
                        0.6621335258656803,
                        1.7005499015202987,
                        0.22796849004412553,
                        -2.2415454346287556
                    ],
                    [
                        -0.02039933170932097,
                        0.20109948216678905,
                        0.14047200299763934,
                        0.22796849004412553,
                        1.5722494977973587,
                        -1.86459255512535
                    ],
                    [
                        0.9121163237908028,
                        -0.9952623955417589,
                        -1.8780151075317186,
                        -2.241545434628755,
                        -1.8645925551253497,
                        7.122463924657424
                    ]
                ]
            },
            "est_tgt": [
                0,
                1,
                2,
                3,
                4,
                5
            ],
            "oracle_est_tgt": [
                0,
                2,
                4
            ]
        },
        "3": {
            "intv_type": "hard",
            "inode": 3,
            "new_mui": 1.0,
            "new_sigmai": 1.0,
            "true_params": {
                "Si": [
                    [
                        1.0,
                        0.0,
                        -0.9204370567958591,
                        0.0,
                        -1.507565207165113,
                        3.1801267861044558
                    ],
                    [
                        0.0,
                        1.0,
                        0.5790385217496412,
                        0.0,
                        -0.23020204784944281,
                        -0.3250982664599692
                    ],
                    [
                        -0.9204370567958591,
                        0.5790385217496412,
                        2.1824899851930333,
                        0.0,
                        2.1181036669764137,
                        -4.90280570184162
                    ],
                    [
                        0.0,
                        0.0,
                        0.0,
                        1.0,
                        0.8662152836395597,
                        -1.7319589263599673
                    ],
                    [
                        -1.507565207165113,
                        -0.23020204784944281,
                        2.1181036669764137,
                        0.8662152836395597,
                        4.822191745325572,
                        -8.735618408911904
                    ],
                    [
                        3.1801267861044558,
                        -0.3250982664599692,
                        -4.90280570184162,
                        -1.7319589263599673,
                        -8.735618408911904,
                        18.35833620763945
                    ]
                ],
                "mui": [
                    0.0,
                    0.0,
                    0.0,
                    1.0,
                    0.8662152836395597,
                    -1.7319589263599673
                ],
                "Ai": [
                    [
                        0.0,
                        0.0,
                        0.0,
                        0.0,
                        0.0,
                        0.0
                    ],
                    [
                        -0.0,
                        0.0,
                        0.0,
                        0.0,
                        0.0,
                        0.0
                    ],
                    [
                        -0.9204370567958591,
                        0.5790385217496412,
                        0.0,
                        0.0,
                        0.0,
                        0.0
                    ],
                    [
                        0.0,
                        0.0,
                        0.0,
                        0.0,
                        0.0,
                        0.0
                    ],
                    [
                        -0.7125094987715127,
                        -0.730364311741158,
                        0.8637806382559989,
                        0.8662152836395597,
                        0.0,
                        0.0
                    ],
                    [
                        0.8423350193000568,
                        -0.0,
                        -0.9478685078651574,
                        -0.8900062400303606,
                        -0.9719901071151628,
                        0.0
                    ]
                ]
            },
            "est_params": {
                "mui": [
                    -0.1786982679121724,
                    0.2708421964078345,
                    0.47589799889029444,
                    0.8730848279741138,
                    1.0557480544113698,
                    -2.430708752180173
                ],
                "Si": [
                    [
                        0.7515537754318281,
                        0.11817852005443442,
                        -0.30801116199907896,
                        0.13875282748287338,
                        -0.7280436600472069,
                        1.4629950477951303
                    ],
                    [
                        0.11817852005443442,
                        1.0620829461704606,
                        0.3736533606194456,
                        0.4114883010542415,
                        -0.1825295611441171,
                        -0.4308237639474184
                    ],
                    [
                        -0.30801116199907896,
                        0.3736533606194456,
                        1.0520452018166364,
                        0.07713464235031885,
                        0.812600272097514,
                        -2.0512015847798697
                    ],
                    [
                        0.13875282748287338,
                        0.4114883010542415,
                        0.07713464235031883,
                        1.235368333326108,
                        0.6976911627272625,
                        -1.6744396577077159
                    ],
                    [
                        -0.7280436600472069,
                        -0.18252956114411703,
                        0.812600272097514,
                        0.6976911627272625,
                        2.7311883986910264,
                        -4.550970547606822
                    ],
                    [
                        1.4629950477951303,
                        -0.43082376394741834,
                        -2.0512015847798697,
                        -1.6744396577077159,
                        -4.550970547606822,
                        9.818738026402963
                    ]
                ]
            },
            "est_tgt": [
                1,
                2,
                3,
                4,
                5
            ],
            "oracle_est_tgt": [
                3
            ]
        },
        "4": {
            "intv_type": "hard",
            "inode": 4,
            "new_mui": 1.0,
            "new_sigmai": 1.0,
            "true_params": {
                "Si": [
                    [
                        1.0,
                        0.0,
                        -0.9204370567958591,
                        -0.5551730524496972,
                        0.0,
                        2.208895799885878
                    ],
                    [
                        0.0,
                        1.0,
                        0.5790385217496412,
                        1.0289263685650616,
                        0.0,
                        -1.4646032681619623
                    ],
                    [
                        -0.9204370567958591,
                        0.5790385217496412,
                        2.1824899851930333,
                        1.7099522845157566,
                        0.0,
                        -4.365898095069391
                    ],
                    [
                        -0.5551730524496972,
                        1.0289263685650616,
                        1.7099522845157566,
                        2.7307115078586337,
                        0.0,
                        -4.518801906011554
                    ],
                    [
                        0.0,
                        0.0,
                        0.0,
                        0.0,
                        1.0,
                        -0.9719901071151628
                    ],
                    [
                        2.208895799885878,
                        -1.4646032681619623,
                        -4.365898095069391,
                        -4.518801906011554,
                        -0.9719901071151628,
                        11.965454261234557
                    ]
                ],
                "mui": [
                    0.0,
                    0.0,
                    0.0,
                    0.0,
                    1.0,
                    -0.9719901071151628
                ],
                "Ai": [
                    [
                        0.0,
                        0.0,
                        0.0,
                        0.0,
                        0.0,
                        0.0
                    ],
                    [
                        -0.0,
                        0.0,
                        0.0,
                        0.0,
                        0.0,
                        0.0
                    ],
                    [
                        -0.9204370567958591,
                        0.5790385217496412,
                        0.0,
                        0.0,
                        0.0,
                        0.0
                    ],
                    [
                        0.0,
                        0.6796720863387802,
                        0.6031624306634444,
                        0.0,
                        0.0,
                        0.0
                    ],
                    [
                        0.0,
                        0.0,
                        0.0,
                        0.0,
                        0.0,
                        0.0
                    ],
                    [
                        0.8423350193000568,
                        -0.0,
                        -0.9478685078651574,
                        -0.8900062400303606,
                        -0.9719901071151628,
                        0.0
                    ]
                ]
            },
            "est_params": {
                "mui": [
                    0.7442163005956863,
                    -0.3785104573218905,
                    -1.4661590250453502,
                    -0.658039504650173,
                    0.5033470783358326,
                    2.117513749613638
                ],
                "Si": [
                    [
                        0.6343439130400951,
                        0.1026582838718099,
                        -0.28417664400858667,
                        0.09320259657556716,
                        -0.14122735160679944,
                        0.8602649110135179
                    ],
                    [
                        0.10265828387180992,
                        0.930286709191757,
                        0.38046233670461244,
                        0.5295100150940899,
                        0.12182834924899404,
                        -0.8998863560374628
                    ],
                    [
                        -0.28417664400858667,
                        0.38046233670461244,
                        1.0639783661448252,
                        0.3136780361991979,
                        0.33811662849826385,
                        -1.870757272829327
                    ],
                    [
                        0.09320259657556716,
                        0.5295100150940899,
                        0.3136780361991979,
                        2.515978020828836,
                        -0.7296448321722601,
                        -1.7601654205724069
                    ],
                    [
                        -0.14122735160679944,
                        0.121828349248994,
                        0.33811662849826385,
                        -0.7296448321722601,
                        1.9243652907789353,
                        -1.7305329285775526
                    ],
                    [
                        0.860264911013518,
                        -0.8998863560374628,
                        -1.870757272829327,
                        -1.7601654205724069,
                        -1.7305329285775524,
                        6.808725305834612
                    ]
                ]
            },
            "est_tgt": [
                0,
                1,
                2,
                3,
                4,
                5
            ],
            "oracle_est_tgt": [
                0,
                4
            ]
        },
        "5": {
            "intv_type": "hard",
            "inode": 5,
            "new_mui": 1.0,
            "new_sigmai": 1.0,
            "true_params": {
                "Si": [
                    [
                        1.0,
                        0.0,
                        -0.9204370567958591,
                        -0.5551730524496972,
                        -1.9884645902618676,
                        0.0
                    ],
                    [
                        0.0,
                        1.0,
                        0.5790385217496412,
                        1.0289263685650616,
                        0.6610696983413641,
                        0.0
                    ],
                    [
                        -0.9204370567958591,
                        0.5790385217496412,
                        2.1824899851930333,
                        1.7099522845157566,
                        3.599290470118343,
                        0.0
                    ],
                    [
                        -0.5551730524496972,
                        1.0289263685650616,
                        1.7099522845157566,
                        2.7307115078586337,
                        3.486482693346934,
                        0.0
                    ],
                    [
                        -1.9884645902618676,
                        0.6610696983413641,
                        3.599290470118343,
                        3.486482693346934,
                        8.063020207959847,
                        0.0
                    ],
                    [
                        0.0,
                        0.0,
                        0.0,
                        0.0,
                        0.0,
                        1.0
                    ]
                ],
                "mui": [
                    0.0,
                    0.0,
                    0.0,
                    0.0,
                    0.0,
                    1.0
                ],
                "Ai": [
                    [
                        0.0,
                        0.0,
                        0.0,
                        0.0,
                        0.0,
                        0.0
                    ],
                    [
                        -0.0,
                        0.0,
                        0.0,
                        0.0,
                        0.0,
                        0.0
                    ],
                    [
                        -0.9204370567958591,
                        0.5790385217496412,
                        0.0,
                        0.0,
                        0.0,
                        0.0
                    ],
                    [
                        0.0,
                        0.6796720863387802,
                        0.6031624306634444,
                        0.0,
                        0.0,
                        0.0
                    ],
                    [
                        -0.7125094987715127,
                        -0.730364311741158,
                        0.8637806382559989,
                        0.8662152836395597,
                        0.0,
                        0.0
                    ],
                    [
                        0.0,
                        0.0,
                        0.0,
                        0.0,
                        0.0,
                        0.0
                    ]
                ]
            },
            "est_params": {
                "mui": [
                    -0.020838527370046437,
                    0.0008147298727764901,
                    0.034997183534507745,
                    0.012292245245660947,
                    0.06523271968482319,
                    0.9710882021054109
                ],
                "Si": [
                    [
                        1.0092247026655063,
                        -0.026341221745166444,
                        -0.9741524280460924,
                        -0.5972900919819991,
                        -2.0597134293709303,
                        -0.02416297620001836
                    ],
                    [
                        -0.026341221745166444,
                        0.9907277249336353,
                        0.5820810076727049,
                        1.0268648200580874,
                        0.6838791453870978,
                        -0.023071860499151907
                    ],
                    [
                        -0.9741524280460924,
                        0.5820810076727049,
                        2.2495729424582045,
                        1.7414919338308428,
                        3.710279404677936,
                        -0.010382753134653566
                    ],
                    [
                        -0.5972900919819991,
                        1.0268648200580874,
                        1.7414919338308428,
                        2.6567894413974775,
                        3.448541052243047,
                        -0.023709538163593537
                    ],
                    [
                        -2.0597134293709303,
                        0.6838791453870979,
                        3.710279404677936,
                        3.448541052243047,
                        8.130179338987084,
                        0.01937467324344581
                    ],
                    [
                        -0.02416297620001836,
                        -0.023071860499151907,
                        -0.010382753134653566,
                        -0.023709538163593526,
                        0.019374673243445804,
                        0.9559562822872837
                    ]
                ]
            },
            "est_tgt": [
                0,
                2,
                5
            ],
            "oracle_est_tgt": [
                5
            ]
        },
        "obs": {
            "intv_type": "obs",
            "true_params": {
                "Si": [
                    [
                        1.0,
                        0.0,
                        -0.9204370567958591,
                        -0.5551730524496972,
                        -1.9884645902618676,
                        4.141663709969219
                    ],
                    [
                        0.0,
                        1.0,
                        0.5790385217496412,
                        1.0289263685650616,
                        0.6610696983413641,
                        -2.1071564750633733
                    ],
                    [
                        -0.9204370567958591,
                        0.5790385217496412,
                        2.1824899851930333,
                        1.7099522845157566,
                        3.599290470118343,
                        -7.864372824658304
                    ],
                    [
                        -0.5551730524496972,
                        1.0289263685650616,
                        1.7099522845157566,
                        2.7307115078586337,
                        3.486482693346934,
                        -7.907628592573
                    ],
                    [
                        -1.9884645902618676,
                        0.6610696983413641,
                        3.599290470118343,
                        3.486482693346934,
                        8.063020207959847,
                        -16.026774674743304
                    ],
                    [
                        4.141663709969219,
                        -2.1071564750633733,
                        -7.864372824658304,
                        -7.907628592573,
                        -16.026774674743304,
                        34.558764939722224
                    ]
                ],
                "mui": [
                    0.0,
                    0.0,
                    0.0,
                    0.0,
                    0.0,
                    0.0
                ],
                "Ai": [
                    [
                        0.0,
                        0.0,
                        0.0,
                        0.0,
                        0.0,
                        0.0
                    ],
                    [
                        -0.0,
                        0.0,
                        0.0,
                        0.0,
                        0.0,
                        0.0
                    ],
                    [
