{
    "expt_args": {
        "save_dir": "all_expt_logs/expt_logs_11.05.24-hard_var_shift",
        "exp_name": "236",
        "num_nodes": 6,
        "obs_noise_mean": 0.0,
        "obs_noise_var": 1.0,
        "max_edge_strength": 1.0,
        "graph_sparsity_method": "adj_dense_prop",
        "adj_dense_prop": 0.8,
        "num_parents": null,
        "new_noise_mean": 1.0,
        "mix_samples": 16384,
        "stage2_samples": 16384,
        "gmm_tol": 0.001,
        "intv_type": "hard",
        "new_noise_sigma": 0.2,
        "intv_targets": [
            0,
            1,
            2,
            3,
            4,
            5
        ]
    },
    "intv_args_dict": {
        "0": {
            "intv_type": "hard",
            "inode": 0,
            "new_mui": 1.0,
            "new_sigmai": 0.2,
            "true_params": {
                "Si": [
                    [
                        0.2,
                        -0.16296046656637284,
                        0.0,
                        0.30408815307506465,
                        0.0261998015015288,
                        -0.2167628993176238
                    ],
                    [
                        -0.16296046656637284,
                        1.1327805683176495,
                        0.0,
                        -1.040850388519221,
                        0.19738709131213525,
                        1.3914092273138614
                    ],
                    [
                        0.0,
                        0.0,
                        1.0,
                        0.5456270611526423,
                        1.3829746104275094,
                        -1.4759329988833247
                    ],
                    [
                        0.30408815307506465,
                        -1.040850388519221,
                        0.5456270611526423,
                        2.389030662334528,
                        1.6015939447332586,
                        -3.744801703248734
                    ],
                    [
                        0.0261998015015288,
                        0.19738709131213525,
                        1.3829746104275094,
                        1.6015939447332586,
                        3.9255588344804497,
                        -4.099641142119932
                    ],
                    [
                        -0.2167628993176238,
                        1.3914092273138614,
                        -1.4759329988833247,
                        -3.744801703248734,
                        -4.099641142119932,
                        8.063944080172746
                    ]
                ],
                "mui": [
                    1.0,
                    -0.8148023328318641,
                    0.0,
                    1.5204407653753231,
                    0.13099900750764398,
                    -1.083814496588119
                ],
                "Ai": [
                    [
                        0.0,
                        0.0,
                        0.0,
                        0.0,
                        0.0,
                        0.0
                    ],
                    [
                        -0.8148023328318641,
                        0.0,
                        0.0,
                        0.0,
                        0.0,
                        0.0
                    ],
                    [
                        -0.0,
                        -0.0,
                        0.0,
                        0.0,
                        0.0,
                        0.0
                    ],
                    [
                        0.8742384296007673,
                        -0.7930786520071254,
                        0.5456270611526423,
                        0.0,
                        0.0,
                        0.0
                    ],
                    [
                        -0.5480922417247629,
                        0.9964627209195716,
                        0.8479086044321047,
                        0.9806441873778635,
                        0.0,
                        0.0
                    ],
                    [
                        0.9720885210160874,
                        0.5877424818642863,
                        -0.0,
                        -0.9785174013999958,
                        -0.6811603175994114,
                        0.0
                    ]
                ]
            },
            "est_params": {
                "mui": [
                    1.0076023470094697,
                    -0.8387066391146498,
                    0.022521404138910205,
                    1.6007683843860117,
                    0.22075417915791104,
                    -1.2138588815810512
                ],
                "Si": [
                    [
                        0.04006228603811926,
                        -0.04154220690835343,
                        -0.0002953385625456571,
                        0.0700897423032677,
                        0.005374109493875899,
                        -0.05994979746539187
                    ],
                    [
                        -0.04154220690835344,
                        0.9748989918470428,
                        0.008509777530346367,
                        -0.8463593714663495,
                        0.13081388310061087,
                        1.2783504427985646
                    ],
                    [
                        -0.00029533856254565624,
                        0.008509777530346372,
                        0.9919640157488223,
                        0.5246112898446407,
                        1.3866525389638493,
                        -1.41351816550452
                    ],
                    [
                        0.07008974230326769,
                        -0.8463593714663495,
                        0.5246112898446406,
                        2.0468541296674876,
                        1.5667498067436698,
                        -3.5096288529718698
                    ],
                    [
                        0.005374109493875904,
                        0.13081388310061087,
                        1.3866525389638493,
                        1.5667498067436698,
                        3.772755783837537,
                        -4.01683600896686
                    ],
                    [
                        -0.05994979746539187,
                        1.2783504427985646,
                        -1.41351816550452,
                        -3.5096288529718698,
                        -4.016836008966861,
                        7.834415606810005
                    ]
                ]
            },
            "est_tgt": [
                0,
                1,
                3,
                4,
                5
            ],
            "oracle_est_tgt": [
                0,
                1,
                3,
                5
            ]
        },
        "1": {
            "intv_type": "hard",
            "inode": 1,
            "new_mui": 1.0,
            "new_sigmai": 0.2,
            "true_params": {
                "Si": [
                    [
                        1.0,
                        0.0,
                        0.0,
                        0.8742384296007673,
                        0.30922459264558105,
                        -0.09400051705688106
                    ],
                    [
                        0.0,
                        0.2,
                        0.0,
                        -0.15861573040142507,
                        0.043746950139062546,
                        0.2429580622556926
                    ],
                    [
                        0.0,
                        0.0,
                        1.0,
                        0.5456270611526423,
                        1.3829746104275094,
                        -1.4759329988833247
                    ],
                    [
                        0.8742384296007673,
                        -0.15861573040142507,
                        0.5456270611526423,
                        2.187796471306773,
                        1.9708738097368448,
                        -2.7266660090867085
                    ],
                    [
                        0.30922459264558105,
                        0.043746950139062546,
                        1.3829746104275094,
                        1.9708738097368448,
                        3.979470622254285,
                        -4.312886173747893
                    ],
                    [
                        -0.09400051705688106,
                        0.2429580622556926,
                        -1.4759329988833247,
                        -2.7266660090867085,
                        -4.312886173747893,
                        6.657277004475977
                    ]
                ],
                "mui": [
                    0.0,
                    1.0,
                    0.0,
                    -0.7930786520071254,
                    0.2187347506953127,
                    1.214790311278463
                ],
                "Ai": [
                    [
                        0.0,
                        0.0,
                        0.0,
                        0.0,
                        0.0,
                        0.0
                    ],
                    [
                        0.0,
                        0.0,
                        0.0,
                        0.0,
                        0.0,
                        0.0
                    ],
                    [
                        -0.0,
                        -0.0,
                        0.0,
                        0.0,
                        0.0,
                        0.0
                    ],
                    [
                        0.8742384296007673,
                        -0.7930786520071254,
                        0.5456270611526423,
                        0.0,
                        0.0,
                        0.0
                    ],
                    [
                        -0.5480922417247629,
                        0.9964627209195716,
                        0.8479086044321047,
                        0.9806441873778635,
                        0.0,
                        0.0
                    ],
                    [
                        0.9720885210160874,
                        0.5877424818642863,
                        -0.0,
                        -0.9785174013999958,
                        -0.6811603175994114,
                        0.0
                    ]
                ]
            },
            "est_params": {
                "mui": [
                    -0.01106510108857367,
                    0.9960176780295195,
                    0.031434131519169836,
                    -0.843023059750948,
                    0.2603040310210187,
                    1.2172041579430297
                ],
                "Si": [
                    [
                        0.9305659525657122,
                        -0.0017460851572252442,
                        -0.006025925352264653,
                        0.8246132588300036,
                        0.285497073433956,
                        -0.12046449954682065
                    ],
                    [
                        -0.001746085157225247,
                        0.05059869289979334,
                        -0.004642997389718633,
                        -0.04863991249822836,
                        -0.00481144092726783,
                        0.09065879426933371
                    ],
                    [
                        -0.006025925352264648,
                        -0.004642997389718634,
                        0.9507772973283707,
                        0.5226697893181781,
                        1.2968222340727946,
                        -1.4313964744541987
                    ],
                    [
                        0.8246132588300036,
                        -0.04863991249822836,
                        0.5226697893181781,
                        2.0429847137728117,
                        1.974676109264808,
                        -2.6100786530424522
                    ],
                    [
                        0.285497073433956,
                        -0.004811440927267831,
                        1.2968222340727946,
                        1.974676109264808,
                        3.8893292960208417,
                        -4.317510564028269
                    ],
                    [
                        -0.12046449954682059,
                        0.09065879426933371,
                        -1.431396474454199,
                        -2.6100786530424522,
                        -4.317510564028269,
                        6.383354257038165
                    ]
                ]
            },
            "est_tgt": [
                0,
                1,
                3,
                4,
                5
            ],
            "oracle_est_tgt": [
                0,
                1,
                3,
                4,
                5
            ]
        },
        "2": {
            "intv_type": "hard",
            "inode": 2,
            "new_mui": 1.0,
            "new_sigmai": 0.2,
            "true_params": {
                "Si": [
                    [
                        1.0,
                        -0.8148023328318641,
                        0.0,
                        1.5204407653753231,
                        0.13099900750764398,
                        -1.083814496588119
                    ],
                    [
                        -0.8148023328318641,
                        1.6639028415882477,
                        0.0,
                        -2.0319373345676035,
                        0.1119964537794255,
                        2.097884891455455
                    ],
                    [
                        0.0,
                        0.0,
                        0.2,
                        0.10912541223052846,
                        0.2765949220855019,
                        -0.29518659977666495
                    ],
                    [
                        1.5204407653753231,
                        -2.0319373345676035,
                        0.10912541223052846,
                        4.000255647256951,
                        1.1572642318548967,
                        -4.418855109711451
                    ],
                    [
                        0.13099900750764398,
                        0.1119964537794255,
                        0.2765949220855019,
                        1.1572642318548967,
                        2.409192407985143,
                        -2.5802817495020673
                    ],
                    [
                        -1.083814496588119,
                        2.097884891455455,
                        -0.29518659977666495,
                        -4.418855109711451,
                        -2.5802817495020673,
                        7.260964596830213
                    ]
                ],
                "mui": [
                    0.0,
                    0.0,
                    1.0,
                    0.5456270611526423,
                    1.3829746104275094,
                    -1.4759329988833247
                ],
                "Ai": [
                    [
                        0.0,
                        0.0,
                        0.0,
                        0.0,
                        0.0,
                        0.0
                    ],
                    [
                        -0.8148023328318641,
                        0.0,
                        0.0,
                        0.0,
                        0.0,
                        0.0
                    ],
                    [
                        0.0,
                        0.0,
                        0.0,
                        0.0,
                        0.0,
                        0.0
                    ],
                    [
                        0.8742384296007673,
                        -0.7930786520071254,
                        0.5456270611526423,
                        0.0,
                        0.0,
                        0.0
                    ],
                    [
                        -0.5480922417247629,
                        0.9964627209195716,
                        0.8479086044321047,
                        0.9806441873778635,
                        0.0,
                        0.0
                    ],
                    [
                        0.9720885210160874,
                        0.5877424818642863,
                        -0.0,
                        -0.9785174013999958,
                        -0.6811603175994114,
                        0.0
                    ]
                ]
            },
            "est_params": {
                "mui": [
                    0.012619600852690809,
                    0.030055509828439252,
                    0.9869325084822756,
                    0.4906879498866218,
                    1.3618247152437415,
                    -1.381001175330438
                ],
                "Si": [
                    [
                        1.0434959641187256,
                        -0.8149620780609568,
                        -0.0024736515915322094,
                        1.5668858750137777,
                        0.1416831737904942,
                        -1.1283426644400412
                    ],
                    [
                        -0.8149620780609569,
                        1.551867939764154,
                        -0.0011162051300952272,
                        -1.9363166475635043,
                        0.10344857920854184,
                        1.9621431307980337
                    ],
                    [
                        -0.0024736515915322103,
                        -0.0011162051300952261,
                        0.04388629088785695,
                        0.009526166139127424,
                        0.0481673489431821,
                        -0.04670867038338932
                    ],
                    [
                        1.5668858750137777,
                        -1.9363166475635043,
                        0.009526166139127424,
                        3.923996607231861,
                        1.066429835862771,
                        -4.231324290913294
                    ],
                    [
                        0.1416831737904942,
                        0.10344857920854184,
                        0.0481673489431821,
                        1.066429835862771,
                        2.121160413843232,
                        -2.320690897574781
                    ],
                    [
                        -1.128342664440041,
                        1.9621431307980337,
                        -0.046708670383389314,
                        -4.231324290913294,
                        -2.320690897574781,
                        6.8507305500572295
                    ]
                ]
            },
            "est_tgt": [
                2
            ],
            "oracle_est_tgt": [
                2
            ]
        },
        "3": {
            "intv_type": "hard",
            "inode": 3,
            "new_mui": 1.0,
            "new_sigmai": 0.2,
            "true_params": {
                "Si": [
                    [
                        1.0,
                        -0.8148023328318641,
                        0.0,
                        0.0,
                        -1.3600123913100166,
                        1.4195810480925433
                    ],
                    [
                        -0.8148023328318641,
                        1.6639028415882477,
                        0.0,
                        0.0,
                        2.104603990039215,
                        -1.2476863312229693
                    ],
                    [
                        0.0,
                        0.0,
                        1.0,
                        0.0,
                        0.8479086044321047,
                        -0.5775616942902462
                    ],
                    [
                        0.0,
                        0.0,
                        0.0,
                        0.2,
                        0.19612883747557272,
                        -0.32929866150526366
                    ],
                    [
                        -1.3600123913100166,
                        2.104603990039215,
                        0.8479086044321047,
                        0.19612883747557272,
                        4.753853264616824,
                        -3.5151389415185723
                    ],
                    [
                        1.4195810480925433,
                        -1.2476863312229693,
                        -0.5775616942902462,
                        -0.32929866150526366,
                        -3.5151389415185723,
                        4.363237808953091
                    ]
                ],
                "mui": [
                    0.0,
                    0.0,
                    0.0,
                    1.0,
                    0.9806441873778635,
                    -1.6464933075263182
                ],
                "Ai": [
                    [
                        0.0,
                        0.0,
                        0.0,
                        0.0,
                        0.0,
                        0.0
                    ],
                    [
                        -0.8148023328318641,
                        0.0,
                        0.0,
                        0.0,
                        0.0,
                        0.0
                    ],
                    [
                        -0.0,
                        -0.0,
                        0.0,
                        0.0,
                        0.0,
                        0.0
                    ],
                    [
                        0.0,
                        0.0,
                        0.0,
                        0.0,
                        0.0,
                        0.0
                    ],
                    [
                        -0.5480922417247629,
                        0.9964627209195716,
                        0.8479086044321047,
                        0.9806441873778635,
                        0.0,
                        0.0
                    ],
                    [
                        0.9720885210160874,
                        0.5877424818642863,
                        -0.0,
                        -0.9785174013999958,
                        -0.6811603175994114,
                        0.0
                    ]
                ]
            },
            "est_params": {
                "mui": [
                    0.015599155639250737,
                    -0.030462071774969054,
                    -0.008211812404940502,
                    1.0021253431279258,
                    0.9506104648587592,
                    -1.6634156893709042
                ],
                "Si": [
                    [
                        0.9312019077812808,
                        -0.7913394631803294,
                        -0.030303893611081194,
                        0.0003654961790471528,
                        -1.3024817558511033,
                        1.3072708389165302
                    ],
                    [
                        -0.7913394631803294,
                        1.5679999446612076,
                        0.0377366739968319,
                        0.0009493995587102344,
                        1.9917255373176772,
                        -1.1893113135787907
                    ],
                    [
                        -0.030303893611081194,
                        0.0377366739968319,
                        1.0164771687232819,
                        0.010325029541164125,
                        0.9446045930041873,
                        -0.6815353804591873
                    ],
                    [
                        0.0003654961790471511,
                        0.0009493995587102334,
                        0.010325029541164122,
                        0.04083410154895243,
                        0.05094536623421651,
                        -0.07094142846916203
                    ],
                    [
                        -1.3024817558511033,
                        1.9917255373176772,
                        0.9446045930041873,
                        0.05094536623421651,
                        4.585020248788179,
                        -3.2597325856277366
                    ],
                    [
                        1.3072708389165304,
                        -1.1893113135787907,
                        -0.6815353804591873,
                        -0.07094142846916203,
                        -3.2597325856277366,
                        3.8106105817533242
                    ]
                ]
            },
            "est_tgt": [
                0,
                3,
                4,
                5
            ],
            "oracle_est_tgt": [
                0,
                3,
                4,
                5
            ]
        },
        "4": {
            "intv_type": "hard",
            "inode": 4,
            "new_mui": 1.0,
            "new_sigmai": 0.2,
            "true_params": {
                "Si": [
                    [
                        1.0,
                        -0.8148023328318641,
                        0.0,
                        1.5204407653753231,
                        0.0,
                        -0.9945831710290045
                    ],
                    [
                        -0.8148023328318641,
                        1.6639028415882477,
                        0.0,
                        -2.0319373345676035,
                        0.0,
                        2.174172431481856
                    ],
                    [
                        0.0,
                        0.0,
                        1.0,
                        0.5456270611526423,
                        0.0,
                        -0.5339055740126001
                    ],
                    [
                        1.5204407653753231,
                        -2.0319373345676035,
                        0.5456270611526423,
                        4.238422759146607,
                        0.0,
                        -3.8636233014199375
                    ],
                    [
                        0.0,
                        0.0,
                        0.0,
                        0.0,
                        0.2,
                        -0.1362320635198823
                    ],
                    [
                        -0.9945831710290045,
                        2.174172431481856,
                        -0.5339055740126001,
                        -3.8636233014199375,
                        -0.1362320635198823,
                        5.184449125675317
                    ]
                ],
                "mui": [
                    0.0,
                    0.0,
                    0.0,
                    0.0,
                    1.0,
                    -0.6811603175994114
                ],
                "Ai": [
                    [
                        0.0,
                        0.0,
                        0.0,
                        0.0,
                        0.0,
                        0.0
                    ],
                    [
                        -0.8148023328318641,
                        0.0,
                        0.0,
                        0.0,
                        0.0,
                        0.0
                    ],
                    [
                        -0.0,
                        -0.0,
                        0.0,
                        0.0,
                        0.0,
                        0.0
                    ],
                    [
                        0.8742384296007673,
                        -0.7930786520071254,
                        0.5456270611526423,
                        0.0,
                        0.0,
                        0.0
                    ],
                    [
                        0.0,
                        0.0,
                        0.0,
                        0.0,
                        0.0,
                        0.0
                    ],
                    [
                        0.9720885210160874,
                        0.5877424818642863,
                        -0.0,
                        -0.9785174013999958,
                        -0.6811603175994114,
                        0.0
                    ]
                ]
            },
            "est_params": {
                "mui": [
                    -0.017406437813393107,
                    0.02698555302971473,
                    -0.012086407526513358,
                    -0.08435469879032893,
                    0.9901781973055287,
                    -0.5780955516213151
                ],
                "Si": [
                    [
                        0.9763341384588312,
                        -0.8014879434426391,
                        0.042962061303365266,
                        1.5223765559499909,
                        -0.0024649818465726603,
                        -1.0344617590198055
                    ],
                    [
                        -0.8014879434426391,
                        1.6973698892693703,
                        -0.023465778802648146,
                        -2.0798173662004085,
                        -0.01175415704308454,
                        2.3269927344240546
                    ],
                    [
                        0.04296206130336525,
                        -0.023465778802648152,
                        0.9923551391838601,
                        0.5691090175008455,
                        0.010362691771319637,
                        -0.540436795607726
                    ],
                    [
                        1.5223765559499909,
                        -2.0798173662004085,
                        0.5691090175008455,
                        4.270204323231705,
                        0.005411727502409155,
                        -4.021115928141044
                    ],
                    [
                        -0.0024649818465726577,
                        -0.011754157043084535,
                        0.010362691771319637,
                        0.005411727502409161,
                        0.040018192641079794,
                        -0.04726523238862481
                    ],
                    [
                        -1.0344617590198055,
                        2.3269927344240546,
                        -0.540436795607726,
                        -4.021115928141044,
                        -0.04726523238862481,
                        5.363512012373238
                    ]
                ]
            },
            "est_tgt": [
                0,
                3,
                4,
                5
            ],
            "oracle_est_tgt": [
                0,
                3,
                4,
                5
            ]
        },
        "5": {
            "intv_type": "hard",
            "inode": 5,
            "new_mui": 1.0,
            "new_sigmai": 0.2,
            "true_params": {
                "Si": [
                    [
                        1.0,
                        -0.8148023328318641,
                        0.0,
                        1.5204407653753231,
                        0.13099900750764398,
                        0.0
                    ],
                    [
                        -0.8148023328318641,
                        1.6639028415882477,
                        0.0,
                        -2.0319373345676035,
                        0.1119964537794255,
                        0.0
                    ],
                    [
                        0.0,
                        0.0,
                        1.0,
                        0.5456270611526423,
                        1.3829746104275094,
                        0.0
                    ],
                    [
                        1.5204407653753231,
                        -2.0319373345676035,
                        0.5456270611526423,
                        4.238422759146607,
                        1.7609349297239225,
                        0.0
                    ],
                    [
                        0.13099900750764398,
                        0.1119964537794255,
                        1.3829746104275094,
                        1.7609349297239225,
                        3.93928742645484,
                        0.0
                    ],
                    [
                        0.0,
                        0.0,
                        0.0,
                        0.0,
                        0.0,
                        0.2
                    ]
                ],
                "mui": [
                    0.0,
                    0.0,
                    0.0,
                    0.0,
                    0.0,
                    1.0
                ],
                "Ai": [
                    [
                        0.0,
                        0.0,
                        0.0,
                        0.0,
                        0.0,
                        0.0
                    ],
                    [
                        -0.8148023328318641,
                        0.0,
                        0.0,
                        0.0,
                        0.0,
                        0.0
                    ],
                    [
                        -0.0,
                        -0.0,
                        0.0,
                        0.0,
                        0.0,
                        0.0
                    ],
                    [
                        0.8742384296007673,
                        -0.7930786520071254,
                        0.5456270611526423,
                        0.0,
                        0.0,
                        0.0
                    ],
                    [
                        -0.5480922417247629,
                        0.9964627209195716,
                        0.8479086044321047,
                        0.9806441873778635,
                        0.0,
                        0.0
                    ],
                    [
                        0.0,
                        0.0,
                        0.0,
                        0.0,
                        0.0,
                        0.0
                    ]
                ]
            },
            "est_params": {
                "mui": [
                    -0.010636708178149708,
                    0.04278645247509834,
                    0.0026439627133625146,
                    -0.0375800626001973,
                    -0.006209439896840702,
                    1.002159822299928
                ],
                "Si": [
                    [
                        1.0245419492213335,
                        -0.8319836120202816,
                        -0.003902699830737289,
                        1.510460530246483,
                        0.14878265663092136,
                        0.0010110245568679696
                    ],
                    [
                        -0.8319836120202816,
                        1.6829941703264946,
                        0.016871173277491453,
                        -2.0292410639553067,
                        0.1013866258430709,
                        -0.004876857004153305
                    ],
                    [
                        -0.0039026998307372975,
                        0.01687117327749146,
                        0.9886007843615585,
                        0.5390203057519832,
                        1.389387013187176,
                        0.010122188805995375
                    ],
                    [
                        1.510460530246483,
                        -2.0292410639553067,
                        0.5390203057519832,
                        4.124781930562278,
                        1.7869208177528073,
                        0.010828677930540586
                    ],
                    [
                        0.14878265663092136,
                        0.10138662584307094,
                        1.389387013187176,
                        1.7869208177528073,
                        3.974246249516422,
                        -0.0044840845858102035
                    ],
                    [
                        0.001011024556867972,
                        -0.004876857004153306,
                        0.010122188805995375,
                        0.010828677930540593,
                        -0.004484084585810203,
                        0.04215646969418549
                    ]
                ]
            },
            "est_tgt": [
                0,
                5
            ],
            "oracle_est_tgt": [
                0,
                5
            ]
        },
        "obs": {
            "intv_type": "obs",
            "true_params": {
                "Si": [
                    [
                        1.0,
                        -0.8148023328318641,
                        0.0,
                        1.5204407653753231,
                        0.13099900750764398,
                        -1.083814496588119
                    ],
                    [
                        -0.8148023328318641,
                        1.6639028415882477,
                        0.0,
                        -2.0319373345676035,
                        0.1119964537794255,
                        2.097884891455455
                    ],
                    [
                        0.0,
                        0.0,
                        1.0,
                        0.5456270611526423,
                        1.3829746104275094,
                        -1.4759329988833247
                    ],
                    [
                        1.5204407653753231,
                        -2.0319373345676035,
                        0.5456270611526423,
                        4.238422759146607,
                        1.7609349297239225,
                        -5.063102297422582
                    ],
                    [
                        0.13099900750764398,
                        0.1119964537794255,
                        1.3829746104275094,
                        1.7609349297239225,
                        3.93928742645484,
                        -4.213224040820284
                    ],
                    [
                        -1.083814496588119,
                        2.097884891455455,
                        -1.4759329988833247,
                        -5.063102297422582,
                        -4.213224040820284,
                        9.003667170584393
                    ]
                ],
                "mui": [
                    0.0,
                    0.0,
                    0.0,
                    0.0,
                    0.0,
                    0.0
                ],
                "Ai": [
                    [
                        0.0,
                        0.0,
                        0.0,
                        0.0,
                        0.0,
                        0.0
                    ],
                    [
                        -0.8148023328318641,
                        0.0,
                        0.0,
                        0.0,
                        0.0,
                        0.0
                    ],
                    [
