{
    "expt_args": {
        "save_dir": "all_expt_logs/expt_logs_11.05.24-hard_var_shift",
        "exp_name": "142",
        "num_nodes": 6,
        "obs_noise_mean": 0.0,
        "obs_noise_var": 1.0,
        "max_edge_strength": 1.0,
        "graph_sparsity_method": "adj_dense_prop",
        "adj_dense_prop": 0.8,
        "num_parents": null,
        "new_noise_mean": 1.0,
        "mix_samples": 65536,
        "stage2_samples": 65536,
        "gmm_tol": 0.001,
        "intv_type": "hard",
        "new_noise_sigma": 1.0,
        "intv_targets": [
            0,
            1,
            2,
            3,
            4,
            5
        ]
    },
    "intv_args_dict": {
        "0": {
            "intv_type": "hard",
            "inode": 0,
            "new_mui": 1.0,
            "new_sigmai": 1.0,
            "true_params": {
                "Si": [
                    [
                        1.0,
                        0.5649731764398447,
                        -0.3428064622379348,
                        -0.010793284008088183,
                        0.17312303461842596,
                        -1.4243187746513422
                    ],
                    [
                        0.5649731764398447,
                        1.319194690096528,
                        0.4492915444705586,
                        0.56960686415913,
                        1.624296567050218,
                        -3.165575304753798
                    ],
                    [
                        -0.3428064622379348,
                        0.4492915444705586,
                        1.5309241200200328,
                        -0.24690791737749573,
                        1.0280936644861383,
                        -1.126032856681841
                    ],
                    [
                        -0.010793284008088183,
                        0.56960686415913,
                        -0.24690791737749573,
                        1.7169049965612002,
                        1.604708557614285,
                        -2.005443846476278
                    ],
                    [
                        0.17312303461842596,
                        1.624296567050218,
                        1.0280936644861383,
                        1.604708557614285,
                        4.00107825047628,
                        -5.342283586072742
                    ],
                    [
                        -1.4243187746513422,
                        -3.165575304753798,
                        -1.126032856681841,
                        -2.005443846476278,
                        -5.342283586072742,
                        9.958725838979406
                    ]
                ],
                "mui": [
                    1.0,
                    0.5649731764398447,
                    -0.3428064622379348,
                    -0.010793284008088183,
                    0.17312303461842596,
                    -1.4243187746513422
                ],
                "Ai": [
                    [
                        0.0,
                        0.0,
                        0.0,
                        0.0,
                        0.0,
                        0.0
                    ],
                    [
                        0.5649731764398447,
                        0.0,
                        0.0,
                        0.0,
                        0.0,
                        0.0
                    ],
                    [
                        -0.7060661357421547,
                        0.6429680003452303,
                        0.0,
                        0.0,
                        0.0,
                        0.0
                    ],
                    [
                        -0.774354076604163,
                        0.9748385315163244,
                        -0.6207676761403672,
                        0.0,
                        0.0,
                        0.0
                    ],
                    [
                        0.0,
                        0.684777583094151,
                        0.5985679107683977,
                        0.7935475200125996,
                        0.0,
                        0.0
                    ],
                    [
                        -0.7171641922013627,
                        -0.9730734347693841,
                        0.0,
                        -0.0,
                        -0.909146454404506,
                        0.0
                    ]
                ]
            },
            "est_params": {
                "mui": [
                    0.2867363129891859,
                    0.04720931213549338,
                    -0.2792657828699499,
                    -0.22977057150379843,
                    -0.5668945201590233,
                    0.35248202719376553
                ],
                "Si": [
                    [
                        1.0622244876442184,
                        0.2444853845527272,
                        -0.5525394954345652,
                        -0.31370296665583824,
                        -0.4409030253939911,
                        -0.5084343591797402
                    ],
                    [
                        0.2444853845527272,
                        0.6288051628188612,
                        0.31923388605202785,
                        0.015024162914815455,
                        0.4777588390422805,
                        -0.9886585877702925
                    ],
                    [
                        -0.5525394954345652,
                        0.31923388605202785,
                        1.5526932847760757,
                        -0.26651188254283964,
                        0.8461458243534022,
                        -0.6102484104257211
                    ],
                    [
                        -0.31370296665583824,
                        0.015024162914815458,
                        -0.26651188254283953,
                        1.1783004187282944,
                        0.6847984602476804,
                        -0.2424506337456452
                    ],
                    [
                        -0.4409030253939911,
                        0.4777588390422805,
                        0.8461458243534022,
                        0.6847984602476807,
                        1.8862938859090286,
                        -1.4520816194738833
                    ],
                    [
                        -0.5084343591797403,
                        -0.9886585877702925,
                        -0.6102484104257212,
                        -0.2424506337456452,
                        -1.4520816194738833,
                        3.1026720078620293
                    ]
                ]
            },
            "est_tgt": [
                0,
                1,
                2,
                3,
                4,
                5
            ],
            "oracle_est_tgt": [
                0
            ]
        },
        "1": {
            "intv_type": "hard",
            "inode": 1,
            "new_mui": 1.0,
            "new_sigmai": 1.0,
            "true_params": {
                "Si": [
                    [
                        1.0,
                        0.0,
                        -0.7060661357421547,
                        -0.33605104231809657,
                        -0.6893010029646721,
                        -0.09048862933856117
                    ],
                    [
                        0.0,
                        1.0,
                        0.6429680003452303,
                        0.575704780109397,
                        1.5264866962669408,
                        -2.3608734023761215
                    ],
                    [
                        -0.7060661357421547,
                        0.6429680003452303,
                        1.911937237509803,
                        -0.013333664022575964,
                        1.574133455042034,
                        -1.5504075800734558
                    ],
                    [
                        -0.33605104231809657,
                        0.575704780109397,
                        -0.013333664022575964,
                        1.8297188046246,
                        1.8382174442124513,
                        -1.9904081253219832
                    ],
                    [
                        -0.6893010029646721,
                        1.5264866962669408,
                        1.574133455042034,
                        1.8382174442124513,
                        4.446242538048891,
                        -5.0333272945811345
                    ],
                    [
                        -0.09048862933856117,
                        -2.3608734023761215,
                        -1.5504075800734558,
                        -1.9904081253219832,
                        -5.0333272945811345,
                        7.938230059194675
                    ]
                ],
                "mui": [
                    0.0,
                    1.0,
                    0.6429680003452303,
                    0.575704780109397,
                    1.5264866962669408,
                    -2.3608734023761215
                ],
                "Ai": [
                    [
                        0.0,
                        0.0,
                        0.0,
                        0.0,
                        0.0,
                        0.0
                    ],
                    [
                        0.0,
                        0.0,
                        0.0,
                        0.0,
                        0.0,
                        0.0
                    ],
                    [
                        -0.7060661357421547,
                        0.6429680003452303,
                        0.0,
                        0.0,
                        0.0,
                        0.0
                    ],
                    [
                        -0.774354076604163,
                        0.9748385315163244,
                        -0.6207676761403672,
                        0.0,
                        0.0,
                        0.0
                    ],
                    [
                        0.0,
                        0.684777583094151,
                        0.5985679107683977,
                        0.7935475200125996,
                        0.0,
                        0.0
                    ],
                    [
                        -0.7171641922013627,
                        -0.9730734347693841,
                        0.0,
                        -0.0,
                        -0.909146454404506,
                        0.0
                    ]
                ]
            },
            "est_params": {
                "mui": [
                    0.3939832776436933,
                    1.4897683443546546,
                    0.8166469621336291,
                    0.8250877930268357,
                    2.465175523447786,
                    -4.1296278906026
                ],
                "Si": [
                    [
                        1.4081814184670596,
                        0.19799040910218574,
                        -0.7445805845649411,
                        -0.3814684944018307,
                        -0.5609534945857529,
                        -0.7186762066720952
                    ],
                    [
                        0.19799040910218574,
                        0.7524789801933668,
                        0.28102698427595946,
                        0.3376581225408837,
                        0.8389613423323263,
                        -1.580430346481155
                    ],
                    [
                        -0.7445805845649411,
                        0.28102698427595946,
                        1.710734552723688,
                        -0.3091848223757915,
                        0.9019992603744218,
                        -0.48658629719847296
                    ],
                    [
                        -0.3814684944018308,
                        0.3376581225408837,
                        -0.3091848223757915,
                        1.7248240396862817,
                        1.3055100942774545,
                        -1.2272195206613248
                    ],
                    [
                        -0.5609534945857528,
                        0.8389613423323263,
                        0.9019992603744218,
                        1.3055100942774545,
                        2.846415429923267,
                        -2.9180801919894037
                    ],
                    [
                        -0.7186762066720952,
                        -1.580430346481155,
                        -0.48658629719847296,
                        -1.2272195206613248,
                        -2.9180801919894037,
                        5.570999467304936
                    ]
                ]
            },
            "est_tgt": [
                0,
                1,
                2,
                3,
                4,
                5
            ],
            "oracle_est_tgt": [
                1,
                3
            ]
        },
        "2": {
            "intv_type": "hard",
            "inode": 2,
            "new_mui": 1.0,
            "new_sigmai": 1.0,
            "true_params": {
                "Si": [
                    [
                        1.0,
                        0.5649731764398447,
                        0.0,
                        -0.22359645493743152,
                        0.20944655397629444,
                        -1.4573421734870418
                    ],
                    [
                        0.5649731764398447,
                        1.319194690096528,
                        0.0,
                        0.8485125321296351,
                        1.5766899670860213,
                        -3.1222939331900945
                    ],
                    [
                        0.0,
                        0.0,
                        1.0,
                        -0.6207676761403672,
                        0.10595926086322463,
                        -0.09633248632512281
                    ],
                    [
                        -0.22359645493743152,
                        0.8485125321296351,
                        -0.6207676761403672,
                        2.3856580449302025,
                        2.102603775149406,
                        -2.576884400294572
                    ],
                    [
                        0.20944655397629444,
                        1.5766899670860213,
                        0.10595926086322463,
                        2.102603775149406,
                        3.811621769690367,
                        -5.149765107975616
                    ],
                    [
                        -1.4573421734870418,
                        -3.1222939331900945,
                        -0.09633248632512281,
                        -2.576884400294572,
                        -5.149765107975616,
                        9.765265593470778
                    ]
                ],
                "mui": [
                    0.0,
                    0.0,
                    1.0,
                    -0.6207676761403672,
                    0.10595926086322463,
                    -0.09633248632512281
                ],
                "Ai": [
                    [
                        0.0,
                        0.0,
                        0.0,
                        0.0,
                        0.0,
                        0.0
                    ],
                    [
                        0.5649731764398447,
                        0.0,
                        0.0,
                        0.0,
                        0.0,
                        0.0
                    ],
                    [
                        0.0,
                        0.0,
                        0.0,
                        0.0,
                        0.0,
                        0.0
                    ],
                    [
                        -0.774354076604163,
                        0.9748385315163244,
                        -0.6207676761403672,
                        0.0,
                        0.0,
                        0.0
                    ],
                    [
                        0.0,
                        0.684777583094151,
                        0.5985679107683977,
                        0.7935475200125996,
                        0.0,
                        0.0
                    ],
                    [
                        -0.7171641922013627,
                        -0.9730734347693841,
                        0.0,
                        -0.0,
                        -0.909146454404506,
                        0.0
                    ]
                ]
            },
            "est_params": {
                "mui": [
                    -0.4259131117100821,
                    -0.4461910502889297,
                    0.4762584147483002,
                    -0.6106439113371434,
                    -0.11901420667816187,
                    1.1758646494295548
                ],
                "Si": [
                    [
                        0.8734328852613497,
                        0.3759750248768496,
                        -0.06330219236119275,
                        -0.30587985850448723,
                        -0.2755071494849963,
                        -0.6280074152024554
                    ],
                    [
                        0.3759750248768496,
                        0.7481958073195405,
                        0.2989586113739267,
                        0.09477881256851246,
                        -0.047685557842743496,
                        -0.8477114735098772
                    ],
                    [
                        -0.06330219236119274,
                        0.2989586113739267,
                        1.2221288558609351,
                        -0.46301230192472254,
                        0.16010022995029893,
                        -0.48917196458462414
                    ],
                    [
                        -0.30587985850448723,
                        0.09477881256851245,
                        -0.4630123019247226,
                        1.4005596393851762,
                        0.34556665958419214,
                        -0.11906915447580206
                    ],
                    [
                        -0.2755071494849963,
                        -0.04768555784274351,
                        0.16010022995029893,
                        0.3455666595841922,
                        1.4216727597990524,
                        -0.8265504229740325
                    ],
                    [
                        -0.6280074152024555,
                        -0.8477114735098772,
                        -0.48917196458462414,
                        -0.11906915447580205,
                        -0.8265504229740325,
                        2.6094531150039493
                    ]
                ]
            },
            "est_tgt": [
                0,
                1,
                2,
                3,
                4,
                5
            ],
            "oracle_est_tgt": [
                1,
                2,
                3
            ]
        },
        "3": {
            "intv_type": "hard",
            "inode": 3,
            "new_mui": 1.0,
            "new_sigmai": 1.0,
            "true_params": {
                "Si": [
                    [
                        1.0,
                        0.5649731764398447,
                        -0.3428064622379348,
                        0.0,
                        0.18168801837583598,
                        -1.4321055992664236
                    ],
                    [
                        0.5649731764398447,
                        1.319194690096528,
                        0.4492915444705586,
                        0.0,
                        1.1722864526145869,
                        -2.7546319118596685
                    ],
                    [
                        -0.3428064622379348,
                        0.4492915444705586,
                        1.5309241200200328,
                        0.0,
                        1.224026829992526,
                        -1.3041647994022245
                    ],
                    [
                        0.0,
                        0.0,
                        0.0,
                        1.0,
                        0.7935475200125996,
                        -0.7214509142209438
                    ],
                    [
                        0.18168801837583598,
                        1.1722864526145869,
                        1.224026829992526,
                        0.7935475200125996,
                        3.165136332586671,
                        -4.148593420388519
                    ],
                    [
                        -1.4321055992664236,
                        -2.7546319118596685,
                        -1.3041647994022245,
                        -0.7214509142209438,
                        -4.148593420388519,
                        8.47919299015568
                    ]
                ],
                "mui": [
                    0.0,
                    0.0,
                    0.0,
                    1.0,
                    0.7935475200125996,
                    -0.7214509142209438
                ],
                "Ai": [
                    [
                        0.0,
                        0.0,
                        0.0,
                        0.0,
                        0.0,
                        0.0
                    ],
                    [
                        0.5649731764398447,
                        0.0,
                        0.0,
                        0.0,
                        0.0,
                        0.0
                    ],
                    [
                        -0.7060661357421547,
                        0.6429680003452303,
                        0.0,
                        0.0,
                        0.0,
                        0.0
                    ],
                    [
                        0.0,
                        0.0,
                        0.0,
                        0.0,
                        0.0,
                        0.0
                    ],
                    [
                        0.0,
                        0.684777583094151,
                        0.5985679107683977,
                        0.7935475200125996,
                        0.0,
                        0.0
                    ],
                    [
                        -0.7171641922013627,
                        -0.9730734347693841,
                        0.0,
                        -0.0,
                        -0.909146454404506,
                        0.0
                    ]
                ]
            },
            "est_params": {
                "mui": [
                    0.4522815661346998,
                    0.658321825886888,
                    0.0371090079238874,
                    0.9607964917152182,
                    1.3750467431152504,
                    -2.3898883765868466
                ],
                "Si": [
                    [
                        0.9921954493047185,
                        0.38482165013768294,
                        -0.529525908811119,
                        -0.22139311213655033,
                        -0.34509964192309267,
                        -0.7099288705637335
                    ],
                    [
                        0.38482165013768294,
                        0.7807006814513044,
                        0.13040598228403913,
                        -0.11313028308413997,
                        0.3004581650088727,
                        -1.199519338169185
                    ],
                    [
                        -0.529525908811119,
                        0.13040598228403916,
                        1.4690032466715377,
                        -0.142690185256008,
                        0.7912617177135352,
                        -0.4494370286455817
                    ],
                    [
                        -0.2213931121365503,
                        -0.11313028308413997,
                        -0.142690185256008,
                        1.064270107289466,
                        0.532448820661804,
                        -0.11719953401104571
                    ],
                    [
                        -0.34509964192309267,
                        0.3004581650088727,
                        0.7912617177135352,
                        0.532448820661804,
                        1.7457374492714037,
                        -1.446061738431476
                    ],
                    [
                        -0.7099288705637334,
                        -1.199519338169185,
                        -0.44943702864558177,
                        -0.11719953401104569,
                        -1.446061738431476,
                        3.598974502015354
                    ]
                ]
            },
            "est_tgt": [
                0,
                1,
                2,
                3,
                4,
                5
            ],
            "oracle_est_tgt": [
                1,
                2,
                3
            ]
        },
        "4": {
            "intv_type": "hard",
            "inode": 4,
            "new_mui": 1.0,
            "new_sigmai": 1.0,
            "true_params": {
                "Si": [
                    [
                        1.0,
                        0.5649731764398447,
                        -0.3428064622379348,
                        -0.010793284008088183,
                        0.0,
                        -1.2669245815522516
                    ],
                    [
                        0.5649731764398447,
                        1.319194690096528,
                        0.4492915444705586,
                        0.56960686415913,
                        0.0,
                        -1.688851839918681
                    ],
                    [
                        -0.3428064622379348,
                        0.4492915444705586,
                        1.5309241200200328,
                        -0.24690791737749573,
                        0.0,
                        -0.19134514681853249
                    ],
                    [
                        -0.010793284008088183,
                        0.56960686415913,
                        -0.24690791737749573,
                        1.7169049965612002,
                        0.0,
                        -0.5465287509686821
                    ],
                    [
                        0.0,
                        0.0,
                        0.0,
                        0.0,
                        1.0,
                        -0.909146454404506
                    ],
                    [
                        -1.2669245815522516,
                        -1.688851839918681,
                        -0.19134514681853249,
                        -0.5465287509686821,
                        -0.909146454404506,
                        4.37851708035152
                    ]
                ],
                "mui": [
                    0.0,
                    0.0,
                    0.0,
                    0.0,
                    1.0,
                    -0.909146454404506
                ],
                "Ai": [
                    [
                        0.0,
                        0.0,
                        0.0,
                        0.0,
                        0.0,
                        0.0
                    ],
                    [
                        0.5649731764398447,
                        0.0,
                        0.0,
                        0.0,
                        0.0,
                        0.0
                    ],
                    [
                        -0.7060661357421547,
                        0.6429680003452303,
                        0.0,
                        0.0,
                        0.0,
                        0.0
                    ],
                    [
                        -0.774354076604163,
                        0.9748385315163244,
                        -0.6207676761403672,
                        0.0,
                        0.0,
                        0.0
                    ],
                    [
                        0.0,
                        0.0,
                        0.0,
                        0.0,
                        0.0,
                        0.0
                    ],
                    [
                        -0.7171641922013627,
                        -0.9730734347693841,
                        0.0,
                        -0.0,
                        -0.909146454404506,
                        0.0
                    ]
                ]
            },
            "est_params": {
                "mui": [
                    0.09529715837648457,
                    0.1926448158505589,
                    0.14833204479038858,
                    -0.009910821099093059,
                    1.0383339756847665,
                    -1.2908022785727398
                ],
                "Si": [
                    [
                        0.8971532576761341,
                        0.4043723555632371,
                        -0.23678536314928836,
                        -0.21876618752263918,
                        -0.13429545193080136,
                        -0.8608555285636649
                    ],
                    [
                        0.4043723555632371,
                        1.1158082996127023,
                        0.5634734332740264,
                        0.33410231089573134,
                        -0.06230855517558567,
                        -1.242903322909413
                    ],
                    [
                        -0.23678536314928836,
                        0.5634734332740265,
                        1.566146990293345,
                        -0.25391312345116385,
                        0.05488162170065042,
                        -0.4438120875457495
                    ],
                    [
                        -0.21876618752263918,
                        0.33410231089573134,
                        -0.25391312345116385,
                        1.5615421396514955,
                        0.04078503800200045,
                        -0.13531008952372817
                    ],
                    [
                        -0.1342954519308014,
                        -0.062308555175585686,
                        0.05488162170065042,
                        0.04078503800200045,
                        0.9191644703048519,
                        -0.600828461296693
                    ],
                    [
                        -0.8608555285636649,
                        -1.242903322909413,
                        -0.4438120875457495,
                        -0.13531008952372817,
                        -0.600828461296693,
                        3.1131021568659047
                    ]
                ]
            },
            "est_tgt": [
                0,
                1,
                2,
                3,
                4,
                5
            ],
            "oracle_est_tgt": [
                4
            ]
        },
        "5": {
            "intv_type": "hard",
            "inode": 5,
            "new_mui": 1.0,
            "new_sigmai": 1.0,
            "true_params": {
                "Si": [
                    [
                        1.0,
                        0.5649731764398447,
                        -0.3428064622379348,
                        -0.010793284008088183,
                        0.17312303461842596,
                        0.0
                    ],
                    [
                        0.5649731764398447,
                        1.319194690096528,
                        0.4492915444705586,
                        0.56960686415913,
                        1.624296567050218,
                        0.0
                    ],
                    [
                        -0.3428064622379348,
                        0.4492915444705586,
                        1.5309241200200328,
                        -0.24690791737749573,
                        1.0280936644861383,
                        0.0
                    ],
                    [
                        -0.010793284008088183,
                        0.56960686415913,
                        -0.24690791737749573,
                        1.7169049965612002,
                        1.604708557614285,
                        0.0
                    ],
                    [
                        0.17312303461842596,
                        1.624296567050218,
                        1.0280936644861383,
                        1.604708557614285,
                        4.00107825047628,
                        0.0
                    ],
                    [
                        0.0,
                        0.0,
                        0.0,
                        0.0,
                        0.0,
                        1.0
                    ]
                ],
                "mui": [
                    0.0,
                    0.0,
                    0.0,
                    0.0,
                    0.0,
                    1.0
                ],
                "Ai": [
                    [
                        0.0,
                        0.0,
                        0.0,
                        0.0,
                        0.0,
                        0.0
                    ],
                    [
                        0.5649731764398447,
                        0.0,
                        0.0,
                        0.0,
                        0.0,
                        0.0
                    ],
                    [
                        -0.7060661357421547,
                        0.6429680003452303,
                        0.0,
                        0.0,
                        0.0,
                        0.0
                    ],
                    [
                        -0.774354076604163,
                        0.9748385315163244,
                        -0.6207676761403672,
                        0.0,
                        0.0,
                        0.0
                    ],
                    [
                        0.0,
                        0.684777583094151,
                        0.5985679107683977,
                        0.7935475200125996,
                        0.0,
                        0.0
                    ],
                    [
                        0.0,
                        0.0,
                        0.0,
                        0.0,
                        0.0,
                        0.0
                    ]
                ]
            },
            "est_params": {
                "mui": [
                    -0.035697041418790446,
                    -0.013413966514236151,
                    0.05078570121371726,
                    0.02644339096179881,
                    0.0509082248004709,
                    0.9710855401740837
                ],
                "Si": [
                    [
                        1.017153419025452,
                        0.5907279356573618,
                        -0.3290279552126397,
                        0.006512645743516576,
                        0.23735966960586485,
                        0.03211828086963512
                    ],
                    [
                        0.5907279356573618,
                        1.3372682664754867,
                        0.4500254037263372,
                        0.5765187948504348,
                        1.6807542978773065,
                        0.01073524154353139
                    ],
                    [
                        -0.3290279552126397,
                        0.4500254037263372,
                        1.544139723595507,
                        -0.27095530864897915,
                        1.0184514491184964,
                        -0.018171732617284095
                    ],
                    [
                        0.006512645743516579,
                        0.5765187948504347,
                        -0.27095530864897915,
                        1.7608357681066555,
                        1.6342195986550483,
                        0.011290914268021587
                    ],
                    [
                        0.2373596696058649,
                        1.6807542978773065,
                        1.0184514491184964,
                        1.6342195986550483,
                        4.057189637659787,
                        0.0023705457074423356
                    ],
                    [
                        0.03211828086963513,
                        0.010735241543531364,
                        -0.018171732617284084,
                        0.01129091426802158,
                        0.002370545707442336,
                        1.003725018849417
                    ]
                ]
            },
            "est_tgt": [
                1,
                5
            ],
            "oracle_est_tgt": [
                5
            ]
        },
        "obs": {
            "intv_type": "obs",
            "true_params": {
                "Si": [
                    [
                        1.0,
                        0.5649731764398447,
                        -0.3428064622379348,
                        -0.010793284008088183,
                        0.17312303461842596,
                        -1.4243187746513422
                    ],
                    [
                        0.5649731764398447,
                        1.319194690096528,
                        0.4492915444705586,
                        0.56960686415913,
                        1.624296567050218,
                        -3.165575304753798
                    ],
                    [
                        -0.3428064622379348,
                        0.4492915444705586,
                        1.5309241200200328,
                        -0.24690791737749573,
                        1.0280936644861383,
                        -1.126032856681841
                    ],
                    [
                        -0.010793284008088183,
                        0.56960686415913,
                        -0.24690791737749573,
                        1.7169049965612002,
                        1.604708557614285,
                        -2.005443846476278
                    ],
                    [
                        0.17312303461842596,
                        1.624296567050218,
                        1.0280936644861383,
                        1.604708557614285,
                        4.00107825047628,
                        -5.342283586072742
                    ],
                    [
                        -1.4243187746513422,
                        -3.165575304753798,
                        -1.126032856681841,
                        -2.005443846476278,
                        -5.342283586072742,
                        9.958725838979406
                    ]
                ],
                "mui": [
                    0.0,
                    0.0,
                    0.0,
                    0.0,
                    0.0,
                    0.0
                ],
                "Ai": [
                    [
