{
    "expt_args": {
        "save_dir": "all_expt_logs/expt_logs_11.05.24-hard_var_shift",
        "exp_name": "517",
        "num_nodes": 6,
        "obs_noise_mean": 0.0,
        "obs_noise_var": 1.0,
        "max_edge_strength": 1.0,
        "graph_sparsity_method": "adj_dense_prop",
        "adj_dense_prop": 0.8,
        "num_parents": null,
        "new_noise_mean": 1.0,
        "mix_samples": 32768,
        "stage2_samples": 32768,
        "gmm_tol": 0.001,
        "intv_type": "hard",
        "new_noise_sigma": 0.2,
        "intv_targets": [
            0,
            1,
            2,
            3,
            4,
            5
        ]
    },
    "intv_args_dict": {
        "0": {
            "intv_type": "hard",
            "inode": 0,
            "new_mui": 1.0,
            "new_sigmai": 0.2,
            "true_params": {
                "Si": [
                    [
                        0.2,
                        0.12089031367128536,
                        0.22628771140506318,
                        0.0614343874685262,
                        -0.0841926871069221,
                        -0.3767226812778175
                    ],
                    [
                        0.12089031367128536,
                        1.0730723396977089,
                        1.0894091781504556,
                        0.545316989399173,
                        -0.269646013274394,
                        -1.1186905279232258
                    ],
                    [
                        0.22628771140506318,
                        1.0894091781504556,
                        2.1635330650165328,
                        0.5536190909740418,
                        0.23720398819018818,
                        -1.5538629513634645
                    ],
                    [
                        0.0614343874685262,
                        0.545316989399173,
                        0.5536190909740418,
                        1.2771207568458514,
                        -0.13702948694372719,
                        -0.5684993715599056
                    ],
                    [
                        -0.0841926871069221,
                        -0.269646013274394,
                        0.23720398819018818,
                        -0.13702948694372719,
                        1.375821086312558,
                        1.05464571081601
                    ],
                    [
                        -0.3767226812778175,
                        -1.1186905279232258,
                        -1.5538629513634645,
                        -0.5684993715599056,
                        1.05464571081601,
                        3.3070566642778663
                    ]
                ],
                "mui": [
                    1.0,
                    0.6044515683564268,
                    1.1314385570253158,
                    0.307171937342631,
                    -0.42096343553461046,
                    -1.8836134063890875
                ],
                "Ai": [
                    [
                        0.0,
                        0.0,
                        0.0,
                        0.0,
                        0.0,
                        0.0
                    ],
                    [
                        0.6044515683564268,
                        0.0,
                        0.0,
                        0.0,
                        0.0,
                        0.0
                    ],
                    [
                        0.5556203332964265,
                        0.9526292160918787,
                        0.0,
                        0.0,
                        0.0,
                        0.0
                    ],
                    [
                        0.0,
                        0.5081828775428059,
                        -0.0,
                        0.0,
                        0.0,
                        0.0
                    ],
                    [
                        -0.5892467581065881,
                        -0.7339906742970888,
                        0.5408558273095443,
                        -0.0,
                        0.0,
                        0.0
                    ],
                    [
                        -0.6881031164766723,
                        -0.0,
                        -0.739644103635301,
                        0.0,
                        0.8519705093330368,
                        0.0
                    ]
                ]
            },
            "est_params": {
                "mui": [
                    0.9957203464644345,
                    0.5929118115023423,
                    1.132312413212394,
                    0.3220645542326139,
                    -0.37735755763027806,
                    -1.8156057596578221
                ],
                "Si": [
                    [
                        0.04968865221465694,
                        0.03593083235451868,
                        0.06297521501333742,
                        0.019683974846445202,
                        -0.02365179046459228,
                        -0.10553596684794839
                    ],
                    [
                        0.03593083235451869,
                        1.0698834046388985,
                        1.0210054827013897,
                        0.5423811762175783,
                        -0.25383134284573855,
                        -1.0274104028919304
                    ],
                    [
                        0.06297521501333742,
                        1.0210054827013897,
                        1.9790196673577907,
                        0.5357730742913,
                        0.30533340248418306,
                        -1.2677410230119082
                    ],
                    [
                        0.019683974846445206,
                        0.5423811762175783,
                        0.5357730742913,
                        1.2382371564709556,
                        -0.12914512645279091,
                        -0.5340593284104803
                    ],
                    [
                        -0.02365179046459228,
                        -0.25383134284573855,
                        0.305333402484183,
                        -0.12914512645279091,
                        1.4028685645962715,
                        0.9846786081418657
                    ],
                    [
                        -0.10553596684794839,
                        -1.0274104028919302,
                        -1.2677410230119082,
                        -0.5340593284104803,
                        0.9846786081418656,
                        2.8515579925877774
                    ]
                ]
            },
            "est_tgt": [
                0
            ],
            "oracle_est_tgt": [
                0
            ]
        },
        "1": {
            "intv_type": "hard",
            "inode": 1,
            "new_mui": 1.0,
            "new_sigmai": 0.2,
            "true_params": {
                "Si": [
                    [
                        1.0,
                        0.0,
                        0.5556203332964265,
                        0.0,
                        -0.28873626307154465,
                        -1.3450592009712365
                    ],
                    [
                        0.0,
                        0.2,
                        0.19052584321837573,
                        0.10163657550856119,
                        -0.04375112230169462,
                        -0.17819598247788215
                    ],
                    [
                        0.5556203332964265,
                        0.19052584321837573,
                        1.4902144394427974,
                        0.09682197125298367,
                        0.33874949124556475,
                        -1.1959478296123383
                    ],
                    [
                        0.0,
                        0.10163657550856119,
                        0.09682197125298368,
                        1.0516499674055373,
                        -0.022233571227002397,
                        -0.09055614714217758
                    ],
                    [
                        -0.28873626307154465,
                        -0.04375112230169462,
                        0.33874949124556475,
                        -0.0222335712270024,
                        1.385464459060501,
                        1.1285011194987136
                    ],
                    [
                        -1.3450592009712365,
                        -0.17819598247788215,
                        -1.1959478296123383,
                        -0.09055614714217756,
                        1.1285011194987136,
                        3.7715648620243534
                    ]
                ],
                "mui": [
                    0.0,
                    1.0,
                    0.9526292160918787,
                    0.5081828775428059,
                    -0.21875561150847306,
                    -0.8909799123894108
                ],
                "Ai": [
                    [
                        0.0,
                        0.0,
                        0.0,
                        0.0,
                        0.0,
                        0.0
                    ],
                    [
                        0.0,
                        0.0,
                        0.0,
                        0.0,
                        0.0,
                        0.0
                    ],
                    [
                        0.5556203332964265,
                        0.9526292160918787,
                        0.0,
                        0.0,
                        0.0,
                        0.0
                    ],
                    [
                        0.0,
                        0.5081828775428059,
                        -0.0,
                        0.0,
                        0.0,
                        0.0
                    ],
                    [
                        -0.5892467581065881,
                        -0.7339906742970888,
                        0.5408558273095443,
                        -0.0,
                        0.0,
                        0.0
                    ],
                    [
                        -0.6881031164766723,
                        -0.0,
                        -0.739644103635301,
                        0.0,
                        0.8519705093330368,
                        0.0
                    ]
                ]
            },
            "est_params": {
                "mui": [
                    0.034915723633662236,
                    0.993106679888947,
                    0.951753937706941,
                    0.5288322089964352,
                    -0.2550809157035271,
                    -0.9309866780795131
                ],
                "Si": [
                    [
                        0.984143791948437,
                        -0.0010464054114962666,
                        0.5627370436861471,
                        0.006890204112450909,
                        -0.26972529989089333,
                        -1.3087558288091867
                    ],
                    [
                        -0.001046405411496266,
                        0.05387399152573604,
                        0.04871155817730454,
                        0.018979436808924662,
                        -0.01111480656362439,
                        -0.039163828225989045
                    ],
                    [
                        0.5627370436861469,
                        0.048711558177304555,
                        1.350879880176592,
                        0.02184040935869804,
                        0.3751329628437359,
                        -1.0494655394337613
                    ],
                    [
                        0.006890204112450905,
                        0.018979436808924662,
                        0.021840409358698052,
                        1.06003787807805,
                        -0.009620295171531096,
                        0.006426016565743018
                    ],
                    [
                        -0.2697252998908933,
                        -0.01111480656362439,
                        0.3751329628437359,
                        -0.009620295171531094,
                        1.3716988653985083,
                        1.0917564542350553
                    ],
                    [
                        -1.3087558288091867,
                        -0.039163828225989045,
                        -1.0494655394337613,
                        0.006426016565743014,
                        1.0917564542350553,
                        3.5970785416540174
                    ]
                ]
            },
            "est_tgt": [
                1,
                2
            ],
            "oracle_est_tgt": [
                1,
                2
            ]
        },
        "2": {
            "intv_type": "hard",
            "inode": 2,
            "new_mui": 1.0,
            "new_sigmai": 0.2,
            "true_params": {
                "Si": [
                    [
                        1.0,
                        0.6044515683564268,
                        0.0,
                        0.307171937342631,
                        -1.0329085723444547,
                        -1.5681107589514371
                    ],
                    [
                        0.6044515683564268,
                        1.365361698488544,
                        0.0,
                        0.6938534368246412,
                        -1.358333880819492,
                        -1.5731854162313725
                    ],
                    [
                        0.0,
                        0.0,
                        0.2,
                        0.0,
                        0.10817116546190886,
                        -0.05577017779332952
                    ],
                    [
                        0.307171937342631,
                        0.6938534368246412,
                        0.0,
                        1.3526044361185117,
                        -0.6902820202187362,
                        -0.7994658917288358
                    ],
                    [
                        -1.0329085723444547,
                        -1.358333880819492,
                        0.10817116546190886,
                        -0.6902820202187362,
                        2.6641474339646924,
                        2.9005144892016324
                    ],
                    [
                        -1.5681107589514371,
                        -1.5731854162313725,
                        -0.05577017779332952,
                        -0.7994658917288358,
                        2.9005144892016324,
                        4.59142479007158
                    ]
                ],
                "mui": [
                    0.0,
                    0.0,
                    1.0,
                    0.0,
                    0.5408558273095443,
                    -0.27885088896664756
                ],
                "Ai": [
                    [
                        0.0,
                        0.0,
                        0.0,
                        0.0,
                        0.0,
                        0.0
                    ],
                    [
                        0.6044515683564268,
                        0.0,
                        0.0,
                        0.0,
                        0.0,
                        0.0
                    ],
                    [
                        0.0,
                        0.0,
                        0.0,
                        0.0,
                        0.0,
                        0.0
                    ],
                    [
                        0.0,
                        0.5081828775428059,
                        -0.0,
                        0.0,
                        0.0,
                        0.0
                    ],
                    [
                        -0.5892467581065881,
                        -0.7339906742970888,
                        0.5408558273095443,
                        -0.0,
                        0.0,
                        0.0
                    ],
                    [
                        -0.6881031164766723,
                        -0.0,
                        -0.739644103635301,
                        0.0,
                        0.8519705093330368,
                        0.0
                    ]
                ]
            },
            "est_params": {
                "mui": [
                    0.007939882812337769,
                    -0.007905391895291778,
                    0.9996021716356482,
                    0.01213216166716194,
                    0.5415640970001143,
                    -0.3042881120124976
                ],
                "Si": [
                    [
                        0.9942609245012884,
                        0.5618539935651162,
                        0.00112311549284012,
                        0.31758200862880326,
                        -1.028347956910939,
                        -1.5909137101399682
                    ],
                    [
                        0.5618539935651162,
                        1.3447060500381516,
                        0.006351507544634677,
                        0.6899765970707362,
                        -1.314759843343297,
                        -1.529928028166637
                    ],
                    [
                        0.00112311549284012,
                        0.006351507544634677,
                        0.038061956795020196,
                        -0.0013743970062395788,
                        0.013520979109658705,
                        -0.018407708000919683
                    ],
                    [
                        0.31758200862880326,
                        0.6899765970707362,
                        -0.0013743970062395788,
                        1.3739697851362063,
                        -0.6726972025251259,
                        -0.799253737115043
                    ],
                    [
                        -1.028347956910939,
                        -1.314759843343297,
                        0.013520979109658698,
                        -0.6726972025251259,
                        2.6050769504176396,
                        2.9681472913305624
                    ],
                    [
                        -1.5909137101399682,
                        -1.5299280281666372,
                        -0.018407708000919683,
                        -0.799253737115043,
                        2.968147291330562,
                        4.681124470575183
                    ]
                ]
            },
            "est_tgt": [
                1,
                2
            ],
            "oracle_est_tgt": [
                1,
                2
            ]
        },
        "3": {
            "intv_type": "hard",
            "inode": 3,
            "new_mui": 1.0,
            "new_sigmai": 0.2,
            "true_params": {
                "Si": [
                    [
                        1.0,
                        0.6044515683564268,
                        1.1314385570253158,
                        0.0,
                        -0.42096343553461046,
                        -1.8836134063890875
                    ],
                    [
                        0.6044515683564268,
                        1.365361698488544,
                        1.6365290263847632,
                        0.0,
                        -0.4732076203380779,
                        -2.029532990058486
                    ],
                    [
                        1.1314385570253158,
                        1.6365290263847632,
                        3.187655631675356,
                        0.0,
                        -0.14383142145917116,
                        -3.2588172189781917
                    ],
                    [
                        0.0,
                        0.0,
                        0.0,
                        0.2,
                        0.0,
                        0.0
                    ],
                    [
                        -0.42096343553461046,
                        -0.4732076203380779,
                        -0.14383142145917116,
                        0.0,
                        1.5175892575582397,
                        1.6889916074340907
                    ],
                    [
                        -1.8836134063890875,
                        -2.029532990058486,
                        -3.2588172189781917,
                        0.0,
                        1.6889916074340907,
                        6.145456236060827
                    ]
                ],
                "mui": [
                    0.0,
                    0.0,
                    0.0,
                    1.0,
                    0.0,
                    0.0
                ],
                "Ai": [
                    [
                        0.0,
                        0.0,
                        0.0,
                        0.0,
                        0.0,
                        0.0
                    ],
                    [
                        0.6044515683564268,
                        0.0,
                        0.0,
                        0.0,
                        0.0,
                        0.0
                    ],
                    [
                        0.5556203332964265,
                        0.9526292160918787,
                        0.0,
                        0.0,
                        0.0,
                        0.0
                    ],
                    [
                        0.0,
                        0.0,
                        0.0,
                        0.0,
                        0.0,
                        0.0
                    ],
                    [
                        -0.5892467581065881,
                        -0.7339906742970888,
                        0.5408558273095443,
                        -0.0,
                        0.0,
                        0.0
                    ],
                    [
                        -0.6881031164766723,
                        -0.0,
                        -0.739644103635301,
                        0.0,
                        0.8519705093330368,
                        0.0
                    ]
                ]
            },
            "est_params": {
                "mui": [
                    -0.025552252881891627,
                    0.015059675465357362,
                    0.017384780805815726,
                    0.9866277628813946,
                    -0.023004206863907053,
                    -0.03355586896352953
                ],
                "Si": [
                    [
                        1.0585179180222142,
                        0.6466869670632859,
                        1.1845835485767808,
                        -0.00036342169362491494,
                        -0.4674365105178071,
                        -2.0068895884273
                    ],
                    [
                        0.6466869670632859,
                        1.3938657670738466,
                        1.6695270713170989,
                        -0.007494675122361395,
                        -0.5332950465312519,
                        -2.1593095389553456
                    ],
                    [
                        1.1845835485767808,
                        1.6695270713170989,
                        3.213620408777559,
                        -0.0053279986625368704,
                        -0.243513735614229,
                        -3.4321992071995804
                    ],
                    [
                        -0.0003634216936249145,
                        -0.007494675122361391,
                        -0.005327998662536876,
                        0.04713832004793782,
                        0.007734086030397888,
                        0.010363241458695981
                    ],
                    [
                        -0.4674365105178072,
                        -0.5332950465312519,
                        -0.243513735614229,
                        0.007734086030397889,
                        1.4885244857781263,
                        1.749415327804736
                    ],
                    [
                        -2.0068895884273,
                        -2.1593095389553456,
                        -3.4321992071995804,
                        0.010363241458695986,
                        1.749415327804736,
                        6.433807897753898
                    ]
                ]
            },
            "est_tgt": [
                3,
                5
            ],
            "oracle_est_tgt": [
                3
            ]
        },
        "4": {
            "intv_type": "hard",
            "inode": 4,
            "new_mui": 1.0,
            "new_sigmai": 0.2,
            "true_params": {
                "Si": [
                    [
                        1.0,
                        0.6044515683564268,
                        1.1314385570253158,
                        0.307171937342631,
                        0.0,
                        -1.5249649738060804
                    ],
                    [
                        0.6044515683564268,
                        1.365361698488544,
                        1.6365290263847632,
                        0.6938534368246412,
                        0.0,
                        -1.6263740527387798
                    ],
                    [
                        1.1314385570253158,
                        1.6365290263847632,
                        3.187655631675356,
                        0.8316560298105354,
                        0.0,
                        -3.1362770895795267
                    ],
                    [
                        0.307171937342631,
                        0.6938534368246412,
                        0.8316560298105354,
                        1.3526044361185117,
                        0.0,
                        -0.8264954460817482
                    ],
                    [
                        0.0,
                        0.0,
                        0.0,
                        0.0,
                        0.2,
                        0.17039410186660736
                    ],
                    [
                        -1.5249649738060804,
                        -1.6263740527387798,
                        -3.1362770895795267,
                        -0.8264954460817482,
                        0.17039410186660736,
                        4.514232757422349
                    ]
                ],
                "mui": [
                    0.0,
                    0.0,
                    0.0,
                    0.0,
                    1.0,
                    0.8519705093330368
                ],
                "Ai": [
                    [
                        0.0,
                        0.0,
                        0.0,
                        0.0,
                        0.0,
                        0.0
                    ],
                    [
                        0.6044515683564268,
                        0.0,
                        0.0,
                        0.0,
                        0.0,
                        0.0
                    ],
                    [
                        0.5556203332964265,
                        0.9526292160918787,
                        0.0,
                        0.0,
                        0.0,
                        0.0
                    ],
                    [
                        0.0,
                        0.5081828775428059,
                        -0.0,
                        0.0,
                        0.0,
                        0.0
                    ],
                    [
                        0.0,
                        0.0,
                        0.0,
                        0.0,
                        0.0,
                        0.0
                    ],
                    [
                        -0.6881031164766723,
                        -0.0,
                        -0.739644103635301,
                        0.0,
                        0.8519705093330368,
                        0.0
                    ]
                ]
            },
            "est_params": {
                "mui": [
                    -0.01919030170020553,
                    0.018984015433049613,
                    0.011975876981316583,
                    0.02635293683952442,
                    0.9997267171501483,
                    0.8649428510997283
                ],
                "Si": [
                    [
                        0.9863905828037661,
                        0.5797939311972412,
                        1.1047348854015093,
                        0.28807753959919086,
                        -0.0018554149064857269,
                        -1.4814192056140043
                    ],
                    [
                        0.5797939311972412,
                        1.3414136943582393,
                        1.5995390402970424,
                        0.6743219694267258,
                        -0.005588918667859732,
                        -1.524067193677652
                    ],
                    [
                        1.1047348854015093,
                        1.5995390402970424,
                        3.1292721781937063,
                        0.818074182436071,
                        -0.008109674302403523,
                        -2.9942349986019883
                    ],
                    [
                        0.28807753959919086,
                        0.6743219694267258,
                        0.818074182436071,
                        1.354175904569226,
                        -0.0006469024771465243,
                        -0.7930942271731387
                    ],
                    [
                        -0.001855414906485728,
                        -0.005588918667859731,
                        -0.008109674302403521,
                        -0.0006469024771465239,
                        0.040066956700776236,
                        0.04192225085208977
                    ],
                    [
                        -1.4814192056140043,
                        -1.524067193677652,
                        -2.9942349986019883,
                        -0.7930942271731386,
                        0.04192225085208977,
                        4.1984477868729035
                    ]
                ]
            },
            "est_tgt": [
                4,
                5
            ],
            "oracle_est_tgt": [
                4
            ]
        },
        "5": {
            "intv_type": "hard",
            "inode": 5,
            "new_mui": 1.0,
            "new_sigmai": 0.2,
            "true_params": {
                "Si": [
                    [
                        1.0,
                        0.6044515683564268,
                        1.1314385570253158,
                        0.307171937342631,
                        -0.42096343553461046,
                        0.0
                    ],
                    [
                        0.6044515683564268,
                        1.365361698488544,
                        1.6365290263847632,
                        0.6938534368246412,
                        -0.4732076203380779,
                        0.0
                    ],
                    [
                        1.1314385570253158,
                        1.6365290263847632,
                        3.187655631675356,
                        0.8316560298105354,
                        -0.14383142145917116,
                        0.0
                    ],
                    [
                        0.307171937342631,
                        0.6938534368246412,
                        0.8316560298105354,
                        1.3526044361185117,
                        -0.24047601017858802,
                        0.0
                    ],
                    [
                        -0.42096343553461046,
                        -0.4732076203380779,
                        -0.14383142145917116,
                        -0.24047601017858802,
                        1.5175892575582397,
                        0.0
                    ],
                    [
                        0.0,
                        0.0,
                        0.0,
                        0.0,
                        0.0,
                        0.2
                    ]
                ],
                "mui": [
                    0.0,
                    0.0,
                    0.0,
                    0.0,
                    0.0,
                    1.0
                ],
                "Ai": [
                    [
                        0.0,
                        0.0,
                        0.0,
                        0.0,
                        0.0,
                        0.0
                    ],
                    [
                        0.6044515683564268,
                        0.0,
                        0.0,
                        0.0,
                        0.0,
                        0.0
                    ],
                    [
                        0.5556203332964265,
                        0.9526292160918787,
                        0.0,
                        0.0,
                        0.0,
                        0.0
                    ],
                    [
                        0.0,
                        0.5081828775428059,
                        -0.0,
                        0.0,
                        0.0,
                        0.0
                    ],
                    [
                        -0.5892467581065881,
                        -0.7339906742970888,
                        0.5408558273095443,
                        -0.0,
                        0.0,
                        0.0
                    ],
                    [
                        0.0,
                        0.0,
                        0.0,
                        0.0,
                        0.0,
                        0.0
                    ]
                ]
            },
            "est_params": {
                "mui": [
                    0.028530694909322574,
                    0.01628168119485407,
                    0.027910354202489437,
                    0.04218738603387526,
                    -0.020926206853845653,
                    1.0005367496532345
                ],
                "Si": [
                    [
                        0.979604673514422,
                        0.6071468193876114,
                        1.1490264520842222,
                        0.3330650345721825,
                        -0.39980545227288083,
                        -0.0024585039642236245
                    ],
                    [
                        0.6071468193876114,
                        1.3828861961256014,
                        1.667842121990573,
                        0.7226328752701078,
                        -0.49035540235579755,
                        0.0004071998530030748
                    ],
                    [
                        1.1490264520842222,
                        1.6678421219905728,
                        3.3033767534067446,
                        0.873586829494934,
                        -0.11276817700248871,
                        -0.007248424817521629
                    ],
                    [
                        0.3330650345721825,
                        0.7226328752701078,
                        0.8735868294949339,
                        1.3966713340727912,
                        -0.2295706398646108,
                        -0.005087128081178101
                    ],
                    [
                        -0.39980545227288083,
                        -0.49035540235579744,
                        -0.11276817700248874,
                        -0.2295706398646108,
                        1.5428195817784853,
                        -0.002302526991945456
                    ],
                    [
                        -0.0024585039642236236,
                        0.00040719985300307525,
                        -0.007248424817521629,
                        -0.005087128081178102,
                        -0.0023025269919454572,
                        0.03913191861362425
                    ]
                ]
            },
            "est_tgt": [
                4,
                5
            ],
            "oracle_est_tgt": [
                5
            ]
        },
        "obs": {
            "intv_type": "obs",
            "true_params": {
                "Si": [
                    [
                        1.0,
                        0.6044515683564268,
                        1.1314385570253158,
                        0.307171937342631,
                        -0.42096343553461046,
                        -1.8836134063890875
                    ],
                    [
                        0.6044515683564268,
                        1.365361698488544,
                        1.6365290263847632,
                        0.6938534368246412,
                        -0.4732076203380779,
                        -2.029532990058486
                    ],
                    [
                        1.1314385570253158,
                        1.6365290263847632,
                        3.187655631675356,
                        0.8316560298105354,
                        -0.14383142145917116,
                        -3.2588172189781917
                    ],
                    [
                        0.307171937342631,
                        0.6938534368246412,
                        0.8316560298105354,
                        1.3526044361185117,
                        -0.24047601017858802,
                        -1.0313739149559764
                    ],
                    [
                        -0.42096343553461046,
                        -0.4732076203380779,
                        -0.14383142145917116,
                        -0.24047601017858802,
                        1.5175892575582397,
                        1.6889916074340907
                    ],
                    [
                        -1.8836134063890875,
                        -2.029532990058486,
                        -3.2588172189781917,
                        -1.0313739149559764,
                        1.6889916074340907,
                        6.145456236060827
                    ]
                ],
                "mui": [
                    0.0,
                    0.0,
                    0.0,
                    0.0,
                    0.0,
                    0.0
                ],
                "Ai": [
                    [
                        0.0,
                        0.0,
                        0.0,
                        0.0,
                        0.0,
                        0.0
                    ],
                    [
                        0.6044515683564268,
                        0.0,
                        0.0,
                        0.0,
                        0.0,
                        0.0
                    ],
                    [
                        0.5556203332964265,
                        0.9526292160918787,
                        0.0,
                        0.0,
                        0.0,
                        0.0
                    ],
