{
    "expt_args": {
        "save_dir": "all_expt_logs/expt_logs_11.05.24-hard_var_shift",
        "exp_name": "339",
        "num_nodes": 6,
        "obs_noise_mean": 0.0,
        "obs_noise_var": 1.0,
        "max_edge_strength": 1.0,
        "graph_sparsity_method": "adj_dense_prop",
        "adj_dense_prop": 0.8,
        "num_parents": null,
        "new_noise_mean": 1.0,
        "mix_samples": 8192,
        "stage2_samples": 8192,
        "gmm_tol": 0.001,
        "intv_type": "hard",
        "new_noise_sigma": 0.1,
        "intv_targets": [
            0,
            1,
            2,
            3,
            4,
            5
        ]
    },
    "intv_args_dict": {
        "0": {
            "intv_type": "hard",
            "inode": 0,
            "new_mui": 1.0,
            "new_sigmai": 0.1,
            "true_params": {
                "Si": [
                    [
                        0.1,
                        0.0,
                        -0.0894034615519957,
                        0.14824635184141063,
                        0.26101142197352106,
                        -0.2755542115875015
                    ],
                    [
                        0.0,
                        1.0,
                        -0.9715945367240704,
                        -0.08128398040180262,
                        1.637536170194814,
                        -1.064068807829514
                    ],
                    [
                        -0.0894034615519957,
                        -0.9715945367240704,
                        2.0239257331668528,
                        -0.6435988665414154,
                        -3.0773304095223004,
                        3.3307532815441308
                    ],
                    [
                        0.14824635184141063,
                        -0.08128398040180262,
                        -0.6435988665414154,
                        1.5745200449796481,
                        1.5918521061627062,
                        -2.6395936004112865
                    ],
                    [
                        0.26101142197352106,
                        1.637536170194814,
                        -3.0773304095223004,
                        1.5918521061627062,
                        6.291167983617041,
                        -6.51838636846157
                    ],
                    [
                        -0.2755542115875015,
                        -1.064068807829514,
                        3.3307532815441308,
                        -2.6395936004112865,
                        -6.51838636846157,
                        9.00267246000913
                    ]
                ],
                "mui": [
                    1.0,
                    0.0,
                    -0.894034615519957,
                    1.4824635184141064,
                    2.6101142197352107,
                    -2.7555421158750146
                ],
                "Ai": [
                    [
                        0.0,
                        0.0,
                        0.0,
                        0.0,
                        0.0,
                        0.0
                    ],
                    [
                        -0.0,
                        0.0,
                        0.0,
                        0.0,
                        0.0,
                        0.0
                    ],
                    [
                        -0.894034615519957,
                        -0.9715945367240704,
                        0.0,
                        0.0,
                        0.0,
                        0.0
                    ],
                    [
                        0.9549504025104376,
                        -0.6545602860001233,
                        -0.5900365676522215,
                        0.0,
                        0.0,
                        0.0
                    ],
                    [
                        0.9181728457484752,
                        0.8120744482747959,
                        -0.8996846615315223,
                        0.5987278152211915,
                        0.0,
                        0.0
                    ],
                    [
                        0.892313129247405,
                        0.8725464363420685,
                        0.655414701004277,
                        -0.6141818627638593,
                        -0.8242511356085963,
                        0.0
                    ]
                ]
            },
            "est_params": {
                "mui": [
                    0.9947767552162193,
                    -0.03354131067619756,
                    -0.8467205689010475,
                    1.4909227132584442,
                    2.5614352873293442,
                    -2.795689091301916
                ],
                "Si": [
                    [
                        0.010646487283017248,
                        0.0039058640377752493,
                        -0.017149568989785317,
                        0.0162942543706679,
                        0.044876556407067746,
                        -0.045828744527967
                    ],
                    [
                        0.0039058640377752484,
                        0.9756755763597703,
                        -0.9420410704855162,
                        -0.056541000041683026,
                        1.613423647978847,
                        -1.0540875261961218
                    ],
                    [
                        -0.017149568989785313,
                        -0.9420410704855162,
                        1.910387567298019,
                        -0.5625650272635346,
                        -2.888927970926618,
                        3.131949588828293
                    ],
                    [
                        0.0162942543706679,
                        -0.056541000041683026,
                        -0.5625650272635346,
                        1.3676890127920407,
                        1.3171167996724236,
                        -2.321717917784636
                    ],
                    [
                        0.044876556407067746,
                        1.613423647978847,
                        -2.888927970926618,
                        1.3171167996724238,
                        5.836235720655777,
                        -6.154215300358807
                    ],
                    [
                        -0.045828744527967,
                        -1.054087526196122,
                        3.131949588828293,
                        -2.321717917784636,
                        -6.154215300358807,
                        8.613137839164175
                    ]
                ]
            },
            "est_tgt": [
                0
            ],
            "oracle_est_tgt": [
                0
            ]
        },
        "1": {
            "intv_type": "hard",
            "inode": 1,
            "new_mui": 1.0,
            "new_sigmai": 0.1,
            "true_params": {
                "Si": [
                    [
                        1.0,
                        0.0,
                        -0.894034615519957,
                        1.4824635184141064,
                        2.6101142197352107,
                        -2.7555421158750146
                    ],
                    [
                        0.0,
                        0.1,
                        -0.09715945367240704,
                        -0.008128398040180262,
                        0.1637536170194814,
                        -0.10640688078295141
                    ],
                    [
                        -0.894034615519957,
                        -0.09715945367240704,
                        1.8936974881271236,
                        -1.907512762231782,
                        -3.745590549151623,
                        4.617489217700877
                    ],
                    [
                        1.4824635184141064,
                        -0.008128398040180262,
                        -1.907512762231782,
                        3.546501943142542,
                        5.194106217017744,
                        -6.393927767935384
                    ],
                    [
                        2.6101142197352107,
                        0.1637536170194814,
                        -3.745590549151623,
                        5.194106217017744,
                        10.009222361847927,
                        -11.423232017856519
                    ],
                    [
                        -2.7555421158750146,
                        -0.10640688078295141,
                        4.617489217700877,
                        -6.393927767935384,
                        -11.423232017856519,
                        14.817365392117836
                    ]
                ],
                "mui": [
                    0.0,
                    1.0,
                    -0.9715945367240704,
                    -0.08128398040180262,
                    1.637536170194814,
                    -1.064068807829514
                ],
                "Ai": [
                    [
                        0.0,
                        0.0,
                        0.0,
                        0.0,
                        0.0,
                        0.0
                    ],
                    [
                        0.0,
                        0.0,
                        0.0,
                        0.0,
                        0.0,
                        0.0
                    ],
                    [
                        -0.894034615519957,
                        -0.9715945367240704,
                        0.0,
                        0.0,
                        0.0,
                        0.0
                    ],
                    [
                        0.9549504025104376,
                        -0.6545602860001233,
                        -0.5900365676522215,
                        0.0,
                        0.0,
                        0.0
                    ],
                    [
                        0.9181728457484752,
                        0.8120744482747959,
                        -0.8996846615315223,
                        0.5987278152211915,
                        0.0,
                        0.0
                    ],
                    [
                        0.892313129247405,
                        0.8725464363420685,
                        0.655414701004277,
                        -0.6141818627638593,
                        -0.8242511356085963,
                        0.0
                    ]
                ]
            },
            "est_params": {
                "mui": [
                    0.027299584456837105,
                    0.9940703967085219,
                    -1.0246019397103339,
                    -0.07093823862285453,
                    1.6933470629669414,
                    -1.1118758986173094
                ],
                "Si": [
                    [
                        1.0503296407986749,
                        -0.0020619107797793007,
                        -0.9447480848762826,
                        1.5815991569467664,
                        2.757403652349289,
                        -2.920253772683896
                    ],
                    [
                        -0.0020619107797793007,
                        0.011070960585374483,
                        -0.008995528260272877,
                        0.0027543128959504884,
                        0.017220895170627068,
                        -0.013242161180447057
                    ],
                    [
                        -0.9447480848762826,
                        -0.008995528260272875,
                        1.8562759466255188,
                        -2.0427117876855196,
                        -3.681983423454302,
                        4.703937878924387
                    ],
                    [
                        1.5815991569467664,
                        0.00275431289595049,
                        -2.042711787685519,
                        3.746074021496319,
                        5.50041548242855,
                        -6.804441645268515
                    ],
                    [
                        2.7574036523492893,
                        0.01722089517062706,
                        -3.681983423454302,
                        5.500415482428552,
                        9.950767934696506,
                        -11.581759982554102
                    ],
                    [
                        -2.9202537726838966,
                        -0.013242161180447057,
                        4.703937878924386,
                        -6.804441645268515,
                        -11.581759982554102,
                        15.297837467664397
                    ]
                ]
            },
            "est_tgt": [
                1
            ],
            "oracle_est_tgt": [
                1
            ]
        },
        "2": {
            "intv_type": "hard",
            "inode": 2,
            "new_mui": 1.0,
            "new_sigmai": 0.1,
            "true_params": {
                "Si": [
                    [
                        1.0,
                        0.0,
                        0.0,
                        0.9549504025104376,
                        1.489928213888147,
                        -0.9222751100861455
                    ],
                    [
                        0.0,
                        1.0,
                        0.0,
                        -0.6545602860001233,
                        0.42017099830738386,
                        0.92823906958421
                    ],
                    [
                        0.0,
                        0.0,
                        0.1,
                        -0.05900365676522215,
                        -0.12529559665825477,
                        0.2050554837546944
                    ],
                    [
                        0.9549504025104376,
                        -0.6545602860001233,
                        -0.05900365676522215,
                        2.3751937543800916,
                        1.82043709775847,
                        -2.7169895966589177
                    ],
                    [
                        1.489928213888147,
                        0.42017099830738386,
                        -0.12529559665825477,
                        1.82043709775847,
                        3.9118946124975693,
                        -2.728482386382998
                    ],
                    [
                        -0.9222751100861455,
                        0.92823906958421,
                        0.2050554837546944,
                        -2.7169895966589177,
                        -2.728482386382998,
                        5.039050318355827
                    ]
                ],
                "mui": [
                    0.0,
                    0.0,
                    1.0,
                    -0.5900365676522215,
                    -1.2529559665825476,
                    2.050554837546944
                ],
                "Ai": [
                    [
                        0.0,
                        0.0,
                        0.0,
                        0.0,
                        0.0,
                        0.0
                    ],
                    [
                        -0.0,
                        0.0,
                        0.0,
                        0.0,
                        0.0,
                        0.0
                    ],
                    [
                        0.0,
                        0.0,
                        0.0,
                        0.0,
                        0.0,
                        0.0
                    ],
                    [
                        0.9549504025104376,
                        -0.6545602860001233,
                        -0.5900365676522215,
                        0.0,
                        0.0,
                        0.0
                    ],
                    [
                        0.9181728457484752,
                        0.8120744482747959,
                        -0.8996846615315223,
                        0.5987278152211915,
                        0.0,
                        0.0
                    ],
                    [
                        0.892313129247405,
                        0.8725464363420685,
                        0.655414701004277,
                        -0.6141818627638593,
                        -0.8242511356085963,
                        0.0
                    ]
                ]
            },
            "est_params": {
                "mui": [
                    0.026184367848478506,
                    -0.0010676871594134968,
                    0.9991713941446551,
                    -0.49280489510320713,
                    -1.1663392295705355,
                    1.9443875561324346
                ],
                "Si": [
                    [
                        1.0412271713866825,
                        -0.08162745639774897,
                        0.0007339460401079116,
                        1.0156095325771757,
                        1.506920592866867,
                        -1.0236156986668385
                    ],
                    [
                        -0.08162745639774897,
                        1.049926343629466,
                        0.00361109402348312,
                        -0.7541290040062082,
                        0.33790962586728557,
                        1.042564767379928
                    ],
                    [
                        0.0007339460401079116,
                        0.003611094023483121,
                        0.011050771594214647,
                        -0.012729597939773315,
                        -0.017493774887729345,
                        0.03135667768440475
                    ],
                    [
                        1.0156095325771757,
                        -0.7541290040062082,
                        -0.012729597939773315,
                        2.378804403062009,
                        1.7443355117680441,
                        -2.6556344858570586
                    ],
                    [
                        1.506920592866867,
                        0.33790962586728557,
                        -0.017493774887729345,
                        1.7443355117680441,
                        3.7429109961818567,
                        -2.555227579599196
                    ],
                    [
                        -1.0236156986668385,
                        1.042564767379928,
                        0.031356677684404755,
                        -2.6556344858570586,
                        -2.555227579599196,
                        4.6585555233852425
                    ]
                ]
            },
            "est_tgt": [
                2,
                3,
                5
            ],
            "oracle_est_tgt": [
                2,
                3,
                4,
                5
            ]
        },
        "3": {
            "intv_type": "hard",
            "inode": 3,
            "new_mui": 1.0,
            "new_sigmai": 0.1,
            "true_params": {
                "Si": [
                    [
                        1.0,
                        0.0,
                        -0.894034615519957,
                        0.0,
                        1.7225220762100124,
                        -1.113441078398061
                    ],
                    [
                        0.0,
                        1.0,
                        -0.9715945367240704,
                        0.0,
                        1.6862031501932673,
                        -1.1541057678559201
                    ],
                    [
                        -0.894034615519957,
                        -0.9715945367240704,
                        2.7432938375399782,
                        0.0,
                        -4.0779847921952745,
                        3.5137585302415566
                    ],
                    [
                        0.0,
                        0.0,
                        0.0,
                        0.1,
                        0.059872781522119146,
                        -0.11076839443803804
                    ],
                    [
                        1.7225220762100124,
                        1.6862031501932673,
                        -4.0779847921952745,
                        0.059872781522119146,
                        7.655643356619594,
                        -6.011397076598271
                    ],
                    [
                        -1.113441078398061,
                        -1.1541057678559201,
                        3.5137585302415566,
                        -0.11076839443803804,
                        -6.011397076598271,
                        6.325352834508645
                    ]
                ],
                "mui": [
                    0.0,
                    0.0,
                    0.0,
                    1.0,
                    0.5987278152211915,
                    -1.1076839443803803
                ],
                "Ai": [
                    [
                        0.0,
                        0.0,
                        0.0,
                        0.0,
                        0.0,
                        0.0
                    ],
                    [
                        -0.0,
                        0.0,
                        0.0,
                        0.0,
                        0.0,
                        0.0
                    ],
                    [
                        -0.894034615519957,
                        -0.9715945367240704,
                        0.0,
                        0.0,
                        0.0,
                        0.0
                    ],
                    [
                        0.0,
                        0.0,
                        0.0,
                        0.0,
                        0.0,
                        0.0
                    ],
                    [
                        0.9181728457484752,
                        0.8120744482747959,
                        -0.8996846615315223,
                        0.5987278152211915,
                        0.0,
                        0.0
                    ],
                    [
                        0.892313129247405,
                        0.8725464363420685,
                        0.655414701004277,
                        -0.6141818627638593,
                        -0.8242511356085963,
                        0.0
                    ]
                ]
            },
            "est_params": {
                "mui": [
                    0.0276495835675145,
                    0.029586646041715316,
                    -0.06161247444937389,
                    1.002137697838826,
                    0.7367118179896127,
                    -1.2783276312531313
                ],
                "Si": [
                    [
                        0.9958184990740817,
                        -0.0169969671048027,
                        -0.9066065331350298,
                        0.005669876456470135,
                        1.6845367332896846,
                        -1.1476895135480352
                    ],
                    [
                        -0.016996967104802703,
                        1.0535895465059515,
                        -0.9889611306528789,
                        -0.004497208692975131,
                        1.7093183921931592,
                        -1.1473061312960706
                    ],
                    [
                        -0.9066065331350298,
                        -0.9889611306528789,
                        2.7316092592089323,
                        0.00315801227231915,
                        -4.032426757409844,
                        3.483239442514616
                    ],
                    [
                        0.005669876456470135,
                        -0.004497208692975131,
                        0.003158012272319151,
                        0.008626428588737021,
                        0.009668152774251914,
                        -0.010357971435431513
                    ],
                    [
                        1.6845367332896841,
                        1.7093183921931592,
                        -4.032426757409844,
                        0.009668152774251915,
                        7.4204403142329,
                        -5.816269824273524
                    ],
                    [
                        -1.1476895135480352,
                        -1.1473061312960706,
                        3.4832394425146167,
                        -0.010357971435431507,
                        -5.816269824273523,
                        6.06483585928287
                    ]
                ]
            },
            "est_tgt": [
                2,
                3,
                5
            ],
            "oracle_est_tgt": [
                2,
                3,
                5
            ]
        },
        "4": {
            "intv_type": "hard",
            "inode": 4,
            "new_mui": 1.0,
            "new_sigmai": 0.1,
            "true_params": {
                "Si": [
                    [
                        1.0,
                        0.0,
                        -0.894034615519957,
                        1.4824635184141064,
                        0.0,
                        -0.6041525061901221
                    ],
                    [
                        0.0,
                        1.0,
                        -0.9715945367240704,
                        -0.08128398040180262,
                        0.0,
                        0.28567224005371306
                    ],
                    [
                        -0.894034615519957,
                        -0.9715945367240704,
                        2.7432938375399782,
                        -1.836435198078362,
                        0.0,
                        1.2803801250809017
                    ],
                    [
                        1.4824635184141064,
                        -0.08128398040180262,
                        -1.836435198078362,
                        3.5524483200655066,
                        0.0,
                        -2.1335783391725176
                    ],
                    [
                        0.0,
                        0.0,
                        0.0,
                        0.0,
                        0.1,
                        -0.08242511356085963
                    ],
                    [
                        -0.6041525061901221,
                        0.28567224005371306,
                        1.2803801250809017,
                        -2.1335783391725176,
                        -0.08242511356085963,
                        2.9276931506920754
                    ]
                ],
                "mui": [
                    0.0,
                    0.0,
                    0.0,
                    0.0,
                    1.0,
                    -0.8242511356085963
                ],
                "Ai": [
                    [
                        0.0,
                        0.0,
                        0.0,
                        0.0,
                        0.0,
                        0.0
                    ],
                    [
                        -0.0,
                        0.0,
                        0.0,
                        0.0,
                        0.0,
                        0.0
                    ],
                    [
                        -0.894034615519957,
                        -0.9715945367240704,
                        0.0,
                        0.0,
                        0.0,
                        0.0
                    ],
                    [
                        0.9549504025104376,
                        -0.6545602860001233,
                        -0.5900365676522215,
                        0.0,
                        0.0,
                        0.0
                    ],
                    [
                        0.0,
                        0.0,
                        0.0,
                        0.0,
                        0.0,
                        0.0
                    ],
                    [
                        0.892313129247405,
                        0.8725464363420685,
                        0.655414701004277,
                        -0.6141818627638593,
                        -0.8242511356085963,
                        0.0
                    ]
                ]
            },
            "est_params": {
                "mui": [
                    0.015765434504200183,
                    0.010965015341199345,
                    -0.011847364771479914,
                    0.024896864089828264,
                    0.9989797170353615,
                    -0.8515371334754585
                ],
                "Si": [
                    [
                        1.0995764533796384,
                        0.012210985777934613,
                        -0.9800300572070598,
                        1.5822566506895546,
                        -0.006467887356326725,
                        -0.6050981956213823
                    ],
                    [
                        0.01221098577793462,
                        1.0384677865339367,
                        -1.0418608885115535,
                        -0.06689316790765605,
                        -0.005129551872933241,
                        0.2970110198162899
                    ],
                    [
                        -0.9800300572070596,
                        -1.0418608885115535,
                        2.874833412417358,
                        -1.9342962344114514,
                        0.009553439675803948,
                        1.2171422468599948
                    ],
                    [
                        1.5822566506895546,
                        -0.06689316790765606,
                        -1.9342962344114514,
                        3.7140858232973795,
                        -0.0042928022079362,
                        -2.1759700094179233
                    ],
                    [
                        -0.006467887356326725,
                        -0.005129551872933241,
                        0.009553439675803948,
                        -0.0042928022079362005,
                        0.01077410141077088,
                        -0.002103014527444287
                    ],
                    [
                        -0.6050981956213825,
                        0.2970110198162899,
                        1.217142246859995,
                        -2.1759700094179233,
                        -0.0021030145274442873,
                        2.769958024228714
                    ]
                ]
            },
            "est_tgt": [
                2,
                4,
                5
            ],
            "oracle_est_tgt": [
                2,
                4,
                5
            ]
        },
        "5": {
            "intv_type": "hard",
            "inode": 5,
            "new_mui": 1.0,
            "new_sigmai": 0.1,
            "true_params": {
                "Si": [
                    [
                        1.0,
                        0.0,
                        -0.894034615519957,
                        1.4824635184141064,
                        2.6101142197352107,
                        0.0
                    ],
                    [
                        0.0,
                        1.0,
                        -0.9715945367240704,
                        -0.08128398040180262,
                        1.637536170194814,
                        0.0
                    ],
                    [
                        -0.894034615519957,
                        -0.9715945367240704,
                        2.7432938375399782,
                        -1.836435198078362,
                        -5.177509626136028,
                        0.0
                    ],
                    [
                        1.4824635184141064,
                        -0.08128398040180262,
                        -1.836435198078362,
                        3.5524483200655066,
                        5.074311304848922,
                        0.0
                    ],
                    [
                        2.6101142197352107,
                        1.637536170194814,
                        -5.177509626136028,
                        5.074311304848922,
                        12.422594599674595,
                        0.0
                    ],
                    [
                        0.0,
                        0.0,
                        0.0,
                        0.0,
                        0.0,
                        0.1
                    ]
                ],
                "mui": [
                    0.0,
                    0.0,
                    0.0,
                    0.0,
                    0.0,
                    1.0
                ],
                "Ai": [
                    [
                        0.0,
                        0.0,
                        0.0,
                        0.0,
                        0.0,
                        0.0
                    ],
                    [
                        -0.0,
                        0.0,
                        0.0,
                        0.0,
                        0.0,
                        0.0
                    ],
                    [
                        -0.894034615519957,
                        -0.9715945367240704,
                        0.0,
                        0.0,
                        0.0,
                        0.0
                    ],
                    [
                        0.9549504025104376,
                        -0.6545602860001233,
                        -0.5900365676522215,
                        0.0,
                        0.0,
                        0.0
                    ],
                    [
                        0.9181728457484752,
                        0.8120744482747959,
                        -0.8996846615315223,
                        0.5987278152211915,
                        0.0,
                        0.0
                    ],
                    [
                        0.0,
                        0.0,
                        0.0,
                        0.0,
                        0.0,
                        0.0
                    ]
                ]
            },
            "est_params": {
                "mui": [
                    0.004550769679138406,
                    -0.007557634490828764,
                    -0.0012620826137287168,
                    -0.03196393519444645,
                    -0.024257106562893403,
                    1.0040858121376781
                ],
                "Si": [
                    [
                        1.0093549600812453,
                        -0.020556896576997646,
                        -0.876685573034528,
                        1.5609778172137796,
                        2.6533844037188157,
                        0.007328428453602035
                    ],
                    [
                        -0.020556896576997653,
                        1.0187405945343277,
                        -0.9792480520466333,
                        -0.10201129686609296,
                        1.6498164079020885,
                        0.0024484721572905817
                    ],
                    [
                        -0.876685573034528,
                        -0.9792480520466333,
                        2.7306219915916636,
                        -1.9004481450554191,
                        -5.247097121965166,
                        -0.006822421862424423
                    ],
                    [
                        1.5609778172137796,
                        -0.10201129686609299,
                        -1.9004481450554191,
                        3.804243708279599,
                        5.363892775542014,
                        0.006361446008558691
                    ],
                    [
                        2.6533844037188157,
                        1.6498164079020885,
                        -5.247097121965166,
                        5.363892775542014,
                        12.776532300831924,
                        0.017421049537154173
                    ],
                    [
                        0.007328428453602035,
                        0.0024484721572905813,
                        -0.006822421862424424,
                        0.006361446008558692,
                        0.017421049537154173,
                        0.010463770776705952
                    ]
                ]
            },
            "est_tgt": [
                2,
                4,
                5
            ],
            "oracle_est_tgt": [
                2,
                4,
                5
            ]
        },
        "obs": {
            "intv_type": "obs",
            "true_params": {
                "Si": [
                    [
                        1.0,
                        0.0,
                        -0.894034615519957,
                        1.4824635184141064,
                        2.6101142197352107,
                        -2.7555421158750146
                    ],
                    [
                        0.0,
                        1.0,
                        -0.9715945367240704,
                        -0.08128398040180262,
                        1.637536170194814,
                        -1.064068807829514
                    ],
                    [
                        -0.894034615519957,
                        -0.9715945367240704,
                        2.7432938375399782,
                        -1.836435198078362,
                        -5.177509626136028,
                        5.547948314047963
                    ],
                    [
                        1.4824635184141064,
                        -0.08128398040180262,
                        -1.836435198078362,
                        3.5524483200655066,
                        5.074311304848922,
                        -6.31608519462578
                    ],
                    [
                        2.6101142197352107,
                        1.637536170194814,
                        -5.177509626136028,
                        5.074311304848922,
                        12.422594599674595,
                        -12.991438062213732
                    ],
                    [
                        -2.7555421158750146,
                        -1.064068807829514,
                        5.547948314047963,
                        -6.31608519462578,
                        -12.991438062213732,
                        15.836383577133988
                    ]
                ],
                "mui": [
                    0.0,
                    0.0,
                    0.0,
                    0.0,
                    0.0,
                    0.0
                ],
                "Ai": [
                    [
                        0.0,
                        0.0,
                        0.0,
                        0.0,
                        0.0,
                        0.0
                    ],
                    [
                        -0.0,
                        0.0,
                        0.0,
                        0.0,
                        0.0,
