{
    "expt_args": {
        "save_dir": "all_expt_logs/expt_logs_11.05.24-hard_var_shift",
        "exp_name": "195",
        "num_nodes": 6,
        "obs_noise_mean": 0.0,
        "obs_noise_var": 1.0,
        "max_edge_strength": 1.0,
        "graph_sparsity_method": "adj_dense_prop",
        "adj_dense_prop": 0.8,
        "num_parents": null,
        "new_noise_mean": 1.0,
        "mix_samples": 8192,
        "stage2_samples": 8192,
        "gmm_tol": 0.001,
        "intv_type": "hard",
        "new_noise_sigma": 1.0,
        "intv_targets": [
            0,
            1,
            2,
            3,
            4,
            5
        ]
    },
    "intv_args_dict": {
        "0": {
            "intv_type": "hard",
            "inode": 0,
            "new_mui": 1.0,
            "new_sigmai": 1.0,
            "true_params": {
                "Si": [
                    [
                        1.0,
                        0.0,
                        0.0,
                        -0.5316022611874855,
                        -1.2852471762079936,
                        1.5052051623988243
                    ],
                    [
                        0.0,
                        1.0,
                        0.0,
                        -0.604431273478883,
                        -1.2961100100371712,
                        0.12865425070357706
                    ],
                    [
                        0.0,
                        0.0,
                        1.0,
                        -0.6940835541078142,
                        -0.39266412910310017,
                        0.3798745132061361
                    ],
                    [
                        -0.5316022611874855,
                        -0.604431273478883,
                        -0.6940835541078142,
                        2.1296901085418867,
                        2.304921789125017,
                        -0.8301412856319705
                    ],
                    [
                        -1.2852471762079936,
                        -1.2961100100371712,
                        -0.39266412910310017,
                        2.304921789125017,
                        4.805997404550922,
                        -2.9958265700818205
                    ],
                    [
                        1.5052051623988243,
                        0.12865425070357706,
                        0.3798745132061361,
                        -0.8301412856319705,
                        -2.9958265700818205,
                        4.372764429252667
                    ]
                ],
                "mui": [
                    1.0,
                    0.0,
                    0.0,
                    -0.5316022611874855,
                    -1.2852471762079936,
                    1.5052051623988243
                ],
                "Ai": [
                    [
                        0.0,
                        0.0,
                        0.0,
                        0.0,
                        0.0,
                        0.0
                    ],
                    [
                        0.0,
                        0.0,
                        0.0,
                        0.0,
                        0.0,
                        0.0
                    ],
                    [
                        0.0,
                        -0.0,
                        0.0,
                        0.0,
                        0.0,
                        0.0
                    ],
                    [
                        -0.5316022611874855,
                        -0.604431273478883,
                        -0.6940835541078142,
                        0.0,
                        0.0,
                        0.0
                    ],
                    [
                        -0.9845036451402651,
                        -0.9541648966590823,
                        0.0,
                        0.5657303458339922,
                        0.0,
                        0.0
                    ],
                    [
                        0.7635037347017996,
                        -0.5624053405122603,
                        0.5960513387103936,
                        0.8328070492968283,
                        -0.9215531145772533,
                        0.0
                    ]
                ]
            },
            "est_params": {
                "mui": [
                    0.8839771002017935,
                    0.08486994080515,
                    0.14381460341325852,
                    0.2773549904433003,
                    -1.0184415078845417,
                    1.9934618862574138
                ],
                "Si": [
                    [
                        0.6425185978477886,
                        -0.16162465614197116,
                        -0.20782680114281446,
                        -0.19871995313633628,
                        -0.3135384327278856,
                        0.4667698051251466
                    ],
                    [
                        -0.16162465614197113,
                        0.8622157162206852,
                        -0.0708024204245476,
                        0.06581760732697496,
                        -0.5524682252388698,
                        -0.12451643730565956
                    ],
                    [
                        -0.20782680114281446,
                        -0.07080242042454762,
                        0.9751819899286529,
                        -0.15268294194046236,
                        0.2914721099737569,
                        0.17538830086506618
                    ],
                    [
                        -0.19871995313633628,
                        0.06581760732697496,
                        -0.1526829419404623,
                        1.6409475818345713,
                        0.8211485352620647,
                        0.32929544874402517
                    ],
                    [
                        -0.31353843272788556,
                        -0.5524682252388698,
                        0.2914721099737569,
                        0.8211485352620645,
                        1.7755560239696,
                        -0.5235245212227613
                    ],
                    [
                        0.4667698051251465,
                        -0.12451643730565956,
                        0.17538830086506615,
                        0.32929544874402517,
                        -0.5235245212227613,
                        1.9318976264975738
                    ]
                ]
            },
            "est_tgt": [
                0,
                3,
                4,
                5
            ],
            "oracle_est_tgt": [
                0,
                3,
                5
            ]
        },
        "1": {
            "intv_type": "hard",
            "inode": 1,
            "new_mui": 1.0,
            "new_sigmai": 1.0,
            "true_params": {
                "Si": [
                    [
                        1.0,
                        0.0,
                        0.0,
                        -0.5316022611874855,
                        -1.2852471762079936,
                        1.5052051623988243
                    ],
                    [
                        0.0,
                        1.0,
                        0.0,
                        -0.604431273478883,
                        -1.2961100100371712,
                        0.12865425070357706
                    ],
                    [
                        0.0,
                        0.0,
                        1.0,
                        -0.6940835541078142,
                        -0.39266412910310017,
                        0.3798745132061361
                    ],
                    [
                        -0.5316022611874855,
                        -0.604431273478883,
                        -0.6940835541078142,
                        2.1296901085418867,
                        2.304921789125017,
                        -0.8301412856319705
                    ],
                    [
                        -1.2852471762079936,
                        -1.2961100100371712,
                        -0.39266412910310017,
                        2.304921789125017,
                        4.805997404550922,
                        -2.9958265700818205
                    ],
                    [
                        1.5052051623988243,
                        0.12865425070357706,
                        0.3798745132061361,
                        -0.8301412856319705,
                        -2.9958265700818205,
                        4.372764429252667
                    ]
                ],
                "mui": [
                    0.0,
                    1.0,
                    0.0,
                    -0.604431273478883,
                    -1.2961100100371712,
                    0.12865425070357706
                ],
                "Ai": [
                    [
                        0.0,
                        0.0,
                        0.0,
                        0.0,
                        0.0,
                        0.0
                    ],
                    [
                        0.0,
                        0.0,
                        0.0,
                        0.0,
                        0.0,
                        0.0
                    ],
                    [
                        0.0,
                        -0.0,
                        0.0,
                        0.0,
                        0.0,
                        0.0
                    ],
                    [
                        -0.5316022611874855,
                        -0.604431273478883,
                        -0.6940835541078142,
                        0.0,
                        0.0,
                        0.0
                    ],
                    [
                        -0.9845036451402651,
                        -0.9541648966590823,
                        0.0,
                        0.5657303458339922,
                        0.0,
                        0.0
                    ],
                    [
                        0.7635037347017996,
                        -0.5624053405122603,
                        0.5960513387103936,
                        0.8328070492968283,
                        -0.9215531145772533,
                        0.0
                    ]
                ]
            },
            "est_params": {
                "mui": [
                    1.1632152498715147,
                    0.9586642651615973,
                    0.5140282307058053,
                    -1.814367492973913,
                    -3.5192755312398907,
                    2.6113684166447206
                ],
                "Si": [
                    [
                        1.0941319644443437,
                        -0.4902529074000275,
                        -0.06531900329031726,
                        -0.09583612734564075,
                        -0.45241519965565474,
                        1.4003692166935777
                    ],
                    [
                        -0.49025290740002764,
                        1.1517308962091306,
                        -0.11270588027121606,
                        -0.2918752064890133,
                        -0.7637506978677037,
                        -0.6923100647911989
                    ],
                    [
                        -0.06531900329031726,
                        -0.11270588027121606,
                        1.1316981135460948,
                        -0.7592802891383567,
                        -0.1668584173971798,
                        0.19559482688662871
                    ],
                    [
                        -0.09583612734564076,
                        -0.2918752064890133,
                        -0.7592802891383567,
                        1.8358461877703933,
                        1.1899128496430642,
                        0.17305378540865513
                    ],
                    [
                        -0.4524151996556547,
                        -0.763750697867704,
                        -0.16685841739717983,
                        1.1899128496430642,
                        2.431359277866953,
                        -1.1645337476545594
                    ],
                    [
                        1.4003692166935777,
                        -0.6923100647911987,
                        0.19559482688662877,
                        0.17305378540865513,
                        -1.1645337476545594,
                        3.6230244259066424
                    ]
                ]
            },
            "est_tgt": [
                0,
                1,
                2,
                3,
                4,
                5
            ],
            "oracle_est_tgt": [
                1
            ]
        },
        "2": {
            "intv_type": "hard",
            "inode": 2,
            "new_mui": 1.0,
            "new_sigmai": 1.0,
            "true_params": {
                "Si": [
                    [
                        1.0,
                        0.0,
                        0.0,
                        -0.5316022611874855,
                        -1.2852471762079936,
                        1.5052051623988243
                    ],
                    [
                        0.0,
                        1.0,
                        0.0,
                        -0.604431273478883,
                        -1.2961100100371712,
                        0.12865425070357706
                    ],
                    [
                        0.0,
                        0.0,
                        1.0,
                        -0.6940835541078142,
                        -0.39266412910310017,
                        0.3798745132061361
                    ],
                    [
                        -0.5316022611874855,
                        -0.604431273478883,
                        -0.6940835541078142,
                        2.1296901085418867,
                        2.304921789125017,
                        -0.8301412856319705
                    ],
                    [
                        -1.2852471762079936,
                        -1.2961100100371712,
                        -0.39266412910310017,
                        2.304921789125017,
                        4.805997404550922,
                        -2.9958265700818205
                    ],
                    [
                        1.5052051623988243,
                        0.12865425070357706,
                        0.3798745132061361,
                        -0.8301412856319705,
                        -2.9958265700818205,
                        4.372764429252667
                    ]
                ],
                "mui": [
                    0.0,
                    0.0,
                    1.0,
                    -0.6940835541078142,
                    -0.39266412910310017,
                    0.3798745132061361
                ],
                "Ai": [
                    [
                        0.0,
                        0.0,
                        0.0,
                        0.0,
                        0.0,
                        0.0
                    ],
                    [
                        0.0,
                        0.0,
                        0.0,
                        0.0,
                        0.0,
                        0.0
                    ],
                    [
                        0.0,
                        0.0,
                        0.0,
                        0.0,
                        0.0,
                        0.0
                    ],
                    [
                        -0.5316022611874855,
                        -0.604431273478883,
                        -0.6940835541078142,
                        0.0,
                        0.0,
                        0.0
                    ],
                    [
                        -0.9845036451402651,
                        -0.9541648966590823,
                        0.0,
                        0.5657303458339922,
                        0.0,
                        0.0
                    ],
                    [
                        0.7635037347017996,
                        -0.5624053405122603,
                        0.5960513387103936,
                        0.8328070492968283,
                        -0.9215531145772533,
                        0.0
                    ]
                ]
            },
            "est_params": {
                "mui": [
                    0.37721993327125947,
                    0.7104598493658655,
                    0.5281416257264306,
                    -1.412596622395903,
                    -1.9770201675263956,
                    0.7731305761700992
                ],
                "Si": [
                    [
                        0.8008640458567097,
                        -0.22407372278464863,
                        -0.13522355593177973,
                        -0.048765828895968165,
                        -0.5395223497789404,
                        0.6817605931709545
                    ],
                    [
                        -0.22407372278464857,
                        0.777529108273033,
                        -0.21894230270547077,
                        -0.1045512001033451,
                        -0.4583354891522924,
                        -0.34212756439694264
                    ],
                    [
                        -0.13522355593177973,
                        -0.21894230270547077,
                        1.0693923047961809,
                        -0.4808904722709457,
                        0.1354604562632289,
                        0.06965869708623935
                    ],
                    [
                        -0.048765828895968165,
                        -0.1045512001033451,
                        -0.4808904722709456,
                        1.034987810279597,
                        0.4869924030163354,
                        0.2271556500560422
                    ],
                    [
                        -0.5395223497789404,
                        -0.4583354891522925,
                        0.1354604562632289,
                        0.4869924030163354,
                        1.8396403312540888,
                        -0.6318874189123389
                    ],
                    [
                        0.6817605931709544,
                        -0.34212756439694275,
                        0.06965869708623935,
                        0.2271556500560422,
                        -0.6318874189123389,
                        2.378279986713001
                    ]
                ]
            },
            "est_tgt": [
                0,
                1,
                2,
                3,
                4,
                5
            ],
            "oracle_est_tgt": [
                2
            ]
        },
        "3": {
            "intv_type": "hard",
            "inode": 3,
            "new_mui": 1.0,
            "new_sigmai": 1.0,
            "true_params": {
                "Si": [
                    [
                        1.0,
                        0.0,
                        0.0,
                        0.0,
                        -0.9845036451402651,
                        1.6707761351934698
                    ],
                    [
                        0.0,
                        1.0,
                        0.0,
                        0.0,
                        -0.9541648966590823,
                        0.3169082918242
                    ],
                    [
                        0.0,
                        0.0,
                        1.0,
                        0.0,
                        0.0,
                        0.5960513387103936
                    ],
                    [
                        0.0,
                        0.0,
                        0.0,
                        1.0,
                        0.5657303458339922,
                        0.31145648708264617
                    ],
                    [
                        -0.9845036451402651,
                        -0.9541648966590823,
                        0.0,
                        0.5657303458339922,
                        3.1997289015083545,
                        -2.692620691257927
                    ],
                    [
                        1.6707761351934698,
                        0.3169082918242,
                        0.5960513387103936,
                        0.31145648708264617,
                        -2.692620691257927,
                        5.193466244070311
                    ]
                ],
                "mui": [
                    0.0,
                    0.0,
                    0.0,
                    1.0,
                    0.5657303458339922,
                    0.31145648708264617
                ],
                "Ai": [
                    [
                        0.0,
                        0.0,
                        0.0,
                        0.0,
                        0.0,
                        0.0
                    ],
                    [
                        0.0,
                        0.0,
                        0.0,
                        0.0,
                        0.0,
                        0.0
                    ],
                    [
                        0.0,
                        -0.0,
                        0.0,
                        0.0,
                        0.0,
                        0.0
                    ],
                    [
                        0.0,
                        0.0,
                        0.0,
                        0.0,
                        0.0,
                        0.0
                    ],
                    [
                        -0.9845036451402651,
                        -0.9541648966590823,
                        0.0,
                        0.5657303458339922,
                        0.0,
                        0.0
                    ],
                    [
                        0.7635037347017996,
                        -0.5624053405122603,
                        0.5960513387103936,
                        0.8328070492968283,
                        -0.9215531145772533,
                        0.0
                    ]
                ]
            },
            "est_params": {
                "mui": [
                    0.09144997549412234,
                    0.09296628081356247,
                    -0.011398396583532663,
                    0.11827045331741075,
                    -0.02497036975498996,
                    0.14846139015274856
                ],
                "Si": [
                    [
                        0.6146323965147176,
                        -0.2923150418023522,
                        -0.22682966900018434,
                        0.02559638416972597,
                        -0.08145196557847587,
                        0.4673194136460366
                    ],
                    [
                        -0.2923150418023522,
                        0.8948998768111502,
                        -0.20093763160454037,
                        0.03399525335879663,
                        -0.4895569695685826,
                        -0.2626775591808371
                    ],
                    [
                        -0.22682966900018436,
                        -0.20093763160454037,
                        1.072735751580835,
                        -0.43973325476534664,
                        0.2598045509166769,
                        -0.038476516211230334
                    ],
                    [
                        0.025596384169725962,
                        0.03399525335879663,
                        -0.43973325476534664,
                        0.9318107663027371,
                        0.3617523210078048,
                        0.08137285540649881
                    ],
                    [
                        -0.08145196557847587,
                        -0.4895569695685826,
                        0.2598045509166769,
                        0.3617523210078048,
                        1.3252618428571594,
                        -0.5016212276127688
                    ],
                    [
                        0.4673194136460365,
                        -0.2626775591808371,
                        -0.03847651621123034,
                        0.0813728554064988,
                        -0.5016212276127688,
                        1.787074145584254
                    ]
                ]
            },
            "est_tgt": [
                0,
                3,
                4,
                5
            ],
            "oracle_est_tgt": [
                0,
                3,
                5
            ]
        },
        "4": {
            "intv_type": "hard",
            "inode": 4,
            "new_mui": 1.0,
            "new_sigmai": 1.0,
            "true_params": {
                "Si": [
                    [
                        1.0,
                        0.0,
                        0.0,
                        -0.5316022611874855,
                        0.0,
                        0.32078162416272793
                    ],
                    [
                        0.0,
                        1.0,
                        0.0,
                        -0.604431273478883,
                        0.0,
                        -1.065779965880933
                    ],
                    [
                        0.0,
                        0.0,
                        1.0,
                        -0.6940835541078142,
                        0.0,
                        0.018013662048409446
                    ],
                    [
                        -0.5316022611874855,
                        -0.604431273478883,
                        -0.6940835541078142,
                        2.1296901085418867,
                        0.0,
                        1.2939665679931638
                    ],
                    [
                        0.0,
                        0.0,
                        0.0,
                        0.0,
                        1.0,
                        -0.9215531145772533
                    ],
                    [
                        0.32078162416272793,
                        -1.065779965880933,
                        0.018013662048409446,
                        1.2939665679931638,
                        -0.9215531145772533,
                        3.7819400024395606
                    ]
                ],
                "mui": [
                    0.0,
                    0.0,
                    0.0,
                    0.0,
                    1.0,
                    -0.9215531145772533
                ],
                "Ai": [
                    [
                        0.0,
                        0.0,
                        0.0,
                        0.0,
                        0.0,
                        0.0
                    ],
                    [
                        0.0,
                        0.0,
                        0.0,
                        0.0,
                        0.0,
                        0.0
                    ],
                    [
                        0.0,
                        -0.0,
                        0.0,
                        0.0,
                        0.0,
                        0.0
                    ],
                    [
                        -0.5316022611874855,
                        -0.604431273478883,
                        -0.6940835541078142,
                        0.0,
                        0.0,
                        0.0
                    ],
                    [
                        0.0,
                        0.0,
                        0.0,
                        0.0,
                        0.0,
                        0.0
                    ],
                    [
                        0.7635037347017996,
                        -0.5624053405122603,
                        0.5960513387103936,
                        0.8328070492968283,
                        -0.9215531145772533,
                        0.0
                    ]
                ]
            },
            "est_params": {
                "mui": [
                    -0.17967933596878924,
                    -0.014398177768179381,
                    0.03346180071642121,
                    0.11319716005383246,
                    1.0832315852414727,
                    -1.0334015814337043
                ],
                "Si": [
                    [
                        0.9461169619370877,
                        -0.006847354480696524,
                        -0.04841091068976253,
                        -0.43172482013946073,
                        0.012815254931078992,
                        0.3420510696717095
                    ],
                    [
                        -0.006847354480696522,
                        0.9967506061040035,
                        0.003301456301104345,
                        -0.6296913466695937,
                        -0.13124081524007453,
                        -1.0468506750483495
                    ],
                    [
                        -0.04841091068976251,
                        0.0033014563011043493,
                        1.077544102203118,
                        -0.706077801984517,
                        -0.020897453563444454,
                        -0.09104462576411317
                    ],
                    [
                        -0.43172482013946073,
                        -0.6296913466695937,
                        -0.706077801984517,
                        2.0831741238949095,
                        0.18278813346346695,
                        1.28976704344762
                    ],
                    [
                        0.012815254931078988,
                        -0.13124081524007455,
                        -0.020897453563444444,
                        0.18278813346346695,
                        1.0347887864822,
                        -0.7271535491048191
                    ],
                    [
                        0.3420510696717094,
                        -1.0468506750483495,
                        -0.09104462576411317,
                        1.2897670434476203,
                        -0.7271535491048191,
                        3.582598046720984
                    ]
                ]
            },
            "est_tgt": [
                0,
                3,
                4,
                5
            ],
            "oracle_est_tgt": [
                0,
                4,
                5
            ]
        },
        "5": {
            "intv_type": "hard",
            "inode": 5,
            "new_mui": 1.0,
            "new_sigmai": 1.0,
            "true_params": {
                "Si": [
                    [
                        1.0,
                        0.0,
                        0.0,
                        -0.5316022611874855,
                        -1.2852471762079936,
                        0.0
                    ],
                    [
                        0.0,
                        1.0,
                        0.0,
                        -0.604431273478883,
                        -1.2961100100371712,
                        0.0
                    ],
                    [
                        0.0,
                        0.0,
                        1.0,
                        -0.6940835541078142,
                        -0.39266412910310017,
                        0.0
                    ],
                    [
                        -0.5316022611874855,
                        -0.604431273478883,
                        -0.6940835541078142,
                        2.1296901085418867,
                        2.304921789125017,
                        0.0
                    ],
                    [
                        -1.2852471762079936,
                        -1.2961100100371712,
                        -0.39266412910310017,
                        2.304921789125017,
                        4.805997404550922,
                        0.0
                    ],
                    [
                        0.0,
                        0.0,
                        0.0,
                        0.0,
                        0.0,
                        1.0
                    ]
                ],
                "mui": [
                    0.0,
                    0.0,
                    0.0,
                    0.0,
                    0.0,
                    1.0
                ],
                "Ai": [
                    [
                        0.0,
                        0.0,
                        0.0,
                        0.0,
                        0.0,
                        0.0
                    ],
                    [
                        0.0,
                        0.0,
                        0.0,
                        0.0,
                        0.0,
                        0.0
                    ],
                    [
                        0.0,
                        -0.0,
                        0.0,
                        0.0,
                        0.0,
                        0.0
                    ],
                    [
                        -0.5316022611874855,
                        -0.604431273478883,
                        -0.6940835541078142,
                        0.0,
                        0.0,
                        0.0
                    ],
                    [
                        -0.9845036451402651,
                        -0.9541648966590823,
                        0.0,
                        0.5657303458339922,
                        0.0,
                        0.0
                    ],
                    [
                        0.0,
                        0.0,
                        0.0,
                        0.0,
                        0.0,
                        0.0
                    ]
                ]
            },
            "est_params": {
                "mui": [
                    -0.3499877742696574,
                    -0.5123678236595384,
                    -0.1996490083304153,
                    1.0163727540483334,
                    1.5528625081093241,
                    0.7284444955402848
                ],
                "Si": [
                    [
                        0.8132972159832405,
                        -0.2935546505554834,
                        -0.11417906542209028,
                        -0.08207989342567802,
                        -0.5183724716633834,
                        -0.007178823788184188
                    ],
                    [
                        -0.29355465055548335,
                        0.9485245616776895,
                        -0.11173789976592305,
                        -0.29763146488732833,
                        -0.7119243548517908,
                        0.10430606641458157
                    ],
                    [
                        -0.11417906542209028,
                        -0.11173789976592308,
                        1.00967201572324,
                        -0.5700753438809711,
                        -0.09391759413761919,
                        0.07448487997823726
                    ],
                    [
                        -0.08207989342567801,
                        -0.2976314648873284,
                        -0.5700753438809711,
                        1.7642919740223364,
                        1.3112126434669056,
                        -0.2900394064797708
                    ],
                    [
                        -0.5183724716633834,
                        -0.7119243548517908,
                        -0.0939175941376192,
                        1.3112126434669054,
                        2.7932269950903033,
                        -0.3587659367296122
                    ],
                    [
                        -0.007178823788184192,
                        0.10430606641458157,
                        0.07448487997823726,
                        -0.2900394064797708,
                        -0.3587659367296122,
                        1.2934879131297379
                    ]
                ]
            },
            "est_tgt": [
                0,
                1,
                2,
                3,
                4,
                5
            ],
            "oracle_est_tgt": [
                0,
                4,
                5
            ]
        },
        "obs": {
            "intv_type": "obs",
            "true_params": {
                "Si": [
                    [
                        1.0,
                        0.0,
                        0.0,
                        -0.5316022611874855,
                        -1.2852471762079936,
                        1.5052051623988243
                    ],
                    [
                        0.0,
                        1.0,
                        0.0,
                        -0.604431273478883,
                        -1.2961100100371712,
                        0.12865425070357706
                    ],
                    [
                        0.0,
                        0.0,
                        1.0,
                        -0.6940835541078142,
                        -0.39266412910310017,
                        0.3798745132061361
                    ],
                    [
                        -0.5316022611874855,
                        -0.604431273478883,
                        -0.6940835541078142,
                        2.1296901085418867,
                        2.304921789125017,
                        -0.8301412856319705
                    ],
                    [
                        -1.2852471762079936,
                        -1.2961100100371712,
                        -0.39266412910310017,
                        2.304921789125017,
                        4.805997404550922,
                        -2.9958265700818205
                    ],
                    [
                        1.5052051623988243,
                        0.12865425070357706,
                        0.3798745132061361,
                        -0.8301412856319705,
                        -2.9958265700818205,
                        4.372764429252667
                    ]
                ],
                "mui": [
                    0.0,
                    0.0,
                    0.0,
                    0.0,
                    0.0,
                    0.0
                ],
                "Ai": [
                    [
                        0.0,
                        0.0,
                        0.0,
                        0.0,
                        0.0,
                        0.0
                    ],
                    [
                        0.0,
                        0.0,
                        0.0,
                        0.0,
                        0.0,
                        0.0
                    ],
                    [
                        0.0,
                        -0.0,
                        0.0,
                        0.0,
                        0.0,
                        0.0
                    ],
                    [
                        -0.5316022611874855,
                        -0.604431273478883,
                        -0.6940835541078142,
