{
    "expt_args": {
        "save_dir": "all_expt_logs/expt_logs_11.05.24-hard_var_shift",
        "exp_name": "270",
        "num_nodes": 6,
        "obs_noise_mean": 0.0,
        "obs_noise_var": 1.0,
        "max_edge_strength": 1.0,
        "graph_sparsity_method": "adj_dense_prop",
        "adj_dense_prop": 0.8,
        "num_parents": null,
        "new_noise_mean": 1.0,
        "mix_samples": 65536,
        "stage2_samples": 65536,
        "gmm_tol": 0.001,
        "intv_type": "hard",
        "new_noise_sigma": 4.0,
        "intv_targets": [
            0,
            1,
            2,
            3,
            4,
            5
        ]
    },
    "intv_args_dict": {
        "0": {
            "intv_type": "hard",
            "inode": 0,
            "new_mui": 1.0,
            "new_sigmai": 4.0,
            "true_params": {
                "Si": [
                    [
                        4.0,
                        -3.1027831740915257,
                        -1.0081504597826085,
                        2.921933531419342,
                        7.716360404692883,
                        6.452592588132101
                    ],
                    [
                        -3.1027831740915257,
                        3.4068158563563706,
                        -0.006044515955952012,
                        -1.6857121066050835,
                        -6.60719705564934,
                        -5.254229909242942
                    ],
                    [
                        -1.0081504597826085,
                        -0.006044515955952012,
                        1.8751344781787136,
                        -1.9311812038526748,
                        -1.6106388112346026,
                        -1.8121463851085957
                    ],
                    [
                        2.921933531419342,
                        -1.6857121066050835,
                        -1.9311812038526748,
                        4.014976504297623,
                        6.320428480354819,
                        5.368874887311868
                    ],
                    [
                        7.716360404692883,
                        -6.60719705564934,
                        -1.6106388112346026,
                        6.320428480354819,
                        17.16124307871516,
                        13.14403334552
                    ],
                    [
                        6.452592588132101,
                        -5.254229909242942,
                        -1.8121463851085957,
                        5.368874887311868,
                        13.14403334552,
                        11.885676932436912
                    ]
                ],
                "mui": [
                    1.0,
                    -0.7756957935228814,
                    -0.25203761494565213,
                    0.7304833828548355,
                    1.9290901011732207,
                    1.6131481470330253
                ],
                "Ai": [
                    [
                        0.0,
                        0.0,
                        0.0,
                        0.0,
                        0.0,
                        0.0
                    ],
                    [
                        -0.7756957935228814,
                        0.0,
                        0.0,
                        0.0,
                        0.0,
                        0.0
                    ],
                    [
                        -0.8633344485960031,
                        -0.7880625868474803,
                        0.0,
                        0.0,
                        0.0,
                        0.0
                    ],
                    [
                        0.5447261225967341,
                        0.0,
                        -0.7370219730819026,
                        0.0,
                        0.0,
                        0.0
                    ],
                    [
                        0.8058159139276602,
                        -0.7443688960268877,
                        0.5297428383313856,
                        0.9300492019690823,
                        0.0,
                        0.0
                    ],
                    [
                        0.807787372498965,
                        -0.550070486354986,
                        0.0,
                        0.5183874418162685,
                        -0.0,
                        0.0
                    ]
                ]
            },
            "est_params": {
                "mui": [
                    0.7051918198845293,
                    -0.5197777534179863,
                    -0.19096291285128847,
                    0.5259958617050603,
                    1.3289723770506134,
                    1.122248147875424
                ],
                "Si": [
                    [
                        12.113583840956059,
                        -9.425846470292672,
                        -3.03090512695244,
                        8.802037651011878,
                        23.40671160657978,
                        19.50333789302549
                    ],
                    [
                        -9.425846470292672,
                        8.308938721105395,
                        1.6161786806729534,
                        -6.308208653027399,
                        -18.84355846943688,
                        -15.434493201318228
                    ],
                    [
                        -3.03090512695244,
                        1.6161786806729534,
                        2.3069712366604676,
                        -3.342817270669538,
                        -5.52602035754379,
                        -5.052265478561471
                    ],
                    [
                        8.802037651011876,
                        -6.308208653027398,
                        -3.342817270669538,
                        8.13506040476293,
                        17.612031331050023,
                        14.782503220388762
                    ],
                    [
                        23.40671160657978,
                        -18.84355846943688,
                        -5.52602035754379,
                        17.612031331050023,
                        47.3945352615575,
                        38.33623607394088
                    ],
                    [
                        19.50333789302549,
                        -15.434493201318228,
                        -5.052265478561471,
                        14.78250322038876,
                        38.33623607394088,
                        32.77853090195092
                    ]
                ]
            },
            "est_tgt": [
                0,
                5
            ],
            "oracle_est_tgt": [
                0
            ]
        },
        "1": {
            "intv_type": "hard",
            "inode": 1,
            "new_mui": 1.0,
            "new_sigmai": 4.0,
            "true_params": {
                "Si": [
                    [
                        1.0,
                        0.0,
                        -0.8633344485960031,
                        1.1810225813305366,
                        1.446879781973083,
                        1.4200146471621478
                    ],
                    [
                        0.0,
                        4.0,
                        -3.1522503473899213,
                        2.323277770681433,
                        -2.4865949936902085,
                        -0.9959239252477927
                    ],
                    [
                        -0.8633344485960031,
                        -3.1522503473899213,
                        4.229516933287535,
                        -3.587527742042787,
                        0.5547274648479465,
                        -0.8231601127602146
                    ],
                    [
                        1.1810225813305366,
                        2.323277770681433,
                        -3.587527742042787,
                        4.287420626353807,
                        1.309356084801932,
                        1.8985936050643297
                    ],
                    [
                        1.446879781973083,
                        -2.4865949936902085,
                        0.5547274648479465,
                        1.309356084801932,
                        5.528491207665583,
                        3.215327486175997
                    ],
                    [
                        1.4200146471621478,
                        -0.9959239252477927,
                        -0.8231601127602146,
                        1.8985936050643297,
                        3.215327486175997,
                        3.679105340652801
                    ]
                ],
                "mui": [
                    0.0,
                    1.0,
                    -0.7880625868474803,
                    0.5808194426703582,
                    -0.6216487484225521,
                    -0.24898098131194818
                ],
                "Ai": [
                    [
                        0.0,
                        0.0,
                        0.0,
                        0.0,
                        0.0,
                        0.0
                    ],
                    [
                        0.0,
                        0.0,
                        0.0,
                        0.0,
                        0.0,
                        0.0
                    ],
                    [
                        -0.8633344485960031,
                        -0.7880625868474803,
                        0.0,
                        0.0,
                        0.0,
                        0.0
                    ],
                    [
                        0.5447261225967341,
                        0.0,
                        -0.7370219730819026,
                        0.0,
                        0.0,
                        0.0
                    ],
                    [
                        0.8058159139276602,
                        -0.7443688960268877,
                        0.5297428383313856,
                        0.9300492019690823,
                        0.0,
                        0.0
                    ],
                    [
                        0.807787372498965,
                        -0.550070486354986,
                        0.0,
                        0.5183874418162685,
                        -0.0,
                        0.0
                    ]
                ]
            },
            "est_params": {
                "mui": [
                    0.06122175378209302,
                    1.8601124128465463,
                    -2.6193651921443633,
                    1.9656129472663908,
                    -0.889713906320548,
                    0.02739957090475514
                ],
                "Si": [
                    [
                        0.9479098183404621,
                        -0.2314646630962909,
                        -0.45404457808335985,
                        0.8578667211802686,
                        1.5025417916452013,
                        1.3693807444187915
                    ],
                    [
                        -0.2314646630962909,
                        11.44412633245437,
                        -6.496236387346631,
                        4.611347483691679,
                        -7.906424281699243,
                        -4.130277394311484
                    ],
                    [
                        -0.45404457808335985,
                        -6.496236387346631,
                        9.125642223177339,
                        -6.928748011992959,
                        2.928894719309051,
                        -0.396371793238669
                    ],
                    [
                        0.8578667211802686,
                        4.61134748369168,
                        -6.928748011992959,
                        6.532631558768004,
                        -0.3913847056161844,
                        1.5642313375348476
                    ],
                    [
                        1.502541791645201,
                        -7.906424281699243,
                        2.928894719309051,
                        -0.3913847056161843,
                        9.304295791305467,
                        5.435991901368834
                    ],
                    [
                        1.3693807444187918,
                        -4.130277394311484,
                        -0.396371793238669,
                        1.5642313375348473,
                        5.435991901368834,
                        5.221392577699839
                    ]
                ]
            },
            "est_tgt": [
                0,
                1,
                2
            ],
            "oracle_est_tgt": [
                1
            ]
        },
        "2": {
            "intv_type": "hard",
            "inode": 2,
            "new_mui": 1.0,
            "new_sigmai": 4.0,
            "true_params": {
                "Si": [
                    [
                        1.0,
                        -0.7756957935228814,
                        0.0,
                        0.5447261225967341,
                        1.8898418310177931,
                        1.5168539160890293
                    ],
                    [
                        -0.7756957935228814,
                        1.6017039640890927,
                        0.0,
                        -0.42254176192031606,
                        -2.21031125477097,
                        -1.7266876884539557
                    ],
                    [
                        0.0,
                        0.0,
                        4.0,
                        -2.9480878923276106,
                        -0.6228954382684656,
                        -1.5282517407532248
                    ],
                    [
                        0.5447261225967341,
                        -0.42254176192031606,
                        -2.9480878923276106,
                        3.4695321038614355,
                        2.418583039836858,
                        2.4710125074089113
                    ],
                    [
                        1.8898418310177931,
                        -2.21031125477097,
                        -0.6228954382684656,
                        2.418583039836858,
                        6.087578399474214,
                        3.9961804288655065
                    ],
                    [
                        1.5168539160890293,
                        -1.7266876884539557,
                        -1.5282517407532248,
                        2.4710125074089113,
                        3.9961804288655065,
                        4.456037228325066
                    ]
                ],
                "mui": [
                    0.0,
                    0.0,
                    1.0,
                    -0.7370219730819026,
                    -0.1557238595671164,
                    -0.3820629351883062
                ],
                "Ai": [
                    [
                        0.0,
                        0.0,
                        0.0,
                        0.0,
                        0.0,
                        0.0
                    ],
                    [
                        -0.7756957935228814,
                        0.0,
                        0.0,
                        0.0,
                        0.0,
                        0.0
                    ],
                    [
                        0.0,
                        0.0,
                        0.0,
                        0.0,
                        0.0,
                        0.0
                    ],
                    [
                        0.5447261225967341,
                        0.0,
                        -0.7370219730819026,
                        0.0,
                        0.0,
                        0.0
                    ],
                    [
                        0.8058159139276602,
                        -0.7443688960268877,
                        0.5297428383313856,
                        0.9300492019690823,
                        0.0,
                        0.0
                    ],
                    [
                        0.807787372498965,
                        -0.550070486354986,
                        0.0,
                        0.5183874418162685,
                        -0.0,
                        0.0
                    ]
                ]
            },
            "est_params": {
                "mui": [
                    -0.0527508280285792,
                    -1.0832049265494754,
                    3.6471853965011864,
                    -2.7152452340110154,
                    0.1668070283187374,
                    -0.8387980639213265
                ],
                "Si": [
                    [
                        0.9962799814819723,
                        -0.4564920291846006,
                        -0.12049202610259147,
                        0.6528667492210646,
                        1.6789777365352574,
                        1.4165047312701542
                    ],
                    [
                        -0.4564920291846005,
                        5.269518820391658,
                        -0.5292671075680405,
                        0.11489635432461967,
                        -4.407813829611298,
                        -3.2219329842262114
                    ],
                    [
                        -0.12049202610259147,
                        -0.5292671075680405,
                        7.080802572206782,
                        -5.389120371561177,
                        -0.9574647116795746,
                        -2.5984355744250034
                    ],
                    [
                        0.6528667492210646,
                        0.11489635432461962,
                        -5.389120371561176,
                        5.374931140415903,
                        2.5674715318218126,
                        3.268939059200263
                    ],
                    [
                        1.6789777365352574,
                        -4.407813829611298,
                        -0.9574647116795748,
                        2.5674715318218126,
                        7.415692704977072,
                        5.12769490778615
                    ],
                    [
                        1.4165047312701542,
                        -3.2219329842262114,
                        -2.5984355744250034,
                        3.268939059200263,
                        5.12769490778615,
                        5.610482830082673
                    ]
                ]
            },
            "est_tgt": [
                1,
                2
            ],
            "oracle_est_tgt": [
                2
            ]
        },
        "3": {
            "intv_type": "hard",
            "inode": 3,
            "new_mui": 1.0,
            "new_sigmai": 4.0,
            "true_params": {
                "Si": [
                    [
                        1.0,
                        -0.7756957935228814,
                        -0.25203761494565213,
                        0.0,
                        1.2497046138974053,
                        1.2344747349056133
                    ],
                    [
                        -0.7756957935228814,
                        1.6017039640890927,
                        -0.5925580691245982,
                        0.0,
                        -2.1312300197126,
                        -1.5076473454315444
                    ],
                    [
                        -0.25203761494565213,
                        -0.5925580691245982,
                        1.6845656001362352,
                        0.0,
                        1.1303724370861064,
                        0.12235590252908495
                    ],
                    [
                        0.0,
                        0.0,
                        0.0,
                        4.0,
                        3.720196807876329,
                        2.073549767265074
                    ],
                    [
                        1.2497046138974053,
                        -2.1312300197126,
                        1.1303724370861064,
                        3.720196807876329,
                        7.652225978067047,
                        4.110325646225733
                    ],
                    [
                        1.2344747349056133,
                        -1.5076473454315444,
                        0.12235590252908495,
                        2.073549767265074,
                        4.110325646225733,
                        3.9014075704103557
                    ]
                ],
                "mui": [
                    0.0,
                    0.0,
                    0.0,
                    1.0,
                    0.9300492019690823,
                    0.5183874418162685
                ],
                "Ai": [
                    [
                        0.0,
                        0.0,
                        0.0,
                        0.0,
                        0.0,
                        0.0
                    ],
                    [
                        -0.7756957935228814,
                        0.0,
                        0.0,
                        0.0,
                        0.0,
                        0.0
                    ],
                    [
                        -0.8633344485960031,
                        -0.7880625868474803,
                        0.0,
                        0.0,
                        0.0,
                        0.0
                    ],
                    [
                        0.0,
                        0.0,
                        0.0,
                        0.0,
                        0.0,
                        0.0
                    ],
                    [
                        0.8058159139276602,
                        -0.7443688960268877,
                        0.5297428383313856,
                        0.9300492019690823,
                        0.0,
                        0.0
                    ],
                    [
                        0.807787372498965,
                        -0.550070486354986,
                        0.0,
                        0.5183874418162685,
                        -0.0,
                        0.0
                    ]
                ]
            },
            "est_params": {
                "mui": [
                    0.14440891597176628,
                    -0.3305712917667403,
                    0.16247858934110154,
                    3.3524919250859817,
                    3.870364095328425,
                    2.0607659157023406
                ],
                "Si": [
                    [
                        0.9000675633294687,
                        -0.6485541163034305,
                        -0.26088391085441953,
                        -0.07337961881206889,
                        0.9805534174086769,
                        1.0284243851441233
                    ],
                    [
                        -0.6485541163034305,
                        1.4278174801806385,
                        -0.5858667134273811,
                        0.32921255069492594,
                        -1.5380962584389621,
                        -1.129176973928303
                    ],
                    [
                        -0.26088391085441953,
                        -0.5858667134273811,
                        1.6804386117426764,
                        -0.19484582142538107,
                        0.8966118701221151,
                        0.0438976566475348
                    ],
                    [
                        -0.07337961881206889,
                        0.329212550694926,
                        -0.19484582142538107,
                        12.286214436245825,
                        10.15803587764528,
                        6.05175196639354
                    ],
                    [
                        0.9805534174086769,
                        -1.5380962584389621,
                        0.8966118701221151,
                        10.158035877645279,
                        12.101533886883258,
                        6.792283698291591
                    ],
                    [
                        1.0284243851441233,
                        -1.1291769739283033,
                        0.04389765664753479,
                        6.05175196639354,
                        6.792283698291591,
                        5.502789760858726
                    ]
                ]
            },
            "est_tgt": [
                0,
                1,
                2,
                3,
                4
            ],
            "oracle_est_tgt": [
                3
            ]
        },
        "4": {
            "intv_type": "hard",
            "inode": 4,
            "new_mui": 1.0,
            "new_sigmai": 4.0,
            "true_params": {
                "Si": [
                    [
                        1.0,
                        -0.7756957935228814,
                        -0.25203761494565213,
                        0.7304833828548355,
                        0.0,
                        1.6131481470330253
                    ],
                    [
                        -0.7756957935228814,
                        1.6017039640890927,
                        -0.5925580691245982,
                        0.01418655535149782,
                        0.0,
                        -1.5002932132946964
                    ],
                    [
                        -0.25203761494565213,
                        -0.5925580691245982,
                        1.6845656001362352,
                        -1.3788533351361814,
                        0.0,
                        -0.59242435051199
                    ],
                    [
                        0.7304833828548355,
                        0.01418655535149782,
                        -1.3788533351361814,
                        2.4141585864164905,
                        0.0,
                        1.8337411408397863
                    ],
                    [
                        0.0,
                        0.0,
                        0.0,
                        0.0,
                        4.0,
                        0.0
                    ],
                    [
                        1.6131481470330253,
                        -1.5002932132946964,
                        -0.59242435051199,
                        1.8337411408397863,
                        0.0,
                        4.078936099608663
                    ]
                ],
                "mui": [
                    0.0,
                    0.0,
                    0.0,
                    0.0,
                    1.0,
                    0.0
                ],
                "Ai": [
                    [
                        0.0,
                        0.0,
                        0.0,
                        0.0,
                        0.0,
                        0.0
                    ],
                    [
                        -0.7756957935228814,
                        0.0,
                        0.0,
                        0.0,
                        0.0,
                        0.0
                    ],
                    [
                        -0.8633344485960031,
                        -0.7880625868474803,
                        0.0,
                        0.0,
                        0.0,
                        0.0
                    ],
                    [
                        0.5447261225967341,
                        0.0,
                        -0.7370219730819026,
                        0.0,
                        0.0,
                        0.0
                    ],
                    [
                        0.0,
                        0.0,
                        0.0,
                        0.0,
                        0.0,
                        0.0
                    ],
                    [
                        0.807787372498965,
                        -0.550070486354986,
                        0.0,
                        0.5183874418162685,
                        -0.0,
                        0.0
                    ]
                ]
            },
            "est_params": {
                "mui": [
                    0.006967687312927086,
                    -0.026974725818321638,
                    0.021426909117682077,
                    -0.014091728282604443,
                    0.7539150053889447,
                    0.018865174319052953
                ],
                "Si": [
                    [
                        0.9405434257628239,
                        -0.7126713897039687,
                        -0.254274714644554,
                        0.698489580479988,
                        0.22604319067858047,
                        1.4959984307495995
                    ],
                    [
                        -0.7126713897039687,
                        1.568896576893275,
                        -0.6014579193309051,
                        0.07658525813315432,
                        -0.2758819040529104,
                        -1.395104537811993
                    ],
                    [
                        -0.254274714644554,
                        -0.6014579193309051,
                        1.6517430562412727,
                        -1.3855810742757235,
                        -0.06038750379192504,
                        -0.5755641856546312
                    ],
                    [
                        0.698489580479988,
                        0.07658525813315432,
                        -1.3855810742757237,
                        2.349497872257453,
                        0.32458433480840787,
                        1.7265781714772004
                    ],
                    [
                        0.22604319067858059,
                        -0.2758819040529104,
                        -0.060387503791925076,
                        0.3245843348084081,
                        13.563466960724933,
                        0.49759521844709337
                    ],
                    [
                        1.4959984307495995,
                        -1.3951045378119926,
                        -0.5755641856546312,
                        1.7265781714772004,
                        0.4975952184470934,
                        3.7745841675367404
                    ]
                ]
            },
            "est_tgt": [
                4,
                5
            ],
            "oracle_est_tgt": [
                4
            ]
        },
        "5": {
            "intv_type": "hard",
            "inode": 5,
            "new_mui": 1.0,
            "new_sigmai": 4.0,
            "true_params": {
                "Si": [
                    [
                        1.0,
                        -0.7756957935228814,
                        -0.25203761494565213,
                        0.7304833828548355,
                        1.9290901011732207,
                        0.0
                    ],
                    [
                        -0.7756957935228814,
                        1.6017039640890927,
                        -0.5925580691245982,
                        0.01418655535149782,
                        -2.1180358252292493,
                        0.0
                    ],
                    [
                        -0.25203761494565213,
                        -0.5925580691245982,
                        1.6845656001362352,
                        -1.3788533351361814,
                        -0.15202900688970675,
                        0.0
                    ],
                    [
                        0.7304833828548355,
                        0.01418655535149782,
                        -1.3788533351361814,
                        2.4141585864164905,
                        2.092923691544446,
                        0.0
                    ],
                    [
                        1.9290901011732207,
                        -2.1180358252292493,
                        -0.15202900688970675,
                        2.092923691544446,
                        5.9970772233816385,
                        0.0
                    ],
                    [
                        0.0,
                        0.0,
                        0.0,
                        0.0,
                        0.0,
                        4.0
                    ]
                ],
                "mui": [
                    0.0,
                    0.0,
                    0.0,
                    0.0,
                    0.0,
                    1.0
                ],
                "Ai": [
                    [
                        0.0,
                        0.0,
                        0.0,
                        0.0,
                        0.0,
                        0.0
                    ],
                    [
                        -0.7756957935228814,
                        0.0,
                        0.0,
                        0.0,
                        0.0,
                        0.0
                    ],
                    [
                        -0.8633344485960031,
                        -0.7880625868474803,
                        0.0,
                        0.0,
                        0.0,
                        0.0
                    ],
                    [
                        0.5447261225967341,
                        0.0,
                        -0.7370219730819026,
                        0.0,
                        0.0,
                        0.0
                    ],
                    [
                        0.8058159139276602,
                        -0.7443688960268877,
                        0.5297428383313856,
                        0.9300492019690823,
                        0.0,
                        0.0
                    ],
                    [
                        0.0,
                        0.0,
                        0.0,
                        0.0,
                        0.0,
                        0.0
                    ]
                ]
            },
            "est_params": {
                "mui": [
                    0.0019815761710163552,
                    0.018449216825435422,
                    0.006749920403873739,
                    -0.0049345175888173215,
                    0.004805025976850736,
                    0.7794973577181186
                ],
                "Si": [
                    [
                        0.9504522482195599,
                        -0.7266304589981067,
                        -0.25872242137235063,
                        0.7218799000263418,
                        1.8539311567311298,
                        0.23581852129316896
                    ],
                    [
                        -0.726630458998107,
                        1.5571770022233695,
                        -0.5690669971451711,
                        0.010453151556620481,
                        -2.0602238294698436,
                        -0.22728944866486211
                    ],
                    [
                        -0.25872242137235063,
                        -0.5690669971451711,
                        1.676601465213346,
                        -1.3996940569974632,
                        -0.17821057214301442,
                        -0.15263255667466463
                    ],
                    [
                        0.7218799000263418,
                        0.010453151556620487,
                        -1.3996940569974634,
                        2.380860155801106,
                        2.0253034940806542,
                        0.3956351510665853
                    ],
                    [
                        1.8539311567311298,
                        -2.0602238294698436,
                        -0.17821057214301442,
                        2.0253034940806542,
                        5.784643975438286,
                        0.6786096490883371
                    ],
                    [
                        0.23581852129316896,
                        -0.227289448664862,
                        -0.15263255667466466,
                        0.3956351510665854,
                        0.678609649088337,
                        13.126771101407076
                    ]
                ]
            },
            "est_tgt": [
                5
            ],
            "oracle_est_tgt": [
                5
            ]
        },
        "obs": {
            "intv_type": "obs",
            "true_params": {
                "Si": [
                    [
                        1.0,
                        -0.7756957935228814,
                        -0.25203761494565213,
                        0.7304833828548355,
                        1.9290901011732207,
                        1.6131481470330253
                    ],
                    [
                        -0.7756957935228814,
                        1.6017039640890927,
                        -0.5925580691245982,
                        0.01418655535149782,
                        -2.1180358252292493,
                        -1.5002932132946964
                    ],
                    [
                        -0.25203761494565213,
                        -0.5925580691245982,
                        1.6845656001362352,
                        -1.3788533351361814,
                        -0.15202900688970675,
                        -0.59242435051199
                    ],
                    [
                        0.7304833828548355,
                        0.01418655535149782,
                        -1.3788533351361814,
                        2.4141585864164905,
                        2.092923691544446,
                        1.8337411408397863
                    ],
                    [
                        1.9290901011732207,
                        -2.1180358252292493,
                        -0.15202900688970675,
                        2.092923691544446,
                        5.9970772233816385,
                        3.8083089790180025
                    ],
                    [
                        1.6131481470330253,
                        -1.5002932132946964,
                        -0.59242435051199,
                        1.8337411408397863,
                        3.8083089790180025,
                        4.078936099608663
                    ]
                ],
                "mui": [
                    0.0,
                    0.0,
                    0.0,
                    0.0,
                    0.0,
                    0.0
                ],
                "Ai": [
                    [
                        0.0,
                        0.0,
                        0.0,
                        0.0,
                        0.0,
                        0.0
                    ],
                    [
                        -0.7756957935228814,
                        0.0,
                        0.0,
                        0.0,
                        0.0,
                        0.0
                    ],
                    [
                        -0.8633344485960031,
                        -0.7880625868474803,
                        0.0,
                        0.0,
