{
    "expt_args": {
        "save_dir": "all_expt_logs/expt_logs_11.05.24-hard_var_shift",
        "exp_name": "312",
        "num_nodes": 6,
        "obs_noise_mean": 0.0,
        "obs_noise_var": 1.0,
        "max_edge_strength": 1.0,
        "graph_sparsity_method": "adj_dense_prop",
        "adj_dense_prop": 0.8,
        "num_parents": null,
        "new_noise_mean": 1.0,
        "mix_samples": 1024,
        "stage2_samples": 1024,
        "gmm_tol": 0.001,
        "intv_type": "hard",
        "new_noise_sigma": 2.0,
        "intv_targets": [
            0,
            1,
            2,
            3,
            4,
            5
        ]
    },
    "intv_args_dict": {
        "0": {
            "intv_type": "hard",
            "inode": 0,
            "new_mui": 1.0,
            "new_sigmai": 2.0,
            "true_params": {
                "Si": [
                    [
                        2.0,
                        1.422996573137898,
                        -0.5337912314777713,
                        -2.1466000917457726,
                        1.2231081653080509,
                        2.097830256989237
                    ],
                    [
                        1.422996573137898,
                        2.0124596235811003,
                        0.274383558658393,
                        -2.4635157388082365,
                        1.3503514025113654,
                        1.564008441705537
                    ],
                    [
                        -0.5337912314777713,
                        0.274383558658393,
                        1.5704116077175092,
                        -0.6816118510144813,
                        1.3726986906165466,
                        0.5605337366765654
                    ],
                    [
                        -2.1466000917457726,
                        -2.4635157388082365,
                        -0.6816118510144813,
                        4.592711503468967,
                        -3.2749512229172297,
                        -4.441311711430658
                    ],
                    [
                        1.2231081653080509,
                        1.3503514025113654,
                        1.3726986906165466,
                        -3.2749512229172297,
                        4.285504038916411,
                        4.412334021506219
                    ],
                    [
                        2.097830256989237,
                        1.564008441705537,
                        0.5605337366765654,
                        -4.441311711430658,
                        4.412334021506219,
                        6.923496457099662
                    ]
                ],
                "mui": [
                    1.0,
                    0.711498286568949,
                    -0.26689561573888565,
                    -1.0733000458728863,
                    0.6115540826540254,
                    1.0489151284946185
                ],
                "Ai": [
                    [
                        0.0,
                        0.0,
                        0.0,
                        0.0,
                        0.0,
                        0.0
                    ],
                    [
                        0.711498286568949,
                        0.0,
                        0.0,
                        0.0,
                        0.0,
                        0.0
                    ],
                    [
                        -0.7323400822334611,
                        0.6541751052403565,
                        0.0,
                        0.0,
                        0.0,
                        0.0
                    ],
                    [
                        -0.8774085088438432,
                        -0.5161790835234741,
                        -0.642082471029783,
                        0.0,
                        0.0,
                        0.0
                    ],
                    [
                        0.7373366429754797,
                        -0.7477361203137975,
                        0.9848042413375429,
                        -0.6233767948061892,
                        0.0,
                        0.0
                    ],
                    [
                        -0.0,
                        -0.8367521317620514,
                        -0.5501738484548437,
                        -0.9881211716827254,
                        0.7143658459256153,
                        0.0
                    ]
                ]
            },
            "est_params": {
                "mui": [
                    2.2507823185662805,
                    1.5682363297464827,
                    -0.008182459769404429,
                    -3.267900943228621,
                    2.4049804182860997,
                    4.07585473280681
                ],
                "Si": [
                    [
                        2.773047164907894,
                        2.0061362559555986,
                        -1.2598703809006015,
                        -2.321774377989959,
                        0.7964589528780823,
                        1.1820990849925548
                    ],
                    [
                        2.0061362559555986,
                        2.234882620992184,
                        -0.5526200971782402,
                        -2.469307481007893,
                        0.6923891659396075,
                        0.6597069654386702
                    ],
                    [
                        -1.2598703809006015,
                        -0.5526200971782402,
                        1.5535615544435746,
                        -0.0200697557475022,
                        0.9135991994447604,
                        0.570367993340459
                    ],
                    [
                        -2.321774377989959,
                        -2.469307481007893,
                        -0.020069755747502128,
                        3.896755177852054,
                        -1.7971890982524161,
                        -2.328845016342802
                    ],
                    [
                        0.7964589528780823,
                        0.6923891659396075,
                        0.9135991994447604,
                        -1.7971890982524161,
                        2.9885709226464177,
                        2.850820627215041
                    ],
                    [
                        1.1820990849925548,
                        0.6597069654386702,
                        0.5703679933404591,
                        -2.328845016342802,
                        2.850820627215042,
                        4.564535709177482
                    ]
                ]
            },
            "est_tgt": [
                0,
                3,
                5
            ],
            "oracle_est_tgt": [
                0
            ]
        },
        "1": {
            "intv_type": "hard",
            "inode": 1,
            "new_mui": 1.0,
            "new_sigmai": 2.0,
            "true_params": {
                "Si": [
                    [
                        1.0,
                        0.0,
                        -0.7323400822334611,
                        -0.40718577920922805,
                        0.26995518982459155,
                        0.9981100182059404
                    ],
                    [
                        0.0,
                        2.0,
                        1.308350210480713,
                        -1.8724269031647411,
                        0.9602240772123931,
                        0.14281161669039377
                    ],
                    [
                        -0.7323400822334611,
                        1.308350210480713,
                        2.392212132678176,
                        -1.5687790704320703,
                        1.8155192349785774,
                        0.43619136420938465
                    ],
                    [
                        -0.40718577920922805,
                        -1.8724269031647411,
                        -1.5687790704320703,
                        3.33106141224149,
                        -2.5215984361146537,
                        -2.66297768416419
                    ],
                    [
                        0.26995518982459155,
                        0.9602240772123931,
                        1.8155192349785774,
                        -2.5215984361146537,
                        3.8408906210226275,
                        3.4331251307728543
                    ],
                    [
                        0.9981100182059404,
                        0.14281161669039377,
                        0.43619136420938465,
                        -2.66297768416419,
                        3.4331251307728543,
                        5.724372961438391
                    ]
                ],
                "mui": [
                    0.0,
                    1.0,
                    0.6541751052403565,
                    -0.9362134515823706,
                    0.48011203860619656,
                    0.07140580834519689
                ],
                "Ai": [
                    [
                        0.0,
                        0.0,
                        0.0,
                        0.0,
                        0.0,
                        0.0
                    ],
                    [
                        0.0,
                        0.0,
                        0.0,
                        0.0,
                        0.0,
                        0.0
                    ],
                    [
                        -0.7323400822334611,
                        0.6541751052403565,
                        0.0,
                        0.0,
                        0.0,
                        0.0
                    ],
                    [
                        -0.8774085088438432,
                        -0.5161790835234741,
                        -0.642082471029783,
                        0.0,
                        0.0,
                        0.0
                    ],
                    [
                        0.7373366429754797,
                        -0.7477361203137975,
                        0.9848042413375429,
                        -0.6233767948061892,
                        0.0,
                        0.0
                    ],
                    [
                        -0.0,
                        -0.8367521317620514,
                        -0.5501738484548437,
                        -0.9881211716827254,
                        0.7143658459256153,
                        0.0
                    ]
                ]
            },
            "est_params": {
                "mui": [
                    0.4158744877163736,
                    1.5621337013996717,
                    0.8955688065777798,
                    -2.3572263365274218,
                    1.7616458770899945,
                    1.7418685782862016
                ],
                "Si": [
                    [
                        0.7668366638333743,
                        -0.36463139426714364,
                        -1.1275043096007562,
                        0.25369680049941845,
                        -0.2543725142369081,
                        0.24451661692979043
                    ],
                    [
                        -0.3646313942671437,
                        4.116571910014735,
                        3.1797086508986006,
                        -2.880069773065371,
                        1.2849008495435097,
                        -1.2959760850648783
                    ],
                    [
                        -1.127504309600756,
                        3.1797086508986006,
                        3.8883973895574853,
                        -2.316413823021964,
                        1.717445322198834,
                        -1.0074308013645572
                    ],
                    [
                        0.2536968004994185,
                        -2.880069773065371,
                        -2.3164138230219637,
                        2.4825166154071496,
                        -1.4095382789410664,
                        0.07400952153621951
                    ],
                    [
                        -0.2543725142369081,
                        1.2849008495435097,
                        1.717445322198834,
                        -1.4095382789410666,
                        2.18926596403808,
                        1.0923010104217679
                    ],
                    [
                        0.24451661692979043,
                        -1.2959760850648783,
                        -1.0074308013645572,
                        0.0740095215362195,
                        1.0923010104217676,
                        3.196556646845219
                    ]
                ]
            },
            "est_tgt": [
                0,
                1,
                2,
                3
            ],
            "oracle_est_tgt": [
                1,
                2
            ]
        },
        "2": {
            "intv_type": "hard",
            "inode": 2,
            "new_mui": 1.0,
            "new_sigmai": 2.0,
            "true_params": {
                "Si": [
                    [
                        1.0,
                        0.711498286568949,
                        0.0,
                        -1.2446690423335254,
                        0.9812214727708615,
                        1.3354872318725381
                    ],
                    [
                        0.711498286568949,
                        1.5062298117905502,
                        0.0,
                        -1.401758974489192,
                        0.2721753389401906,
                        0.31919948059183967
                    ],
                    [
                        0.0,
                        0.0,
                        2.0,
                        -1.284164942059566,
                        2.7701271082586536,
                        2.1474470652847613
                    ],
                    [
                        -1.2446690423335254,
                        -1.401758974489192,
                        -1.284164942059566,
                        3.640181670418013,
                        -3.403450139824772,
                        -4.148810337168883
                    ],
                    [
                        0.9812214727708615,
                        0.2721753389401906,
                        2.7701271082586536,
                        -3.403450139824772,
                        6.36963997946796,
                        6.161479605170623
                    ],
                    [
                        1.3354872318725381,
                        0.31919948059183967,
                        2.1474470652847613,
                        -4.148810337168883,
                        6.161479605170623,
                        8.05251785965052
                    ]
                ],
                "mui": [
                    0.0,
                    0.0,
                    1.0,
                    -0.642082471029783,
                    1.3850635541293268,
                    1.0737235326423806
                ],
                "Ai": [
                    [
                        0.0,
                        0.0,
                        0.0,
                        0.0,
                        0.0,
                        0.0
                    ],
                    [
                        0.711498286568949,
                        0.0,
                        0.0,
                        0.0,
                        0.0,
                        0.0
                    ],
                    [
                        0.0,
                        0.0,
                        0.0,
                        0.0,
                        0.0,
                        0.0
                    ],
                    [
                        -0.8774085088438432,
                        -0.5161790835234741,
                        -0.642082471029783,
                        0.0,
                        0.0,
                        0.0
                    ],
                    [
                        0.7373366429754797,
                        -0.7477361203137975,
                        0.9848042413375429,
                        -0.6233767948061892,
                        0.0,
                        0.0
                    ],
                    [
                        -0.0,
                        -0.8367521317620514,
                        -0.5501738484548437,
                        -0.9881211716827254,
                        0.7143658459256153,
                        0.0
                    ]
                ]
            },
            "est_params": {
                "mui": [
                    -0.20558241213267092,
                    -0.30561410711566267,
                    1.6237809459542674,
                    -1.46415460517624,
                    2.8432481958583806,
                    2.911962256428482
                ],
                "Si": [
                    [
                        0.5581922998210378,
                        0.3425733604621397,
                        0.013019145556080063,
                        -0.3655758541924297,
                        0.10446581404044421,
                        0.06910047435434317
                    ],
                    [
                        0.3425733604621397,
                        0.9343172656895137,
                        0.2727041055168266,
                        -0.6702535519985047,
                        0.17314010268275198,
                        -0.0881222394459747
                    ],
                    [
                        0.01301914555608003,
                        0.27270410551682667,
                        3.4964040320127814,
                        -1.4743394702999146,
                        4.115374918163462,
                        2.574099260399003
                    ],
                    [
                        -0.36557585419242966,
                        -0.6702535519985046,
                        -1.4743394702999146,
                        1.8750548406043386,
                        -2.068857803151893,
                        -2.197396823860335
                    ],
                    [
                        0.10446581404044421,
                        0.17314010268275198,
                        4.115374918163462,
                        -2.0688578031518925,
                        5.76036980031451,
                        4.085356544395542
                    ],
                    [
                        0.06910047435434317,
                        -0.08812223944597465,
                        2.574099260399003,
                        -2.197396823860335,
                        4.085356544395542,
                        4.464348268743094
                    ]
                ]
            },
            "est_tgt": [
                0,
                1,
                2,
                3,
                5
            ],
            "oracle_est_tgt": [
                0,
                2
            ]
        },
        "3": {
            "intv_type": "hard",
            "inode": 3,
            "new_mui": 1.0,
            "new_sigmai": 2.0,
            "true_params": {
                "Si": [
                    [
                        1.0,
                        0.711498286568949,
                        -0.26689561573888565,
                        0.0,
                        -0.05751625980755034,
                        -0.48959637157672536
                    ],
                    [
                        0.711498286568949,
                        1.5062298117905502,
                        0.46427933194937476,
                        0.0,
                        -0.1444244223985876,
                        -1.6189472274350132
                    ],
                    [
                        -0.26689561573888565,
                        0.46427933194937476,
                        1.4991783380168704,
                        0.0,
                        0.9324468420528916,
                        -0.5471872593847961
                    ],
                    [
                        0.0,
                        0.0,
                        0.0,
                        2.0,
                        -1.2467535896123785,
                        -2.866880526069695
                    ],
                    [
                        -0.05751625980755034,
                        -0.1444244223985876,
                        0.9324468420528916,
                        -1.2467535896123785,
                        2.7610573728410372,
                        2.8121882793148876
                    ],
                    [
                        -0.48959637157672536,
                        -1.6189472274350132,
                        -0.5471872593847961,
                        -2.866880526069695,
                        2.8121882793148876,
                        7.497462267636958
                    ]
                ],
                "mui": [
                    0.0,
                    0.0,
                    0.0,
                    1.0,
                    -0.6233767948061892,
                    -1.4334402630348475
                ],
                "Ai": [
                    [
                        0.0,
                        0.0,
                        0.0,
                        0.0,
                        0.0,
                        0.0
                    ],
                    [
                        0.711498286568949,
                        0.0,
                        0.0,
                        0.0,
                        0.0,
                        0.0
                    ],
                    [
                        -0.7323400822334611,
                        0.6541751052403565,
                        0.0,
                        0.0,
                        0.0,
                        0.0
                    ],
                    [
                        0.0,
                        0.0,
                        0.0,
                        0.0,
                        0.0,
                        0.0
                    ],
                    [
                        0.7373366429754797,
                        -0.7477361203137975,
                        0.9848042413375429,
                        -0.6233767948061892,
                        0.0,
                        0.0
                    ],
                    [
                        -0.0,
                        -0.8367521317620514,
                        -0.5501738484548437,
                        -0.9881211716827254,
                        0.7143658459256153,
                        0.0
                    ]
                ]
            },
            "est_params": {
                "mui": [
                    -0.41945080007826474,
                    -0.4912464392854878,
                    0.2917081204121392,
                    1.8219969902594255,
                    -0.9987663278256402,
                    -2.4419639893238196
                ],
                "Si": [
                    [
                        0.9541941556582303,
                        0.9153064508779908,
                        -0.5950270413836152,
                        0.06212757105857571,
                        -0.4473902227703479,
                        -0.7349349151520133
                    ],
                    [
                        0.9153064508779908,
                        1.722167275316729,
                        -0.015563042282050603,
                        -0.3883989184991808,
                        -0.3865583876943374,
                        -1.3760766424090114
                    ],
                    [
                        -0.5950270413836152,
                        -0.015563042282050573,
                        2.0113862717297497,
                        -0.4452848417821484,
                        1.6706189279359125,
                        0.5636511661193288
                    ],
                    [
                        0.06212757105857571,
                        -0.38839891849918073,
                        -0.4452848417821484,
                        3.015368141652386,
                        -1.6272896308966174,
                        -3.3858853784760092
                    ],
                    [
                        -0.4473902227703479,
                        -0.3865583876943374,
                        1.6706189279359125,
                        -1.6272896308966174,
                        2.927842496466718,
                        3.3828762657815155
                    ],
                    [
                        -0.7349349151520134,
                        -1.3760766424090112,
                        0.5636511661193288,
                        -3.385885378476009,
                        3.3828762657815155,
                        7.511050879507499
                    ]
                ]
            },
            "est_tgt": [
                0,
                1,
                3,
                4,
                5
            ],
            "oracle_est_tgt": [
                3,
                4
            ]
        },
        "4": {
            "intv_type": "hard",
            "inode": 4,
            "new_mui": 1.0,
            "new_sigmai": 2.0,
            "true_params": {
                "Si": [
                    [
                        1.0,
                        0.711498286568949,
                        -0.26689561573888565,
                        -1.0733000458728863,
                        0.0,
                        0.612041778910212
                    ],
                    [
                        0.711498286568949,
                        1.5062298117905502,
                        0.46427933194937476,
                        -1.6998645951953035,
                        0.0,
                        0.16389684275043703
                    ],
                    [
                        -0.26689561573888565,
                        0.46427933194937476,
                        1.4991783380168704,
                        -0.9680709276302994,
                        0.0,
                        -0.25672405720654423
                    ],
                    [
                        -1.0733000458728863,
                        -1.6998645951953035,
                        -0.9680709276302994,
                        3.4407385149982277,
                        0.0,
                        -1.44489394132581
                    ],
                    [
                        0.0,
                        0.0,
                        0.0,
                        0.0,
                        2.0,
                        1.4287316918512305
                    ],
                    [
                        0.612041778910212,
                        0.16389684275043703,
                        -0.25672405720654423,
                        -1.44489394132581,
                        1.4287316918512305,
                        3.452469247893938
                    ]
                ],
                "mui": [
                    0.0,
                    0.0,
                    0.0,
                    0.0,
                    1.0,
                    0.7143658459256153
                ],
                "Ai": [
                    [
                        0.0,
                        0.0,
                        0.0,
                        0.0,
                        0.0,
                        0.0
                    ],
                    [
                        0.711498286568949,
                        0.0,
                        0.0,
                        0.0,
                        0.0,
                        0.0
                    ],
                    [
                        -0.7323400822334611,
                        0.6541751052403565,
                        0.0,
                        0.0,
                        0.0,
                        0.0
                    ],
                    [
                        -0.8774085088438432,
                        -0.5161790835234741,
                        -0.642082471029783,
                        0.0,
                        0.0,
                        0.0
                    ],
                    [
                        0.0,
                        0.0,
                        0.0,
                        0.0,
                        0.0,
                        0.0
                    ],
                    [
                        -0.0,
                        -0.8367521317620514,
                        -0.5501738484548437,
                        -0.9881211716827254,
                        0.7143658459256153,
                        0.0
                    ]
                ]
            },
            "est_params": {
                "mui": [
                    0.29234559474065624,
                    0.1173883109189458,
                    -0.08384321191979556,
                    -0.13911200672477184,
                    1.0930660808386614,
                    0.7081728945339311
                ],
                "Si": [
                    [
                        0.6748776926560507,
                        0.6076219292746885,
                        0.02041948520090905,
                        -0.6709776899988098,
                        -0.12784834604690717,
                        -0.14706286121304893
                    ],
                    [
                        0.6076219292746885,
                        1.4196392500834638,
                        0.6911843250463212,
                        -1.4953054550572427,
                        0.10924189817750267,
                        -0.23475857859218083
                    ],
                    [
                        0.02041948520090905,
                        0.6911843250463212,
                        1.259964190489669,
                        -1.1348186811375942,
                        -0.09682171079625826,
                        -0.45968087256139945
                    ],
                    [
                        -0.6709776899988099,
                        -1.4953054550572427,
                        -1.1348186811375938,
                        2.8005739461892585,
                        0.23613341342060684,
                        -0.2667835373318478
                    ],
                    [
                        -0.12784834604690717,
                        0.10924189817750264,
                        -0.09682171079625827,
                        0.23613341342060692,
                        3.3373082026704597,
                        1.9674046986229037
                    ],
                    [
                        -0.14706286121304893,
                        -0.23475857859218083,
                        -0.45968087256139945,
                        -0.26678353733184773,
                        1.9674046986229037,
                        2.9681907281083633
                    ]
                ]
            },
            "est_tgt": [
                4,
                5
            ],
            "oracle_est_tgt": [
                4,
                5
            ]
        },
        "5": {
            "intv_type": "hard",
            "inode": 5,
            "new_mui": 1.0,
            "new_sigmai": 2.0,
            "true_params": {
                "Si": [
                    [
                        1.0,
                        0.711498286568949,
                        -0.26689561573888565,
                        -1.0733000458728863,
                        0.6115540826540254,
                        0.0
                    ],
                    [
                        0.711498286568949,
                        1.5062298117905502,
                        0.46427933194937476,
                        -1.6998645951953035,
                        0.915231720558781,
                        0.0
                    ],
                    [
                        -0.26689561573888565,
                        0.46427933194937476,
                        1.4991783380168704,
                        -0.9680709276302994,
                        1.535919794064122,
                        0.0
                    ],
                    [
                        -1.0733000458728863,
                        -1.6998645951953035,
                        -0.9680709276302994,
                        3.4407385149982277,
                        -2.618570197950913,
                        0.0
                    ],
                    [
                        0.6115540826540254,
                        0.915231720558781,
                        1.535919794064122,
                        -2.618570197950913,
                        3.9115056429056048,
                        0.0
                    ],
                    [
                        0.0,
                        0.0,
                        0.0,
                        0.0,
                        0.0,
                        2.0
                    ]
                ],
                "mui": [
                    0.0,
                    0.0,
                    0.0,
                    0.0,
                    0.0,
                    1.0
                ],
                "Ai": [
                    [
                        0.0,
                        0.0,
                        0.0,
                        0.0,
                        0.0,
                        0.0
                    ],
                    [
                        0.711498286568949,
                        0.0,
                        0.0,
                        0.0,
                        0.0,
                        0.0
                    ],
                    [
                        -0.7323400822334611,
                        0.6541751052403565,
                        0.0,
                        0.0,
                        0.0,
                        0.0
                    ],
                    [
                        -0.8774085088438432,
                        -0.5161790835234741,
                        -0.642082471029783,
                        0.0,
                        0.0,
                        0.0
                    ],
                    [
                        0.7373366429754797,
                        -0.7477361203137975,
                        0.9848042413375429,
                        -0.6233767948061892,
                        0.0,
                        0.0
                    ],
                    [
                        0.0,
                        0.0,
                        0.0,
                        0.0,
                        0.0,
                        0.0
                    ]
                ]
            },
            "est_params": {
                "mui": [
                    -0.08308769226209459,
                    -0.028156941613667986,
                    -0.07632038358920246,
                    0.24715689926960596,
                    -0.14434961721775336,
                    1.0869695889126432
                ],
                "Si": [
                    [
                        0.763441270815869,
                        0.6741524032295454,
                        -0.16247322800450284,
                        -0.84732073088292,
                        0.5091503899477913,
                        0.20918254930167784
                    ],
                    [
                        0.6741524032295454,
                        1.2834660235976871,
                        0.18947251477990829,
                        -1.1981490752695096,
                        0.5154898687091622,
                        0.11202438615168837
                    ],
                    [
                        -0.16247322800450284,
                        0.18947251477990829,
                        1.280290620208847,
                        -0.6715870559478322,
                        1.3654824597340147,
                        0.11272836521991117
                    ],
                    [
                        -0.8473207308829199,
                        -1.1981490752695096,
                        -0.6715870559478322,
                        2.475949326447081,
                        -2.0096915963648256,
                        -0.34256188643150354
                    ],
                    [
                        0.5091503899477913,
                        0.5154898687091622,
                        1.3654824597340147,
                        -2.0096915963648256,
                        3.538338918148301,
                        0.2543474809254981
                    ],
                    [
                        0.20918254930167784,
                        0.11202438615168835,
                        0.11272836521991117,
                        -0.34256188643150354,
                        0.25434748092549814,
                        3.4197777930305198
                    ]
                ]
            },
            "est_tgt": [
                4,
                5
            ],
            "oracle_est_tgt": [
                4,
                5
            ]
        },
        "obs": {
            "intv_type": "obs",
            "true_params": {
                "Si": [
                    [
                        1.0,
                        0.711498286568949,
                        -0.26689561573888565,
                        -1.0733000458728863,
                        0.6115540826540254,
                        1.0489151284946185
                    ],
                    [
                        0.711498286568949,
                        1.5062298117905502,
                        0.46427933194937476,
                        -1.6998645951953035,
                        0.915231720558781,
                        0.8177071250253669
                    ],
                    [
                        -0.26689561573888565,
                        0.46427933194937476,
                        1.4991783380168704,
                        -0.9680709276302994,
                        1.535919794064122,
                        0.8404845857539689
                    ],
                    [
                        -1.0733000458728863,
                        -1.6998645951953035,
                        -0.9680709276302994,
                        3.4407385149982277,
                        -2.618570197950913,
                        -3.31551105590062
                    ],
                    [
                        0.6115540826540254,
                        0.915231720558781,
                        1.535919794064122,
                        -2.618570197950913,
                        3.9115056429056048,
                        3.770865692317763
                    ],
                    [
                        1.0489151284946185,
                        0.8177071250253669,
                        0.8404845857539689,
                        -3.31551105590062,
                        3.770865692317763,
                        5.82327351031478
                    ]
                ],
                "mui": [
                    0.0,
                    0.0,
                    0.0,
                    0.0,
                    0.0,
                    0.0
                ],
                "Ai": [
                    [
                        0.0,
                        0.0,
                        0.0,
                        0.0,
