{
    "expt_args": {
        "save_dir": "all_expt_logs/expt_logs_11.05.24-hard_var_shift",
        "exp_name": "409",
        "num_nodes": 6,
        "obs_noise_mean": 0.0,
        "obs_noise_var": 1.0,
        "max_edge_strength": 1.0,
        "graph_sparsity_method": "adj_dense_prop",
        "adj_dense_prop": 0.8,
        "num_parents": null,
        "new_noise_mean": 1.0,
        "mix_samples": 2048,
        "stage2_samples": 2048,
        "gmm_tol": 0.001,
        "intv_type": "hard",
        "new_noise_sigma": 0.5,
        "intv_targets": [
            0,
            1,
            2,
            3,
            4,
            5
        ]
    },
    "intv_args_dict": {
        "0": {
            "intv_type": "hard",
            "inode": 0,
            "new_mui": 1.0,
            "new_sigmai": 0.5,
            "true_params": {
                "Si": [
                    [
                        0.5,
                        0.0,
                        -0.4251090739197689,
                        -0.515316883624491,
                        0.06137534581463893,
                        0.6433795777023005
                    ],
                    [
                        0.0,
                        1.0,
                        -0.6735330209857531,
                        0.15419056532431435,
                        0.6230102594398307,
                        -0.44963579641219276
                    ],
                    [
                        -0.4251090739197689,
                        -0.6735330209857531,
                        1.815082179816042,
                        0.8637610169156857,
                        -1.3967888565753999,
                        -0.8489619619260513
                    ],
                    [
                        -0.515316883624491,
                        0.15419056532431435,
                        0.8637610169156857,
                        1.8352285692902806,
                        -0.4569576410522912,
                        -1.0526454121559963
                    ],
                    [
                        0.06137534581463893,
                        0.6230102594398307,
                        -1.3967888565753999,
                        -0.4569576410522912,
                        2.2512792665868577,
                        0.3582745944307467
                    ],
                    [
                        0.6433795777023005,
                        -0.44963579641219276,
                        -0.8489619619260513,
                        -1.0526454121559963,
                        0.3582745944307467,
                        2.395822119687022
                    ]
                ],
                "mui": [
                    1.0,
                    0.0,
                    -0.8502181478395378,
                    -1.030633767248982,
                    0.12275069162927786,
                    1.286759155404601
                ],
                "Ai": [
                    [
                        0.0,
                        0.0,
                        0.0,
                        0.0,
                        0.0,
                        0.0
                    ],
                    [
                        0.0,
                        0.0,
                        0.0,
                        0.0,
                        0.0,
                        0.0
                    ],
                    [
                        -0.8502181478395378,
                        -0.6735330209857531,
                        0.0,
                        0.0,
                        0.0,
                        0.0
                    ],
                    [
                        -0.5804588272983522,
                        0.5108139660921045,
                        0.5294816878404149,
                        0.0,
                        0.0,
                        0.0
                    ],
                    [
                        -0.6636912679508555,
                        0.0,
                        -0.9249884415882395,
                        0.0,
                        0.0,
                        0.0
                    ],
                    [
                        0.7725527244858889,
                        -0.8569842065902664,
                        -0.6047935253150567,
                        -0.0,
                        -0.0,
                        0.0
                    ]
                ]
            },
            "est_params": {
                "mui": [
                    1.0635639403054036,
                    -0.3421310382954835,
                    -0.7399363984394435,
                    -1.2584716026096143,
                    0.3937424059938979,
                    1.7798894851467284
                ],
                "Si": [
                    [
                        0.3321584144277574,
                        0.10070900019054435,
                        -0.32806887335630436,
                        -0.46208182814888676,
                        0.03900224171656593,
                        0.2546644638489751
                    ],
                    [
                        0.10070900019054436,
                        0.6952225416585681,
                        -0.5294632179794858,
                        0.000348271580221923,
                        0.21683945953580824,
                        -0.11752699990968692
                    ],
                    [
                        -0.32806887335630436,
                        -0.5294632179794858,
                        1.355030086764425,
                        0.8143591129022113,
                        -0.43617296092977675,
                        -0.7726075627394057
                    ],
                    [
                        -0.46208182814888676,
                        0.00034827158022192757,
                        0.8143591129022113,
                        1.9234018787553278,
                        -0.24053675571348532,
                        -0.6146992126948025
                    ],
                    [
                        0.03900224171656594,
                        0.21683945953580824,
                        -0.43617296092977675,
                        -0.24053675571348537,
                        1.07555718078589,
                        0.1731492747346582
                    ],
                    [
                        0.2546644638489751,
                        -0.1175269999096869,
                        -0.7726075627394057,
                        -0.6146992126948025,
                        0.17314927473465816,
                        1.5693362150968195
                    ]
                ]
            },
            "est_tgt": [
                0,
                1,
                2,
                3,
                4,
                5
            ],
            "oracle_est_tgt": [
                0
            ]
        },
        "1": {
            "intv_type": "hard",
            "inode": 1,
            "new_mui": 1.0,
            "new_sigmai": 0.5,
            "true_params": {
                "Si": [
                    [
                        1.0,
                        0.0,
                        -0.8502181478395378,
                        -1.030633767248982,
                        0.12275069162927786,
                        1.286759155404601
                    ],
                    [
                        0.0,
                        0.5,
                        -0.33676651049287654,
                        0.07709528266215718,
                        0.31150512971991534,
                        -0.22481789820609638
                    ],
                    [
                        -0.8502181478395378,
                        -0.33676651049287654,
                        1.9496942640947914,
                        1.3538190018965364,
                        -1.2391622983441197,
                        -1.5473972329883048
                    ],
                    [
                        -1.030633767248982,
                        0.07709528266215718,
                        1.3538190018965364,
                        2.3544441851696796,
                        -0.5682442969783792,
                        -1.6810693312749554
                    ],
                    [
                        0.12275069162927786,
                        0.31150512971991534,
                        -1.2391622983441197,
                        -0.5682442969783792,
                        2.0647422410509484,
                        0.5773137396619544
                    ],
                    [
                        1.286759155404601,
                        -0.22481789820609638,
                        -1.5473972329883048,
                        -1.6810693312749554,
                        0.5773137396619544,
                        3.1226105069881895
                    ]
                ],
                "mui": [
                    0.0,
                    1.0,
                    -0.6735330209857531,
                    0.15419056532431435,
                    0.6230102594398307,
                    -0.44963579641219276
                ],
                "Ai": [
                    [
                        0.0,
                        0.0,
                        0.0,
                        0.0,
                        0.0,
                        0.0
                    ],
                    [
                        0.0,
                        0.0,
                        0.0,
                        0.0,
                        0.0,
                        0.0
                    ],
                    [
                        -0.8502181478395378,
                        -0.6735330209857531,
                        0.0,
                        0.0,
                        0.0,
                        0.0
                    ],
                    [
                        -0.5804588272983522,
                        0.5108139660921045,
                        0.5294816878404149,
                        0.0,
                        0.0,
                        0.0
                    ],
                    [
                        -0.6636912679508555,
                        0.0,
                        -0.9249884415882395,
                        0.0,
                        0.0,
                        0.0
                    ],
                    [
                        0.7725527244858889,
                        -0.8569842065902664,
                        -0.6047935253150567,
                        -0.0,
                        -0.0,
                        0.0
                    ]
                ]
            },
            "est_params": {
                "mui": [
                    0.24968348804486531,
                    0.9406052290284016,
                    -0.9584405055618797,
                    0.049994144071852466,
                    0.7509251973929849,
                    -0.1819829472056132
                ],
                "Si": [
                    [
                        0.6633732344650644,
                        0.05725419876544645,
                        -0.2866345428013526,
                        -0.5210794849806412,
                        -0.12415441653446163,
                        0.5683504079508201
                    ],
                    [
                        0.05725419876544646,
                        0.38907090487299995,
                        -0.318951946580081,
                        -0.12204270593960612,
                        0.19326435491842928,
                        0.03447581121053915
                    ],
                    [
                        -0.2866345428013526,
                        -0.318951946580081,
                        0.8319710704841452,
                        0.5659956932215435,
                        -0.4237083304074496,
                        -0.566350438622287
                    ],
                    [
                        -0.521079484980641,
                        -0.12204270593960612,
                        0.5659956932215435,
                        1.379373039144721,
                        -0.17698614128977477,
                        -0.642746291842911
                    ],
                    [
                        -0.12415441653446166,
                        0.19326435491842928,
                        -0.4237083304074496,
                        -0.17698614128977477,
                        1.0757207296088938,
                        0.058051226693546475
                    ],
                    [
                        0.5683504079508201,
                        0.03447581121053915,
                        -0.566350438622287,
                        -0.642746291842911,
                        0.058051226693546454,
                        1.768812616987735
                    ]
                ]
            },
            "est_tgt": [
                0,
                1,
                2,
                5
            ],
            "oracle_est_tgt": [
                1
            ]
        },
        "2": {
            "intv_type": "hard",
            "inode": 2,
            "new_mui": 1.0,
            "new_sigmai": 0.5,
            "true_params": {
                "Si": [
                    [
                        1.0,
                        0.0,
                        0.0,
                        -0.5804588272983522,
                        -0.6636912679508555,
                        0.7725527244858889
                    ],
                    [
                        0.0,
                        1.0,
                        0.0,
                        0.5108139660921045,
                        0.0,
                        -0.8569842065902664
                    ],
                    [
                        0.0,
                        0.0,
                        0.5,
                        0.26474084392020747,
                        -0.4624942207941197,
                        -0.30239676265752835
                    ],
                    [
                        -0.5804588272983522,
                        0.5108139660921045,
                        0.26474084392020747,
                        1.7380387870224911,
                        0.140363234440402,
                        -1.046308098217281
                    ],
                    [
                        -0.6636912679508555,
                        0.0,
                        -0.4624942207941197,
                        0.140363234440402,
                        1.8682879076901342,
                        -0.2330229870410117
                    ],
                    [
                        0.7725527244858889,
                        -0.8569842065902664,
                        -0.30239676265752835,
                        -1.046308098217281,
                        -0.2330229870410117,
                        2.514147246587225
                    ]
                ],
                "mui": [
                    0.0,
                    0.0,
                    1.0,
                    0.5294816878404149,
                    -0.9249884415882395,
                    -0.6047935253150567
                ],
                "Ai": [
                    [
                        0.0,
                        0.0,
                        0.0,
                        0.0,
                        0.0,
                        0.0
                    ],
                    [
                        0.0,
                        0.0,
                        0.0,
                        0.0,
                        0.0,
                        0.0
                    ],
                    [
                        0.0,
                        0.0,
                        0.0,
                        0.0,
                        0.0,
                        0.0
                    ],
                    [
                        -0.5804588272983522,
                        0.5108139660921045,
                        0.5294816878404149,
                        0.0,
                        0.0,
                        0.0
                    ],
                    [
                        -0.6636912679508555,
                        0.0,
                        -0.9249884415882395,
                        0.0,
                        0.0,
                        0.0
                    ],
                    [
                        0.7725527244858889,
                        -0.8569842065902664,
                        -0.6047935253150567,
                        -0.0,
                        -0.0,
                        0.0
                    ]
                ]
            },
            "est_params": {
                "mui": [
                    -0.2077090253124592,
                    0.1988810327666839,
                    1.0954047920359455,
                    1.0806809854284247,
                    -1.0522850068954168,
                    -1.140578971707987
                ],
                "Si": [
                    [
                        0.8346793926363099,
                        0.39464030781034004,
                        -0.003827708533990312,
                        -0.35867592719876706,
                        -0.42478097906123913,
                        0.38457800637898487
                    ],
                    [
                        0.39464030781034004,
                        0.7632270638777077,
                        -0.11905229268097926,
                        0.20275159321115827,
                        -0.1289231290978955,
                        -0.06664476530463317
                    ],
                    [
                        -0.003827708533990314,
                        -0.11905229268097926,
                        0.4131579056368839,
                        0.1473280724944158,
                        -0.40231720110141456,
                        -0.12922192840945662
                    ],
                    [
                        -0.35867592719876706,
                        0.20275159321115827,
                        0.14732807249441582,
                        1.3043357793589212,
                        -0.04196905099335176,
                        -0.32229735067636706
                    ],
                    [
                        -0.4247809790612392,
                        -0.1289231290978955,
                        -0.40231720110141456,
                        -0.041969050993351756,
                        1.7390793893271692,
                        -0.14157570707467046
                    ],
                    [
                        0.38457800637898487,
                        -0.06664476530463313,
                        -0.12922192840945662,
                        -0.322297350676367,
                        -0.14157570707467046,
                        1.2996502773731815
                    ]
                ]
            },
            "est_tgt": [
                2,
                5
            ],
            "oracle_est_tgt": [
                2,
                3
            ]
        },
        "3": {
            "intv_type": "hard",
            "inode": 3,
            "new_mui": 1.0,
            "new_sigmai": 0.5,
            "true_params": {
                "Si": [
                    [
                        1.0,
                        0.0,
                        -0.8502181478395378,
                        0.0,
                        0.12275069162927786,
                        1.286759155404601
                    ],
                    [
                        0.0,
                        1.0,
                        -0.6735330209857531,
                        0.0,
                        0.6230102594398307,
                        -0.44963579641219276
                    ],
                    [
                        -0.8502181478395378,
                        -0.6735330209857531,
                        2.176517629273889,
                        0.0,
                        -1.4489712894169333,
                        -1.3959749548378855
                    ],
                    [
                        0.0,
                        0.0,
                        0.0,
                        0.5,
                        0.0,
                        0.0
                    ],
                    [
                        0.12275069162927786,
                        0.6230102594398307,
                        -1.4489712894169333,
                        0.0,
                        2.2588131327345913,
                        0.43724988257385683
                    ],
                    [
                        1.286759155404601,
                        -0.44963579641219276,
                        -1.3959749548378855,
                        0.0,
                        0.43724988257385683,
                        3.223696681695803
                    ]
                ],
                "mui": [
                    0.0,
                    0.0,
                    0.0,
                    1.0,
                    0.0,
                    0.0
                ],
                "Ai": [
                    [
                        0.0,
                        0.0,
                        0.0,
                        0.0,
                        0.0,
                        0.0
                    ],
                    [
                        0.0,
                        0.0,
                        0.0,
                        0.0,
                        0.0,
                        0.0
                    ],
                    [
                        -0.8502181478395378,
                        -0.6735330209857531,
                        0.0,
                        0.0,
                        0.0,
                        0.0
                    ],
                    [
                        0.0,
                        0.0,
                        0.0,
                        0.0,
                        0.0,
                        0.0
                    ],
                    [
                        -0.6636912679508555,
                        0.0,
                        -0.9249884415882395,
                        0.0,
                        0.0,
                        0.0
                    ],
                    [
                        0.7725527244858889,
                        -0.8569842065902664,
                        -0.6047935253150567,
                        -0.0,
                        -0.0,
                        0.0
                    ]
                ]
            },
            "est_params": {
                "mui": [
                    -0.8669558734633854,
                    0.35356474919955766,
                    1.011772953475668,
                    1.1021871418732105,
                    0.2534299614063034,
                    -1.6596989819397174
                ],
                "Si": [
                    [
                        0.6949767515992655,
                        -0.04384867342284485,
                        -0.47016561948434643,
                        -0.4197472511382239,
                        0.06551064776569614,
                        0.8160553858113143
                    ],
                    [
                        -0.04384867342284485,
                        0.8931026513521041,
                        -0.4832249124377104,
                        0.20205700157673354,
                        0.12147660534035973,
                        -0.556982879646615
                    ],
                    [
                        -0.47016561948434643,
                        -0.4832249124377104,
                        1.4162832026175443,
                        0.4138442346508722,
                        -0.4419906431335847,
                        -0.7375674288412306
                    ],
                    [
                        -0.41974725113822403,
                        0.20205700157673348,
                        0.4138442346508722,
                        1.28722835808824,
                        0.0039019887621023026,
                        -0.6531670041880997
                    ],
                    [
                        0.06551064776569612,
                        0.12147660534035976,
                        -0.4419906431335847,
                        0.0039019887621022983,
                        1.4253605440407657,
                        0.30295671185245915
                    ],
                    [
                        0.8160553858113143,
                        -0.556982879646615,
                        -0.7375674288412306,
                        -0.6531670041880997,
                        0.30295671185245915,
                        2.3556968659204855
                    ]
                ]
            },
            "est_tgt": [
                0,
                2,
                4,
                5
            ],
            "oracle_est_tgt": [
                3,
                5
            ]
        },
        "4": {
            "intv_type": "hard",
            "inode": 4,
            "new_mui": 1.0,
            "new_sigmai": 0.5,
            "true_params": {
                "Si": [
                    [
                        1.0,
                        0.0,
                        -0.8502181478395378,
                        -1.030633767248982,
                        0.0,
                        1.286759155404601
                    ],
                    [
                        0.0,
                        1.0,
                        -0.6735330209857531,
                        0.15419056532431435,
                        0.0,
                        -0.44963579641219276
                    ],
                    [
                        -0.8502181478395378,
                        -0.6735330209857531,
                        2.176517629273889,
                        1.3018927832613432,
                        0.0,
                        -1.3959749548378855
                    ],
                    [
                        -1.030633767248982,
                        0.15419056532431435,
                        1.3018927832613432,
                        2.366331550387195,
                        0.0,
                        -1.7157341300943776
                    ],
                    [
                        0.0,
                        0.0,
                        0.0,
                        0.0,
                        0.5,
                        0.0
                    ],
                    [
                        1.286759155404601,
                        -0.44963579641219276,
                        -1.3959749548378855,
                        -1.7157341300943776,
                        0.0,
                        3.223696681695803
                    ]
                ],
                "mui": [
                    0.0,
                    0.0,
                    0.0,
                    0.0,
                    1.0,
                    0.0
                ],
                "Ai": [
                    [
                        0.0,
                        0.0,
                        0.0,
                        0.0,
                        0.0,
                        0.0
                    ],
                    [
                        0.0,
                        0.0,
                        0.0,
                        0.0,
                        0.0,
                        0.0
                    ],
                    [
                        -0.8502181478395378,
                        -0.6735330209857531,
                        0.0,
                        0.0,
                        0.0,
                        0.0
                    ],
                    [
                        -0.5804588272983522,
                        0.5108139660921045,
                        0.5294816878404149,
                        0.0,
                        0.0,
                        0.0
                    ],
                    [
                        0.0,
                        0.0,
                        0.0,
                        0.0,
                        0.0,
                        0.0
                    ],
                    [
                        0.7725527244858889,
                        -0.8569842065902664,
                        -0.6047935253150567,
                        -0.0,
                        -0.0,
                        0.0
                    ]
                ]
            },
            "est_params": {
                "mui": [
                    0.5963882338650874,
                    -0.46189701195636035,
                    0.850753172044399,
                    0.008088879751144458,
                    -1.6424564953332723,
                    0.5235006188965564
                ],
                "Si": [
                    [
                        0.5521189620353153,
                        0.049955906223616696,
                        -0.11305920842594164,
                        -0.5016083408933032,
                        -0.3083429678645825,
                        0.48242359142665225
                    ],
                    [
                        0.049955906223616696,
                        0.6663866277592426,
                        -0.27466861128608083,
                        0.07759690324190954,
                        0.2687455580755032,
                        -0.3624459250869676
                    ],
                    [
                        -0.11305920842594162,
                        -0.27466861128608083,
                        0.58816039339963,
                        0.23429300145777865,
                        -0.3466248733665985,
                        -0.16648659780886096
                    ],
                    [
                        -0.5016083408933032,
                        0.07759690324190956,
                        0.23429300145777862,
                        1.599886727254371,
                        0.255274146289973,
                        -0.5869213006880075
                    ],
                    [
                        -0.3083429678645825,
                        0.2687455580755032,
                        -0.3466248733665985,
                        0.2552741462899731,
                        1.099342214687259,
                        -0.27374130822293463
                    ],
                    [
                        0.48242359142665225,
                        -0.3624459250869676,
                        -0.16648659780886096,
                        -0.5869213006880075,
                        -0.27374130822293463,
                        1.5771838409153662
                    ]
                ]
            },
            "est_tgt": [
                0,
                1,
                2,
                4
            ],
            "oracle_est_tgt": [
                4
            ]
        },
        "5": {
            "intv_type": "hard",
            "inode": 5,
            "new_mui": 1.0,
            "new_sigmai": 0.5,
            "true_params": {
                "Si": [
                    [
                        1.0,
                        0.0,
                        -0.8502181478395378,
                        -1.030633767248982,
                        0.12275069162927786,
                        0.0
                    ],
                    [
                        0.0,
                        1.0,
                        -0.6735330209857531,
                        0.15419056532431435,
                        0.6230102594398307,
                        0.0
                    ],
                    [
                        -0.8502181478395378,
                        -0.6735330209857531,
                        2.176517629273889,
                        1.3018927832613432,
                        -1.4489712894169333,
                        0.0
                    ],
                    [
                        -1.030633767248982,
                        0.15419056532431435,
                        1.3018927832613432,
                        2.366331550387195,
                        -0.5202131449254416,
                        0.0
                    ],
                    [
                        0.12275069162927786,
                        0.6230102594398307,
                        -1.4489712894169333,
                        -0.5202131449254416,
                        2.2588131327345913,
                        0.0
                    ],
                    [
                        0.0,
                        0.0,
                        0.0,
                        0.0,
                        0.0,
                        0.5
                    ]
                ],
                "mui": [
                    0.0,
                    0.0,
                    0.0,
                    0.0,
                    0.0,
                    1.0
                ],
                "Ai": [
                    [
                        0.0,
                        0.0,
                        0.0,
                        0.0,
                        0.0,
                        0.0
                    ],
                    [
                        0.0,
                        0.0,
                        0.0,
                        0.0,
                        0.0,
                        0.0
                    ],
                    [
                        -0.8502181478395378,
                        -0.6735330209857531,
                        0.0,
                        0.0,
                        0.0,
                        0.0
                    ],
                    [
                        -0.5804588272983522,
                        0.5108139660921045,
                        0.5294816878404149,
                        0.0,
                        0.0,
                        0.0
                    ],
                    [
                        -0.6636912679508555,
                        0.0,
                        -0.9249884415882395,
                        0.0,
                        0.0,
                        0.0
                    ],
                    [
                        0.0,
                        0.0,
                        0.0,
                        0.0,
                        0.0,
                        0.0
                    ]
                ]
            },
            "est_params": {
                "mui": [
                    -0.40885169275020045,
                    -0.0729159790989676,
                    0.2917320974805314,
                    0.3689886415027272,
                    0.11010143635517144,
                    0.7941313034672662
                ],
                "Si": [
                    [
                        0.5926813631918031,
                        0.028328281277730644,
                        -0.4534831936357966,
                        -0.5706985571676514,
                        0.20907078453556013,
                        -0.06893564956469633
                    ],
                    [
                        0.028328281277730644,
                        1.0138658527819873,
                        -0.5925924747049512,
                        0.08685638101324665,
                        0.5042815708471324,
                        0.05382361190987359
                    ],
                    [
                        -0.4534831936357966,
                        -0.5925924747049512,
                        1.5563181647197755,
                        0.6519291636739097,
                        -1.1837460392891919,
                        0.04959653056568411
                    ],
                    [
                        -0.5706985571676514,
                        0.08685638101324664,
                        0.6519291636739097,
                        1.546033095783144,
                        -0.4452581479258176,
                        0.07526498468327385
                    ],
                    [
                        0.2090707845355601,
                        0.5042815708471323,
                        -1.1837460392891919,
                        -0.4452581479258177,
                        1.911493365613566,
                        -0.1385750108945395
                    ],
                    [
                        -0.06893564956469633,
                        0.05382361190987359,
                        0.049596530565684104,
                        0.07526498468327385,
                        -0.1385750108945395,
                        0.28391646956545974
                    ]
                ]
            },
            "est_tgt": [
                0,
                2,
                4,
                5
            ],
            "oracle_est_tgt": [
                2,
                5
            ]
        },
        "obs": {
            "intv_type": "obs",
            "true_params": {
                "Si": [
                    [
                        1.0,
                        0.0,
                        -0.8502181478395378,
                        -1.030633767248982,
                        0.12275069162927786,
                        1.286759155404601
                    ],
                    [
                        0.0,
                        1.0,
                        -0.6735330209857531,
                        0.15419056532431435,
                        0.6230102594398307,
                        -0.44963579641219276
                    ],
                    [
                        -0.8502181478395378,
                        -0.6735330209857531,
                        2.176517629273889,
                        1.3018927832613432,
                        -1.4489712894169333,
                        -1.3959749548378855
                    ],
                    [
                        -1.030633767248982,
                        0.15419056532431435,
                        1.3018927832613432,
                        2.366331550387195,
                        -0.5202131449254416,
                        -1.7157341300943776
                    ],
                    [
                        0.12275069162927786,
                        0.6230102594398307,
                        -1.4489712894169333,
                        -0.5202131449254416,
                        2.2588131327345913,
                        0.43724988257385683
                    ],
                    [
                        1.286759155404601,
                        -0.44963579641219276,
                        -1.3959749548378855,
                        -1.7157341300943776,
                        0.43724988257385683,
                        3.223696681695803
                    ]
                ],
                "mui": [
                    0.0,
                    0.0,
                    0.0,
                    0.0,
                    0.0,
                    0.0
                ],
                "Ai": [
                    [
                        0.0,
                        0.0,
                        0.0,
                        0.0,
                        0.0,
                        0.0
                    ],
                    [
                        0.0,
                        0.0,
                        0.0,
                        0.0,
                        0.0,
                        0.0
                    ],
                    [
                        -0.8502181478395378,
                        -0.6735330209857531,
                        0.0,
                        0.0,
                        0.0,
                        0.0
                    ],
                    [
