{
    "expt_args": {
        "save_dir": "all_expt_logs/expt_logs_11.05.24-hard_var_shift",
        "exp_name": "294",
        "num_nodes": 6,
        "obs_noise_mean": 0.0,
        "obs_noise_var": 1.0,
        "max_edge_strength": 1.0,
        "graph_sparsity_method": "adj_dense_prop",
        "adj_dense_prop": 0.8,
        "num_parents": null,
        "new_noise_mean": 1.0,
        "mix_samples": 65536,
        "stage2_samples": 65536,
        "gmm_tol": 0.001,
        "intv_type": "hard",
        "new_noise_sigma": 0.2,
        "intv_targets": [
            0,
            1,
            2,
            3,
            4,
            5
        ]
    },
    "intv_args_dict": {
        "0": {
            "intv_type": "hard",
            "inode": 0,
            "new_mui": 1.0,
            "new_sigmai": 0.2,
            "true_params": {
                "Si": [
                    [
                        0.2,
                        0.0,
                        -0.10138804728202162,
                        -0.21706085872545772,
                        0.10139059342785242,
                        -0.20447446063296928
                    ],
                    [
                        0.0,
                        1.0,
                        -0.7133759448358731,
                        -1.3953159532189257,
                        -0.42069955217566285,
                        -0.7498036619211719
                    ],
                    [
                        -0.10138804728202162,
                        -0.7133759448358731,
                        1.5603029193287818,
                        1.6680748299616595,
                        0.838448468477927,
                        1.508068819669795
                    ],
                    [
                        -0.21706085872545772,
                        -1.3953159532189257,
                        1.6680748299616595,
                        3.499062213961577,
                        0.808782850072332,
                        2.7445909116673954
                    ],
                    [
                        0.10139059342785242,
                        -0.42069955217566285,
                        0.838448468477927,
                        0.808782850072332,
                        1.576170437248162,
                        -0.11652202572623449
                    ],
                    [
                        -0.20447446063296928,
                        -0.7498036619211719,
                        1.508068819669795,
                        2.7445909116673954,
                        -0.11652202572623449,
                        4.209357704586206
                    ]
                ],
                "mui": [
                    1.0,
                    0.0,
                    -0.5069402364101081,
                    -1.0853042936272885,
                    0.5069529671392621,
                    -1.0223723031648464
                ],
                "Ai": [
                    [
                        0.0,
                        0.0,
                        0.0,
                        0.0,
                        0.0,
                        0.0
                    ],
                    [
                        0.0,
                        0.0,
                        0.0,
                        0.0,
                        0.0,
                        0.0
                    ],
                    [
                        -0.5069402364101081,
                        -0.7133759448358731,
                        0.0,
                        0.0,
                        0.0,
                        0.0
                    ],
                    [
                        -0.8000727927979314,
                        -0.9939327589354751,
                        0.5626531104518768,
                        0.0,
                        0.0,
                        0.0
                    ],
                    [
                        0.8059110859003653,
                        -0.0,
                        0.5897304993546615,
                        0.0,
                        0.0,
                        0.0
                    ],
                    [
                        0.8861145923393676,
                        0.8517241202462449,
                        0.8100720527884072,
                        0.987222424376992,
                        -0.8410879692036897,
                        0.0
                    ]
                ]
            },
            "est_params": {
                "mui": [
                    0.9939063700352415,
                    0.039047416179227676,
                    -0.5485214512047786,
                    -1.147224392769815,
                    0.49053245144615437,
                    -1.0888092616227654
                ],
                "Si": [
                    [
                        0.05662150471714363,
                        -0.005648357161440833,
                        -0.020821037087302888,
                        -0.05134694386130481,
                        0.03241194859796642,
                        -0.04891044178149381
                    ],
                    [
                        -0.005648357161440833,
                        0.9942288078152458,
                        -0.6876313652833966,
                        -1.3934458287087195,
                        -0.4070943006975397,
                        -0.765533054454634
                    ],
                    [
                        -0.02082103708730289,
                        -0.6876313652833966,
                        1.4966727795515085,
                        1.543605708155611,
                        0.864663227640494,
                        1.4420683043075553
                    ],
                    [
                        -0.05134694386130482,
                        -1.3934458287087195,
                        1.543605708155611,
                        3.3196148887539225,
                        0.8521783390591995,
                        2.6193060665895254
                    ],
                    [
                        0.03241194859796642,
                        -0.4070943006975397,
                        0.864663227640494,
                        0.8521783390591995,
                        1.508609893382749,
                        -0.03092181350365963
                    ],
                    [
                        -0.04891044178149381,
                        -0.765533054454634,
                        1.4420683043075553,
                        2.6193060665895254,
                        -0.03092181350365963,
                        4.133512086139832
                    ]
                ]
            },
            "est_tgt": [
                0,
                1
            ],
            "oracle_est_tgt": [
                0
            ]
        },
        "1": {
            "intv_type": "hard",
            "inode": 1,
            "new_mui": 1.0,
            "new_sigmai": 0.2,
            "true_params": {
                "Si": [
                    [
                        1.0,
                        0.0,
                        -0.5069402364101081,
                        -1.0853042936272885,
                        0.5069529671392621,
                        -1.0223723031648464
                    ],
                    [
                        0.0,
                        0.2,
                        -0.14267518896717463,
                        -0.27906319064378515,
                        -0.08413991043513258,
                        -0.14996073238423438
                    ],
                    [
                        -0.5069402364101081,
                        -0.14267518896717463,
                        1.3587694510256312,
                        1.3119144929346236,
                        0.3927590304493467,
                        1.494780628710691
                    ],
                    [
                        -1.0853042936272885,
                        -0.27906319064378515,
                        1.3119144929346236,
                        2.8838452543284476,
                        -0.10098277278054398,
                        2.795288542907273
                    ],
                    [
                        0.5069529671392621,
                        -0.08413991043513258,
                        0.3927590304493467,
                        -0.10098277278054398,
                        1.6401809954005608,
                        -0.7835114156464977
                    ],
                    [
                        -1.0223723031648464,
                        -0.14996073238423438,
                        1.494780628710691,
                        2.795288542907273,
                        -0.7835114156464977,
                        4.595789380464761
                    ]
                ],
                "mui": [
                    0.0,
                    1.0,
                    -0.7133759448358731,
                    -1.3953159532189257,
                    -0.42069955217566285,
                    -0.7498036619211719
                ],
                "Ai": [
                    [
                        0.0,
                        0.0,
                        0.0,
                        0.0,
                        0.0,
                        0.0
                    ],
                    [
                        0.0,
                        0.0,
                        0.0,
                        0.0,
                        0.0,
                        0.0
                    ],
                    [
                        -0.5069402364101081,
                        -0.7133759448358731,
                        0.0,
                        0.0,
                        0.0,
                        0.0
                    ],
                    [
                        -0.8000727927979314,
                        -0.9939327589354751,
                        0.5626531104518768,
                        0.0,
                        0.0,
                        0.0
                    ],
                    [
                        0.8059110859003653,
                        -0.0,
                        0.5897304993546615,
                        0.0,
                        0.0,
                        0.0
                    ],
                    [
                        0.8861145923393676,
                        0.8517241202462449,
                        0.8100720527884072,
                        0.987222424376992,
                        -0.8410879692036897,
                        0.0
                    ]
                ]
            },
            "est_params": {
                "mui": [
                    -0.0018212844178926786,
                    0.9964151499913626,
                    -0.7073599535393799,
                    -1.3970902783201744,
                    -0.4195038925379903,
                    -0.7443303091626094
                ],
                "Si": [
                    [
                        1.01185625698673,
                        0.0024606661377703197,
                        -0.5380040404124734,
                        -1.1293226952891084,
                        0.5021950180359234,
                        -1.0587832766162337
                    ],
                    [
                        0.0024606661377703206,
                        0.04202729589127734,
                        -0.03318271764442363,
                        -0.06538158684603812,
                        -0.01898348815002279,
                        -0.035754689456673025
                    ],
                    [
                        -0.5380040404124734,
                        -0.03318271764442363,
                        1.3266197333596585,
                        1.2244704105907924,
                        0.3500536267799656,
                        1.4675553330246527
                    ],
                    [
                        -1.1293226952891087,
                        -0.06538158684603812,
                        1.2244704105907922,
                        2.6972302139072277,
                        -0.19738678517924246,
                        2.7379630963877792
                    ],
                    [
                        0.5021950180359233,
                        -0.01898348815002279,
                        0.3500536267799656,
                        -0.19738678517924246,
                        1.6263509375675165,
                        -0.8479187152849911
                    ],
                    [
                        -1.0587832766162337,
                        -0.03575468945667303,
                        1.4675553330246522,
                        2.7379630963877792,
                        -0.8479187152849911,
                        4.610472836448979
                    ]
                ]
            },
            "est_tgt": [
                1
            ],
            "oracle_est_tgt": [
                1
            ]
        },
        "2": {
            "intv_type": "hard",
            "inode": 2,
            "new_mui": 1.0,
            "new_sigmai": 0.2,
            "true_params": {
                "Si": [
                    [
                        1.0,
                        0.0,
                        0.0,
                        -0.8000727927979314,
                        0.8059110859003653,
                        -0.5815773284433556
                    ],
                    [
                        0.0,
                        1.0,
                        0.0,
                        -0.9939327589354751,
                        0.0,
                        -0.1295085876977472
                    ],
                    [
                        0.0,
                        0.0,
                        0.2,
                        0.11253062209037537,
                        0.1179460998709323,
                        0.17390411849845488
                    ],
                    [
                        -0.8000727927979314,
                        -0.9939327589354751,
                        0.11253062209037537,
                        2.6913345076008013,
                        -0.5784247932850711,
                        1.6790971428424337
                    ],
                    [
                        0.8059110859003653,
                        0.0,
                        0.1179460998709323,
                        -0.5784247932850711,
                        1.7190490907509257,
                        -1.2072310228625818
                    ],
                    [
                        -0.5815773284433556,
                        -0.1295085876977472,
                        0.17390411849845488,
                        1.6790971428424335,
                        -1.2072310228625818,
                        3.1882549625323713
                    ]
                ],
                "mui": [
                    0.0,
                    0.0,
                    1.0,
                    0.5626531104518768,
                    0.5897304993546615,
                    0.8695205924922744
                ],
                "Ai": [
                    [
                        0.0,
                        0.0,
                        0.0,
                        0.0,
                        0.0,
                        0.0
                    ],
                    [
                        0.0,
                        0.0,
                        0.0,
                        0.0,
                        0.0,
                        0.0
                    ],
                    [
                        0.0,
                        0.0,
                        0.0,
                        0.0,
                        0.0,
                        0.0
                    ],
                    [
                        -0.8000727927979314,
                        -0.9939327589354751,
                        0.5626531104518768,
                        0.0,
                        0.0,
                        0.0
                    ],
                    [
                        0.8059110859003653,
                        -0.0,
                        0.5897304993546615,
                        0.0,
                        0.0,
                        0.0
                    ],
                    [
                        0.8861145923393676,
                        0.8517241202462449,
                        0.8100720527884072,
                        0.987222424376992,
                        -0.8410879692036897,
                        0.0
                    ]
                ]
            },
            "est_params": {
                "mui": [
                    -0.018822641686914384,
                    0.012243330485318803,
                    1.0000026702487896,
                    0.5487732998860243,
                    0.5869462548336424,
                    0.8428071595504666
                ],
                "Si": [
                    [
                        0.9916323314250537,
                        0.0025790822147097312,
                        -0.0003927534303124768,
                        -0.8041605025645393,
                        0.7886369085571422,
                        -0.5721491748926592
                    ],
                    [
                        0.0025790822147097364,
                        0.9813675948164096,
                        0.007026590267123046,
                        -0.973301345046231,
                        0.0040312008195473046,
                        -0.12171452000524412
                    ],
                    [
                        -0.0003927534303124762,
                        0.007026590267123044,
                        0.04221673882653172,
                        0.02292510863369225,
                        0.017397583349617177,
                        0.045468619282878237
                    ],
                    [
                        -0.8041605025645393,
                        -0.9733013450462308,
                        0.022925108633692248,
                        2.6599184025962925,
                        -0.6140154723507485,
                        1.6147280091901954
                    ],
                    [
                        0.7886369085571421,
                        0.0040312008195473046,
                        0.017397583349617177,
                        -0.6140154723507485,
                        1.591164371853561,
                        -1.2317060427375732
                    ],
                    [
                        -0.5721491748926593,
                        -0.12171452000524412,
                        0.045468619282878237,
                        1.6147280091901954,
                        -1.2317060427375732,
                        3.0461364972993556
                    ]
                ]
            },
            "est_tgt": [
                2
            ],
            "oracle_est_tgt": [
                2
            ]
        },
        "3": {
            "intv_type": "hard",
            "inode": 3,
            "new_mui": 1.0,
            "new_sigmai": 0.2,
            "true_params": {
                "Si": [
                    [
                        1.0,
                        0.0,
                        -0.5069402364101081,
                        0.0,
                        0.5069529671392621,
                        0.04906443277664413
                    ],
                    [
                        0.0,
                        1.0,
                        -0.7133759448358731,
                        0.0,
                        -0.42069955217566285,
                        0.6276835361875095
                    ],
                    [
                        -0.5069402364101081,
                        -0.7133759448358731,
                        1.7658936419620108,
                        0.0,
                        0.6328525828696204,
                        -0.1585902461280892
                    ],
                    [
                        0.0,
                        0.0,
                        0.0,
                        0.2,
                        0.0,
                        0.19744448487539842
                    ],
                    [
                        0.5069529671392621,
                        -0.42069955217566285,
                        0.6328525828696204,
                        0.0,
                        1.7817714859612033,
                        -0.8950719039474756
                    ],
                    [
                        0.04906443277664413,
                        0.6276835361875095,
                        -0.1585902461280892,
                        0.19744448487539842,
                        -0.8950719039474756,
                        2.3973762242884162
                    ]
                ],
                "mui": [
                    0.0,
                    0.0,
                    0.0,
                    1.0,
                    0.0,
                    0.987222424376992
                ],
                "Ai": [
                    [
                        0.0,
                        0.0,
                        0.0,
                        0.0,
                        0.0,
                        0.0
                    ],
                    [
                        0.0,
                        0.0,
                        0.0,
                        0.0,
                        0.0,
                        0.0
                    ],
                    [
                        -0.5069402364101081,
                        -0.7133759448358731,
                        0.0,
                        0.0,
                        0.0,
                        0.0
                    ],
                    [
                        0.0,
                        0.0,
                        0.0,
                        0.0,
                        0.0,
                        0.0
                    ],
                    [
                        0.8059110859003653,
                        -0.0,
                        0.5897304993546615,
                        0.0,
                        0.0,
                        0.0
                    ],
                    [
                        0.8861145923393676,
                        0.8517241202462449,
                        0.8100720527884072,
                        0.987222424376992,
                        -0.8410879692036897,
                        0.0
                    ]
                ]
            },
            "est_params": {
                "mui": [
                    0.014946561038926432,
                    0.01002525313098053,
                    -0.009914785625659598,
                    0.9964100208535409,
                    -0.004323548698971477,
                    1.0109855184470724
                ],
                "Si": [
                    [
                        1.0044468363318908,
                        -0.0014743705114431808,
                        -0.4843574146860654,
                        -0.0015031494883958243,
                        0.5057708343254357,
                        0.051537969000158834
                    ],
                    [
                        -0.001474370511443184,
                        0.998747267772852,
                        -0.7262161821488684,
                        -0.004269680066969582,
                        -0.4153451281635258,
                        0.6210600708723414
                    ],
                    [
                        -0.4843574146860654,
                        -0.7262161821488684,
                        1.773490413208319,
                        0.003958771532838492,
                        0.654014414426839,
                        -0.15284406242965448
                    ],
                    [
                        -0.0015031494883958238,
                        -0.0042696800669695814,
                        0.003958771532838491,
                        0.038411067880795007,
                        0.004135481710920353,
                        0.02857568378144178
                    ],
                    [
                        0.5057708343254357,
                        -0.4153451281635258,
                        0.6540144144268392,
                        0.004135481710920353,
                        1.758954201713235,
                        -0.8841862302278456
                    ],
                    [
                        0.051537969000158834,
                        0.6210600708723413,
                        -0.15284406242965448,
                        0.02857568378144178,
                        -0.8841862302278458,
                        2.248658785843989
                    ]
                ]
            },
            "est_tgt": [
                3
            ],
            "oracle_est_tgt": [
                3
            ]
        },
        "4": {
            "intv_type": "hard",
            "inode": 4,
            "new_mui": 1.0,
            "new_sigmai": 0.2,
            "true_params": {
                "Si": [
                    [
                        1.0,
                        0.0,
                        -0.5069402364101081,
                        -1.0853042936272885,
                        0.0,
                        -0.5959802615518998
                    ],
                    [
                        0.0,
                        1.0,
                        -0.7133759448358731,
                        -1.3953159532189257,
                        0.0,
                        -1.1036489939055019
                    ],
                    [
                        -0.5069402364101081,
                        -0.7133759448358731,
                        1.7658936419620108,
                        2.108222362112318,
                        0.0,
                        2.454978839053341
                    ],
                    [
                        -1.0853042936272885,
                        -1.3953159532189257,
                        2.108222362112318,
                        4.441370541774239,
                        0.0,
                        3.942304385985019
                    ],
                    [
                        0.0,
                        0.0,
                        0.0,
                        0.0,
                        0.2,
                        -0.16821759384073795
                    ],
                    [
                        -0.5959802615518998,
                        -1.1036489939055019,
                        2.454978839053341,
                        3.942304385985019,
                        -0.16821759384073795,
                        5.554015560753869
                    ]
                ],
                "mui": [
                    0.0,
                    0.0,
                    0.0,
                    0.0,
                    1.0,
                    -0.8410879692036897
                ],
                "Ai": [
                    [
                        0.0,
                        0.0,
                        0.0,
                        0.0,
                        0.0,
                        0.0
                    ],
                    [
                        0.0,
                        0.0,
                        0.0,
                        0.0,
                        0.0,
                        0.0
                    ],
                    [
                        -0.5069402364101081,
                        -0.7133759448358731,
                        0.0,
                        0.0,
                        0.0,
                        0.0
                    ],
                    [
                        -0.8000727927979314,
                        -0.9939327589354751,
                        0.5626531104518768,
                        0.0,
                        0.0,
                        0.0
                    ],
                    [
                        0.0,
                        0.0,
                        0.0,
                        0.0,
                        0.0,
                        0.0
                    ],
                    [
                        0.8861145923393676,
                        0.8517241202462449,
                        0.8100720527884072,
                        0.987222424376992,
                        -0.8410879692036897,
                        0.0
                    ]
                ]
            },
            "est_params": {
                "mui": [
                    -0.016146759629630466,
                    -0.01193320935682842,
                    0.026164605584852566,
                    0.07083128809875953,
                    0.9971636577334768,
                    -0.7874011560215185
                ],
                "Si": [
                    [
                        1.0232062665055552,
                        0.0010749026377155533,
                        -0.5243623084676214,
                        -1.1062632268872892,
                        0.005350397848865423,
                        -0.6184953718898223
                    ],
                    [
                        0.0010749026377155563,
                        0.9697233414268571,
                        -0.6961722928966728,
                        -1.3287485010403521,
                        0.0008822372625271229,
                        -1.0474110830492687
                    ],
                    [
                        -0.5243623084676216,
                        -0.6961722928966728,
                        1.794232282395781,
                        2.1223286139883077,
                        -0.006997582772322328,
                        2.517624635038308
                    ],
                    [
                        -1.1062632268872892,
                        -1.3287485010403521,
                        2.1223286139883077,
                        4.3620329700121,
                        -0.007684148595220798,
                        3.9437905512776275
                    ],
                    [
                        0.005350397848865422,
                        0.0008822372625271232,
                        -0.006997582772322326,
                        -0.007684148595220798,
                        0.04339905186414743,
                        -0.042550677365519984
                    ],
                    [
                        -0.6184953718898223,
                        -1.0474110830492687,
                        2.517624635038308,
                        3.9437905512776275,
                        -0.04255067736552,
                        5.574156101506443
                    ]
                ]
            },
            "est_tgt": [
                1,
                4
            ],
            "oracle_est_tgt": [
                4
            ]
        },
        "5": {
            "intv_type": "hard",
            "inode": 5,
            "new_mui": 1.0,
            "new_sigmai": 0.2,
            "true_params": {
                "Si": [
                    [
                        1.0,
                        0.0,
                        -0.5069402364101081,
                        -1.0853042936272885,
                        0.5069529671392621,
                        0.0
                    ],
                    [
                        0.0,
                        1.0,
                        -0.7133759448358731,
                        -1.3953159532189257,
                        -0.42069955217566285,
                        0.0
                    ],
                    [
                        -0.5069402364101081,
                        -0.7133759448358731,
                        1.7658936419620108,
                        2.108222362112318,
                        0.6328525828696204,
                        0.0
                    ],
                    [
                        -1.0853042936272885,
                        -1.3953159532189257,
                        2.108222362112318,
                        4.441370541774239,
                        0.3686242645496641,
                        0.0
                    ],
                    [
                        0.5069529671392621,
                        -0.42069955217566285,
                        0.6328525828696204,
                        0.3686242645496641,
                        1.7817714859612033,
                        0.0
                    ],
                    [
                        0.0,
                        0.0,
                        0.0,
                        0.0,
                        0.0,
                        0.2
                    ]
                ],
                "mui": [
                    0.0,
                    0.0,
                    0.0,
                    0.0,
                    0.0,
                    1.0
                ],
                "Ai": [
                    [
                        0.0,
                        0.0,
                        0.0,
                        0.0,
                        0.0,
                        0.0
                    ],
                    [
                        0.0,
                        0.0,
                        0.0,
                        0.0,
                        0.0,
                        0.0
                    ],
                    [
                        -0.5069402364101081,
                        -0.7133759448358731,
                        0.0,
                        0.0,
                        0.0,
                        0.0
                    ],
                    [
                        -0.8000727927979314,
                        -0.9939327589354751,
                        0.5626531104518768,
                        0.0,
                        0.0,
                        0.0
                    ],
                    [
                        0.8059110859003653,
                        -0.0,
                        0.5897304993546615,
                        0.0,
                        0.0,
                        0.0
                    ],
                    [
                        0.0,
                        0.0,
                        0.0,
                        0.0,
                        0.0,
                        0.0
                    ]
                ]
            },
            "est_params": {
                "mui": [
                    -0.006687979345825826,
                    -0.0014062424294992097,
                    -0.009404900012846768,
                    0.0018848989677946331,
                    -0.031152540497949605,
                    1.0002555132856379
                ],
                "Si": [
                    [
                        0.9680539783341051,
                        -0.002624729241877757,
                        -0.49474565983010865,
                        -1.0521473280177933,
                        0.49880426059485916,
                        0.0016423172890281665
                    ],
                    [
                        -0.002624729241877764,
                        0.9945373402917413,
                        -0.6963255426212328,
                        -1.3789107256280837,
                        -0.40446985085961357,
                        -0.003191287559533007
                    ],
                    [
                        -0.4947456598301086,
                        -0.6963255426212328,
                        1.7398482052258442,
                        2.08096785531218,
                        0.611675626051049,
                        0.004164869332673785
                    ],
                    [
                        -1.0521473280177935,
                        -1.3789107256280833,
                        2.08096785531218,
                        4.3793186590376045,
                        0.3520120461888395,
                        0.004306558873141061
                    ],
                    [
                        0.49880426059485916,
                        -0.40446985085961357,
                        0.611675626051049,
                        0.3520120461888395,
                        1.754439694943056,
                        0.002949221512473071
                    ],
                    [
                        0.0016423172890281663,
                        -0.003191287559533006,
                        0.004164869332673787,
                        0.0043065588731410614,
                        0.002949221512473071,
                        0.03896896508514828
                    ]
                ]
            },
            "est_tgt": [
                5
            ],
            "oracle_est_tgt": [
                5
            ]
        },
        "obs": {
            "intv_type": "obs",
            "true_params": {
                "Si": [
                    [
                        1.0,
                        0.0,
                        -0.5069402364101081,
                        -1.0853042936272885,
                        0.5069529671392621,
                        -1.0223723031648464
                    ],
                    [
                        0.0,
                        1.0,
                        -0.7133759448358731,
                        -1.3953159532189257,
                        -0.42069955217566285,
                        -0.7498036619211719
                    ],
                    [
                        -0.5069402364101081,
                        -0.7133759448358731,
                        1.7658936419620108,
                        2.108222362112318,
                        0.6328525828696204,
                        1.922694145322222
                    ],
                    [
                        -1.0853042936272885,
                        -1.3953159532189257,
                        2.108222362112318,
                        4.441370541774239,
                        0.3686242645496641,
                        3.6322589519157376
                    ],
                    [
                        0.5069529671392621,
                        -0.42069955217566285,
                        0.6328525828696204,
                        0.3686242645496641,
                        1.7817714859612033,
                        -0.5311577638145706
                    ],
                    [
                        -1.0223723031648464,
                        -0.7498036619211719,
                        1.922694145322222,
                        3.6322589519157376,
                        -0.5311577638145706,
                        5.045553805609081
                    ]
                ],
                "mui": [
                    0.0,
                    0.0,
                    0.0,
                    0.0,
                    0.0,
                    0.0
                ],
                "Ai": [
                    [
                        0.0,
                        0.0,
                        0.0,
                        0.0,
                        0.0,
                        0.0
                    ],
                    [
                        0.0,
                        0.0,
                        0.0,
                        0.0,
                        0.0,
                        0.0
                    ],
                    [
                        -0.5069402364101081,
                        -0.7133759448358731,
                        0.0,
                        0.0,
                        0.0,
                        0.0
                    ],
                    [
                        -0.8000727927979314,
                        -0.9939327589354751,
