{
    "expt_args": {
        "save_dir": "all_expt_logs/expt_logs_11.05.24-hard_var_shift",
        "exp_name": "460",
        "num_nodes": 6,
        "obs_noise_mean": 0.0,
        "obs_noise_var": 1.0,
        "max_edge_strength": 1.0,
        "graph_sparsity_method": "adj_dense_prop",
        "adj_dense_prop": 0.8,
        "num_parents": null,
        "new_noise_mean": 1.0,
        "mix_samples": 16384,
        "stage2_samples": 16384,
        "gmm_tol": 0.001,
        "intv_type": "hard",
        "new_noise_sigma": 0.2,
        "intv_targets": [
            0,
            1,
            2,
            3,
            4,
            5
        ]
    },
    "intv_args_dict": {
        "0": {
            "intv_type": "hard",
            "inode": 0,
            "new_mui": 1.0,
            "new_sigmai": 0.2,
            "true_params": {
                "Si": [
                    [
                        0.2,
                        0.16799023772835134,
                        -0.3081279417040123,
                        0.27175577135300627,
                        -0.42836762890144886,
                        0.5023790132514462
                    ],
                    [
                        0.16799023772835134,
                        1.14110359986014,
                        -1.0667528658553875,
                        0.31534199698083215,
                        -1.0415173895060728,
                        1.819931727675662
                    ],
                    [
                        -0.3081279417040123,
                        -1.0667528658553875,
                        2.12748188874901,
                        -1.365138424547915,
                        1.7038358669757787,
                        -2.6150893990189923
                    ],
                    [
                        0.27175577135300627,
                        0.3153419969808322,
                        -1.365138424547915,
                        2.1443987989485365,
                        -1.6362498564446344,
                        1.427825964063662
                    ],
                    [
                        -0.42836762890144886,
                        -1.0415173895060728,
                        1.7038358669757787,
                        -1.6362498564446342,
                        2.9421382901005266,
                        -2.379920669997591
                    ],
                    [
                        0.5023790132514462,
                        1.819931727675662,
                        -2.6150893990189923,
                        1.4278259640636617,
                        -2.379920669997591,
                        4.722637733868131
                    ]
                ],
                "mui": [
                    1.0,
                    0.8399511886417567,
                    -1.5406397085200614,
                    1.3587788567650312,
                    -2.1418381445072443,
                    2.511895066257231
                ],
                "Ai": [
                    [
                        0.0,
                        0.0,
                        0.0,
                        0.0,
                        0.0,
                        0.0
                    ],
                    [
                        0.8399511886417567,
                        0.0,
                        0.0,
                        0.0,
                        0.0,
                        0.0
                    ],
                    [
                        -0.8620091798174856,
                        -0.8079404349673646,
                        0.0,
                        0.0,
                        0.0,
                        0.0
                    ],
                    [
                        0.5304250892816442,
                        -0.6207601640235476,
                        -0.876104904769071,
                        0.0,
                        0.0,
                        0.0
                    ],
                    [
                        -0.8456457314018027,
                        -0.632698329027122,
                        0.0,
                        -0.5628264642034417,
                        0.0,
                        0.0
                    ],
                    [
                        0.7242405009586701,
                        0.8229970489530896,
                        -0.711637646179414,
                        -0.0,
                        0.0,
                        0.0
                    ]
                ]
            },
            "est_params": {
                "mui": [
                    0.9297934097253502,
                    0.9220893904391673,
                    -1.5578941679927518,
                    1.2763157690854443,
                    -2.121502856301933,
                    2.5596054215960695
                ],
                "Si": [
                    [
                        0.2284315586365243,
                        0.1791153932011095,
                        -0.33708762039316864,
                        0.17116721661922027,
                        -0.3857283808759094,
                        0.5290799068169466
                    ],
                    [
                        0.1791153932011095,
                        1.1459987008940828,
                        -1.0562337343568096,
                        0.1937072232559239,
                        -0.954630216882045,
                        1.8062643226920305
                    ],
                    [
                        -0.3370876203931687,
                        -1.0562337343568096,
                        2.1347896501176535,
                        -0.9015649903803785,
                        1.4246802160127943,
                        -2.645281909981672
                    ],
                    [
                        0.17116721661922027,
                        0.1937072232559239,
                        -0.9015649903803785,
                        1.490283666412898,
                        -1.1551771708644927,
                        0.9550504184696504
                    ],
                    [
                        -0.3857283808759094,
                        -0.954630216882045,
                        1.4246802160127943,
                        -1.1551771708644927,
                        2.5825241224798097,
                        -2.0605547817991945
                    ],
                    [
                        0.5290799068169466,
                        1.8062643226920305,
                        -2.6452819099816725,
                        0.9550504184696504,
                        -2.0605547817991945,
                        4.745340533532801
                    ]
                ]
            },
            "est_tgt": [
                0,
                3,
                4
            ],
            "oracle_est_tgt": [
                0
            ]
        },
        "1": {
            "intv_type": "hard",
            "inode": 1,
            "new_mui": 1.0,
            "new_sigmai": 0.2,
            "true_params": {
                "Si": [
                    [
                        1.0,
                        0.0,
                        -0.8620091798174856,
                        1.2856355596757074,
                        -1.569235447708294,
                        1.3376786846690327
                    ],
                    [
                        0.0,
                        0.2,
                        -0.16158808699347293,
                        0.017416082762523422,
                        -0.13634189808692995,
                        0.2795915756692874
                    ],
                    [
                        -0.8620091798174856,
                        -0.16158808699347293,
                        1.873613375380665,
                        -1.9984057165919022,
                        1.955946519486651,
                        -2.0906222912697547
                    ],
                    [
                        1.2856355596757074,
                        0.017416082762523422,
                        -1.9984057165919022,
                        3.4219351961570474,
                        -3.0241670368265585,
                        2.367583466774641
                    ],
                    [
                        -1.569235447708294,
                        -0.13634189808692995,
                        1.955946519486651,
                        -3.0241670368265585,
                        4.115361789512594,
                        -2.6406380237248612
                    ],
                    [
                        1.3376786846690327,
                        0.2795915756692874,
                        -2.0906222912697547,
                        2.367583466774641,
                        -2.6406380237248612,
                        3.686669648803824
                    ]
                ],
                "mui": [
                    0.0,
                    1.0,
                    -0.8079404349673646,
                    0.08708041381261711,
                    -0.6817094904346498,
                    1.3979578783464368
                ],
                "Ai": [
                    [
                        0.0,
                        0.0,
                        0.0,
                        0.0,
                        0.0,
                        0.0
                    ],
                    [
                        0.0,
                        0.0,
                        0.0,
                        0.0,
                        0.0,
                        0.0
                    ],
                    [
                        -0.8620091798174856,
                        -0.8079404349673646,
                        0.0,
                        0.0,
                        0.0,
                        0.0
                    ],
                    [
                        0.5304250892816442,
                        -0.6207601640235476,
                        -0.876104904769071,
                        0.0,
                        0.0,
                        0.0
                    ],
                    [
                        -0.8456457314018027,
                        -0.632698329027122,
                        0.0,
                        -0.5628264642034417,
                        0.0,
                        0.0
                    ],
                    [
                        0.7242405009586701,
                        0.8229970489530896,
                        -0.711637646179414,
                        -0.0,
                        0.0,
                        0.0
                    ]
                ]
            },
            "est_params": {
                "mui": [
                    0.02910352204064418,
                    0.998066021964112,
                    -0.9657992231987321,
                    0.3439000042235254,
                    -0.8784117580584018,
                    1.451466934391082
                ],
                "Si": [
                    [
                        0.9412533216209213,
                        -0.005301787160549698,
                        -0.8521071573920552,
                        1.275767519158732,
                        -1.5220604517636849,
                        1.243719568408994
                    ],
                    [
                        -0.005301787160549699,
                        0.049131434331609575,
                        -0.0434699883664605,
                        0.00511498572444066,
                        -0.027035167935998746,
                        0.06991704074240594
                    ],
                    [
                        -0.8521071573920552,
                        -0.0434699883664605,
                        1.781503163420019,
                        -1.9452742242627512,
                        1.8317801835919625,
                        -1.877795305839733
                    ],
                    [
                        1.275767519158732,
                        0.00511498572444066,
                        -1.9452742242627512,
                        3.381834051150239,
                        -3.0029872741021393,
                        2.2379839034760853
                    ],
                    [
                        -1.5220604517636849,
                        -0.02703516793599874,
                        1.831780183591962,
                        -3.0029872741021393,
                        4.016347446013743,
                        -2.360655585817593
                    ],
                    [
                        1.243719568408994,
                        0.06991704074240593,
                        -1.877795305839733,
                        2.2379839034760853,
                        -2.360655585817593,
                        3.258949703205098
                    ]
                ]
            },
            "est_tgt": [
                1,
                2,
                4
            ],
            "oracle_est_tgt": [
                1,
                2
            ]
        },
        "2": {
            "intv_type": "hard",
            "inode": 2,
            "new_mui": 1.0,
            "new_sigmai": 0.2,
            "true_params": {
                "Si": [
                    [
                        1.0,
                        0.8399511886417567,
                        0.0,
                        0.009016851648613544,
                        -1.3821563676514232,
                        1.4155178504754757
                    ],
                    [
                        0.8399511886417567,
                        1.7055179993007,
                        0.0,
                        -0.6131864487634883,
                        -1.444261964688986,
                        2.01196295000359
                    ],
                    [
                        0.0,
                        0.0,
                        0.2,
                        -0.17522098095381422,
                        0.09861900516449386,
                        -0.14232752923588282
                    ],
                    [
                        0.009016851648613544,
                        -0.6131864487634883,
                        -0.17522098095381422,
                        1.5389364456842793,
                        -0.4858171789508943,
                        -0.3734264221880935
                    ],
                    [
                        -1.3821563676514232,
                        -1.444261964688986,
                        0.09861900516449386,
                        -0.4858171789508943,
                        3.356027529248619,
                        -2.2598179516691252
                    ],
                    [
                        1.4155178504754757,
                        2.01196295000359,
                        -0.14232752923588282,
                        -0.3734264221880935,
                        -2.2598179516691252,
                        3.782300555492161
                    ]
                ],
                "mui": [
                    0.0,
                    0.0,
                    1.0,
                    -0.876104904769071,
                    0.4930950258224693,
                    -0.711637646179414
                ],
                "Ai": [
                    [
                        0.0,
                        0.0,
                        0.0,
                        0.0,
                        0.0,
                        0.0
                    ],
                    [
                        0.8399511886417567,
                        0.0,
                        0.0,
                        0.0,
                        0.0,
                        0.0
                    ],
                    [
                        0.0,
                        0.0,
                        0.0,
                        0.0,
                        0.0,
                        0.0
                    ],
                    [
                        0.5304250892816442,
                        -0.6207601640235476,
                        -0.876104904769071,
                        0.0,
                        0.0,
                        0.0
                    ],
                    [
                        -0.8456457314018027,
                        -0.632698329027122,
                        0.0,
                        -0.5628264642034417,
                        0.0,
                        0.0
                    ],
                    [
                        0.7242405009586701,
                        0.8229970489530896,
                        -0.711637646179414,
                        -0.0,
                        0.0,
                        0.0
                    ]
                ]
            },
            "est_params": {
                "mui": [
                    -0.016844842380929873,
                    0.015187561079413532,
                    0.9907520546948841,
                    -0.8323099192576587,
                    0.5378317582460822,
                    -0.7031268984445764
                ],
                "Si": [
                    [
                        0.9764371568383378,
                        0.8291927134101417,
                        -0.006268991108652115,
                        -0.03019900849528672,
                        -1.3482950118723567,
                        1.3894347413875412
                    ],
                    [
                        0.8291927134101417,
                        1.7136872146293145,
                        -0.0008118633276657418,
                        -0.7389510101194943,
                        -1.3648890548682955,
                        2.0290440433792956
                    ],
                    [
                        -0.006268991108652115,
                        -0.0008118633276657431,
                        0.03977266281904927,
                        -0.021936115667784185,
                        0.024778055540813488,
                        -0.025375035800665545
                    ],
                    [
                        -0.03019900849528672,
                        -0.7389510101194944,
                        -0.021936115667784185,
                        1.613262369675179,
                        -0.4298825820449377,
                        -0.6247171737623449
                    ],
                    [
                        -1.3482950118723567,
                        -1.3648890548682955,
                        0.024778055540813495,
                        -0.4298825820449377,
                        3.2154973422384145,
                        -2.070437855281613
                    ],
                    [
                        1.3894347413875412,
                        2.0290440433792956,
                        -0.025375035800665545,
                        -0.6247171737623449,
                        -2.070437855281614,
                        3.6666386765857326
                    ]
                ]
            },
            "est_tgt": [
                1,
                2,
                3,
                4,
                5
            ],
            "oracle_est_tgt": [
                1,
                2
            ]
        },
        "3": {
            "intv_type": "hard",
            "inode": 3,
            "new_mui": 1.0,
            "new_sigmai": 0.2,
            "true_params": {
                "Si": [
                    [
                        1.0,
                        0.8399511886417567,
                        -1.5406397085200614,
                        0.0,
                        -1.377081444919787,
                        2.511895066257231
                    ],
                    [
                        0.8399511886417567,
                        1.7055179993007,
                        -2.10200258940748,
                        0.0,
                        -1.7893795255440048,
                        3.507827124992562
                    ],
                    [
                        -1.5406397085200614,
                        -2.10200258940748,
                        4.026338457924034,
                        0.0,
                        2.632768919066903,
                        -5.711029625188209
                    ],
                    [
                        0.0,
                        0.0,
                        0.0,
                        0.2,
                        -0.11256529284068835,
                        0.0
                    ],
                    [
                        -1.377081444919787,
                        -1.7893795255440048,
                        2.632768919066903,
                        -0.11256529284068835,
                        3.36001520725763,
                        -4.343569701008483
                    ],
                    [
                        2.511895066257231,
                        3.507827124992562,
                        -5.711029625188209,
                        0.0,
                        -4.343569701008483,
                        9.770331192978066
                    ]
                ],
                "mui": [
                    0.0,
                    0.0,
                    0.0,
                    1.0,
                    -0.5628264642034417,
                    0.0
                ],
                "Ai": [
                    [
                        0.0,
                        0.0,
                        0.0,
                        0.0,
                        0.0,
                        0.0
                    ],
                    [
                        0.8399511886417567,
                        0.0,
                        0.0,
                        0.0,
                        0.0,
                        0.0
                    ],
                    [
                        -0.8620091798174856,
                        -0.8079404349673646,
                        0.0,
                        0.0,
                        0.0,
                        0.0
                    ],
                    [
                        0.0,
                        0.0,
                        0.0,
                        0.0,
                        0.0,
                        0.0
                    ],
                    [
                        -0.8456457314018027,
                        -0.632698329027122,
                        0.0,
                        -0.5628264642034417,
                        0.0,
                        0.0
                    ],
                    [
                        0.7242405009586701,
                        0.8229970489530896,
                        -0.711637646179414,
                        -0.0,
                        0.0,
                        0.0
                    ]
                ]
            },
            "est_params": {
                "mui": [
                    -0.06168797191123063,
                    0.017731810815133954,
                    -0.031281424786054,
                    0.030786068716326526,
                    0.09398555022609492,
                    -0.06567235862176171
                ],
                "Si": [
                    [
                        0.5782548689776598,
                        -0.016499350237299214,
                        -0.25216778048578753,
                        0.4084574261598459,
                        -0.600181939321073,
                        0.5163035959732406
                    ],
                    [
                        -0.01649935023729922,
                        0.5556379080304273,
                        -0.07391596185398108,
                        -0.4203553504394044,
                        -0.03469307778311547,
                        0.48396301976387723
                    ],
                    [
                        -0.2521677804857876,
                        -0.07391596185398108,
                        0.8648535850876872,
                        -0.7794053905930755,
                        0.5494832684370411,
                        -0.7609287962751353
                    ],
                    [
                        0.4084574261598459,
                        -0.4203553504394044,
                        -0.7794053905930755,
                        2.0762292680797514,
                        -1.1081456156692784,
                        0.3755148090360113
                    ],
                    [
                        -0.600181939321073,
                        -0.03469307778311549,
                        0.5494832684370411,
                        -1.108145615669278,
                        1.858297084579521,
                        -0.7108185023046522
                    ],
                    [
                        0.5163035959732406,
                        0.48396301976387723,
                        -0.7609287962751353,
                        0.3755148090360113,
                        -0.7108185023046519,
                        2.1450634524672965
                    ]
                ]
            },
            "est_tgt": [
                0,
                1,
                2,
                3,
                4,
                5
            ],
            "oracle_est_tgt": [
                3
            ]
        },
        "4": {
            "intv_type": "hard",
            "inode": 4,
            "new_mui": 1.0,
            "new_sigmai": 0.2,
            "true_params": {
                "Si": [
                    [
                        1.0,
                        0.8399511886417567,
                        -1.5406397085200614,
                        1.3587788567650312,
                        0.0,
                        2.511895066257231
                    ],
                    [
                        0.8399511886417567,
                        1.7055179993007,
                        -2.10200258940748,
                        1.2283883296536924,
                        0.0,
                        3.507827124992562
                    ],
                    [
                        -1.5406397085200614,
                        -2.10200258940748,
                        4.026338457924034,
                        -3.039849354011675,
                        0.0,
                        -5.711029625188209
                    ],
                    [
                        1.3587788567650312,
                        1.2283883296536924,
                        -3.039849354011675,
                        3.6214227842218847,
                        0.0,
                        4.1583138892178395
                    ],
                    [
                        0.0,
                        0.0,
                        0.0,
                        0.0,
                        0.2,
                        0.0
                    ],
                    [
                        2.511895066257231,
                        3.507827124992562,
                        -5.711029625188209,
                        4.1583138892178395,
                        0.0,
                        9.770331192978066
                    ]
                ],
                "mui": [
                    0.0,
                    0.0,
                    0.0,
                    0.0,
                    1.0,
                    0.0
                ],
                "Ai": [
                    [
                        0.0,
                        0.0,
                        0.0,
                        0.0,
                        0.0,
                        0.0
                    ],
                    [
                        0.8399511886417567,
                        0.0,
                        0.0,
                        0.0,
                        0.0,
                        0.0
                    ],
                    [
                        -0.8620091798174856,
                        -0.8079404349673646,
                        0.0,
                        0.0,
                        0.0,
                        0.0
                    ],
                    [
                        0.5304250892816442,
                        -0.6207601640235476,
                        -0.876104904769071,
                        0.0,
                        0.0,
                        0.0
                    ],
                    [
                        0.0,
                        0.0,
                        0.0,
                        0.0,
                        0.0,
                        0.0
                    ],
                    [
                        0.7242405009586701,
                        0.8229970489530896,
                        -0.711637646179414,
                        -0.0,
                        0.0,
                        0.0
                    ]
                ]
            },
            "est_params": {
                "mui": [
                    0.03320642098810446,
                    -0.0013446955887497062,
                    -0.027449347723887334,
                    0.03989975585187275,
                    0.9986280953635144,
                    0.04106176504688708
                ],
                "Si": [
                    [
                        0.9936057871992476,
                        0.898477152212031,
                        -1.6064667825868277,
                        1.375203513435839,
                        -0.0007580049147456171,
                        2.593914654306106
                    ],
                    [
                        0.898477152212031,
                        1.731419183119766,
                        -2.171485629736694,
                        1.2959743014424265,
                        0.0013385315992063569,
                        3.6267141739309094
                    ],
                    [
                        -1.6064667825868277,
                        -2.171485629736694,
                        4.201386265894797,
                        -3.1989437160959686,
                        -0.0050788183819644225,
                        -5.911499441508488
                    ],
                    [
                        1.375203513435839,
                        1.2959743014424265,
                        -3.1989437160959686,
                        3.7388768053210337,
                        0.010651002788441676,
                        4.2648404627949255
                    ],
                    [
                        -0.0007580049147456155,
                        0.0013385315992063584,
                        -0.005078818381964422,
                        0.010651002788441683,
                        0.04010773836233991,
                        -0.0011186861749063388
                    ],
                    [
                        2.5939146543061065,
                        3.6267141739309094,
                        -5.911499441508488,
                        4.2648404627949255,
                        -0.0011186861749063496,
                        9.974501843793142
                    ]
                ]
            },
            "est_tgt": [
                1,
                2,
                3,
                4,
                5
            ],
            "oracle_est_tgt": [
                4
            ]
        },
        "5": {
            "intv_type": "hard",
            "inode": 5,
            "new_mui": 1.0,
            "new_sigmai": 0.2,
            "true_params": {
                "Si": [
                    [
                        1.0,
                        0.8399511886417567,
                        -1.5406397085200614,
                        1.3587788567650312,
                        -2.1418381445072443,
                        0.0
                    ],
                    [
                        0.8399511886417567,
                        1.7055179993007,
                        -2.10200258940748,
                        1.2283883296536924,
                        -2.4807489857917644,
                        0.0
                    ],
                    [
                        -1.5406397085200614,
                        -2.10200258940748,
                        4.026338457924034,
                        -3.039849354011675,
                        4.3436765826964105,
                        0.0
                    ],
                    [
                        1.3587788567650312,
                        1.2283883296536924,
                        -3.039849354011675,
                        3.6214227842218847,
                        -3.9644773647400657,
                        0.0
                    ],
                    [
                        -2.1418381445072443,
                        -2.4807489857917644,
                        4.3436765826964105,
                        -3.9644773647400657,
                        6.612114799913515,
                        0.0
                    ],
                    [
                        0.0,
                        0.0,
                        0.0,
                        0.0,
                        0.0,
                        0.2
                    ]
                ],
                "mui": [
                    0.0,
                    0.0,
                    0.0,
                    0.0,
                    0.0,
                    1.0
                ],
                "Ai": [
                    [
                        0.0,
                        0.0,
                        0.0,
                        0.0,
                        0.0,
                        0.0
                    ],
                    [
                        0.8399511886417567,
                        0.0,
                        0.0,
                        0.0,
                        0.0,
                        0.0
                    ],
                    [
                        -0.8620091798174856,
                        -0.8079404349673646,
                        0.0,
                        0.0,
                        0.0,
                        0.0
                    ],
                    [
                        0.5304250892816442,
                        -0.6207601640235476,
                        -0.876104904769071,
                        0.0,
                        0.0,
                        0.0
                    ],
                    [
                        -0.8456457314018027,
                        -0.632698329027122,
                        0.0,
                        -0.5628264642034417,
                        0.0,
                        0.0
                    ],
                    [
                        0.0,
                        0.0,
                        0.0,
                        0.0,
                        0.0,
                        0.0
                    ]
                ]
            },
            "est_params": {
                "mui": [
                    -0.014743233237889772,
                    -0.03327330285180107,
                    0.05785119742976341,
                    -0.04975335062430887,
                    0.05346193955074568,
                    1.010909987309823
                ],
                "Si": [
                    [
                        1.027140211929322,
                        0.9069465256356379,
                        -1.6042660934522055,
                        1.3391818736907986,
                        -2.1761338335878158,
                        0.0029395359811055974
                    ],
                    [
                        0.9069465256356379,
                        1.7945219354879305,
                        -2.2460777273327066,
                        1.3302639024793117,
                        -2.6816468802236346,
                        0.003425039223846188
                    ],
                    [
                        -1.6042660934522057,
                        -2.2460777273327066,
                        4.1976123832198695,
                        -3.0508498986532593,
                        4.521645201056727,
                        -0.009994356951249415
                    ],
                    [
                        1.3391818736907986,
                        1.3302639024793117,
                        -3.050849898653259,
                        3.4156047356344525,
                        -3.872005689331082,
                        0.009362903298752884
                    ],
                    [
                        -2.1761338335878158,
                        -2.681646880223635,
                        4.521645201056727,
                        -3.872005689331082,
                        6.669662484659599,
                        -0.009562086179803402
                    ],
                    [
                        0.002939535981105597,
                        0.003425039223846188,
                        -0.009994356951249415,
                        0.009362903298752884,
                        -0.009562086179803397,
                        0.04105523946414209
                    ]
                ]
            },
            "est_tgt": [
                2,
                5
            ],
            "oracle_est_tgt": [
                5
            ]
        },
        "obs": {
            "intv_type": "obs",
            "true_params": {
                "Si": [
                    [
                        1.0,
                        0.8399511886417567,
                        -1.5406397085200614,
                        1.3587788567650312,
                        -2.1418381445072443,
                        2.511895066257231
                    ],
                    [
                        0.8399511886417567,
                        1.7055179993007,
                        -2.10200258940748,
                        1.2283883296536924,
                        -2.4807489857917644,
                        3.507827124992562
                    ],
                    [
                        -1.5406397085200614,
                        -2.10200258940748,
                        4.026338457924034,
                        -3.039849354011675,
                        4.3436765826964105,
                        -5.711029625188209
                    ],
                    [
                        1.3587788567650312,
                        1.2283883296536924,
                        -3.039849354011675,
                        3.6214227842218847,
                        -3.9644773647400657,
                        4.1583138892178395
                    ],
                    [
                        -2.1418381445072443,
                        -2.4807489857917644,
                        4.3436765826964105,
                        -3.9644773647400657,
                        6.612114799913515,
                        -6.683978804325022
                    ],
                    [
                        2.511895066257231,
                        3.507827124992562,
                        -5.711029625188209,
                        4.1583138892178395,
                        -6.683978804325022,
                        9.770331192978066
                    ]
                ],
                "mui": [
                    0.0,
                    0.0,
                    0.0,
                    0.0,
                    0.0,
                    0.0
                ],
                "Ai": [
                    [
                        0.0,
                        0.0,
                        0.0,
                        0.0,
                        0.0,
                        0.0
                    ],
                    [
                        0.8399511886417567,
                        0.0,
                        0.0,
