{
    "expt_args": {
        "save_dir": "all_expt_logs/expt_logs_11.05.24-hard_var_shift",
        "exp_name": "314",
        "num_nodes": 6,
        "obs_noise_mean": 0.0,
        "obs_noise_var": 1.0,
        "max_edge_strength": 1.0,
        "graph_sparsity_method": "adj_dense_prop",
        "adj_dense_prop": 0.8,
        "num_parents": null,
        "new_noise_mean": 1.0,
        "mix_samples": 4096,
        "stage2_samples": 4096,
        "gmm_tol": 0.001,
        "intv_type": "hard",
        "new_noise_sigma": 2.0,
        "intv_targets": [
            0,
            1,
            2,
            3,
            4,
            5
        ]
    },
    "intv_args_dict": {
        "0": {
            "intv_type": "hard",
            "inode": 0,
            "new_mui": 1.0,
            "new_sigmai": 2.0,
            "true_params": {
                "Si": [
                    [
                        2.0,
                        1.3781400436964217,
                        -1.9547438186045965,
                        -4.017293935278886,
                        -2.3453272063929784,
                        3.0216476327221864
                    ],
                    [
                        1.3781400436964217,
                        1.9496349900197876,
                        -1.8948537342442935,
                        -3.8255940127344057,
                        -1.9288241769527066,
                        3.1442951559625425
                    ],
                    [
                        -1.9547438186045965,
                        -1.8948537342442935,
                        3.2107043203374546,
                        5.044031935328866,
                        3.034381056910414,
                        -3.434312701319818
                    ],
                    [
                        -4.017293935278886,
                        -3.8255940127344057,
                        5.044031935328866,
                        10.477176144593827,
                        5.348862062742036,
                        -7.666078330898452
                    ],
                    [
                        -2.3453272063929784,
                        -1.9288241769527066,
                        3.034381056910414,
                        5.348862062742036,
                        4.173869565984235,
                        -3.143325861066205
                    ],
                    [
                        3.0216476327221864,
                        3.1442951559625425,
                        -3.434312701319818,
                        -7.666078330898452,
                        -3.143325861066205,
                        7.437295233516778
                    ]
                ],
                "mui": [
                    1.0,
                    0.6890700218482109,
                    -0.9773719093022982,
                    -2.008646967639443,
                    -1.1726636031964892,
                    1.5108238163610932
                ],
                "Ai": [
                    [
                        0.0,
                        0.0,
                        0.0,
                        0.0,
                        0.0,
                        0.0
                    ],
                    [
                        0.6890700218482109,
                        0.0,
                        0.0,
                        0.0,
                        0.0,
                        0.0
                    ],
                    [
                        -0.5998315685833278,
                        -0.547898368450769,
                        0.0,
                        0.0,
                        0.0,
                        0.0
                    ],
                    [
                        -0.9571396297996687,
                        -0.7624659696697317,
                        0.5382954947380314,
                        0.0,
                        0.0,
                        0.0
                    ],
                    [
                        -0.6147991277013676,
                        -0.0,
                        0.5707801402777741,
                        0.0,
                        0.0,
                        0.0
                    ],
                    [
                        0.7489828222372237,
                        0.7149978624697592,
                        0.0,
                        -0.5278465246688162,
                        0.6746179531693646,
                        0.0
                    ]
                ]
            },
            "est_params": {
                "mui": [
                    1.1383359533035342,
                    2.0265332281630175,
                    -1.815705303860141,
                    -3.641509750490875,
                    -1.774756657847115,
                    2.8977236628023015
                ],
                "Si": [
                    [
                        2.9695345081626656,
                        0.3551695003090549,
                        -1.9168136413410288,
                        -3.9962346536847195,
                        -2.9072121173271905,
                        2.5783027113944312
                    ],
                    [
                        0.3551695003090549,
                        2.0858601347263077,
                        -1.3278733569381733,
                        -2.5333623905994873,
                        -0.995273363998442,
                        2.454982705188795
                    ],
                    [
                        -1.9168136413410284,
                        -1.3278733569381733,
                        2.8055126276560585,
                        4.104405825973269,
                        2.8363660723048403,
                        -2.575298072500384
                    ],
                    [
                        -3.9962346536847195,
                        -2.5333623905994864,
                        4.104405825973269,
                        8.537008953817622,
                        4.734030633888684,
                        -6.05554864616212
                    ],
                    [
                        -2.9072121173271905,
                        -0.995273363998442,
                        2.8363660723048403,
                        4.734030633888684,
                        4.363506071166629,
                        -2.2964301898778543
                    ],
                    [
                        2.578302711394431,
                        2.454982705188795,
                        -2.575298072500384,
                        -6.055548646162121,
                        -2.2964301898778543,
                        6.296853810626627
                    ]
                ]
            },
            "est_tgt": [
                0,
                1
            ],
            "oracle_est_tgt": [
                0
            ]
        },
        "1": {
            "intv_type": "hard",
            "inode": 1,
            "new_mui": 1.0,
            "new_sigmai": 2.0,
            "true_params": {
                "Si": [
                    [
                        1.0,
                        0.0,
                        -0.5998315685833278,
                        -1.2800262607697206,
                        -0.9571710745603967,
                        0.7789154443164845
                    ],
                    [
                        0.0,
                        2.0,
                        -1.095796736901538,
                        -2.114794385962197,
                        -0.625459015204587,
                        2.124336711330142
                    ],
                    [
                        -0.5998315685833278,
                        -1.095796736901538,
                        1.9601831549711646,
                        2.4647880482409184,
                        1.4876095412973442,
                        -1.5302175671344296
                    ],
                    [
                        -1.2800262607697206,
                        -2.114794385962197,
                        2.4647880482409184,
                        5.164406915363988,
                        2.193811096486,
                        -3.7168210375539408
                    ],
                    [
                        -0.9571710745603967,
                        -0.625459015204587,
                        1.4876095412973442,
                        2.193811096486,
                        2.4375659243609658,
                        -0.6776763801740373
                    ],
                    [
                        0.7789154443164845,
                        2.124336711330142,
                        -1.5302175671344296,
                        -3.7168210375539408,
                        -0.6776763801740373,
                        4.607028910519968
                    ]
                ],
                "mui": [
                    0.0,
                    1.0,
                    -0.547898368450769,
                    -1.0573971929810986,
                    -0.3127295076022935,
                    1.062168355665071
                ],
                "Ai": [
                    [
                        0.0,
                        0.0,
                        0.0,
                        0.0,
                        0.0,
                        0.0
                    ],
                    [
                        0.0,
                        0.0,
                        0.0,
                        0.0,
                        0.0,
                        0.0
                    ],
                    [
                        -0.5998315685833278,
                        -0.547898368450769,
                        0.0,
                        0.0,
                        0.0,
                        0.0
                    ],
                    [
                        -0.9571396297996687,
                        -0.7624659696697317,
                        0.5382954947380314,
                        0.0,
                        0.0,
                        0.0
                    ],
                    [
                        -0.6147991277013676,
                        -0.0,
                        0.5707801402777741,
                        0.0,
                        0.0,
                        0.0
                    ],
                    [
                        0.7489828222372237,
                        0.7149978624697592,
                        0.0,
                        -0.5278465246688162,
                        0.6746179531693646,
                        0.0
                    ]
                ]
            },
            "est_params": {
                "mui": [
                    0.543322778320952,
                    0.31492677405009556,
                    -0.8322873606149369,
                    -1.7135123202120637,
                    -1.1911664457425906,
                    0.716126806041908
                ],
                "Si": [
                    [
                        0.7821237043874482,
                        0.37938861767619175,
                        -0.7403840119410152,
                        -1.2148088435968711,
                        -0.7892659222487549,
                        0.35887569262013147
                    ],
                    [
                        0.37938861767619175,
                        1.724169032042796,
                        -1.2896629011413965,
                        -2.4184153340184062,
                        -0.8970952498957031,
                        1.194317982384111
                    ],
                    [
                        -0.7403840119410152,
                        -1.2896629011413965,
                        1.766506348690464,
                        2.450037862610458,
                        1.384539856012529,
                        -0.9048199722378837
                    ],
                    [
                        -1.2148088435968711,
                        -2.4184153340184062,
                        2.450037862610458,
                        4.973424113043477,
                        1.752724528101644,
                        -1.5938147725045968
                    ],
                    [
                        -0.7892659222487549,
                        -0.8970952498957031,
                        1.384539856012529,
                        1.752724528101644,
                        2.353743120436108,
                        -0.42147527659526174
                    ],
                    [
                        0.35887569262013147,
                        1.1943179823841108,
                        -0.9048199722378837,
                        -1.5938147725045964,
                        -0.42147527659526174,
                        3.922766118439503
                    ]
                ]
            },
            "est_tgt": [
                0,
                1,
                2,
                3,
                4,
                5
            ],
            "oracle_est_tgt": [
                1
            ]
        },
        "2": {
            "intv_type": "hard",
            "inode": 2,
            "new_mui": 1.0,
            "new_sigmai": 2.0,
            "true_params": {
                "Si": [
                    [
                        1.0,
                        0.6890700218482109,
                        0.0,
                        -1.482532072178508,
                        -0.6147991277013676,
                        1.6094612878199612
                    ],
                    [
                        0.6890700218482109,
                        1.4748174950098938,
                        0.0,
                        -1.7840343770364497,
                        -0.42363964835744233,
                        2.2264943995001163
                    ],
                    [
                        0.0,
                        0.0,
                        2.0,
                        1.0765909894760628,
                        1.1415602805555483,
                        0.20184224760312774
                    ],
                    [
                        -1.482532072178508,
                        -1.7840343770364497,
                        1.0765909894760628,
                        4.35877977925283,
                        1.5259561807595825,
                        -3.657301144616233
                    ],
                    [
                        -0.6147991277013676,
                        -0.42363964835744233,
                        1.1415602805555483,
                        1.5259561807595825,
                        2.0295579044933936,
                        -0.19966989625057285
                    ],
                    [
                        1.6094612878199612,
                        2.2264943995001163,
                        0.20184224760312774,
                        -3.657301144616233,
                        -0.19966989625057285,
                        5.593190396211286
                    ]
                ],
                "mui": [
                    0.0,
                    0.0,
                    1.0,
                    0.5382954947380314,
                    0.5707801402777741,
                    0.10092112380156387
                ],
                "Ai": [
                    [
                        0.0,
                        0.0,
                        0.0,
                        0.0,
                        0.0,
                        0.0
                    ],
                    [
                        0.6890700218482109,
                        0.0,
                        0.0,
                        0.0,
                        0.0,
                        0.0
                    ],
                    [
                        0.0,
                        0.0,
                        0.0,
                        0.0,
                        0.0,
                        0.0
                    ],
                    [
                        -0.9571396297996687,
                        -0.7624659696697317,
                        0.5382954947380314,
                        0.0,
                        0.0,
                        0.0
                    ],
                    [
                        -0.6147991277013676,
                        -0.0,
                        0.5707801402777741,
                        0.0,
                        0.0,
                        0.0
                    ],
                    [
                        0.7489828222372237,
                        0.7149978624697592,
                        0.0,
                        -0.5278465246688162,
                        0.6746179531693646,
                        0.0
                    ]
                ]
            },
            "est_params": {
                "mui": [
                    0.024075714926647156,
                    0.013791100754823668,
                    -0.026899063614046204,
                    0.05338922030118485,
                    0.24173260273116534,
                    0.2605945930611022
                ],
                "Si": [
                    [
                        0.794579873016566,
                        0.267775237642022,
                        -0.5822163533190422,
                        -1.2523284983586134,
                        -0.8509292093689388,
                        0.7982251335726541
                    ],
                    [
                        0.267775237642022,
                        1.1468753487875232,
                        -0.740760744306737,
                        -1.3232479257552792,
                        -0.5482328501950743,
                        1.1518112021801379
                    ],
                    [
                        -0.5822163533190421,
                        -0.7407607443067371,
                        1.8037607028550016,
                        1.947324977207336,
                        1.3944582120031999,
                        -1.0038476038821829
                    ],
                    [
                        -1.2523284983586134,
                        -1.3232479257552794,
                        1.947324977207336,
                        3.939106740545881,
                        2.0361305165028205,
                        -2.2801133105367115
                    ],
                    [
                        -0.8509292093689388,
                        -0.5482328501950743,
                        1.3944582120031999,
                        2.0361305165028205,
                        2.4072595739306135,
                        -0.4150923214108052
                    ],
                    [
                        0.798225133572654,
                        1.1518112021801379,
                        -1.0038476038821829,
                        -2.2801133105367115,
                        -0.41509232141080527,
                        3.083218881349295
                    ]
                ]
            },
            "est_tgt": [
                1,
                4,
                5
            ],
            "oracle_est_tgt": [
                2,
                3,
                4
            ]
        },
        "3": {
            "intv_type": "hard",
            "inode": 3,
            "new_mui": 1.0,
            "new_sigmai": 2.0,
            "true_params": {
                "Si": [
                    [
                        1.0,
                        0.6890700218482109,
                        -0.9773719093022982,
                        0.0,
                        -1.1726636031964892,
                        0.4505664952060572
                    ],
                    [
                        0.6890700218482109,
                        1.4748174950098938,
                        -1.2213760513475314,
                        0.0,
                        -1.1207768422775,
                        0.8144967868511463
                    ],
                    [
                        -0.9773719093022982,
                        -1.2213760513475314,
                        2.2554484712442346,
                        0.0,
                        1.8882525920849484,
                        -0.3314669382507638
                    ],
                    [
                        0.0,
                        0.0,
                        0.0,
                        2.0,
                        0.0,
                        -1.0556930493376324
                    ],
                    [
                        -1.1726636031964892,
                        -1.1207768422775,
                        1.8882525920849484,
                        0.0,
                        2.7987296397224615,
                        0.208415319433003
                    ],
                    [
                        0.4505664952060572,
                        0.8144967868511463,
                        -0.3314669382507638,
                        -1.0556930493376324,
                        0.208415319433003,
                        2.61767465018695
                    ]
                ],
                "mui": [
                    0.0,
                    0.0,
                    0.0,
                    1.0,
                    0.0,
                    -0.5278465246688162
                ],
                "Ai": [
                    [
                        0.0,
                        0.0,
                        0.0,
                        0.0,
                        0.0,
                        0.0
                    ],
                    [
                        0.6890700218482109,
                        0.0,
                        0.0,
                        0.0,
                        0.0,
                        0.0
                    ],
                    [
                        -0.5998315685833278,
                        -0.547898368450769,
                        0.0,
                        0.0,
                        0.0,
                        0.0
                    ],
                    [
                        0.0,
                        0.0,
                        0.0,
                        0.0,
                        0.0,
                        0.0
                    ],
                    [
                        -0.6147991277013676,
                        -0.0,
                        0.5707801402777741,
                        0.0,
                        0.0,
                        0.0
                    ],
                    [
                        0.7489828222372237,
                        0.7149978624697592,
                        0.0,
                        -0.5278465246688162,
                        0.6746179531693646,
                        0.0
                    ]
                ]
            },
            "est_params": {
                "mui": [
                    -0.09602593762878099,
                    -0.06187340121772594,
                    0.0677954366979989,
                    1.1647168240015726,
                    0.07190117304160135,
                    -0.5523437695337575
                ],
                "Si": [
                    [
                        1.0207456492839417,
                        0.7720083105674564,
                        -1.0773017321577858,
                        -0.21341578821695364,
                        -1.1265972350570552,
                        0.737159495210443
                    ],
                    [
                        0.7720083105674564,
                        1.531966338151841,
                        -1.2331842019962558,
                        -0.24737138533815653,
                        -1.1107406538402451,
                        1.1228615372694293
                    ],
                    [
                        -1.0773017321577854,
                        -1.2331842019962558,
                        2.1848074379573608,
                        0.27845059079077566,
                        1.8584952767671077,
                        -0.5382629261086276
                    ],
                    [
                        -0.21341578821695364,
                        -0.24737138533815653,
                        0.27845059079077566,
                        3.936388755006886,
                        0.11082775972924204,
                        -2.4747713917337206
                    ],
                    [
                        -1.1265972350570552,
                        -1.1107406538402453,
                        1.8584952767671077,
                        0.110827759729242,
                        2.6535200325849573,
                        0.09997338756164878
                    ],
                    [
                        0.737159495210443,
                        1.1228615372694293,
                        -0.5382629261086276,
                        -2.4747713917337206,
                        0.09997338756164882,
                        3.9139332906496143
                    ]
                ]
            },
            "est_tgt": [
                2,
                3,
                4
            ],
            "oracle_est_tgt": [
                2,
                3,
                4
            ]
        },
        "4": {
            "intv_type": "hard",
            "inode": 4,
            "new_mui": 1.0,
            "new_sigmai": 2.0,
            "true_params": {
                "Si": [
                    [
                        1.0,
                        0.6890700218482109,
                        -0.9773719093022982,
                        -2.008646967639443,
                        0.0,
                        2.3019237361057208
                    ],
                    [
                        0.6890700218482109,
                        1.4748174950098938,
                        -1.2213760513475314,
                        -2.441495602857752,
                        0.0,
                        2.8593279351106777
                    ],
                    [
                        -0.9773719093022982,
                        -1.2213760513475314,
                        2.2554484712442346,
                        3.080836813452832,
                        0.0,
                        -3.2315250420426858
                    ],
                    [
                        -2.008646967639443,
                        -2.441495602857752,
                        3.080836813452832,
                        6.442513503986698,
                        0.0,
                        -6.650764575184736
                    ],
                    [
                        0.0,
                        0.0,
                        0.0,
                        0.0,
                        2.0,
                        1.3492359063387291
                    ],
                    [
                        2.3019237361057208,
                        2.8593279351106777,
                        -3.2315250420426858,
                        -6.650764575184736,
                        1.3492359063387291,
                        9.189316431026107
                    ]
                ],
                "mui": [
                    0.0,
                    0.0,
                    0.0,
                    0.0,
                    1.0,
                    0.6746179531693646
                ],
                "Ai": [
                    [
                        0.0,
                        0.0,
                        0.0,
                        0.0,
                        0.0,
                        0.0
                    ],
                    [
                        0.6890700218482109,
                        0.0,
                        0.0,
                        0.0,
                        0.0,
                        0.0
                    ],
                    [
                        -0.5998315685833278,
                        -0.547898368450769,
                        0.0,
                        0.0,
                        0.0,
                        0.0
                    ],
                    [
                        -0.9571396297996687,
                        -0.7624659696697317,
                        0.5382954947380314,
                        0.0,
                        0.0,
                        0.0
                    ],
                    [
                        0.0,
                        0.0,
                        0.0,
                        0.0,
                        0.0,
                        0.0
                    ],
                    [
                        0.7489828222372237,
                        0.7149978624697592,
                        0.0,
                        -0.5278465246688162,
                        0.6746179531693646,
                        0.0
                    ]
                ]
            },
            "est_params": {
                "mui": [
                    -0.011636594888033959,
                    -0.04749349657118666,
                    -0.07832846903953243,
                    -0.07012728028423387,
                    0.8786813926894542,
                    0.5844454890153722
                ],
                "Si": [
                    [
                        1.1579320193760962,
                        0.8089500022943334,
                        -1.2768951418617172,
                        -2.423145475101524,
                        -0.05644792089008417,
                        2.756722075008288
                    ],
                    [
                        0.8089500022943334,
                        1.3206866971646671,
                        -1.2564727448121817,
                        -2.5822573054597737,
                        -0.14044342357405548,
                        2.8589307224281666
                    ],
                    [
                        -1.2768951418617172,
                        -1.2564727448121817,
                        2.4823330450665386,
                        3.5610892541703736,
                        0.09536306769072633,
                        -3.688732071311294
                    ],
                    [
                        -2.423145475101524,
                        -2.5822573054597737,
                        3.5610892541703736,
                        7.2152688076236995,
                        0.45104753614532206,
                        -7.302280818037935
                    ],
                    [
                        -0.056447920890084144,
                        -0.14044342357405548,
                        0.09536306769072633,
                        0.45104753614532206,
                        4.2392962655420625,
                        2.288706100250384
                    ],
                    [
                        2.756722075008288,
                        2.8589307224281666,
                        -3.688732071311294,
                        -7.302280818037935,
                        2.288706100250384,
                        10.332259446397137
                    ]
                ]
            },
            "est_tgt": [
                0,
                2,
                3,
                4
            ],
            "oracle_est_tgt": [
                2,
                4
            ]
        },
        "5": {
            "intv_type": "hard",
            "inode": 5,
            "new_mui": 1.0,
            "new_sigmai": 2.0,
            "true_params": {
                "Si": [
                    [
                        1.0,
                        0.6890700218482109,
                        -0.9773719093022982,
                        -2.008646967639443,
                        -1.1726636031964892,
                        0.0
                    ],
                    [
                        0.6890700218482109,
                        1.4748174950098938,
                        -1.2213760513475314,
                        -2.441495602857752,
                        -1.1207768422775,
                        0.0
                    ],
                    [
                        -0.9773719093022982,
                        -1.2213760513475314,
                        2.2554484712442346,
                        3.080836813452832,
                        1.8882525920849484,
                        0.0
                    ],
                    [
                        -2.008646967639443,
                        -2.441495602857752,
                        3.080836813452832,
                        6.442513503986698,
                        2.9933948721202652,
                        0.0
                    ],
                    [
                        -1.1726636031964892,
                        -1.1207768422775,
                        1.8882525920849484,
                        2.9933948721202652,
                        2.7987296397224615,
                        0.0
                    ],
                    [
                        0.0,
                        0.0,
                        0.0,
                        0.0,
                        0.0,
                        2.0
                    ]
                ],
                "mui": [
                    0.0,
                    0.0,
                    0.0,
                    0.0,
                    0.0,
                    1.0
                ],
                "Ai": [
                    [
                        0.0,
                        0.0,
                        0.0,
                        0.0,
                        0.0,
                        0.0
                    ],
                    [
                        0.6890700218482109,
                        0.0,
                        0.0,
                        0.0,
                        0.0,
                        0.0
                    ],
                    [
                        -0.5998315685833278,
                        -0.547898368450769,
                        0.0,
                        0.0,
                        0.0,
                        0.0
                    ],
                    [
                        -0.9571396297996687,
                        -0.7624659696697317,
                        0.5382954947380314,
                        0.0,
                        0.0,
                        0.0
                    ],
                    [
                        -0.6147991277013676,
                        -0.0,
                        0.5707801402777741,
                        0.0,
                        0.0,
                        0.0
                    ],
                    [
                        0.0,
                        0.0,
                        0.0,
                        0.0,
                        0.0,
                        0.0
                    ]
                ]
            },
            "est_params": {
                "mui": [
                    -0.30431004911003157,
                    -0.13316522838125175,
                    0.3243625518193069,
                    0.8167168405586053,
                    0.4317237412049597,
                    0.9747586336630989
                ],
                "Si": [
                    [
                        1.0100480363527808,
                        0.804044439376568,
                        -0.8601154277993059,
                        -1.9063340109768363,
                        -1.1400586275133118,
                        -0.17158790954182607
                    ],
                    [
                        0.804044439376568,
                        1.4677910041188764,
                        -1.2186171868260722,
                        -2.501551240992239,
                        -1.219189248809783,
                        -0.31967985152620093
                    ],
                    [
                        -0.8601154277993059,
                        -1.2186171868260722,
                        2.113833664065031,
                        2.830161295840961,
                        1.7701529547445478,
                        0.43023223035636754
                    ],
                    [
                        -1.9063340109768363,
                        -2.501551240992239,
                        2.830161295840961,
                        5.9352247009160175,
                        2.8217601082388053,
                        0.7525732800149433
                    ],
                    [
                        -1.1400586275133118,
                        -1.219189248809783,
                        1.7701529547445478,
                        2.8217601082388053,
                        2.7351052113738463,
                        0.31882705538859585
                    ],
                    [
                        -0.1715879095418261,
                        -0.31967985152620093,
                        0.43023223035636754,
                        0.7525732800149433,
                        0.31882705538859585,
                        4.998326421908149
                    ]
                ]
            },
            "est_tgt": [
                0,
                3,
                5
            ],
            "oracle_est_tgt": [
                5
            ]
        },
        "obs": {
            "intv_type": "obs",
            "true_params": {
                "Si": [
                    [
                        1.0,
                        0.6890700218482109,
                        -0.9773719093022982,
                        -2.008646967639443,
                        -1.1726636031964892,
                        1.5108238163610932
                    ],
                    [
                        0.6890700218482109,
                        1.4748174950098938,
                        -1.2213760513475314,
                        -2.441495602857752,
                        -1.1207768422775,
                        2.1032317558138067
                    ],
                    [
                        -0.9773719093022982,
                        -1.2213760513475314,
                        2.2554484712442346,
                        3.080836813452832,
                        1.8882525920849484,
                        -1.957675943303591
                    ],
                    [
                        -2.008646967639443,
                        -2.441495602857752,
                        3.080836813452832,
                        6.442513503986698,
                        2.9933948721202652,
                        -4.631366653527292
                    ],
                    [
                        -1.1726636031964892,
                        -1.1207768422775,
                        1.8882525920849484,
                        2.9933948721202652,
                        2.7987296397224615,
                        -1.3716377607771342
                    ],
                    [
                        1.5108238163610932,
                        2.1032317558138067,
                        -1.957675943303591,
                        -4.631366653527292,
                        -1.3716377607771342,
                        5.154706629432879
                    ]
                ],
                "mui": [
                    0.0,
                    0.0,
                    0.0,
                    0.0,
                    0.0,
                    0.0
                ],
                "Ai": [
                    [
                        0.0,
                        0.0,
                        0.0,
                        0.0,
                        0.0,
                        0.0
                    ],
                    [
                        0.6890700218482109,
                        0.0,
                        0.0,
                        0.0,
                        0.0,
