{
    "expt_args": {
        "save_dir": "all_expt_logs/expt_logs_11.05.24-hard_var_shift",
        "exp_name": "17",
        "num_nodes": 6,
        "obs_noise_mean": 0.0,
        "obs_noise_var": 1.0,
        "max_edge_strength": 1.0,
        "graph_sparsity_method": "adj_dense_prop",
        "adj_dense_prop": 0.8,
        "num_parents": null,
        "new_noise_mean": 1.0,
        "mix_samples": 2048,
        "stage2_samples": 2048,
        "gmm_tol": 0.001,
        "intv_type": "hard",
        "new_noise_sigma": 0.5,
        "intv_targets": [
            0,
            1,
            2,
            3,
            4,
            5
        ]
    },
    "intv_args_dict": {
        "0": {
            "intv_type": "hard",
            "inode": 0,
            "new_mui": 1.0,
            "new_sigmai": 0.5,
            "true_params": {
                "Si": [
                    [
                        0.5,
                        0.34559621121070083,
                        0.18502879513810583,
                        0.24085945690700156,
                        0.761957908377543,
                        0.8742289616937913
                    ],
                    [
                        0.34559621121070083,
                        1.2388734824063827,
                        -0.7146719639654273,
                        0.8634191708975767,
                        0.9106133197891704,
                        0.9508215971605594
                    ],
                    [
                        0.18502879513810583,
                        -0.7146719639654273,
                        1.778382817646888,
                        -0.498082720595645,
                        0.586640458138566,
                        0.38420726495397495
                    ],
                    [
                        0.24085945690700156,
                        0.8634191708975767,
                        -0.498082720595645,
                        1.6017504412358692,
                        0.6346418813109665,
                        0.061113316130338324
                    ],
                    [
                        0.761957908377543,
                        0.9106133197891704,
                        0.586640458138566,
                        0.6346418813109665,
                        2.703186813915732,
                        2.248320107477798
                    ],
                    [
                        0.8742289616937913,
                        0.9508215971605594,
                        0.38420726495397495,
                        0.061113316130338324,
                        2.248320107477798,
                        3.450141379907054
                    ]
                ],
                "mui": [
                    1.0,
                    0.6911924224214017,
                    0.37005759027621166,
                    0.4817189138140031,
                    1.523915816755086,
                    1.7484579233875825
                ],
                "Ai": [
                    [
                        0.0,
                        0.0,
                        0.0,
                        0.0,
                        0.0,
                        0.0
                    ],
                    [
                        0.6911924224214017,
                        0.0,
                        0.0,
                        0.0,
                        0.0,
                        0.0
                    ],
                    [
                        0.9524303815663291,
                        -0.8425624650946479,
                        0.0,
                        0.0,
                        0.0,
                        0.0
                    ],
                    [
                        0.0,
                        0.696938939414923,
                        -0.0,
                        0.0,
                        0.0,
                        0.0
                    ],
                    [
                        0.6602348179306147,
                        0.9132323176268065,
                        0.6281772001946452,
                        -0.0,
                        0.0,
                        0.0
                    ],
                    [
                        0.8023127911817698,
                        0.5502338781785345,
                        -0.0,
                        -0.6015512793675452,
                        0.5614524533064378,
                        0.0
                    ]
                ]
            },
            "est_params": {
                "mui": [
                    1.2630490113265425,
                    1.3154139224983767,
                    0.46971205640503916,
                    0.8063117457540787,
                    2.8762878580076916,
                    2.919280281677609
                ],
                "Si": [
                    [
                        0.43734777022763477,
                        0.14059772856100422,
                        0.10050930255857614,
                        0.10107684353114632,
                        0.2968875073199253,
                        0.33064107564922546
                    ],
                    [
                        0.1405977285610042,
                        0.9591580867602102,
                        -0.738333689818132,
                        0.6249329280845329,
                        0.2901655278663183,
                        0.2006205193777663
                    ],
                    [
                        0.10050930255857612,
                        -0.7383336898181319,
                        1.5840543120020667,
                        -0.5220041297482881,
                        0.40183496092337706,
                        0.22760159221485257
                    ],
                    [
                        0.10107684353114632,
                        0.6249329280845329,
                        -0.5220041297482881,
                        1.2987668062904354,
                        0.3450735670747246,
                        -0.4842452200448715
                    ],
                    [
                        0.2968875073199253,
                        0.2901655278663183,
                        0.40183496092337706,
                        0.34507356707472453,
                        1.4109459846089811,
                        0.48061408809075423
                    ],
                    [
                        0.3306410756492255,
                        0.20062051937776632,
                        0.22760159221485252,
                        -0.4842452200448715,
                        0.48061408809075434,
                        2.179296872890994
                    ]
                ]
            },
            "est_tgt": [
                0,
                1,
                4,
                5
            ],
            "oracle_est_tgt": [
                0,
                1,
                5
            ]
        },
        "1": {
            "intv_type": "hard",
            "inode": 1,
            "new_mui": 1.0,
            "new_sigmai": 0.5,
            "true_params": {
                "Si": [
                    [
                        1.0,
                        0.0,
                        0.9524303815663291,
                        0.0,
                        1.2585298684032689,
                        1.5089174733562134
                    ],
                    [
                        0.0,
                        0.5,
                        -0.42128123254732397,
                        0.3484694697074615,
                        0.19197689365727602,
                        0.1732805816882405
                    ],
                    [
                        0.9524303815663291,
                        -0.42128123254732397,
                        2.2620793855237684,
                        -0.2936072954069435,
                        1.665086758209505,
                        1.643830761000934
                    ],
                    [
                        0.0,
                        0.3484694697074615,
                        -0.2936072954069435,
                        1.242861942636399,
                        0.1337961726576734,
                        -0.4807852945445419
                    ],
                    [
                        1.2585298684032689,
                        0.19197689365727602,
                        1.665086758209505,
                        0.1337961726576734,
                        3.0522142799041267,
                        2.748554738854373
                    ],
                    [
                        1.5089174733562134,
                        0.1732805816882405,
                        1.643830761000934,
                        -0.4807852945445419,
                        2.748554738854373,
                        4.138368446397914
                    ]
                ],
                "mui": [
                    0.0,
                    1.0,
                    -0.8425624650946479,
                    0.696938939414923,
                    0.38395378731455204,
                    0.346561163376481
                ],
                "Ai": [
                    [
                        0.0,
                        0.0,
                        0.0,
                        0.0,
                        0.0,
                        0.0
                    ],
                    [
                        0.0,
                        0.0,
                        0.0,
                        0.0,
                        0.0,
                        0.0
                    ],
                    [
                        0.9524303815663291,
                        -0.8425624650946479,
                        0.0,
                        0.0,
                        0.0,
                        0.0
                    ],
                    [
                        0.0,
                        0.696938939414923,
                        -0.0,
                        0.0,
                        0.0,
                        0.0
                    ],
                    [
                        0.6602348179306147,
                        0.9132323176268065,
                        0.6281772001946452,
                        -0.0,
                        0.0,
                        0.0
                    ],
                    [
                        0.8023127911817698,
                        0.5502338781785345,
                        -0.0,
                        -0.6015512793675452,
                        0.5614524533064378,
                        0.0
                    ]
                ]
            },
            "est_params": {
                "mui": [
                    -0.3448242890936082,
                    0.6355316265708122,
                    -1.2647382905756346,
                    0.5924307221652154,
                    -0.31532465798532233,
                    -0.6657070939853755
                ],
                "Si": [
                    [
                        0.5498853972948816,
                        -0.009915845943072814,
                        0.32984084745555453,
                        -0.008964800603040538,
                        -0.003460898987259181,
                        0.2881214680078257
                    ],
                    [
                        -0.009915845943072822,
                        0.4305104356678726,
                        -0.2612056934836179,
                        0.2690838763314533,
                        -0.18188221426114765,
                        -0.005725261087180619
                    ],
                    [
                        0.32984084745555453,
                        -0.2612056934836179,
                        0.9584544964838156,
                        -0.16358259084452015,
                        0.3185162666880052,
                        0.11289791831399812
                    ],
                    [
                        -0.00896480060304054,
                        0.2690838763314533,
                        -0.16358259084452015,
                        0.9225223511682025,
                        -0.09620463362646993,
                        -0.510243236044743
                    ],
                    [
                        -0.003460898987259181,
                        -0.18188221426114765,
                        0.31851626668800515,
                        -0.09620463362646993,
                        1.125596780296788,
                        0.09846118538949479
                    ],
                    [
                        0.2881214680078257,
                        -0.0057252610871806235,
                        0.11289791831399812,
                        -0.510243236044743,
                        0.09846118538949479,
                        1.275916273722772
                    ]
                ]
            },
            "est_tgt": [
                0,
                1,
                2,
                3,
                4,
                5
            ],
            "oracle_est_tgt": [
                0,
                1,
                5
            ]
        },
        "2": {
            "intv_type": "hard",
            "inode": 2,
            "new_mui": 1.0,
            "new_sigmai": 0.5,
            "true_params": {
                "Si": [
                    [
                        1.0,
                        0.6911924224214017,
                        0.0,
                        0.4817189138140031,
                        1.291454075784598,
                        1.6179417086198167
                    ],
                    [
                        0.6911924224214017,
                        1.4777469648127655,
                        0.0,
                        1.0298994023802304,
                        1.8058755887143552,
                        1.7620349416202747
                    ],
                    [
                        0.0,
                        0.0,
                        0.5,
                        0.0,
                        0.3140886000973226,
                        0.17634581508022643
                    ],
                    [
                        0.4817189138140031,
                        1.0298994023802304,
                        0.0,
                        1.7177769971989407,
                        1.2585850175138824,
                        0.6264794840573248
                    ],
                    [
                        1.291454075784598,
                        1.8058755887143552,
                        0.3140886000973226,
                        1.2585850175138824,
                        3.6991501932408704,
                        3.349597576577828
                    ],
                    [
                        1.6179417086198167,
                        1.7620349416202747,
                        0.17634581508022643,
                        0.6264794840573248,
                        3.349597576577828,
                        4.771406889452695
                    ]
                ],
                "mui": [
                    0.0,
                    0.0,
                    1.0,
                    0.0,
                    0.6281772001946452,
                    0.35269163016045285
                ],
                "Ai": [
                    [
                        0.0,
                        0.0,
                        0.0,
                        0.0,
                        0.0,
                        0.0
                    ],
                    [
                        0.6911924224214017,
                        0.0,
                        0.0,
                        0.0,
                        0.0,
                        0.0
                    ],
                    [
                        0.0,
                        0.0,
                        0.0,
                        0.0,
                        0.0,
                        0.0
                    ],
                    [
                        0.0,
                        0.696938939414923,
                        -0.0,
                        0.0,
                        0.0,
                        0.0
                    ],
                    [
                        0.6602348179306147,
                        0.9132323176268065,
                        0.6281772001946452,
                        -0.0,
                        0.0,
                        0.0
                    ],
                    [
                        0.8023127911817698,
                        0.5502338781785345,
                        -0.0,
                        -0.6015512793675452,
                        0.5614524533064378,
                        0.0
                    ]
                ]
            },
            "est_params": {
                "mui": [
                    0.4877132632780234,
                    0.17583769965627577,
                    1.0917354463476223,
                    -0.18466087857024874,
                    1.3536935256346687,
                    1.3074961116166655
                ],
                "Si": [
                    [
                        0.46611245298129383,
                        0.06706204078556663,
                        0.05742461652479085,
                        0.1170363891651707,
                        0.2086334054409058,
                        0.3859920711839308
                    ],
                    [
                        0.06706204078556663,
                        0.8027128745535118,
                        -0.47642597590033725,
                        0.4902859316390047,
                        0.37656994252039966,
                        0.2550885594150599
                    ],
                    [
                        0.05742461652479085,
                        -0.47642597590033725,
                        0.9301372670916305,
                        -0.022867060432767716,
                        0.1048865761080466,
                        -0.14144981406527202
                    ],
                    [
                        0.11703638916517067,
                        0.4902859316390047,
                        -0.022867060432767716,
                        1.2750643540056346,
                        0.5612097414588736,
                        -0.1826760206685449
                    ],
                    [
                        0.2086334054409058,
                        0.37656994252039966,
                        0.1048865761080466,
                        0.5612097414588736,
                        0.9791152424444719,
                        0.2973756633608755
                    ],
                    [
                        0.3859920711839308,
                        0.2550885594150599,
                        -0.14144981406527196,
                        -0.1826760206685449,
                        0.2973756633608755,
                        1.1789303844358434
                    ]
                ]
            },
            "est_tgt": [
                2,
                4,
                5
            ],
            "oracle_est_tgt": [
                0,
                2,
                4
            ]
        },
        "3": {
            "intv_type": "hard",
            "inode": 3,
            "new_mui": 1.0,
            "new_sigmai": 0.5,
            "true_params": {
                "Si": [
                    [
                        1.0,
                        0.6911924224214017,
                        0.37005759027621166,
                        0.0,
                        1.523915816755086,
                        2.03823655228794
                    ],
                    [
                        0.6911924224214017,
                        1.4777469648127655,
                        -0.5867814628362067,
                        0.0,
                        1.4372728522637888,
                        2.1746193340663353
                    ],
                    [
                        0.37005759027621166,
                        -0.5867814628362067,
                        1.8468541277074064,
                        0.0,
                        0.8686087656046622,
                        0.4617174206250816
                    ],
                    [
                        0.0,
                        0.0,
                        0.0,
                        0.5,
                        0.0,
                        -0.3007756396837726
                    ],
                    [
                        1.523915816755086,
                        1.4372728522637888,
                        0.8686087656046622,
                        0.0,
                        3.8643465221938924,
                        4.183140203280609
                    ],
                    [
                        2.03823655228794,
                        2.1746193340663353,
                        0.4617174206250816,
                        -0.3007756396837726,
                        4.183140203280609,
                        6.36141878761124
                    ]
                ],
                "mui": [
                    0.0,
                    0.0,
                    0.0,
                    1.0,
                    0.0,
                    -0.6015512793675452
                ],
                "Ai": [
                    [
                        0.0,
                        0.0,
                        0.0,
                        0.0,
                        0.0,
                        0.0
                    ],
                    [
                        0.6911924224214017,
                        0.0,
                        0.0,
                        0.0,
                        0.0,
                        0.0
                    ],
                    [
                        0.9524303815663291,
                        -0.8425624650946479,
                        0.0,
                        0.0,
                        0.0,
                        0.0
                    ],
                    [
                        0.0,
                        0.0,
                        0.0,
                        0.0,
                        0.0,
                        0.0
                    ],
                    [
                        0.6602348179306147,
                        0.9132323176268065,
                        0.6281772001946452,
                        -0.0,
                        0.0,
                        0.0
                    ],
                    [
                        0.8023127911817698,
                        0.5502338781785345,
                        -0.0,
                        -0.6015512793675452,
                        0.5614524533064378,
                        0.0
                    ]
                ]
            },
            "est_params": {
                "mui": [
                    -1.1223867862996613,
                    -0.7305560362859214,
                    -0.48405059513092635,
                    0.37091761968386516,
                    -2.2592933445520162,
                    -2.936121055075701
                ],
                "Si": [
                    [
                        0.4214071953290639,
                        0.0959680703372129,
                        0.1427553281524699,
                        0.14589023404049997,
                        0.3076661985155099,
                        0.40716781968460547
                    ],
                    [
                        0.0959680703372129,
                        1.4688272975218373,
                        -1.2460154099681724,
                        0.4523504551866417,
                        0.36912614975152924,
                        0.7038461585079829
                    ],
                    [
                        0.1427553281524699,
                        -1.2460154099681724,
                        2.3008454448137283,
                        -0.4714621536259388,
                        0.4363969973086043,
                        0.0495756106268862
                    ],
                    [
                        0.14589023404049997,
                        0.45235045518664163,
                        -0.4714621536259388,
                        1.2675471704898513,
                        0.29837269497680113,
                        -0.25570286734030434
                    ],
                    [
                        0.3076661985155099,
                        0.36912614975152924,
                        0.43639699730860426,
                        0.2983726949768012,
                        1.279011040603055,
                        0.890461192392656
                    ],
                    [
                        0.40716781968460547,
                        0.7038461585079829,
                        0.049575610626886174,
                        -0.25570286734030434,
                        0.8904611923926559,
                        2.2349841290470356
                    ]
                ]
            },
            "est_tgt": [
                0,
                2,
                3,
                4,
                5
            ],
            "oracle_est_tgt": [
                3
            ]
        },
        "4": {
            "intv_type": "hard",
            "inode": 4,
            "new_mui": 1.0,
            "new_sigmai": 0.5,
            "true_params": {
                "Si": [
                    [
                        1.0,
                        0.6911924224214017,
                        0.37005759027621166,
                        0.4817189138140031,
                        0.0,
                        0.8928516494379558
                    ],
                    [
                        0.6911924224214017,
                        1.4777469648127655,
                        -0.5867814628362067,
                        1.0298994023802304,
                        0.0,
                        0.7481216619703923
                    ],
                    [
                        0.37005759027621166,
                        -0.5867814628362067,
                        1.8468541277074064,
                        -0.408950850377403,
                        0.0,
                        0.2200398054558398
                    ],
                    [
                        0.4817189138140031,
                        1.0298994023802304,
                        -0.408950850377403,
                        1.7177769971989407,
                        0.0,
                        -0.08015616172057038
                    ],
                    [
                        0.0,
                        0.0,
                        0.0,
                        0.0,
                        0.5,
                        0.2807262266532189
                    ],
                    [
                        0.8928516494379558,
                        0.7481216619703923,
                        0.2200398054558398,
                        -0.08015616172057038,
                        0.2807262266532189,
                        2.333820652681263
                    ]
                ],
                "mui": [
                    0.0,
                    0.0,
                    0.0,
                    0.0,
                    1.0,
                    0.5614524533064378
                ],
                "Ai": [
                    [
                        0.0,
                        0.0,
                        0.0,
                        0.0,
                        0.0,
                        0.0
                    ],
                    [
                        0.6911924224214017,
                        0.0,
                        0.0,
                        0.0,
                        0.0,
                        0.0
                    ],
                    [
                        0.9524303815663291,
                        -0.8425624650946479,
                        0.0,
                        0.0,
                        0.0,
                        0.0
                    ],
                    [
                        0.0,
                        0.696938939414923,
                        -0.0,
                        0.0,
                        0.0,
                        0.0
                    ],
                    [
                        0.0,
                        0.0,
                        0.0,
                        0.0,
                        0.0,
                        0.0
                    ],
                    [
                        0.8023127911817698,
                        0.5502338781785345,
                        -0.0,
                        -0.6015512793675452,
                        0.5614524533064378,
                        0.0
                    ]
                ]
            },
            "est_params": {
                "mui": [
                    0.5533056087955427,
                    0.8170836095448625,
                    -0.3563731594901374,
                    0.6634414412075486,
                    0.9013984998780564,
                    0.9991580813828776
                ],
                "Si": [
                    [
                        0.374805887058802,
                        0.07517473249930363,
                        0.2521733054422527,
                        0.1194326502084742,
                        0.06429023666047812,
                        0.15064429598258858
                    ],
                    [
                        0.07517473249930363,
                        0.6639584494708172,
                        -0.4391653786047772,
                        0.41776289694436447,
                        0.11962779632644507,
                        0.1311567721231686
                    ],
                    [
                        0.2521733054422527,
                        -0.4391653786047772,
                        1.4857349177180512,
                        -0.0010425851437063677,
                        0.17545556120870967,
                        -0.04040531793408269
                    ],
                    [
                        0.11943265020847421,
                        0.4177628969443646,
                        -0.0010425851437063755,
                        1.0717672300937486,
                        0.2077429202532066,
                        -0.1677161940798836
                    ],
                    [
                        0.06429023666047812,
                        0.11962779632644505,
                        0.17545556120870967,
                        0.2077429202532066,
                        0.6699316328661085,
                        0.3273488404830422
                    ],
                    [
                        0.15064429598258858,
                        0.13115677212316856,
                        -0.0404053179340827,
                        -0.16771619407988358,
                        0.32734884048304225,
                        1.164575955237865
                    ]
                ]
            },
            "est_tgt": [
                0,
                1,
                2,
                3,
                4
            ],
            "oracle_est_tgt": [
                0,
                2,
                4,
                5
            ]
        },
        "5": {
            "intv_type": "hard",
            "inode": 5,
            "new_mui": 1.0,
            "new_sigmai": 0.5,
            "true_params": {
                "Si": [
                    [
                        1.0,
                        0.6911924224214017,
                        0.37005759027621166,
                        0.4817189138140031,
                        1.523915816755086,
                        0.0
                    ],
                    [
                        0.6911924224214017,
                        1.4777469648127655,
                        -0.5867814628362067,
                        1.0298994023802304,
                        1.4372728522637888,
                        0.0
                    ],
                    [
                        0.37005759027621166,
                        -0.5867814628362067,
                        1.8468541277074064,
                        -0.408950850377403,
                        0.8686087656046622,
                        0.0
                    ],
                    [
                        0.4817189138140031,
                        1.0298994023802304,
                        -0.408950850377403,
                        1.7177769971989407,
                        1.0016914173065863,
                        0.0
                    ],
                    [
                        1.523915816755086,
                        1.4372728522637888,
                        0.8686087656046622,
                        1.0016914173065863,
                        3.8643465221938924,
                        0.0
                    ],
                    [
                        0.0,
                        0.0,
                        0.0,
                        0.0,
                        0.0,
                        0.5
                    ]
                ],
                "mui": [
                    0.0,
                    0.0,
                    0.0,
                    0.0,
                    0.0,
                    1.0
                ],
                "Ai": [
                    [
                        0.0,
                        0.0,
                        0.0,
                        0.0,
                        0.0,
                        0.0
                    ],
                    [
                        0.6911924224214017,
                        0.0,
                        0.0,
                        0.0,
                        0.0,
                        0.0
                    ],
                    [
                        0.9524303815663291,
                        -0.8425624650946479,
                        0.0,
                        0.0,
                        0.0,
                        0.0
                    ],
                    [
                        0.0,
                        0.696938939414923,
                        -0.0,
                        0.0,
                        0.0,
                        0.0
                    ],
                    [
                        0.6602348179306147,
                        0.9132323176268065,
                        0.6281772001946452,
                        -0.0,
                        0.0,
                        0.0
                    ],
                    [
                        0.0,
                        0.0,
                        0.0,
                        0.0,
                        0.0,
                        0.0
                    ]
                ]
            },
            "est_params": {
                "mui": [
                    -0.6573398547954961,
                    -0.7467426265026056,
                    -0.04755779874823563,
                    -0.590512153834095,
                    -0.6384572249607786,
                    0.8993592279762708
                ],
                "Si": [
                    [
                        0.6113602626532676,
                        0.22835722354771598,
                        0.4490796057137155,
                        0.21740305584681055,
                        0.5680347902768995,
                        0.01718896880454311
                    ],
                    [
                        0.228357223547716,
                        0.8748126802366311,
                        -0.42386019008939574,
                        0.6782217276252259,
                        0.2920595698741326,
                        0.12471182215725672
                    ],
                    [
                        0.4490796057137155,
                        -0.4238601900893958,
                        1.6066774210656611,
                        -0.3861475276561111,
                        0.6562228264307438,
                        -0.10933185536233801
                    ],
                    [
                        0.21740305584681055,
                        0.6782217276252259,
                        -0.38614752765611104,
                        1.525482858533268,
                        -0.11222626416241495,
                        0.13776695116114288
                    ],
                    [
                        0.5680347902768995,
                        0.2920595698741326,
                        0.6562228264307438,
                        -0.11222626416241496,
                        2.9003832598482364,
                        -0.33448883155171183
                    ],
                    [
                        0.017188968804543105,
                        0.12471182215725672,
                        -0.10933185536233801,
                        0.13776695116114288,
                        -0.33448883155171183,
                        0.47682593990931915
                    ]
                ]
            },
            "est_tgt": [
                0,
                1,
                3,
                4,
                5
            ],
            "oracle_est_tgt": [
                0,
                4,
                5
            ]
        },
        "obs": {
            "intv_type": "obs",
            "true_params": {
                "Si": [
                    [
                        1.0,
                        0.6911924224214017,
                        0.37005759027621166,
                        0.4817189138140031,
                        1.523915816755086,
                        1.7484579233875825
                    ],
                    [
                        0.6911924224214017,
                        1.4777469648127655,
                        -0.5867814628362067,
                        1.0298994023802304,
                        1.4372728522637888,
                        1.5550820309446376
                    ],
                    [
                        0.37005759027621166,
                        -0.5867814628362067,
                        1.8468541277074064,
                        -0.408950850377403,
                        0.8686087656046622,
                        0.7077223278680539
                    ],
                    [
                        0.4817189138140031,
                        1.0298994023802304,
                        -0.408950850377403,
                        1.7177769971989407,
                        1.0016914173065863,
                        0.48224594198221526
                    ],
                    [
                        1.523915816755086,
                        1.4372728522637888,
                        0.8686087656046622,
                        1.0016914173065863,
                        3.8643465221938924,
                        3.5805714496683425
                    ],
                    [
                        1.7484579233875825,
                        1.5550820309446376,
                        0.7077223278680539,
                        0.48224594198221526,
                        3.5805714496683425,
                        4.978693934835462
                    ]
                ],
                "mui": [
                    0.0,
                    0.0,
                    0.0,
                    0.0,
                    0.0,
                    0.0
                ],
                "Ai": [
                    [
                        0.0,
                        0.0,
                        0.0,
                        0.0,
                        0.0,
                        0.0
                    ],
                    [
