{
    "expt_args": {
        "save_dir": "all_expt_logs/expt_logs_11.05.24-hard_var_shift",
        "exp_name": "379",
        "num_nodes": 6,
        "obs_noise_mean": 0.0,
        "obs_noise_var": 1.0,
        "max_edge_strength": 1.0,
        "graph_sparsity_method": "adj_dense_prop",
        "adj_dense_prop": 0.8,
        "num_parents": null,
        "new_noise_mean": 1.0,
        "mix_samples": 8192,
        "stage2_samples": 8192,
        "gmm_tol": 0.001,
        "intv_type": "hard",
        "new_noise_sigma": 4.0,
        "intv_targets": [
            0,
            1,
            2,
            3,
            4,
            5
        ]
    },
    "intv_args_dict": {
        "0": {
            "intv_type": "hard",
            "inode": 0,
            "new_mui": 1.0,
            "new_sigmai": 4.0,
            "true_params": {
                "Si": [
                    [
                        4.0,
                        -3.910642047678218,
                        0.0,
                        -3.0849346101636534,
                        -6.223521205253703,
                        3.3109705463928405
                    ],
                    [
                        -3.910642047678218,
                        4.823280306267222,
                        0.0,
                        3.016018750210949,
                        6.084490927470537,
                        -3.9078039277628958
                    ],
                    [
                        0.0,
                        0.0,
                        1.0,
                        0.0,
                        -0.5210282636500467,
                        1.1426512323852709
                    ],
                    [
                        -3.0849346101636534,
                        3.016018750210949,
                        0.0,
                        3.379205387246393,
                        5.670493840907754,
                        -3.042020633017785
                    ],
                    [
                        -6.223521205253703,
                        6.084490927470537,
                        -0.5210282636500467,
                        5.670493840907754,
                        11.712651435595047,
                        -6.733183705771184
                    ],
                    [
                        3.3109705463928405,
                        -3.9078039277628958,
                        1.1426512323852709,
                        -3.042020633017785,
                        -6.733183705771184,
                        6.0496265815913315
                    ]
                ],
                "mui": [
                    1.0,
                    -0.9776605119195545,
                    0.0,
                    -0.7712336525409134,
                    -1.5558803013134257,
                    0.8277426365982101
                ],
                "Ai": [
                    [
                        0.0,
                        0.0,
                        0.0,
                        0.0,
                        0.0,
                        0.0
                    ],
                    [
                        -0.9776605119195545,
                        0.0,
                        0.0,
                        0.0,
                        0.0,
                        0.0
                    ],
                    [
                        -0.0,
                        -0.0,
                        0.0,
                        0.0,
                        0.0,
                        0.0
                    ],
                    [
                        -0.7712336525409134,
                        -0.0,
                        -0.0,
                        0.0,
                        0.0,
                        0.0
                    ],
                    [
                        -0.88436341947483,
                        -0.0,
                        -0.5210282636500467,
                        0.8707048501141129,
                        0.0,
                        0.0
                    ],
                    [
                        -0.7009613224419187,
                        -0.6707987684259042,
                        0.8503404313125873,
                        -0.0,
                        -0.5610267646996916,
                        0.0
                    ]
                ]
            },
            "est_params": {
                "mui": [
                    1.1555346387645522,
                    -1.145979433913052,
                    -0.002000759587183145,
                    -0.8503648105494281,
                    -1.8069563611181318,
                    1.0072614903913997
                ],
                "Si": [
                    [
                        17.057137458177436,
                        -16.668269656874507,
                        -0.03877087037596948,
                        -13.339693672211077,
                        -26.74268644217203,
                        14.563590666920726
                    ],
                    [
                        -16.668269656874507,
                        17.190515629416588,
                        0.028619025138274638,
                        12.958359336208577,
                        26.07778887016775,
                        -14.814153499514408
                    ],
                    [
                        -0.03877087037596945,
                        0.02861902513827462,
                        1.0439794751212097,
                        0.0670742236609043,
                        -0.37509903788700905,
                        1.1253675347078285
                    ],
                    [
                        -13.339693672211077,
                        12.958359336208575,
                        0.06707422366090428,
                        11.374758657548453,
                        21.729293735366674,
                        -11.784353577695247
                    ],
                    [
                        -26.74268644217203,
                        26.07778887016775,
                        -0.37509903788700905,
                        21.729293735366674,
                        43.89659304118676,
                        -24.277951484604227
                    ],
                    [
                        14.563590666920726,
                        -14.814153499514404,
                        1.1253675347078285,
                        -11.784353577695246,
                        -24.277951484604227,
                        15.54542875740109
                    ]
                ]
            },
            "est_tgt": [
                0
            ],
            "oracle_est_tgt": [
                0
            ]
        },
        "1": {
            "intv_type": "hard",
            "inode": 1,
            "new_mui": 1.0,
            "new_sigmai": 4.0,
            "true_params": {
                "Si": [
                    [
                        1.0,
                        0.0,
                        0.0,
                        -0.7712336525409134,
                        -1.5558803013134257,
                        0.17192916926393387
                    ],
                    [
                        0.0,
                        4.0,
                        0.0,
                        0.0,
                        0.0,
                        -2.683195073703617
                    ],
                    [
                        0.0,
                        0.0,
                        1.0,
                        0.0,
                        -0.5210282636500467,
                        1.1426512323852709
                    ],
                    [
                        -0.7712336525409134,
                        0.0,
                        0.0,
                        1.5948013468115982,
                        2.070652097812523,
                        -0.6210862862575993
                    ],
                    [
                        -1.5558803013134257,
                        0.0,
                        -0.5210282636500467,
                        2.070652097812523,
                        4.45036089954958,
                        -1.8492110620885487
                    ],
                    [
                        0.17192916926393387,
                        -2.683195073703617,
                        1.1426512323852709,
                        -0.6210862862575993,
                        -1.8492110620885487,
                        4.688467694230022
                    ]
                ],
                "mui": [
                    0.0,
                    1.0,
                    0.0,
                    0.0,
                    0.0,
                    -0.6707987684259042
                ],
                "Ai": [
                    [
                        0.0,
                        0.0,
                        0.0,
                        0.0,
                        0.0,
                        0.0
                    ],
                    [
                        0.0,
                        0.0,
                        0.0,
                        0.0,
                        0.0,
                        0.0
                    ],
                    [
                        -0.0,
                        -0.0,
                        0.0,
                        0.0,
                        0.0,
                        0.0
                    ],
                    [
                        -0.7712336525409134,
                        -0.0,
                        -0.0,
                        0.0,
                        0.0,
                        0.0
                    ],
                    [
                        -0.88436341947483,
                        -0.0,
                        -0.5210282636500467,
                        0.8707048501141129,
                        0.0,
                        0.0
                    ],
                    [
                        -0.7009613224419187,
                        -0.6707987684259042,
                        0.8503404313125873,
                        -0.0,
                        -0.5610267646996916,
                        0.0
                    ]
                ]
            },
            "est_params": {
                "mui": [
                    -0.024107493183465264,
                    1.0549322483968775,
                    -0.03710058512980901,
                    -0.0018791203082721287,
                    0.035672410269536416,
                    -0.8957723339567375
                ],
                "Si": [
                    [
                        1.061984567977469,
                        -0.022491823783059035,
                        -0.00598967345540309,
                        -0.7789254026497766,
                        -1.6317561763793678,
                        0.17963789034169508
                    ],
                    [
                        -0.022491823783058994,
                        17.022134404984605,
                        0.14413954418704866,
                        -0.10144172456713779,
                        0.21049079998121772,
                        -11.280193217072961
                    ],
                    [
                        -0.005989673455403096,
                        0.14413954418704863,
                        0.9468272294265067,
                        -0.05879867602518854,
                        -0.527605893669634,
                        1.0450222924114425
                    ],
                    [
                        -0.7789254026497765,
                        -0.10144172456713793,
                        -0.058798676025188554,
                        1.6149011216843492,
                        2.084907365584511,
                        -0.6096794289406414
                    ],
                    [
                        -1.6317561763793678,
                        0.21049079998121767,
                        -0.527605893669634,
                        2.084907365584511,
                        4.546885378351917,
                        -2.002612911729711
                    ],
                    [
                        0.17963789034169506,
                        -11.280193217072961,
                        1.0450222924114425,
                        -0.6096794289406414,
                        -2.002612911729711,
                        10.489393968256195
                    ]
                ]
            },
            "est_tgt": [
                1,
                3
            ],
            "oracle_est_tgt": [
                1,
                5
            ]
        },
        "2": {
            "intv_type": "hard",
            "inode": 2,
            "new_mui": 1.0,
            "new_sigmai": 4.0,
            "true_params": {
                "Si": [
                    [
                        1.0,
                        -0.9776605119195545,
                        0.0,
                        -0.7712336525409134,
                        -1.5558803013134257,
                        0.8277426365982101
                    ],
                    [
                        -0.9776605119195545,
                        1.9558200765668055,
                        0.0,
                        0.7540046875527372,
                        1.5211227318676344,
                        -1.4800500582601521
                    ],
                    [
                        0.0,
                        0.0,
                        4.0,
                        0.0,
                        -2.084113054600187,
                        4.5706049295410835
                    ],
                    [
                        -0.7712336525409134,
                        0.7540046875527372,
                        0.0,
                        1.5948013468115982,
                        2.070652097812523,
                        -1.1268717020553343
                    ],
                    [
                        -1.5558803013134257,
                        1.5211227318676344,
                        -2.084113054600187,
                        2.070652097812523,
                        5.264772254116127,
                        -4.655639079951856
                    ],
                    [
                        0.8277426365982101,
                        -1.4800500582601521,
                        4.5706049295410835,
                        -1.1268717020553343,
                        -4.655639079951856,
                        7.911108480878397
                    ]
                ],
                "mui": [
                    0.0,
                    0.0,
                    1.0,
                    0.0,
                    -0.5210282636500467,
                    1.1426512323852709
                ],
                "Ai": [
                    [
                        0.0,
                        0.0,
                        0.0,
                        0.0,
                        0.0,
                        0.0
                    ],
                    [
                        -0.9776605119195545,
                        0.0,
                        0.0,
                        0.0,
                        0.0,
                        0.0
                    ],
                    [
                        0.0,
                        0.0,
                        0.0,
                        0.0,
                        0.0,
                        0.0
                    ],
                    [
                        -0.7712336525409134,
                        -0.0,
                        -0.0,
                        0.0,
                        0.0,
                        0.0
                    ],
                    [
                        -0.88436341947483,
                        -0.0,
                        -0.5210282636500467,
                        0.8707048501141129,
                        0.0,
                        0.0
                    ],
                    [
                        -0.7009613224419187,
                        -0.6707987684259042,
                        0.8503404313125873,
                        -0.0,
                        -0.5610267646996916,
                        0.0
                    ]
                ]
            },
            "est_params": {
                "mui": [
                    0.03240659195140354,
                    0.004407596623324916,
                    1.0949032781901888,
                    -0.06991600922560877,
                    -0.736175090529479,
                    1.3367437190759375
                ],
                "Si": [
                    [
                        0.9826477452522032,
                        -0.8875063569134655,
                        0.14580081517963622,
                        -0.8162627417298326,
                        -1.624003589824838,
                        0.9208511335626998
                    ],
                    [
                        -0.8875063569134655,
                        1.7110970621204715,
                        -0.1866509612747756,
                        0.7611504851078849,
                        1.5143952902635767,
                        -1.5216391030534506
                    ],
                    [
                        0.14580081517963617,
                        -0.1866509612747756,
                        16.509137422948882,
                        -0.12378465359145191,
                        -8.890344821407574,
                        18.93967829190126
                    ],
                    [
                        -0.8162627417298326,
                        0.7611504851078849,
                        -0.12378465359145195,
                        1.717077469422119,
                        2.34807916215427,
                        -1.3262373292627565
                    ],
                    [
                        -1.624003589824838,
                        1.5143952902635767,
                        -8.890344821407574,
                        2.34807916215427,
                        9.097177049592917,
                        -12.481533244527279
                    ],
                    [
                        0.9208511335626998,
                        -1.5216391030534506,
                        18.93967829190126,
                        -1.3262373292627565,
                        -12.481533244527277,
                        24.448010774153783
                    ]
                ]
            },
            "est_tgt": [
                2,
                4,
                5
            ],
            "oracle_est_tgt": [
                2,
                5
            ]
        },
        "3": {
            "intv_type": "hard",
            "inode": 3,
            "new_mui": 1.0,
            "new_sigmai": 4.0,
            "true_params": {
                "Si": [
                    [
                        1.0,
                        -0.9776605119195545,
                        0.0,
                        0.0,
                        -0.88436341947483,
                        0.4510036929390777
                    ],
                    [
                        -0.9776605119195545,
                        1.9558200765668055,
                        0.0,
                        0.0,
                        0.86460719340669,
                        -1.1117272697423326
                    ],
                    [
                        0.0,
                        0.0,
                        1.0,
                        0.0,
                        -0.5210282636500467,
                        1.1426512323852709
                    ],
                    [
                        0.0,
                        0.0,
                        0.0,
                        4.0,
                        3.4828194004564517,
                        -1.9539549002714027
                    ],
                    [
                        -0.88436341947483,
                        0.86460719340669,
                        -0.5210282636500467,
                        3.4828194004564517,
                        5.086076853276356,
                        -3.2565495289209023
                    ],
                    [
                        0.4510036929390777,
                        -1.1117272697423326,
                        1.1426512323852709,
                        -1.9539549002714027,
                        -3.2565495289209023,
                        4.228263126421034
                    ]
                ],
                "mui": [
                    0.0,
                    0.0,
                    0.0,
                    1.0,
                    0.8707048501141129,
                    -0.4884887250678507
                ],
                "Ai": [
                    [
                        0.0,
                        0.0,
                        0.0,
                        0.0,
                        0.0,
                        0.0
                    ],
                    [
                        -0.9776605119195545,
                        0.0,
                        0.0,
                        0.0,
                        0.0,
                        0.0
                    ],
                    [
                        -0.0,
                        -0.0,
                        0.0,
                        0.0,
                        0.0,
                        0.0
                    ],
                    [
                        0.0,
                        0.0,
                        0.0,
                        0.0,
                        0.0,
                        0.0
                    ],
                    [
                        -0.88436341947483,
                        -0.0,
                        -0.5210282636500467,
                        0.8707048501141129,
                        0.0,
                        0.0
                    ],
                    [
                        -0.7009613224419187,
                        -0.6707987684259042,
                        0.8503404313125873,
                        -0.0,
                        -0.5610267646996916,
                        0.0
                    ]
                ]
            },
            "est_params": {
                "mui": [
                    -0.3213550943017236,
                    0.24659027945802806,
                    -0.04804534730474586,
                    -1.3896405311176259,
                    -2.654564592249668,
                    1.5159751056207555
                ],
                "Si": [
                    [
                        0.8667371303748685,
                        -0.9214109833212217,
                        0.0062169659079783016,
                        -0.4066899733360268,
                        -0.8342540960611348,
                        0.47725187441445327
                    ],
                    [
                        -0.9214109833212217,
                        2.0245824319798653,
                        -0.05998135567084095,
                        0.01392760733396965,
                        0.3145785386881305,
                        -0.9730261325951056
                    ],
                    [
                        0.006216965907978298,
                        -0.05998135567084095,
                        1.1363576835364337,
                        0.14214877536095563,
                        -0.08963075192684689,
                        1.176314769076043
                    ],
                    [
                        -0.40668997333602674,
                        0.013927607333969697,
                        0.14214877536095558,
                        8.127382882942287,
                        3.5940439467992857,
                        -1.5083784979282546
                    ],
                    [
                        -0.8342540960611348,
                        0.3145785386881304,
                        -0.08963075192684689,
                        3.5940439467992857,
                        7.58542509766837,
                        -3.909863207831752
                    ],
                    [
                        0.4772518744144531,
                        -0.9730261325951056,
                        1.176314769076043,
                        -1.5083784979282548,
                        -3.909863207831752,
                        4.675022119065028
                    ]
                ]
            },
            "est_tgt": [
                0,
                1,
                2,
                3,
                4,
                5
            ],
            "oracle_est_tgt": [
                2,
                3,
                4,
                5
            ]
        },
        "4": {
            "intv_type": "hard",
            "inode": 4,
            "new_mui": 1.0,
            "new_sigmai": 4.0,
            "true_params": {
                "Si": [
                    [
                        1.0,
                        -0.9776605119195545,
                        0.0,
                        -0.7712336525409134,
                        0.0,
                        -0.04514785510764243
                    ],
                    [
                        -0.9776605119195545,
                        1.9558200765668055,
                        0.0,
                        0.7540046875527372,
                        0.0,
                        -0.6266594932892967
                    ],
                    [
                        0.0,
                        0.0,
                        1.0,
                        0.0,
                        0.0,
                        0.8503404313125873
                    ],
                    [
                        -0.7712336525409134,
                        0.7540046875527372,
                        0.0,
                        1.5948013468115982,
                        0.0,
                        0.034819545199055
                    ],
                    [
                        0.0,
                        0.0,
                        0.0,
                        0.0,
                        4.0,
                        -2.2441070587987664
                    ],
                    [
                        -0.04514785510764243,
                        -0.6266594932892967,
                        0.8503404313125873,
                        0.034819545199055,
                        -2.2441070587987664,
                        3.43409228850502
                    ]
                ],
                "mui": [
                    0.0,
                    0.0,
                    0.0,
                    0.0,
                    1.0,
                    -0.5610267646996916
                ],
                "Ai": [
                    [
                        0.0,
                        0.0,
                        0.0,
                        0.0,
                        0.0,
                        0.0
                    ],
                    [
                        -0.9776605119195545,
                        0.0,
                        0.0,
                        0.0,
                        0.0,
                        0.0
                    ],
                    [
                        -0.0,
                        -0.0,
                        0.0,
                        0.0,
                        0.0,
                        0.0
                    ],
                    [
                        -0.7712336525409134,
                        -0.0,
                        -0.0,
                        0.0,
                        0.0,
                        0.0
                    ],
                    [
                        0.0,
                        0.0,
                        0.0,
                        0.0,
                        0.0,
                        0.0
                    ],
                    [
                        -0.7009613224419187,
                        -0.6707987684259042,
                        0.8503404313125873,
                        -0.0,
                        -0.5610267646996916,
                        0.0
                    ]
                ]
            },
            "est_params": {
                "mui": [
                    0.23784362432119227,
                    -0.19575524073133926,
                    0.1277166301153404,
                    2.1362882315568075,
                    4.6720947514563695,
                    -2.5559822496957563
                ],
                "Si": [
                    [
                        0.9017644012523737,
                        -0.89769575866731,
                        0.013768845278058162,
                        -0.7491106005452983,
                        -0.9871452310428682,
                        0.544572177029275
                    ],
                    [
                        -0.89769575866731,
                        1.965945235416564,
                        -0.01776376203441286,
                        0.6814462683852507,
                        0.9847738627355718,
                        -1.244803092498591
                    ],
                    [
                        0.013768845278058148,
                        -0.01776376203441286,
                        0.9429061823107905,
                        -0.051738817475606665,
                        -0.34695506295037376,
                        0.9777872483065319
                    ],
                    [
                        -0.7491106005452983,
                        0.6814462683852507,
                        -0.051738817475606685,
                        10.76074854999837,
                        1.9828254275158308,
                        -1.1368593956706008
                    ],
                    [
                        -0.9871452310428682,
                        0.9847738627355718,
                        -0.34695506295037376,
                        1.9828254275158306,
                        7.1871880997003945,
                        -4.424417237162293
                    ],
                    [
                        0.544572177029275,
                        -1.244803092498591,
                        0.9777872483065319,
                        -1.1368593956706012,
                        -4.424417237162293,
                        4.837603021484385
                    ]
                ]
            },
            "est_tgt": [
                0,
                2,
                3,
                4,
                5
            ],
            "oracle_est_tgt": [
                2,
                3,
                4,
                5
            ]
        },
        "5": {
            "intv_type": "hard",
            "inode": 5,
            "new_mui": 1.0,
            "new_sigmai": 4.0,
            "true_params": {
                "Si": [
                    [
                        1.0,
                        -0.9776605119195545,
                        0.0,
                        -0.7712336525409134,
                        -1.5558803013134257,
                        0.0
                    ],
                    [
                        -0.9776605119195545,
                        1.9558200765668055,
                        0.0,
                        0.7540046875527372,
                        1.5211227318676344,
                        0.0
                    ],
                    [
                        0.0,
                        0.0,
                        1.0,
                        0.0,
                        -0.5210282636500467,
                        0.0
                    ],
                    [
                        -0.7712336525409134,
                        0.7540046875527372,
                        0.0,
                        1.5948013468115982,
                        2.070652097812523,
                        0.0
                    ],
                    [
                        -1.5558803013134257,
                        1.5211227318676344,
                        -0.5210282636500467,
                        2.070652097812523,
                        4.45036089954958,
                        0.0
                    ],
                    [
                        0.0,
                        0.0,
                        0.0,
                        0.0,
                        0.0,
                        4.0
                    ]
                ],
                "mui": [
                    0.0,
                    0.0,
                    0.0,
                    0.0,
                    0.0,
                    1.0
                ],
                "Ai": [
                    [
                        0.0,
                        0.0,
                        0.0,
                        0.0,
                        0.0,
                        0.0
                    ],
                    [
                        -0.9776605119195545,
                        0.0,
                        0.0,
                        0.0,
                        0.0,
                        0.0
                    ],
                    [
                        -0.0,
                        -0.0,
                        0.0,
                        0.0,
                        0.0,
                        0.0
                    ],
                    [
                        -0.7712336525409134,
                        -0.0,
                        -0.0,
                        0.0,
                        0.0,
                        0.0
                    ],
                    [
                        -0.88436341947483,
                        -0.0,
                        -0.5210282636500467,
                        0.8707048501141129,
                        0.0,
                        0.0
                    ],
                    [
                        0.0,
                        0.0,
                        0.0,
                        0.0,
                        0.0,
                        0.0
                    ]
                ]
            },
            "est_params": {
                "mui": [
                    -0.005082166571999726,
                    0.054131327368721935,
                    -0.0276555113465725,
                    0.060983712468137614,
                    0.03522304367540027,
                    1.0337335073754625
                ],
                "Si": [
                    [
                        1.0376654117351563,
                        -1.0142419969236416,
                        -0.04416946681916042,
                        -0.8402726837300988,
                        -1.6154186622739455,
                        0.22706454739704096
                    ],
                    [
                        -1.0142419969236416,
                        2.0842370392523417,
                        -0.018037186816818495,
                        0.8094576005289633,
                        1.5824424688366143,
                        -0.34761786102163034
                    ],
                    [
                        -0.04416946681916041,
                        -0.018037186816818523,
                        0.8756073030222132,
                        0.08977215064804474,
                        -0.318704871440162,
                        -0.1833986065606794
                    ],
                    [
                        -0.8402726837300988,
                        0.8094576005289633,
                        0.08977215064804472,
                        1.6355038172973437,
                        2.1007951508080045,
                        -0.39123821913190415
                    ],
                    [
                        -1.6154186622739455,
                        1.582442468836614,
                        -0.318704871440162,
                        2.1007951508080045,
                        4.321394539776316,
                        -0.3547209540308462
                    ],
                    [
                        0.22706454739704096,
                        -0.34761786102163045,
                        -0.18339860656067936,
                        -0.39123821913190415,
                        -0.35472095403084625,
                        15.839961620166056
                    ]
                ]
            },
            "est_tgt": [
                2,
                5
            ],
            "oracle_est_tgt": [
                2,
                4,
                5
            ]
        },
        "obs": {
            "intv_type": "obs",
            "true_params": {
                "Si": [
                    [
                        1.0,
                        -0.9776605119195545,
                        0.0,
                        -0.7712336525409134,
                        -1.5558803013134257,
                        0.8277426365982101
                    ],
                    [
                        -0.9776605119195545,
                        1.9558200765668055,
                        0.0,
                        0.7540046875527372,
                        1.5211227318676344,
                        -1.4800500582601521
                    ],
                    [
                        0.0,
                        0.0,
                        1.0,
                        0.0,
                        -0.5210282636500467,
                        1.1426512323852709
                    ],
                    [
                        -0.7712336525409134,
                        0.7540046875527372,
                        0.0,
                        1.5948013468115982,
                        2.070652097812523,
                        -1.1268717020553343
                    ],
                    [
                        -1.5558803013134257,
                        1.5211227318676344,
                        -0.5210282636500467,
                        2.070652097812523,
                        4.45036089954958,
                        -2.869578317250005
                    ],
                    [
                        0.8277426365982101,
                        -1.4800500582601521,
                        1.1426512323852709,
                        -1.1268717020553343,
                        -2.869578317250005,
                        3.9941529642636624
                    ]
                ],
                "mui": [
                    0.0,
                    0.0,
                    0.0,
                    0.0,
                    0.0,
                    0.0
                ],
                "Ai": [
                    [
                        0.0,
                        0.0,
                        0.0,
                        0.0,
                        0.0,
                        0.0
                    ],
                    [
                        -0.9776605119195545,
                        0.0,
                        0.0,
                        0.0,
                        0.0,
                        0.0
                    ],
                    [
                        -0.0,
                        -0.0,
                        0.0,
                        0.0,
                        0.0,
                        0.0
                    ],
                    [
                        -0.7712336525409134,
                        -0.0,
                        -0.0,
                        0.0,
                        0.0,
                        0.0
                    ],
                    [
                        -0.88436341947483,
                        -0.0,
                        -0.5210282636500467,
                        0.8707048501141129,
                        0.0,
                        0.0
                    ],
