{
    "expt_args": {
        "save_dir": "all_expt_logs/expt_logs_11.05.24-hard_var_shift",
        "exp_name": "214",
        "num_nodes": 6,
        "obs_noise_mean": 0.0,
        "obs_noise_var": 1.0,
        "max_edge_strength": 1.0,
        "graph_sparsity_method": "adj_dense_prop",
        "adj_dense_prop": 0.8,
        "num_parents": null,
        "new_noise_mean": 1.0,
        "mix_samples": 65536,
        "stage2_samples": 65536,
        "gmm_tol": 0.001,
        "intv_type": "hard",
        "new_noise_sigma": 4.0,
        "intv_targets": [
            0,
            1,
            2,
            3,
            4,
            5
        ]
    },
    "intv_args_dict": {
        "0": {
            "intv_type": "hard",
            "inode": 0,
            "new_mui": 1.0,
            "new_sigmai": 4.0,
            "true_params": {
                "Si": [
                    [
                        4.0,
                        0.0,
                        -2.5560069073028497,
                        4.268716777265034,
                        -1.706242058717233,
                        -0.5482501599379332
                    ],
                    [
                        0.0,
                        1.0,
                        0.0,
                        0.0,
                        0.0,
                        0.6219226747075253
                    ],
                    [
                        -2.5560069073028497,
                        0.0,
                        2.6332928275449694,
                        -3.5059806920777024,
                        2.42084091887767,
                        0.5071840843845985
                    ],
                    [
                        4.268716777265034,
                        0.0,
                        -3.5059806920777024,
                        6.161179495370333,
                        -3.5741630447933037,
                        -0.89074073911743
                    ],
                    [
                        -1.706242058717233,
                        0.0,
                        2.42084091887767,
                        -3.5741630447933037,
                        4.0133840925582875,
                        -0.3437514540363249
                    ],
                    [
                        -0.5482501599379332,
                        0.6219226747075253,
                        0.5071840843845985,
                        -0.89074073911743,
                        -0.3437514540363249,
                        2.3631236201673005
                    ]
                ],
                "mui": [
                    1.0,
                    0.0,
                    -0.6390017268257124,
                    1.0671791943162585,
                    -0.4265605146793082,
                    -0.1370625399844833
                ],
                "Ai": [
                    [
                        0.0,
                        0.0,
                        0.0,
                        0.0,
                        0.0,
                        0.0
                    ],
                    [
                        0.0,
                        0.0,
                        0.0,
                        0.0,
                        0.0,
                        0.0
                    ],
                    [
                        -0.6390017268257124,
                        -0.0,
                        0.0,
                        0.0,
                        0.0,
                        0.0
                    ],
                    [
                        0.5698676016429648,
                        -0.0,
                        -0.7782633000754556,
                        0.0,
                        0.0,
                        0.0
                    ],
                    [
                        0.8327019704271329,
                        -0.0,
                        0.7719279849479348,
                        -0.7177793324863251,
                        0.0,
                        0.0
                    ],
                    [
                        0.832279684757075,
                        0.6219226747075253,
                        0.7226688170579048,
                        -0.8425720991849881,
                        -0.9180873469677683,
                        0.0
                    ]
                ]
            },
            "est_params": {
                "mui": [
                    3.076130758349711,
                    -0.011667835683874733,
                    -3.681605806897943,
                    4.608199066607569,
                    -3.6158525267816537,
                    -0.690217559414231
                ],
                "Si": [
                    [
                        9.993177695595566,
                        -0.07750676883378631,
                        -1.0389453151278494,
                        6.569789738841969,
                        2.881207901004247,
                        -0.7270278873065584
                    ],
                    [
                        -0.07750676883378635,
                        0.9602714235202351,
                        -0.006176729460104208,
                        -0.024658983358483287,
                        -0.06960550612102669,
                        0.6155650634075287
                    ],
                    [
                        -1.0389453151278496,
                        -0.006176729460104208,
                        4.104100385550749,
                        -3.831762528889773,
                        5.019970791328426,
                        0.7518596402657705
                    ],
                    [
                        6.569789738841969,
                        -0.024658983358483284,
                        -3.831762528889773,
                        7.775746447739392,
                        -2.9624298694405486,
                        -1.2379664198657463
                    ],
                    [
                        2.881207901004247,
                        -0.06960550612102667,
                        5.019970791328426,
                        -2.962429869440548,
                        9.370057490354412,
                        -0.06575960783017078
                    ],
                    [
                        -0.7270278873065584,
                        0.6155650634075287,
                        0.7518596402657705,
                        -1.2379664198657463,
                        -0.06575960783017078,
                        2.3640049516759976
                    ]
                ]
            },
            "est_tgt": [
                0,
                2,
                5
            ],
            "oracle_est_tgt": [
                0
            ]
        },
        "1": {
            "intv_type": "hard",
            "inode": 1,
            "new_mui": 1.0,
            "new_sigmai": 4.0,
            "true_params": {
                "Si": [
                    [
                        1.0,
                        0.0,
                        -0.6390017268257124,
                        1.0671791943162585,
                        -0.4265605146793082,
                        -0.1370625399844833
                    ],
                    [
                        0.0,
                        4.0,
                        0.0,
                        0.0,
                        0.0,
                        2.487690698830101
                    ],
                    [
                        -0.6390017268257124,
                        0.0,
                        1.4083232068862424,
                        -1.4601926480760175,
                        1.6031222024504426,
                        0.24443448518498917
                    ],
                    [
                        1.0671791943162585,
                        0.0,
                        -1.4601926480760175,
                        2.744565197025837,
                        -2.2085135256455253,
                        -0.4519298661426874
                    ],
                    [
                        -0.4265605146793082,
                        0.0,
                        1.6031222024504426,
                        -2.2085135256455253,
                        3.467522474507859,
                        -0.5191478568334282
                    ],
                    [
                        -0.1370625399844833,
                        2.487690698830101,
                        0.24443448518498917,
                        -0.4519298661426874,
                        -0.5191478568334282,
                        3.467128640512393
                    ]
                ],
                "mui": [
                    0.0,
                    1.0,
                    0.0,
                    0.0,
                    0.0,
                    0.6219226747075253
                ],
                "Ai": [
                    [
                        0.0,
                        0.0,
                        0.0,
                        0.0,
                        0.0,
                        0.0
                    ],
                    [
                        0.0,
                        0.0,
                        0.0,
                        0.0,
                        0.0,
                        0.0
                    ],
                    [
                        -0.6390017268257124,
                        -0.0,
                        0.0,
                        0.0,
                        0.0,
                        0.0
                    ],
                    [
                        0.5698676016429648,
                        -0.0,
                        -0.7782633000754556,
                        0.0,
                        0.0,
                        0.0
                    ],
                    [
                        0.8327019704271329,
                        -0.0,
                        0.7719279849479348,
                        -0.7177793324863251,
                        0.0,
                        0.0
                    ],
                    [
                        0.832279684757075,
                        0.6219226747075253,
                        0.7226688170579048,
                        -0.8425720991849881,
                        -0.9180873469677683,
                        0.0
                    ]
                ]
            },
            "est_params": {
                "mui": [
                    -0.010275892136992695,
                    1.967827811341868,
                    0.12398044260195244,
                    -0.1394167438409947,
                    -0.918684909118971,
                    4.505113722164734
                ],
                "Si": [
                    [
                        0.9845635537096104,
                        -0.020334067718090668,
                        -0.6518457759027624,
                        1.089795476560141,
                        -0.26518942661527706,
                        -0.14133426373549463
                    ],
                    [
                        -0.020334067718090675,
                        9.440957957773174,
                        -0.18916190090730006,
                        0.25515221143427574,
                        1.7416740967725304,
                        -0.7986099953662624
                    ],
                    [
                        -0.6518457759027624,
                        -0.18916190090730006,
                        1.4373485496421934,
                        -1.5154645068991386,
                        1.0003369242268094,
                        0.26980215543868874
                    ],
                    [
                        1.0897954765601412,
                        0.25515221143427574,
                        -1.5154645068991386,
                        2.8188720181738898,
                        -1.3309921780346055,
                        -0.5222420582412874
                    ],
                    [
                        -0.26518942661527706,
                        1.74167409677253,
                        1.0003369242268094,
                        -1.3309921780346055,
                        7.182639108116238,
                        -1.5023534943347614
                    ],
                    [
                        -0.1413342637354946,
                        -0.7986099953662623,
                        0.2698021554386888,
                        -0.5222420582412873,
                        -1.5023534943347614,
                        5.630597216706766
                    ]
                ]
            },
            "est_tgt": [
                0,
                1,
                2,
                4,
                5
            ],
            "oracle_est_tgt": [
                1
            ]
        },
        "2": {
            "intv_type": "hard",
            "inode": 2,
            "new_mui": 1.0,
            "new_sigmai": 4.0,
            "true_params": {
                "Si": [
                    [
                        1.0,
                        0.0,
                        0.0,
                        0.5698676016429648,
                        0.42366278371426264,
                        -0.0368342977259592
                    ],
                    [
                        0.0,
                        1.0,
                        0.0,
                        0.0,
                        0.0,
                        0.6219226747075253
                    ],
                    [
                        0.0,
                        0.0,
                        4.0,
                        -3.1130532003018225,
                        5.3221971878988,
                        0.6274051418071442
                    ],
                    [
                        0.5698676016429648,
                        0.0,
                        -3.1130532003018225,
                        3.7475241403796598,
                        -4.618418385132125,
                        -0.6928650451647548
                    ],
                    [
                        0.42366278371426264,
                        0.0,
                        5.3221971878988,
                        -4.618418385132125,
                        8.776143051168505,
                        0.03287645721915322
                    ],
                    [
                        -0.0368342977259592,
                        0.6219226747075253,
                        0.6274051418071442,
                        -0.6928650451647548,
                        0.03287645721915322,
                        2.3631428034319057
                    ]
                ],
                "mui": [
                    0.0,
                    0.0,
                    1.0,
                    -0.7782633000754556,
                    1.3305492969747,
                    0.15685128545178606
                ],
                "Ai": [
                    [
                        0.0,
                        0.0,
                        0.0,
                        0.0,
                        0.0,
                        0.0
                    ],
                    [
                        0.0,
                        0.0,
                        0.0,
                        0.0,
                        0.0,
                        0.0
                    ],
                    [
                        0.0,
                        0.0,
                        0.0,
                        0.0,
                        0.0,
                        0.0
                    ],
                    [
                        0.5698676016429648,
                        -0.0,
                        -0.7782633000754556,
                        0.0,
                        0.0,
                        0.0
                    ],
                    [
                        0.8327019704271329,
                        -0.0,
                        0.7719279849479348,
                        -0.7177793324863251,
                        0.0,
                        0.0
                    ],
                    [
                        0.832279684757075,
                        0.6219226747075253,
                        0.7226688170579048,
                        -0.8425720991849881,
                        -0.9180873469677683,
                        0.0
                    ]
                ]
            },
            "est_params": {
                "mui": [
                    -1.550999546932607,
                    0.005981120380210605,
                    4.152977177435003,
                    -4.148878464932367,
                    4.8966845968152155,
                    0.7183139645611832
                ],
                "Si": [
                    [
                        6.827384632660387,
                        0.023007223717499102,
                        0.9075732940126303,
                        3.183663981349293,
                        4.114237746004935,
                        -0.10380305256500326
                    ],
                    [
                        0.023007223717499095,
                        0.9650164418704726,
                        -0.03797988802188693,
                        0.04477920929833543,
                        -0.049800995973158825,
                        0.5879534483417433
                    ],
                    [
                        0.9075732940126303,
                        -0.03797988802188694,
                        5.971942851711578,
                        -4.124057621857232,
                        8.332142934118714,
                        0.7972470209385567
                    ],
                    [
                        3.183663981349293,
                        0.04477920929833545,
                        -4.124057621857232,
                        6.001427174887451,
                        -4.86022776549722,
                        -0.8515145607456033
                    ],
                    [
                        4.114237746004935,
                        -0.04980099597315885,
                        8.332142934118714,
                        -4.86022776549722,
                        14.37043631659282,
                        0.2455423336008145
                    ],
                    [
                        -0.10380305256500333,
                        0.5879534483417433,
                        0.797247020938557,
                        -0.8515145607456033,
                        0.24554233360081454,
                        2.3078433186120852
                    ]
                ]
            },
            "est_tgt": [
                0,
                2
            ],
            "oracle_est_tgt": [
                2
            ]
        },
        "3": {
            "intv_type": "hard",
            "inode": 3,
            "new_mui": 1.0,
            "new_sigmai": 4.0,
            "true_params": {
                "Si": [
                    [
                        1.0,
                        0.0,
                        -0.6390017268257124,
                        0.0,
                        0.33943865506031,
                        0.058858728451351594
                    ],
                    [
                        0.0,
                        1.0,
                        0.0,
                        0.0,
                        0.0,
                        0.6219226747075253
                    ],
                    [
                        -0.6390017268257124,
                        0.0,
                        1.4083232068862424,
                        0.0,
                        0.5550260982129993,
                        -0.023639327812299396
                    ],
                    [
                        0.0,
                        0.0,
                        0.0,
                        4.0,
                        -2.8711173299453003,
                        -0.7343519044572888
                    ],
                    [
                        0.33943865506031,
                        0.0,
                        0.5550260982129993,
                        -2.8711173299453003,
                        3.7719200950729888,
                        -0.36022080670174983
                    ],
                    [
                        0.058858728451351594,
                        0.6219226747075253,
                        -0.023639327812299396,
                        -0.7343519044572888,
                        -0.36022080670174983,
                        2.3681499226363676
                    ]
                ],
                "mui": [
                    0.0,
                    0.0,
                    0.0,
                    1.0,
                    -0.7177793324863251,
                    -0.1835879761143222
                ],
                "Ai": [
                    [
                        0.0,
                        0.0,
                        0.0,
                        0.0,
                        0.0,
                        0.0
                    ],
                    [
                        0.0,
                        0.0,
                        0.0,
                        0.0,
                        0.0,
                        0.0
                    ],
                    [
                        -0.6390017268257124,
                        -0.0,
                        0.0,
                        0.0,
                        0.0,
                        0.0
                    ],
                    [
                        0.0,
                        0.0,
                        0.0,
                        0.0,
                        0.0,
                        0.0
                    ],
                    [
                        0.8327019704271329,
                        -0.0,
                        0.7719279849479348,
                        -0.7177793324863251,
                        0.0,
                        0.0
                    ],
                    [
                        0.832279684757075,
                        0.6219226747075253,
                        0.7226688170579048,
                        -0.8425720991849881,
                        -0.9180873469677683,
                        0.0
                    ]
                ]
            },
            "est_params": {
                "mui": [
                    0.19081857475570843,
                    -0.03836526787905607,
                    -0.26017782237110576,
                    3.302619266268417,
                    -2.432170158429778,
                    -0.6310728930919508
                ],
                "Si": [
                    [
                        1.220928058814681,
                        0.029132289581527186,
                        -0.7430964260538747,
                        -0.39771336265279156,
                        0.7561314043054576,
                        0.1116234083712037
                    ],
                    [
                        0.029132289581527197,
                        0.9279977294524264,
                        -0.023069000613456524,
                        0.03483109475486207,
                        -0.05291440590818245,
                        0.6254009083399611
                    ],
                    [
                        -0.7430964260538748,
                        -0.023069000613456524,
                        1.3343584641572153,
                        0.5132987783676788,
                        0.050454218275970776,
                        -0.13228934936440698
                    ],
                    [
                        -0.39771336265279156,
                        0.034831094754862076,
                        0.5132987783676788,
                        9.255628676550701,
                        -6.521566972555807,
                        -1.636640069860904
                    ],
                    [
                        0.7561314043054576,
                        -0.05291440590818243,
                        0.050454218275970734,
                        -6.521566972555807,
                        6.359909374410782,
                        0.19036157355420813
                    ],
                    [
                        0.1116234083712037,
                        0.6254009083399611,
                        -0.132289349364407,
                        -1.636640069860904,
                        0.19036157355420813,
                        2.5387776303437732
                    ]
                ]
            },
            "est_tgt": [
                0,
                2,
                3,
                5
            ],
            "oracle_est_tgt": [
                3
            ]
        },
        "4": {
            "intv_type": "hard",
            "inode": 4,
            "new_mui": 1.0,
            "new_sigmai": 4.0,
            "true_params": {
                "Si": [
                    [
                        1.0,
                        0.0,
                        -0.6390017268257124,
                        1.0671791943162585,
                        0.0,
                        -0.5286823512276152
                    ],
                    [
                        0.0,
                        1.0,
                        0.0,
                        0.0,
                        0.0,
                        0.6219226747075253
                    ],
                    [
                        -0.6390017268257124,
                        0.0,
                        1.4083232068862424,
                        -1.4601926480760175,
                        0.0,
                        1.7162406948978415
                    ],
                    [
                        1.0671791943162585,
                        0.0,
                        -1.4601926480760175,
                        2.744565197025837,
                        0.0,
                        -2.4795381896450204
                    ],
                    [
                        0.0,
                        0.0,
                        0.0,
                        0.0,
                        4.0,
                        -3.672349387871073
                    ],
                    [
                        -0.5286823512276152,
                        0.6219226747075253,
                        1.7162406948978415,
                        -2.4795381896450204,
                        -3.672349387871073,
                        7.647777069575284
                    ]
                ],
                "mui": [
                    0.0,
                    0.0,
                    0.0,
                    0.0,
                    1.0,
                    -0.9180873469677683
                ],
                "Ai": [
                    [
                        0.0,
                        0.0,
                        0.0,
                        0.0,
                        0.0,
                        0.0
                    ],
                    [
                        0.0,
                        0.0,
                        0.0,
                        0.0,
                        0.0,
                        0.0
                    ],
                    [
                        -0.6390017268257124,
                        -0.0,
                        0.0,
                        0.0,
                        0.0,
                        0.0
                    ],
                    [
                        0.5698676016429648,
                        -0.0,
                        -0.7782633000754556,
                        0.0,
                        0.0,
                        0.0
                    ],
                    [
                        0.0,
                        0.0,
                        0.0,
                        0.0,
                        0.0,
                        0.0
                    ],
                    [
                        0.832279684757075,
                        0.6219226747075253,
                        0.7226688170579048,
                        -0.8425720991849881,
                        -0.9180873469677683,
                        0.0
                    ]
                ]
            },
            "est_params": {
                "mui": [
                    0.07119099599726963,
                    -1.1521480782343403,
                    -0.19878949690262268,
                    0.2758895598523077,
                    2.3967436800558257,
                    -4.576221792726401
                ],
                "Si": [
                    [
                        0.9932855072486595,
                        0.017823247053929524,
                        -0.6531855862131516,
                        1.059734572187191,
                        -0.2532938832274823,
                        -0.22321079424544216
                    ],
                    [
                        0.017823247053929524,
                        6.128244620763681,
                        -0.14255474994461725,
                        0.19730725868335963,
                        2.7788320556994837,
                        -0.7390688635149696
                    ],
                    [
                        -0.6531855862131516,
                        -0.1425547499446173,
                        1.4012241352886814,
                        -1.4683193215965291,
                        0.7623726716699363,
                        0.545313502067843
                    ],
                    [
                        1.059734572187191,
                        0.1973072586833597,
                        -1.4683193215965291,
                        2.7366963491979033,
                        -1.029334430041684,
                        -0.9117010584051727
                    ],
                    [
                        -0.25329388322748236,
                        2.7788320556994845,
                        0.7623726716699363,
                        -1.029334430041684,
                        11.345075871128358,
                        -4.131993178162551
                    ],
                    [
                        -0.22321079424544216,
                        -0.7390688635149696,
                        0.5453135020678429,
                        -0.9117010584051727,
                        -4.131993178162551,
                        5.92517471115014
                    ]
                ]
            },
            "est_tgt": [
                1,
                2,
                3,
                4,
                5
            ],
            "oracle_est_tgt": [
                4
            ]
        },
        "5": {
            "intv_type": "hard",
            "inode": 5,
            "new_mui": 1.0,
            "new_sigmai": 4.0,
            "true_params": {
                "Si": [
                    [
                        1.0,
                        0.0,
                        -0.6390017268257124,
                        1.0671791943162585,
                        -0.4265605146793082,
                        0.0
                    ],
                    [
                        0.0,
                        1.0,
                        0.0,
                        0.0,
                        0.0,
                        0.0
                    ],
                    [
                        -0.6390017268257124,
                        0.0,
                        1.4083232068862424,
                        -1.4601926480760175,
                        1.6031222024504426,
                        0.0
                    ],
                    [
                        1.0671791943162585,
                        0.0,
                        -1.4601926480760175,
                        2.744565197025837,
                        -2.2085135256455253,
                        0.0
                    ],
                    [
                        -0.4265605146793082,
                        0.0,
                        1.6031222024504426,
                        -2.2085135256455253,
                        3.467522474507859,
                        0.0
                    ],
                    [
                        0.0,
                        0.0,
                        0.0,
                        0.0,
                        0.0,
                        4.0
                    ]
                ],
                "mui": [
                    0.0,
                    0.0,
                    0.0,
                    0.0,
                    0.0,
                    1.0
                ],
                "Ai": [
                    [
                        0.0,
                        0.0,
                        0.0,
                        0.0,
                        0.0,
                        0.0
                    ],
                    [
                        0.0,
                        0.0,
                        0.0,
                        0.0,
                        0.0,
                        0.0
                    ],
                    [
                        -0.6390017268257124,
                        -0.0,
                        0.0,
                        0.0,
                        0.0,
                        0.0
                    ],
                    [
                        0.5698676016429648,
                        -0.0,
                        -0.7782633000754556,
                        0.0,
                        0.0,
                        0.0
                    ],
                    [
                        0.8327019704271329,
                        -0.0,
                        0.7719279849479348,
                        -0.7177793324863251,
                        0.0,
                        0.0
                    ],
                    [
                        0.0,
                        0.0,
                        0.0,
                        0.0,
                        0.0,
                        0.0
                    ]
                ]
            },
            "est_params": {
                "mui": [
                    -0.12744575562071936,
                    0.014605864220926412,
                    0.3609742845068762,
                    -1.7841114200226755,
                    1.488656777741547,
                    0.3736484871236711
                ],
                "Si": [
                    [
                        0.8379668641032633,
                        0.00637187000118033,
                        -0.5254786580741856,
                        -0.244636562742235,
                        0.46442729210093486,
                        0.09799138269036034
                    ],
                    [
                        0.006371870001180328,
                        0.9458616253458313,
                        0.024677474790700347,
                        0.02281002085485987,
                        0.00330809455237014,
                        0.6082634886019435
                    ],
                    [
                        -0.5254786580741856,
                        0.02467747479070035,
                        1.545401307706975,
                        0.5505845966715779,
                        0.35679585826582516,
                        -0.1037898502186952
                    ],
                    [
                        -0.244636562742235,
                        0.02281002085485987,
                        0.5505845966715779,
                        8.769035455998974,
                        -6.05574027654805,
                        -1.4529292309160655
                    ],
                    [
                        0.46442729210093486,
                        0.003308094552370151,
                        0.3567958582658252,
                        -6.05574027654805,
                        6.052091164694089,
                        0.07275635476570494
                    ],
                    [
                        0.09799138269036034,
                        0.6082634886019436,
                        -0.1037898502186952,
                        -1.452929230916066,
                        0.07275635476570488,
                        2.4578467405973203
                    ]
                ]
            },
            "est_tgt": [
                0,
                2,
                3,
                5
            ],
            "oracle_est_tgt": [
                5
            ]
        },
        "obs": {
            "intv_type": "obs",
            "true_params": {
                "Si": [
                    [
                        1.0,
                        0.0,
                        -0.6390017268257124,
                        1.0671791943162585,
                        -0.4265605146793082,
                        -0.1370625399844833
                    ],
                    [
                        0.0,
                        1.0,
                        0.0,
                        0.0,
                        0.0,
                        0.6219226747075253
                    ],
                    [
                        -0.6390017268257124,
                        0.0,
                        1.4083232068862424,
                        -1.4601926480760175,
                        1.6031222024504426,
                        0.24443448518498917
                    ],
                    [
                        1.0671791943162585,
                        0.0,
                        -1.4601926480760175,
                        2.744565197025837,
                        -2.2085135256455253,
                        -0.4519298661426874
                    ],
                    [
                        -0.4265605146793082,
                        0.0,
                        1.6031222024504426,
                        -2.2085135256455253,
                        3.467522474507859,
                        -0.5191478568334282
                    ],
                    [
                        -0.1370625399844833,
                        0.6219226747075253,
                        0.24443448518498917,
                        -0.4519298661426874,
                        -0.5191478568334282,
                        2.306765200566306
                    ]
                ],
                "mui": [
                    0.0,
                    0.0,
                    0.0,
                    0.0,
                    0.0,
                    0.0
                ],
                "Ai": [
                    [
                        0.0,
                        0.0,
                        0.0,
                        0.0,
                        0.0,
                        0.0
                    ],
                    [
                        0.0,
                        0.0,
                        0.0,
                        0.0,
                        0.0,
                        0.0
                    ],
                    [
                        -0.6390017268257124,
                        -0.0,
                        0.0,
                        0.0,
                        0.0,
                        0.0
                    ],
                    [
                        0.5698676016429648,
                        -0.0,
                        -0.7782633000754556,
                        0.0,
                        0.0,
                        0.0
                    ],
                    [
                        0.8327019704271329,
                        -0.0,
                        0.7719279849479348,
                        -0.7177793324863251,
                        0.0,
                        0.0
                    ],
                    [
                        0.832279684757075,
