{
    "expt_args": {
        "exp_name": "5",
        "num_nodes": 4,
        "obs_noise_mean": 0.5,
        "obs_noise_var": 1.0,
        "max_edge_strength": 10,
        "num_parents": 2,
        "new_noise_mean": 10.0,
        "mix_samples": 32768,
        "stage2_samples": 32768,
        "intv_targets": [
            0,
            1,
            2,
            3
        ]
    },
    "intv_args_dict": {
        "0": {
            "intv_type": "do",
            "inode": 0,
            "new_mui": 10.0,
            "true_params": {
                "Si": [
                    [
                        0.0,
                        0.0,
                        0.0,
                        0.0
                    ],
                    [
                        0.0,
                        1.0000000000000004,
                        6.595555942439072,
                        33.466973367515436
                    ],
                    [
                        0.0,
                        6.595555942439072,
                        44.50135818984333,
                        225.8074652622825
                    ],
                    [
                        0.0,
                        33.466973367515436,
                        225.8074652622825,
                        1146.7855095266348
                    ]
                ],
                "mui": [
                    10.00000000000001,
                    -11.60588542850588,
                    -117.68534865216033,
                    -546.8178453919562
                ],
                "Ai": [
                    [
                        0.0,
                        0.0,
                        0.0,
                        0.0
                    ],
                    [
                        -1.210588542850589,
                        0.0,
                        0.0,
                        0.0
                    ],
                    [
                        -4.163808204691129,
                        6.595555942439069,
                        0.0,
                        0.0
                    ],
                    [
                        4.983764285822958,
                        0.0,
                        5.074170192716033,
                        0.0
                    ]
                ]
            },
            "est_params": {
                "mui": [
                    10.000000000000002,
                    -11.608839177937512,
                    -117.69500514959915,
                    -546.8605994070143
                ],
                "Si": [
                    [
                        1e-06,
                        1.894518141615473e-29,
                        -6.262156752765582e-29,
                        3.2321604342030226e-28
                    ],
                    [
                        1.894518141615473e-29,
                        0.9992757827442343,
                        6.588272175025948,
                        33.430457819289884
                    ],
                    [
                        -6.262156752765582e-29,
                        6.588272175025948,
                        44.41155141316395,
                        225.35855249501478
                    ],
                    [
                        3.2321604342030226e-28,
                        33.430457819289884,
                        225.35855249501478,
                        1144.554641654138
                    ]
                ]
            },
            "est_tgt": [
                0
            ]
        },
        "1": {
            "intv_type": "do",
            "inode": 1,
            "new_mui": 10.0,
            "true_params": {
                "Si": [
                    [
                        0.9999999999999996,
                        -5.386526488147244e-16,
                        -4.1638082046911284,
                        -16.144107194607226
                    ],
                    [
                        -5.386526488147244e-16,
                        2.9014667607511887e-31,
                        2.2428463186133593e-15,
                        8.696066103124034e-15
                    ],
                    [
                        -4.1638082046911284,
                        2.2428463186133593e-15,
                        18.337298765453166,
                        72.29513618703471
                    ],
                    [
                        -16.144107194607226,
                        8.696066103124034e-15,
                        72.29513618703471,
                        287.3794002556168
                    ]
                ],
                "mui": [
                    0.4999999999999999,
                    10.000000000000002,
                    64.37365532204514,
                    329.6347651742087
                ],
                "Ai": [
                    [
                        0.0,
                        0.0,
                        0.0,
                        0.0
                    ],
                    [
                        0.0,
                        0.0,
                        0.0,
                        0.0
                    ],
                    [
                        -4.163808204691129,
                        6.595555942439069,
                        0.0,
                        0.0
                    ],
                    [
                        4.983764285822958,
                        0.0,
                        5.074170192716033,
                        0.0
                    ]
                ]
            },
            "est_params": {
                "mui": [
                    0.49502967867955,
                    10.000000000000002,
                    64.39815371043953,
                    329.7284501674871
                ],
                "Si": [
                    [
                        1.008756219685979,
                        -3.99000963536622e-16,
                        -4.1929323594386565,
                        -16.25775861009673
                    ],
                    [
                        -3.99000963536622e-16,
                        1e-06,
                        1.6551048399463294e-15,
                        6.409578279184423e-15
                    ],
                    [
                        -4.1929323594386565,
                        1.6551048399463294e-15,
                        18.44670727174495,
                        72.77067767635202
                    ],
                    [
                        -16.25775861009673,
                        6.409578279184426e-15,
                        72.77067767635202,
                        289.50188589858135
                    ]
                ]
            },
            "est_tgt": [
                1
            ]
        },
        "2": {
            "intv_type": "do",
            "inode": 2,
            "new_mui": 10.0,
            "true_params": {
                "Si": [
                    [
                        0.9999999999999998,
                        -1.2105885428505887,
                        2.1808846172987825e-16,
                        4.983764285822958
                    ],
                    [
                        -1.2105885428505887,
                        2.465524620081112,
                        -2.640153930980998e-16,
                        -6.033287944685222
                    ],
                    [
                        2.1808846172987825e-16,
                        -2.640153930980998e-16,
                        4.7562577139704585e-32,
                        1.0869014867194345e-15
                    ],
                    [
                        4.983764285822958,
                        -6.033287944685222,
                        1.0869014867194345e-15,
                        25.83790645664443
                    ]
                ],
                "mui": [
                    0.49999999999999994,
                    -0.10529427142529446,
                    10.0,
                    53.73358407007181
                ],
                "Ai": [
                    [
                        0.0,
                        0.0,
                        0.0,
                        0.0
                    ],
                    [
                        -1.210588542850589,
                        0.0,
                        0.0,
                        0.0
                    ],
                    [
                        0.0,
                        0.0,
                        0.0,
                        0.0
                    ],
                    [
                        4.983764285822958,
                        0.0,
                        5.074170192716033,
                        0.0
                    ]
                ]
            },
            "est_params": {
                "mui": [
                    0.5057498347307775,
                    -0.11585172462710576,
                    10.000000513851866,
                    53.765399353180264
                ],
                "Si": [
                    [
                        1.0196827895831797,
                        -1.2400659267258831,
                        -4.3895728954410963e-07,
                        5.071457854069782
                    ],
                    [
                        -1.2400659267258831,
                        2.5106029948446245,
                        6.516322974818714e-07,
                        -6.160990442044426
                    ],
                    [
                        -4.3895728954410963e-07,
                        6.516322974818716e-07,
                        1.0014271503158585e-06,
                        -2.1584603744735704e-06
                    ],
                    [
                        5.071457854069782,
                        -6.160990442044426,
                        -2.1584603744735704e-06,
                        26.225065440374376
                    ]
                ]
            },
            "est_tgt": [
                2
            ]
        },
        "3": {
            "intv_type": "do",
            "inode": 3,
            "new_mui": 10.0,
            "true_params": {
                "Si": [
                    [
                        1.0000000000000004,
                        -1.2105885428505898,
                        -12.148312662337993,
                        0.0
                    ],
                    [
                        -1.2105885428505898,
                        2.465524620081115,
                        21.30216406643219,
                        0.0
                    ],
                    [
                        -12.148312662337993,
                        21.30216406643219,
                        192.08285873176493,
                        0.0
                    ],
                    [
                        0.0,
                        0.0,
                        0.0,
                        0.0
                    ]
                ],
                "mui": [
                    0.5000000000000001,
                    -0.10529427142529446,
                    -2.276378359949458,
                    10.0
                ],
                "Ai": [
                    [
                        0.0,
                        0.0,
                        0.0,
                        0.0
                    ],
                    [
                        -1.210588542850589,
                        0.0,
                        0.0,
                        0.0
                    ],
                    [
                        -4.163808204691129,
                        6.595555942439069,
                        0.0,
                        0.0
                    ],
                    [
                        0.0,
                        0.0,
                        0.0,
                        0.0
                    ]
                ]
            },
            "est_params": {
                "mui": [
                    0.5000059178853198,
                    -0.0861713541802737,
                    -2.1463252320489787,
                    9.999999999999996
                ],
                "Si": [
                    [
                        0.9741381474487703,
                        -1.1855674718020843,
                        -11.881937361527786,
                        2.8049297069407572e-31
                    ],
                    [
                        -1.1855674718020843,
                        2.425643567094933,
                        20.951719701578515,
                        1.3097697515671861e-31
                    ],
                    [
                        -11.881937361527786,
                        20.951719701578515,
                        188.8278246220521,
                        -1.9685068913259767e-30
                    ],
                    [
                        2.8049297069407572e-31,
                        1.3290310714431741e-31,
                        -1.9685068913259767e-30,
                        1e-06
                    ]
                ]
            },
            "est_tgt": [
                3
            ]
        },
        "obs": {
            "intv_type": "obs",
            "true_params": {
                "Si": [
                    [
                        1.0000000000000022,
                        -1.2105885428505894,
                        -12.148312662338,
                        -56.65884171720726
                    ],
                    [
                        -1.2105885428505894,
                        2.4655246200811107,
                        21.302164066432162,
                        102.0575180015514
                    ],
                    [
                        -12.148312662338,
                        21.302164066432162,
                        192.0828587317648,
                        914.1167895288344
                    ],
                    [
                        -56.65884171720726,
                        102.0575180015514,
                        914.1167895288344,
                        4357.009854262174
                    ]
                ],
                "mui": [
                    0.5000000000000006,
                    -0.1052942714252939,
                    -2.276378359949458,
                    -8.558849078487867
                ],
                "Ai": [
                    [
                        0.0,
                        0.0,
                        0.0,
                        0.0
                    ],
                    [
                        -1.210588542850589,
                        0.0,
                        0.0,
                        0.0
                    ],
                    [
                        -4.163808204691129,
                        6.595555942439069,
                        0.0,
                        0.0
                    ],
                    [
                        4.983764285822958,
                        0.0,
                        5.074170192716033,
                        0.0
                    ]
                ]
            },
            "est_params": {
                "mui": [
                    0.5060588967215289,
                    -0.13561498493345742,
                    -2.520203126132637,
                    -9.752861131982765
                ],
                "Si": [
                    [
                        0.9893139888949167,
                        -1.2241274083283629,
                        -12.209574892712997,
                        -57.02021270977084
                    ],
                    [
                        -1.2241274083283629,
                        2.5075078740365724,
                        21.65817348560671,
                        103.79949374513444
                    ],
                    [
                        -12.209574892712997,
                        21.65817348560671,
                        194.89352082852503,
                        928.0674825857329
                    ],
                    [
                        -57.02021270977084,
                        103.79949374513444,
                        928.0674825857329,
                        4425.957605937136
                    ]
                ]
            }
        }
    },
    "metric_dict": {
        "param_est_rel_err": 0.2009434212514795,
        "est_dag": {
            "amat": [
                [
                    0,
                    1,
                    1,
                    1
                ],
                [
                    0,
                    0,
                    1,
                    0
                ],
                [
                    0,
                    0,
                    0,
                    1
                ],
                [
                    0,
                    0,
                    0,
                    0
                ]
            ],
            "nodes": [
                0,
                1,
                2,
                3
            ]
        },
        "act_dag": {
            "amat": [
                [
                    0,
                    1,
                    1,
                    1
                ],
                [
                    0,
                    0,
                    1,
                    0
                ],
                [
                    0,
                    0,
                    0,
                    1
                ],
                [
                    0,
                    0,
                    0,
                    0
                ]
            ],
            "nodes": [
                0,
                1,
                2,
                3
            ]
        },
        "shd": 0,
        "avg_js": 1.0
    }
}