{
    "expt_args": {
        "save_dir": "all_expt_logs/expt_logs_11.05.24-mean_shift-corr",
        "exp_name": "288",
        "num_nodes": 6,
        "obs_noise_mean": 0.0,
        "obs_noise_var": 1.0,
        "max_edge_strength": 1.0,
        "graph_sparsity_method": "adj_dense_prop",
        "adj_dense_prop": 0.8,
        "num_parents": null,
        "new_noise_mean": 0.2,
        "mix_samples": 1024,
        "stage2_samples": 1024,
        "gmm_tol": 0.001,
        "intv_type": "do",
        "new_noise_var": null,
        "intv_targets": [
            0,
            1,
            2,
            3,
            4,
            5
        ]
    },
    "intv_args_dict": {
        "0": {
            "intv_type": "do",
            "inode": 0,
            "new_mui": 0.2,
            "new_vari": null,
            "true_params": {
                "Si": [
                    [
                        1e-09,
                        7.252588846636981e-10,
                        9.248321924740577e-11,
                        -4.4282643532890976e-10,
                        -1.0872973017524447e-09,
                        -2.338477939608524e-10
                    ],
                    [
                        7.252588846636981e-10,
                        1.0000000005260004,
                        -0.9068039017798467,
                        1.2196580210966632,
                        -1.9700457177213475,
                        -0.666908976212324
                    ],
                    [
                        9.248321924740577e-11,
                        -0.9068039017798467,
                        1.8222933164133535,
                        -1.6954286319994916,
                        2.3568269769992938,
                        1.143821709772245
                    ],
                    [
                        -4.4282643532890976e-10,
                        1.2196580210966632,
                        -1.6954286319994916,
                        2.8350028207494917,
                        -3.706657429306996,
                        -0.7477130242987942
                    ],
                    [
                        -1.0872973017524447e-09,
                        -1.9700457177213475,
                        2.3568269769992938,
                        -3.706657429306996,
                        6.142802057136873,
                        1.8083707626522647
                    ],
                    [
                        -2.338477939608524e-10,
                        -0.666908976212324,
                        1.143821709772245,
                        -0.7477130242987942,
                        1.8083707626522647,
                        2.1938500042408666
                    ]
                ],
                "mui": [
                    0.20000000298023224,
                    0.14505177909417952,
                    0.018496644125102626,
                    -0.08856528838550756,
                    -0.2174594635908874,
                    -0.04676955948909122
                ],
                "Ai": [
                    [
                        0.0,
                        0.0,
                        0.0,
                        0.0,
                        0.0,
                        0.0
                    ],
                    [
                        0.725258884663698,
                        0.0,
                        0.0,
                        0.0,
                        0.0,
                        0.0
                    ],
                    [
                        0.7501508057095931,
                        -0.906803901846921,
                        0.0,
                        0.0,
                        0.0,
                        0.0
                    ],
                    [
                        -0.8852268765873511,
                        0.6851533619662197,
                        -0.5894379792179565,
                        0.0,
                        0.0,
                        0.0
                    ],
                    [
                        -0.9429846044104331,
                        -0.7898184430854318,
                        -0.0,
                        -0.967670652856736,
                        0.0,
                        0.0
                    ],
                    [
                        0.7111528578237192,
                        0.0,
                        0.7650765276643394,
                        0.923484854363819,
                        0.5580938027873341,
                        0.0
                    ]
                ]
            },
            "est_params": {
                "mui": [
                    0.20000145606750327,
                    0.12909489749357336,
                    0.0491615998398797,
                    -0.14944780062583535,
                    -0.12245061463766668,
                    -0.02286708364268938
                ],
                "Si": [
                    [
                        1.0040457604684234e-06,
                        -8.895410528712679e-07,
                        -2.0354953501788065e-07,
                        -1.32216571070434e-06,
                        4.854912746584322e-06,
                        -1.2555053582690177e-06
                    ],
                    [
                        -8.89541052871268e-07,
                        0.9742188517937959,
                        -0.950123322580358,
                        1.1621487583488812,
                        -1.888756978728072,
                        -0.8389389665923952
                    ],
                    [
                        -2.0354953501787954e-07,
                        -0.950123322580358,
                        1.8094518819460983,
                        -1.5271358583354528,
                        2.2641838214145498,
                        1.291129643292142
                    ],
                    [
                        -1.3221657107043404e-06,
                        1.1621487583488812,
                        -1.5271358583354528,
                        2.3286806877575974,
                        -3.181888794637565,
                        -0.8058160102158574
                    ],
                    [
                        4.854912746584322e-06,
                        -1.8887569787280716,
                        2.2641838214145498,
                        -3.1818887946375654,
                        5.674675538638508,
                        2.2316079029268385
                    ],
                    [
                        -1.255505358269018e-06,
                        -0.8389389665923952,
                        1.2911296432921417,
                        -0.8058160102158572,
                        2.2316079029268385,
                        2.9483128129961393
                    ]
                ]
            },
            "est_tgt": [
                0
            ],
            "oracle_est_tgt": [
                0
            ]
        },
        "1": {
            "intv_type": "do",
            "inode": 1,
            "new_mui": 0.2,
            "new_vari": null,
            "true_params": {
                "Si": [
                    [
                        1.0,
                        0.0,
                        0.7501508057095931,
                        -1.3273942516135355,
                        0.34149585764671536,
                        0.24983386617610245
                    ],
                    [
                        0.0,
                        1e-09,
                        -9.06803901846921e-10,
                        1.219658021417827e-09,
                        -1.9700457169327756e-09,
                        -6.669089760427238e-10
                    ],
                    [
                        0.7501508057095931,
                        -9.06803901846921e-10,
                        1.562726232129045,
                        -1.5851838476661233,
                        0.8265552287150124,
                        0.7264791247518969
                    ],
                    [
                        -1.3273942516135355,
                        1.219658021417827e-09,
                        -1.5851838476661233,
                        3.109412632048772,
                        -1.7571750093644527,
                        -0.2659401808502353
                    ],
                    [
                        0.34149585764671536,
                        -1.9700457169327756e-09,
                        0.8265552287150124,
                        -1.7571750093644527,
                        2.3783413538204305,
                        0.5798468222738558
                    ],
                    [
                        0.24983386617610245,
                        -6.669089760427238e-10,
                        0.7264791247518969,
                        -0.2659401808502353,
                        0.5798468222738558,
                        1.811499382993094
                    ]
                ],
                "mui": [
                    0.0,
                    0.20000000298023224,
                    -0.18136078307187042,
                    0.24393160791842955,
                    -0.3940091492577488,
                    -0.1333817971960884
                ],
                "Ai": [
                    [
                        0.0,
                        0.0,
                        0.0,
                        0.0,
                        0.0,
                        0.0
                    ],
                    [
                        0.0,
                        0.0,
                        0.0,
                        0.0,
                        0.0,
                        0.0
                    ],
                    [
                        0.7501508057095931,
                        -0.906803901846921,
                        0.0,
                        0.0,
                        0.0,
                        0.0
                    ],
                    [
                        -0.8852268765873511,
                        0.6851533619662197,
                        -0.5894379792179565,
                        0.0,
                        0.0,
                        0.0
                    ],
                    [
                        -0.9429846044104331,
                        -0.7898184430854318,
                        -0.0,
                        -0.967670652856736,
                        0.0,
                        0.0
                    ],
                    [
                        0.7111528578237192,
                        0.0,
                        0.7650765276643394,
                        0.923484854363819,
                        0.5580938027873341,
                        0.0
                    ]
                ]
            },
            "est_params": {
                "mui": [
                    -0.07099112254827852,
                    0.20000052290880035,
                    -0.28767426988582595,
                    0.36335235813149286,
                    -0.4558449405222717,
                    -0.15735373113472317
                ],
                "Si": [
                    [
                        0.9329268077103637,
                        2.3129823304847995e-06,
                        0.7764970095328355,
                        -1.3161814596085748,
                        0.3286041531266027,
                        0.22603200768139423
                    ],
                    [
                        2.312982330484799e-06,
                        1.0141430370877368e-06,
                        2.6519416526896715e-06,
                        5.4780352264281646e-06,
                        -2.9402616955261143e-06,
                        1.421015843522604e-05
                    ],
                    [
                        0.7764970095328354,
                        2.6519416526896723e-06,
                        1.6423255696354515,
                        -1.6546304217776895,
                        0.8314862461847691,
                        0.71029159466097
                    ],
                    [
                        -1.3161814596085746,
                        5.478035226428164e-06,
                        -1.6546304217776895,
                        3.469257774001745,
                        -2.1291415260051685,
                        -0.225541182737881
                    ],
                    [
                        0.3286041531266027,
                        -2.940261695526114e-06,
                        0.8314862461847691,
                        -2.1291415260051685,
                        3.024691661082974,
                        0.6251633028397405
                    ],
                    [
                        0.22603200768139423,
                        1.421015843522604e-05,
                        0.71029159466097,
                        -0.22554118273788096,
                        0.6251633028397405,
                        1.7710645099697824
                    ]
                ]
            },
            "est_tgt": [
                1
            ],
            "oracle_est_tgt": [
                1
            ]
        },
        "2": {
            "intv_type": "do",
            "inode": 2,
            "new_mui": 0.2,
            "new_vari": null,
            "true_params": {
                "Si": [
                    [
                        1.0,
                        0.725258884663698,
                        0.0,
                        -0.38831331346414766,
                        -1.1400480499765777,
                        -0.28370235747996425
                    ],
                    [
                        0.725258884663698,
                        1.5260004497836313,
                        0.0,
                        0.403525681343147,
                        -2.2796512213553077,
                        -0.3838394355971055
                    ],
                    [
                        0.0,
                        0.0,
                        1e-09,
                        -5.894379792179565e-10,
                        5.703818341683952e-10,
                        5.390660481415953e-10
                    ],
                    [
                        -0.38831331346414766,
                        0.403525681343147,
                        -5.894379792179565e-10,
                        1.6202223591745561,
                        -1.5203801771746623,
                        0.3715859315854387
                    ],
                    [
                        -1.1400480499765777,
                        -2.2796512213553077,
                        5.703818341683952e-10,
                        -1.5203801771746623,
                        5.346785616481747,
                        0.7692114225343224
                    ],
                    [
                        -0.28370235747996425,
                        -0.3838394355971055,
                        5.390660481415953e-10,
                        0.3715859315854387,
                        0.7692114225343224,
                        1.5706903659826814
                    ]
                ],
                "mui": [
                    0.0,
                    0.0,
                    0.20000000298023224,
                    -0.11788759760025337,
                    0.11407636853354937,
                    0.10781321123486108
                ],
                "Ai": [
                    [
                        0.0,
                        0.0,
                        0.0,
                        0.0,
                        0.0,
                        0.0
                    ],
                    [
                        0.725258884663698,
                        0.0,
                        0.0,
                        0.0,
                        0.0,
                        0.0
                    ],
                    [
                        0.0,
                        0.0,
                        0.0,
                        0.0,
                        0.0,
                        0.0
                    ],
                    [
                        -0.8852268765873511,
                        0.6851533619662197,
                        -0.5894379792179565,
                        0.0,
                        0.0,
                        0.0
                    ],
                    [
                        -0.9429846044104331,
                        -0.7898184430854318,
                        -0.0,
                        -0.967670652856736,
                        0.0,
                        0.0
                    ],
                    [
                        0.7111528578237192,
                        0.0,
                        0.7650765276643394,
                        0.923484854363819,
                        0.5580938027873341,
                        0.0
                    ]
                ]
            },
            "est_params": {
                "mui": [
                    0.07173722580764165,
                    0.11870738890134051,
                    0.20000348316189856,
                    -0.15934720557509552,
                    -0.15152840371854867,
                    -0.06276918715343392
                ],
                "Si": [
                    [
                        1.0067209846262766,
                        0.7384364056133834,
                        -2.7721158935989544e-06,
                        -0.34240662959049095,
                        -1.3449007154723034,
                        -0.3755677566204025
                    ],
                    [
                        0.7384364056133834,
                        1.591109119686848,
                        -4.875765357936462e-08,
                        0.5690393270450058,
                        -2.684765113543773,
                        -0.340864172300161
                    ],
                    [
                        -2.7721158935989544e-06,
                        -4.875765357936509e-08,
                        1.0010267287199609e-06,
                        7.779417557268115e-07,
                        -1.8316868866521203e-07,
                        -2.8506882993090574e-06
                    ],
                    [
                        -0.34240662959049095,
                        0.5690393270450059,
                        7.779417557268114e-07,
                        1.8638017807121425,
                        -1.9081037272962817,
                        0.39692663601760547
                    ],
                    [
                        -1.3449007154723034,
                        -2.6847651135437727,
                        -1.8316868866521314e-07,
                        -1.9081037272962817,
                        6.309882646484867,
                        0.7368460148899535
                    ],
                    [
                        -0.3755677566204025,
                        -0.3408641723001609,
                        -2.8506882993090566e-06,
                        0.3969266360176055,
                        0.7368460148899534,
                        1.48783243137711
                    ]
                ]
            },
            "est_tgt": [
                2
            ],
            "oracle_est_tgt": [
                1,
                2
            ]
        },
        "3": {
            "intv_type": "do",
            "inode": 3,
            "new_mui": 0.2,
            "new_vari": null,
            "true_params": {
                "Si": [
                    [
                        1.0,
                        0.725258884663698,
                        0.09248321924740577,
                        0.0,
                        -1.515807447529392,
                        -0.06405314461229661
                    ],
                    [
                        0.725258884663698,
                        1.5260004497836313,
                        -0.8397296254054392,
                        0.0,
                        -1.8891712618455256,
                        -1.1810222711313538
                    ],
                    [
                        0.09248321924740577,
                        -0.8397296254054392,
                        1.8308464622471639,
                        0.0,
                        0.5760236934338185,
                        1.787982613255216
                    ],
                    [
                        0.0,
                        0.0,
                        0.0,
                        1e-09,
                        -9.676706528567361e-10,
                        3.834338598653009e-10
                    ],
                    [
                        -1.515807447529392,
                        -1.8891712618455256,
                        0.5760236934338185,
                        -9.676706528567361e-10,
                        3.921485391959852,
                        1.5512881030839538
                    ],
                    [
                        -0.06405314461229661,
                        -1.1810222711313538,
                        1.787982613255216,
                        3.834338598653009e-10,
                        1.5512881030839538,
                        3.1881562294528503
                    ]
                ],
                "mui": [
                    0.0,
                    0.0,
                    0.0,
                    0.20000000298023224,
                    -0.1935341334552305,
                    0.07668677311578212
                ],
                "Ai": [
                    [
                        0.0,
                        0.0,
                        0.0,
                        0.0,
                        0.0,
                        0.0
                    ],
                    [
                        0.725258884663698,
                        0.0,
                        0.0,
                        0.0,
                        0.0,
                        0.0
                    ],
                    [
                        0.7501508057095931,
                        -0.906803901846921,
                        0.0,
                        0.0,
                        0.0,
                        0.0
                    ],
                    [
                        0.0,
                        0.0,
                        0.0,
                        0.0,
                        0.0,
                        0.0
                    ],
                    [
                        -0.9429846044104331,
                        -0.7898184430854318,
                        -0.0,
                        -0.967670652856736,
                        0.0,
                        0.0
                    ],
                    [
                        0.7111528578237192,
                        0.0,
                        0.7650765276643394,
                        0.923484854363819,
                        0.5580938027873341,
                        0.0
                    ]
                ]
            },
            "est_params": {
                "mui": [
                    0.027536117137885816,
                    0.16625707768659456,
                    -0.11237740773310269,
                    0.19999910050671219,
                    -0.4349085041579357,
                    -0.18224443416443756
                ],
                "Si": [
                    [
                        0.973256748241315,
                        0.762760006143275,
                        0.08156502575227383,
                        -2.976800254932121e-06,
                        -1.4877256287827656,
                        0.04807510387020018
                    ],
                    [
                        0.762760006143275,
                        1.6401975965670763,
                        -0.7785321701435113,
                        -3.1816124264814203e-07,
                        -2.0101524165810933,
                        -1.0360456660557824
                    ],
                    [
                        0.08156502575227387,
                        -0.7785321701435114,
                        1.6770300542889411,
                        1.706375964805099e-06,
                        0.5419991131343582,
                        1.5223104012783175
                    ],
                    [
                        -2.976800254932121e-06,
                        -3.1816124264814314e-07,
                        1.7063759648051003e-06,
                        1.0010180171074237e-06,
                        4.870107230989463e-06,
                        1.8014956994377483e-06
                    ],
                    [
                        -1.4877256287827656,
                        -2.010152416581094,
                        0.5419991131343581,
                        4.87010723098946e-06,
                        4.028185018913179,
                        1.4807604191777077
                    ],
                    [
                        0.04807510387020019,
                        -1.0360456660557826,
                        1.5223104012783175,
                        1.8014956994377492e-06,
                        1.480760419177708,
                        2.78335012222558
                    ]
                ]
            },
            "est_tgt": [
                1,
                3
            ],
            "oracle_est_tgt": [
                3,
                5
            ]
        },
        "4": {
            "intv_type": "do",
            "inode": 4,
            "new_mui": 0.2,
            "new_vari": null,
            "true_params": {
                "Si": [
                    [
                        1.0,
                        0.725258884663698,
                        0.09248321924740577,
                        -0.44282643532890975,
                        0.0,
                        0.37296609193457686
                    ],
                    [
                        0.725258884663698,
                        1.5260004497836313,
                        -0.8397296254054392,
                        0.8984942148315807,
                        0.0,
                        0.7030583016390384
                    ],
                    [
                        0.09248321924740577,
                        -0.8397296254054392,
                        1.8308464622471639,
                        -1.7363826462656082,
                        0.0,
                        -0.13701571551532735
                    ],
                    [
                        -0.44282643532890975,
                        0.8984942148315807,
                        -1.7363826462656082,
                        3.0310980723795056,
                        0.0,
                        1.1557902712282873
                    ],
                    [
                        0.0,
                        0.0,
                        0.0,
                        0.0,
                        1e-09,
                        5.580938027873341e-10
                    ],
                    [
                        0.37296609193457686,
                        0.7030583016390384,
                        -0.13701571551532735,
                        1.1557902712282873,
                        5.580938027873341e-10,
                        2.2277632049005494
                    ]
                ],
                "mui": [
                    0.0,
                    0.0,
                    0.0,
                    0.0,
                    0.20000000298023224,
                    0.11161876222071597
                ],
                "Ai": [
                    [
                        0.0,
                        0.0,
                        0.0,
                        0.0,
                        0.0,
                        0.0
                    ],
                    [
                        0.725258884663698,
                        0.0,
                        0.0,
                        0.0,
                        0.0,
                        0.0
                    ],
                    [
                        0.7501508057095931,
                        -0.906803901846921,
                        0.0,
                        0.0,
                        0.0,
                        0.0
                    ],
                    [
                        -0.8852268765873511,
                        0.6851533619662197,
                        -0.5894379792179565,
                        0.0,
                        0.0,
                        0.0
                    ],
                    [
                        0.0,
                        0.0,
                        0.0,
                        0.0,
                        0.0,
                        0.0
                    ],
                    [
                        0.7111528578237192,
                        0.0,
                        0.7650765276643394,
                        0.923484854363819,
                        0.5580938027873341,
                        0.0
                    ]
                ]
            },
            "est_params": {
                "mui": [
                    0.032791322362947524,
                    -0.06602804455447536,
                    -0.03490992759906172,
                    -0.1088195950395286,
                    0.19999941844494884,
                    -0.059266517212973
                ],
                "Si": [
                    [
                        1.150364094233051,
                        0.958682132157963,
                        0.07603586712044494,
                        -0.5024645226530632,
                        4.470124659651341e-06,
                        0.4507858471694878
                    ],
                    [
                        0.958682132157963,
                        1.8230032219381374,
                        -0.8115175131766912,
                        0.6837503589540964,
                        7.074781502608057e-06,
                        0.7720049065512667
                    ],
                    [
                        0.07603586712044494,
                        -0.8115175131766912,
                        1.6569860485078607,
                        -1.4741548390578911,
                        -2.1423024867280017e-06,
                        -0.022658501751026502
                    ],
                    [
                        -0.5024645226530631,
                        0.6837503589540966,
                        -1.4741548390578914,
                        2.714378598016049,
                        -2.1816952766866883e-07,
                        0.9016757541782621
                    ],
                    [
                        4.470124659651341e-06,
                        7.074781502608057e-06,
                        -2.1423024867280038e-06,
                        -2.181695276686692e-07,
                        1.003587734564829e-06,
                        -4.806677129253128e-06
                    ],
                    [
                        0.4507858471694879,
                        0.7720049065512667,
                        -0.022658501751026527,
                        0.9016757541782624,
                        -4.806677129253129e-06,
                        2.2449999630825843
                    ]
                ]
            },
            "est_tgt": [
                1,
                4,
                5
            ],
            "oracle_est_tgt": [
                1,
                2,
                4
            ]
        },
        "5": {
            "intv_type": "do",
            "inode": 5,
            "new_mui": 0.2,
            "new_vari": null,
            "true_params": {
                "Si": [
                    [
                        1.0,
                        0.725258884663698,
                        0.09248321924740577,
                        -0.44282643532890975,
                        -1.0872973017524445,
                        0.0
                    ],
                    [
                        0.725258884663698,
                        1.5260004497836313,
                        -0.8397296254054392,
                        0.8984942148315807,
                        -2.7586177452996017,
                        0.0
                    ],
                    [
                        0.09248321924740577,
                        -0.8397296254054392,
                        1.8308464622471639,
                        -1.7363826462656082,
                        2.256270222354767,
                        0.0
                    ],
                    [
                        -0.44282643532890975,
                        0.8984942148315807,
                        -1.7363826462656082,
                        3.0310980723795056,
                        -3.2251734415107025,
                        0.0
                    ],
                    [
                        -1.0872973017524445,
                        -2.7586177452996017,
                        2.256270222354767,
                        -3.2251734415107025,
                        7.3250174783528035,
                        0.0
                    ],
                    [
                        0.0,
                        0.0,
                        0.0,
                        0.0,
                        0.0,
                        1e-09
                    ]
                ],
                "mui": [
                    0.0,
                    0.0,
                    0.0,
                    0.0,
                    0.0,
                    0.20000000298023224
                ],
                "Ai": [
                    [
                        0.0,
                        0.0,
                        0.0,
                        0.0,
                        0.0,
                        0.0
                    ],
                    [
                        0.725258884663698,
                        0.0,
                        0.0,
                        0.0,
                        0.0,
                        0.0
                    ],
                    [
                        0.7501508057095931,
                        -0.906803901846921,
                        0.0,
                        0.0,
                        0.0,
                        0.0
                    ],
                    [
                        -0.8852268765873511,
                        0.6851533619662197,
                        -0.5894379792179565,
                        0.0,
                        0.0,
                        0.0
                    ],
                    [
                        -0.9429846044104331,
                        -0.7898184430854318,
                        -0.0,
                        -0.967670652856736,
                        0.0,
                        0.0
                    ],
                    [
                        0.0,
                        0.0,
                        0.0,
                        0.0,
                        0.0,
                        0.0
                    ]
                ]
            },
            "est_params": {
                "mui": [
                    -0.10364298651201787,
                    -0.1315964703183444,
                    0.11026396696343747,
                    -0.09848330056674286,
                    0.26255289005914895,
                    0.20000080385665073
                ],
                "Si": [
                    [
                        1.182470047340921,
                        0.8829636274107455,
                        0.009451727893444832,
                        -0.4393070901935324,
                        -1.4750406763109705,
                        1.6289883779662673e-06
                    ],
                    [
                        0.8829636274107455,
                        1.7887769460505611,
                        -1.0541401804462889,
                        1.1063850464283471,
                        -3.539568033613817,
                        1.589874568201813e-06
                    ],
                    [
                        0.009451727893444799,
                        -1.0541401804462887,
                        1.8824098351900127,
                        -1.8802126417591207,
                        2.805600531253814,
                        -3.4246110016517474e-07
                    ],
                    [
                        -0.43930709019353237,
                        1.1063850464283473,
                        -1.8802126417591207,
                        3.614975400383078,
                        -4.118372778907502,
                        -2.4522117724720772e-06
                    ],
                    [
                        -1.4750406763109705,
                        -3.5395680336138162,
                        2.805600531253814,
                        -4.118372778907502,
                        9.822669117031122,
                        -3.4512017133977064e-07
                    ],
                    [
                        1.628988377966268e-06,
                        1.5898745682018129e-06,
                        -3.42461100165174e-07,
                        -2.4522117724720772e-06,
                        -3.451201713397725e-07,
                        1.0039681258654287e-06
                    ]
                ]
            },
            "est_tgt": [
                0,
                4,
                5
            ],
            "oracle_est_tgt": [
                4,
                5
            ]
        },
        "obs": {
            "intv_type": "obs",
            "true_params": {
                "Si": [
                    [
                        1.0,
                        0.725258884663698,
                        0.09248321924740577,
                        -0.44282643532890975,
                        -1.0872973017524445,
                        -0.23384779396085242
                    ],
                    [
                        0.725258884663698,
                        1.5260004497836313,
                        -0.8397296254054392,
                        0.8984942148315807,
                        -2.7586177452996017,
                        -0.8365091662718379
                    ],
                    [
                        0.09248321924740577,
                        -0.8397296254054392,
                        1.8308464622471639,
                        -1.7363826462656082,
                        2.256270222354767,
                        1.1221947129944683
                    ],
                    [
                        -0.44282643532890975,
                        0.8984942148315807,
                        -1.7363826462656082,
                        3.0310980723795056,
                        -3.2251734415107025,
                        -0.6441590393931347
                    ],
                    [
                        -1.0872973017524445,
                        -2.7586177452996017,
                        2.256270222354767,
                        -3.2251734415107025,
                        7.3250174783528035,
                        2.062632837792399
                    ],
                    [
                        -0.23384779396085242,
                        -0.8365091662718379,
                        1.1221947129944683,
                        -0.6441590393931347,
                        2.062632837792399,
                        2.2485347949265395
                    ]
                ],
                "mui": [
                    0.0,
                    0.0,
                    0.0,
                    0.0,
                    0.0,
                    0.0
                ],
