{
    "expt_args": {
        "save_dir": "all_expt_logs/expt_logs_11.05.24-mean_shift-corr",
        "exp_name": "558",
        "num_nodes": 6,
        "obs_noise_mean": 0.0,
        "obs_noise_var": 1.0,
        "max_edge_strength": 1.0,
        "graph_sparsity_method": "adj_dense_prop",
        "adj_dense_prop": 0.8,
        "num_parents": null,
        "new_noise_mean": 8.0,
        "mix_samples": 65536,
        "stage2_samples": 65536,
        "gmm_tol": 0.001,
        "intv_type": "do",
        "new_noise_var": null,
        "intv_targets": [
            0,
            1,
            2,
            3,
            4,
            5
        ]
    },
    "intv_args_dict": {
        "0": {
            "intv_type": "do",
            "inode": 0,
            "new_mui": 8.0,
            "new_vari": null,
            "true_params": {
                "Si": [
                    [
                        1e-09,
                        -7.206026157482803e-10,
                        0.0,
                        -6.300055176494446e-11,
                        1.200192379763448e-09,
                        2.898161413924779e-10
                    ],
                    [
                        -7.206026157482803e-10,
                        1.0000000005192682,
                        0.0,
                        -0.9686334233881212,
                        -0.6606528008018087,
                        0.32181241333655164
                    ],
                    [
                        0.0,
                        0.0,
                        1.0,
                        0.7677445895729047,
                        0.8099211444763282,
                        0.678622702608014
                    ],
                    [
                        -6.300055176494446e-11,
                        -0.9686334233881212,
                        0.7677445895729047,
                        2.527682463814977,
                        1.2617429598806482,
                        -0.732439934919973
                    ],
                    [
                        1.200192379763448e-09,
                        -0.6606528008018087,
                        0.8099211444763282,
                        1.2617429598806482,
                        2.092434383774835,
                        1.2306548218418445
                    ],
                    [
                        2.898161413924779e-10,
                        0.32181241333655164,
                        0.678622702608014,
                        -0.732439934919973,
                        1.2306548218418445,
                        3.2495234595119995
                    ]
                ],
                "mui": [
                    8.0,
                    -5.764820925986243,
                    0.0,
                    -0.5040044141195557,
                    9.601539038107584,
                    2.3185291311398233
                ],
                "Ai": [
                    [
                        0.0,
                        0.0,
                        0.0,
                        0.0,
                        0.0,
                        0.0
                    ],
                    [
                        -0.7206026157482803,
                        0.0,
                        0.0,
                        0.0,
                        0.0,
                        0.0
                    ],
                    [
                        -0.0,
                        0.0,
                        0.0,
                        0.0,
                        0.0,
                        0.0
                    ],
                    [
                        -0.7610003303923503,
                        -0.9686334234335195,
                        0.7677445895729047,
                        0.0,
                        0.0,
                        0.0
                    ],
                    [
                        0.7241242440274587,
                        -0.6606527999369469,
                        0.8099211444763282,
                        -0.0,
                        0.0,
                        0.0
                    ],
                    [
                        -0.8420415824546545,
                        -0.0,
                        0.677861254241925,
                        -0.941730583354481,
                        0.8936302175933388,
                        0.0
                    ]
                ]
            },
            "est_params": {
                "mui": [
                    7.999999845011772,
                    -5.755898485923855,
                    0.004085412717498434,
                    -0.5065827530438878,
                    9.596304064886636,
                    2.3159767386257757
                ],
                "Si": [
                    [
                        1.0009931469010342e-06,
                        1.4086065352187353e-07,
                        -3.6402364582694565e-07,
                        -6.446910456208044e-08,
                        -2.769492771317251e-07,
                        1.932567602867251e-07
                    ],
                    [
                        1.4086065352187353e-07,
                        0.9919220876479315,
                        0.004205102200354684,
                        -0.9638411269669539,
                        -0.6485049835039336,
                        0.32559670379669015
                    ],
                    [
                        -3.6402364582694565e-07,
                        0.004205102200354684,
                        0.9936360840815163,
                        0.7580250737217972,
                        0.7981009299522382,
                        0.6619865412838107
                    ],
                    [
                        -6.446910456208044e-08,
                        -0.9638411269669539,
                        0.7580250737217972,
                        2.531112767451862,
                        1.253677558949025,
                        -0.7720465540622753
                    ],
                    [
                        -2.769492771317251e-07,
                        -0.6485049835039336,
                        0.7981009299522382,
                        1.253677558949025,
                        2.070997923381541,
                        1.1907614189035063
                    ],
                    [
                        1.932567602867251e-07,
                        0.32559670379669015,
                        0.6619865412838107,
                        -0.7720465540622753,
                        1.1907614189035063,
                        3.2471457634552485
                    ]
                ]
            },
            "est_tgt": [
                0
            ],
            "oracle_est_tgt": [
                0
            ]
        },
        "1": {
            "intv_type": "do",
            "inode": 1,
            "new_mui": 8.0,
            "new_vari": null,
            "true_params": {
                "Si": [
                    [
                        1.0,
                        0.0,
                        0.0,
                        -0.7610003303923503,
                        0.7241242440274587,
                        0.5217150083735561
                    ],
                    [
                        0.0,
                        1e-09,
                        0.0,
                        -9.686334234335195e-10,
                        -6.60652799936947e-10,
                        3.2181241354539395e-10
                    ],
                    [
                        0.0,
                        0.0,
                        1.0,
                        0.7677445895729047,
                        0.8099211444763282,
                        0.678622702608014
                    ],
                    [
                        -0.7610003303923503,
                        -9.686334234335195e-10,
                        0.7677445895729047,
                        2.1685532586139846,
                        0.07075378834231928,
                        -0.8177469691204782
                    ],
                    [
                        0.7241242440274587,
                        -6.60652799936947e-10,
                        0.8099211444763282,
                        0.07075378834231928,
                        2.1803281814946462,
                        1.8210475793809149
                    ],
                    [
                        0.5217150083735561,
                        3.2181241354539395e-10,
                        0.678622702608014,
                        -0.8177469691204782,
                        1.8210475793809149,
                        3.4181467799818774
                    ]
                ],
                "mui": [
                    0.0,
                    8.0,
                    0.0,
                    -7.749067387468156,
                    -5.285222399495575,
                    2.5744993083631513
                ],
                "Ai": [
                    [
                        0.0,
                        0.0,
                        0.0,
                        0.0,
                        0.0,
                        0.0
                    ],
                    [
                        0.0,
                        0.0,
                        0.0,
                        0.0,
                        0.0,
                        0.0
                    ],
                    [
                        -0.0,
                        0.0,
                        0.0,
                        0.0,
                        0.0,
                        0.0
                    ],
                    [
                        -0.7610003303923503,
                        -0.9686334234335195,
                        0.7677445895729047,
                        0.0,
                        0.0,
                        0.0
                    ],
                    [
                        0.7241242440274587,
                        -0.6606527999369469,
                        0.8099211444763282,
                        -0.0,
                        0.0,
                        0.0
                    ],
                    [
                        -0.8420415824546545,
                        -0.0,
                        0.677861254241925,
                        -0.941730583354481,
                        0.8936302175933388,
                        0.0
                    ]
                ]
            },
            "est_params": {
                "mui": [
                    0.001474391295894967,
                    7.999999726788372,
                    0.007818221162364723,
                    -7.758455080143726,
                    -5.264486851631302,
                    2.611390421786611
                ],
                "Si": [
                    [
                        1.0172000400985086,
                        1.0703246192664217e-07,
                        0.0005556752958307113,
                        -0.7705201263197125,
                        0.7455581681151104,
                        0.5354402096455635
                    ],
                    [
                        1.0703246192664211e-07,
                        1.0009750804351836e-06,
                        -3.6841945707118836e-07,
                        -1.37794351801835e-07,
                        1.4937102259898347e-07,
                        -4.243458220621467e-07
                    ],
                    [
                        0.0005556752958307151,
                        -3.6841945707118836e-07,
                        0.9819775742946038,
                        0.7472054696891697,
                        0.7962686915733813,
                        0.6897148475415432
                    ],
                    [
                        -0.7705201263197122,
                        -1.3779435180183506e-07,
                        0.7472054696891697,
                        2.11887660798874,
                        0.057398331380395226,
                        -0.7802036699648713
                    ],
                    [
                        0.7455581681151104,
                        1.4937102259898342e-07,
                        0.7962686915733813,
                        0.05739833138039522,
                        2.1905429797252958,
                        1.8250812881508982
                    ],
                    [
                        0.5354402096455636,
                        -4.2434582206214643e-07,
                        0.6897148475415432,
                        -0.7802036699648713,
                        1.8250812881508982,
                        3.384499183577805
                    ]
                ]
            },
            "est_tgt": [
                1,
                3
            ],
            "oracle_est_tgt": [
                1
            ]
        },
        "2": {
            "intv_type": "do",
            "inode": 2,
            "new_mui": 8.0,
            "new_vari": null,
            "true_params": {
                "Si": [
                    [
                        1.0,
                        -0.7206026157482803,
                        0.0,
                        -0.06300055176494446,
                        1.200192379763448,
                        0.2898161413924779
                    ],
                    [
                        -0.7206026157482803,
                        1.5192681298232638,
                        0.0,
                        -0.9232350610381156,
                        -1.525514568195641,
                        0.11297014397190089
                    ],
                    [
                        0.0,
                        0.0,
                        1e-09,
                        7.677445895729048e-10,
                        8.099211444763283e-10,
                        6.78622702608014e-10
                    ],
                    [
                        -0.06300055176494446,
                        -0.9232350610381156,
                        7.677445895729048e-10,
                        1.9422197791046591,
                        0.5643176017764986,
                        -1.2717074194874638
                    ],
                    [
                        1.200192379763448,
                        -1.525514568195641,
                        8.099211444763283e-10,
                        0.5643176017764986,
                        2.8769238711627483,
                        1.0288590705114364
                    ],
                    [
                        0.2898161413924779,
                        0.11297014397190089,
                        6.78622702608014e-10,
                        -1.2717074194874638,
                        1.0288590705114364,
                        2.872988083205154
                    ]
                ],
                "mui": [
                    0.0,
                    0.0,
                    8.0,
                    6.141956716583238,
                    6.479369155810626,
                    5.428981620864112
                ],
                "Ai": [
                    [
                        0.0,
                        0.0,
                        0.0,
                        0.0,
                        0.0,
                        0.0
                    ],
                    [
                        -0.7206026157482803,
                        0.0,
                        0.0,
                        0.0,
                        0.0,
                        0.0
                    ],
                    [
                        0.0,
                        0.0,
                        0.0,
                        0.0,
                        0.0,
                        0.0
                    ],
                    [
                        -0.7610003303923503,
                        -0.9686334234335195,
                        0.7677445895729047,
                        0.0,
                        0.0,
                        0.0
                    ],
                    [
                        0.7241242440274587,
                        -0.6606527999369469,
                        0.8099211444763282,
                        -0.0,
                        0.0,
                        0.0
                    ],
                    [
                        -0.8420415824546545,
                        -0.0,
                        0.677861254241925,
                        -0.941730583354481,
                        0.8936302175933388,
                        0.0
                    ]
                ]
            },
            "est_params": {
                "mui": [
                    -0.009813007613299427,
                    0.02494188935593754,
                    8.00000003946185,
                    6.121128523024982,
                    6.450412825614242,
                    5.466809713696617
                ],
                "Si": [
                    [
                        1.0357426636548976,
                        -0.7598793354231109,
                        -3.914957219465263e-08,
                        -0.057979111195584666,
                        1.246878163604193,
                        0.2924754168299737
                    ],
                    [
                        -0.7598793354231109,
                        1.5399687958826727,
                        -1.816231429818896e-07,
                        -0.8972697496977933,
                        -1.5407082715634723,
                        0.1324990286539912
                    ],
                    [
                        -3.914957219465263e-08,
                        -1.816231429818896e-07,
                        1.0009819196623867e-06,
                        3.851221105479902e-07,
                        -1.316046695684573e-07,
                        -4.930031251313238e-07
                    ],
                    [
                        -0.057979111195584666,
                        -0.8972697496977933,
                        3.851221105479902e-07,
                        1.9035188399363177,
                        0.5154289374857359,
                        -1.309135289630343
                    ],
                    [
                        1.246878163604193,
                        -1.5407082715634723,
                        -1.316046695684573e-07,
                        0.5154289374857359,
                        2.8874462242774728,
                        1.017113902884409
                    ],
                    [
                        0.2924754168299737,
                        0.1324990286539912,
                        -4.930031251313238e-07,
                        -1.309135289630343,
                        1.017113902884409,
                        2.9012338096634367
                    ]
                ]
            },
            "est_tgt": [
                2
            ],
            "oracle_est_tgt": [
                2
            ]
        },
        "3": {
            "intv_type": "do",
            "inode": 3,
            "new_mui": 8.0,
            "new_vari": null,
            "true_params": {
                "Si": [
                    [
                        1.0,
                        -0.7206026157482803,
                        0.0,
                        0.0,
                        1.200192379763448,
                        0.23048659502722257
                    ],
                    [
                        -0.7206026157482803,
                        1.5192681298232638,
                        0.0,
                        0.0,
                        -1.525514568195641,
                        -0.7564685486328336
                    ],
                    [
                        0.0,
                        0.0,
                        1.0,
                        0.0,
                        0.8099211444763282,
                        1.4016312628137522
                    ],
                    [
                        0.0,
                        0.0,
                        0.0,
                        1e-09,
                        0.0,
                        -9.417305833544812e-10
                    ],
                    [
                        1.200192379763448,
                        -1.525514568195641,
                        0.8099211444763282,
                        0.0,
                        3.5328961307766216,
                        2.6955050102063245
                    ],
                    [
                        0.23048659502722257,
                        -0.7564685486328336,
                        1.4016312628137522,
                        -9.417305833544812e-10,
                        2.6955050102063245,
                        4.164816958265785
                    ]
                ],
                "mui": [
                    0.0,
                    0.0,
                    0.0,
                    8.0,
                    0.0,
                    -7.533844666835848
                ],
                "Ai": [
                    [
                        0.0,
                        0.0,
                        0.0,
                        0.0,
                        0.0,
                        0.0
                    ],
                    [
                        -0.7206026157482803,
                        0.0,
                        0.0,
                        0.0,
                        0.0,
                        0.0
                    ],
                    [
                        -0.0,
                        0.0,
                        0.0,
                        0.0,
                        0.0,
                        0.0
                    ],
                    [
                        0.0,
                        0.0,
                        0.0,
                        0.0,
                        0.0,
                        0.0
                    ],
                    [
                        0.7241242440274587,
                        -0.6606527999369469,
                        0.8099211444763282,
                        -0.0,
                        0.0,
                        0.0
                    ],
                    [
                        -0.8420415824546545,
                        -0.0,
                        0.677861254241925,
                        -0.941730583354481,
                        0.8936302175933388,
                        0.0
                    ]
                ]
            },
            "est_params": {
                "mui": [
                    -0.007900446433492728,
                    0.013405243311938533,
                    -0.004322686309605918,
                    8.000000334497908,
                    -0.014633482191823746,
                    -7.531379532531786
                ],
                "Si": [
                    [
                        1.0167699196187798,
                        -0.7307482415104957,
                        -0.006536264026537403,
                        9.876403214070069e-09,
                        1.2046986523836782,
                        0.20888739506461468
                    ],
                    [
                        -0.7307482415104957,
                        1.5142090172853677,
                        0.004909275843426765,
                        1.0394112482507623e-07,
                        -1.5069739985215724,
                        -0.7313858002779642
                    ],
                    [
                        -0.006536264026537399,
                        0.004909275843426767,
                        1.0110573218780305,
                        -2.392806676081291e-08,
                        0.7943974230718764,
                        1.41131910658207
                    ],
                    [
                        9.876403214070127e-09,
                        1.0394112482507608e-07,
                        -2.3928066760812986e-08,
                        1.0010276307876202e-06,
                        -5.878559261486537e-07,
                        -7.015396141158484e-07
                    ],
                    [
                        1.2046986523836782,
                        -1.5069739985215724,
                        0.7943974230718764,
                        -5.878559261486537e-07,
                        3.4751287465144176,
                        2.6395640003535665
                    ],
                    [
                        0.20888739506461468,
                        -0.7313858002779642,
                        1.41131910658207,
                        -7.015396141158487e-07,
                        2.6395640003535665,
                        4.155272319225274
                    ]
                ]
            },
            "est_tgt": [
                3
            ],
            "oracle_est_tgt": [
                3
            ]
        },
        "4": {
            "intv_type": "do",
            "inode": 4,
            "new_mui": 8.0,
            "new_vari": null,
            "true_params": {
                "Si": [
                    [
                        1.0,
                        -0.7206026157482803,
                        0.0,
                        -0.06300055176494446,
                        0.0,
                        -0.7827120360893992
                    ],
                    [
                        -0.7206026157482803,
                        1.5192681298232638,
                        0.0,
                        -0.9232350610381156,
                        0.0,
                        1.4762160594903797
                    ],
                    [
                        0.0,
                        0.0,
                        1.0,
                        0.7677445895729047,
                        0.0,
                        -0.04514730596381314
                    ],
                    [
                        -0.06300055176494446,
                        -0.9232350610381156,
                        0.7677445895729047,
                        2.5316515333336955,
                        0.0,
                        -1.8106602806075958
                    ],
                    [
                        0.0,
                        0.0,
                        0.0,
                        0.0,
                        1e-09,
                        8.936302175933389e-10
                    ],
                    [
                        -0.7827120360893992,
                        1.4762160594903797,
                        -0.04514730596381314,
                        -1.8106602806075958,
                        8.936302175933389e-10,
                        3.3336266351407025
                    ]
                ],
                "mui": [
                    0.0,
                    0.0,
                    0.0,
                    0.0,
                    8.0,
                    7.149041740746711
                ],
                "Ai": [
                    [
                        0.0,
                        0.0,
                        0.0,
                        0.0,
                        0.0,
                        0.0
                    ],
                    [
                        -0.7206026157482803,
                        0.0,
                        0.0,
                        0.0,
                        0.0,
                        0.0
                    ],
                    [
                        -0.0,
                        0.0,
                        0.0,
                        0.0,
                        0.0,
                        0.0
                    ],
                    [
                        -0.7610003303923503,
                        -0.9686334234335195,
                        0.7677445895729047,
                        0.0,
                        0.0,
                        0.0
                    ],
                    [
                        0.0,
                        0.0,
                        0.0,
                        0.0,
                        0.0,
                        0.0
                    ],
                    [
                        -0.8420415824546545,
                        -0.0,
                        0.677861254241925,
                        -0.941730583354481,
                        0.8936302175933388,
                        0.0
                    ]
                ]
            },
            "est_params": {
                "mui": [
                    0.006258623263052692,
                    -0.008027273615800974,
                    -0.008740321912726598,
                    0.004430896939170155,
                    8.000000078435866,
                    7.125535656026256
                ],
                "Si": [
                    [
                        1.0088782494257116,
                        -0.7274831691250399,
                        -0.0010136512013918634,
                        -0.06320569709042274,
                        9.388174635811742e-08,
                        -0.7977320655382758
                    ],
                    [
                        -0.7274831691250401,
                        1.536208740028101,
                        -0.0061240263166289334,
                        -0.9292251181536206,
                        -5.131119235217531e-07,
                        1.4952980265362643
                    ],
                    [
                        -0.001013651201391861,
                        -0.006124026316628931,
                        0.9838820630328231,
                        0.7476341114712037,
                        -7.789719439893776e-08,
                        -0.03766861862938439
                    ],
                    [
                        -0.06320569709042274,
                        -0.9292251181536206,
                        0.7476341114712037,
                        2.506018960664459,
                        1.3213592856010422e-08,
                        -1.8056803010970004
                    ],
                    [
                        9.388174635811742e-08,
                        -5.13111923521753e-07,
                        -7.789719439893784e-08,
                        1.3213592856010422e-08,
                        1.0010260820756373e-06,
                        -5.160960395593542e-07
                    ],
                    [
                        -0.7977320655382757,
                        1.4952980265362643,
                        -0.03766861862938439,
                        -1.8056803010970004,
                        -5.160960395593545e-07,
                        3.3434836492638316
                    ]
                ]
            },
            "est_tgt": [
                4
            ],
            "oracle_est_tgt": [
                4
            ]
        },
        "5": {
            "intv_type": "do",
            "inode": 5,
            "new_mui": 8.0,
            "new_vari": null,
            "true_params": {
                "Si": [
                    [
                        1.0,
                        -0.7206026157482803,
                        0.0,
                        -0.06300055176494446,
                        1.200192379763448,
                        0.0
                    ],
                    [
                        -0.7206026157482803,
                        1.5192681298232638,
                        0.0,
                        -0.9232350610381156,
                        -1.525514568195641,
                        0.0
                    ],
                    [
                        0.0,
                        0.0,
                        1.0,
                        0.7677445895729047,
                        0.8099211444763282,
                        0.0
                    ],
                    [
                        -0.06300055176494446,
                        -0.9232350610381156,
                        0.7677445895729047,
                        2.5316515333336955,
                        1.1861301778070819,
                        0.0
                    ],
                    [
                        1.200192379763448,
                        -1.525514568195641,
                        0.8099211444763282,
                        1.1861301778070819,
                        3.5328961307766216,
                        0.0
                    ],
                    [
                        0.0,
                        0.0,
                        0.0,
                        0.0,
                        0.0,
                        1e-09
                    ]
                ],
                "mui": [
                    0.0,
                    0.0,
                    0.0,
                    0.0,
                    0.0,
                    8.0
                ],
                "Ai": [
                    [
                        0.0,
                        0.0,
                        0.0,
                        0.0,
                        0.0,
                        0.0
                    ],
                    [
                        -0.7206026157482803,
                        0.0,
                        0.0,
                        0.0,
                        0.0,
                        0.0
                    ],
                    [
                        -0.0,
                        0.0,
                        0.0,
                        0.0,
                        0.0,
                        0.0
                    ],
                    [
                        -0.7610003303923503,
                        -0.9686334234335195,
                        0.7677445895729047,
                        0.0,
                        0.0,
                        0.0
                    ],
                    [
                        0.7241242440274587,
                        -0.6606527999369469,
                        0.8099211444763282,
                        -0.0,
                        0.0,
                        0.0
                    ],
                    [
                        0.0,
                        0.0,
                        0.0,
                        0.0,
                        0.0,
                        0.0
                    ]
                ]
            },
            "est_params": {
                "mui": [
                    -0.015137624345347803,
                    -0.002015583582751,
                    0.011032387758500774,
                    0.044283902788385454,
                    -0.006999616401965231,
                    8.000000165833715
                ],
                "Si": [
                    [
                        1.0089287475729722,
                        -0.7204883146232607,
                        -0.004153414596822282,
                        -0.08433829784281685,
                        1.2010153941821236,
                        1.1591642575019384e-07
                    ],
                    [
                        -0.7204883146232607,
                        1.5363206533143805,
                        0.012870845194971043,
                        -0.9068903297735723,
                        -1.5207450472758786,
                        -5.920946842329244e-07
                    ],
                    [
                        -0.00415341459682228,
                        0.012870845194971045,
                        1.0064955237457147,
                        0.7606150084374325,
                        0.8174583040724741,
                        -2.9832681571814215e-07
                    ],
                    [
                        -0.08433829784281685,
                        -0.9068903297735721,
                        0.7606150084374325,
                        2.4916430119702793,
                        1.1740143917435952,
                        -1.4216967258865368e-07
                    ],
                    [
                        1.2010153941821236,
                        -1.5207450472758786,
                        0.8174583040724741,
                        1.1740143917435952,
                        3.570611622092386,
                        -4.090611014354198e-09
                    ],
                    [
                        1.1591642575019378e-07,
                        -5.920946842329243e-07,
                        -2.9832681571814236e-07,
                        -1.421696725886537e-07,
                        -4.090611014354188e-09,
                        1.0009895664537137e-06
                    ]
                ]
            },
            "est_tgt": [
                5
            ],
            "oracle_est_tgt": [
                5
            ]
        },
        "obs": {
            "intv_type": "obs",
            "true_params": {
                "Si": [
                    [
                        1.0,
                        -0.7206026157482803,
                        0.0,
                        -0.06300055176494446,
                        1.200192379763448,
                        0.2898161413924779
                    ],
                    [
                        -0.7206026157482803,
                        1.5192681298232638,
                        0.0,
                        -0.9232350610381156,
                        -1.525514568195641,
                        0.11297014397190089
                    ],
                    [
                        0.0,
                        0.0,
                        1.0,
                        0.7677445895729047,
                        0.8099211444763282,
                        0.678622702608014
                    ],
                    [
                        -0.06300055176494446,
                        -0.9232350610381156,
                        0.7677445895729047,
                        2.5316515333336955,
                        1.1861301778070819,
                        -0.7506985117198276
                    ],
                    [
                        1.200192379763448,
                        -1.525514568195641,
                        0.8099211444763282,
                        1.1861301778070819,
                        3.5328961307766216,
                        1.5784899459257073
                    ],
                    [
                        0.2898161413924779,
                        0.11297014397190089,
                        0.678622702608014,
                        -0.7506985117198276,
                        1.5784899459257073,
                        3.3335168552396306
                    ]
                ],
                "mui": [
                    0.0,
                    0.0,
                    0.0,
                    0.0,
                    0.0,
                    0.0
                ],
                "Ai": [
                    [
                        0.0,
                        0.0,
                        0.0,
                        0.0,
                        0.0,
                        0.0
                    ],
                    [
                        -0.7206026157482803,
                        0.0,
                        0.0,
                        0.0,
                        0.0,
                        0.0
                    ],
                    [
                        -0.0,
                        0.0,
                        0.0,
                        0.0,
                        0.0,
                        0.0
                    ],
                    [
                        -0.7610003303923503,
                        -0.9686334234335195,
                        0.7677445895729047,
                        0.0,
                        0.0,
                        0.0
                    ],
