{
    "expt_args": {
        "save_dir": "all_expt_logs/expt_logs_11.05.24-mean_shift-corr",
        "exp_name": "370",
        "num_nodes": 6,
        "obs_noise_mean": 0.0,
        "obs_noise_var": 1.0,
        "max_edge_strength": 1.0,
        "graph_sparsity_method": "adj_dense_prop",
        "adj_dense_prop": 0.8,
        "num_parents": null,
        "new_noise_mean": 2.0,
        "mix_samples": 4096,
        "stage2_samples": 4096,
        "gmm_tol": 0.001,
        "intv_type": "do",
        "new_noise_var": null,
        "intv_targets": [
            0,
            1,
            2,
            3,
            4,
            5
        ]
    },
    "intv_args_dict": {
        "0": {
            "intv_type": "do",
            "inode": 0,
            "new_mui": 2.0,
            "new_vari": null,
            "true_params": {
                "Si": [
                    [
                        1e-09,
                        6.796949388844856e-10,
                        4.6100146926869153e-10,
                        -5.685887542651209e-10,
                        -4.98243176035513e-10,
                        1.0587251793332504e-09
                    ],
                    [
                        6.796949388844856e-10,
                        1.0000000004619851,
                        -0.5734413699384912,
                        -3.864668985806371e-10,
                        1.1104872102347598,
                        0.45255168488495634
                    ],
                    [
                        4.6100146926869153e-10,
                        -0.5734413699384912,
                        1.3288350053288205,
                        -2.6212025112587574e-10,
                        -1.262496434880143,
                        -0.4961148127395317
                    ],
                    [
                        -5.685887542651209e-10,
                        -3.8646689858063707e-10,
                        -2.6212025112587574e-10,
                        1.0000000003232932,
                        2.832954667831297e-10,
                        0.5000399014352647
                    ],
                    [
                        -4.98243176035513e-10,
                        1.1104872102347598,
                        -1.262496434880143,
                        2.832954667831297e-10,
                        2.6246787397965066,
                        0.04937181331627871
                    ],
                    [
                        1.0587251793332504e-09,
                        0.45255168488495634,
                        -0.4961148127395317,
                        0.5000399014352647,
                        0.04937181331627871,
                        1.8722927849211066
                    ]
                ],
                "mui": [
                    2.0,
                    1.359389877768971,
                    0.922002938537383,
                    -1.1371775085302418,
                    -0.996486352071026,
                    2.1174503586665008
                ],
                "Ai": [
                    [
                        0.0,
                        0.0,
                        0.0,
                        0.0,
                        0.0,
                        0.0
                    ],
                    [
                        0.6796949388844855,
                        0.0,
                        0.0,
                        0.0,
                        0.0,
                        0.0
                    ],
                    [
                        0.8507666663758457,
                        -0.5734413702518315,
                        0.0,
                        0.0,
                        0.0,
                        0.0
                    ],
                    [
                        -0.5685887542651209,
                        0.0,
                        0.0,
                        0.0,
                        0.0,
                        0.0
                    ],
                    [
                        -0.720713453883214,
                        0.7516865927198979,
                        -0.6256971269721001,
                        0.0,
                        0.0,
                        0.0
                    ],
                    [
                        0.803429678100154,
                        0.768804904002551,
                        -0.6127863545912233,
                        0.5000399020372439,
                        -0.6012228329409319,
                        0.0
                    ]
                ]
            },
            "est_params": {
                "mui": [
                    1.999998302773537,
                    1.398363012246033,
                    1.0044065012487318,
                    -1.1876638723345134,
                    -1.0049478734825825,
                    2.054166954156873
                ],
                "Si": [
                    [
                        1.013590268124873e-06,
                        5.967216590007392e-06,
                        -5.942447004707798e-06,
                        -1.558195891916748e-05,
                        8.503688539360977e-06,
                        -1.095155505550224e-05
                    ],
                    [
                        5.967216590007392e-06,
                        1.019847812091465,
                        -0.5936803286172748,
                        0.04738491064038036,
                        1.1450774403376298,
                        0.5372730216643875
                    ],
                    [
                        -5.942447004707798e-06,
                        -0.5936803286172748,
                        1.3300784358846718,
                        -0.08570171415849301,
                        -1.2815916871426292,
                        -0.5801945886102488
                    ],
                    [
                        -1.558195891916748e-05,
                        0.04738491064038037,
                        -0.085701714158493,
                        0.9573353161623337,
                        0.10960368467447636,
                        0.5605351542717266
                    ],
                    [
                        8.503688539360977e-06,
                        1.1450774403376298,
                        -1.2815916871426292,
                        0.10960368467447636,
                        2.6668755002645352,
                        0.17756473987155735
                    ],
                    [
                        -1.095155505550224e-05,
                        0.5372730216643875,
                        -0.5801945886102488,
                        0.5605351542717266,
                        0.17756473987155735,
                        2.043958495078511
                    ]
                ]
            },
            "est_tgt": [
                0,
                2,
                3,
                5
            ],
            "oracle_est_tgt": [
                0,
                1,
                2,
                3,
                4,
                5
            ]
        },
        "1": {
            "intv_type": "do",
            "inode": 1,
            "new_mui": 2.0,
            "new_vari": null,
            "true_params": {
                "Si": [
                    [
                        1.0,
                        0.0,
                        0.8507666663758457,
                        -0.5685887542651209,
                        -1.253035712758212,
                        0.7511280900224143
                    ],
                    [
                        0.0,
                        1e-09,
                        -5.734413702518316e-10,
                        0.0,
                        1.1104872105734133e-09,
                        4.5255168416534624e-10
                    ],
                    [
                        0.8507666663758457,
                        -5.734413702518316e-10,
                        1.7238039209451046,
                        -0.48373635900493184,
                        -1.691738143802085,
                        0.4024317855600584
                    ],
                    [
                        -0.5685887542651209,
                        0.0,
                        -0.48373635900493184,
                        1.3232931714767622,
                        0.7124620149668995,
                        0.07295691703785978
                    ],
                    [
                        -1.253035712758212,
                        1.1104872105734133e-09,
                        -1.691738143802085,
                        0.7124620149668995,
                        2.961595393381802,
                        -1.3943713646966915
                    ],
                    [
                        0.7511280900224143,
                        4.5255168416534624e-10,
                        0.4024317855600584,
                        0.07295691703785978,
                        -1.3943713646966915,
                        2.23168316478484
                    ]
                ],
                "mui": [
                    0.0,
                    2.0,
                    -1.146882740503663,
                    0.0,
                    2.2209744211468263,
                    0.9051033683306924
                ],
                "Ai": [
                    [
                        0.0,
                        0.0,
                        0.0,
                        0.0,
                        0.0,
                        0.0
                    ],
                    [
                        0.0,
                        0.0,
                        0.0,
                        0.0,
                        0.0,
                        0.0
                    ],
                    [
                        0.8507666663758457,
                        -0.5734413702518315,
                        0.0,
                        0.0,
                        0.0,
                        0.0
                    ],
                    [
                        -0.5685887542651209,
                        0.0,
                        0.0,
                        0.0,
                        0.0,
                        0.0
                    ],
                    [
                        -0.720713453883214,
                        0.7516865927198979,
                        -0.6256971269721001,
                        0.0,
                        0.0,
                        0.0
                    ],
                    [
                        0.803429678100154,
                        0.768804904002551,
                        -0.6127863545912233,
                        0.5000399020372439,
                        -0.6012228329409319,
                        0.0
                    ]
                ]
            },
            "est_params": {
                "mui": [
                    -0.027552638772559354,
                    1.9999990089105275,
                    -1.2200466045213219,
                    0.008206210533570865,
                    2.3156676715850963,
                    0.8923894229927266
                ],
                "Si": [
                    [
                        1.0175239476780422,
                        3.3486265910694105e-08,
                        0.8956053581385174,
                        -0.5383340589960018,
                        -1.2746992985343455,
                        0.788075693346958
                    ],
                    [
                        3.348626591069354e-08,
                        1.0014719575966584e-06,
                        -1.0685909611027976e-06,
                        -2.5061319408811598e-06,
                        -1.643659991098563e-06,
                        2.2791141320484223e-06
                    ],
                    [
                        0.8956053581385174,
                        -1.0685909611027963e-06,
                        1.775810990551618,
                        -0.5085730143080073,
                        -1.686723866509748,
                        0.37564282951916866
                    ],
                    [
                        -0.5383340589960017,
                        -2.5061319408811593e-06,
                        -0.5085730143080074,
                        1.2222895669587868,
                        0.7023118612732545,
                        -0.0030496232215994176
                    ],
                    [
                        -1.2746992985343455,
                        -1.6436599910985625e-06,
                        -1.686723866509748,
                        0.7023118612732545,
                        2.94433359893001,
                        -1.4709873988145787
                    ],
                    [
                        0.788075693346958,
                        2.279114132048423e-06,
                        0.37564282951916855,
                        -0.0030496232215993934,
                        -1.4709873988145787,
                        2.232184118039282
                    ]
                ]
            },
            "est_tgt": [
                1,
                2,
                5
            ],
            "oracle_est_tgt": [
                0,
                1,
                2,
                4,
                5
            ]
        },
        "2": {
            "intv_type": "do",
            "inode": 2,
            "new_mui": 2.0,
            "new_vari": null,
            "true_params": {
                "Si": [
                    [
                        1.0,
                        0.6796949388844855,
                        0.0,
                        -0.5685887542651209,
                        -0.2097958811841758,
                        1.1677994893829404
                    ],
                    [
                        0.6796949388844855,
                        1.4619852099451844,
                        0.0,
                        -0.3864668985806371,
                        0.6090893940802027,
                        1.1106211638092485
                    ],
                    [
                        0.0,
                        0.0,
                        1e-09,
                        0.0,
                        -6.256971269721002e-10,
                        -2.3660295535005536e-10
                    ],
                    [
                        -0.5685887542651209,
                        -0.3864668985806371,
                        0.0,
                        1.3232931714767622,
                        0.11928757873246383,
                        -0.16395775486244646
                    ],
                    [
                        -0.2097958811841758,
                        0.6090893940802027,
                        -6.256971269721002e-10,
                        0.11928757873246383,
                        1.6090470458281914,
                        -0.6080325978027412
                    ],
                    [
                        1.1677994893829404,
                        1.1106211638092485,
                        -2.3660295535005536e-10,
                        -0.16395775486244646,
                        -0.6080325978027412,
                        3.0756734265027523
                    ]
                ],
                "mui": [
                    0.0,
                    0.0,
                    2.0,
                    0.0,
                    -1.2513942539442002,
                    -0.47320591070011064
                ],
                "Ai": [
                    [
                        0.0,
                        0.0,
                        0.0,
                        0.0,
                        0.0,
                        0.0
                    ],
                    [
                        0.6796949388844855,
                        0.0,
                        0.0,
                        0.0,
                        0.0,
                        0.0
                    ],
                    [
                        0.0,
                        0.0,
                        0.0,
                        0.0,
                        0.0,
                        0.0
                    ],
                    [
                        -0.5685887542651209,
                        0.0,
                        0.0,
                        0.0,
                        0.0,
                        0.0
                    ],
                    [
                        -0.720713453883214,
                        0.7516865927198979,
                        -0.6256971269721001,
                        0.0,
                        0.0,
                        0.0
                    ],
                    [
                        0.803429678100154,
                        0.768804904002551,
                        -0.6127863545912233,
                        0.5000399020372439,
                        -0.6012228329409319,
                        0.0
                    ]
                ]
            },
            "est_params": {
                "mui": [
                    0.024580603116330667,
                    0.0332974528707868,
                    2.000001552914771,
                    0.015487189065009574,
                    -1.3057453860496624,
                    -0.33381880118984214
                ],
                "Si": [
                    [
                        0.9928532782313506,
                        0.6793589785667816,
                        3.065900711428373e-07,
                        -0.5996644244209067,
                        -0.2683716025361065,
                        1.1880039440215588
                    ],
                    [
                        0.6793589785667816,
                        1.5167805755372004,
                        -2.0543116886041797e-06,
                        -0.39515818894002674,
                        0.5893959574072257,
                        1.1485021922628205
                    ],
                    [
                        3.065900711428373e-07,
                        -2.0543116886041793e-06,
                        1.0031486571743333e-06,
                        3.9114515491256345e-06,
                        2.2033464169672043e-07,
                        2.9243877407082524e-06
                    ],
                    [
                        -0.5996644244209068,
                        -0.39515818894002674,
                        3.911451549125635e-06,
                        1.3992867039324541,
                        0.17298251872792902,
                        -0.207099993950138
                    ],
                    [
                        -0.2683716025361065,
                        0.5893959574072257,
                        2.2033464169672072e-07,
                        0.17298251872792902,
                        1.6350301895890869,
                        -0.633757428573113
                    ],
                    [
                        1.188003944021559,
                        1.1485021922628207,
                        2.9243877407082533e-06,
                        -0.20709999395013795,
                        -0.633757428573113,
                        3.041759963995318
                    ]
                ]
            },
            "est_tgt": [
                0,
                1,
                2
            ],
            "oracle_est_tgt": [
                0,
                2,
                5
            ]
        },
        "3": {
            "intv_type": "do",
            "inode": 3,
            "new_mui": 2.0,
            "new_vari": null,
            "true_params": {
                "Si": [
                    [
                        1.0,
                        0.6796949388844855,
                        0.4610014692686915,
                        0.0,
                        -0.498243176035513,
                        1.34304224431546
                    ],
                    [
                        0.6796949388844855,
                        1.4619852099451844,
                        -0.2601010047715902,
                        0.0,
                        0.7718338454883432,
                        1.365410700334625
                    ],
                    [
                        0.4610014692686915,
                        -0.2601010047715902,
                        1.5413573597841905,
                        0.0,
                        -1.492187270855923,
                        0.12302963469174244
                    ],
                    [
                        0.0,
                        0.0,
                        0.0,
                        1e-09,
                        0.0,
                        5.000399020372439e-10
                    ],
                    [
                        -0.498243176035513,
                        0.7718338454883432,
                        -1.492187270855923,
                        0.0,
                        2.872925002014216,
                        -0.6197898195138168
                    ],
                    [
                        1.34304224431546,
                        1.365410700334625,
                        0.12302963469174244,
                        5.000399020372439e-10,
                        -0.6197898195138168,
                        3.4260153504367388
                    ]
                ],
                "mui": [
                    0.0,
                    0.0,
                    0.0,
                    2.0,
                    0.0,
                    1.0000798040744878
                ],
                "Ai": [
                    [
                        0.0,
                        0.0,
                        0.0,
                        0.0,
                        0.0,
                        0.0
                    ],
                    [
                        0.6796949388844855,
                        0.0,
                        0.0,
                        0.0,
                        0.0,
                        0.0
                    ],
                    [
                        0.8507666663758457,
                        -0.5734413702518315,
                        0.0,
                        0.0,
                        0.0,
                        0.0
                    ],
                    [
                        0.0,
                        0.0,
                        0.0,
                        0.0,
                        0.0,
                        0.0
                    ],
                    [
                        -0.720713453883214,
                        0.7516865927198979,
                        -0.6256971269721001,
                        0.0,
                        0.0,
                        0.0
                    ],
                    [
                        0.803429678100154,
                        0.768804904002551,
                        -0.6127863545912233,
                        0.5000399020372439,
                        -0.6012228329409319,
                        0.0
                    ]
                ]
            },
            "est_params": {
                "mui": [
                    1.9581734240045627,
                    1.4950972558138174,
                    1.8188988331702507,
                    -1.4790106389197915,
                    -2.5719093385826963,
                    2.601441048441516
                ],
                "Si": [
                    [
                        0.005011334723436397,
                        0.03215954825848064,
                        0.01749955887939986,
                        -0.04934041342365278,
                        0.15267475793051574,
                        -0.06022500564715331
                    ],
                    [
                        0.03215954825848064,
                        1.4469320600138584,
                        0.620510244354634,
                        -0.08701529994188302,
                        1.8669838375234604,
                        0.38208653987257074
                    ],
                    [
                        0.01749955887939986,
                        0.620510244354634,
                        0.9331834724363965,
                        -0.27580778996839,
                        0.856276405511935,
                        0.19934948190242585
                    ],
                    [
                        -0.04934041342365278,
                        -0.08701529994188296,
                        -0.27580778996839,
                        0.5872143568616468,
                        -1.327259283240959,
                        0.7071805772457637
                    ],
                    [
                        0.15267475793051574,
                        1.8669838375234602,
                        0.856276405511935,
                        -1.327259283240959,
                        5.289010582855059,
                        -1.2913185494146953
                    ],
                    [
                        -0.06022500564715331,
                        0.38208653987257074,
                        0.19934948190242585,
                        0.7071805772457637,
                        -1.2913185494146953,
                        1.2137288470794512
                    ]
                ]
            },
            "est_tgt": [
                0,
                1,
                2,
                3,
                4,
                5
            ],
            "oracle_est_tgt": [
                0,
                3,
                5
            ]
        },
        "4": {
            "intv_type": "do",
            "inode": 4,
            "new_mui": 2.0,
            "new_vari": null,
            "true_params": {
                "Si": [
                    [
                        1.0,
                        0.6796949388844855,
                        0.4610014692686915,
                        -0.5685887542651209,
                        0.0,
                        0.7591700055436917
                    ],
                    [
                        0.6796949388844855,
                        1.4619852099451844,
                        -0.2601010047715902,
                        -0.3864668985806371,
                        0.0,
                        1.636205961371921
                    ],
                    [
                        0.4610014692686915,
                        -0.2601010047715902,
                        1.5413573597841905,
                        -0.2621202511258757,
                        0.0,
                        -0.905178008265614
                    ],
                    [
                        -0.5685887542651209,
                        -0.3864668985806371,
                        -0.2621202511258757,
                        1.3232931714767622,
                        0.0,
                        0.06838437430971128
                    ],
                    [
                        0.0,
                        0.0,
                        0.0,
                        0.0,
                        1e-09,
                        -6.01222832940932e-10
                    ],
                    [
                        0.7591700055436917,
                        1.636205961371921,
                        -0.905178008265614,
                        0.06838437430971128,
                        -6.01222832940932e-10,
                        3.456738528371607
                    ]
                ],
                "mui": [
                    0.0,
                    0.0,
                    0.0,
                    0.0,
                    2.0,
                    -1.2024456658818639
                ],
                "Ai": [
                    [
                        0.0,
                        0.0,
                        0.0,
                        0.0,
                        0.0,
                        0.0
                    ],
                    [
                        0.6796949388844855,
                        0.0,
                        0.0,
                        0.0,
                        0.0,
                        0.0
                    ],
                    [
                        0.8507666663758457,
                        -0.5734413702518315,
                        0.0,
                        0.0,
                        0.0,
                        0.0
                    ],
                    [
                        -0.5685887542651209,
                        0.0,
                        0.0,
                        0.0,
                        0.0,
                        0.0
                    ],
                    [
                        0.0,
                        0.0,
                        0.0,
                        0.0,
                        0.0,
                        0.0
                    ],
                    [
                        0.803429678100154,
                        0.768804904002551,
                        -0.6127863545912233,
                        0.5000399020372439,
                        -0.6012228329409319,
                        0.0
                    ]
                ]
            },
            "est_params": {
                "mui": [
                    0.05077413155531561,
                    -0.055697380452907785,
                    0.09147458176187934,
                    -0.03356516502363751,
                    2.0000013308432485,
                    -1.3598071324634131
                ],
                "Si": [
                    [
                        1.071702012402162,
                        0.7372799259067223,
                        0.5012529011534528,
                        -0.5972796536052312,
                        -1.4736913893501407e-06,
                        0.7700271792095645
                    ],
                    [
                        0.7372799259067223,
                        1.565072689870148,
                        -0.2280051971170387,
                        -0.4200943044080344,
                        -2.5910446123318598e-06,
                        1.646288828888052
                    ],
                    [
                        0.5012529011534528,
                        -0.2280051971170387,
                        1.5662179406099481,
                        -0.2392305537607125,
                        1.345239548148891e-06,
                        -0.8950070676993147
                    ],
                    [
                        -0.5972796536052312,
                        -0.4200943044080345,
                        -0.2392305537607125,
                        1.2480629746827059,
                        2.477871655256872e-06,
                        -0.0821635213551002
                    ],
                    [
                        -1.4736913893501407e-06,
                        -2.5910446123318598e-06,
                        1.3452395481488912e-06,
                        2.477871655256872e-06,
                        1.0014623230146544e-06,
                        -3.822035709331174e-06
                    ],
                    [
                        0.7700271792095645,
                        1.6462888288880522,
                        -0.8950070676993149,
                        -0.08216352135510022,
                        -3.822035709331174e-06,
                        3.361013388335817
                    ]
                ]
            },
            "est_tgt": [
                0,
                1,
                4,
                5
            ],
            "oracle_est_tgt": [
                0,
                1,
                4,
                5
            ]
        },
        "5": {
            "intv_type": "do",
            "inode": 5,
            "new_mui": 2.0,
            "new_vari": null,
            "true_params": {
                "Si": [
                    [
                        1.0,
                        0.6796949388844855,
                        0.4610014692686915,
                        -0.5685887542651209,
                        -0.498243176035513,
                        0.0
                    ],
                    [
                        0.6796949388844855,
                        1.4619852099451844,
                        -0.2601010047715902,
                        -0.3864668985806371,
                        0.7718338454883432,
                        0.0
                    ],
                    [
                        0.4610014692686915,
                        -0.2601010047715902,
                        1.5413573597841905,
                        -0.2621202511258757,
                        -1.492187270855923,
                        0.0
                    ],
                    [
                        -0.5685887542651209,
                        -0.3864668985806371,
                        -0.2621202511258757,
                        1.3232931714767622,
                        0.28329546678312967,
                        0.0
                    ],
                    [
                        -0.498243176035513,
                        0.7718338454883432,
                        -1.492187270855923,
                        0.28329546678312967,
                        2.872925002014216,
                        0.0
                    ],
                    [
                        0.0,
                        0.0,
                        0.0,
                        0.0,
                        0.0,
                        1e-09
                    ]
                ],
                "mui": [
                    0.0,
                    0.0,
                    0.0,
                    0.0,
                    0.0,
                    2.0
                ],
                "Ai": [
                    [
                        0.0,
                        0.0,
                        0.0,
                        0.0,
                        0.0,
                        0.0
                    ],
                    [
                        0.6796949388844855,
                        0.0,
                        0.0,
                        0.0,
                        0.0,
                        0.0
                    ],
                    [
                        0.8507666663758457,
                        -0.5734413702518315,
                        0.0,
                        0.0,
                        0.0,
                        0.0
                    ],
                    [
                        -0.5685887542651209,
                        0.0,
                        0.0,
                        0.0,
                        0.0,
                        0.0
                    ],
                    [
                        -0.720713453883214,
                        0.7516865927198979,
                        -0.6256971269721001,
                        0.0,
                        0.0,
                        0.0
                    ],
                    [
                        0.0,
                        0.0,
                        0.0,
                        0.0,
                        0.0,
                        0.0
                    ]
                ]
            },
            "est_params": {
                "mui": [
                    -0.016543778867287293,
                    0.017530166550511185,
                    -0.0220161955965414,
                    -0.03230191750423454,
                    0.004508040525033333,
                    1.9999972727070243
                ],
                "Si": [
                    [
                        1.0973663045689404,
                        0.754035668439252,
                        0.47932814998241985,
                        -0.6004184812873169,
                        -0.5530435707141017,
                        -1.9635813688780605e-06
                    ],
                    [
                        0.754035668439252,
                        1.5415748085758365,
                        -0.22645606262141735,
                        -0.35389785485009045,
                        0.7269019931034983,
                        -3.751832177555802e-06
                    ],
                    [
                        0.47932814998241974,
                        -0.22645606262141735,
                        1.4931446295963828,
                        -0.305664104122958,
                        -1.454737165547792,
                        2.62825882892693e-06
                    ],
                    [
                        -0.6004184812873169,
                        -0.35389785485009045,
                        -0.3056641041229581,
                        1.3320156114340505,
                        0.3968287637920084,
                        -1.3029259211799659e-06
                    ],
                    [
                        -0.5530435707141017,
                        0.7269019931034983,
                        -1.4547371655477919,
                        0.3968287637920084,
                        2.855107628546239,
                        -1.7192779059766027e-06
                    ],
                    [
                        -1.963581368878061e-06,
                        -3.751832177555802e-06,
                        2.62825882892693e-06,
                        -1.3029259211799654e-06,
                        -1.7192779059766027e-06,
                        1.0021583216552156e-06
                    ]
                ]
            },
            "est_tgt": [
                0,
                4,
                5
            ],
            "oracle_est_tgt": [
                0,
                1,
                4,
                5
            ]
        },
        "obs": {
            "intv_type": "obs",
            "true_params": {
                "Si": [
                    [
                        1.0,
                        0.6796949388844855,
                        0.4610014692686915,
                        -0.5685887542651209,
                        -0.498243176035513,
                        1.0587251793332504
                    ],
                    [
                        0.6796949388844855,
                        1.4619852099451844,
                        -0.2601010047715902,
                        -0.3864668985806371,
                        0.7718338454883432,
                        1.1721618302277257
                    ],
                    [
                        0.4610014692686915,
                        -0.2601010047715902,
                        1.5413573597841905,
                        -0.2621202511258757,
                        -1.492187270855923,
                        -0.008040950003218195
                    ],
                    [
                        -0.5685887542651209,
                        -0.3864668985806371,
                        -0.2621202511258757,
                        1.3232931714767622,
                        0.28329546678312967,
                        -0.10193932878896561
                    ],
                    [
                        -0.498243176035513,
                        0.7718338454883432,
                        -1.492187270855923,
                        0.28329546678312967,
                        2.872925002014216,
                        -0.47813078205598547
                    ],
                    [
                        1.0587251793332504,
                        1.1721618302277257,
                        -0.008040950003218195,
                        -0.10193932878896561,
                        -0.47813078205598547,
                        2.993191789154431
                    ]
                ],
                "mui": [
                    0.0,
