{
    "expt_args": {
        "save_dir": "all_expt_logs/expt_logs_11.05.24-mean_shift-corr",
        "exp_name": "100",
        "num_nodes": 6,
        "obs_noise_mean": 0.0,
        "obs_noise_var": 1.0,
        "max_edge_strength": 1.0,
        "graph_sparsity_method": "adj_dense_prop",
        "adj_dense_prop": 0.8,
        "num_parents": null,
        "new_noise_mean": 4.0,
        "mix_samples": 16384,
        "stage2_samples": 16384,
        "gmm_tol": 0.001,
        "intv_type": "do",
        "new_noise_var": null,
        "intv_targets": [
            0,
            1,
            2,
            3,
            4,
            5
        ]
    },
    "intv_args_dict": {
        "0": {
            "intv_type": "do",
            "inode": 0,
            "new_mui": 4.0,
            "new_vari": null,
            "true_params": {
                "Si": [
                    [
                        1e-09,
                        0.0,
                        -9.554168358324221e-10,
                        4.45538921762398e-10,
                        4.1208802839774654e-10,
                        7.466902166063408e-10
                    ],
                    [
                        0.0,
                        1.0,
                        0.0,
                        0.0,
                        -0.5374630876457334,
                        1.220400368320902
                    ],
                    [
                        -9.554168358324221e-10,
                        0.0,
                        1.0000000009128214,
                        0.5794476589903524,
                        -0.4845282643080083,
                        0.042014491145499926
                    ],
                    [
                        4.45538921762398e-10,
                        0.0,
                        0.5794476589903524,
                        1.335759590201218,
                        0.36886568724802304,
                        0.121889046480871
                    ],
                    [
                        4.1208802839774654e-10,
                        -0.5374630876457334,
                        -0.4845282643080083,
                        0.36886568724802304,
                        1.9456461424805747,
                        -1.597848192432465
                    ],
                    [
                        7.466902166063408e-10,
                        1.220400368320902,
                        0.042014491145499926,
                        0.121889046480871,
                        -1.597848192432465,
                        3.4707593568737303
                    ]
                ],
                "mui": [
                    4.0,
                    0.0,
                    -3.8216673433296884,
                    1.7821556870495918,
                    1.648352113590986,
                    2.986760866425363
                ],
                "Ai": [
                    [
                        0.0,
                        0.0,
                        0.0,
                        0.0,
                        0.0,
                        0.0
                    ],
                    [
                        0.0,
                        0.0,
                        0.0,
                        0.0,
                        0.0,
                        0.0
                    ],
                    [
                        -0.9554168358324221,
                        -0.0,
                        0.0,
                        0.0,
                        0.0,
                        0.0
                    ],
                    [
                        0.9991529710521623,
                        -0.0,
                        0.5794476594160278,
                        0.0,
                        0.0,
                        0.0
                    ],
                    [
                        -0.6999126371740528,
                        -0.5374630876457334,
                        -0.8609516341592458,
                        0.64962445551047,
                        0.0,
                        0.0
                    ],
                    [
                        0.0,
                        0.6910327096337259,
                        -0.8624907865322927,
                        0.7373834658323681,
                        -0.9849377024308439,
                        0.0
                    ]
                ]
            },
            "est_params": {
                "mui": [
                    3.9999994236329,
                    0.010435902034960164,
                    -3.8376612793905545,
                    1.801960610535148,
                    1.6832641187529884,
                    2.9733933676949498
                ],
                "Si": [
                    [
                        1.0010173275420053e-06,
                        6.419998876945614e-08,
                        -5.625481681800305e-10,
                        3.24432959947773e-08,
                        4.198723955202114e-07,
                        -9.970634325170294e-07
                    ],
                    [
                        6.419998876945614e-08,
                        0.9933116470683362,
                        -0.03989925916743777,
                        -0.03598205460206539,
                        -0.5387114655656493,
                        1.2265826096582824
                    ],
                    [
                        -5.625481681799668e-10,
                        -0.03989925916743777,
                        1.0022878021060637,
                        0.597756388607176,
                        -0.44818244323746415,
                        0.01825590297284355
                    ],
                    [
                        3.244329599477797e-08,
                        -0.03598205460206539,
                        0.597756388607176,
                        1.403480128152649,
                        0.4049052365601144,
                        0.12748737800975282
                    ],
                    [
                        4.198723955202112e-07,
                        -0.5387114655656493,
                        -0.44818244323746415,
                        0.40490523656011446,
                        1.9111603140634588,
                        -1.606290117054764
                    ],
                    [
                        -9.970634325170292e-07,
                        1.226582609658282,
                        0.01825590297284356,
                        0.12748737800975282,
                        -1.606290117054764,
                        3.5247418121871266
                    ]
                ]
            },
            "est_tgt": [
                0
            ],
            "oracle_est_tgt": [
                0
            ]
        },
        "1": {
            "intv_type": "do",
            "inode": 1,
            "new_mui": 4.0,
            "new_vari": null,
            "true_params": {
                "Si": [
                    [
                        1.0,
                        0.0,
                        -0.9554168358324221,
                        0.44553892176239795,
                        0.4120880283977465,
                        0.7466902166063407
                    ],
                    [
                        0.0,
                        1e-09,
                        0.0,
                        0.0,
                        -5.374630876457334e-10,
                        1.220400368320902e-09
                    ],
                    [
                        -0.9554168358324221,
                        0.0,
                        1.9128213301920374,
                        0.1537722725456085,
                        -0.8782441040904887,
                        -0.6713859122381556
                    ],
                    [
                        0.44553892176239795,
                        0.0,
                        0.1537722725456085,
                        1.534264520807913,
                        0.5524669429079462,
                        0.45456860014551187
                    ],
                    [
                        0.4120880283977465,
                        -5.374630876457334e-10,
                        -0.8782441040904887,
                        0.5524669429079462,
                        1.8265961151666814,
                        -0.634225944089152
                    ],
                    [
                        0.7466902166063407,
                        1.220400368320902e-09,
                        -0.6713859122381556,
                        0.45456860014551187,
                        -0.634225944089152,
                        2.538928578383392
                    ]
                ],
                "mui": [
                    0.0,
                    4.0,
                    0.0,
                    0.0,
                    -2.1498523505829334,
                    4.881601473283608
                ],
                "Ai": [
                    [
                        0.0,
                        0.0,
                        0.0,
                        0.0,
                        0.0,
                        0.0
                    ],
                    [
                        0.0,
                        0.0,
                        0.0,
                        0.0,
                        0.0,
                        0.0
                    ],
                    [
                        -0.9554168358324221,
                        -0.0,
                        0.0,
                        0.0,
                        0.0,
                        0.0
                    ],
                    [
                        0.9991529710521623,
                        -0.0,
                        0.5794476594160278,
                        0.0,
                        0.0,
                        0.0
                    ],
                    [
                        -0.6999126371740528,
                        -0.5374630876457334,
                        -0.8609516341592458,
                        0.64962445551047,
                        0.0,
                        0.0
                    ],
                    [
                        0.0,
                        0.6910327096337259,
                        -0.8624907865322927,
                        0.7373834658323681,
                        -0.9849377024308439,
                        0.0
                    ]
                ]
            },
            "est_params": {
                "mui": [
                    -0.020720077211182585,
                    4.000000240324245,
                    0.057058718043536336,
                    0.007412790841813063,
                    -2.145914818273845,
                    4.856619157609292
                ],
                "Si": [
                    [
                        0.9658409394542727,
                        -4.849204278835829e-07,
                        -0.8813083244747455,
                        0.48615617505242525,
                        0.44464605531090284,
                        0.6731142163145094
                    ],
                    [
                        -4.849204278835832e-07,
                        1.000938640593798e-06,
                        -5.07915352055565e-07,
                        -6.148371964875865e-07,
                        -6.928262410548586e-07,
                        1.3380998894925061e-06
                    ],
                    [
                        -0.8813083244747454,
                        -5.079153520555651e-07,
                        1.7955333294249107,
                        0.1915971928194796,
                        -0.8465337193906904,
                        -0.5480270549828532
                    ],
                    [
                        0.48615617505242525,
                        -6.148371964875861e-07,
                        0.1915971928194796,
                        1.6612850770598995,
                        0.6018051470961553,
                        0.4302555569338058
                    ],
                    [
                        0.44464605531090273,
                        -6.928262410548586e-07,
                        -0.8465337193906904,
                        0.6018051470961553,
                        1.8220884309576928,
                        -0.6607006639237886
                    ],
                    [
                        0.6731142163145094,
                        1.3380998894925061e-06,
                        -0.5480270549828532,
                        0.4302555569338056,
                        -0.6607006639237887,
                        2.413148551311886
                    ]
                ]
            },
            "est_tgt": [
                1,
                3
            ],
            "oracle_est_tgt": [
                1
            ]
        },
        "2": {
            "intv_type": "do",
            "inode": 2,
            "new_mui": 4.0,
            "new_vari": null,
            "true_params": {
                "Si": [
                    [
                        1.0,
                        0.0,
                        0.0,
                        0.9991529710521623,
                        -0.05083843238262353,
                        0.7868315694772783
                    ],
                    [
                        0.0,
                        1.0,
                        0.0,
                        0.0,
                        -0.5374630876457334,
                        1.220400368320902
                    ],
                    [
                        0.0,
                        0.0,
                        1e-09,
                        5.794476594160279e-10,
                        -4.845282639142925e-10,
                        4.2014491858900327e-11
                    ],
                    [
                        0.9991529710521623,
                        0.0,
                        5.794476594160279e-10,
                        1.9983066598981227,
                        0.5988290844709785,
                        0.8837089475642015
                    ],
                    [
                        -0.05083843238262353,
                        -0.5374630876457334,
                        -4.845282639142925e-10,
                        0.5988290844709785,
                        1.71346305022085,
                        -1.6174922675022745
                    ],
                    [
                        0.7868315694772783,
                        1.220400368320902,
                        4.2014491858900327e-11,
                        0.8837089475642015,
                        -1.6174922675022745,
                        4.088098057517865
                    ]
                ],
                "mui": [
                    0.0,
                    0.0,
                    4.0,
                    2.3177906376641113,
                    -1.93811305565717,
                    0.1680579674356013
                ],
                "Ai": [
                    [
                        0.0,
                        0.0,
                        0.0,
                        0.0,
                        0.0,
                        0.0
                    ],
                    [
                        0.0,
                        0.0,
                        0.0,
                        0.0,
                        0.0,
                        0.0
                    ],
                    [
                        0.0,
                        0.0,
                        0.0,
                        0.0,
                        0.0,
                        0.0
                    ],
                    [
                        0.9991529710521623,
                        -0.0,
                        0.5794476594160278,
                        0.0,
                        0.0,
                        0.0
                    ],
                    [
                        -0.6999126371740528,
                        -0.5374630876457334,
                        -0.8609516341592458,
                        0.64962445551047,
                        0.0,
                        0.0
                    ],
                    [
                        0.0,
                        0.6910327096337259,
                        -0.8624907865322927,
                        0.7373834658323681,
                        -0.9849377024308439,
                        0.0
                    ]
                ]
            },
            "est_params": {
                "mui": [
                    -0.033136591582629916,
                    0.038297525756051526,
                    3.999999314313403,
                    2.2598010604745244,
                    -1.9859479526552304,
                    0.18968729538652454
                ],
                "Si": [
                    [
                        1.0477268315852495,
                        -0.018667482082050272,
                        4.4799793745473305e-07,
                        1.0406680910688741,
                        -0.07083158843418483,
                        0.8262750196140735
                    ],
                    [
                        -0.01866748208205026,
                        0.9821092133624907,
                        6.808002896063369e-08,
                        -0.06027393882875944,
                        -0.521144949132878,
                        1.1560727750799986
                    ],
                    [
                        4.4799793745473315e-07,
                        6.808002896063344e-08,
                        1.0010333767066715e-06,
                        5.793105401946805e-07,
                        -5.667545132967625e-07,
                        1.0269224007278986e-06
                    ],
                    [
                        1.0406680910688741,
                        -0.06027393882875942,
                        5.793105401946806e-07,
                        2.0201292399914896,
                        0.5972699751607571,
                        0.8465319488271186
                    ],
                    [
                        -0.07083158843418483,
                        -0.521144949132878,
                        -5.667545132967625e-07,
                        0.5972699751607571,
                        1.6923491387319993,
                        -1.6144869068863161
                    ],
                    [
                        0.8262750196140735,
                        1.1560727750799986,
                        1.026922400727899e-06,
                        0.8465319488271186,
                        -1.6144869068863161,
                        4.037128621636484
                    ]
                ]
            },
            "est_tgt": [
                2
            ],
            "oracle_est_tgt": [
                2
            ]
        },
        "3": {
            "intv_type": "do",
            "inode": 3,
            "new_mui": 4.0,
            "new_vari": null,
            "true_params": {
                "Si": [
                    [
                        1.0,
                        0.0,
                        -0.9554168358324221,
                        0.0,
                        0.12265504893912685,
                        0.7032306361096539
                    ],
                    [
                        0.0,
                        1.0,
                        0.0,
                        0.0,
                        -0.5374630876457334,
                        1.220400368320902
                    ],
                    [
                        -0.9554168358324221,
                        0.0,
                        1.9128213301920374,
                        0.0,
                        -0.9781383329155373,
                        -0.6863854512917116
                    ],
                    [
                        0.0,
                        0.0,
                        0.0,
                        1e-09,
                        6.4962445551047e-10,
                        9.75438471789979e-11
                    ],
                    [
                        0.12265504893912685,
                        -0.5374630876457334,
                        -0.9781383329155373,
                        6.4962445551047e-10,
                        2.0451485483954324,
                        -1.5421131855975831
                    ],
                    [
                        0.7032306361096539,
                        1.220400368320902,
                        -0.6863854512917116,
                        9.75438471789979e-11,
                        -1.5421131855975831,
                        3.954223119090422
                    ]
                ],
                "mui": [
                    0.0,
                    0.0,
                    0.0,
                    4.0,
                    2.59849782204188,
                    0.39017538871599156
                ],
                "Ai": [
                    [
                        0.0,
                        0.0,
                        0.0,
                        0.0,
                        0.0,
                        0.0
                    ],
                    [
                        0.0,
                        0.0,
                        0.0,
                        0.0,
                        0.0,
                        0.0
                    ],
                    [
                        -0.9554168358324221,
                        -0.0,
                        0.0,
                        0.0,
                        0.0,
                        0.0
                    ],
                    [
                        0.0,
                        0.0,
                        0.0,
                        0.0,
                        0.0,
                        0.0
                    ],
                    [
                        -0.6999126371740528,
                        -0.5374630876457334,
                        -0.8609516341592458,
                        0.64962445551047,
                        0.0,
                        0.0
                    ],
                    [
                        0.0,
                        0.6910327096337259,
                        -0.8624907865322927,
                        0.7373834658323681,
                        -0.9849377024308439,
                        0.0
                    ]
                ]
            },
            "est_params": {
                "mui": [
                    0.04748803782079452,
                    0.041180514058319476,
                    -0.057652471563130414,
                    3.9999999164395494,
                    2.5728577283947187,
                    0.5272977858384384
                ],
                "Si": [
                    [
                        1.00806800405305,
                        0.023479727892600093,
                        -0.9813384872496081,
                        -1.6133645741451789e-07,
                        0.1380244281539331,
                        0.7018631854453747
                    ],
                    [
                        0.023479727892600093,
                        1.032723545443728,
                        -0.0006806531404793775,
                        -1.8940268526066945e-07,
                        -0.5442905601946104,
                        1.2435031563138994
                    ],
                    [
                        -0.9813384872496079,
                        -0.0006806531404793868,
                        1.934990354296748,
                        1.0271794537971124e-07,
                        -0.9911781650626905,
                        -0.6979585963459415
                    ],
                    [
                        -1.613364574145178e-07,
                        -1.8940268526066927e-07,
                        1.0271794537971109e-07,
                        1.0010052398053158e-06,
                        2.5034638738330465e-08,
                        -1.154465429576713e-06
                    ],
                    [
                        0.1380244281539331,
                        -0.5442905601946104,
                        -0.9911781650626905,
                        2.503463873833055e-08,
                        2.057766199939962,
                        -1.5344269527783523
                    ],
                    [
                        0.7018631854453747,
                        1.2435031563138994,
                        -0.6979585963459415,
                        -1.1544654295767127e-06,
                        -1.5344269527783523,
                        3.9798096027544116
                    ]
                ]
            },
            "est_tgt": [
                1,
                3
            ],
            "oracle_est_tgt": [
                3
            ]
        },
        "4": {
            "intv_type": "do",
            "inode": 4,
            "new_mui": 4.0,
            "new_vari": null,
            "true_params": {
                "Si": [
                    [
                        1.0,
                        0.0,
                        -0.9554168358324221,
                        0.44553892176239795,
                        0.0,
                        1.1525712524956735
                    ],
                    [
                        0.0,
                        1.0,
                        0.0,
                        0.0,
                        0.0,
                        0.6910327096337259
                    ],
                    [
                        -0.9554168358324221,
                        0.0,
                        1.9128213301920374,
                        0.1537722725456085,
                        0.0,
                        -1.5364016422944764
                    ],
                    [
                        0.44553892176239795,
                        0.0,
                        0.1537722725456085,
                        1.534264520807913,
                        0.0,
                        0.9987141215622566
                    ],
                    [
                        0.0,
                        0.0,
                        0.0,
                        0.0,
                        1e-09,
                        -9.84937702430844e-10
                    ],
                    [
                        1.1525712524956735,
                        0.6910327096337259,
                        -1.5364016422944764,
                        0.9987141215622566,
                        -9.84937702430844e-10,
                        3.539093747979207
                    ]
                ],
                "mui": [
                    0.0,
                    0.0,
                    0.0,
                    0.0,
                    4.0,
                    -3.9397508097233755
                ],
                "Ai": [
                    [
                        0.0,
                        0.0,
                        0.0,
                        0.0,
                        0.0,
                        0.0
                    ],
                    [
                        0.0,
                        0.0,
                        0.0,
                        0.0,
                        0.0,
                        0.0
                    ],
                    [
                        -0.9554168358324221,
                        -0.0,
                        0.0,
                        0.0,
                        0.0,
                        0.0
                    ],
                    [
                        0.9991529710521623,
                        -0.0,
                        0.5794476594160278,
                        0.0,
                        0.0,
                        0.0
                    ],
                    [
                        0.0,
                        0.0,
                        0.0,
                        0.0,
                        0.0,
                        0.0
                    ],
                    [
                        0.0,
                        0.6910327096337259,
                        -0.8624907865322927,
                        0.7373834658323681,
                        -0.9849377024308439,
                        0.0
                    ]
                ]
            },
            "est_params": {
                "mui": [
                    0.018035755279788967,
                    -0.009400622945104855,
                    -0.011698942300760526,
                    0.04542894957873665,
                    3.9999998333840403,
                    -3.928069147453129
                ],
                "Si": [
                    [
                        0.9913894216146244,
                        0.010853737225795941,
                        -0.9455969794204018,
                        0.414110671570849,
                        7.565731265905874e-07,
                        1.157439952915792
                    ],
                    [
                        0.01085373722579594,
                        1.0071523697013998,
                        -0.013611097663682613,
                        -0.0012544657066081073,
                        2.2611541635205795e-07,
                        0.6646388668341884
                    ],
                    [
                        -0.9455969794204018,
                        -0.013611097663682601,
                        1.8559150696496154,
                        0.17468794456514716,
                        -1.492977346511239e-06,
                        -1.4939127032264503
                    ],
                    [
                        0.414110671570849,
                        -0.0012544657066081012,
                        0.1746879445651472,
                        1.533330303518501,
                        -1.6242767687932446e-08,
                        0.9981478275426949
                    ],
                    [
                        7.565731265905872e-07,
                        2.2611541635205798e-07,
                        -1.492977346511239e-06,
                        -1.6242767687932446e-08,
                        1.0009415945657233e-06,
                        1.4030205937894824e-06
                    ],
                    [
                        1.157439952915792,
                        0.6646388668341884,
                        -1.4939127032264505,
                        0.9981478275426947,
                        1.4030205937894821e-06,
                        3.5125543020175516
                    ]
                ]
            },
            "est_tgt": [
                4
            ],
            "oracle_est_tgt": [
                4
            ]
        },
        "5": {
            "intv_type": "do",
            "inode": 5,
            "new_mui": 4.0,
            "new_vari": null,
            "true_params": {
                "Si": [
                    [
                        1.0,
                        0.0,
                        -0.9554168358324221,
                        0.44553892176239795,
                        0.4120880283977465,
                        0.0
                    ],
                    [
                        0.0,
                        1.0,
                        0.0,
                        0.0,
                        -0.5374630876457334,
                        0.0
                    ],
                    [
                        -0.9554168358324221,
                        0.0,
                        1.9128213301920374,
                        0.1537722725456085,
                        -0.8782441040904887,
                        0.0
                    ],
                    [
                        0.44553892176239795,
                        0.0,
                        0.1537722725456085,
                        1.534264520807913,
                        0.5524669429079462,
                        0.0
                    ],
                    [
                        0.4120880283977465,
                        -0.5374630876457334,
                        -0.8782441040904887,
                        0.5524669429079462,
                        2.1154626854595002,
                        0.0
                    ],
                    [
                        0.0,
                        0.0,
                        0.0,
                        0.0,
                        0.0,
                        1e-09
                    ]
                ],
                "mui": [
                    0.0,
                    0.0,
                    0.0,
                    0.0,
                    0.0,
                    4.0
                ],
                "Ai": [
                    [
                        0.0,
                        0.0,
                        0.0,
                        0.0,
                        0.0,
                        0.0
                    ],
                    [
                        0.0,
                        0.0,
                        0.0,
                        0.0,
                        0.0,
                        0.0
                    ],
                    [
                        -0.9554168358324221,
                        -0.0,
                        0.0,
                        0.0,
                        0.0,
                        0.0
                    ],
                    [
                        0.9991529710521623,
                        -0.0,
                        0.5794476594160278,
                        0.0,
                        0.0,
                        0.0
                    ],
                    [
                        -0.6999126371740528,
                        -0.5374630876457334,
                        -0.8609516341592458,
                        0.64962445551047,
                        0.0,
                        0.0
                    ],
                    [
                        0.0,
                        0.0,
                        0.0,
                        0.0,
                        0.0,
                        0.0
                    ]
                ]
            },
            "est_params": {
                "mui": [
                    -0.0053705299286604035,
                    0.014187557443178638,
                    0.004185997594195038,
                    0.008306329329003069,
                    0.0022048236584897023,
                    3.9999998426564995
                ],
                "Si": [
                    [
                        0.9951148015543133,
                        0.010405244856655033,
                        -0.9528286771840824,
                        0.4339634807904479,
                        0.4073444461223564,
                        -4.3453625196730425e-07
                    ],
                    [
                        0.010405244856655034,
                        0.983914716834222,
                        -0.00405944319254916,
                        0.0007374869820841823,
                        -0.5151540415148449,
                        1.2585153234402908e-06
                    ],
                    [
                        -0.9528286771840824,
                        -0.004059443192549162,
                        1.9349817695783478,
                        0.19133381740855543,
                        -0.9134139874195857,
                        -1.4638875050898148e-07
                    ],
                    [
                        0.4339634807904479,
                        0.0007374869820841864,
                        0.19133381740855543,
                        1.5465521260397346,
                        0.537960492087979,
                        -1.2105558840799622e-06
                    ],
                    [
                        0.4073444461223564,
                        -0.5151540415148449,
                        -0.9134139874195857,
                        0.537960492087979,
                        2.1295424386287363,
                        -1.3557544648608072e-06
                    ],
                    [
                        -4.345362519673043e-07,
                        1.2585153234402908e-06,
                        -1.4638875050898172e-07,
                        -1.210555884079962e-06,
                        -1.3557544648608074e-06,
                        1.0010110644708467e-06
                    ]
                ]
            },
            "est_tgt": [
                5
            ],
            "oracle_est_tgt": [
                5
            ]
        },
        "obs": {
            "intv_type": "obs",
            "true_params": {
                "Si": [
                    [
                        1.0,
                        0.0,
                        -0.9554168358324221,
                        0.44553892176239795,
                        0.4120880283977465,
                        0.7466902166063407
                    ],
                    [
                        0.0,
                        1.0,
                        0.0,
                        0.0,
                        -0.5374630876457334,
                        1.220400368320902
                    ],
                    [
                        -0.9554168358324221,
                        0.0,
                        1.9128213301920374,
                        0.1537722725456085,
                        -0.8782441040904887,
                        -0.6713859122381556
                    ],
                    [
                        0.44553892176239795,
                        0.0,
                        0.1537722725456085,
                        1.534264520807913,
                        0.5524669429079462,
                        0.45456860014551187
                    ],
                    [
                        0.4120880283977465,
                        -0.5374630876457334,
                        -0.8782441040904887,
                        0.5524669429079462,
                        2.1154626854595002,
                        -1.290146093554974
                    ],
                    [
                        0.7466902166063407,
                        1.220400368320902,
                        -0.6713859122381556,
                        0.45456860014551187,
                        -1.290146093554974,
                        4.028305635891808
                    ]
                ],
                "mui": [
                    0.0,
                    0.0,
                    0.0,
                    0.0,
                    0.0,
                    0.0
                ],
                "Ai": [
                    [
                        0.0,
                        0.0,
                        0.0,
                        0.0,
                        0.0,
                        0.0
                    ],
                    [
                        0.0,
                        0.0,
                        0.0,
                        0.0,
                        0.0,
                        0.0
                    ],
                    [
                        -0.9554168358324221,
                        -0.0,
                        0.0,
                        0.0,
                        0.0,
                        0.0
                    ],
                    [
                        0.9991529710521623,
                        -0.0,
                        0.5794476594160278,
                        0.0,
                        0.0,
                        0.0
                    ],
                    [
                        -0.6999126371740528,
                        -0.5374630876457334,
                        -0.8609516341592458,
