{
    "expt_args": {
        "save_dir": "all_expt_logs/expt_logs_11.05.24-mean_shift-corr",
        "exp_name": "310",
        "num_nodes": 6,
        "obs_noise_mean": 0.0,
        "obs_noise_var": 1.0,
        "max_edge_strength": 1.0,
        "graph_sparsity_method": "adj_dense_prop",
        "adj_dense_prop": 0.8,
        "num_parents": null,
        "new_noise_mean": 1.0,
        "mix_samples": 65536,
        "stage2_samples": 65536,
        "gmm_tol": 0.001,
        "intv_type": "do",
        "new_noise_var": null,
        "intv_targets": [
            0,
            1,
            2,
            3,
            4,
            5
        ]
    },
    "intv_args_dict": {
        "0": {
            "intv_type": "do",
            "inode": 0,
            "new_mui": 1.0,
            "new_vari": null,
            "true_params": {
                "Si": [
                    [
                        1e-09,
                        5.877538907700667e-10,
                        -9.503731955222322e-10,
                        3.8437978215265113e-10,
                        7.482507834202938e-10,
                        1.0797205959197919e-09
                    ],
                    [
                        5.877538907700667e-10,
                        1.0000000003454546,
                        -0.5741395172215248,
                        0.46536247327184804,
                        1.586779437585216,
                        -0.7358575249548135
                    ],
                    [
                        -9.503731955222322e-10,
                        -0.5741395172215248,
                        1.3296361854971628,
                        0.49412522684258275,
                        -1.1836495183243534,
                        -0.8237249294106983
                    ],
                    [
                        3.8437978215265113e-10,
                        0.46536247327184804,
                        0.49412522684258275,
                        1.7961524259716892,
                        1.454051262793925,
                        -2.4898501113354987
                    ],
                    [
                        7.482507834202938e-10,
                        1.586779437585216,
                        -1.1836495183243534,
                        1.454051262793925,
                        4.444429910851759,
                        -2.5534483689062744
                    ],
                    [
                        1.0797205959197919e-09,
                        -0.7358575249548135,
                        -0.8237249294106983,
                        -2.4898501113354987,
                        -2.5534483689062744,
                        4.914442926383747
                    ]
                ],
                "mui": [
                    1.0,
                    0.5877538907700667,
                    -0.9503731955222321,
                    0.3843797821526511,
                    0.7482507834202938,
                    1.0797205959197917
                ],
                "Ai": [
                    [
                        0.0,
                        0.0,
                        0.0,
                        0.0,
                        0.0,
                        0.0
                    ],
                    [
                        0.5877538907700667,
                        0.0,
                        0.0,
                        0.0,
                        0.0,
                        0.0
                    ],
                    [
                        -0.612920460758744,
                        -0.5741395166629393,
                        0.0,
                        0.0,
                        0.0,
                        0.0
                    ],
                    [
                        0.577482558420488,
                        0.9024596022340946,
                        0.7613082125555458,
                        0.0,
                        0.0,
                        0.0
                    ],
                    [
                        -0.8845913898571316,
                        0.5971366468341304,
                        -0.9754328960681331,
                        0.9231690213731751,
                        0.0,
                        0.0
                    ],
                    [
                        0.8930598686705696,
                        -0.0,
                        -0.9374305190796876,
                        -0.6272396847062909,
                        -0.6189767757630952,
                        0.0
                    ]
                ]
            },
            "est_params": {
                "mui": [
                    0.9999999354967707,
                    0.5969130857909366,
                    -0.9459209854462773,
                    0.39725576008528496,
                    0.7531779208922749,
                    1.0562792505500156
                ],
                "Si": [
                    [
                        1.0091352857105018e-06,
                        1.5444421855419068e-07,
                        -4.5334634838429684e-07,
                        -2.683985750402696e-06,
                        -8.908135657752597e-07,
                        2.4794849098959346e-06
                    ],
                    [
                        1.5444421855419087e-07,
                        1.0033180080248871,
                        -0.5765686680548984,
                        0.4667652320915911,
                        1.5941596997241874,
                        -0.7398546058577082
                    ],
                    [
                        -4.533463483842966e-07,
                        -0.5765686680548983,
                        1.3305240251822965,
                        0.4898986532556651,
                        -1.191341704431282,
                        -0.8151921059219142
                    ],
                    [
                        -2.683985750402696e-06,
                        0.4667652320915911,
                        0.489898653255665,
                        1.7868620562634483,
                        1.4444974941711168,
                        -2.467138833886146
                    ],
                    [
                        -8.908135657752601e-07,
                        1.5941596997241874,
                        -1.1913417044312822,
                        1.4444974941711166,
                        4.434735662267269,
                        -2.522452063679866
                    ],
                    [
                        2.479484909895934e-06,
                        -0.7398546058577082,
                        -0.8151921059219142,
                        -2.467138833886146,
                        -2.522452063679866,
                        4.86195315457171
                    ]
                ]
            },
            "est_tgt": [
                0,
                1,
                3,
                4
            ],
            "oracle_est_tgt": [
                0
            ]
        },
        "1": {
            "intv_type": "do",
            "inode": 1,
            "new_mui": 1.0,
            "new_vari": null,
            "true_params": {
                "Si": [
                    [
                        1.0,
                        0.0,
                        -0.612920460758744,
                        0.11086117800152712,
                        -0.1843850045558683,
                        1.512223719637409
                    ],
                    [
                        0.0,
                        1e-09,
                        -5.741395166629394e-10,
                        4.6536247304592735e-10,
                        1.5867794371454288e-09,
                        -7.358575255894236e-10
                    ],
                    [
                        -0.612920460758744,
                        -5.741395166629394e-10,
                        1.3756714915463473,
                        0.6933591279874097,
                        -0.15960339748151556,
                        -2.1730826710472364
                    ],
                    [
                        0.11086117800152712,
                        4.6536247304592735e-10,
                        0.6933591279874097,
                        1.5918803955089686,
                        0.6951825213854383,
                        -1.979762731214357
                    ],
                    [
                        -0.1843850045558683,
                        1.5867794371454288e-09,
                        -0.15960339748151556,
                        0.6951825213854383,
                        1.960558760567253,
                        -1.6646361580426423
                    ],
                    [
                        1.512223719637409,
                        -7.358575255894236e-10,
                        -2.1730826710472364,
                        -1.979762731214357,
                        -1.6646361580426423,
                        6.659777206026848
                    ]
                ],
                "mui": [
                    0.0,
                    1.0,
                    -0.5741395166629393,
                    0.4653624730459273,
                    1.5867794371454287,
                    -0.7358575255894235
                ],
                "Ai": [
                    [
                        0.0,
                        0.0,
                        0.0,
                        0.0,
                        0.0,
                        0.0
                    ],
                    [
                        0.0,
                        0.0,
                        0.0,
                        0.0,
                        0.0,
                        0.0
                    ],
                    [
                        -0.612920460758744,
                        -0.5741395166629393,
                        0.0,
                        0.0,
                        0.0,
                        0.0
                    ],
                    [
                        0.577482558420488,
                        0.9024596022340946,
                        0.7613082125555458,
                        0.0,
                        0.0,
                        0.0
                    ],
                    [
                        -0.8845913898571316,
                        0.5971366468341304,
                        -0.9754328960681331,
                        0.9231690213731751,
                        0.0,
                        0.0
                    ],
                    [
                        0.8930598686705696,
                        -0.0,
                        -0.9374305190796876,
                        -0.6272396847062909,
                        -0.6189767757630952,
                        0.0
                    ]
                ]
            },
            "est_params": {
                "mui": [
                    -0.010297634852643496,
                    1.0000013932108909,
                    -0.5643347391379187,
                    0.47695739100267515,
                    1.5997966339987593,
                    -0.7769696048306948
                ],
                "Si": [
                    [
                        0.9998140870055021,
                        8.236042758813393e-07,
                        -0.5950570743239082,
                        0.12881085291884242,
                        -0.20165351090107486,
                        1.497157728242616
                    ],
                    [
                        8.236042758813393e-07,
                        1.012268516565118e-06,
                        -6.963729654118051e-07,
                        -6.192375060737985e-07,
                        -1.2916904869686381e-06,
                        3.8116881070988784e-06
                    ],
                    [
                        -0.5950570743239082,
                        -6.963729654118048e-07,
                        1.340536357829471,
                        0.6714189477260935,
                        -0.14085125060672715,
                        -2.13374986666508
                    ],
                    [
                        0.12881085291884242,
                        -6.192375060737987e-07,
                        0.6714189477260935,
                        1.588393134007264,
                        0.6976535860027635,
                        -1.9618844786294447
                    ],
                    [
                        -0.2016535109010749,
                        -1.2916904869686381e-06,
                        -0.14085125060672715,
                        0.6976535860027635,
                        1.9520877905334717,
                        -1.7077839249038957
                    ],
                    [
                        1.497157728242616,
                        3.8116881070988767e-06,
                        -2.1337498666650805,
                        -1.9618844786294447,
                        -1.7077839249038957,
                        6.675331933426297
                    ]
                ]
            },
            "est_tgt": [
                0,
                1,
                3,
                4
            ],
            "oracle_est_tgt": [
                1
            ]
        },
        "2": {
            "intv_type": "do",
            "inode": 2,
            "new_mui": 1.0,
            "new_vari": null,
            "true_params": {
                "Si": [
                    [
                        1.0,
                        0.5877538907700667,
                        0.0,
                        1.1079067008963839,
                        0.4891631424803175,
                        -0.1046438058382756
                    ],
                    [
                        0.5877538907700667,
                        1.3454546361153514,
                        0.0,
                        1.5536360762961727,
                        1.7177669348715237,
                        -1.5128606290018285
                    ],
                    [
                        0.0,
                        0.0,
                        1e-09,
                        7.613082125555459e-10,
                        -2.726167385198687e-10,
                        -1.246209812459259e-09
                    ],
                    [
                        1.1079067008963839,
                        1.5536360762961727,
                        7.613082125555459e-10,
                        3.04189059213522,
                        2.7558674689452043,
                        -2.6243854441919368
                    ],
                    [
                        0.4891631424803175,
                        1.7177669348715237,
                        -2.726167385198687e-10,
                        2.7558674689452043,
                        4.13716355806441,
                        -3.8525456302512824
                    ],
                    [
                        -0.1046438058382756,
                        -1.5128606290018285,
                        -1.246209812459259e-09,
                        -2.6243854441919368,
                        -3.8525456302512824,
                        4.9373017889249855
                    ]
                ],
                "mui": [
                    0.0,
                    0.0,
                    1.0,
                    0.7613082125555458,
                    -0.2726167385198687,
                    -1.2462098124592589
                ],
                "Ai": [
                    [
                        0.0,
                        0.0,
                        0.0,
                        0.0,
                        0.0,
                        0.0
                    ],
                    [
                        0.5877538907700667,
                        0.0,
                        0.0,
                        0.0,
                        0.0,
                        0.0
                    ],
                    [
                        0.0,
                        0.0,
                        0.0,
                        0.0,
                        0.0,
                        0.0
                    ],
                    [
                        0.577482558420488,
                        0.9024596022340946,
                        0.7613082125555458,
                        0.0,
                        0.0,
                        0.0
                    ],
                    [
                        -0.8845913898571316,
                        0.5971366468341304,
                        -0.9754328960681331,
                        0.9231690213731751,
                        0.0,
                        0.0
                    ],
                    [
                        0.8930598686705696,
                        -0.0,
                        -0.9374305190796876,
                        -0.6272396847062909,
                        -0.6189767757630952,
                        0.0
                    ]
                ]
            },
            "est_params": {
                "mui": [
                    0.005096971930806289,
                    0.0036763297721683825,
                    0.999999112642385,
                    0.7604290970782489,
                    -0.2608809208941625,
                    -1.2363478751503922
                ],
                "Si": [
                    [
                        0.9788584188600135,
                        0.5866374849019862,
                        2.9224399787165563e-07,
                        1.0893728998705132,
                        0.4888267448964893,
                        -0.1261937957600945
                    ],
                    [
                        0.5866374849019862,
                        1.3635530918688779,
                        -1.8352405105170614e-07,
                        1.5761615548468213,
                        1.771725819604079,
                        -1.5588796904759652
                    ],
                    [
                        2.922439978716557e-07,
                        -1.8352405105170633e-07,
                        1.0065250167527481e-06,
                        -1.0889837515864645e-06,
                        -1.7942303280844562e-06,
                        2.9353384451737477e-06
                    ],
                    [
                        1.0893728998705132,
                        1.576161554846821,
                        -1.0889837515864648e-06,
                        3.0611109877591827,
                        2.825980823954006,
                        -2.7123687777076704
                    ],
                    [
                        0.4888267448964892,
                        1.771725819604079,
                        -1.7942303280844558e-06,
                        2.8259808239540063,
                        4.2960197846468855,
                        -4.0013523970358635
                    ],
                    [
                        -0.1261937957600945,
                        -1.5588796904759652,
                        2.9353384451737477e-06,
                        -2.7123687777076704,
                        -4.0013523970358635,
                        5.08344034149919
                    ]
                ]
            },
            "est_tgt": [
                0,
                2,
                3,
                4
            ],
            "oracle_est_tgt": [
                2
            ]
        },
        "3": {
            "intv_type": "do",
            "inode": 3,
            "new_mui": 1.0,
            "new_vari": null,
            "true_params": {
                "Si": [
                    [
                        1.0,
                        0.5877538907700667,
                        -0.9503731955222321,
                        0.0,
                        0.3934032760947967,
                        1.540461215256601
                    ],
                    [
                        0.5877538907700667,
                        1.3454546361153514,
                        -1.1327250600147125,
                        0.0,
                        1.3883955244862267,
                        0.7273658682554982
                    ],
                    [
                        -0.9503731955222321,
                        -1.1327250600147125,
                        2.2328453953610925,
                        0.0,
                        -2.013690548681666,
                        -1.6954498959715578
                    ],
                    [
                        0.0,
                        0.0,
                        0.0,
                        1e-09,
                        9.231690213731752e-10,
                        -1.1986598690402307e-09
                    ],
                    [
                        0.3934032760947967,
                        1.3883955244862267,
                        -2.013690548681666,
                        9.231690213731752e-10,
                        3.445280701734,
                        0.1064789134631321
                    ],
                    [
                        1.540461215256601,
                        0.7273658682554982,
                        -1.6954498959715578,
                        -1.1986598690402307e-09,
                        0.1064789134631321,
                        3.8991825928530663
                    ]
                ],
                "mui": [
                    0.0,
                    0.0,
                    0.0,
                    1.0,
                    0.9231690213731751,
                    -1.1986598690402306
                ],
                "Ai": [
                    [
                        0.0,
                        0.0,
                        0.0,
                        0.0,
                        0.0,
                        0.0
                    ],
                    [
                        0.5877538907700667,
                        0.0,
                        0.0,
                        0.0,
                        0.0,
                        0.0
                    ],
                    [
                        -0.612920460758744,
                        -0.5741395166629393,
                        0.0,
                        0.0,
                        0.0,
                        0.0
                    ],
                    [
                        0.0,
                        0.0,
                        0.0,
                        0.0,
                        0.0,
                        0.0
                    ],
                    [
                        -0.8845913898571316,
                        0.5971366468341304,
                        -0.9754328960681331,
                        0.9231690213731751,
                        0.0,
                        0.0
                    ],
                    [
                        0.8930598686705696,
                        -0.0,
                        -0.9374305190796876,
                        -0.6272396847062909,
                        -0.6189767757630952,
                        0.0
                    ]
                ]
            },
            "est_params": {
                "mui": [
                    0.0037981923309426935,
                    0.011378293411136164,
                    -0.013796531161298769,
                    1.0000005776439522,
                    0.9390838698080536,
                    -1.1948008273943662
                ],
                "Si": [
                    [
                        1.014017671457686,
                        0.5874329126051284,
                        -0.9642024448387877,
                        1.524304712029346e-07,
                        0.3985552660333153,
                        1.5727839022227337
                    ],
                    [
                        0.5874329126051284,
                        1.324081729273892,
                        -1.1112353538944888,
                        3.2672278305893405e-07,
                        1.344368649112616,
                        0.7480520354021932
                    ],
                    [
                        -0.9642024448387879,
                        -1.1112353538944884,
                        2.2298651631108135,
                        2.6189091347229287e-07,
                        -1.9867702991257603,
                        -1.7590836855810423
                    ],
                    [
                        1.5243047120293436e-07,
                        3.2672278305893405e-07,
                        2.6189091347229287e-07,
                        1.0129882221972714e-06,
                        -1.2795908817782384e-07,
                        8.36085106360291e-07
                    ],
                    [
                        0.39855526603331526,
                        1.3443686491126159,
                        -1.9867702991257603,
                        -1.2795908817782323e-07,
                        3.387332441391201,
                        0.1595575081450295
                    ],
                    [
                        1.5727839022227337,
                        0.7480520354021931,
                        -1.7590836855810423,
                        8.36085106360291e-07,
                        0.1595575081450295,
                        3.973548776464726
                    ]
                ]
            },
            "est_tgt": [
                2,
                3,
                4
            ],
            "oracle_est_tgt": [
                3
            ]
        },
        "4": {
            "intv_type": "do",
            "inode": 4,
            "new_mui": 1.0,
            "new_vari": null,
            "true_params": {
                "Si": [
                    [
                        1.0,
                        0.5877538907700667,
                        -0.9503731955222321,
                        0.3843797821526511,
                        0.0,
                        1.5428704533034954
                    ],
                    [
                        0.5877538907700667,
                        1.3454546361153514,
                        -1.1327250600147125,
                        0.6912831855394986,
                        0.0,
                        1.1531502061453387
                    ],
                    [
                        -0.9503731955222321,
                        -1.1327250600147125,
                        2.2328453953610925,
                        0.1288209853493325,
                        0.0,
                        -3.0226792134132223
                    ],
                    [
                        0.3843797821526511,
                        0.6912831855394986,
                        0.1288209853493325,
                        1.9439002427516612,
                        0.0,
                        -0.9967779407595471
                    ],
                    [
                        0.0,
                        0.0,
                        0.0,
                        0.0,
                        1e-09,
                        -6.189767757630952e-10
                    ],
                    [
                        1.5428704533034954,
                        1.1531502061453387,
                        -3.0226792134132223,
                        -0.9967779407595471,
                        -6.189767757630952e-10,
                        5.836646110111597
                    ]
                ],
                "mui": [
                    0.0,
                    0.0,
                    0.0,
                    0.0,
                    1.0,
                    -0.6189767757630952
                ],
                "Ai": [
                    [
                        0.0,
                        0.0,
                        0.0,
                        0.0,
                        0.0,
                        0.0
                    ],
                    [
                        0.5877538907700667,
                        0.0,
                        0.0,
                        0.0,
                        0.0,
                        0.0
                    ],
                    [
                        -0.612920460758744,
                        -0.5741395166629393,
                        0.0,
                        0.0,
                        0.0,
                        0.0
                    ],
                    [
                        0.577482558420488,
                        0.9024596022340946,
                        0.7613082125555458,
                        0.0,
                        0.0,
                        0.0
                    ],
                    [
                        0.0,
                        0.0,
                        0.0,
                        0.0,
                        0.0,
                        0.0
                    ],
                    [
                        0.8930598686705696,
                        -0.0,
                        -0.9374305190796876,
                        -0.6272396847062909,
                        -0.6189767757630952,
                        0.0
                    ]
                ]
            },
            "est_params": {
                "mui": [
                    -0.011119195338270814,
                    0.011052819527914799,
                    -0.00973407504397792,
                    -0.01822639478403348,
                    1.000000393777729,
                    -0.6076097854480467
                ],
                "Si": [
                    [
                        1.0099247254131136,
                        0.5974076630122315,
                        -0.972170602836485,
                        0.366466437728765,
                        5.692317116429632e-07,
                        1.5919990964086386
                    ],
                    [
                        0.5974076630122315,
                        1.3455083393653078,
                        -1.145843524753099,
                        0.6762925150209378,
                        1.230088099476365e-07,
                        1.1874584181482801
                    ],
                    [
                        -0.972170602836485,
                        -1.1458435247530987,
                        2.306335363695754,
                        0.1729967441195689,
                        -5.520197810319881e-07,
                        -3.1324062060827034
                    ],
                    [
                        0.3664664377287651,
                        0.6762925150209378,
                        0.1729967441195689,
                        1.9524014450652687,
                        2.6785990967958523e-07,
                        -1.0428246669925123
                    ],
                    [
                        5.692317116429632e-07,
                        1.230088099476366e-07,
                        -5.520197810319878e-07,
                        2.6785990967958523e-07,
                        1.0063523336713952e-06,
                        1.9861040954755304e-07
                    ],
                    [
                        1.5919990964086386,
                        1.1874584181482801,
                        -3.1324062060827034,
                        -1.0428246669925123,
                        1.9861040954755344e-07,
                        6.008884619800588
                    ]
                ]
            },
            "est_tgt": [
                0,
                2,
                3,
                4
            ],
            "oracle_est_tgt": [
                4
            ]
        },
        "5": {
            "intv_type": "do",
            "inode": 5,
            "new_mui": 1.0,
            "new_vari": null,
            "true_params": {
                "Si": [
                    [
                        1.0,
                        0.5877538907700667,
                        -0.9503731955222321,
                        0.3843797821526511,
                        0.7482507834202938,
                        0.0
                    ],
                    [
                        0.5877538907700667,
                        1.3454546361153514,
                        -1.1327250600147125,
                        0.6912831855394986,
                        2.026566746372457,
                        0.0
                    ],
                    [
                        -0.9503731955222321,
                        -1.1327250600147125,
                        2.2328453953610925,
                        0.1288209853493325,
                        -1.8947670057043942,
                        0.0
                    ],
                    [
                        0.3843797821526511,
                        0.6912831855394986,
                        0.1288209853493325,
                        1.9439002427516612,
                        1.7416637356329556,
                        0.0
                    ],
                    [
                        0.7482507834202938,
                        2.026566746372457,
                        -1.8947670057043942,
                        1.7416637356329556,
                        5.004309145180963,
                        0.0
                    ],
                    [
                        0.0,
                        0.0,
                        0.0,
                        0.0,
                        0.0,
                        1e-09
                    ]
                ],
                "mui": [
                    0.0,
                    0.0,
                    0.0,
                    0.0,
                    0.0,
                    1.0
                ],
                "Ai": [
                    [
                        0.0,
                        0.0,
                        0.0,
                        0.0,
                        0.0,
                        0.0
                    ],
                    [
                        0.5877538907700667,
                        0.0,
                        0.0,
                        0.0,
                        0.0,
                        0.0
                    ],
                    [
                        -0.612920460758744,
                        -0.5741395166629393,
                        0.0,
                        0.0,
                        0.0,
                        0.0
                    ],
                    [
                        0.577482558420488,
                        0.9024596022340946,
                        0.7613082125555458,
                        0.0,
                        0.0,
                        0.0
                    ],
                    [
                        -0.8845913898571316,
                        0.5971366468341304,
                        -0.9754328960681331,
                        0.9231690213731751,
                        0.0,
                        0.0
                    ],
                    [
                        0.0,
                        0.0,
                        0.0,
                        0.0,
                        0.0,
                        0.0
                    ]
                ]
            },
            "est_params": {
                "mui": [
                    -0.007208596264754231,
                    -0.0038666225214280038,
                    0.009382970419651684,
                    -0.0025758080837577925,
                    -0.0006951086835836714,
                    1.000000059392317
                ],
                "Si": [
                    [
                        0.976728682523792,
                        0.5586358216978334,
                        -0.9266217297463241,
                        0.34685372469244957,
                        0.6996405735727362,
                        -4.5748971170869427e-07
                    ],
                    [
                        0.5586358216978334,
                        1.3203501422025405,
                        -1.0919294796925625,
                        0.6736298918093154,
                        1.9938974899228639,
                        -8.461341567009381e-07
                    ],
                    [
                        -0.9266217297463241,
                        -1.0919294796925625,
                        2.191055774399077,
                        0.16379570809787075,
                        -1.8303219598889757,
                        1.202016871696285e-06
                    ],
                    [
                        0.34685372469244957,
                        0.6736298918093154,
                        0.16379570809787078,
                        1.9345998392334172,
                        1.7220031553275588,
                        4.906083357221521e-07
                    ],
                    [
                        0.6996405735727362,
                        1.9938974899228639,
                        -1.8303219598889757,
                        1.7220031553275592,
                        4.962111754759633,
                        -1.5389464327166865e-06
                    ],
                    [
                        -4.574897117086941e-07,
                        -8.461341567009379e-07,
                        1.202016871696285e-06,
                        4.906083357221517e-07,
                        -1.538946432716687e-06,
                        1.0086419074101207e-06
                    ]
                ]
            },
            "est_tgt": [
                5
            ],
            "oracle_est_tgt": [
                5
            ]
        },
        "obs": {
            "intv_type": "obs",
            "true_params": {
                "Si": [
                    [
                        1.0,
                        0.5877538907700667,
                        -0.9503731955222321,
                        0.3843797821526511,
                        0.7482507834202938,
                        1.0797205959197917
                    ],
                    [
                        0.5877538907700667,
                        1.3454546361153514,
                        -1.1327250600147125,
                        0.6912831855394986,
                        2.026566746372457,
                        -0.101247544392991
                    ],
                    [
                        -0.9503731955222321,
                        -1.1327250600147125,
                        2.2328453953610925,
                        0.1288209853493325,
                        -1.8947670057043942,
                        -1.8498624414000222
                    ],
                    [
                        0.3843797821526511,
                        0.6912831855394986,
                        0.1288209853493325,
                        1.9439002427516612,
                        1.7416637356329556,
                        -2.0748273443051417
                    ],
                    [
                        0.7482507834202938,
                        2.026566746372457,
                        -1.8947670057043942,
                        1.7416637356329556,
                        5.004309145180963,
                        -1.7455465879421652
                    ],
                    [
                        1.0797205959197917,
                        -0.101247544392991,
                        -1.8498624414000222,
                        -2.0748273443051417,
                        -1.7455465879421652,
                        6.08023949047134
                    ]
                ],
                "mui": [
                    0.0,
                    0.0,
                    0.0,
                    0.0,
                    0.0,
                    0.0
