{
    "expt_args": {
        "save_dir": "all_expt_logs/expt_logs_11.05.24-mean_shift-corr",
        "exp_name": "74",
        "num_nodes": 6,
        "obs_noise_mean": 0.0,
        "obs_noise_var": 1.0,
        "max_edge_strength": 1.0,
        "graph_sparsity_method": "adj_dense_prop",
        "adj_dense_prop": 0.8,
        "num_parents": null,
        "new_noise_mean": 0.5,
        "mix_samples": 4096,
        "stage2_samples": 4096,
        "gmm_tol": 0.001,
        "intv_type": "do",
        "new_noise_var": null,
        "intv_targets": [
            0,
            1,
            2,
            3,
            4,
            5
        ]
    },
    "intv_args_dict": {
        "0": {
            "intv_type": "do",
            "inode": 0,
            "new_mui": 0.5,
            "new_vari": null,
            "true_params": {
                "Si": [
                    [
                        1e-09,
                        -6.830714856469791e-10,
                        2.701290502048881e-11,
                        -2.669640770603275e-10,
                        -1.1888657613764023e-09,
                        -2.5819338611769442e-09
                    ],
                    [
                        -6.830714856469791e-10,
                        1.0000000004665865,
                        0.7225727899326632,
                        -1.3048581626341635,
                        1.4426735770175463,
                        1.622466471290639
                    ],
                    [
                        2.701290502048881e-11,
                        0.7225727899326632,
                        1.5221114367784678,
                        -1.7228351445991406,
                        1.0886110559367508,
                        1.5228886818836311
                    ],
                    [
                        -2.669640770603275e-10,
                        -1.3048581626341635,
                        -1.7228351445991406,
                        3.311023846110908,
                        -2.8199891197030844,
                        -2.547189998793268
                    ],
                    [
                        -1.1888657613764023e-09,
                        1.4426735770175463,
                        1.0886110559367508,
                        -2.8199891197030844,
                        3.89612266575637,
                        3.367033692526957
                    ],
                    [
                        -2.5819338611769442e-09,
                        1.622466471290639,
                        1.5228886818836311,
                        -2.547189998793268,
                        3.367033692526957,
                        4.534822600749079
                    ]
                ],
                "mui": [
                    0.5,
                    -0.34153574282348953,
                    0.013506452510244404,
                    -0.13348203853016374,
                    -0.5944328806882011,
                    -1.2909669305884721
                ],
                "Ai": [
                    [
                        0.0,
                        0.0,
                        0.0,
                        0.0,
                        0.0,
                        0.0
                    ],
                    [
                        -0.6830714856469791,
                        0.0,
                        0.0,
                        0.0,
                        0.0,
                        0.0
                    ],
                    [
                        0.5205817741404795,
                        0.722572789951115,
                        0.0,
                        0.0,
                        0.0,
                        0.0
                    ],
                    [
                        -0.752232035092186,
                        -0.7412657359421886,
                        -0.7799801413951108,
                        0.0,
                        0.0,
                        0.0
                    ],
                    [
                        -0.9055834964788789,
                        0.7410658520683626,
                        -0.656969619740019,
                        -0.9014896244712982,
                        0.0,
                        0.0
                    ],
                    [
                        -0.9871567772259278,
                        0.6091130542133236,
                        0.7991692938997816,
                        0.6266209658384326,
                        0.8689054349637313,
                        0.0
                    ]
                ]
            },
            "est_params": {
                "mui": [
                    0.49999731716653595,
                    -0.34214921451481023,
                    0.01530993206283162,
                    -0.11207175260501585,
                    -0.6171720456460099,
                    -1.2762004505425437
                ],
                "Si": [
                    [
                        1.0043910324794773e-06,
                        -2.147386039722112e-07,
                        1.6143075651654594e-06,
                        2.0095615319079203e-06,
                        -4.290790226631414e-06,
                        -1.0538115082993376e-06
                    ],
                    [
                        -2.1473860397221123e-07,
                        1.0363676781512088,
                        0.7762190047152456,
                        -1.4111460018274407,
                        1.5760619738033703,
                        1.7404863260296553
                    ],
                    [
                        1.61430756516546e-06,
                        0.7762190047152456,
                        1.5896524162559398,
                        -1.8424733356872633,
                        1.2215010125071448,
                        1.5929941924400182
                    ],
                    [
                        2.009561531907921e-06,
                        -1.4111460018274407,
                        -1.8424733356872633,
                        3.399047591256188,
                        -3.036017580719495,
                        -2.664050373603274
                    ],
                    [
                        -4.290790226631414e-06,
                        1.57606197380337,
                        1.2215010125071448,
                        -3.036017580719495,
                        4.278658414119965,
                        3.671580439589335
                    ],
                    [
                        -1.0538115082993376e-06,
                        1.7404863260296553,
                        1.5929941924400184,
                        -2.664050373603274,
                        3.671580439589335,
                        4.880035720374139
                    ]
                ]
            },
            "est_tgt": [
                0
            ],
            "oracle_est_tgt": [
                0,
                3,
                4,
                5
            ]
        },
        "1": {
            "intv_type": "do",
            "inode": 1,
            "new_mui": 0.5,
            "new_vari": null,
            "true_params": {
                "Si": [
                    [
                        1.0,
                        0.0,
                        0.5205817741404795,
                        -1.1582754808939948,
                        -0.20341657837409446,
                        -1.4736732794247316
                    ],
                    [
                        0.0,
                        1e-09,
                        7.22572789951115e-10,
                        -1.304858162816519e-09,
                        1.442673576205466e-09,
                        1.6224664695269936e-09
                    ],
                    [
                        0.5205817741404795,
                        7.22572789951115e-10,
                        1.2710053840893605,
                        -1.3829572471251788,
                        -0.05972057719580575,
                        -0.41662889066887393
                    ],
                    [
                        -1.1582754808939948,
                        -1.304858162816519e-09,
                        -1.3829572471251788,
                        2.949971112313607,
                        -0.7018922945734862,
                        1.2768182414650675
                    ],
                    [
                        -0.20341657837409446,
                        1.442673576205466e-09,
                        -0.05972057719580575,
                        -0.7018922945734862,
                        1.8561939233002316,
                        1.326113764074019
                    ],
                    [
                        -1.4736732794247316,
                        1.6224664695269936e-09,
                        -0.41662889066887393,
                        1.2768182414650675,
                        1.326113764074019,
                        4.074138086466151
                    ]
                ],
                "mui": [
                    0.0,
                    0.5,
                    0.3612863949755575,
                    -0.6524290814082595,
                    0.7213367881027329,
                    0.8112332347634967
                ],
                "Ai": [
                    [
                        0.0,
                        0.0,
                        0.0,
                        0.0,
                        0.0,
                        0.0
                    ],
                    [
                        0.0,
                        0.0,
                        0.0,
                        0.0,
                        0.0,
                        0.0
                    ],
                    [
                        0.5205817741404795,
                        0.722572789951115,
                        0.0,
                        0.0,
                        0.0,
                        0.0
                    ],
                    [
                        -0.752232035092186,
                        -0.7412657359421886,
                        -0.7799801413951108,
                        0.0,
                        0.0,
                        0.0
                    ],
                    [
                        -0.9055834964788789,
                        0.7410658520683626,
                        -0.656969619740019,
                        -0.9014896244712982,
                        0.0,
                        0.0
                    ],
                    [
                        -0.9871567772259278,
                        0.6091130542133236,
                        0.7991692938997816,
                        0.6266209658384326,
                        0.8689054349637313,
                        0.0
                    ]
                ]
            },
            "est_params": {
                "mui": [
                    -0.02009614627486563,
                    0.4999960790214139,
                    0.3396665700331042,
                    -0.6431318826070889,
                    0.7721502250547619,
                    0.8759000851158548
                ],
                "Si": [
                    [
                        1.0659037111233165,
                        1.3013383644383863e-06,
                        0.554710857314707,
                        -1.2366101485742025,
                        -0.2203588282582223,
                        -1.5687210338645552
                    ],
                    [
                        1.3013383644383863e-06,
                        1.0182055612037284e-06,
                        1.2093343108939068e-05,
                        -1.4279069841723825e-05,
                        5.558681275837526e-06,
                        7.538033952333508e-06
                    ],
                    [
                        0.554710857314707,
                        1.2093343108939066e-05,
                        1.3348724894660258,
                        -1.4587836001022156,
                        -0.12053914415303954,
                        -0.5191379854932846
                    ],
                    [
                        -1.2366101485742023,
                        -1.4279069841723828e-05,
                        -1.4587836001022156,
                        3.0825228552241972,
                        -0.6254390574507737,
                        1.4552843547720729
                    ],
                    [
                        -0.2203588282582223,
                        5.558681275837526e-06,
                        -0.12053914415303954,
                        -0.6254390574507737,
                        1.823249154970844,
                        1.2487218870958756
                    ],
                    [
                        -1.5687210338645552,
                        7.538033952333512e-06,
                        -0.5191379854932846,
                        1.4552843547720729,
                        1.2487218870958758,
                        4.124456554317063
                    ]
                ]
            },
            "est_tgt": [
                1,
                3,
                5
            ],
            "oracle_est_tgt": [
                0,
                1,
                2,
                4,
                5
            ]
        },
        "2": {
            "intv_type": "do",
            "inode": 2,
            "new_mui": 0.5,
            "new_vari": null,
            "true_params": {
                "Si": [
                    [
                        1.0,
                        -0.6830714856469791,
                        0.0,
                        -0.24589454758295393,
                        -1.190113065653363,
                        -2.5914029259627815
                    ],
                    [
                        -0.6830714856469791,
                        1.4665866545039712,
                        0.0,
                        -0.5733021820122084,
                        2.22224152184005,
                        3.1392902918987344
                    ],
                    [
                        0.0,
                        0.0,
                        1e-09,
                        -7.799801413951109e-10,
                        4.617438502132957e-11,
                        3.5053855846512125e-10
                    ],
                    [
                        -0.24589454758295393,
                        -0.5733021820122084,
                        -7.799801413951109e-10,
                        1.609939020421309,
                        -1.6535199482691376,
                        -0.5344003005211595
                    ],
                    [
                        -1.190113065653363,
                        2.22224152184005,
                        4.617438502132957e-11,
                        -1.6535199482691376,
                        5.215205135274272,
                        6.023814318502455
                    ],
                    [
                        -2.5914029259627815,
                        3.1392902918987344,
                        3.5053855846512125e-10,
                        -0.5344003005211595,
                        6.023814318502455,
                        10.369562227030285
                    ]
                ],
                "mui": [
                    0.0,
                    0.0,
                    0.5,
                    -0.3899900706975554,
                    0.023087192510664784,
                    0.1752692792325606
                ],
                "Ai": [
                    [
                        0.0,
                        0.0,
                        0.0,
                        0.0,
                        0.0,
                        0.0
                    ],
                    [
                        -0.6830714856469791,
                        0.0,
                        0.0,
                        0.0,
                        0.0,
                        0.0
                    ],
                    [
                        0.0,
                        0.0,
                        0.0,
                        0.0,
                        0.0,
                        0.0
                    ],
                    [
                        -0.752232035092186,
                        -0.7412657359421886,
                        -0.7799801413951108,
                        0.0,
                        0.0,
                        0.0
                    ],
                    [
                        -0.9055834964788789,
                        0.7410658520683626,
                        -0.656969619740019,
                        -0.9014896244712982,
                        0.0,
                        0.0
                    ],
                    [
                        -0.9871567772259278,
                        0.6091130542133236,
                        0.7991692938997816,
                        0.6266209658384326,
                        0.8689054349637313,
                        0.0
                    ]
                ]
            },
            "est_params": {
                "mui": [
                    -0.05292731400254728,
                    0.04896507166087365,
                    0.49999848418354,
                    -0.4349017634382195,
                    0.09679151897492018,
                    0.3349699749488811
                ],
                "Si": [
                    [
                        1.0455507038871497,
                        -0.7302875873419764,
                        -8.647004649689161e-07,
                        -0.2594020423911126,
                        -1.2540712697146248,
                        -2.7225967262890456
                    ],
                    [
                        -0.7302875873419764,
                        1.4801489070897935,
                        1.4298721369982933e-07,
                        -0.5045991745390959,
                        2.226875840432394,
                        3.265994449542965
                    ],
                    [
                        -8.647004649689164e-07,
                        1.429872136998291e-07,
                        1.0024296093548038e-06,
                        1.8511112740043264e-06,
                        3.375762954497886e-07,
                        2.9062551428452907e-06
                    ],
                    [
                        -0.2594020423911126,
                        -0.5045991745390959,
                        1.8511112740043264e-06,
                        1.5437499621838757,
                        -1.4876357237830862,
                        -0.3788217102559885
                    ],
                    [
                        -1.2540712697146248,
                        2.226875840432394,
                        3.3757629544978846e-07,
                        -1.4876357237830862,
                        5.153515194564187,
                        6.068843236386595
                    ],
                    [
                        -2.7225967262890456,
                        3.265994449542965,
                        2.90625514284529e-06,
                        -0.37882171025598843,
                        6.068843236386596,
                        10.661968109882524
                    ]
                ]
            },
            "est_tgt": [
                2,
                3
            ],
            "oracle_est_tgt": [
                1,
                2
            ]
        },
        "3": {
            "intv_type": "do",
            "inode": 3,
            "new_mui": 0.5,
            "new_vari": null,
            "true_params": {
                "Si": [
                    [
                        1.0,
                        -0.6830714856469791,
                        0.02701290502048881,
                        0.0,
                        -1.4295311069528436,
                        -2.6237640001440306
                    ],
                    [
                        -0.6830714856469791,
                        1.4665866545039712,
                        0.7041210447871289,
                        0.0,
                        1.2428294180245434,
                        3.2102288770164558
                    ],
                    [
                        0.02701290502048881,
                        0.7041210447871289,
                        1.522841133815384,
                        0.0,
                        -0.5031227395712189,
                        1.182065138628138
                    ],
                    [
                        0.0,
                        0.0,
                        0.0,
                        1e-09,
                        -9.014896244712982e-10,
                        -1.566882684280915e-10
                    ],
                    [
                        -1.4295311069528436,
                        1.2428294180245434,
                        -0.5031227395712189,
                        -9.014896244712982e-10,
                        3.546114575515008,
                        4.8473529257390275
                    ],
                    [
                        -2.6237640001440306,
                        3.2102288770164558,
                        1.182065138628138,
                        -1.566882684280915e-10,
                        4.8473529257390275,
                        10.702020195031688
                    ]
                ],
                "mui": [
                    0.0,
                    0.0,
                    0.0,
                    0.5,
                    -0.4507448122356491,
                    -0.07834413421404574
                ],
                "Ai": [
                    [
                        0.0,
                        0.0,
                        0.0,
                        0.0,
                        0.0,
                        0.0
                    ],
                    [
                        -0.6830714856469791,
                        0.0,
                        0.0,
                        0.0,
                        0.0,
                        0.0
                    ],
                    [
                        0.5205817741404795,
                        0.722572789951115,
                        0.0,
                        0.0,
                        0.0,
                        0.0
                    ],
                    [
                        0.0,
                        0.0,
                        0.0,
                        0.0,
                        0.0,
                        0.0
                    ],
                    [
                        -0.9055834964788789,
                        0.7410658520683626,
                        -0.656969619740019,
                        -0.9014896244712982,
                        0.0,
                        0.0
                    ],
                    [
                        -0.9871567772259278,
                        0.6091130542133236,
                        0.7991692938997816,
                        0.6266209658384326,
                        0.8689054349637313,
                        0.0
                    ]
                ]
            },
            "est_params": {
                "mui": [
                    0.05242499059540069,
                    -0.012676527921377833,
                    -0.010241948052988495,
                    0.5000016533435347,
                    -0.515174940414614,
                    -0.20473378935438516
                ],
                "Si": [
                    [
                        1.0166207248921728,
                        -0.6334123378910367,
                        0.16850988801089276,
                        2.311996181374242e-06,
                        -1.5084461992093037,
                        -2.5688207009775668
                    ],
                    [
                        -0.6334123378910367,
                        1.302599799842987,
                        0.5623484366180457,
                        -1.8021266587401302e-06,
                        1.1813877760941305,
                        2.9045679729035756
                    ],
                    [
                        0.16850988801089276,
                        0.5623484366180458,
                        1.5500963632277314,
                        1.317514328467295e-06,
                        -0.727228290624374,
                        0.8246280938631839
                    ],
                    [
                        2.311996181374243e-06,
                        -1.8021266587401306e-06,
                        1.317514328467295e-06,
                        1.00538126663994e-06,
                        -2.6293525284541155e-06,
                        -6.6562705421307524e-06
                    ],
                    [
                        -1.5084461992093037,
                        1.1813877760941305,
                        -0.7272282906243739,
                        -2.6293525284541146e-06,
                        3.799594955675451,
                        4.898828572462214
                    ],
                    [
                        -2.5688207009775668,
                        2.904567972903575,
                        0.824628093863184,
                        -6.656270542130751e-06,
                        4.898828572462214,
                        10.178926858494686
                    ]
                ]
            },
            "est_tgt": [
                1,
                2,
                3,
                5
            ],
            "oracle_est_tgt": [
                0,
                1,
                3,
                4,
                5
            ]
        },
        "4": {
            "intv_type": "do",
            "inode": 4,
            "new_mui": 0.5,
            "new_vari": null,
            "true_params": {
                "Si": [
                    [
                        1.0,
                        -0.6830714856469791,
                        0.02701290502048881,
                        -0.2669640770603275,
                        0.0,
                        -1.5489219396746938
                    ],
                    [
                        -0.6830714856469791,
                        1.4665866545039712,
                        0.7041210447871289,
                        -1.1225026140845464,
                        0.0,
                        1.426943968768295
                    ],
                    [
                        0.02701290502048881,
                        0.7041210447871289,
                        1.522841133815384,
                        -1.7300466198494422,
                        0.0,
                        0.5351477376198388
                    ],
                    [
                        -0.2669640770603275,
                        -1.1225026140845464,
                        -1.7300466198494422,
                        3.382293664480311,
                        0.0,
                        0.3166203895055705
                    ],
                    [
                        0.0,
                        0.0,
                        0.0,
                        0.0,
                        1e-09,
                        8.689054349637313e-10
                    ],
                    [
                        -1.5489219396746938,
                        1.426943968768295,
                        0.5351477376198388,
                        0.3166203895055705,
                        8.689054349637313e-10,
                        4.024273603788371
                    ]
                ],
                "mui": [
                    0.0,
                    0.0,
                    0.0,
                    0.0,
                    0.5,
                    0.43445271748186565
                ],
                "Ai": [
                    [
                        0.0,
                        0.0,
                        0.0,
                        0.0,
                        0.0,
                        0.0
                    ],
                    [
                        -0.6830714856469791,
                        0.0,
                        0.0,
                        0.0,
                        0.0,
                        0.0
                    ],
                    [
                        0.5205817741404795,
                        0.722572789951115,
                        0.0,
                        0.0,
                        0.0,
                        0.0
                    ],
                    [
                        -0.752232035092186,
                        -0.7412657359421886,
                        -0.7799801413951108,
                        0.0,
                        0.0,
                        0.0
                    ],
                    [
                        0.0,
                        0.0,
                        0.0,
                        0.0,
                        0.0,
                        0.0
                    ],
                    [
                        -0.9871567772259278,
                        0.6091130542133236,
                        0.7991692938997816,
                        0.6266209658384326,
                        0.8689054349637313,
                        0.0
                    ]
                ]
            },
            "est_params": {
                "mui": [
                    0.013538140022852706,
                    -0.018456534534677306,
                    -0.010436915171517723,
                    0.07860842213070124,
                    0.500000146495547,
                    0.41885007267860175
                ],
                "Si": [
                    [
                        1.0082448552187424,
                        -0.6828440445589048,
                        0.05126675380234466,
                        -0.2799280884660518,
                        -2.991393562548033e-06,
                        -1.5829560555368638
                    ],
                    [
                        -0.6828440445589048,
                        1.479785707935284,
                        0.6928214706012336,
                        -1.0860559764026771,
                        3.0078441344597644e-06,
                        1.4871913906235392
                    ],
                    [
                        0.05126675380234467,
                        0.6928214706012336,
                        1.5986588782952407,
                        -1.752521998410498,
                        2.98262394633132e-06,
                        0.544333675390747
                    ],
                    [
                        -0.2799280884660518,
                        -1.0860559764026771,
                        -1.7525219984104976,
                        3.2711125967743047,
                        -2.890284799588897e-06,
                        0.33191521518038064
                    ],
                    [
                        -2.991393562548032e-06,
                        3.007844134459765e-06,
                        2.9826239463313198e-06,
                        -2.890284799588896e-06,
                        1.0039197267099134e-06,
                        4.061546820846238e-06
                    ],
                    [
                        -1.5829560555368638,
                        1.4871913906235394,
                        0.544333675390747,
                        0.33191521518038064,
                        4.061546820846238e-06,
                        4.116091081410893
                    ]
                ]
            },
            "est_tgt": [
                1,
                2,
                4,
                5
            ],
            "oracle_est_tgt": [
                0,
                1,
                3,
                4
            ]
        },
        "5": {
            "intv_type": "do",
            "inode": 5,
            "new_mui": 0.5,
            "new_vari": null,
            "true_params": {
                "Si": [
                    [
                        1.0,
                        -0.6830714856469791,
                        0.02701290502048881,
                        -0.2669640770603275,
                        -1.1888657613764022,
                        0.0
                    ],
                    [
                        -0.6830714856469791,
                        1.4665866545039712,
                        0.7041210447871289,
                        -1.1225026140845464,
                        2.2547538780636716,
                        0.0
                    ],
                    [
                        0.02701290502048881,
                        0.7041210447871289,
                        1.522841133815384,
                        -1.7300466198494422,
                        1.0564963380746937,
                        0.0
                    ],
                    [
                        -0.2669640770603275,
                        -1.1225026140845464,
                        -1.7300466198494422,
                        3.382293664480311,
                        -2.502604669285994,
                        0.0
                    ],
                    [
                        -1.1888657613764022,
                        2.2547538780636716,
                        1.0564963380746937,
                        -2.502604669285994,
                        5.309524462916061,
                        0.0
                    ],
                    [
                        0.0,
                        0.0,
                        0.0,
                        0.0,
                        0.0,
                        1e-09
                    ]
                ],
                "mui": [
                    0.0,
                    0.0,
                    0.0,
                    0.0,
                    0.0,
                    0.5
                ],
                "Ai": [
                    [
                        0.0,
                        0.0,
                        0.0,
                        0.0,
                        0.0,
                        0.0
                    ],
                    [
                        -0.6830714856469791,
                        0.0,
                        0.0,
                        0.0,
                        0.0,
                        0.0
                    ],
                    [
                        0.5205817741404795,
                        0.722572789951115,
                        0.0,
                        0.0,
                        0.0,
                        0.0
                    ],
                    [
                        -0.752232035092186,
                        -0.7412657359421886,
                        -0.7799801413951108,
                        0.0,
                        0.0,
                        0.0
                    ],
                    [
                        -0.9055834964788789,
                        0.7410658520683626,
                        -0.656969619740019,
                        -0.9014896244712982,
                        0.0,
                        0.0
                    ],
                    [
                        0.0,
                        0.0,
                        0.0,
                        0.0,
                        0.0,
                        0.0
                    ]
                ]
            },
            "est_params": {
                "mui": [
                    0.05449961019219489,
                    0.031191681354585474,
                    0.13907945435327634,
                    -0.20900795593395854,
                    0.06998922036962846,
                    0.49999621001378974
                ],
                "Si": [
                    [
                        1.0559321930978331,
                        -0.7284594691831993,
                        0.0023064137172367793,
                        -0.20742016733869797,
                        -1.4114517718729804,
                        -1.512091237035659e-06
                    ],
                    [
                        -0.7284594691831993,
                        1.5024323297567201,
                        0.7674443733496069,
                        -1.167779251055894,
                        2.298990821160655,
                        3.5944952024871645e-06
                    ],
                    [
                        0.002306413717236761,
                        0.7674443733496068,
                        1.5575182152361973,
                        -1.8564122647092807,
                        1.1415666889461618,
                        8.50539301203107e-06
                    ],
                    [
                        -0.207420167338698,
                        -1.167779251055894,
                        -1.8564122647092807,
                        3.443514053167739,
                        -2.3857378486845504,
                        -8.442684018078743e-06
                    ],
                    [
                        -1.4114517718729804,
                        2.298990821160655,
                        1.1415666889461618,
                        -2.3857378486845504,
                        5.363212221500281,
                        1.6799390488787249e-06
                    ],
                    [
                        -1.5120912370356592e-06,
                        3.594495202487164e-06,
                        8.50539301203107e-06,
                        -8.442684018078747e-06,
                        1.6799390488787245e-06,
                        1.0177002432544584e-06
                    ]
                ]
            },
            "est_tgt": [
                1,
                4,
                5
            ],
            "oracle_est_tgt": [
                0,
                1,
                3,
                5
            ]
        },
        "obs": {
            "intv_type": "obs",
            "true_params": {
                "Si": [
                    [
                        1.0,
                        -0.6830714856469791,
                        0.02701290502048881,
                        -0.2669640770603275,
                        -1.1888657613764022,
                        -2.5819338611769442
                    ],
                    [
                        -0.6830714856469791,
                        1.4665866545039712,
                        0.7041210447871289,
                        -1.1225026140845464,
                        2.2547538780636716,
                        3.3861118679233697
                    ],
                    [
                        0.02701290502048881,
                        0.7041210447871289,
                        1.522841133815384,
                        -1.7300466198494422,
                        1.0564963380746937,
                        1.4531431477922199
                    ],
                    [
                        -0.2669640770603275,
                        -1.1225026140845464,
                        -1.7300466198494422,
                        3.382293664480311,
                        -2.502604669285994,
                        -1.857906409202641
                    ],
                    [
                        -1.1888657613764022,
                        2.2547538780636716,
                        1.0564963380746937,
                        -2.502604669285994,
                        5.309524462916061,
                        6.436606455149026
                    ],
                    [
                        -2.5819338611769442,
                        3.3861118679233697,
