{
    "expt_args": {
        "save_dir": "all_expt_logs/expt_logs_11.05.24-mean_shift-corr",
        "exp_name": "442",
        "num_nodes": 6,
        "obs_noise_mean": 0.0,
        "obs_noise_var": 1.0,
        "max_edge_strength": 1.0,
        "graph_sparsity_method": "adj_dense_prop",
        "adj_dense_prop": 0.8,
        "num_parents": null,
        "new_noise_mean": 8.0,
        "mix_samples": 4096,
        "stage2_samples": 4096,
        "gmm_tol": 0.001,
        "intv_type": "do",
        "new_noise_var": null,
        "intv_targets": [
            0,
            1,
            2,
            3,
            4,
            5
        ]
    },
    "intv_args_dict": {
        "0": {
            "intv_type": "do",
            "inode": 0,
            "new_mui": 8.0,
            "new_vari": null,
            "true_params": {
                "Si": [
                    [
                        1e-09,
                        7.474525648807075e-10,
                        1.2765613169805358e-10,
                        -2.978890713763244e-10,
                        -4.4165886797204036e-10,
                        -1.804728267605425e-09
                    ],
                    [
                        7.474525648807075e-10,
                        1.0000000005586853,
                        0.9776728459040661,
                        0.8565039968901303,
                        1.1096073487221856,
                        1.0771325280614918
                    ],
                    [
                        1.2765613169805358e-10,
                        0.9776728459040661,
                        1.955844193447879,
                        0.8373807002657155,
                        1.0848329746217773,
                        1.693604513372485
                    ],
                    [
                        -2.978890713763244e-10,
                        0.8565039968901303,
                        0.8373807002657155,
                        1.7335990971589212,
                        1.6432523906458103,
                        2.089276503389365
                    ],
                    [
                        -4.4165886797204036e-10,
                        1.1096073487221856,
                        1.0848329746217773,
                        1.6432523906458103,
                        2.7112962818624338,
                        2.691312709719714
                    ],
                    [
                        -1.804728267605425e-09,
                        1.0771325280614918,
                        1.693604513372485,
                        2.089276503389365,
                        2.691312709719714,
                        4.404679472299108
                    ]
                ],
                "mui": [
                    8.0,
                    5.9796205190456595,
                    1.0212490535844285,
                    -2.383112571010595,
                    -3.533270943776323,
                    -14.437826140843399
                ],
                "Ai": [
                    [
                        0.0,
                        0.0,
                        0.0,
                        0.0,
                        0.0,
                        0.0
                    ],
                    [
                        0.7474525648807074,
                        0.0,
                        0.0,
                        0.0,
                        0.0,
                        0.0
                    ],
                    [
                        -0.6031079445158417,
                        0.9776728458086492,
                        0.0,
                        0.0,
                        0.0,
                        0.0
                    ],
                    [
                        -0.9380851808488561,
                        0.8565039971127884,
                        -0.0,
                        0.0,
                        0.0,
                        0.0
                    ],
                    [
                        -0.6210673411858273,
                        0.5161620576789199,
                        -0.0,
                        0.6928692608252209,
                        0.0,
                        0.0
                    ],
                    [
                        -0.7019243205377643,
                        -0.9033644467503343,
                        0.6405212882610959,
                        0.6901926869807812,
                        0.6877422999588483,
                        0.0
                    ]
                ]
            },
            "est_params": {
                "mui": [
                    8.000000122824579,
                    6.008753496321605,
                    1.0752517003629962,
                    -2.3307665562847633,
                    -3.4777682142118125,
                    -14.423813274166662
                ],
                "Si": [
                    [
                        1.0009776366148392e-06,
                        -5.30847617021039e-07,
                        -2.095250671050231e-06,
                        4.36956681553808e-07,
                        -2.3778751007171972e-06,
                        7.089316663556808e-07
                    ],
                    [
                        -5.30847617021039e-07,
                        1.0025755585563316,
                        1.046569731718637,
                        0.8546817217591431,
                        1.1188502556706206,
                        1.117599182971844
                    ],
                    [
                        -2.095250671050231e-06,
                        1.046569731718637,
                        2.0785285629751726,
                        0.8630889537258886,
                        1.1164487679558082,
                        1.7124855148323181
                    ],
                    [
                        4.36956681553808e-07,
                        0.8546817217591431,
                        0.8630889537258886,
                        1.7735847074799251,
                        1.6879588179436713,
                        2.195202938545738
                    ],
                    [
                        -2.3778751007171972e-06,
                        1.1188502556706206,
                        1.1164487679558082,
                        1.6879588179436713,
                        2.8240877723515063,
                        2.790813499041581
                    ],
                    [
                        7.089316663556808e-07,
                        1.117599182971844,
                        1.7124855148323181,
                        2.195202938545738,
                        2.790813499041581,
                        4.529496953363955
                    ]
                ]
            },
            "est_tgt": [
                0,
                1,
                2,
                4,
                5
            ],
            "oracle_est_tgt": [
                0,
                1,
                2,
                3,
                4,
                5
            ]
        },
        "1": {
            "intv_type": "do",
            "inode": 1,
            "new_mui": 8.0,
            "new_vari": null,
            "true_params": {
                "Si": [
                    [
                        1.0,
                        0.0,
                        -0.6031079445158417,
                        -0.9380851808488561,
                        -1.271037727031668,
                        -2.609833739429703
                    ],
                    [
                        0.0,
                        1e-09,
                        9.776728458086492e-10,
                        8.565039971127884e-10,
                        1.1096073490523048e-09,
                        1.0771325294104405e-09
                    ],
                    [
                        -0.6031079445158417,
                        9.776728458086492e-10,
                        1.3637391936939678,
                        0.5657666260399059,
                        0.7665729520369897,
                        2.21453275142972
                    ],
                    [
                        -0.9380851808488561,
                        8.565039971127884e-10,
                        0.5657666260399059,
                        1.8800038072618301,
                        1.8852109178038252,
                        3.614954542352433
                    ],
                    [
                        -1.271037727031668,
                        1.1096073490523048e-09,
                        0.7665729520369897,
                        1.8852109178038252,
                        3.0956047173655454,
                        4.813315683675999
                    ],
                    [
                        -2.609833739429703,
                        1.0771325294104405e-09,
                        2.21453275142972,
                        3.614954542352433,
                        4.813315683675999,
                        10.055697131753771
                    ]
                ],
                "mui": [
                    0.0,
                    8.0,
                    7.821382766469194,
                    6.852031976902307,
                    8.876858792418437,
                    8.617060235283525
                ],
                "Ai": [
                    [
                        0.0,
                        0.0,
                        0.0,
                        0.0,
                        0.0,
                        0.0
                    ],
                    [
                        0.0,
                        0.0,
                        0.0,
                        0.0,
                        0.0,
                        0.0
                    ],
                    [
                        -0.6031079445158417,
                        0.9776728458086492,
                        0.0,
                        0.0,
                        0.0,
                        0.0
                    ],
                    [
                        -0.9380851808488561,
                        0.8565039971127884,
                        -0.0,
                        0.0,
                        0.0,
                        0.0
                    ],
                    [
                        -0.6210673411858273,
                        0.5161620576789199,
                        -0.0,
                        0.6928692608252209,
                        0.0,
                        0.0
                    ],
                    [
                        -0.7019243205377643,
                        -0.9033644467503343,
                        0.6405212882610959,
                        0.6901926869807812,
                        0.6877422999588483,
                        0.0
                    ]
                ]
            },
            "est_params": {
                "mui": [
                    -0.028906953929190418,
                    7.999999812168357,
                    7.915504390638986,
                    6.946155549721762,
                    8.984148265224933,
                    8.788599316108053
                ],
                "Si": [
                    [
                        0.9787688332666371,
                        -2.285404136424214e-06,
                        -0.5173282581418709,
                        -0.8349416587014649,
                        -1.2436204044105632,
                        -2.3714879015760304
                    ],
                    [
                        -2.2854041364242144e-06,
                        1.0009383074977872e-06,
                        1.1879492946596472e-06,
                        1.1810158125479145e-06,
                        1.3805882435906943e-06,
                        3.4731173608873086e-06
                    ],
                    [
                        -0.5173282581418709,
                        1.1879492946596472e-06,
                        1.2797669158461242,
                        0.43234817310603807,
                        0.623750523510458,
                        1.9103781456585884
                    ],
                    [
                        -0.8349416587014649,
                        1.181015812547915e-06,
                        0.43234817310603807,
                        1.7197044233779732,
                        1.8216565858919662,
                        3.243785541161986
                    ],
                    [
                        -1.2436204044105632,
                        1.380588243590694e-06,
                        0.623750523510458,
                        1.8216565858919662,
                        3.1540904732038784,
                        4.550249708358167
                    ],
                    [
                        -2.3714879015760304,
                        3.4731173608873086e-06,
                        1.9103781456585884,
                        3.243785541161986,
                        4.550249708358167,
                        9.198715274227876
                    ]
                ]
            },
            "est_tgt": [
                0,
                1,
                2,
                3,
                4,
                5
            ],
            "oracle_est_tgt": [
                0,
                1,
                2,
                3,
                4,
                5
            ]
        },
        "2": {
            "intv_type": "do",
            "inode": 2,
            "new_mui": 8.0,
            "new_vari": null,
            "true_params": {
                "Si": [
                    [
                        1.0,
                        0.7474525648807074,
                        0.0,
                        -0.29788907137632437,
                        -0.44165886797204035,
                        -1.8864947375350902
                    ],
                    [
                        0.7474525648807074,
                        1.5586853367467481,
                        0.0,
                        0.6338460466626226,
                        0.7794882953842933,
                        -0.9591530714893673
                    ],
                    [
                        0.0,
                        0.0,
                        1e-09,
                        0.0,
                        0.0,
                        6.405212882610959e-10
                    ],
                    [
                        -0.29788907137632437,
                        0.6338460466626226,
                        0.0,
                        1.8223369959156321,
                        1.7748177405595544,
                        2.114882503448875
                    ],
                    [
                        -0.44165886797204035,
                        0.7794882953842933,
                        0.0,
                        1.7748177405595544,
                        2.9063588373257154,
                        2.829641224648628
                    ],
                    [
                        -1.8864947375350902,
                        -0.9591530714893673,
                        6.405212882610959e-10,
                        2.114882503448875,
                        2.829641224648628,
                        6.59638172262977
                    ]
                ],
                "mui": [
                    0.0,
                    0.0,
                    8.0,
                    0.0,
                    0.0,
                    5.124170306088767
                ],
                "Ai": [
                    [
                        0.0,
                        0.0,
                        0.0,
                        0.0,
                        0.0,
                        0.0
                    ],
                    [
                        0.7474525648807074,
                        0.0,
                        0.0,
                        0.0,
                        0.0,
                        0.0
                    ],
                    [
                        0.0,
                        0.0,
                        0.0,
                        0.0,
                        0.0,
                        0.0
                    ],
                    [
                        -0.9380851808488561,
                        0.8565039971127884,
                        -0.0,
                        0.0,
                        0.0,
                        0.0
                    ],
                    [
                        -0.6210673411858273,
                        0.5161620576789199,
                        -0.0,
                        0.6928692608252209,
                        0.0,
                        0.0
                    ],
                    [
                        -0.7019243205377643,
                        -0.9033644467503343,
                        0.6405212882610959,
                        0.6901926869807812,
                        0.6877422999588483,
                        0.0
                    ]
                ]
            },
            "est_params": {
                "mui": [
                    0.01702944057328003,
                    0.02242589489966607,
                    7.9999998851750656,
                    -0.011809239077078688,
                    -0.007598594554196357,
                    5.1068474346966575
                ],
                "Si": [
                    [
                        0.901749073305187,
                        0.6962275587599018,
                        -3.681335906849185e-07,
                        -0.290154415563642,
                        -0.4138819420341363,
                        -1.786359869423334
                    ],
                    [
                        0.6962275587599018,
                        1.6024242621826819,
                        1.6310445267295767e-06,
                        0.6936992652267914,
                        0.8743683477783263,
                        -0.8498591680410517
                    ],
                    [
                        -3.6813359068491894e-07,
                        1.6310445267295767e-06,
                        1.00103225411152e-06,
                        1.984807626076173e-06,
                        4.495629900499913e-06,
                        3.3477951263757458e-06
                    ],
                    [
                        -0.29015441556364197,
                        0.6936992652267914,
                        1.984807626076173e-06,
                        1.9313325497230773,
                        1.893790258992752,
                        2.22583244278248
                    ],
                    [
                        -0.4138819420341363,
                        0.8743683477783264,
                        4.495629900499914e-06,
                        1.893790258992752,
                        2.960120878311841,
                        2.914377538449838
                    ],
                    [
                        -1.786359869423334,
                        -0.8498591680410517,
                        3.3477951263757458e-06,
                        2.22583244278248,
                        2.914377538449838,
                        6.663432869707051
                    ]
                ]
            },
            "est_tgt": [
                0,
                2,
                4
            ],
            "oracle_est_tgt": [
                0,
                2
            ]
        },
        "3": {
            "intv_type": "do",
            "inode": 3,
            "new_mui": 8.0,
            "new_vari": null,
            "true_params": {
                "Si": [
                    [
                        1.0,
                        0.7474525648807074,
                        0.12765613169805357,
                        0.0,
                        -0.235260687279615,
                        -1.4571786495132593
                    ],
                    [
                        0.7474525648807074,
                        1.5586853367467481,
                        1.0730897488691087,
                        0.0,
                        0.34031585355617366,
                        -1.0113296144235857
                    ],
                    [
                        0.12765613169805357,
                        1.0730897488691087,
                        1.9721402813916935,
                        0.0,
                        0.4746051585506566,
                        0.5306078061773369
                    ],
                    [
                        0.0,
                        0.0,
                        0.0,
                        1e-09,
                        6.928692608252209e-10,
                        1.166708185991506e-09
                    ],
                    [
                        -0.235260687279615,
                        0.34031585355617366,
                        0.4746051585506566,
                        6.928692608252209e-10,
                        1.3217708612466812,
                        1.0707383954806724
                    ],
                    [
                        -1.4571786495132593,
                        -1.0113296144235857,
                        0.5306078061773369,
                        1.166708185991506e-09,
                        1.0707383954806724,
                        4.012686034219202
                    ]
                ],
                "mui": [
                    0.0,
                    0.0,
                    0.0,
                    8.0,
                    5.5429540866017675,
                    9.333665487932047
                ],
                "Ai": [
                    [
                        0.0,
                        0.0,
                        0.0,
                        0.0,
                        0.0,
                        0.0
                    ],
                    [
                        0.7474525648807074,
                        0.0,
                        0.0,
                        0.0,
                        0.0,
                        0.0
                    ],
                    [
                        -0.6031079445158417,
                        0.9776728458086492,
                        0.0,
                        0.0,
                        0.0,
                        0.0
                    ],
                    [
                        0.0,
                        0.0,
                        0.0,
                        0.0,
                        0.0,
                        0.0
                    ],
                    [
                        -0.6210673411858273,
                        0.5161620576789199,
                        -0.0,
                        0.6928692608252209,
                        0.0,
                        0.0
                    ],
                    [
                        -0.7019243205377643,
                        -0.9033644467503343,
                        0.6405212882610959,
                        0.6901926869807812,
                        0.6877422999588483,
                        0.0
                    ]
                ]
            },
            "est_params": {
                "mui": [
                    0.03692694694447064,
                    0.09085038669937173,
                    0.1000266179159953,
                    7.999999310035564,
                    5.523408109297329,
                    9.25861938926497
                ],
                "Si": [
                    [
                        1.0505987803804653,
                        0.8184982793324803,
                        0.16222797177000864,
                        -6.231316967032917e-07,
                        -0.17940990841517315,
                        -1.4693486461837941
                    ],
                    [
                        0.8184982793324803,
                        1.632043393065033,
                        1.0712060364039697,
                        3.1706029400700916e-07,
                        0.3836353543163456,
                        -1.0253094868149146
                    ],
                    [
                        0.16222797177000858,
                        1.0712060364039697,
                        1.8794208725781498,
                        1.055049615062408e-06,
                        0.4915114288068786,
                        0.5282320167254624
                    ],
                    [
                        -6.231316967032917e-07,
                        3.170602940070089e-07,
                        1.0550496150624078e-06,
                        1.0010511379066767e-06,
                        2.794667552759102e-06,
                        2.9403360186012825e-06
                    ],
                    [
                        -0.17940990841517315,
                        0.3836353543163456,
                        0.4915114288068786,
                        2.794667552759102e-06,
                        1.3014960111065061,
                        0.9734501872298296
                    ],
                    [
                        -1.4693486461837941,
                        -1.0253094868149146,
                        0.5282320167254624,
                        2.940336018601282e-06,
                        0.9734501872298296,
                        3.87643784806163
                    ]
                ]
            },
            "est_tgt": [
                0,
                3,
                4
            ],
            "oracle_est_tgt": [
                0,
                3,
                4
            ]
        },
        "4": {
            "intv_type": "do",
            "inode": 4,
            "new_mui": 8.0,
            "new_vari": null,
            "true_params": {
                "Si": [
                    [
                        1.0,
                        0.7474525648807074,
                        0.12765613169805357,
                        -0.29788907137632437,
                        0.0,
                        -1.5009807819491126
                    ],
                    [
                        0.7474525648807074,
                        1.5586853367467481,
                        1.0730897488691087,
                        0.6338460466626226,
                        0.0,
                        -0.8079033161825458
                    ],
                    [
                        0.12765613169805357,
                        1.0730897488691087,
                        1.9721402813916935,
                        0.7993533337767159,
                        0.0,
                        0.7559095881497713
                    ],
                    [
                        -0.29788907137632437,
                        0.6338460466626226,
                        0.7993533337767159,
                        1.8223369959156321,
                        0.0,
                        1.4062680956751443
                    ],
                    [
                        0.0,
                        0.0,
                        0.0,
                        0.0,
                        1e-09,
                        6.877422999588483e-10
                    ],
                    [
                        -1.5009807819491126,
                        -0.8079033161825458,
                        0.7559095881497713,
                        1.4062680956751443,
                        6.877422999588483e-10,
                        4.238178187013848
                    ]
                ],
                "mui": [
                    0.0,
                    0.0,
                    0.0,
                    0.0,
                    8.0,
                    5.501938399670786
                ],
                "Ai": [
                    [
                        0.0,
                        0.0,
                        0.0,
                        0.0,
                        0.0,
                        0.0
                    ],
                    [
                        0.7474525648807074,
                        0.0,
                        0.0,
                        0.0,
                        0.0,
                        0.0
                    ],
                    [
                        -0.6031079445158417,
                        0.9776728458086492,
                        0.0,
                        0.0,
                        0.0,
                        0.0
                    ],
                    [
                        -0.9380851808488561,
                        0.8565039971127884,
                        -0.0,
                        0.0,
                        0.0,
                        0.0
                    ],
                    [
                        0.0,
                        0.0,
                        0.0,
                        0.0,
                        0.0,
                        0.0
                    ],
                    [
                        -0.7019243205377643,
                        -0.9033644467503343,
                        0.6405212882610959,
                        0.6901926869807812,
                        0.6877422999588483,
                        0.0
                    ]
                ]
            },
            "est_params": {
                "mui": [
                    -0.02897813701828731,
                    -0.01891683693184862,
                    0.024947523826977937,
                    -0.04624871757652714,
                    7.999998797886909,
                    5.5935694528070234
                ],
                "Si": [
                    [
                        0.9772300988176577,
                        0.725266398112504,
                        0.10237330645536596,
                        -0.28054570245300436,
                        -4.0741609670305334e-07,
                        -1.4846688873887575
                    ],
                    [
                        0.725266398112504,
                        1.5664455833500095,
                        1.0499572254014249,
                        0.5937510035433481,
                        -1.4047209312292318e-06,
                        -0.8580996282776339
                    ],
                    [
                        0.10237330645536595,
                        1.0499572254014249,
                        1.9336385207429931,
                        0.7479893122809916,
                        -2.041453145304285e-06,
                        0.6422723802854476
                    ],
                    [
                        -0.28054570245300436,
                        0.5937510035433481,
                        0.7479893122809916,
                        1.72723507696361,
                        -2.732020400090567e-06,
                        1.3537385680560174
                    ],
                    [
                        -4.074160967030533e-07,
                        -1.4047209312292318e-06,
                        -2.0414531453042848e-06,
                        -2.732020400090567e-06,
                        1.000932483688346e-06,
                        -5.746264437326224e-07
                    ],
                    [
                        -1.4846688873887575,
                        -0.8580996282776339,
                        0.6422723802854476,
                        1.3537385680560174,
                        -5.74626443732622e-07,
                        4.1759828319752605
                    ]
                ]
            },
            "est_tgt": [
                0,
                3,
                4
            ],
            "oracle_est_tgt": [
                0,
                4
            ]
        },
        "5": {
            "intv_type": "do",
            "inode": 5,
            "new_mui": 8.0,
            "new_vari": null,
            "true_params": {
                "Si": [
                    [
                        1.0,
                        0.7474525648807074,
                        0.12765613169805357,
                        -0.29788907137632437,
                        -0.44165886797204035,
                        0.0
                    ],
                    [
                        0.7474525648807074,
                        1.5586853367467481,
                        1.0730897488691087,
                        0.6338460466626226,
                        0.7794882953842933,
                        0.0
                    ],
                    [
                        0.12765613169805357,
                        1.0730897488691087,
                        1.9721402813916935,
                        0.7993533337767159,
                        1.0284525120627057,
                        0.0
                    ],
                    [
                        -0.29788907137632437,
                        0.6338460466626226,
                        0.7993533337767159,
                        1.8223369959156321,
                        1.7748177405595544,
                        0.0
                    ],
                    [
                        -0.44165886797204035,
                        0.7794882953842933,
                        1.0284525120627057,
                        1.7748177405595544,
                        2.9063588373257154,
                        0.0
                    ],
                    [
                        0.0,
                        0.0,
                        0.0,
                        0.0,
                        0.0,
                        1e-09
                    ]
                ],
                "mui": [
                    0.0,
                    0.0,
                    0.0,
                    0.0,
                    0.0,
                    8.0
                ],
                "Ai": [
                    [
                        0.0,
                        0.0,
                        0.0,
                        0.0,
                        0.0,
                        0.0
                    ],
                    [
                        0.7474525648807074,
                        0.0,
                        0.0,
                        0.0,
                        0.0,
                        0.0
                    ],
                    [
                        -0.6031079445158417,
                        0.9776728458086492,
                        0.0,
                        0.0,
                        0.0,
                        0.0
                    ],
                    [
                        -0.9380851808488561,
                        0.8565039971127884,
                        -0.0,
                        0.0,
                        0.0,
                        0.0
                    ],
                    [
                        -0.6210673411858273,
                        0.5161620576789199,
                        -0.0,
                        0.6928692608252209,
                        0.0,
                        0.0
                    ],
                    [
                        0.0,
                        0.0,
                        0.0,
                        0.0,
                        0.0,
                        0.0
                    ]
                ]
            },
            "est_params": {
                "mui": [
                    -0.011614465419805068,
                    -0.013584247461177704,
                    -0.04771048456102462,
                    -0.05378776623657422,
                    0.022665122772902488,
                    7.999998047884182
                ],
                "Si": [
                    [
                        1.0566827910228915,
                        0.8642555760219355,
                        0.22610766256358994,
                        -0.21280649673171553,
                        -0.401597971883019,
                        1.6409599697652316e-06
                    ],
                    [
                        0.8642555760219355,
                        1.7049016804031603,
                        1.1303672244587302,
                        0.6686467152330118,
                        0.8451689079057213,
                        6.312416959058071e-07
                    ],
                    [
                        0.22610766256358994,
                        1.1303672244587302,
                        1.9374278326678191,
                        0.7663124351477492,
                        1.0486608301651992,
                        -2.3361933245186318e-07
                    ],
                    [
                        -0.21280649673171556,
                        0.6686467152330119,
                        0.7663124351477492,
                        1.734724957115935,
                        1.814287943305548,
                        -2.6962479594541703e-06
                    ],
                    [
                        -0.401597971883019,
                        0.8451689079057213,
                        1.0486608301651992,
                        1.814287943305548,
                        3.111002121029614,
                        -1.463529224849471e-06
                    ],
                    [
                        1.6409599697652316e-06,
                        6.312416959058071e-07,
                        -2.33619332451863e-07,
                        -2.6962479594541703e-06,
                        -1.463529224849472e-06,
                        1.0008490983494674e-06
                    ]
                ]
            },
            "est_tgt": [
                0,
                5
            ],
            "oracle_est_tgt": [
                0,
                5
            ]
        },
        "obs": {
            "intv_type": "obs",
            "true_params": {
                "Si": [
                    [
                        1.0,
                        0.7474525648807074,
                        0.12765613169805357,
                        -0.29788907137632437,
                        -0.44165886797204035,
                        -1.8047282676054248
                    ],
                    [
                        0.7474525648807074,
                        1.5586853367467481,
                        1.0730897488691087,
                        0.6338460466626226,
                        0.7794882953842933,
                        -0.2718162431239499
                    ],
                    [
                        0.12765613169805357,
                        1.0730897488691087,
                        1.9721402813916935,
                        0.7993533337767159,
                        1.0284525120627057,
                        1.4632198841942317
                    ],
                    [
                        -0.29788907137632437,
                        0.6338460466626226,
                        0.7993533337767159,
                        1.8223369959156321,
                        1.7748177405595544,
                        2.626885330575339
                    ],
                    [
                        -0.44165886797204035,
                        0.7794882953842933,
                        1.0284525120627057,
                        1.7748177405595544,
                        2.9063588373257154,
                        3.4883869525903934
                    ],
                    [
                        -1.8047282676054248,
                        -0.2718162431239499,
                        1.4632198841942317,
                        2.626885330575339,
                        3.4883869525903934,
                        7.661723588936142
                    ]
                ],
                "mui": [
                    0.0,
                    0.0,
                    0.0,
                    0.0,
