{
    "expt_args": {
        "save_dir": "all_expt_logs/expt_logs_11.05.24-mean_shift-corr",
        "exp_name": "249",
        "num_nodes": 6,
        "obs_noise_mean": 0.0,
        "obs_noise_var": 1.0,
        "max_edge_strength": 1.0,
        "graph_sparsity_method": "adj_dense_prop",
        "adj_dense_prop": 0.8,
        "num_parents": null,
        "new_noise_mean": 1.0,
        "mix_samples": 2048,
        "stage2_samples": 2048,
        "gmm_tol": 0.001,
        "intv_type": "do",
        "new_noise_var": null,
        "intv_targets": [
            0,
            1,
            2,
            3,
            4,
            5
        ]
    },
    "intv_args_dict": {
        "0": {
            "intv_type": "do",
            "inode": 0,
            "new_mui": 1.0,
            "new_vari": null,
            "true_params": {
                "Si": [
                    [
                        1e-09,
                        0.0,
                        9.037009990652164e-10,
                        5.983740318558307e-11,
                        -1.7295903685048903e-09,
                        -1.7433160627847324e-10
                    ],
                    [
                        0.0,
                        1.0,
                        0.0,
                        -0.6384420294109721,
                        -0.19494275128983896,
                        -0.0298593053465577
                    ],
                    [
                        9.037009990652164e-10,
                        0.0,
                        1.0000000008166754,
                        0.7813355281503899,
                        -1.3553568568426075,
                        -0.15492369487885635
                    ],
                    [
                        5.983740318558307e-11,
                        -0.6384420294109721,
                        0.7813355281503899,
                        2.018093432387528,
                        -1.604226903622453,
                        -0.9788427317300822
                    ],
                    [
                        -1.7295903685048903e-09,
                        -0.19494275128983896,
                        -1.3553568568426075,
                        -1.604226903622453,
                        3.3234904094679956,
                        0.8030283931607358
                    ],
                    [
                        -1.7433160627847324e-10,
                        -0.0298593053465577,
                        -0.15492369487885635,
                        -0.9788427317300822,
                        0.8030283931607358,
                        1.7937742500831688
                    ]
                ],
                "mui": [
                    1.0,
                    0.0,
                    0.9037009990652164,
                    0.05983740318558306,
                    -1.7295903685048901,
                    -0.17433160627847322
                ],
                "Ai": [
                    [
                        0.0,
                        0.0,
                        0.0,
                        0.0,
                        0.0,
                        0.0
                    ],
                    [
                        0.0,
                        0.0,
                        0.0,
                        0.0,
                        0.0,
                        0.0
                    ],
                    [
                        0.9037009990652164,
                        0.0,
                        0.0,
                        0.0,
                        0.0,
                        0.0
                    ],
                    [
                        -0.646256294160205,
                        -0.6384420294109721,
                        0.7813355280963148,
                        0.0,
                        0.0,
                        0.0
                    ],
                    [
                        -0.9375496269123358,
                        -0.6225061557651401,
                        -0.8320979483768107,
                        -0.6696980849925749,
                        0.0,
                        0.0
                    ],
                    [
                        -0.6010024144980484,
                        -0.5896828046069835,
                        0.5301972235223171,
                        -0.8768587803921997,
                        -0.0,
                        0.0
                    ]
                ]
            },
            "est_params": {
                "mui": [
                    0.9999965291328996,
                    -0.018777968628820148,
                    0.9050973238784068,
                    0.16563200391547458,
                    -1.8269083678177012,
                    -0.2644547057145282
                ],
                "Si": [
                    [
                        1.0178160747420787e-06,
                        7.273808079008419e-06,
                        -7.007141485908099e-06,
                        -1.0741264705294828e-05,
                        6.163807531191087e-06,
                        1.7363705304867744e-07
                    ],
                    [
                        7.273808079008419e-06,
                        0.9404062698781984,
                        -0.0048075606788391505,
                        -0.6230406703855057,
                        -0.16243225881003145,
                        0.04040184965930652
                    ],
                    [
                        -7.007141485908097e-06,
                        -0.004807560678839162,
                        1.205273737966608,
                        0.9827721583955186,
                        -1.7068753642451107,
                        -0.25641985787557364
                    ],
                    [
                        -1.0741264705294828e-05,
                        -0.6230406703855057,
                        0.9827721583955187,
                        2.326971893722564,
                        -2.0836242616591054,
                        -1.2363699912693327
                    ],
                    [
                        6.163807531191087e-06,
                        -0.16243225881003143,
                        -1.7068753642451107,
                        -2.0836242616591054,
                        3.9535508139877167,
                        1.0539662863350425
                    ],
                    [
                        1.7363705304867744e-07,
                        0.04040184965930652,
                        -0.2564198578755736,
                        -1.236369991269333,
                        1.0539662863350425,
                        2.084000238006309
                    ]
                ]
            },
            "est_tgt": [
                0
            ],
            "oracle_est_tgt": [
                0
            ]
        },
        "1": {
            "intv_type": "do",
            "inode": 1,
            "new_mui": 1.0,
            "new_vari": null,
            "true_params": {
                "Si": [
                    [
                        1.0,
                        0.0,
                        0.9037009990652164,
                        0.05983740318558306,
                        -1.7295903685048901,
                        -0.17433160627847322
                    ],
                    [
                        0.0,
                        1e-09,
                        0.0,
                        -6.384420294109721e-10,
                        -1.9494275128983896e-10,
                        -2.98593053465577e-11
                    ],
                    [
                        0.9037009990652164,
                        0.0,
                        1.8166754957114701,
                        0.8354106491365944,
                        -2.91838939927102,
                        -0.3124673414838129
                    ],
                    [
                        0.05983740318558306,
                        -6.384420294109721e-10,
                        0.8354106491365944,
                        1.6140657226931494,
                        -1.8321807453730707,
                        -1.0083377178157207
                    ],
                    [
                        -1.7295903685048901,
                        -1.9494275128983896e-10,
                        -2.91838939927102,
                        -1.8321807453730707,
                        6.276970573058944,
                        1.098729804874407
                    ],
                    [
                        -0.17433160627847322,
                        -2.98593053465577e-11,
                        -0.3124673414838129,
                        -1.0083377178157207,
                        1.098729804874407,
                        1.8232741808855226
                    ]
                ],
                "mui": [
                    0.0,
                    1.0,
                    0.0,
                    -0.6384420294109721,
                    -0.19494275128983896,
                    -0.0298593053465577
                ],
                "Ai": [
                    [
                        0.0,
                        0.0,
                        0.0,
                        0.0,
                        0.0,
                        0.0
                    ],
                    [
                        0.0,
                        0.0,
                        0.0,
                        0.0,
                        0.0,
                        0.0
                    ],
                    [
                        0.9037009990652164,
                        0.0,
                        0.0,
                        0.0,
                        0.0,
                        0.0
                    ],
                    [
                        -0.646256294160205,
                        -0.6384420294109721,
                        0.7813355280963148,
                        0.0,
                        0.0,
                        0.0
                    ],
                    [
                        -0.9375496269123358,
                        -0.6225061557651401,
                        -0.8320979483768107,
                        -0.6696980849925749,
                        0.0,
                        0.0
                    ],
                    [
                        -0.6010024144980484,
                        -0.5896828046069835,
                        0.5301972235223171,
                        -0.8768587803921997,
                        -0.0,
                        0.0
                    ]
                ]
            },
            "est_params": {
                "mui": [
                    -0.0640721409920361,
                    0.9999908657232766,
                    -0.015033391759034783,
                    -0.5297057278663388,
                    -0.21142941617366867,
                    -0.05547340498768864
                ],
                "Si": [
                    [
                        0.9305658336531983,
                        1.034865818838482e-05,
                        0.7861672539216855,
                        0.03184913684833965,
                        -1.5918265428238882,
                        -0.10103025858750575
                    ],
                    [
                        1.034865818838482e-05,
                        1.0090863980775662e-06,
                        8.9040254467539e-06,
                        6.8902069265816665e-06,
                        -1.8867352431358275e-05,
                        -3.7677589131144203e-06
                    ],
                    [
                        0.7861672539216856,
                        8.904025446753897e-06,
                        1.768208035644109,
                        0.9063517585915836,
                        -2.8219453471083824,
                        -0.25310280872705343
                    ],
                    [
                        0.03184913684833964,
                        6.8902069265816665e-06,
                        0.9063517585915836,
                        1.7746750367443989,
                        -1.9903561053232444,
                        -1.0657953520918235
                    ],
                    [
                        -1.5918265428238882,
                        -1.886735243135827e-05,
                        -2.8219453471083824,
                        -1.9903561053232444,
                        6.060157692214617,
                        1.0150145571900437
                    ],
                    [
                        -0.10103025858750575,
                        -3.7677589131144215e-06,
                        -0.2531028087270535,
                        -1.0657953520918233,
                        1.0150145571900437,
                        1.815094157073907
                    ]
                ]
            },
            "est_tgt": [
                1
            ],
            "oracle_est_tgt": [
                1
            ]
        },
        "2": {
            "intv_type": "do",
            "inode": 2,
            "new_mui": 1.0,
            "new_vari": null,
            "true_params": {
                "Si": [
                    [
                        1.0,
                        0.0,
                        0.0,
                        -0.646256294160205,
                        -0.5047530242988483,
                        -0.034326908579948356
                    ],
                    [
                        0.0,
                        1.0,
                        0.0,
                        -0.6384420294109721,
                        -0.19494275128983896,
                        -0.0298593053465577
                    ],
                    [
                        0.0,
                        0.0,
                        1e-09,
                        7.813355280963148e-10,
                        -1.355356855279575e-09,
                        -1.549236947213127e-10
                    ],
                    [
                        -0.646256294160205,
                        -0.6384420294109721,
                        7.813355280963148e-10,
                        1.8252554232705673,
                        -0.21903862134959057,
                        -0.8356113642821353
                    ],
                    [
                        -0.5047530242988483,
                        -0.19494275128983896,
                        -1.355356855279575e-09,
                        -0.21903862134959057,
                        1.741273818699,
                        0.6103781123039782
                    ],
                    [
                        -0.034326908579948356,
                        -0.0298593053465577,
                        -1.549236947213127e-10,
                        -0.8356113642821353,
                        0.6103781123039782,
                        1.7709512355433323
                    ]
                ],
                "mui": [
                    0.0,
                    0.0,
                    1.0,
                    0.7813355280963148,
                    -1.355356855279575,
                    -0.1549236947213127
                ],
                "Ai": [
                    [
                        0.0,
                        0.0,
                        0.0,
                        0.0,
                        0.0,
                        0.0
                    ],
                    [
                        0.0,
                        0.0,
                        0.0,
                        0.0,
                        0.0,
                        0.0
                    ],
                    [
                        0.0,
                        0.0,
                        0.0,
                        0.0,
                        0.0,
                        0.0
                    ],
                    [
                        -0.646256294160205,
                        -0.6384420294109721,
                        0.7813355280963148,
                        0.0,
                        0.0,
                        0.0
                    ],
                    [
                        -0.9375496269123358,
                        -0.6225061557651401,
                        -0.8320979483768107,
                        -0.6696980849925749,
                        0.0,
                        0.0
                    ],
                    [
                        -0.6010024144980484,
                        -0.5896828046069835,
                        0.5301972235223171,
                        -0.8768587803921997,
                        -0.0,
                        0.0
                    ]
                ]
            },
            "est_params": {
                "mui": [
                    0.07519913536878771,
                    -0.0734719158423263,
                    1.0000030124073456,
                    0.754954754290472,
                    -1.3231968162521581,
                    -0.18839148455645688
                ],
                "Si": [
                    [
                        1.1529686971537247,
                        0.05358898355764163,
                        -6.064876507726588e-06,
                        -0.7832183521751643,
                        -0.5859200974460289,
                        -0.010112565268551673
                    ],
                    [
                        0.05358898355764165,
                        0.9031356055299776,
                        -5.156624376166377e-07,
                        -0.6722089661255758,
                        -0.2155094436528772,
                        0.16318743689647608
                    ],
                    [
                        -6.064876507726589e-06,
                        -5.156624376166379e-07,
                        1.0091703348582286e-06,
                        3.4818939703593105e-06,
                        7.81472183411687e-06,
                        -4.814807889221277e-06
                    ],
                    [
                        -0.7832183521751643,
                        -0.6722089661255758,
                        3.4818939703593105e-06,
                        1.8049447790878226,
                        0.05496999355883939,
                        -0.842696515315893
                    ],
                    [
                        -0.5859200974460289,
                        -0.2155094436528772,
                        7.81472183411687e-06,
                        0.0549699935588394,
                        1.6485143654827032,
                        0.3940272516357072
                    ],
                    [
                        -0.010112565268551687,
                        0.16318743689647608,
                        -4.8148078892212765e-06,
                        -0.842696515315893,
                        0.3940272516357072,
                        1.778287242616898
                    ]
                ]
            },
            "est_tgt": [
                2,
                3
            ],
            "oracle_est_tgt": [
                2,
                3
            ]
        },
        "3": {
            "intv_type": "do",
            "inode": 3,
            "new_mui": 1.0,
            "new_vari": null,
            "true_params": {
                "Si": [
                    [
                        1.0,
                        0.0,
                        0.9037009990652164,
                        0.0,
                        -1.6895173741805765,
                        -0.12186265389932653
                    ],
                    [
                        0.0,
                        1.0,
                        0.0,
                        0.0,
                        -0.6225061557651401,
                        -0.5896828046069835
                    ],
                    [
                        0.9037009990652164,
                        0.0,
                        1.8166754957114701,
                        0.0,
                        -2.3589164873618387,
                        0.4200698214447571
                    ],
                    [
                        0.0,
                        0.0,
                        0.0,
                        1e-09,
                        -6.696980849925749e-10,
                        -8.768587803921997e-10
                    ],
                    [
                        -1.6895173741805765,
                        -0.6225061557651401,
                        -2.3589164873618387,
                        -6.696980849925749e-10,
                        4.934369867764916,
                        0.13179422550259529
                    ],
                    [
                        -0.12186265389932653,
                        -0.5896828046069835,
                        0.4200698214447571,
                        -8.768587803921997e-10,
                        0.13179422550259529,
                        1.6436854130642002
                    ]
                ],
                "mui": [
                    0.0,
                    0.0,
                    0.0,
                    1.0,
                    -0.6696980849925749,
                    -0.8768587803921997
                ],
                "Ai": [
                    [
                        0.0,
                        0.0,
                        0.0,
                        0.0,
                        0.0,
                        0.0
                    ],
                    [
                        0.0,
                        0.0,
                        0.0,
                        0.0,
                        0.0,
                        0.0
                    ],
                    [
                        0.9037009990652164,
                        0.0,
                        0.0,
                        0.0,
                        0.0,
                        0.0
                    ],
                    [
                        0.0,
                        0.0,
                        0.0,
                        0.0,
                        0.0,
                        0.0
                    ],
                    [
                        -0.9375496269123358,
                        -0.6225061557651401,
                        -0.8320979483768107,
                        -0.6696980849925749,
                        0.0,
                        0.0
                    ],
                    [
                        -0.6010024144980484,
                        -0.5896828046069835,
                        0.5301972235223171,
                        -0.8768587803921997,
                        -0.0,
                        0.0
                    ]
                ]
            },
            "est_params": {
                "mui": [
                    0.0588606415147816,
                    0.07973897746993952,
                    0.11833257377244696,
                    0.9999983049059572,
                    -0.8495458622021486,
                    -0.8949628891100256
                ],
                "Si": [
                    [
                        0.9787201391430564,
                        -0.09684000679379283,
                        0.8692295400060123,
                        -1.3745192371707214e-07,
                        -1.5983634759690708,
                        -0.09805062123974165
                    ],
                    [
                        -0.09684000679379283,
                        1.079852373875741,
                        -0.027492058782329257,
                        1.4124703841208084e-07,
                        -0.5559680754000216,
                        -0.6351401154907123
                    ],
                    [
                        0.8692295400060123,
                        -0.02749205878232925,
                        1.6475332230580624,
                        2.252322663575879e-06,
                        -2.137839400870772,
                        0.3664118704066592
                    ],
                    [
                        -1.374519237170727e-07,
                        1.4124703841208103e-07,
                        2.252322663575879e-06,
                        1.0014823146659797e-06,
                        -1.54199711024146e-06,
                        4.040499470905463e-06
                    ],
                    [
                        -1.5983634759690704,
                        -0.5559680754000216,
                        -2.137839400870772,
                        -1.54199711024146e-06,
                        4.530399138368585,
                        0.31640719382892823
                    ],
                    [
                        -0.09805062123974165,
                        -0.6351401154907123,
                        0.3664118704066592,
                        4.040499470905463e-06,
                        0.31640719382892823,
                        1.5586201929795478
                    ]
                ]
            },
            "est_tgt": [
                1,
                3
            ],
            "oracle_est_tgt": [
                3,
                4
            ]
        },
        "4": {
            "intv_type": "do",
            "inode": 4,
            "new_mui": 1.0,
            "new_vari": null,
            "true_params": {
                "Si": [
                    [
                        1.0,
                        0.0,
                        0.9037009990652164,
                        0.05983740318558306,
                        0.0,
                        -0.17433160627847322
                    ],
                    [
                        0.0,
                        1.0,
                        0.0,
                        -0.6384420294109721,
                        0.0,
                        -0.0298593053465577
                    ],
                    [
                        0.9037009990652164,
                        0.0,
                        1.8166754957114701,
                        0.8354106491365944,
                        0.0,
                        -0.3124673414838129
                    ],
                    [
                        0.05983740318558306,
                        -0.6384420294109721,
                        0.8354106491365944,
                        2.021673947203942,
                        0.0,
                        -0.9892742823325259
                    ],
                    [
                        0.0,
                        0.0,
                        0.0,
                        0.0,
                        1e-09,
                        0.0
                    ],
                    [
                        -0.17433160627847322,
                        -0.0298593053465577,
                        -0.3124673414838129,
                        -0.9892742823325259,
                        0.0,
                        1.82416575900041
                    ]
                ],
                "mui": [
                    0.0,
                    0.0,
                    0.0,
                    0.0,
                    1.0,
                    0.0
                ],
                "Ai": [
                    [
                        0.0,
                        0.0,
                        0.0,
                        0.0,
                        0.0,
                        0.0
                    ],
                    [
                        0.0,
                        0.0,
                        0.0,
                        0.0,
                        0.0,
                        0.0
                    ],
                    [
                        0.9037009990652164,
                        0.0,
                        0.0,
                        0.0,
                        0.0,
                        0.0
                    ],
                    [
                        -0.646256294160205,
                        -0.6384420294109721,
                        0.7813355280963148,
                        0.0,
                        0.0,
                        0.0
                    ],
                    [
                        0.0,
                        0.0,
                        0.0,
                        0.0,
                        0.0,
                        0.0
                    ],
                    [
                        -0.6010024144980484,
                        -0.5896828046069835,
                        0.5301972235223171,
                        -0.8768587803921997,
                        -0.0,
                        0.0
                    ]
                ]
            },
            "est_params": {
                "mui": [
                    -0.015928720188596826,
                    0.020500536654250192,
                    0.1360343443190233,
                    0.10050927239074012,
                    0.9999973755983287,
                    0.044796756572725645
                ],
                "Si": [
                    [
                        1.007903333428097,
                        -0.02153639572061252,
                        0.946815283200194,
                        0.16109828387247588,
                        1.5520472376391421e-06,
                        -0.15815267423361024
                    ],
                    [
                        -0.02153639572061252,
                        0.9287468913948641,
                        -0.053262020655094264,
                        -0.5643610003112451,
                        1.6748614392125494e-06,
                        -0.08983384184519538
                    ],
                    [
                        0.9468152832001943,
                        -0.05326202065509427,
                        1.8914787781426252,
                        0.9583874186061004,
                        -1.220211892294006e-06,
                        -0.26932735968591703
                    ],
                    [
                        0.16109828387247588,
                        -0.5643610003112451,
                        0.9583874186061004,
                        1.931204130602232,
                        -1.928668379325028e-06,
                        -0.920904860438412
                    ],
                    [
                        1.5520472376391425e-06,
                        1.6748614392125496e-06,
                        -1.2202118922940053e-06,
                        -1.9286683793250273e-06,
                        1.0016262165365963e-06,
                        1.4549485870440438e-06
                    ],
                    [
                        -0.1581526742336102,
                        -0.08983384184519537,
                        -0.26932735968591703,
                        -0.920904860438412,
                        1.4549485870440447e-06,
                        1.755340127008939
                    ]
                ]
            },
            "est_tgt": [
                4
            ],
            "oracle_est_tgt": [
                3,
                4
            ]
        },
        "5": {
            "intv_type": "do",
            "inode": 5,
            "new_mui": 1.0,
            "new_vari": null,
            "true_params": {
                "Si": [
                    [
                        1.0,
                        0.0,
                        0.9037009990652164,
                        0.05983740318558306,
                        -1.7295903685048901,
                        0.0
                    ],
                    [
                        0.0,
                        1.0,
                        0.0,
                        -0.6384420294109721,
                        -0.19494275128983896,
                        0.0
                    ],
                    [
                        0.9037009990652164,
                        0.0,
                        1.8166754957114701,
                        0.8354106491365944,
                        -2.91838939927102,
                        0.0
                    ],
                    [
                        0.05983740318558306,
                        -0.6384420294109721,
                        0.8354106491365944,
                        2.021673947203942,
                        -1.7077210997450871,
                        0.0
                    ],
                    [
                        -1.7295903685048901,
                        -0.19494275128983896,
                        -2.91838939927102,
                        -1.7077210997450871,
                        6.314973249301394,
                        0.0
                    ],
                    [
                        0.0,
                        0.0,
                        0.0,
                        0.0,
                        0.0,
                        1e-09
                    ]
                ],
                "mui": [
                    0.0,
                    0.0,
                    0.0,
                    0.0,
                    0.0,
                    1.0
                ],
                "Ai": [
                    [
                        0.0,
                        0.0,
                        0.0,
                        0.0,
                        0.0,
                        0.0
                    ],
                    [
                        0.0,
                        0.0,
                        0.0,
                        0.0,
                        0.0,
                        0.0
                    ],
                    [
                        0.9037009990652164,
                        0.0,
                        0.0,
                        0.0,
                        0.0,
                        0.0
                    ],
                    [
                        -0.646256294160205,
                        -0.6384420294109721,
                        0.7813355280963148,
                        0.0,
                        0.0,
                        0.0
                    ],
                    [
                        -0.9375496269123358,
                        -0.6225061557651401,
                        -0.8320979483768107,
                        -0.6696980849925749,
                        0.0,
                        0.0
                    ],
                    [
                        0.0,
                        0.0,
                        0.0,
                        0.0,
                        0.0,
                        0.0
                    ]
                ]
            },
            "est_params": {
                "mui": [
                    -0.004403718820232179,
                    0.04623956403449847,
                    -0.05893697375255146,
                    -0.10333887069685928,
                    0.030184469474544007,
                    1.000000825123649
                ],
                "Si": [
                    [
                        0.9235702349316276,
                        -0.008348952165490963,
                        0.8898776892989998,
                        0.16026838854996905,
                        -1.7050926538766265,
                        1.7006210962079383e-06
                    ],
                    [
                        -0.008348952165490963,
                        1.0344476287721414,
                        0.020605282083973102,
                        -0.7599928901737597,
                        -0.10138932332730882,
                        -1.9699451322621294e-06
                    ],
                    [
                        0.889877689299,
                        0.02060528208397309,
                        1.7837904486107705,
                        0.9240275529736683,
                        -3.0262845063670247,
                        1.5943392459893047e-06
                    ],
                    [
                        0.16026838854996903,
                        -0.7599928901737597,
                        0.9240275529736683,
                        2.388312798550893,
                        -2.1034721396910823,
                        1.4575593302240606e-06
                    ],
                    [
                        -1.7050926538766267,
                        -0.10138932332730885,
                        -3.0262845063670247,
                        -2.1034721396910823,
                        6.741112525507161,
                        -3.37291132534392e-06
                    ],
                    [
                        1.7006210962079383e-06,
                        -1.9699451322621294e-06,
                        1.5943392459893051e-06,
                        1.4575593302240604e-06,
                        -3.37291132534392e-06,
                        1.0012620730989354e-06
                    ]
                ]
            },
            "est_tgt": [
                5
            ],
            "oracle_est_tgt": [
                5
            ]
        },
        "obs": {
            "intv_type": "obs",
            "true_params": {
                "Si": [
                    [
                        1.0,
                        0.0,
                        0.9037009990652164,
                        0.05983740318558306,
                        -1.7295903685048901,
                        -0.17433160627847322
                    ],
                    [
                        0.0,
                        1.0,
                        0.0,
                        -0.6384420294109721,
                        -0.19494275128983896,
                        -0.0298593053465577
                    ],
                    [
                        0.9037009990652164,
                        0.0,
                        1.8166754957114701,
                        0.8354106491365944,
                        -2.91838939927102,
                        -0.3124673414838129
                    ],
                    [
                        0.05983740318558306,
                        -0.6384420294109721,
                        0.8354106491365944,
                        2.021673947203942,
                        -1.7077210997450871,
                        -0.9892742823325259
                    ],
                    [
                        -1.7295903685048901,
                        -0.19494275128983896,
                        -2.91838939927102,
                        -1.7077210997450871,
                        6.314973249301394,
                        1.1045506600044475
                    ],
                    [
                        -0.17433160627847322,
                        -0.0298593053465577,
                        -0.3124673414838129,
                        -0.9892742823325259,
                        1.1045506600044475,
                        1.82416575900041
                    ]
                ],
                "mui": [
                    0.0,
                    0.0,
                    0.0,
                    0.0,
                    0.0,
                    0.0
                ],
                "Ai": [
                    [
                        0.0,
                        0.0,
                        0.0,
                        0.0,
                        0.0,
                        0.0
                    ],
                    [
                        0.0,
                        0.0,
                        0.0,
                        0.0,
                        0.0,
                        0.0
                    ],
                    [
                        0.9037009990652164,
                        0.0,
                        0.0,
                        0.0,
                        0.0,
                        0.0
                    ],
                    [
