{
    "expt_args": {
        "save_dir": "all_expt_logs/expt_logs_11.05.24-mean_shift-corr",
        "exp_name": "444",
        "num_nodes": 6,
        "obs_noise_mean": 0.0,
        "obs_noise_var": 1.0,
        "max_edge_strength": 1.0,
        "graph_sparsity_method": "adj_dense_prop",
        "adj_dense_prop": 0.8,
        "num_parents": null,
        "new_noise_mean": 8.0,
        "mix_samples": 16384,
        "stage2_samples": 16384,
        "gmm_tol": 0.001,
        "intv_type": "do",
        "new_noise_var": null,
        "intv_targets": [
            0,
            1,
            2,
            3,
            4,
            5
        ]
    },
    "intv_args_dict": {
        "0": {
            "intv_type": "do",
            "inode": 0,
            "new_mui": 8.0,
            "new_vari": null,
            "true_params": {
                "Si": [
                    [
                        1e-09,
                        5.282254834694355e-10,
                        3.620538189271853e-10,
                        1.1212088545822935e-10,
                        2.269719797176591e-10,
                        1.4330119065406755e-09
                    ],
                    [
                        5.282254834694355e-10,
                        1.0000000002790221,
                        0.6854152825990184,
                        0.21225951605570562,
                        0.42968767483578346,
                        1.270640083367594
                    ],
                    [
                        3.620538189271853e-10,
                        0.6854152825990184,
                        1.4697941094892093,
                        -0.6603510086061001,
                        1.0137851632631214,
                        0.6313323235936801
                    ],
                    [
                        1.1212088545822935e-10,
                        0.21225951605570562,
                        -0.6603510086061001,
                        1.694427251429589,
                        -1.380985519235175,
                        1.9605444253085538
                    ],
                    [
                        2.269719797176591e-10,
                        0.42968767483578346,
                        1.0137851632631214,
                        -1.380985519235175,
                        2.498673625293314,
                        -1.5379329162861342
                    ],
                    [
                        1.4330119065406755e-09,
                        1.270640083367594,
                        0.6313323235936801,
                        1.9605444253085538,
                        -1.5379329162861342,
                        5.24554260018221
                    ]
                ],
                "mui": [
                    8.0,
                    4.225803867755484,
                    2.896430551417482,
                    0.8969670836658348,
                    1.8157758377412727,
                    11.464095252325404
                ],
                "Ai": [
                    [
                        0.0,
                        0.0,
                        0.0,
                        0.0,
                        0.0,
                        0.0
                    ],
                    [
                        0.5282254834694355,
                        0.0,
                        0.0,
                        0.0,
                        0.0,
                        0.0
                    ],
                    [
                        -0.0,
                        0.6854152824077724,
                        0.0,
                        0.0,
                        0.0,
                        0.0
                    ],
                    [
                        0.0,
                        0.7645924593466651,
                        -0.8058369247471586,
                        0.0,
                        0.0,
                        0.0
                    ],
                    [
                        0.0,
                        0.6191454153325591,
                        0.0,
                        -0.8925759569705669,
                        0.0,
                        0.0
                    ],
                    [
                        0.7618274345880265,
                        0.645496657453802,
                        0.9673773809330846,
                        0.9848019884591719,
                        -0.5747090818378681,
                        0.0
                    ]
                ]
            },
            "est_params": {
                "mui": [
                    7.999999737693696,
                    4.217017433714091,
                    2.920310861010682,
                    0.88062750338033,
                    1.8388224929082155,
                    11.472464251807493
                ],
                "Si": [
                    [
                        1.0010047137067752e-06,
                        -2.6864457065371336e-07,
                        1.3459166575957495e-06,
                        -2.1560916792200244e-06,
                        6.16899372278733e-07,
                        -1.6050032777351547e-06
                    ],
                    [
                        -2.6864457065371336e-07,
                        1.0563845604856954,
                        0.7256607390040666,
                        0.23805476693732824,
                        0.4178330191492076,
                        1.3964984924245365
                    ],
                    [
                        1.3459166575957495e-06,
                        0.7256607390040666,
                        1.4829556706103202,
                        -0.629462108763087,
                        0.9396435768878363,
                        0.7572232979869207
                    ],
                    [
                        -2.1560916792200244e-06,
                        0.23805476693732824,
                        -0.629462108763087,
                        1.6702745706662412,
                        -1.3106019182805018,
                        1.93660541608068
                    ],
                    [
                        6.16899372278733e-07,
                        0.4178330191492076,
                        0.9396435768878363,
                        -1.3106019182805018,
                        2.4105589040059536,
                        -1.4827503068857593
                    ],
                    [
                        -1.6050032777351547e-06,
                        1.3964984924245365,
                        0.7572232979869207,
                        1.93660541608068,
                        -1.4827503068857593,
                        5.394582658856807
                    ]
                ]
            },
            "est_tgt": [
                0,
                1,
                5
            ],
            "oracle_est_tgt": [
                0,
                1,
                5
            ]
        },
        "1": {
            "intv_type": "do",
            "inode": 1,
            "new_mui": 8.0,
            "new_vari": null,
            "true_params": {
                "Si": [
                    [
                        1.0,
                        0.0,
                        0.0,
                        0.0,
                        0.0,
                        0.7618274345880265
                    ],
                    [
                        0.0,
                        1e-09,
                        6.854152824077724e-10,
                        2.1225951599648053e-10,
                        4.296876747158911e-10,
                        1.2706400826106405e-09
                    ],
                    [
                        0.0,
                        6.854152824077724e-10,
                        1.0000000004697942,
                        -0.8058369246016727,
                        0.7192706645629283,
                        -0.23958380711543872
                    ],
                    [
                        0.0,
                        2.1225951599648053e-10,
                        -0.8058369246016727,
                        1.6493731493310118,
                        -1.4721908170342661,
                        1.690838976476926
                    ],
                    [
                        0.0,
                        4.296876747158911e-10,
                        0.7192706645629283,
                        -1.4721908170342661,
                        2.3140421276236802,
                        -2.083911298563183
                    ],
                    [
                        0.7618274345880265,
                        1.2706400826106405e-09,
                        -0.23958380711543872,
                        1.690838976476926,
                        -2.083911298563183,
                        4.211397420297412
                    ]
                ],
                "mui": [
                    0.0,
                    8.0,
                    5.483322259262179,
                    1.6980761279718442,
                    3.4375013977271287,
                    10.165120660885124
                ],
                "Ai": [
                    [
                        0.0,
                        0.0,
                        0.0,
                        0.0,
                        0.0,
                        0.0
                    ],
                    [
                        0.0,
                        0.0,
                        0.0,
                        0.0,
                        0.0,
                        0.0
                    ],
                    [
                        -0.0,
                        0.6854152824077724,
                        0.0,
                        0.0,
                        0.0,
                        0.0
                    ],
                    [
                        0.0,
                        0.7645924593466651,
                        -0.8058369247471586,
                        0.0,
                        0.0,
                        0.0
                    ],
                    [
                        0.0,
                        0.6191454153325591,
                        0.0,
                        -0.8925759569705669,
                        0.0,
                        0.0
                    ],
                    [
                        0.7618274345880265,
                        0.645496657453802,
                        0.9673773809330846,
                        0.9848019884591719,
                        -0.5747090818378681,
                        0.0
                    ]
                ]
            },
            "est_params": {
                "mui": [
                    0.029308571972736324,
                    8.00000089657251,
                    5.4976917652579145,
                    1.6851506742321483,
                    3.4565334174692475,
                    10.18612981334943
                ],
                "Si": [
                    [
                        1.0206830808198943,
                        -5.297515620944532e-07,
                        0.044513457698815755,
                        -0.02674380661982582,
                        0.06134572849581823,
                        0.7550658997279177
                    ],
                    [
                        -5.297515620944531e-07,
                        1.001020734024126e-06,
                        4.7670876281608535e-08,
                        7.551947455308347e-07,
                        -1.0925132322974749e-06,
                        2.506563096009938e-06
                    ],
                    [
                        0.04451345769881575,
                        4.7670876281608535e-08,
                        0.936150058795165,
                        -0.760692468990189,
                        0.6692869856675654,
                        -0.18171001306367607
                    ],
                    [
                        -0.02674380661982582,
                        7.551947455308348e-07,
                        -0.760692468990189,
                        1.5866506899313253,
                        -1.400332470084774,
                        1.6233514849800565
                    ],
                    [
                        0.06134572849581823,
                        -1.0925132322974749e-06,
                        0.6692869856675654,
                        -1.400332470084774,
                        2.2541034234145365,
                        -1.9961990667243419
                    ],
                    [
                        0.7550658997279177,
                        2.506563096009938e-06,
                        -0.18171001306367607,
                        1.6233514849800565,
                        -1.9961990667243419,
                        4.246004437832767
                    ]
                ]
            },
            "est_tgt": [
                0,
                1,
                5
            ],
            "oracle_est_tgt": [
                0,
                1,
                5
            ]
        },
        "2": {
            "intv_type": "do",
            "inode": 2,
            "new_mui": 8.0,
            "new_vari": null,
            "true_params": {
                "Si": [
                    [
                        1.0,
                        0.5282254834694355,
                        0.0,
                        0.4038772214954769,
                        -0.03344271112301345,
                        1.5197541391752527
                    ],
                    [
                        0.5282254834694355,
                        1.279022161386519,
                        0.0,
                        0.9779306999334056,
                        -0.08097672301275224,
                        2.237627350942461
                    ],
                    [
                        0.0,
                        0.0,
                        1e-09,
                        -8.058369247471586e-10,
                        7.192706642684139e-10,
                        -2.3958380798635487e-10
                    ],
                    [
                        0.4038772214954769,
                        0.9779306999334056,
                        -8.058369247471586e-10,
                        1.7477184395820613,
                        -0.9544901493483358,
                        3.2086464967118076
                    ],
                    [
                        -0.03344271112301345,
                        -0.08097672301275224,
                        7.192706642684139e-10,
                        -0.9544901493483358,
                        1.8018185916715699,
                        -2.053253083661903
                    ],
                    [
                        1.5197541391752527,
                        2.237627350942461,
                        -2.3958380798635487e-10,
                        3.2086464967118076,
                        -2.053253083661903,
                        7.94207601719766
                    ]
                ],
                "mui": [
                    0.0,
                    0.0,
                    8.0,
                    -6.446695397977269,
                    5.75416531414731,
                    -1.916670463890839
                ],
                "Ai": [
                    [
                        0.0,
                        0.0,
                        0.0,
                        0.0,
                        0.0,
                        0.0
                    ],
                    [
                        0.5282254834694355,
                        0.0,
                        0.0,
                        0.0,
                        0.0,
                        0.0
                    ],
                    [
                        0.0,
                        0.0,
                        0.0,
                        0.0,
                        0.0,
                        0.0
                    ],
                    [
                        0.0,
                        0.7645924593466651,
                        -0.8058369247471586,
                        0.0,
                        0.0,
                        0.0
                    ],
                    [
                        0.0,
                        0.6191454153325591,
                        0.0,
                        -0.8925759569705669,
                        0.0,
                        0.0
                    ],
                    [
                        0.7618274345880265,
                        0.645496657453802,
                        0.9673773809330846,
                        0.9848019884591719,
                        -0.5747090818378681,
                        0.0
                    ]
                ]
            },
            "est_params": {
                "mui": [
                    -0.007998326652882073,
                    -0.004571624946245825,
                    7.999999972019282,
                    -6.457244776060131,
                    5.7904847713933085,
                    -1.9728829654108129
                ],
                "Si": [
                    [
                        0.9575249248501563,
                        0.4754949201206692,
                        -4.282087116352518e-07,
                        0.35191208659018425,
                        -0.05071274155841014,
                        1.4027215117823528
                    ],
                    [
                        0.4754949201206691,
                        1.2252749132752374,
                        -1.79679276220397e-07,
                        0.9223914730400331,
                        -0.10507729662888277,
                        2.103912663133433
                    ],
                    [
                        -4.282087116352519e-07,
                        -1.796792762203967e-07,
                        1.0010544026456452e-06,
                        -9.428252381454429e-08,
                        6.074334661680353e-07,
                        -1.0379850029909992e-06
                    ],
                    [
                        0.3519120865901842,
                        0.9223914730400331,
                        -9.428252381454438e-08,
                        1.6924263366373875,
                        -0.9557350911197275,
                        3.081251181488588
                    ],
                    [
                        -0.05071274155841014,
                        -0.10507729662888277,
                        6.074334661680353e-07,
                        -0.9557350911197278,
                        1.7727800341142654,
                        -2.08135593181596
                    ],
                    [
                        1.4027215117823528,
                        2.103912663133433,
                        -1.0379850029909998e-06,
                        3.081251181488588,
                        -2.08135593181596,
                        7.6943536472177865
                    ]
                ]
            },
            "est_tgt": [
                2
            ],
            "oracle_est_tgt": [
                2
            ]
        },
        "3": {
            "intv_type": "do",
            "inode": 3,
            "new_mui": 8.0,
            "new_vari": null,
            "true_params": {
                "Si": [
                    [
                        1.0,
                        0.5282254834694355,
                        0.36205381892718524,
                        0.0,
                        0.32704838635192546,
                        1.265080215823196
                    ],
                    [
                        0.5282254834694355,
                        1.279022161386519,
                        0.8766613359525403,
                        0.0,
                        0.7919007073312037,
                        1.6209710136618685
                    ],
                    [
                        0.36205381892718524,
                        0.8766613359525403,
                        1.6008770771578855,
                        0.0,
                        0.5427808469543316,
                        2.078415686036947
                    ],
                    [
                        0.0,
                        0.0,
                        0.0,
                        1e-09,
                        -8.925759569705669e-10,
                        1.497773497160283e-09
                    ],
                    [
                        0.32704838635192546,
                        0.7919007073312037,
                        0.5427808469543316,
                        -8.925759569705669e-10,
                        1.490301693139417,
                        0.42890768832097204
                    ],
                    [
                        1.265080215823196,
                        1.6209710136618685,
                        2.078415686036947,
                        1.497773497160283e-09,
                        0.42890768832097204,
                        4.774219367092414
                    ]
                ],
                "mui": [
                    0.0,
                    0.0,
                    0.0,
                    8.0,
                    -7.140607655764535,
                    11.982187977282262
                ],
                "Ai": [
                    [
                        0.0,
                        0.0,
                        0.0,
                        0.0,
                        0.0,
                        0.0
                    ],
                    [
                        0.5282254834694355,
                        0.0,
                        0.0,
                        0.0,
                        0.0,
                        0.0
                    ],
                    [
                        -0.0,
                        0.6854152824077724,
                        0.0,
                        0.0,
                        0.0,
                        0.0
                    ],
                    [
                        0.0,
                        0.0,
                        0.0,
                        0.0,
                        0.0,
                        0.0
                    ],
                    [
                        0.0,
                        0.6191454153325591,
                        0.0,
                        -0.8925759569705669,
                        0.0,
                        0.0
                    ],
                    [
                        0.7618274345880265,
                        0.645496657453802,
                        0.9673773809330846,
                        0.9848019884591719,
                        -0.5747090818378681,
                        0.0
                    ]
                ]
            },
            "est_params": {
                "mui": [
                    -0.018316052216448303,
                    -0.021045150236320906,
                    -0.018610538914274583,
                    8.000000676169153,
                    -7.146365212222715,
                    11.912284564371905
                ],
                "Si": [
                    [
                        0.9812208194268532,
                        0.5245843209225355,
                        0.31990789416344484,
                        -5.824445512939657e-07,
                        0.31389803731594557,
                        1.175193363116988
                    ],
                    [
                        0.5245843209225355,
                        1.2772911452095361,
                        0.8390067963992068,
                        2.5736633937676337e-07,
                        0.8034279090247975,
                        1.5536544540195132
                    ],
                    [
                        0.31990789416344484,
                        0.8390067963992068,
                        1.5809769479270048,
                        -1.9563195275681991e-07,
                        0.5329634744517684,
                        2.02397291847456
                    ],
                    [
                        -5.824445512939656e-07,
                        2.573663393767631e-07,
                        -1.956319527568201e-07,
                        1.0009889144070265e-06,
                        8.145142899905874e-07,
                        7.81498505633105e-09
                    ],
                    [
                        0.31389803731594557,
                        0.8034279090247977,
                        0.5329634744517685,
                        8.145142899905874e-07,
                        1.4936793925610137,
                        0.3623118091909885
                    ],
                    [
                        1.175193363116988,
                        1.5536544540195132,
                        2.02397291847456,
                        7.81498505633068e-09,
                        0.3623118091909885,
                        4.630588079724881
                    ]
                ]
            },
            "est_tgt": [
                3
            ],
            "oracle_est_tgt": [
                3
            ]
        },
        "4": {
            "intv_type": "do",
            "inode": 4,
            "new_mui": 8.0,
            "new_vari": null,
            "true_params": {
                "Si": [
                    [
                        1.0,
                        0.5282254834694355,
                        0.36205381892718524,
                        0.11212088545822935,
                        0.0,
                        1.5634547646071346
                    ],
                    [
                        0.5282254834694355,
                        1.279022161386519,
                        0.8766613359525403,
                        0.2714846249246749,
                        0.0,
                        2.343442140540855
                    ],
                    [
                        0.36205381892718524,
                        0.8766613359525403,
                        1.6008770771578855,
                        -0.6197572138850445,
                        0.0,
                        1.7800186316333435
                    ],
                    [
                        0.11212088545822935,
                        0.2714846249246749,
                        -0.6197572138850445,
                        1.7069983443729555,
                        0.0,
                        1.3421754379238586
                    ],
                    [
                        0.0,
                        0.0,
                        0.0,
                        0.0,
                        1e-09,
                        -5.74709081837868e-10
                    ],
                    [
                        1.5634547646071346,
                        2.343442140540855,
                        1.7800186316333435,
                        1.3421754379238586,
                        -5.74709081837868e-10,
                        6.747493603410907
                    ]
                ],
                "mui": [
                    0.0,
                    0.0,
                    0.0,
                    0.0,
                    8.0,
                    -4.5976726547029445
                ],
                "Ai": [
                    [
                        0.0,
                        0.0,
                        0.0,
                        0.0,
                        0.0,
                        0.0
                    ],
                    [
                        0.5282254834694355,
                        0.0,
                        0.0,
                        0.0,
                        0.0,
                        0.0
                    ],
                    [
                        -0.0,
                        0.6854152824077724,
                        0.0,
                        0.0,
                        0.0,
                        0.0
                    ],
                    [
                        0.0,
                        0.7645924593466651,
                        -0.8058369247471586,
                        0.0,
                        0.0,
                        0.0
                    ],
                    [
                        0.0,
                        0.0,
                        0.0,
                        0.0,
                        0.0,
                        0.0
                    ],
                    [
                        0.7618274345880265,
                        0.645496657453802,
                        0.9673773809330846,
                        0.9848019884591719,
                        -0.5747090818378681,
                        0.0
                    ]
                ]
            },
            "est_params": {
                "mui": [
                    0.013314911493616109,
                    0.03585553030893375,
                    0.007017080653164576,
                    0.03011219518599762,
                    8.000000773904526,
                    -4.553915360584378
                ],
                "Si": [
                    [
                        1.0287418169569686,
                        0.5655578621162242,
                        0.4175303676626496,
                        0.09187934310422814,
                        -8.273876607194426e-07,
                        1.6475976689369483
                    ],
                    [
                        0.5655578621162242,
                        1.2604097629590951,
                        0.8748830913218045,
                        0.23939877161875858,
                        -8.103061921103537e-07,
                        2.3486801110099753
                    ],
                    [
                        0.4175303676626496,
                        0.8748830913218045,
                        1.6322824298464342,
                        -0.6377234481173328,
                        -8.849166751765474e-07,
                        1.8364521031778605
                    ],
                    [
                        0.09187934310422814,
                        0.23939877161875855,
                        -0.6377234481173327,
                        1.7112231649489982,
                        8.127982658959768e-08,
                        1.2993886312910328
                    ],
                    [
                        -8.273876607194426e-07,
                        -8.103061921103537e-07,
                        -8.849166751765476e-07,
                        8.127982658959751e-08,
                        1.001024832490214e-06,
                        -1.3641452130066647e-06
                    ],
                    [
                        1.6475976689369483,
                        2.3486801110099753,
                        1.8364521031778605,
                        1.2993886312910328,
                        -1.3641452130066645e-06,
                        6.888273265188817
                    ]
                ]
            },
            "est_tgt": [
                4
            ],
            "oracle_est_tgt": [
                4
            ]
        },
        "5": {
            "intv_type": "do",
            "inode": 5,
            "new_mui": 8.0,
            "new_vari": null,
            "true_params": {
                "Si": [
                    [
                        1.0,
                        0.5282254834694355,
                        0.36205381892718524,
                        0.11212088545822935,
                        0.2269719797176591,
                        0.0
                    ],
                    [
                        0.5282254834694355,
                        1.279022161386519,
                        0.8766613359525403,
                        0.2714846249246749,
                        0.5495800584362664,
                        0.0
                    ],
                    [
                        0.36205381892718524,
                        0.8766613359525403,
                        1.6008770771578855,
                        -0.6197572138850445,
                        1.0959612352271875,
                        0.0
                    ],
                    [
                        0.11212088545822935,
                        0.2714846249246749,
                        -0.6197572138850445,
                        1.7069983443729555,
                        -1.355537219920472,
                        0.0
                    ],
                    [
                        0.2269719797176591,
                        0.5495800584362664,
                        1.0959612352271875,
                        -1.355537219920472,
                        2.5501899048187515,
                        0.0
                    ],
                    [
                        0.0,
                        0.0,
                        0.0,
                        0.0,
                        0.0,
                        1e-09
                    ]
                ],
                "mui": [
                    0.0,
                    0.0,
                    0.0,
                    0.0,
                    0.0,
                    8.0
                ],
                "Ai": [
                    [
                        0.0,
                        0.0,
                        0.0,
                        0.0,
                        0.0,
                        0.0
                    ],
                    [
                        0.5282254834694355,
                        0.0,
                        0.0,
                        0.0,
                        0.0,
                        0.0
                    ],
                    [
                        -0.0,
                        0.6854152824077724,
                        0.0,
                        0.0,
                        0.0,
                        0.0
                    ],
                    [
                        0.0,
                        0.7645924593466651,
                        -0.8058369247471586,
                        0.0,
                        0.0,
                        0.0
                    ],
                    [
                        0.0,
                        0.6191454153325591,
                        0.0,
                        -0.8925759569705669,
                        0.0,
                        0.0
                    ],
                    [
                        0.0,
                        0.0,
                        0.0,
                        0.0,
                        0.0,
                        0.0
                    ]
                ]
            },
            "est_params": {
                "mui": [
                    -0.01442057266400957,
                    -0.0209054832649419,
                    -0.008737814813705867,
                    0.004576116201871257,
                    -0.08746880771897016,
                    8.000000017588269
                ],
                "Si": [
                    [
                        1.0078946111755813,
                        0.5060697308129578,
                        0.3488427736949302,
                        0.05634554644478489,
                        0.2852296150084737,
                        -1.5944552414712674e-07
                    ],
                    [
                        0.5060697308129578,
                        1.2501876572262274,
                        0.870073276787102,
                        0.20633753072119154,
                        0.5976537730106815,
                        -1.345261862207614e-07
                    ],
                    [
                        0.3488427736949302,
                        0.870073276787102,
                        1.6134654933750825,
                        -0.6539407742286129,
                        1.0984416838297413,
                        -2.496444456464243e-07
                    ],
                    [
                        0.05634554644478489,
                        0.2063375307211916,
                        -0.6539407742286129,
                        1.632686979657085,
                        -1.3111461737395524,
                        -1.1915159929379957e-06
                    ],
                    [
                        0.2852296150084737,
                        0.5976537730106815,
                        1.0984416838297413,
                        -1.3111461737395522,
                        2.535258923038499,
                        2.1824935716772145e-07
                    ],
                    [
                        -1.594455241471266e-07,
                        -1.345261862207614e-07,
                        -2.4964444564642435e-07,
                        -1.1915159929379957e-06,
                        2.1824935716772137e-07,
                        1.0010406890455256e-06
                    ]
                ]
            },
            "est_tgt": [
                0,
                5
            ],
            "oracle_est_tgt": [
                0,
                5
            ]
        },
        "obs": {
            "intv_type": "obs",
            "true_params": {
                "Si": [
                    [
                        1.0,
                        0.5282254834694355,
                        0.36205381892718524,
                        0.11212088545822935,
                        0.2269719797176591,
                        1.4330119065406755
                    ],
                    [
                        0.5282254834694355,
                        1.279022161386519,
                        0.8766613359525403,
                        0.2714846249246749,
                        0.5495800584362664,
                        2.0275934897605463
                    ],
                    [
                        0.36205381892718524,
                        0.8766613359525403,
                        1.6008770771578855,
                        -0.6197572138850445,
                        1.0959612352271875,
                        1.1501597564060309
                    ],
                    [
                        0.11212088545822935,
                        0.2714846249246749,
                        -0.6197572138850445,
                        1.7069983443729555,
                        -1.355537219920472,
                        2.1212149889814094
                    ],
                    [
                        0.2269719797176591,
                        0.5495800584362664,
                        1.0959612352271875,
                        -1.355537219920472,
                        2.5501899048187515,
                        -1.2126793672248737
                    ],
                    [
                        1.4330119065406755,
                        2.0275934897605463,
                        1.1501597564060309,
                        2.1212149889814094,
                        -1.2126793672248737,
                        7.299065722416028
                    ]
                ],
                "mui": [
                    0.0,
                    0.0,
                    0.0,
                    0.0,
                    0.0,
                    0.0
                ],
                "Ai": [
                    [
                        0.0,
                        0.0,
                        0.0,
                        0.0,
                        0.0,
                        0.0
                    ],
                    [
                        0.5282254834694355,
                        0.0,
                        0.0,
                        0.0,
                        0.0,
                        0.0
