{
    "expt_args": {
        "save_dir": "all_expt_logs/expt_logs_11.05.24-mean_shift-corr",
        "exp_name": "161",
        "num_nodes": 6,
        "obs_noise_mean": 0.0,
        "obs_noise_var": 1.0,
        "max_edge_strength": 1.0,
        "graph_sparsity_method": "adj_dense_prop",
        "adj_dense_prop": 0.8,
        "num_parents": null,
        "new_noise_mean": 8.0,
        "mix_samples": 2048,
        "stage2_samples": 2048,
        "gmm_tol": 0.001,
        "intv_type": "do",
        "new_noise_var": null,
        "intv_targets": [
            0,
            1,
            2,
            3,
            4,
            5
        ]
    },
    "intv_args_dict": {
        "0": {
            "intv_type": "do",
            "inode": 0,
            "new_mui": 8.0,
            "new_vari": null,
            "true_params": {
                "Si": [
                    [
                        1e-09,
                        0.0,
                        -8.296948727164143e-10,
                        4.4518232873917295e-10,
                        8.074560856080789e-10,
                        -8.646689930418467e-10
                    ],
                    [
                        0.0,
                        1.0,
                        -0.632307703438999,
                        0.3392719723277169,
                        -0.3261333330282564,
                        -0.2587531816049734
                    ],
                    [
                        -8.296948727164143e-10,
                        -0.632307703438999,
                        1.3998130325166946,
                        -0.7510857860010217,
                        -0.07261490110102875,
                        0.5728319837340791
                    ],
                    [
                        4.4518232873917295e-10,
                        0.3392719723277169,
                        -0.7510857860010217,
                        1.403003718945619,
                        -0.5452623191521091,
                        0.6529269755029193
                    ],
                    [
                        8.074560856080789e-10,
                        -0.3261333330282564,
                        -0.07261490110102875,
                        -0.5452623191521091,
                        1.5254284440605708,
                        -0.5907386074508713
                    ],
                    [
                        -8.646689930418467e-10,
                        -0.2587531816049734,
                        0.5728319837340791,
                        0.6529269755029193,
                        -0.5907386074508713,
                        2.156564796301843
                    ]
                ],
                "mui": [
                    8.0,
                    0.0,
                    -6.637558981731314,
                    3.5614586299133832,
                    6.459648684864631,
                    -6.917351944334773
                ],
                "Ai": [
                    [
                        0.0,
                        0.0,
                        0.0,
                        0.0,
                        0.0,
                        0.0
                    ],
                    [
                        0.0,
                        0.0,
                        0.0,
                        0.0,
                        0.0,
                        0.0
                    ],
                    [
                        -0.8296948727164143,
                        -0.632307703438999,
                        0.0,
                        0.0,
                        0.0,
                        0.0
                    ],
                    [
                        -0.0,
                        0.0,
                        -0.5365615039678979,
                        0.0,
                        0.0,
                        0.0
                    ],
                    [
                        0.5761110037320623,
                        -0.5024406506135846,
                        -0.5923039920466671,
                        -0.5842246796973573,
                        0.0,
                        0.0
                    ],
                    [
                        -0.5251409643477961,
                        0.0,
                        0.9244731572076206,
                        0.9602865662161912,
                        0.0,
                        0.0
                    ]
                ]
            },
            "est_params": {
                "mui": [
                    7.9999956725701935,
                    -0.03936685986168414,
                    -6.614572169841468,
                    3.5524451121270886,
                    6.490324522820648,
                    -6.934711245244062
                ],
                "Si": [
                    [
                        1.0011460983602045e-06,
                        7.921310548597883e-08,
                        -8.798322259265884e-07,
                        3.083668439809979e-06,
                        -4.2075810381049705e-06,
                        3.4304985540629647e-06
                    ],
                    [
                        7.921310548597883e-08,
                        1.072394434259904,
                        -0.6299199371522989,
                        0.3778010096463975,
                        -0.388597131103568,
                        -0.15887357739163321
                    ],
                    [
                        -8.798322259265884e-07,
                        -0.6299199371522989,
                        1.3842212490217356,
                        -0.7682912639821602,
                        -0.06385684190243376,
                        0.5428283556763777
                    ],
                    [
                        3.083668439809979e-06,
                        0.3778010096463975,
                        -0.7682912639821602,
                        1.4417982721161242,
                        -0.6200181232919197,
                        0.7277108899019715
                    ],
                    [
                        -4.2075810381049705e-06,
                        -0.388597131103568,
                        -0.06385684190243376,
                        -0.6200181232919197,
                        1.6749537374050851,
                        -0.6297837306962553
                    ],
                    [
                        3.4304985540629647e-06,
                        -0.15887357739163321,
                        0.5428283556763777,
                        0.7277108899019715,
                        -0.6297837306962553,
                        2.3608944683220394
                    ]
                ]
            },
            "est_tgt": [
                0,
                3,
                5
            ],
            "oracle_est_tgt": [
                0,
                3,
                4,
                5
            ]
        },
        "1": {
            "intv_type": "do",
            "inode": 1,
            "new_mui": 8.0,
            "new_vari": null,
            "true_params": {
                "Si": [
                    [
                        1.0,
                        0.0,
                        -0.8296948727164143,
                        0.4451823287391729,
                        0.8074560856080789,
                        -0.8646689930418466
                    ],
                    [
                        0.0,
                        1e-09,
                        -6.32307703438999e-10,
                        3.392719723277169e-10,
                        -3.2613333302825646e-10,
                        -2.5875318160497344e-10
                    ],
                    [
                        -0.8296948727164143,
                        -6.32307703438999e-10,
                        1.68839358221172,
                        -0.9059269997612671,
                        -0.9487736932195623,
                        1.1266317832857893
                    ],
                    [
                        0.4451823287391729,
                        3.392719723277169e-10,
                        -0.9059269997612671,
                        1.486085553477031,
                        -0.07514923993829192,
                        0.3557793221583332
                    ],
                    [
                        0.8074560856080789,
                        -3.2613333302825646e-10,
                        -0.9487736932195623,
                        -0.07514923993829192,
                        2.07105082278835,
                        -1.3733088846850454
                    ],
                    [
                        -0.8646689930418466,
                        -2.5875318160497344e-10,
                        1.1266317832857893,
                        0.3557793221583332,
                        -1.3733088846850454,
                        2.8372640541584486
                    ]
                ],
                "mui": [
                    0.0,
                    8.0,
                    -5.058461627511992,
                    2.714175778621735,
                    -2.6090666642260514,
                    -2.0700254528397872
                ],
                "Ai": [
                    [
                        0.0,
                        0.0,
                        0.0,
                        0.0,
                        0.0,
                        0.0
                    ],
                    [
                        0.0,
                        0.0,
                        0.0,
                        0.0,
                        0.0,
                        0.0
                    ],
                    [
                        -0.8296948727164143,
                        -0.632307703438999,
                        0.0,
                        0.0,
                        0.0,
                        0.0
                    ],
                    [
                        -0.0,
                        0.0,
                        -0.5365615039678979,
                        0.0,
                        0.0,
                        0.0
                    ],
                    [
                        0.5761110037320623,
                        -0.5024406506135846,
                        -0.5923039920466671,
                        -0.5842246796973573,
                        0.0,
                        0.0
                    ],
                    [
                        -0.5251409643477961,
                        0.0,
                        0.9244731572076206,
                        0.9602865662161912,
                        0.0,
                        0.0
                    ]
                ]
            },
            "est_params": {
                "mui": [
                    -0.025897377043659568,
                    8.000001533704182,
                    -5.161805409891792,
                    2.7695015465587836,
                    -2.6138110578785496,
                    -2.078919974267374
                ],
                "Si": [
                    [
                        1.0432416711125905,
                        -2.882149961172561e-07,
                        -0.8303514806425376,
                        0.4820050504698121,
                        0.7907272815054224,
                        -0.8086990376311534
                    ],
                    [
                        -2.882149961172561e-07,
                        1.0010045746297534e-06,
                        -2.3177744333381825e-06,
                        -3.514928271524167e-07,
                        2.200355762142097e-06,
                        -2.8456442309328256e-06
                    ],
                    [
                        -0.8303514806425376,
                        -2.3177744333381825e-06,
                        1.7227904293877423,
                        -0.9280158747663966,
                        -0.96624728851628,
                        1.061511988269251
                    ],
                    [
                        0.4820050504698121,
                        -3.5149282715241687e-07,
                        -0.9280158747663966,
                        1.3186237721901914,
                        0.1011123888969348,
                        0.2249383549636781
                    ],
                    [
                        0.7907272815054224,
                        2.200355762142097e-06,
                        -0.96624728851628,
                        0.1011123888969348,
                        1.9508521641869006,
                        -1.199847280290702
                    ],
                    [
                        -0.8086990376311534,
                        -2.8456442309328256e-06,
                        1.061511988269251,
                        0.2249383549636781,
                        -1.199847280290702,
                        2.6163886158044374
                    ]
                ]
            },
            "est_tgt": [
                0,
                1,
                2,
                3,
                4,
                5
            ],
            "oracle_est_tgt": [
                0,
                1,
                2,
                3,
                4,
                5
            ]
        },
        "2": {
            "intv_type": "do",
            "inode": 2,
            "new_mui": 8.0,
            "new_vari": null,
            "true_params": {
                "Si": [
                    [
                        1.0,
                        0.0,
                        0.0,
                        0.0,
                        0.5761110037320623,
                        -0.5251409643477961
                    ],
                    [
                        0.0,
                        1.0,
                        0.0,
                        0.0,
                        -0.5024406506135846,
                        0.0
                    ],
                    [
                        0.0,
                        0.0,
                        1e-09,
                        -5.365615039678979e-10,
                        -2.7883151925308967e-10,
                        4.0922035299849267e-10
                    ],
                    [
                        0.0,
                        0.0,
                        -5.365615039678979e-10,
                        1.0000000002878981,
                        -0.584224679547747,
                        0.9602865659966193
                    ],
                    [
                        0.5761110037320623,
                        -0.5024406506135846,
                        -2.7883151925308967e-10,
                        -0.584224679547747,
                        1.925668972455393,
                        -0.8635625997506648
                    ],
                    [
                        -0.5251409643477961,
                        0.0,
                        4.0922035299849267e-10,
                        0.9602865659966193,
                        -0.8635625997506648,
                        2.197923321858878
                    ]
                ],
                "mui": [
                    0.0,
                    0.0,
                    8.0,
                    -4.292492031743183,
                    -2.230652154024717,
                    3.273762823987941
                ],
                "Ai": [
                    [
                        0.0,
                        0.0,
                        0.0,
                        0.0,
                        0.0,
                        0.0
                    ],
                    [
                        0.0,
                        0.0,
                        0.0,
                        0.0,
                        0.0,
                        0.0
                    ],
                    [
                        0.0,
                        0.0,
                        0.0,
                        0.0,
                        0.0,
                        0.0
                    ],
                    [
                        -0.0,
                        0.0,
                        -0.5365615039678979,
                        0.0,
                        0.0,
                        0.0
                    ],
                    [
                        0.5761110037320623,
                        -0.5024406506135846,
                        -0.5923039920466671,
                        -0.5842246796973573,
                        0.0,
                        0.0
                    ],
                    [
                        -0.5251409643477961,
                        0.0,
                        0.9244731572076206,
                        0.9602865662161912,
                        0.0,
                        0.0
                    ]
                ]
            },
            "est_params": {
                "mui": [
                    0.0894146480062979,
                    -0.0790574620967196,
                    7.999998968517868,
                    -4.210512099740457,
                    -2.1833044086988314,
                    3.326006228547682
                ],
                "Si": [
                    [
                        1.1012670116321523,
                        0.03746544160932123,
                        -5.285190391736601e-06,
                        0.015041769301419185,
                        0.5521333542992443,
                        -0.49438980104675406
                    ],
                    [
                        0.037465441609321234,
                        0.8824569291062472,
                        1.4847671094572644e-06,
                        -0.08257358437121275,
                        -0.44109078715673855,
                        -0.10494627848018899
                    ],
                    [
                        -5.285190391736601e-06,
                        1.4847671094572644e-06,
                        1.0008858318581799e-06,
                        -3.467500757870277e-06,
                        6.295595551012691e-07,
                        -1.670606433119241e-06
                    ],
                    [
                        0.015041769301419178,
                        -0.08257358437121273,
                        -3.467500757870277e-06,
                        0.9821265093352309,
                        -0.4403916347629211,
                        1.0076328106045949
                    ],
                    [
                        0.5521333542992444,
                        -0.44109078715673855,
                        6.295595551012689e-07,
                        -0.440391634762921,
                        1.6454384488411768,
                        -0.701221247597129
                    ],
                    [
                        -0.49438980104675406,
                        -0.104946278480189,
                        -1.670606433119241e-06,
                        1.0076328106045946,
                        -0.701221247597129,
                        2.2250183079715304
                    ]
                ]
            },
            "est_tgt": [
                0,
                1,
                2,
                3,
                4,
                5
            ],
            "oracle_est_tgt": [
                0,
                1,
                2,
                3,
                5
            ]
        },
        "3": {
            "intv_type": "do",
            "inode": 3,
            "new_mui": 8.0,
            "new_vari": null,
            "true_params": {
                "Si": [
                    [
                        1.0,
                        0.0,
                        -0.8296948727164143,
                        0.0,
                        1.0675425890226458,
                        -1.2921716028469146
                    ],
                    [
                        0.0,
                        1.0,
                        -0.632307703438999,
                        0.0,
                        -0.12792227366480538,
                        -0.5845514989249513
                    ],
                    [
                        -0.8296948727164143,
                        -0.632307703438999,
                        2.088206613640208,
                        0.0,
                        -1.397152365485474,
                        2.366197726586517
                    ],
                    [
                        0.0,
                        0.0,
                        0.0,
                        1e-09,
                        -5.842246796973573e-10,
                        9.602865662161914e-10
                    ],
                    [
                        1.0675425890226458,
                        -0.12792227366480538,
                        -1.397152365485474,
                        -5.842246796973573e-10,
                        2.5068353068124836,
                        -1.8522402036631702
                    ],
                    [
                        -1.2921716028469146,
                        -0.5845514989249513,
                        2.366197726586517,
                        9.602865662161914e-10,
                        -1.8522402036631702,
                        3.866058525418948
                    ]
                ],
                "mui": [
                    0.0,
                    0.0,
                    0.0,
                    8.0,
                    -4.673797437578858,
                    7.68229252972953
                ],
                "Ai": [
                    [
                        0.0,
                        0.0,
                        0.0,
                        0.0,
                        0.0,
                        0.0
                    ],
                    [
                        0.0,
                        0.0,
                        0.0,
                        0.0,
                        0.0,
                        0.0
                    ],
                    [
                        -0.8296948727164143,
                        -0.632307703438999,
                        0.0,
                        0.0,
                        0.0,
                        0.0
                    ],
                    [
                        0.0,
                        0.0,
                        0.0,
                        0.0,
                        0.0,
                        0.0
                    ],
                    [
                        0.5761110037320623,
                        -0.5024406506135846,
                        -0.5923039920466671,
                        -0.5842246796973573,
                        0.0,
                        0.0
                    ],
                    [
                        -0.5251409643477961,
                        0.0,
                        0.9244731572076206,
                        0.9602865662161912,
                        0.0,
                        0.0
                    ]
                ]
            },
            "est_params": {
                "mui": [
                    0.017815368330493606,
                    0.03930348297807086,
                    -0.054615260323250606,
                    7.999999449799043,
                    -4.658842827848167,
                    7.668437741281951
                ],
                "Si": [
                    [
                        0.9345568732237308,
                        -0.007368564868581152,
                        -0.7871479885743102,
                        -6.008403635899719e-07,
                        0.9789319488241159,
                        -1.117699606620481
                    ],
                    [
                        -0.007368564868581152,
                        0.9682118911353816,
                        -0.5436644385746026,
                        -2.394247846256301e-07,
                        -0.16926278638752673,
                        -0.6035773475009597
                    ],
                    [
                        -0.7871479885743102,
                        -0.5436644385746026,
                        1.900432207272876,
                        4.352219062114438e-06,
                        -1.3150828755325141,
                        2.164103475035353
                    ],
                    [
                        -6.008403635899719e-07,
                        -2.394247846256299e-07,
                        4.352219062114438e-06,
                        1.0009818129754083e-06,
                        -3.2171203055256538e-06,
                        8.348277432302274e-06
                    ],
                    [
                        0.9789319488241159,
                        -0.16926278638752673,
                        -1.3150828755325141,
                        -3.217120305525654e-06,
                        2.479821008099046,
                        -1.6202847663090203
                    ],
                    [
                        -1.117699606620481,
                        -0.6035773475009597,
                        2.164103475035353,
                        8.348277432302274e-06,
                        -1.62028476630902,
                        3.5261106005122342
                    ]
                ]
            },
            "est_tgt": [
                1,
                2,
                3,
                5
            ],
            "oracle_est_tgt": [
                1,
                2,
                3,
                5
            ]
        },
        "4": {
            "intv_type": "do",
            "inode": 4,
            "new_mui": 8.0,
            "new_vari": null,
            "true_params": {
                "Si": [
                    [
                        1.0,
                        0.0,
                        -0.8296948727164143,
                        0.4451823287391729,
                        0.0,
                        -0.8646689930418466
                    ],
                    [
                        0.0,
                        1.0,
                        -0.632307703438999,
                        0.3392719723277169,
                        0.0,
                        -0.2587531816049734
                    ],
                    [
                        -0.8296948727164143,
                        -0.632307703438999,
                        2.088206613640208,
                        -1.1204512812105012,
                        0.0,
                        1.2902434131403526
                    ],
                    [
                        0.4451823287391729,
                        0.3392719723277169,
                        -1.1204512812105012,
                        1.6011910245690646,
                        0.0,
                        0.26799161997692966
                    ],
                    [
                        0.0,
                        0.0,
                        0.0,
                        0.0,
                        1e-09,
                        0.0
                    ],
                    [
                        -0.8646689930418466,
                        -0.2587531816049734,
                        1.2902434131403526,
                        0.26799161997692966,
                        0.0,
                        2.9042172630821916
                    ]
                ],
                "mui": [
                    0.0,
                    0.0,
                    0.0,
                    0.0,
                    8.0,
                    0.0
                ],
                "Ai": [
                    [
                        0.0,
                        0.0,
                        0.0,
                        0.0,
                        0.0,
                        0.0
                    ],
                    [
                        0.0,
                        0.0,
                        0.0,
                        0.0,
                        0.0,
                        0.0
                    ],
                    [
                        -0.8296948727164143,
                        -0.632307703438999,
                        0.0,
                        0.0,
                        0.0,
                        0.0
                    ],
                    [
                        -0.0,
                        0.0,
                        -0.5365615039678979,
                        0.0,
                        0.0,
                        0.0
                    ],
                    [
                        0.0,
                        0.0,
                        0.0,
                        0.0,
                        0.0,
                        0.0
                    ],
                    [
                        -0.5251409643477961,
                        0.0,
                        0.9244731572076206,
                        0.9602865662161912,
                        0.0,
                        0.0
                    ]
                ]
            },
            "est_params": {
                "mui": [
                    -0.03371193692751661,
                    0.03763951207071991,
                    0.057086469352414355,
                    -0.12357710945337855,
                    7.999999824586844,
                    -0.029960902998145605
                ],
                "Si": [
                    [
                        1.0008830096678822,
                        0.05722137165334641,
                        -0.8021905898678662,
                        0.4988093372237232,
                        -4.4283389281146904e-07,
                        -0.8091924775235527
                    ],
                    [
                        0.05722137165334641,
                        0.9856102189055967,
                        -0.6550247805818156,
                        0.3890412412396332,
                        -2.1252611411907575e-06,
                        -0.3089496223728156
                    ],
                    [
                        -0.8021905898678662,
                        -0.6550247805818156,
                        2.076010940476383,
                        -1.2277700291243039,
                        -1.037168727628413e-06,
                        1.2706480141748462
                    ],
                    [
                        0.4988093372237232,
                        0.3890412412396332,
                        -1.2277700291243039,
                        1.6750758446397263,
                        2.0786829265279326e-06,
                        0.1910579596365387
                    ],
                    [
                        -4.4283389281146904e-07,
                        -2.1252611411907575e-06,
                        -1.037168727628413e-06,
                        2.0786829265279326e-06,
                        1.0009129604734461e-06,
                        7.679403417753458e-07
                    ],
                    [
                        -0.8091924775235527,
                        -0.3089496223728156,
                        1.2706480141748462,
                        0.19105795963653874,
                        7.679403417753454e-07,
                        2.9484667948217713
                    ]
                ]
            },
            "est_tgt": [
                1,
                4
            ],
            "oracle_est_tgt": [
                0,
                1,
                4
            ]
        },
        "5": {
            "intv_type": "do",
            "inode": 5,
            "new_mui": 8.0,
            "new_vari": null,
            "true_params": {
                "Si": [
                    [
                        1.0,
                        0.0,
                        -0.8296948727164143,
                        0.4451823287391729,
                        0.8074560856080789,
                        0.0
                    ],
                    [
                        0.0,
                        1.0,
                        -0.632307703438999,
                        0.3392719723277169,
                        -0.3261333330282564,
                        0.0
                    ],
                    [
                        -0.8296948727164143,
                        -0.632307703438999,
                        2.088206613640208,
                        -1.1204512812105012,
                        -0.7425570746037757,
                        0.0
                    ],
                    [
                        0.4451823287391729,
                        0.3392719723277169,
                        -1.1204512812105012,
                        1.6011910245690646,
                        -0.18579713896595274,
                        0.0
                    ],
                    [
                        0.8074560856080789,
                        -0.3261333330282564,
                        -0.7425570746037757,
                        -0.18579713896595274,
                        2.1774137735941066,
                        0.0
                    ],
                    [
                        0.0,
                        0.0,
                        0.0,
                        0.0,
                        0.0,
                        1e-09
                    ]
                ],
                "mui": [
                    0.0,
                    0.0,
                    0.0,
                    0.0,
                    0.0,
                    8.0
                ],
                "Ai": [
                    [
                        0.0,
                        0.0,
                        0.0,
                        0.0,
                        0.0,
                        0.0
                    ],
                    [
                        0.0,
                        0.0,
                        0.0,
                        0.0,
                        0.0,
                        0.0
                    ],
                    [
                        -0.8296948727164143,
                        -0.632307703438999,
                        0.0,
                        0.0,
                        0.0,
                        0.0
                    ],
                    [
                        -0.0,
                        0.0,
                        -0.5365615039678979,
                        0.0,
                        0.0,
                        0.0
                    ],
                    [
                        0.5761110037320623,
                        -0.5024406506135846,
                        -0.5923039920466671,
                        -0.5842246796973573,
                        0.0,
                        0.0
                    ],
                    [
                        0.0,
                        0.0,
                        0.0,
                        0.0,
                        0.0,
                        0.0
                    ]
                ]
            },
            "est_params": {
                "mui": [
                    -0.07539827499610095,
                    -0.07117678416563045,
                    0.037986250756267145,
                    -0.080006308649351,
                    -0.04645097903254278,
                    7.999999504401304
                ],
                "Si": [
                    [
                        1.0549578266308297,
                        -0.08405823905911769,
                        -0.839776034215245,
                        0.3327237310219948,
                        0.8647408602707839,
                        3.3035365150989942e-06
                    ],
                    [
                        -0.08405823905911769,
                        0.9881546532100044,
                        -0.5546741129198258,
                        0.3656998397395099,
                        -0.4993117168350763,
                        -8.202331150750178e-08
                    ],
                    [
                        -0.839776034215245,
                        -0.5546741129198258,
                        2.0611050237198687,
                        -1.005984704605261,
                        -0.7629956957593208,
                        1.1732205196124217e-07
                    ],
                    [
                        0.3327237310219948,
                        0.36569983973950987,
                        -1.005984704605261,
                        1.4174099344120215,
                        -0.31764732558214887,
                        -8.772282240490231e-07
                    ],
                    [
                        0.864740860270784,
                        -0.4993117168350763,
                        -0.7629956957593208,
                        -0.31764732558214887,
                        2.241272972769978,
                        1.015745841630764e-06
                    ],
                    [
                        3.3035365150989942e-06,
                        -8.202331150750188e-08,
                        1.1732205196124208e-07,
                        -8.772282240490229e-07,
                        1.0157458416307647e-06,
                        1.0009067199174586e-06
                    ]
                ]
            },
            "est_tgt": [
                0,
                2,
                5
            ],
            "oracle_est_tgt": [
                0,
                2,
                5
            ]
        },
        "obs": {
            "intv_type": "obs",
            "true_params": {
                "Si": [
                    [
                        1.0,
                        0.0,
                        -0.8296948727164143,
                        0.4451823287391729,
                        0.8074560856080789,
                        -0.8646689930418466
                    ],
                    [
                        0.0,
                        1.0,
                        -0.632307703438999,
                        0.3392719723277169,
                        -0.3261333330282564,
                        -0.2587531816049734
                    ],
                    [
                        -0.8296948727164143,
                        -0.632307703438999,
                        2.088206613640208,
                        -1.1204512812105012,
                        -0.7425570746037757,
                        1.2902434131403526
                    ],
                    [
                        0.4451823287391729,
                        0.3392719723277169,
                        -1.1204512812105012,
                        1.6011910245690646,
                        -0.18579713896595274,
                        0.26799161997692966
                    ],
                    [
                        0.8074560856080789,
                        -0.3261333330282564,
                        -0.7425570746037757,
                        -0.18579713896595274,
                        2.1774137735941066,
                        -1.288920847220938
                    ],
                    [
                        -0.8646689930418466,
                        -0.2587531816049734,
                        1.2902434131403526,
                        0.26799161997692966,
                        -1.288920847220938,
                        2.9042172630821916
                    ]
                ],
                "mui": [
                    0.0,
                    0.0,
                    0.0,
                    0.0,
                    0.0,
                    0.0
                ],
                "Ai": [
                    [
                        0.0,
                        0.0,
                        0.0,
                        0.0,
                        0.0,
                        0.0
