{
    "expt_args": {
        "save_dir": "all_expt_logs/expt_logs_11.05.24-mean_shift-corr",
        "exp_name": "416",
        "num_nodes": 6,
        "obs_noise_mean": 0.0,
        "obs_noise_var": 1.0,
        "max_edge_strength": 1.0,
        "graph_sparsity_method": "adj_dense_prop",
        "adj_dense_prop": 0.8,
        "num_parents": null,
        "new_noise_mean": 1.0,
        "mix_samples": 1024,
        "stage2_samples": 1024,
        "gmm_tol": 0.001,
        "intv_type": "do",
        "new_noise_var": null,
        "intv_targets": [
            0,
            1,
            2,
            3,
            4,
            5
        ]
    },
    "intv_args_dict": {
        "0": {
            "intv_type": "do",
            "inode": 0,
            "new_mui": 1.0,
            "new_vari": null,
            "true_params": {
                "Si": [
                    [
                        1e-09,
                        9.873656199021753e-10,
                        1.7284881485844095e-09,
                        1.6540963667061855e-09,
                        -1.7259505405371176e-10,
                        -4.395455658299808e-10
                    ],
                    [
                        9.873656199021753e-10,
                        1.0000000009748908,
                        0.9745062208973809,
                        0.6401215727952957,
                        -0.24270612867956334,
                        0.41059360343461077
                    ],
                    [
                        1.7284881485844095e-09,
                        0.9745062208973809,
                        1.9496623742290846,
                        1.2806700650276794,
                        0.21343160427036034,
                        0.8214610464563482
                    ],
                    [
                        1.6540963667061855e-09,
                        0.6401215727952957,
                        1.2806700650276794,
                        1.8412306857135157,
                        -0.3952675127409624,
                        -0.030671815601387098
                    ],
                    [
                        -1.7259505405371176e-10,
                        -0.24270612867956334,
                        0.21343160427036034,
                        -0.3952675127409624,
                        1.5480829829502323,
                        0.39528139929849054
                    ],
                    [
                        -4.395455658299808e-10,
                        0.41059360343461077,
                        0.8214610464563482,
                        -0.030671815601387098,
                        0.39528139929849054,
                        1.6713101670483166
                    ]
                ],
                "mui": [
                    1.0,
                    0.9873656199021752,
                    1.7284881485844095,
                    1.6540963667061854,
                    -0.17259505405371176,
                    -0.4395455658299808
                ],
                "Ai": [
                    [
                        0.0,
                        0.0,
                        0.0,
                        0.0,
                        0.0,
                        0.0
                    ],
                    [
                        0.9873656199021752,
                        0.0,
                        0.0,
                        0.0,
                        0.0,
                        0.0
                    ],
                    [
                        0.7662942113746283,
                        0.9745062191907311,
                        0.0,
                        0.0,
                        0.0,
                        0.0
                    ],
                    [
                        0.5187084875752017,
                        -0.0,
                        0.6568676100329871,
                        0.0,
                        0.0,
                        0.0
                    ],
                    [
                        0.0,
                        -0.6811854320480146,
                        0.8016790762373198,
                        -0.5354638204540138,
                        0.0,
                        0.0
                    ],
                    [
                        -0.872017923510279,
                        -0.0,
                        0.7959223006796625,
                        -0.5702629696943691,
                        -0.0,
                        0.0
                    ]
                ]
            },
            "est_params": {
                "mui": [
                    1.0000072129458142,
                    1.095331790479793,
                    1.9091746591869092,
                    1.7850334744650782,
                    -0.15289946583781322,
                    -0.38483522681138976
                ],
                "Si": [
                    [
                        1.0100423034708085e-06,
                        -1.8663303940880996e-06,
                        -3.887479618710828e-06,
                        -1.2056909719016233e-06,
                        -5.869250351067817e-06,
                        -2.2518028227958697e-06
                    ],
                    [
                        -1.8663303940881e-06,
                        1.1212292653572813,
                        1.174141583290679,
                        0.6976370709656368,
                        -0.2976655892684135,
                        0.4942289196136929
                    ],
                    [
                        -3.887479618710828e-06,
                        1.174141583290679,
                        2.3124906334297175,
                        1.3514685791864374,
                        0.16545777059500627,
                        1.0326517832275124
                    ],
                    [
                        -1.2056909719016229e-06,
                        0.6976370709656368,
                        1.3514685791864374,
                        1.8859541782894547,
                        -0.3548533691714339,
                        0.020877668812442032
                    ],
                    [
                        -5.869250351067817e-06,
                        -0.2976655892684136,
                        0.16545777059500627,
                        -0.3548533691714339,
                        1.4484606735970846,
                        0.4578514374453005
                    ],
                    [
                        -2.25180282279587e-06,
                        0.49422891961369303,
                        1.0326517832275126,
                        0.020877668812442046,
                        0.4578514374453005,
                        1.8027110558564894
                    ]
                ]
            },
            "est_tgt": [
                0,
                2,
                3
            ],
            "oracle_est_tgt": [
                0,
                2,
                5
            ]
        },
        "1": {
            "intv_type": "do",
            "inode": 1,
            "new_mui": 1.0,
            "new_vari": null,
            "true_params": {
                "Si": [
                    [
                        1.0,
                        0.0,
                        0.7662942113746283,
                        1.0220623347829665,
                        0.06704463297578109,
                        -0.8449515740415722
                    ],
                    [
                        0.0,
                        1e-09,
                        9.745062191907313e-10,
                        6.401215711620978e-10,
                        -2.427061285091489e-10,
                        4.1059360386860294e-10
                    ],
                    [
                        0.7662942113746283,
                        9.745062191907313e-10,
                        1.587206819335926,
                        1.440068061465014,
                        0.5013261501531182,
                        -0.22614647299360285
                    ],
                    [
                        1.0220623347829665,
                        6.401215711620978e-10,
                        1.440068061465014,
                        2.4760864737022126,
                        -0.17138229018499468,
                        -1.1570948159724566
                    ],
                    [
                        0.06704463297578109,
                        -2.427061285091489e-10,
                        0.5013261501531182,
                        -0.17138229018499468,
                        1.4936717009743072,
                        0.43828551494461554
                    ],
                    [
                        -0.8449515740415722,
                        4.1059360386860294e-10,
                        -0.22614647299360285,
                        -1.1570948159724566,
                        0.43828551494461554,
                        2.2166662219612263
                    ]
                ],
                "mui": [
                    0.0,
                    1.0,
                    0.9745062191907311,
                    0.6401215711620978,
                    -0.2427061285091489,
                    0.41059360386860294
                ],
                "Ai": [
                    [
                        0.0,
                        0.0,
                        0.0,
                        0.0,
                        0.0,
                        0.0
                    ],
                    [
                        0.0,
                        0.0,
                        0.0,
                        0.0,
                        0.0,
                        0.0
                    ],
                    [
                        0.7662942113746283,
                        0.9745062191907311,
                        0.0,
                        0.0,
                        0.0,
                        0.0
                    ],
                    [
                        0.5187084875752017,
                        -0.0,
                        0.6568676100329871,
                        0.0,
                        0.0,
                        0.0
                    ],
                    [
                        0.0,
                        -0.6811854320480146,
                        0.8016790762373198,
                        -0.5354638204540138,
                        0.0,
                        0.0
                    ],
                    [
                        -0.872017923510279,
                        -0.0,
                        0.7959223006796625,
                        -0.5702629696943691,
                        -0.0,
                        0.0
                    ]
                ]
            },
            "est_params": {
                "mui": [
                    -0.07178152770846133,
                    0.9999976522532582,
                    0.8953930099373084,
                    0.5279345242569514,
                    -0.3287166391752393,
                    0.35828238002237606
                ],
                "Si": [
                    [
                        1.0028900178248903,
                        8.733252642212313e-07,
                        0.8270183419423708,
                        1.117234184063621,
                        0.014011345007418073,
                        -0.8317315758596711
                    ],
                    [
                        8.733252642212315e-07,
                        1.0010125068838586e-06,
                        -3.993884288175546e-07,
                        3.0888323273842256e-06,
                        -5.357726468061949e-06,
                        -4.569730257225022e-06
                    ],
                    [
                        0.8270183419423708,
                        -3.993884288175546e-07,
                        1.5357552042836866,
                        1.4611002216998266,
                        0.4524554575755284,
                        -0.3574369340751187
                    ],
                    [
                        1.117234184063621,
                        3.0888323273842256e-06,
                        1.4611002216998266,
                        2.5409325117959263,
                        -0.12850858324085987,
                        -1.1881495503994957
                    ],
                    [
                        0.014011345007418104,
                        -5.357726468061947e-06,
                        0.4524554575755284,
                        -0.12850858324085987,
                        1.337224847570619,
                        0.4563168746606598
                    ],
                    [
                        -0.8317315758596711,
                        -4.5697302572250215e-06,
                        -0.3574369340751187,
                        -1.1881495503994959,
                        0.4563168746606598,
                        1.7851046093698373
                    ]
                ]
            },
            "est_tgt": [
                1,
                2,
                3
            ],
            "oracle_est_tgt": [
                1,
                2
            ]
        },
        "2": {
            "intv_type": "do",
            "inode": 2,
            "new_mui": 1.0,
            "new_vari": null,
            "true_params": {
                "Si": [
                    [
                        1.0,
                        0.9873656199021752,
                        0.0,
                        0.5187084875752017,
                        -0.9503287048413598,
                        -1.1678181660405882
                    ],
                    [
                        0.9873656199021752,
                        1.9748908673648067,
                        0.0,
                        0.5121549273832088,
                        -1.6195073228145351,
                        -1.1530635074456868
                    ],
                    [
                        0.0,
                        0.0,
                        1e-09,
                        6.568676100329872e-10,
                        4.499502362365593e-10,
                        4.2133502668620854e-10
                    ],
                    [
                        0.5187084875752017,
                        0.5121549273832088,
                        6.568676100329872e-10,
                        1.2690584955140283,
                        -1.028407385346018,
                        -1.176020164087367
                    ],
                    [
                        -0.9503287048413598,
                        -1.6195073228145351,
                        4.499502362365593e-10,
                        -1.028407385346018,
                        2.65385974329756,
                        1.4151663138291424
                    ],
                    [
                        -1.1678181660405882,
                        -1.1530635074456868,
                        4.2133502668620854e-10,
                        -1.176020164087367,
                        1.4151663138291424,
                        2.6889991237165667
                    ]
                ],
                "mui": [
                    0.0,
                    0.0,
                    1.0,
                    0.6568676100329871,
                    0.4499502362365593,
                    0.42133502668620854
                ],
                "Ai": [
                    [
                        0.0,
                        0.0,
                        0.0,
                        0.0,
                        0.0,
                        0.0
                    ],
                    [
                        0.9873656199021752,
                        0.0,
                        0.0,
                        0.0,
                        0.0,
                        0.0
                    ],
                    [
                        0.0,
                        0.0,
                        0.0,
                        0.0,
                        0.0,
                        0.0
                    ],
                    [
                        0.5187084875752017,
                        -0.0,
                        0.6568676100329871,
                        0.0,
                        0.0,
                        0.0
                    ],
                    [
                        0.0,
                        -0.6811854320480146,
                        0.8016790762373198,
                        -0.5354638204540138,
                        0.0,
                        0.0
                    ],
                    [
                        -0.872017923510279,
                        -0.0,
                        0.7959223006796625,
                        -0.5702629696943691,
                        -0.0,
                        0.0
                    ]
                ]
            },
            "est_params": {
                "mui": [
                    -0.02788650643329001,
                    -0.10618654355981491,
                    0.9999952974622909,
                    0.6824435125805288,
                    0.4809030979477059,
                    0.37916218805440405
                ],
                "Si": [
                    [
                        1.0591393188689837,
                        1.1645999261455011,
                        -3.942967193646245e-06,
                        0.47103033157976126,
                        -1.049910249358911,
                        -1.2390720200925898
                    ],
                    [
                        1.1645999261455013,
                        2.687512051541277,
                        -7.96038853573964e-06,
                        0.3895527426450138,
                        -2.068137265533179,
                        -1.171793236186867
                    ],
                    [
                        -3.9429671936462456e-06,
                        -7.960388535739636e-06,
                        1.0037849028757547e-06,
                        -4.157393030692561e-06,
                        8.69410076192921e-06,
                        5.692465137674701e-06
                    ],
                    [
                        0.47103033157976126,
                        0.3895527426450138,
                        -4.15739303069256e-06,
                        1.0850045679868248,
                        -0.8370388954927633,
                        -0.9539786743583556
                    ],
                    [
                        -1.049910249358911,
                        -2.068137265533179,
                        8.69410076192921e-06,
                        -0.8370388954927634,
                        2.839167936854264,
                        1.2441285641645803
                    ],
                    [
                        -1.2390720200925898,
                        -1.171793236186867,
                        5.6924651376747e-06,
                        -0.9539786743583556,
                        1.2441285641645803,
                        2.402910570470797
                    ]
                ]
            },
            "est_tgt": [
                0,
                1,
                2
            ],
            "oracle_est_tgt": [
                1,
                2
            ]
        },
        "3": {
            "intv_type": "do",
            "inode": 3,
            "new_mui": 1.0,
            "new_vari": null,
            "true_params": {
                "Si": [
                    [
                        1.0,
                        0.9873656199021752,
                        1.7284881485844095,
                        0.0,
                        0.7131137058618856,
                        0.5037243404085546
                    ],
                    [
                        0.9873656199021752,
                        1.9748908673648067,
                        2.6811559915113397,
                        0.0,
                        0.8041597697893919,
                        1.272991327632233
                    ],
                    [
                        1.7284881485844095,
                        2.6811559915113397,
                        4.937333651038173,
                        0.0,
                        2.131792677973941,
                        2.4224613126167176
                    ],
                    [
                        0.0,
                        0.0,
                        0.0,
                        1e-09,
                        -5.354638204540138e-10,
                        -5.702629696943691e-10
                    ],
                    [
                        0.7131137058618856,
                        0.8041597697893919,
                        2.131792677973941,
                        -5.354638204540138e-10,
                        2.161231664874734,
                        1.0748934001180321
                    ],
                    [
                        0.5037243404085546,
                        1.272991327632233,
                        2.4224613126167176,
                        -5.702629696943691e-10,
                        1.0748934001180321,
                        2.48883432822592
                    ]
                ],
                "mui": [
                    0.0,
                    0.0,
                    0.0,
                    1.0,
                    -0.5354638204540138,
                    -0.5702629696943691
                ],
                "Ai": [
                    [
                        0.0,
                        0.0,
                        0.0,
                        0.0,
                        0.0,
                        0.0
                    ],
                    [
                        0.9873656199021752,
                        0.0,
                        0.0,
                        0.0,
                        0.0,
                        0.0
                    ],
                    [
                        0.7662942113746283,
                        0.9745062191907311,
                        0.0,
                        0.0,
                        0.0,
                        0.0
                    ],
                    [
                        0.0,
                        0.0,
                        0.0,
                        0.0,
                        0.0,
                        0.0
                    ],
                    [
                        0.0,
                        -0.6811854320480146,
                        0.8016790762373198,
                        -0.5354638204540138,
                        0.0,
                        0.0
                    ],
                    [
                        -0.872017923510279,
                        -0.0,
                        0.7959223006796625,
                        -0.5702629696943691,
                        -0.0,
                        0.0
                    ]
                ]
            },
            "est_params": {
                "mui": [
                    -0.09297523047378486,
                    -0.22792312395152287,
                    -0.3119053711810341,
                    0.9999972160104493,
                    -0.6869447350264511,
                    -0.7939807548243035
                ],
                "Si": [
                    [
                        0.9451395617508357,
                        0.9909141804301586,
                        1.6094011651000077,
                        8.971956576451441e-07,
                        0.6871030310214534,
                        0.41726124938508385
                    ],
                    [
                        0.9909141804301586,
                        2.2554269783360517,
                        2.892975607259659,
                        2.5788391114682194e-06,
                        0.8317326934253243,
                        1.388258989958945
                    ],
                    [
                        1.6094011651000077,
                        2.892975607259659,
                        5.15675568001156,
                        7.237432944766243e-06,
                        2.2598164614032674,
                        2.6443715049149956
                    ],
                    [
                        8.971956576451441e-07,
                        2.57883911146822e-06,
                        7.237432944766245e-06,
                        1.0042212225708703e-06,
                        7.952437608839517e-06,
                        1.4421380583870413e-05
                    ],
                    [
                        0.6871030310214534,
                        0.8317326934253243,
                        2.2598164614032674,
                        7.952437608839517e-06,
                        2.2875675870925667,
                        1.117005962284635
                    ],
                    [
                        0.41726124938508385,
                        1.388258989958945,
                        2.6443715049149956,
                        1.4421380583870413e-05,
                        1.117005962284635,
                        2.728838955482036
                    ]
                ]
            },
            "est_tgt": [
                0,
                1,
                3,
                4
            ],
            "oracle_est_tgt": [
                0,
                3
            ]
        },
        "4": {
            "intv_type": "do",
            "inode": 4,
            "new_mui": 1.0,
            "new_vari": null,
            "true_params": {
                "Si": [
                    [
                        1.0,
                        0.9873656199021752,
                        1.7284881485844095,
                        1.6540963667061854,
                        0.0,
                        -0.4395455658299808
                    ],
                    [
                        0.9873656199021752,
                        1.9748908673648067,
                        2.6811559915113397,
                        2.273319455652886,
                        0.0,
                        -0.023398576212368405
                    ],
                    [
                        1.7284881485844095,
                        2.6811559915113397,
                        4.937333651038173,
                        4.139756028636766,
                        0.0,
                        0.06171174591614742
                    ],
                    [
                        1.6540963667061854,
                        2.273319455652886,
                        4.139756028636766,
                        4.577265473328084,
                        0.0,
                        -0.7577225383155219
                    ],
                    [
                        0.0,
                        0.0,
                        0.0,
                        0.0,
                        1e-09,
                        0.0
                    ],
                    [
                        -0.4395455658299808,
                        -0.023398576212368405,
                        0.06171174591614742,
                        -0.7577225383155219,
                        0.0,
                        1.864510471295914
                    ]
                ],
                "mui": [
                    0.0,
                    0.0,
                    0.0,
                    0.0,
                    1.0,
                    0.0
                ],
                "Ai": [
                    [
                        0.0,
                        0.0,
                        0.0,
                        0.0,
                        0.0,
                        0.0
                    ],
                    [
                        0.9873656199021752,
                        0.0,
                        0.0,
                        0.0,
                        0.0,
                        0.0
                    ],
                    [
                        0.7662942113746283,
                        0.9745062191907311,
                        0.0,
                        0.0,
                        0.0,
                        0.0
                    ],
                    [
                        0.5187084875752017,
                        -0.0,
                        0.6568676100329871,
                        0.0,
                        0.0,
                        0.0
                    ],
                    [
                        0.0,
                        0.0,
                        0.0,
                        0.0,
                        0.0,
                        0.0
                    ],
                    [
                        -0.872017923510279,
                        -0.0,
                        0.7959223006796625,
                        -0.5702629696943691,
                        -0.0,
                        0.0
                    ]
                ]
            },
            "est_params": {
                "mui": [
                    0.17444070734315353,
                    0.07548226094272976,
                    0.35485566550303277,
                    0.2665762938678517,
                    1.0000169834178205,
                    -0.0607936909277741
                ],
                "Si": [
                    [
                        1.084343831890113,
                        1.103210772345521,
                        1.8008206631964665,
                        1.760715352978175,
                        3.9007006064764835e-05,
                        -0.5967706113570973
                    ],
                    [
                        1.103210772345521,
                        2.08299788126162,
                        2.868968263362528,
                        2.57061576878677,
                        5.9740079150835646e-05,
                        -0.280554943667073
                    ],
                    [
                        1.8008206631964665,
                        2.868968263362528,
                        5.094402169309382,
                        4.336177647156794,
                        8.066366139118922e-05,
                        -0.20044875285412703
                    ],
                    [
                        1.7607153529781747,
                        2.57061576878677,
                        4.336177647156794,
                        4.804277022133636,
                        6.802168059569478e-05,
                        -0.9831045445018498
                    ],
                    [
                        3.900700606476483e-05,
                        5.9740079150835646e-05,
                        8.066366139118921e-05,
                        6.802168059569478e-05,
                        1.0811026116930544e-06,
                        -3.3297939891931296e-05
                    ],
                    [
                        -0.5967706113570974,
                        -0.28055494366707306,
                        -0.20044875285412703,
                        -0.9831045445018496,
                        -3.3297939891931296e-05,
                        1.7966606647492065
                    ]
                ]
            },
            "est_tgt": [
                4
            ],
            "oracle_est_tgt": [
                4
            ]
        },
        "5": {
            "intv_type": "do",
            "inode": 5,
            "new_mui": 1.0,
            "new_vari": null,
            "true_params": {
                "Si": [
                    [
                        1.0,
                        0.9873656199021752,
                        1.7284881485844095,
                        1.6540963667061854,
                        -0.17259505405371176,
                        0.0
                    ],
                    [
                        0.9873656199021752,
                        1.9748908673648067,
                        2.6811559915113397,
                        2.273319455652886,
                        -0.41312055104694145,
                        0.0
                    ],
                    [
                        1.7284881485844095,
                        2.6811559915113397,
                        4.937333651038173,
                        4.139756028636766,
                        -0.08489690086743751,
                        0.0
                    ],
                    [
                        1.6540963667061854,
                        2.273319455652886,
                        4.139756028636766,
                        4.577265473328084,
                        -0.6807563642771759,
                        0.0
                    ],
                    [
                        -0.17259505405371176,
                        -0.41312055104694145,
                        -0.08489690086743751,
                        -0.6807563642771759,
                        1.5778720356042468,
                        0.0
                    ],
                    [
                        0.0,
                        0.0,
                        0.0,
                        0.0,
                        0.0,
                        1e-09
                    ]
                ],
                "mui": [
                    0.0,
                    0.0,
                    0.0,
                    0.0,
                    0.0,
                    1.0
                ],
                "Ai": [
                    [
                        0.0,
                        0.0,
                        0.0,
                        0.0,
                        0.0,
                        0.0
                    ],
                    [
                        0.9873656199021752,
                        0.0,
                        0.0,
                        0.0,
                        0.0,
                        0.0
                    ],
                    [
                        0.7662942113746283,
                        0.9745062191907311,
                        0.0,
                        0.0,
                        0.0,
                        0.0
                    ],
                    [
                        0.5187084875752017,
                        -0.0,
                        0.6568676100329871,
                        0.0,
                        0.0,
                        0.0
                    ],
                    [
                        0.0,
                        -0.6811854320480146,
                        0.8016790762373198,
                        -0.5354638204540138,
                        0.0,
                        0.0
                    ],
                    [
                        0.0,
                        0.0,
                        0.0,
                        0.0,
                        0.0,
                        0.0
                    ]
                ]
            },
            "est_params": {
                "mui": [
                    -0.0695622064921124,
                    -0.08205405223859435,
                    -0.25213460112927566,
                    -0.14114397826927338,
                    -0.09058266583766621,
                    0.9999984205795096
                ],
                "Si": [
                    [
                        0.956885457754396,
                        0.9815986420833981,
                        1.8069519067127895,
                        1.6944497082069052,
                        -0.0788481938865736,
                        -2.290495146742347e-06
                    ],
                    [
                        0.9815986420833981,
                        2.078252001092334,
                        2.7878593197453565,
                        2.4241585310073654,
                        -0.49258246072825,
                        -3.3185442594240876e-06
                    ],
                    [
                        1.8069519067127895,
                        2.787859319745357,
                        5.207096907549166,
                        4.524010139363584,
                        -0.2956719657887759,
                        -7.84813541082687e-06
                    ],
                    [
                        1.6944497082069052,
                        2.4241585310073654,
                        4.524010139363584,
                        5.1059321288319595,
                        -0.8519679482541506,
                        -5.858904766561588e-06
                    ],
                    [
                        -0.07884819388657363,
                        -0.49258246072825,
                        -0.29567196578877597,
                        -0.8519679482541506,
                        1.3586652357120859,
                        8.66535889430184e-07
                    ],
                    [
                        -2.290495146742347e-06,
                        -3.318544259424088e-06,
                        -7.84813541082687e-06,
                        -5.8589047665615876e-06,
                        8.66535889430184e-07,
                        1.0010690414778027e-06
                    ]
                ]
            },
            "est_tgt": [
                5
            ],
            "oracle_est_tgt": [
                5
            ]
        },
        "obs": {
            "intv_type": "obs",
            "true_params": {
                "Si": [
                    [
                        1.0,
                        0.9873656199021752,
                        1.7284881485844095,
                        1.6540963667061854,
                        -0.17259505405371176,
                        -0.4395455658299808
                    ],
                    [
                        0.9873656199021752,
                        1.9748908673648067,
                        2.6811559915113397,
                        2.273319455652886,
                        -0.41312055104694145,
                        -0.023398576212368405
                    ],
                    [
                        1.7284881485844095,
                        2.6811559915113397,
                        4.937333651038173,
                        4.139756028636766,
                        -0.08489690086743751,
                        0.06171174591614742
                    ],
                    [
                        1.6540963667061854,
                        2.273319455652886,
                        4.139756028636766,
                        4.577265473328084,
                        -0.6807563642771759,
                        -0.7577225383155219
                    ],
                    [
                        -0.17259505405371176,
                        -0.41312055104694145,
                        -0.08489690086743751,
                        -0.6807563642771759,
                        1.5778720356042468,
                        0.471144789916122
                    ],
                    [
                        -0.4395455658299808,
                        -0.023398576212368405,
                        0.06171174591614742,
                        -0.7577225383155219,
                        0.471144789916122,
                        1.864510471295914
                    ]
                ],
                "mui": [
                    0.0,
                    0.0,
                    0.0,
                    0.0,
                    0.0,
                    0.0
                ],
                "Ai": [
                    [
                        0.0,
                        0.0,
                        0.0,
                        0.0,
                        0.0,
                        0.0
                    ],
                    [
