{
    "expt_args": {
        "save_dir": "all_expt_logs/expt_logs_11.05.24-mean_shift-corr",
        "exp_name": "262",
        "num_nodes": 6,
        "obs_noise_mean": 0.0,
        "obs_noise_var": 1.0,
        "max_edge_strength": 1.0,
        "graph_sparsity_method": "adj_dense_prop",
        "adj_dense_prop": 0.8,
        "num_parents": null,
        "new_noise_mean": 2.0,
        "mix_samples": 65536,
        "stage2_samples": 65536,
        "gmm_tol": 0.001,
        "intv_type": "do",
        "new_noise_var": null,
        "intv_targets": [
            0,
            1,
            2,
            3,
            4,
            5
        ]
    },
    "intv_args_dict": {
        "0": {
            "intv_type": "do",
            "inode": 0,
            "new_mui": 2.0,
            "new_vari": null,
            "true_params": {
                "Si": [
                    [
                        1e-09,
                        -5.068151312006746e-10,
                        -2.6187795511267686e-10,
                        -6.575555556891298e-10,
                        1.0606946986976213e-09,
                        4.784263082062284e-10
                    ],
                    [
                        -5.068151312006746e-10,
                        1.0000000002568616,
                        0.5167129768985766,
                        3.332591052283188e-10,
                        -0.3820494915384184,
                        -0.16382936938375933
                    ],
                    [
                        -2.6187795511267686e-10,
                        0.5167129768985766,
                        1.2669923004268089,
                        1.721993042968492e-10,
                        -0.9367942849570119,
                        -0.4017134437739379
                    ],
                    [
                        -6.575555556891298e-10,
                        3.3325910522831874e-10,
                        1.7219930429684922e-10,
                        1.0000000004323792,
                        -6.974656920186284e-10,
                        -0.8627219315647765
                    ],
                    [
                        1.0606946986976213e-09,
                        -0.3820494915384184,
                        -0.9367942849570119,
                        -6.974656920186284e-10,
                        1.6926510389881764,
                        -0.6094623831974861
                    ],
                    [
                        4.784263082062284e-10,
                        -0.16382936938375933,
                        -0.4017134437739379,
                        -0.8627219315647765,
                        -0.6094623831974861,
                        2.6933681334677235
                    ]
                ],
                "mui": [
                    2.0,
                    -1.0136302624013491,
                    -0.5237559102253537,
                    -1.3151111113782594,
                    2.1213893973952427,
                    0.9568526164124567
                ],
                "Ai": [
                    [
                        0.0,
                        0.0,
                        0.0,
                        0.0,
                        0.0,
                        0.0
                    ],
                    [
                        -0.5068151312006746,
                        0.0,
                        0.0,
                        0.0,
                        0.0,
                        0.0
                    ],
                    [
                        0.0,
                        0.5167129767658529,
                        0.0,
                        0.0,
                        0.0,
                        0.0
                    ],
                    [
                        -0.6575555556891297,
                        -0.0,
                        -0.0,
                        0.0,
                        0.0,
                        0.0
                    ],
                    [
                        0.8670662357908785,
                        0.0,
                        -0.7393843549123151,
                        0.0,
                        0.0,
                        0.0
                    ],
                    [
                        0.6140883252584861,
                        0.0,
                        -0.9873000449517727,
                        -0.8627219312501846,
                        -0.9064830190967111,
                        0.0
                    ]
                ]
            },
            "est_params": {
                "mui": [
                    1.9999993633287285,
                    -0.9976779046248391,
                    -0.5246399892368698,
                    -1.3150278059994096,
                    2.1282755638645017,
                    0.9531798707947678
                ],
                "Si": [
                    [
                        1.0048214562520145e-06,
                        -5.746755704836533e-07,
                        3.2123926637764504e-08,
                        -3.9308519630662537e-07,
                        2.993707122095288e-07,
                        -5.816388287658062e-08
                    ],
                    [
                        -5.746755704836533e-07,
                        0.9949846230041134,
                        0.5154958587885767,
                        0.015685235170371653,
                        -0.3747659100221663,
                        -0.17917235395988398
                    ],
                    [
                        3.212392663776483e-08,
                        0.5154958587885767,
                        1.2655469615676695,
                        -0.005600449580909837,
                        -0.9370607483532183,
                        -0.37548087255104795
                    ],
                    [
                        -3.930851963066252e-07,
                        0.01568523517037165,
                        -0.005600449580909841,
                        0.9935635066175353,
                        0.011262124268421913,
                        -0.8680777506320712
                    ],
                    [
                        2.993707122095289e-07,
                        -0.37476591002216636,
                        -0.9370607483532182,
                        0.011262124268421918,
                        1.7144673790583242,
                        -0.641948754135047
                    ],
                    [
                        -5.816388287658039e-08,
                        -0.17917235395988398,
                        -0.37548087255104795,
                        -0.8680777506320712,
                        -0.6419487541350472,
                        2.6690416714785576
                    ]
                ]
            },
            "est_tgt": [
                0
            ],
            "oracle_est_tgt": [
                0
            ]
        },
        "1": {
            "intv_type": "do",
            "inode": 1,
            "new_mui": 2.0,
            "new_vari": null,
            "true_params": {
                "Si": [
                    [
                        1.0,
                        0.0,
                        0.0,
                        -0.6575555556891297,
                        0.8670662357908785,
                        0.395395104990364
                    ],
                    [
                        0.0,
                        1e-09,
                        5.16712976765853e-10,
                        0.0,
                        -3.8204949100084226e-10,
                        -1.6382936914128566e-10
                    ],
                    [
                        0.0,
                        5.16712976765853e-10,
                        1.0000000002669922,
                        0.0,
                        -0.7393843551097251,
                        -0.31706068272263593
                    ],
                    [
                        -0.6575555556891297,
                        0.0,
                        0.0,
                        1.4323793088176402,
                        -0.5701442204947531,
                        -1.1227161792288851
                    ],
                    [
                        0.8670662357908785,
                        -3.8204949100084226e-10,
                        -0.7393843551097251,
                        -0.5701442204947531,
                        2.2984930816836258,
                        -0.3292195653996426
                    ],
                    [
                        0.395395104990364,
                        -1.6382936914128566e-10,
                        -0.31706068272263593,
                        -1.1227161792288851,
                        -0.3292195653996426,
                        2.8228653601227816
                    ]
                ],
                "mui": [
                    0.0,
                    2.0,
                    1.0334259535317059,
                    0.0,
                    -0.7640989820016845,
                    -0.3276587382825713
                ],
                "Ai": [
                    [
                        0.0,
                        0.0,
                        0.0,
                        0.0,
                        0.0,
                        0.0
                    ],
                    [
                        0.0,
                        0.0,
                        0.0,
                        0.0,
                        0.0,
                        0.0
                    ],
                    [
                        0.0,
                        0.5167129767658529,
                        0.0,
                        0.0,
                        0.0,
                        0.0
                    ],
                    [
                        -0.6575555556891297,
                        -0.0,
                        -0.0,
                        0.0,
                        0.0,
                        0.0
                    ],
                    [
                        0.8670662357908785,
                        0.0,
                        -0.7393843549123151,
                        0.0,
                        0.0,
                        0.0
                    ],
                    [
                        0.6140883252584861,
                        0.0,
                        -0.9873000449517727,
                        -0.8627219312501846,
                        -0.9064830190967111,
                        0.0
                    ]
                ]
            },
            "est_params": {
                "mui": [
                    0.011153860492130071,
                    1.9999992386912222,
                    1.0337803121876448,
                    -0.010123806786217564,
                    -0.7395918672947088,
                    -0.3478855391786309
                ],
                "Si": [
                    [
                        0.9883283461482798,
                        5.837963651876406e-09,
                        0.008701758186209064,
                        -0.6527564447541756,
                        0.8562963750246181,
                        0.3750259689000931
                    ],
                    [
                        5.837963651876545e-09,
                        1.0045215965369938e-06,
                        2.435186957026596e-07,
                        8.105059742474113e-09,
                        6.099796088136568e-08,
                        1.6937101322488784e-07
                    ],
                    [
                        0.008701758186209068,
                        2.435186957026596e-07,
                        0.9958473646125472,
                        -0.011172382301695379,
                        -0.7299633255545529,
                        -0.3127588528946621
                    ],
                    [
                        -0.6527564447541756,
                        8.105059742474043e-09,
                        -0.011172382301695377,
                        1.441421644749308,
                        -0.5593231540665587,
                        -1.1307207522674154
                    ],
                    [
                        0.8562963750246181,
                        6.099796088136568e-08,
                        -0.7299633255545529,
                        -0.5593231540665587,
                        2.301705785511782,
                        -0.36174993260281996
                    ],
                    [
                        0.3750259689000931,
                        1.6937101322488784e-07,
                        -0.3127588528946621,
                        -1.1307207522674154,
                        -0.3617499326028199,
                        2.8670806473359827
                    ]
                ]
            },
            "est_tgt": [
                1
            ],
            "oracle_est_tgt": [
                1
            ]
        },
        "2": {
            "intv_type": "do",
            "inode": 2,
            "new_mui": 2.0,
            "new_vari": null,
            "true_params": {
                "Si": [
                    [
                        1.0,
                        -0.5068151312006746,
                        0.0,
                        -0.6575555556891297,
                        0.8670662357908785,
                        0.395395104990364
                    ],
                    [
                        -0.5068151312006746,
                        1.2568615772139569,
                        0.0,
                        0.33325910522831875,
                        -0.4394422880520291,
                        -0.20039222201179582
                    ],
                    [
                        0.0,
                        0.0,
                        1e-09,
                        0.0,
                        -7.393843549123152e-10,
                        -3.1706068263798317e-10
                    ],
                    [
                        -0.6575555556891297,
                        0.33325910522831875,
                        0.0,
                        1.4323793088176402,
                        -0.5701442204947531,
                        -1.1227161792288851
                    ],
                    [
                        0.8670662357908785,
                        -0.4394422880520291,
                        -7.393843549123152e-10,
                        -0.5701442204947531,
                        1.7518038577952524,
                        -0.5636492735281473
                    ],
                    [
                        0.395395104990364,
                        -0.20039222201179582,
                        -3.1706068263798317e-10,
                        -1.1227161792288851,
                        -0.5636492735281473,
                        2.722337883721605
                    ]
                ],
                "mui": [
                    0.0,
                    0.0,
                    2.0,
                    0.0,
                    -1.4787687098246303,
                    -0.6341213652759663
                ],
                "Ai": [
                    [
                        0.0,
                        0.0,
                        0.0,
                        0.0,
                        0.0,
                        0.0
                    ],
                    [
                        -0.5068151312006746,
                        0.0,
                        0.0,
                        0.0,
                        0.0,
                        0.0
                    ],
                    [
                        0.0,
                        0.0,
                        0.0,
                        0.0,
                        0.0,
                        0.0
                    ],
                    [
                        -0.6575555556891297,
                        -0.0,
                        -0.0,
                        0.0,
                        0.0,
                        0.0
                    ],
                    [
                        0.8670662357908785,
                        0.0,
                        -0.7393843549123151,
                        0.0,
                        0.0,
                        0.0
                    ],
                    [
                        0.6140883252584861,
                        0.0,
                        -0.9873000449517727,
                        -0.8627219312501846,
                        -0.9064830190967111,
                        0.0
                    ]
                ]
            },
            "est_params": {
                "mui": [
                    -0.0073956506945541504,
                    0.014596812389200523,
                    1.9999999007339992,
                    -0.003557359706950846,
                    -1.4634492804373072,
                    -0.6529454489560614
                ],
                "Si": [
                    [
                        1.0000821815350622,
                        -0.4935704113285068,
                        6.155956903057517e-07,
                        -0.654779475561486,
                        0.8653441890522331,
                        0.41778637316702544
                    ],
                    [
                        -0.4935704113285068,
                        1.2603704216655491,
                        2.2610850105095395e-07,
                        0.3130255804395339,
                        -0.42538920351934423,
                        -0.19755717513618226
                    ],
                    [
                        6.155956903057516e-07,
                        2.261085010509537e-07,
                        1.0078712868826307e-06,
                        -3.5214765495578254e-08,
                        2.3157079354528503e-06,
                        -1.156802151770817e-06
                    ],
                    [
                        -0.654779475561486,
                        0.3130255804395338,
                        -3.521476549557844e-08,
                        1.4344325845319252,
                        -0.5677917341560492,
                        -1.1230094072165608
                    ],
                    [
                        0.8653441890522331,
                        -0.42538920351934423,
                        2.3157079354528507e-06,
                        -0.5677917341560491,
                        1.7441957649890463,
                        -0.539853872257785
                    ],
                    [
                        0.4177863731670253,
                        -0.19755717513618226,
                        -1.1568021517708173e-06,
                        -1.1230094072165608,
                        -0.539853872257785,
                        2.7175910010930293
                    ]
                ]
            },
            "est_tgt": [
                2
            ],
            "oracle_est_tgt": [
                2
            ]
        },
        "3": {
            "intv_type": "do",
            "inode": 3,
            "new_mui": 2.0,
            "new_vari": null,
            "true_params": {
                "Si": [
                    [
                        1.0,
                        -0.5068151312006746,
                        -0.26187795511267686,
                        0.0,
                        1.0606946986976213,
                        -0.08886129070218585
                    ],
                    [
                        -0.5068151312006746,
                        1.2568615772139569,
                        0.6494366869448487,
                        0.0,
                        -0.9196256138851371,
                        -0.11879312243539605
                    ],
                    [
                        -0.26187795511267686,
                        0.6494366869448487,
                        1.335572363732226,
                        0.0,
                        -1.2145668433730292,
                        -0.37844263055088706
                    ],
                    [
                        0.0,
                        0.0,
                        0.0,
                        1e-09,
                        0.0,
                        -8.627219312501847e-10
                    ],
                    [
                        1.0606946986976213,
                        -0.9196256138851371,
                        -1.2145668433730292,
                        0.0,
                        2.8177242817083408,
                        -0.7037170836721872
                    ],
                    [
                        -0.08886129070218585,
                        -0.11879312243539605,
                        -0.37844263055088706,
                        -8.627219312501847e-10,
                        -0.7037170836721872,
                        1.9569753323083314
                    ]
                ],
                "mui": [
                    0.0,
                    0.0,
                    0.0,
                    2.0,
                    0.0,
                    -1.7254438625003692
                ],
                "Ai": [
                    [
                        0.0,
                        0.0,
                        0.0,
                        0.0,
                        0.0,
                        0.0
                    ],
                    [
                        -0.5068151312006746,
                        0.0,
                        0.0,
                        0.0,
                        0.0,
                        0.0
                    ],
                    [
                        0.0,
                        0.5167129767658529,
                        0.0,
                        0.0,
                        0.0,
                        0.0
                    ],
                    [
                        0.0,
                        0.0,
                        0.0,
                        0.0,
                        0.0,
                        0.0
                    ],
                    [
                        0.8670662357908785,
                        0.0,
                        -0.7393843549123151,
                        0.0,
                        0.0,
                        0.0
                    ],
                    [
                        0.6140883252584861,
                        0.0,
                        -0.9873000449517727,
                        -0.8627219312501846,
                        -0.9064830190967111,
                        0.0
                    ]
                ]
            },
            "est_params": {
                "mui": [
                    0.0018435755581189465,
                    -0.011929554969262965,
                    -0.0022911484430543343,
                    1.999999427338692,
                    0.01592685698807166,
                    -1.7452560575428424
                ],
                "Si": [
                    [
                        1.0186041927644016,
                        -0.5103126749749677,
                        -0.2763675846825903,
                        5.266273893574916e-07,
                        1.084037789491439,
                        -0.0860092901811724
                    ],
                    [
                        -0.5103126749749677,
                        1.2327498842507205,
                        0.6317832767540598,
                        6.901272624787498e-08,
                        -0.8990439560334096,
                        -0.1269211684351176
                    ],
                    [
                        -0.2763675846825903,
                        0.6317832767540598,
                        1.3022844605132131,
                        -3.534769864435604e-08,
                        -1.2045680841875552,
                        -0.359071829499024
                    ],
                    [
                        5.266273893574915e-07,
                        6.901272624787535e-08,
                        -3.534769864435585e-08,
                        1.005924006554491e-06,
                        1.952720422413434e-06,
                        -1.1986245356575513e-06
                    ],
                    [
                        1.084037789491439,
                        -0.8990439560334096,
                        -1.2045680841875552,
                        1.9527204224134335e-06,
                        2.8322411272186807,
                        -0.7082406731321755
                    ],
                    [
                        -0.08600929018117236,
                        -0.1269211684351176,
                        -0.359071829499024,
                        -1.1986245356575517e-06,
                        -0.7082406731321756,
                        1.969388979251759
                    ]
                ]
            },
            "est_tgt": [
                3
            ],
            "oracle_est_tgt": [
                3
            ]
        },
        "4": {
            "intv_type": "do",
            "inode": 4,
            "new_mui": 2.0,
            "new_vari": null,
            "true_params": {
                "Si": [
                    [
                        1.0,
                        -0.5068151312006746,
                        -0.26187795511267686,
                        -0.6575555556891297,
                        0.0,
                        1.4399280410215245
                    ],
                    [
                        -0.5068151312006746,
                        1.2568615772139569,
                        0.6494366869448487,
                        0.33325910522831875,
                        0.0,
                        -1.239928064217945
                    ],
                    [
                        -0.26187795511267686,
                        0.6494366869448487,
                        1.335572363732226,
                        0.1721993042968492,
                        0.0,
                        -1.6279869659893489
                    ],
                    [
                        -0.6575555556891297,
                        0.33325910522831875,
                        0.1721993042968492,
                        1.4323793088176402,
                        0.0,
                        -1.8095546144164532
                    ],
                    [
                        0.0,
                        0.0,
                        0.0,
                        0.0,
                        1e-09,
                        -9.064830190967112e-10
                    ],
                    [
                        1.4399280410215245,
                        -1.239928064217945,
                        -1.6279869659893489,
                        -1.8095546144164532,
                        -9.064830190967112e-10,
                        5.052697056379582
                    ]
                ],
                "mui": [
                    0.0,
                    0.0,
                    0.0,
                    0.0,
                    2.0,
                    -1.8129660381934223
                ],
                "Ai": [
                    [
                        0.0,
                        0.0,
                        0.0,
                        0.0,
                        0.0,
                        0.0
                    ],
                    [
                        -0.5068151312006746,
                        0.0,
                        0.0,
                        0.0,
                        0.0,
                        0.0
                    ],
                    [
                        0.0,
                        0.5167129767658529,
                        0.0,
                        0.0,
                        0.0,
                        0.0
                    ],
                    [
                        -0.6575555556891297,
                        -0.0,
                        -0.0,
                        0.0,
                        0.0,
                        0.0
                    ],
                    [
                        0.0,
                        0.0,
                        0.0,
                        0.0,
                        0.0,
                        0.0
                    ],
                    [
                        0.6140883252584861,
                        0.0,
                        -0.9873000449517727,
                        -0.8627219312501846,
                        -0.9064830190967111,
                        0.0
                    ]
                ]
            },
            "est_params": {
                "mui": [
                    -0.03552644573919838,
                    -0.0006261678219468145,
                    0.007949486317647152,
                    0.0344804178670562,
                    2.000000547376592,
                    -1.8674802939772155
                ],
                "Si": [
                    [
                        0.9771934142716272,
                        -0.4995087636566071,
                        -0.2659019331164343,
                        -0.659045226401823,
                        9.713864992027284e-07,
                        1.4423707502900671
                    ],
                    [
                        -0.4995087636566071,
                        1.2802522721217422,
                        0.66169328816428,
                        0.32113873894029465,
                        -2.204708672741073e-07,
                        -1.2346923586874394
                    ],
                    [
                        -0.2659019331164343,
                        0.66169328816428,
                        1.3537828842543342,
                        0.17426665931393995,
                        -4.583077738928612e-07,
                        -1.656920513337379
                    ],
                    [
                        -0.659045226401823,
                        0.32113873894029465,
                        0.17426665931393995,
                        1.4318207748497824,
                        -7.65161219077857e-07,
                        -1.800266066858367
                    ],
                    [
                        9.713864992027286e-07,
                        -2.204708672741074e-07,
                        -4.583077738928612e-07,
                        -7.651612190778572e-07,
                        1.0035838561661469e-06,
                        6.56888605405179e-07
                    ],
                    [
                        1.4423707502900673,
                        -1.2346923586874392,
                        -1.6569205133373788,
                        -1.800266066858367,
                        6.568886054051786e-07,
                        5.069102150839941
                    ]
                ]
            },
            "est_tgt": [
                4
            ],
            "oracle_est_tgt": [
                4
            ]
        },
        "5": {
            "intv_type": "do",
            "inode": 5,
            "new_mui": 2.0,
            "new_vari": null,
            "true_params": {
                "Si": [
                    [
                        1.0,
                        -0.5068151312006746,
                        -0.26187795511267686,
                        -0.6575555556891297,
                        1.0606946986976213,
                        0.0
                    ],
                    [
                        -0.5068151312006746,
                        1.2568615772139569,
                        0.6494366869448487,
                        0.33325910522831875,
                        -0.9196256138851371,
                        0.0
                    ],
                    [
                        -0.26187795511267686,
                        0.6494366869448487,
                        1.335572363732226,
                        0.1721993042968492,
                        -1.2145668433730292,
                        0.0
                    ],
                    [
                        -0.6575555556891297,
                        0.33325910522831875,
                        0.1721993042968492,
                        1.4323793088176402,
                        -0.6974656920186284,
                        0.0
                    ],
                    [
                        1.0606946986976213,
                        -0.9196256138851371,
                        -1.2145668433730292,
                        -0.6974656920186284,
                        2.8177242817083408,
                        0.0
                    ],
                    [
                        0.0,
                        0.0,
                        0.0,
                        0.0,
                        0.0,
                        1e-09
                    ]
                ],
                "mui": [
                    0.0,
                    0.0,
                    0.0,
                    0.0,
                    0.0,
                    2.0
                ],
                "Ai": [
                    [
                        0.0,
                        0.0,
                        0.0,
                        0.0,
                        0.0,
                        0.0
                    ],
                    [
                        -0.5068151312006746,
                        0.0,
                        0.0,
                        0.0,
                        0.0,
                        0.0
                    ],
                    [
                        0.0,
                        0.5167129767658529,
                        0.0,
                        0.0,
                        0.0,
                        0.0
                    ],
                    [
                        -0.6575555556891297,
                        -0.0,
                        -0.0,
                        0.0,
                        0.0,
                        0.0
                    ],
                    [
                        0.8670662357908785,
                        0.0,
                        -0.7393843549123151,
                        0.0,
                        0.0,
                        0.0
                    ],
                    [
                        0.0,
                        0.0,
                        0.0,
                        0.0,
                        0.0,
                        0.0
                    ]
                ]
            },
            "est_params": {
                "mui": [
                    0.006992443343634293,
                    -0.001636481082665241,
                    -0.01687632656044638,
                    0.0010123978038302753,
                    0.03487934379141488,
                    1.9999999211046982
                ],
                "Si": [
                    [
                        0.9911032775962687,
                        -0.4989278226375078,
                        -0.25290426828631773,
                        -0.6583833253793056,
                        1.0417932493618354,
                        -1.4100808795379263e-06
                    ],
                    [
                        -0.4989278226375078,
                        1.2586212911035262,
                        0.6459002294543815,
                        0.347241384693766,
                        -0.9201646996876344,
                        8.25302739539116e-07
                    ],
                    [
                        -0.2529042682863177,
                        0.6459002294543815,
                        1.338596611332619,
                        0.19416201085367554,
                        -1.2087448008034212,
                        -6.054848625351805e-07
                    ],
                    [
                        -0.6583833253793056,
                        0.347241384693766,
                        0.1941620108536756,
                        1.4521772495418879,
                        -0.7166071578426774,
                        8.123936689126387e-07
                    ],
                    [
                        1.0417932493618356,
                        -0.9201646996876344,
                        -1.2087448008034212,
                        -0.7166071578426774,
                        2.778504694043652,
                        -1.3033690508686342e-06
                    ],
                    [
                        -1.4100808795379265e-06,
                        8.25302739539116e-07,
                        -6.054848625351806e-07,
                        8.123936689126387e-07,
                        -1.3033690508686338e-06,
                        1.0065409747836848e-06
                    ]
                ]
            },
            "est_tgt": [
                5
            ],
            "oracle_est_tgt": [
                5
            ]
        },
        "obs": {
            "intv_type": "obs",
            "true_params": {
                "Si": [
                    [
                        1.0,
                        -0.5068151312006746,
                        -0.26187795511267686,
                        -0.6575555556891297,
                        1.0606946986976213,
                        0.47842630820622833
                    ],
                    [
                        -0.5068151312006746,
                        1.2568615772139569,
                        0.6494366869448487,
                        0.33325910522831875,
                        -0.9196256138851371,
                        -0.40630306130467964
                    ],
                    [
                        -0.26187795511267686,
                        0.6494366869448487,
                        1.335572363732226,
                        0.1721993042968492,
                        -1.2145668433730292,
                        -0.527002746913803
                    ],
                    [
                        -0.6575555556891297,
                        0.33325910522831875,
                        0.1721993042968492,
                        1.4323793088176402,
                        -0.6974656920186284,
                        -1.17731380819903
                    ],
                    [
                        1.0606946986976213,
                        -0.9196256138851371,
                        -1.2145668433730292,
                        -0.6974656920186284,
                        2.8177242817083408,
                        -0.1019981348731297
                    ],
                    [
                        0.47842630820622833,
                        -0.40630306130467964,
                        -0.527002746913803,
                        -1.17731380819903,
                        -0.1019981348731297,
                        2.922259865622673
                    ]
                ],
                "mui": [
                    0.0,
                    0.0,
                    0.0,
                    0.0,
                    0.0,
                    0.0
                ],
                "Ai": [
                    [
                        0.0,
                        0.0,
                        0.0,
                        0.0,
                        0.0,
                        0.0
                    ],
                    [
                        -0.5068151312006746,
                        0.0,
                        0.0,
                        0.0,
                        0.0,
                        0.0
                    ],
                    [
                        0.0,
                        0.5167129767658529,
                        0.0,
                        0.0,
                        0.0,
                        0.0
