{
    "expt_args": {
        "save_dir": "all_expt_logs/expt_logs_11.05.24-mean_shift-corr",
        "exp_name": "369",
        "num_nodes": 6,
        "obs_noise_mean": 0.0,
        "obs_noise_var": 1.0,
        "max_edge_strength": 1.0,
        "graph_sparsity_method": "adj_dense_prop",
        "adj_dense_prop": 0.8,
        "num_parents": null,
        "new_noise_mean": 2.0,
        "mix_samples": 2048,
        "stage2_samples": 2048,
        "gmm_tol": 0.001,
        "intv_type": "do",
        "new_noise_var": null,
        "intv_targets": [
            0,
            1,
            2,
            3,
            4,
            5
        ]
    },
    "intv_args_dict": {
        "0": {
            "intv_type": "do",
            "inode": 0,
            "new_mui": 2.0,
            "new_vari": null,
            "true_params": {
                "Si": [
                    [
                        1e-09,
                        6.731238265188051e-10,
                        -1.1664958337822036e-09,
                        2.1103614163628486e-09,
                        -1.2200853098987204e-10,
                        -2.6372948276186296e-09
                    ],
                    [
                        6.731238265188051e-10,
                        1.0000000004530958,
                        -0.7040831121259963,
                        1.3650502315990674,
                        1.0308890585468438,
                        -1.83930865779559
                    ],
                    [
                        -1.1664958337822036e-09,
                        -0.7040831121259963,
                        1.495733029036054,
                        -1.776545961047066,
                        -0.32901207083781636,
                        3.0107731934932684
                    ],
                    [
                        2.1103614163628486e-09,
                        1.3650502315990674,
                        -1.776545961047066,
                        3.528299873437339,
                        1.6314154656822266,
                        -4.336373159685428
                    ],
                    [
                        -1.2200853098987204e-10,
                        1.0308890585468438,
                        -0.32901207083781636,
                        1.6314154656822266,
                        2.520262524270181,
                        -0.726831872108906
                    ],
                    [
                        -2.6372948276186296e-09,
                        -1.83930865779559,
                        3.0107731934932684,
                        -4.336373159685428,
                        -0.726831872108906,
                        8.030210138021934
                    ]
                ],
                "mui": [
                    2.0,
                    1.34624765303761,
                    -2.332991667564407,
                    4.220722832725697,
                    -0.24401706197974404,
                    -5.274589655237259
                ],
                "Ai": [
                    [
                        0.0,
                        0.0,
                        0.0,
                        0.0,
                        0.0,
                        0.0
                    ],
                    [
                        0.673123826518805,
                        0.0,
                        0.0,
                        0.0,
                        0.0,
                        0.0
                    ],
                    [
                        -0.6925607156892184,
                        -0.7040831113408001,
                        0.0,
                        0.0,
                        0.0,
                        0.0
                    ],
                    [
                        0.6267738490274555,
                        0.7909147077531695,
                        -0.8154371453847613,
                        0.0,
                        0.0,
                        0.0
                    ],
                    [
                        -0.8844380273693568,
                        0.8770345383598208,
                        0.8435008740265004,
                        0.5477814834510636,
                        0.0,
                        0.0
                    ],
                    [
                        0.6950442260506898,
                        -0.9272299555383253,
                        0.7588376296141492,
                        -0.8220938443228049,
                        0.7221004471522767,
                        0.0
                    ]
                ]
            },
            "est_params": {
                "mui": [
                    2.000002717521476,
                    1.274405575422329,
                    -2.2434727952666864,
                    3.909925019775269,
                    -0.4033926464372452,
                    -4.998561696009575
                ],
                "Si": [
                    [
                        1.0009889271670038e-06,
                        2.8573129657285923e-07,
                        1.580298569659584e-08,
                        -3.1376375835252035e-08,
                        -2.852944332526365e-06,
                        -4.549692725722103e-06
                    ],
                    [
                        2.857312965728595e-07,
                        1.0667278824916728,
                        -0.6161947598742843,
                        1.3126957022745929,
                        1.1152945180369098,
                        -1.8127526993958945
                    ],
                    [
                        1.5802985696595665e-08,
                        -0.6161947598742843,
                        1.4282671208191104,
                        -1.699575412416747,
                        -0.2466221902881044,
                        2.9320677931408987
                    ],
                    [
                        -3.137637583525216e-08,
                        1.3126957022745929,
                        -1.699575412416747,
                        3.4891783268084797,
                        1.5599080122733915,
                        -4.368045809644722
                    ],
                    [
                        -2.852944332526365e-06,
                        1.1152945180369098,
                        -0.2466221902881044,
                        1.5599080122733917,
                        2.622968894562048,
                        -0.788723321833826
                    ],
                    [
                        -4.5496927257221045e-06,
                        -1.8127526993958945,
                        2.9320677931408987,
                        -4.368045809644722,
                        -0.788723321833826,
                        8.008859976767607
                    ]
                ]
            },
            "est_tgt": [
                0
            ],
            "oracle_est_tgt": [
                0
            ]
        },
        "1": {
            "intv_type": "do",
            "inode": 1,
            "new_mui": 2.0,
            "new_vari": null,
            "true_params": {
                "Si": [
                    [
                        1.0,
                        0.0,
                        -0.6925607156892184,
                        1.1915135820346991,
                        -0.8159245188505732,
                        -1.399212346929042
                    ],
                    [
                        0.0,
                        1e-09,
                        -7.040831113408002e-10,
                        1.3650502301785328e-09,
                        1.0308890586289706e-09,
                        -1.8393086560203641e-09
                    ],
                    [
                        -0.6925607156892184,
                        -7.040831113408002e-10,
                        1.4796403454116955,
                        -1.6406326454732456,
                        0.9618967728642378,
                        2.684786534855386
                    ],
                    [
                        1.1915135820346991,
                        1.3650502301785328e-09,
                        -1.6406326454732456,
                        3.0846423561097702,
                        -0.7479850255486679,
                        -3.492804967877167
                    ],
                    [
                        -0.8159245188505732,
                        1.0308890586289706e-09,
                        0.9618967728642378,
                        -0.7479850255486679,
                        2.1232630945786415,
                        2.310942955544008
                    ],
                    [
                        -1.399212346929042,
                        -1.8393086560203641e-09,
                        2.684786534855386,
                        -3.492804967877167,
                        2.310942955544008,
                        6.604948994136906
                    ]
                ],
                "mui": [
                    0.0,
                    2.0,
                    -1.4081662226816003,
                    2.7301004603570656,
                    2.061778117257941,
                    -3.678617312040728
                ],
                "Ai": [
                    [
                        0.0,
                        0.0,
                        0.0,
                        0.0,
                        0.0,
                        0.0
                    ],
                    [
                        0.0,
                        0.0,
                        0.0,
                        0.0,
                        0.0,
                        0.0
                    ],
                    [
                        -0.6925607156892184,
                        -0.7040831113408001,
                        0.0,
                        0.0,
                        0.0,
                        0.0
                    ],
                    [
                        0.6267738490274555,
                        0.7909147077531695,
                        -0.8154371453847613,
                        0.0,
                        0.0,
                        0.0
                    ],
                    [
                        -0.8844380273693568,
                        0.8770345383598208,
                        0.8435008740265004,
                        0.5477814834510636,
                        0.0,
                        0.0
                    ],
                    [
                        0.6950442260506898,
                        -0.9272299555383253,
                        0.7588376296141492,
                        -0.8220938443228049,
                        0.7221004471522767,
                        0.0
                    ]
                ]
            },
            "est_params": {
                "mui": [
                    0.00673143999302527,
                    1.9999997294395158,
                    -1.5581517588828102,
                    2.855550108816266,
                    2.022868845976078,
                    -3.914233127715849
                ],
                "Si": [
                    [
                        1.0863581757732115,
                        4.572093313432337e-06,
                        -0.6772930466461176,
                        1.2053911181571257,
                        -0.8887506935678656,
                        -1.4531026424233795
                    ],
                    [
                        4.572093313432337e-06,
                        1.00137050781985e-06,
                        -5.547496005667669e-06,
                        7.900784177631507e-06,
                        -4.429843666791297e-06,
                        -1.314141742902254e-05
                    ],
                    [
                        -0.6772930466461176,
                        -5.547496005667669e-06,
                        1.4995761977134872,
                        -1.6167280022607156,
                        1.007651952775172,
                        2.784934707560935
                    ],
                    [
                        1.2053911181571257,
                        7.900784177631507e-06,
                        -1.6167280022607156,
                        3.0768805523569647,
                        -0.8880406338718001,
                        -3.7534022200918944
                    ],
                    [
                        -0.8887506935678656,
                        -4.429843666791296e-06,
                        1.007651952775172,
                        -0.8880406338717999,
                        2.1017345560056793,
                        2.476319979778944
                    ],
                    [
                        -1.4531026424233795,
                        -1.314141742902254e-05,
                        2.784934707560935,
                        -3.7534022200918944,
                        2.476319979778944,
                        7.319108404061999
                    ]
                ]
            },
            "est_tgt": [
                1,
                3
            ],
            "oracle_est_tgt": [
                1,
                3
            ]
        },
        "2": {
            "intv_type": "do",
            "inode": 2,
            "new_mui": 2.0,
            "new_vari": null,
            "true_params": {
                "Si": [
                    [
                        1.0,
                        0.673123826518805,
                        0.0,
                        1.1591573835602713,
                        0.34087976820045834,
                        -0.6358830662676412
                    ],
                    [
                        0.673123826518805,
                        1.4530956858273183,
                        0.0,
                        1.5711711613127854,
                        1.5397372642100522,
                        -1.0593081922332068
                    ],
                    [
                        0.0,
                        0.0,
                        1e-09,
                        -8.154371453847613e-10,
                        3.968195048665353e-10,
                        1.7157470291699919e-09
                    ],
                    [
                        1.1591573835602713,
                        1.5711711613127854,
                        -8.154371453847613e-10,
                        2.969191915467513,
                        1.9792368558374287,
                        -1.6629178978367534
                    ],
                    [
                        0.34087976820045834,
                        1.5397372642100522,
                        3.968195048665353e-10,
                        1.9792368558374287,
                        3.133105032280903,
                        -0.5554658909235264
                    ],
                    [
                        -0.6358830662676412,
                        -1.0593081922332068,
                        1.7157470291699919e-09,
                        -1.6629178978367534,
                        -0.5554658909235264,
                        2.506227834847119
                    ]
                ],
                "mui": [
                    0.0,
                    0.0,
                    2.0,
                    -1.6308742907695226,
                    0.7936390097330706,
                    3.4314940583399833
                ],
                "Ai": [
                    [
                        0.0,
                        0.0,
                        0.0,
                        0.0,
                        0.0,
                        0.0
                    ],
                    [
                        0.673123826518805,
                        0.0,
                        0.0,
                        0.0,
                        0.0,
                        0.0
                    ],
                    [
                        0.0,
                        0.0,
                        0.0,
                        0.0,
                        0.0,
                        0.0
                    ],
                    [
                        0.6267738490274555,
                        0.7909147077531695,
                        -0.8154371453847613,
                        0.0,
                        0.0,
                        0.0
                    ],
                    [
                        -0.8844380273693568,
                        0.8770345383598208,
                        0.8435008740265004,
                        0.5477814834510636,
                        0.0,
                        0.0
                    ],
                    [
                        0.6950442260506898,
                        -0.9272299555383253,
                        0.7588376296141492,
                        -0.8220938443228049,
                        0.7221004471522767,
                        0.0
                    ]
                ]
            },
            "est_params": {
                "mui": [
                    0.03043534562140779,
                    0.02689476380745045,
                    2.0000016695890883,
                    -1.6408759339579262,
                    0.707200287714255,
                    3.396357619914954
                ],
                "Si": [
                    [
                        0.9662400794616941,
                        0.7373681302949009,
                        -5.071697676231385e-06,
                        1.2357243539568208,
                        0.39487922993076835,
                        -0.7376528510095416
                    ],
                    [
                        0.737368130294901,
                        1.6195787726742503,
                        -2.694723989232393e-06,
                        1.808270425356921,
                        1.643814084040705,
                        -1.35485193197328
                    ],
                    [
                        -5.071697676231386e-06,
                        -2.6947239892323935e-06,
                        1.005582051602515e-06,
                        -7.5134499694499314e-06,
                        7.689049507002182e-06,
                        6.403726608233807e-06
                    ],
                    [
                        1.235724353956821,
                        1.8082704253569215,
                        -7.5134499694499314e-06,
                        3.27626081321917,
                        2.1607435234881036,
                        -2.0790672654813243
                    ],
                    [
                        0.39487922993076835,
                        1.643814084040705,
                        7.689049507002182e-06,
                        2.1607435234881036,
                        3.2437343178840083,
                        -0.8424127599938736
                    ],
                    [
                        -0.7376528510095417,
                        -1.3548519319732801,
                        6.403726608233807e-06,
                        -2.079067265481324,
                        -0.8424127599938734,
                        2.884558753471115
                    ]
                ]
            },
            "est_tgt": [
                1,
                2,
                3,
                5
            ],
            "oracle_est_tgt": [
                1,
                2,
                3
            ]
        },
        "3": {
            "intv_type": "do",
            "inode": 3,
            "new_mui": 2.0,
            "new_vari": null,
            "true_params": {
                "Si": [
                    [
                        1.0,
                        0.673123826518805,
                        -1.1664958337822036,
                        0.0,
                        -1.2780254382630007,
                        -1.7371400235878944
                    ],
                    [
                        0.673123826518805,
                        1.4530956858273183,
                        -1.489279250594521,
                        0.0,
                        -0.5771295548354058,
                        -2.4263696650896787
                    ],
                    [
                        -1.1664958337822036,
                        -1.489279250594521,
                        2.8564455579065795,
                        0.0,
                        2.1349582588341947,
                        4.279370828969715
                    ],
                    [
                        0.0,
                        0.0,
                        0.0,
                        1e-09,
                        5.477814834510636e-10,
                        -4.2654059018105443e-10
                    ],
                    [
                        -1.2780254382630007,
                        -0.5771295548354058,
                        2.1349582588341947,
                        5.477814834510636e-10,
                        3.4250109024831104,
                        3.7401361780523263
                    ],
                    [
                        -1.7371400235878944,
                        -2.4263696650896787,
                        4.279370828969715,
                        -4.2654059018105443e-10,
                        3.7401361780523263,
                        7.990515116472284
                    ]
                ],
                "mui": [
                    0.0,
                    0.0,
                    0.0,
                    2.0,
                    1.0955629669021272,
                    -0.8530811803621088
                ],
                "Ai": [
                    [
                        0.0,
                        0.0,
                        0.0,
                        0.0,
                        0.0,
                        0.0
                    ],
                    [
                        0.673123826518805,
                        0.0,
                        0.0,
                        0.0,
                        0.0,
                        0.0
                    ],
                    [
                        -0.6925607156892184,
                        -0.7040831113408001,
                        0.0,
                        0.0,
                        0.0,
                        0.0
                    ],
                    [
                        0.0,
                        0.0,
                        0.0,
                        0.0,
                        0.0,
                        0.0
                    ],
                    [
                        -0.8844380273693568,
                        0.8770345383598208,
                        0.8435008740265004,
                        0.5477814834510636,
                        0.0,
                        0.0
                    ],
                    [
                        0.6950442260506898,
                        -0.9272299555383253,
                        0.7588376296141492,
                        -0.8220938443228049,
                        0.7221004471522767,
                        0.0
                    ]
                ]
            },
            "est_params": {
                "mui": [
                    0.06567116066683473,
                    0.031012037214912788,
                    -0.08589935931511207,
                    1.9999988442980956,
                    0.9770270467501762,
                    -0.9587941509378034
                ],
                "Si": [
                    [
                        0.9288403091612959,
                        0.6028587899489984,
                        -0.9944585235719303,
                        -3.2177483481595833e-06,
                        -1.1420624623358393,
                        -1.5300781403551036
                    ],
                    [
                        0.6028587899489984,
                        1.4382718311327378,
                        -1.3111197571780664,
                        9.790211759522176e-07,
                        -0.33858649994340534,
                        -2.161281181018375
                    ],
                    [
                        -0.9944585235719303,
                        -1.3111197571780664,
                        2.5655465929121433,
                        -5.069920102644757e-07,
                        1.8691939745080972,
                        3.8537220014789058
                    ],
                    [
                        -3.2177483481595837e-06,
                        9.790211759522176e-07,
                        -5.069920102644757e-07,
                        1.0010166190677187e-06,
                        1.1346514141424047e-06,
                        -4.672596470391549e-07
                    ],
                    [
                        -1.1420624623358393,
                        -0.3385864999434054,
                        1.8691939745080972,
                        1.1346514141424051e-06,
                        3.2267518758026688,
                        3.2897217079078214
                    ],
                    [
                        -1.5300781403551036,
                        -2.161281181018375,
                        3.8537220014789058,
                        -4.672596470391534e-07,
                        3.2897217079078214,
                        7.241072803161652
                    ]
                ]
            },
            "est_tgt": [
                1,
                2,
                3,
                5
            ],
            "oracle_est_tgt": [
                1,
                2,
                3
            ]
        },
        "4": {
            "intv_type": "do",
            "inode": 4,
            "new_mui": 2.0,
            "new_vari": null,
            "true_params": {
                "Si": [
                    [
                        1.0,
                        0.673123826518805,
                        -1.1664958337822036,
                        2.1103614163628484,
                        0.0,
                        -2.5491924128344503
                    ],
                    [
                        0.673123826518805,
                        1.4530956858273183,
                        -1.489279250594521,
                        2.785584782098338,
                        0.0,
                        -4.299636257680564
                    ],
                    [
                        -1.1664958337822036,
                        -1.489279250594521,
                        2.8564455579065795,
                        -4.238273758547312,
                        0.0,
                        6.221975283070719
                    ],
                    [
                        2.1103614163628484,
                        2.785584782098338,
                        -4.238273758547312,
                        7.981925176656721,
                        0.0,
                        -10.894136302496722
                    ],
                    [
                        0.0,
                        0.0,
                        0.0,
                        0.0,
                        1e-09,
                        7.221004471522767e-10
                    ],
                    [
                        -2.5491924128344503,
                        -4.299636257680564,
                        6.221975283070719,
                        -10.894136302496722,
                        7.221004471522767e-10,
                        16.892421437748105
                    ]
                ],
                "mui": [
                    0.0,
                    0.0,
                    0.0,
                    0.0,
                    2.0,
                    1.4442008943045535
                ],
                "Ai": [
                    [
                        0.0,
                        0.0,
                        0.0,
                        0.0,
                        0.0,
                        0.0
                    ],
                    [
                        0.673123826518805,
                        0.0,
                        0.0,
                        0.0,
                        0.0,
                        0.0
                    ],
                    [
                        -0.6925607156892184,
                        -0.7040831113408001,
                        0.0,
                        0.0,
                        0.0,
                        0.0
                    ],
                    [
                        0.6267738490274555,
                        0.7909147077531695,
                        -0.8154371453847613,
                        0.0,
                        0.0,
                        0.0
                    ],
                    [
                        0.0,
                        0.0,
                        0.0,
                        0.0,
                        0.0,
                        0.0
                    ],
                    [
                        0.6950442260506898,
                        -0.9272299555383253,
                        0.7588376296141492,
                        -0.8220938443228049,
                        0.7221004471522767,
                        0.0
                    ]
                ]
            },
            "est_params": {
                "mui": [
                    0.037594570277967386,
                    -0.0010603178971713139,
                    0.033385632855095784,
                    0.06604483218936151,
                    1.9999993997356236,
                    1.5178573754235978
                ],
                "Si": [
                    [
                        0.9454694773117563,
                        0.6001262253700345,
                        -1.0600325154406347,
                        1.906785069786895,
                        1.264079395501258e-07,
                        -2.3055068404658625
                    ],
                    [
                        0.6001262253700345,
                        1.4136454660715452,
                        -1.3417448613151626,
                        2.5162779570500287,
                        1.6542866630203904e-06,
                        -4.115739563111834
                    ],
                    [
                        -1.0600325154406347,
                        -1.3417448613151626,
                        2.6324600392527855,
                        -3.9357314641048484,
                        -9.018005672672596e-07,
                        5.885236580260426
                    ],
                    [
                        1.9067850697868949,
                        2.5162779570500287,
                        -3.9357314641048484,
                        7.286021965104373,
                        1.258122447209419e-06,
                        -10.289559838169687
                    ],
                    [
                        1.2640793955012505e-07,
                        1.6542866630203904e-06,
                        -9.018005672672593e-07,
                        1.2581224472094182e-06,
                        1.0023976290707468e-06,
                        -7.858514953131389e-06
                    ],
                    [
                        -2.3055068404658634,
                        -4.115739563111835,
                        5.885236580260426,
                        -10.289559838169689,
                        -7.858514953131389e-06,
                        16.520405057095537
                    ]
                ]
            },
            "est_tgt": [
                2,
                4,
                5
            ],
            "oracle_est_tgt": [
                4,
                5
            ]
        },
        "5": {
            "intv_type": "do",
            "inode": 5,
            "new_mui": 2.0,
            "new_vari": null,
            "true_params": {
                "Si": [
                    [
                        1.0,
                        0.673123826518805,
                        -1.1664958337822036,
                        2.1103614163628484,
                        -0.12200853098987202,
                        0.0
                    ],
                    [
                        0.673123826518805,
                        1.4530956858273183,
                        -1.489279250594521,
                        2.785584782098338,
                        0.9487622093811297,
                        0.0
                    ],
                    [
                        -1.1664958337822036,
                        -1.489279250594521,
                        2.8564455579065795,
                        -4.238273758547312,
                        -0.18668962789456622,
                        0.0
                    ],
                    [
                        2.1103614163628484,
                        2.785584782098338,
                        -4.238273758547312,
                        7.981925176656721,
                        1.373933369671572,
                        0.0
                    ],
                    [
                        -0.12200853098987202,
                        0.9487622093811297,
                        -0.18668962789456622,
                        1.373933369671572,
                        2.5351486058896016,
                        0.0
                    ],
                    [
                        0.0,
                        0.0,
                        0.0,
                        0.0,
                        0.0,
                        1e-09
                    ]
                ],
                "mui": [
                    0.0,
                    0.0,
                    0.0,
                    0.0,
                    0.0,
                    2.0
                ],
                "Ai": [
                    [
                        0.0,
                        0.0,
                        0.0,
                        0.0,
                        0.0,
                        0.0
                    ],
                    [
                        0.673123826518805,
                        0.0,
                        0.0,
                        0.0,
                        0.0,
                        0.0
                    ],
                    [
                        -0.6925607156892184,
                        -0.7040831113408001,
                        0.0,
                        0.0,
                        0.0,
                        0.0
                    ],
                    [
                        0.6267738490274555,
                        0.7909147077531695,
                        -0.8154371453847613,
                        0.0,
                        0.0,
                        0.0
                    ],
                    [
                        -0.8844380273693568,
                        0.8770345383598208,
                        0.8435008740265004,
                        0.5477814834510636,
                        0.0,
                        0.0
                    ],
                    [
                        0.0,
                        0.0,
                        0.0,
                        0.0,
                        0.0,
                        0.0
                    ]
                ]
            },
            "est_params": {
                "mui": [
                    0.03668838359867809,
                    0.09200844483540806,
                    0.053470928059668826,
                    0.17498743948434708,
                    0.16464802836393008,
                    2.000002463060386
                ],
                "Si": [
                    [
                        1.0660526254196971,
                        0.8359569285078465,
                        -1.2540721020421588,
                        2.3096439598387395,
                        0.033166744676860725,
                        2.1611202091652107e-06
                    ],
                    [
                        0.8359569285078465,
                        1.579148383280122,
                        -1.6832097458227313,
                        3.0619275302193896,
                        0.8983418767375403,
                        3.254246599394689e-06
                    ],
                    [
                        -1.2540721020421588,
                        -1.6832097458227313,
                        2.9955623382765153,
                        -4.375163726316219,
                        -0.3031557430721369,
                        -3.443728652845218e-06
                    ],
                    [
                        2.3096439598387395,
                        3.0619275302193896,
                        -4.375163726316219,
                        8.28572210834236,
                        1.55825200444868,
                        9.145288215163703e-06
                    ],
                    [
                        0.033166744676860725,
                        0.8983418767375405,
                        -0.3031557430721369,
                        1.5582520044486803,
                        2.3159691418956307,
                        3.243786683238673e-06
                    ],
                    [
                        2.1611202091652107e-06,
                        3.254246599394689e-06,
                        -3.443728652845218e-06,
                        9.145288215163703e-06,
                        3.243786683238672e-06,
                        1.001078079501834e-06
                    ]
                ]
            },
            "est_tgt": [
                2,
                4,
                5
            ],
            "oracle_est_tgt": [
                4,
                5
            ]
        },
        "obs": {
            "intv_type": "obs",
            "true_params": {
                "Si": [
                    [
                        1.0,
                        0.673123826518805,
                        -1.1664958337822036,
                        2.1103614163628484,
                        -0.12200853098987202,
                        -2.6372948276186294
                    ],
                    [
                        0.673123826518805,
                        1.4530956858273183,
                        -1.489279250594521,
                        2.785584782098338,
                        0.9487622093811297,
                        -3.614534642045268
                    ],
                    [
                        -1.1664958337822036,
                        -1.489279250594521,
                        2.8564455579065795,
                        -4.238273758547312,
                        -0.18668962789456622,
                        6.087166619289361
                    ],
                    [
                        2.1103614163628484,
                        2.785584782098338,
                        -4.238273758547312,
                        7.981925176656721,
                        1.373933369671572,
                        -9.902018401899447
                    ],
                    [
                        -0.12200853098987202,
                        0.9487622093811297,
                        -0.18668962789456622,
                        1.373933369671572,
                        2.5351486058896016,
                        -0.40505940472574165
                    ],
                    [
                        -2.6372948276186294,
                        -3.614534642045268,
                        6.087166619289361,
                        -9.902018401899447,
                        -0.40505940472574165,
                        14.985534138850586
                    ]
                ],
                "mui": [
                    0.0,
                    0.0,
