{
    "expt_args": {
        "save_dir": "all_expt_logs/expt_logs_11.05.24-mean_shift-corr",
        "exp_name": "248",
        "num_nodes": 6,
        "obs_noise_mean": 0.0,
        "obs_noise_var": 1.0,
        "max_edge_strength": 1.0,
        "graph_sparsity_method": "adj_dense_prop",
        "adj_dense_prop": 0.8,
        "num_parents": null,
        "new_noise_mean": 1.0,
        "mix_samples": 1024,
        "stage2_samples": 1024,
        "gmm_tol": 0.001,
        "intv_type": "do",
        "new_noise_var": null,
        "intv_targets": [
            0,
            1,
            2,
            3,
            4,
            5
        ]
    },
    "intv_args_dict": {
        "0": {
            "intv_type": "do",
            "inode": 0,
            "new_mui": 1.0,
            "new_vari": null,
            "true_params": {
                "Si": [
                    [
                        1e-09,
                        -9.015772548319957e-10,
                        -1.6063550001531538e-09,
                        -1.2533883471006959e-10,
                        -1.1552212382501379e-09,
                        4.252765251451546e-10
                    ],
                    [
                        -9.015772548319957e-10,
                        1.0000000008128416,
                        0.726431811270842,
                        -0.516894704519838,
                        1.1336869852411426,
                        -0.5997584230849005
                    ],
                    [
                        -1.6063550001531538e-09,
                        0.726431811270842,
                        1.5277031769024982,
                        0.24606530951902156,
                        1.9882407696244613,
                        -1.1471137354382244
                    ],
                    [
                        -1.2533883471006959e-10,
                        -0.516894704519838,
                        0.24606530951902156,
                        1.65350959152536,
                        0.7505906982413035,
                        -1.5544180615691872
                    ],
                    [
                        -1.1552212382501379e-09,
                        1.1336869852411426,
                        1.9882407696244613,
                        0.7505906982413035,
                        4.017120151855272,
                        -3.1925327380638793
                    ],
                    [
                        4.252765251451546e-10,
                        -0.5997584230849005,
                        -1.1471137354382244,
                        -1.5544180615691872,
                        -3.1925327380638793,
                        4.548983135496526
                    ]
                ],
                "mui": [
                    1.0,
                    -0.9015772548319956,
                    -1.6063550001531537,
                    -0.12533883471006957,
                    -1.155221238250138,
                    0.42527652514515457
                ],
                "Ai": [
                    [
                        0.0,
                        0.0,
                        0.0,
                        0.0,
                        0.0,
                        0.0
                    ],
                    [
                        -0.9015772548319956,
                        0.0,
                        0.0,
                        0.0,
                        0.0,
                        0.0
                    ],
                    [
                        -0.9514206032306658,
                        0.7264318098225888,
                        0.0,
                        0.0,
                        0.0,
                        0.0
                    ],
                    [
                        0.0,
                        -0.9684113490400856,
                        0.6215540650918298,
                        0.0,
                        0.0,
                        0.0
                    ],
                    [
                        0.9749994856055448,
                        0.8809294523026715,
                        0.783888872684052,
                        0.6126669082664741,
                        0.0,
                        0.0
                    ],
                    [
                        -0.0,
                        -0.7443876236339357,
                        0.8095851316371911,
                        -0.9243615057747263,
                        -0.8126376784682072,
                        0.0
                    ]
                ]
            },
            "est_params": {
                "mui": [
                    1.0000015957939112,
                    -0.9417186447020968,
                    -1.6720246728930563,
                    -0.259612628450707,
                    -1.1646153218269963,
                    0.5903864454285429
                ],
                "Si": [
                    [
                        1.0015126868928925e-06,
                        -5.007687278931942e-08,
                        -1.209898487050922e-06,
                        6.798137860694291e-07,
                        2.333156293350563e-06,
                        -3.5642923110729482e-06
                    ],
                    [
                        -5.0076872789320024e-08,
                        0.9323495108263139,
                        0.657903543221463,
                        -0.5789429650736009,
                        1.0044858194822228,
                        -0.5106176590281433
                    ],
                    [
                        -1.2098984870509219e-06,
                        0.6579035432214629,
                        1.494304609361087,
                        0.1377530404950166,
                        1.8758390275778078,
                        -0.9715011629358911
                    ],
                    [
                        6.798137860694291e-07,
                        -0.5789429650736008,
                        0.13775304049501658,
                        1.5817914340939698,
                        0.6346257402756172,
                        -1.3395960596039296
                    ],
                    [
                        2.3331562933505646e-06,
                        1.004485819482223,
                        1.8758390275778074,
                        0.6346257402756172,
                        3.873518353689441,
                        -2.9743940604977377
                    ],
                    [
                        -3.5642923110729474e-06,
                        -0.5106176590281433,
                        -0.9715011629358911,
                        -1.3395960596039296,
                        -2.9743940604977377,
                        4.0203510499963455
                    ]
                ]
            },
            "est_tgt": [
                0,
                1,
                2,
                4
            ],
            "oracle_est_tgt": [
                0,
                1,
                2,
                5
            ]
        },
        "1": {
            "intv_type": "do",
            "inode": 1,
            "new_mui": 1.0,
            "new_vari": null,
            "true_params": {
                "Si": [
                    [
                        1.0,
                        0.0,
                        -0.9514206032306658,
                        -0.5913593435501412,
                        -0.1331148391966792,
                        -0.1154520271564141
                    ],
                    [
                        0.0,
                        1e-09,
                        7.264318098225888e-10,
                        -5.168947046328406e-10,
                        1.1336869841996216e-09,
                        -5.997584227014809e-10
                    ],
                    [
                        -0.9514206032306658,
                        7.264318098225888e-10,
                        1.9052011647795073,
                        1.184185528082907,
                        1.2913426814953262,
                        -0.6015867014100262
                    ],
                    [
                        -0.5913593435501412,
                        -5.168947046328406e-10,
                        1.184185528082907,
                        1.7360353293034128,
                        1.4153062002786028,
                        -1.7961563789684616
                    ],
                    [
                        -0.1331148391966792,
                        1.1336869841996216e-09,
                        1.2913426814953262,
                        1.4153062002786028,
                        2.7495935340767055,
                        -2.497226042741909
                    ],
                    [
                        -0.1154520271564141,
                        -5.997584227014809e-10,
                        -0.6015867014100262,
                        -1.7961563789684616,
                        -2.497226042741909,
                        4.202602140648533
                    ]
                ],
                "mui": [
                    0.0,
                    1.0,
                    0.7264318098225888,
                    -0.5168947046328406,
                    1.1336869841996216,
                    -0.5997584227014808
                ],
                "Ai": [
                    [
                        0.0,
                        0.0,
                        0.0,
                        0.0,
                        0.0,
                        0.0
                    ],
                    [
                        0.0,
                        0.0,
                        0.0,
                        0.0,
                        0.0,
                        0.0
                    ],
                    [
                        -0.9514206032306658,
                        0.7264318098225888,
                        0.0,
                        0.0,
                        0.0,
                        0.0
                    ],
                    [
                        0.0,
                        -0.9684113490400856,
                        0.6215540650918298,
                        0.0,
                        0.0,
                        0.0
                    ],
                    [
                        0.9749994856055448,
                        0.8809294523026715,
                        0.783888872684052,
                        0.6126669082664741,
                        0.0,
                        0.0
                    ],
                    [
                        -0.0,
                        -0.7443876236339357,
                        0.8095851316371911,
                        -0.9243615057747263,
                        -0.8126376784682072,
                        0.0
                    ]
                ]
            },
            "est_params": {
                "mui": [
                    0.16461725848435077,
                    1.000000171962548,
                    0.5112706614190744,
                    -0.7956695659270103,
                    0.902603767578498,
                    -0.4156022733047078
                ],
                "Si": [
                    [
                        0.9023979872857574,
                        1.5151312226348716e-05,
                        -0.9247539681222916,
                        -0.48698510814005763,
                        -0.13296203827698816,
                        -0.2729053310542681
                    ],
                    [
                        1.5151312226348716e-05,
                        1.0728633039292482e-06,
                        -1.333379417276668e-05,
                        -1.0375441621536254e-05,
                        5.222557768299638e-06,
                        -6.378652031599763e-06
                    ],
                    [
                        -0.9247539681222916,
                        -1.333379417276668e-05,
                        1.8403096517262998,
                        1.0138024362086862,
                        1.171845232258562,
                        -0.29083451055575144
                    ],
                    [
                        -0.4869851081400575,
                        -1.0375441621536254e-05,
                        1.0138024362086862,
                        1.6259666550859027,
                        1.4971182882714862,
                        -1.758544293278741
                    ],
                    [
                        -0.1329620382769882,
                        5.222557768299641e-06,
                        1.171845232258562,
                        1.4971182882714862,
                        2.8123554921996976,
                        -2.590315673755622
                    ],
                    [
                        -0.2729053310542681,
                        -6.378652031599757e-06,
                        -0.2908345105557515,
                        -1.758544293278741,
                        -2.590315673755622,
                        4.451221316713245
                    ]
                ]
            },
            "est_tgt": [
                0,
                1,
                2,
                3,
                4
            ],
            "oracle_est_tgt": [
                1
            ]
        },
        "2": {
            "intv_type": "do",
            "inode": 2,
            "new_mui": 1.0,
            "new_vari": null,
            "true_params": {
                "Si": [
                    [
                        1.0,
                        -0.9015772548319956,
                        0.0,
                        0.8730976456157099,
                        0.7156915634519635,
                        -0.7175328347657948
                    ],
                    [
                        -0.9015772548319956,
                        1.812841546430397,
                        0.0,
                        -1.755576327574576,
                        -0.35763536992732325,
                        0.5639583436429653
                    ],
                    [
                        0.0,
                        0.0,
                        1e-09,
                        6.215540650918298e-10,
                        1.1646944800643223e-09,
                        -7.114301382957014e-10
                    ],
                    [
                        0.8730976456157099,
                        -1.755576327574576,
                        6.215540650918298e-10,
                        2.7001200401156638,
                        0.9590050600461639,
                        -1.9683813805945762
                    ],
                    [
                        0.7156915634519635,
                        -0.35763536992732325,
                        1.1646944800643223e-09,
                        0.9590050600461639,
                        1.9702980417271307,
                        -2.2213864437788815
                    ],
                    [
                        -0.7175328347657948,
                        0.5639583436429653,
                        -7.114301382957014e-10,
                        -1.9683813805945762,
                        -2.2213864437788815,
                        4.204874687729673
                    ]
                ],
                "mui": [
                    0.0,
                    0.0,
                    1.0,
                    0.6215540650918298,
                    1.1646944800643222,
                    -0.7114301382957013
                ],
                "Ai": [
                    [
                        0.0,
                        0.0,
                        0.0,
                        0.0,
                        0.0,
                        0.0
                    ],
                    [
                        -0.9015772548319956,
                        0.0,
                        0.0,
                        0.0,
                        0.0,
                        0.0
                    ],
                    [
                        0.0,
                        0.0,
                        0.0,
                        0.0,
                        0.0,
                        0.0
                    ],
                    [
                        0.0,
                        -0.9684113490400856,
                        0.6215540650918298,
                        0.0,
                        0.0,
                        0.0
                    ],
                    [
                        0.9749994856055448,
                        0.8809294523026715,
                        0.783888872684052,
                        0.6126669082664741,
                        0.0,
                        0.0
                    ],
                    [
                        -0.0,
                        -0.7443876236339357,
                        0.8095851316371911,
                        -0.9243615057747263,
                        -0.8126376784682072,
                        0.0
                    ]
                ]
            },
            "est_params": {
                "mui": [
                    0.013559157241969126,
                    0.009552209762986654,
                    0.9999780530312714,
                    0.6174392961357775,
                    1.1338330026664123,
                    -0.6623917476599102
                ],
                "Si": [
                    [
                        0.9415745404668331,
                        -0.8322108137216829,
                        4.76672277650153e-06,
                        0.7587017585931939,
                        0.5758605481495824,
                        -0.6248830009750206
                    ],
                    [
                        -0.8322108137216829,
                        1.772733863127135,
                        -1.8303609810542165e-05,
                        -1.7019961857305075,
                        -0.08229534523028284,
                        0.3863549819773088
                    ],
                    [
                        4.766722776501531e-06,
                        -1.830360981054216e-05,
                        1.0528196347696749e-06,
                        1.0393177401232083e-05,
                        -6.844731818706517e-06,
                        -1.540851776874855e-05
                    ],
                    [
                        0.7587017585931939,
                        -1.7019961857305075,
                        1.0393177401232081e-05,
                        2.5205592244501123,
                        0.6024567371640037,
                        -1.7809035461693061
                    ],
                    [
                        0.5758605481495825,
                        -0.08229534523028287,
                        -6.844731818706514e-06,
                        0.6024567371640039,
                        1.8351736974416737,
                        -2.0465947221808127
                    ],
                    [
                        -0.6248830009750207,
                        0.3863549819773088,
                        -1.540851776874855e-05,
                        -1.7809035461693061,
                        -2.0465947221808127,
                        4.21203302207993
                    ]
                ]
            },
            "est_tgt": [
                0,
                2,
                3
            ],
            "oracle_est_tgt": [
                0,
                2
            ]
        },
        "3": {
            "intv_type": "do",
            "inode": 3,
            "new_mui": 1.0,
            "new_vari": null,
            "true_params": {
                "Si": [
                    [
                        1.0,
                        -0.9015772548319956,
                        -1.6063550001531537,
                        0.0,
                        -1.078430281902597,
                        0.24701490666688608
                    ],
                    [
                        -0.9015772548319956,
                        1.812841546430397,
                        2.174684941146319,
                        0.0,
                        2.422659477871775,
                        -1.5576085902415506
                    ],
                    [
                        -1.6063550001531537,
                        2.174684941146319,
                        4.10807956083916,
                        0.0,
                        3.569826571128279,
                        -1.1939440007501931
                    ],
                    [
                        0.0,
                        0.0,
                        0.0,
                        1e-09,
                        6.126669082664741e-10,
                        -1.4222377197826879e-09
                    ],
                    [
                        -1.078430281902597,
                        2.422659477871775,
                        3.569826571128279,
                        6.126669082664741e-10,
                        4.881070443735666,
                        -2.879860971501831
                    ],
                    [
                        0.24701490666688608,
                        -1.5576085902415506,
                        -1.1939440007501931,
                        -1.4222377197826879e-09,
                        -2.879860971501831,
                        3.5331487815340386
                    ]
                ],
                "mui": [
                    0.0,
                    0.0,
                    0.0,
                    1.0,
                    0.6126669082664741,
                    -1.4222377197826879
                ],
                "Ai": [
                    [
                        0.0,
                        0.0,
                        0.0,
                        0.0,
                        0.0,
                        0.0
                    ],
                    [
                        -0.9015772548319956,
                        0.0,
                        0.0,
                        0.0,
                        0.0,
                        0.0
                    ],
                    [
                        -0.9514206032306658,
                        0.7264318098225888,
                        0.0,
                        0.0,
                        0.0,
                        0.0
                    ],
                    [
                        0.0,
                        0.0,
                        0.0,
                        0.0,
                        0.0,
                        0.0
                    ],
                    [
                        0.9749994856055448,
                        0.8809294523026715,
                        0.783888872684052,
                        0.6126669082664741,
                        0.0,
                        0.0
                    ],
                    [
                        -0.0,
                        -0.7443876236339357,
                        0.8095851316371911,
                        -0.9243615057747263,
                        -0.8126376784682072,
                        0.0
                    ]
                ]
            },
            "est_params": {
                "mui": [
                    0.08234714427967837,
                    -0.08763877426027014,
                    -0.16108703878983335,
                    0.6358075658419781,
                    0.2770471199688759,
                    -0.8447304128584308
                ],
                "Si": [
                    [
                        1.007636675534283,
                        -0.8040185180354661,
                        -1.6062531719458604,
                        -0.11777565624496047,
                        -0.9595622847859828,
                        0.18944883631885692
                    ],
                    [
                        -0.8040185180354661,
                        1.6329859034026113,
                        2.206905205558013,
                        -0.006310728829486231,
                        2.2967055673653807,
                        -1.0878071057724865
                    ],
                    [
                        -1.6062531719458604,
                        2.206905205558013,
                        4.416778295346482,
                        0.3028294286541228,
                        3.9055791043870958,
                        -1.3641399776231402
                    ],
                    [
                        -0.11777565624496049,
                        -0.006310728829486234,
                        0.3028294286541229,
                        0.7160503423774259,
                        0.5747312177853819,
                        -0.9209861126805085
                    ],
                    [
                        -0.9595622847859828,
                        2.2967055673653807,
                        3.905579104387096,
                        0.5747312177853818,
                        5.433562930041123,
                        -3.2722218733514508
                    ],
                    [
                        0.1894488363188569,
                        -1.0878071057724865,
                        -1.3641399776231398,
                        -0.9209861126805085,
                        -3.2722218733514508,
                        4.089319372146254
                    ]
                ]
            },
            "est_tgt": [
                2,
                3
            ],
            "oracle_est_tgt": [
                2,
                3
            ]
        },
        "4": {
            "intv_type": "do",
            "inode": 4,
            "new_mui": 1.0,
            "new_vari": null,
            "true_params": {
                "Si": [
                    [
                        1.0,
                        -0.9015772548319956,
                        -1.6063550001531537,
                        -0.12533883471006957,
                        0.0,
                        -0.5134997800236052
                    ],
                    [
                        -0.9015772548319956,
                        1.812841546430397,
                        2.174684941146319,
                        -0.40389206211109485,
                        0.0,
                        0.7844780582786384
                    ],
                    [
                        -1.6063550001531537,
                        2.174684941146319,
                        4.10807956083916,
                        0.4474039731675728,
                        0.0,
                        1.2934685662188394
                    ],
                    [
                        -0.12533883471006957,
                        -0.40389206211109485,
                        0.4474039731675728,
                        1.6692194149961281,
                        0.0,
                        -0.8800983150828692
                    ],
                    [
                        0.0,
                        0.0,
                        0.0,
                        0.0,
                        1e-09,
                        -8.126376784682073e-10
                    ],
                    [
                        -0.5134997800236052,
                        0.7844780582786384,
                        1.2934685662188394,
                        -0.8800983150828692,
                        -8.126376784682073e-10,
                        2.2767461662760287
                    ]
                ],
                "mui": [
                    0.0,
                    0.0,
                    0.0,
                    0.0,
                    1.0,
                    -0.8126376784682072
                ],
                "Ai": [
                    [
                        0.0,
                        0.0,
                        0.0,
                        0.0,
                        0.0,
                        0.0
                    ],
                    [
                        -0.9015772548319956,
                        0.0,
                        0.0,
                        0.0,
                        0.0,
                        0.0
                    ],
                    [
                        -0.9514206032306658,
                        0.7264318098225888,
                        0.0,
                        0.0,
                        0.0,
                        0.0
                    ],
                    [
                        0.0,
                        -0.9684113490400856,
                        0.6215540650918298,
                        0.0,
                        0.0,
                        0.0
                    ],
                    [
                        0.0,
                        0.0,
                        0.0,
                        0.0,
                        0.0,
                        0.0
                    ],
                    [
                        -0.0,
                        -0.7443876236339357,
                        0.8095851316371911,
                        -0.9243615057747263,
                        -0.8126376784682072,
                        0.0
                    ]
                ]
            },
            "est_params": {
                "mui": [
                    -0.07200232567852898,
                    0.005432005122346294,
                    0.16644080197484343,
                    0.09540362272274369,
                    1.0000012073120692,
                    -0.8022714423162378
                ],
                "Si": [
                    [
                        0.893754686334535,
                        -0.7833289935897952,
                        -1.4777186534240365,
                        -0.20466223710813758,
                        -1.5071943496830955e-06,
                        -0.4856140863814255
                    ],
                    [
                        -0.7833289935897952,
                        1.860237177948316,
                        2.146834655610757,
                        -0.34025405986775054,
                        4.4249409963018884e-07,
                        0.7253072778987184
                    ],
                    [
                        -1.4777186534240365,
                        2.146834655610757,
                        4.226739579358215,
                        0.6790576314597588,
                        1.8410355692171242e-07,
                        1.316478871936136
                    ],
                    [
                        -0.20466223710813758,
                        -0.3402540598677505,
                        0.6790576314597588,
                        1.6344210316427492,
                        2.7103314609277564e-06,
                        -0.6712247025942495
                    ],
                    [
                        -1.5071943496830955e-06,
                        4.4249409963018826e-07,
                        1.841035569217098e-07,
                        2.7103314609277564e-06,
                        1.0009083972367092e-06,
                        -1.9797734871525237e-06
                    ],
                    [
                        -0.48561408638142545,
                        0.7253072778987182,
                        1.3164788719361362,
                        -0.6712247025942495,
                        -1.979773487152522e-06,
                        2.1046152359614725
                    ]
                ]
            },
            "est_tgt": [
                0,
                4,
                5
            ],
            "oracle_est_tgt": [
                4,
                5
            ]
        },
        "5": {
            "intv_type": "do",
            "inode": 5,
            "new_mui": 1.0,
            "new_vari": null,
            "true_params": {
                "Si": [
                    [
                        1.0,
                        -0.9015772548319956,
                        -1.6063550001531537,
                        -0.12533883471006957,
                        -1.155221238250138,
                        0.0
                    ],
                    [
                        -0.9015772548319956,
                        1.812841546430397,
                        2.174684941146319,
                        -0.40389206211109485,
                        2.1752081769047997,
                        0.0
                    ],
                    [
                        -1.6063550001531537,
                        2.174684941146319,
                        4.10807956083916,
                        0.4474039731675728,
                        3.8439361801149925,
                        0.0
                    ],
                    [
                        -0.12533883471006957,
                        -0.40389206211109485,
                        0.4474039731675728,
                        1.6692194149961281,
                        0.8953847819311054,
                        0.0
                    ],
                    [
                        -1.155221238250138,
                        2.1752081769047997,
                        3.8439361801149925,
                        0.8953847819311054,
                        5.351656259824916,
                        0.0
                    ],
                    [
                        0.0,
                        0.0,
                        0.0,
                        0.0,
                        0.0,
                        1e-09
                    ]
                ],
                "mui": [
                    0.0,
                    0.0,
                    0.0,
                    0.0,
                    0.0,
                    1.0
                ],
                "Ai": [
                    [
                        0.0,
                        0.0,
                        0.0,
                        0.0,
                        0.0,
                        0.0
                    ],
                    [
                        -0.9015772548319956,
                        0.0,
                        0.0,
                        0.0,
                        0.0,
                        0.0
                    ],
                    [
                        -0.9514206032306658,
                        0.7264318098225888,
                        0.0,
                        0.0,
                        0.0,
                        0.0
                    ],
                    [
                        0.0,
                        -0.9684113490400856,
                        0.6215540650918298,
                        0.0,
                        0.0,
                        0.0
                    ],
                    [
                        0.9749994856055448,
                        0.8809294523026715,
                        0.783888872684052,
                        0.6126669082664741,
                        0.0,
                        0.0
                    ],
                    [
                        0.0,
                        0.0,
                        0.0,
                        0.0,
                        0.0,
                        0.0
                    ]
                ]
            },
            "est_params": {
                "mui": [
                    0.011116897721501234,
                    0.15162918323931576,
                    0.10386954779984978,
                    -0.14626575641278453,
                    0.11719744065488856,
                    1.0000031539488083
                ],
                "Si": [
                    [
                        1.0034057591877805,
                        -0.9230719497144574,
                        -1.6805268144546939,
                        -0.21370642887204758,
                        -1.0764317901442482,
                        2.1836308225650865e-06
                    ],
                    [
                        -0.9230719497144574,
                        1.843011230058558,
                        2.2427738089400466,
                        -0.3897134855854866,
                        2.071039968929518,
                        2.4232237511983134e-07
                    ],
                    [
                        -1.6805268144546937,
                        2.2427738089400466,
                        4.287076834347408,
                        0.5882335352753515,
                        3.608879097908134,
                        1.4348488881411632e-06
                    ],
                    [
                        -0.21370642887204758,
                        -0.3897134855854865,
                        0.5882335352753516,
                        1.7994797690010793,
                        0.8543001305399978,
                        -2.3980071259380344e-06
                    ],
                    [
                        -1.0764317901442482,
                        2.071039968929518,
                        3.608879097908133,
                        0.8543001305399978,
                        4.619588842285692,
                        5.366275057720965e-07
                    ],
                    [
                        2.1836308225650857e-06,
                        2.423223751198327e-07,
                        1.4348488881411628e-06,
                        -2.3980071259380344e-06,
                        5.366275057720982e-07,
                        1.0012377481267324e-06
                    ]
                ]
            },
            "est_tgt": [
                4,
                5
            ],
            "oracle_est_tgt": [
                4,
                5
            ]
        },
        "obs": {
            "intv_type": "obs",
            "true_params": {
                "Si": [
                    [
                        1.0,
                        -0.9015772548319956,
                        -1.6063550001531537,
                        -0.12533883471006957,
                        -1.155221238250138,
                        0.42527652514515457
                    ],
                    [
                        -0.9015772548319956,
                        1.812841546430397,
                        2.174684941146319,
                        -0.40389206211109485,
                        2.1752081769047997,
                        -0.9831780647863395
                    ],
                    [
                        -1.6063550001531537,
                        2.174684941146319,
                        4.10807956083916,
                        0.4474039731675728,
                        3.8439361801149925,
                        -1.8302588073697568
                    ],
                    [
                        -0.12533883471006957,
                        -0.40389206211109485,
                        0.4474039731675728,
                        1.6692194149961281,
                        0.8953847819311054,
                        -1.6077217256071248
                    ],
                    [
                        -1.155221238250138,
                        2.1752081769047997,
                        3.8439361801149925,
                        0.8953847819311054,
                        5.351656259824916,
                        -3.6838212115494926
                    ],
                    [
                        0.42527652514515457,
                        -0.9831780647863395,
                        -1.8302588073697568,
                        -1.6077217256071248,
                        -3.6838212115494926,
                        4.729843258155203
                    ]
                ],
                "mui": [
                    0.0,
                    0.0,
                    0.0,
                    0.0,
                    0.0,
