{
    "expt_args": {
        "save_dir": "all_expt_logs/expt_logs_11.05.24-mean_shift-corr",
        "exp_name": "399",
        "num_nodes": 6,
        "obs_noise_mean": 0.0,
        "obs_noise_var": 1.0,
        "max_edge_strength": 1.0,
        "graph_sparsity_method": "adj_dense_prop",
        "adj_dense_prop": 0.8,
        "num_parents": null,
        "new_noise_mean": 0.1,
        "mix_samples": 131072,
        "stage2_samples": 131072,
        "gmm_tol": 0.001,
        "intv_type": "do",
        "new_noise_var": null,
        "intv_targets": [
            0,
            1,
            2,
            3,
            4,
            5
        ]
    },
    "intv_args_dict": {
        "0": {
            "intv_type": "do",
            "inode": 0,
            "new_mui": 0.1,
            "new_vari": null,
            "true_params": {
                "Si": [
                    [
                        1e-09,
                        5.282254834694355e-10,
                        3.620538189271853e-10,
                        1.1212088545822935e-10,
                        2.269719797176591e-10,
                        1.4330119065406755e-09
                    ],
                    [
                        5.282254834694355e-10,
                        1.0000000002790221,
                        0.6854152825990184,
                        0.21225951605570562,
                        0.42968767483578346,
                        1.270640083367594
                    ],
                    [
                        3.620538189271853e-10,
                        0.6854152825990184,
                        1.4697941094892093,
                        -0.6603510086061001,
                        1.0137851632631214,
                        0.6313323235936801
                    ],
                    [
                        1.1212088545822935e-10,
                        0.21225951605570562,
                        -0.6603510086061001,
                        1.694427251429589,
                        -1.380985519235175,
                        1.9605444253085538
                    ],
                    [
                        2.269719797176591e-10,
                        0.42968767483578346,
                        1.0137851632631214,
                        -1.380985519235175,
                        2.498673625293314,
                        -1.5379329162861342
                    ],
                    [
                        1.4330119065406755e-09,
                        1.270640083367594,
                        0.6313323235936801,
                        1.9605444253085538,
                        -1.5379329162861342,
                        5.24554260018221
                    ]
                ],
                "mui": [
                    0.10000000149011612,
                    0.05282254913406086,
                    0.036205382432220753,
                    0.011212088712896074,
                    0.022697198309980515,
                    0.1433011927894217
                ],
                "Ai": [
                    [
                        0.0,
                        0.0,
                        0.0,
                        0.0,
                        0.0,
                        0.0
                    ],
                    [
                        0.5282254834694355,
                        0.0,
                        0.0,
                        0.0,
                        0.0,
                        0.0
                    ],
                    [
                        -0.0,
                        0.6854152824077724,
                        0.0,
                        0.0,
                        0.0,
                        0.0
                    ],
                    [
                        0.0,
                        0.7645924593466651,
                        -0.8058369247471586,
                        0.0,
                        0.0,
                        0.0
                    ],
                    [
                        0.0,
                        0.6191454153325591,
                        0.0,
                        -0.8925759569705669,
                        0.0,
                        0.0
                    ],
                    [
                        0.7618274345880265,
                        0.645496657453802,
                        0.9673773809330846,
                        0.9848019884591719,
                        -0.5747090818378681,
                        0.0
                    ]
                ]
            },
            "est_params": {
                "mui": [
                    0.10000002909427655,
                    0.051776128829745784,
                    0.04182031115632913,
                    0.0036609471688315233,
                    0.028663473301011412,
                    0.1318949579347636
                ],
                "Si": [
                    [
                        1.0154579878656556e-06,
                        2.730627076511668e-07,
                        1.6508137925408636e-06,
                        -7.261847783400998e-07,
                        -3.172530538773351e-07,
                        4.5018600189311205e-07
                    ],
                    [
                        2.7306270765116675e-07,
                        0.998213101309412,
                        0.6836135463362238,
                        0.22053398700531365,
                        0.41282280295307844,
                        1.3018338107890384
                    ],
                    [
                        1.6508137925408636e-06,
                        0.6836135463362238,
                        1.4758506919972996,
                        -0.6575376713597065,
                        0.9886439539595552,
                        0.6678653778453851
                    ],
                    [
                        -7.261847783401002e-07,
                        0.22053398700531365,
                        -0.6575376713597065,
                        1.69013015423473,
                        -1.3609711151166548,
                        1.9565462600942987
                    ],
                    [
                        -3.17253053877335e-07,
                        0.41282280295307844,
                        0.9886439539595552,
                        -1.3609711151166548,
                        2.4578520592934616,
                        -1.5345283865030148
                    ],
                    [
                        4.501860018931115e-07,
                        1.3018338107890384,
                        0.6678653778453851,
                        1.9565462600942987,
                        -1.5345283865030146,
                        5.3487755866520095
                    ]
                ]
            },
            "est_tgt": [
                0,
                1,
                5
            ],
            "oracle_est_tgt": [
                0,
                1,
                5
            ]
        },
        "1": {
            "intv_type": "do",
            "inode": 1,
            "new_mui": 0.1,
            "new_vari": null,
            "true_params": {
                "Si": [
                    [
                        1.0,
                        0.0,
                        0.0,
                        0.0,
                        0.0,
                        0.7618274345880265
                    ],
                    [
                        0.0,
                        1e-09,
                        6.854152824077724e-10,
                        2.1225951599648053e-10,
                        4.296876747158911e-10,
                        1.2706400826106405e-09
                    ],
                    [
                        0.0,
                        6.854152824077724e-10,
                        1.0000000004697942,
                        -0.8058369246016727,
                        0.7192706645629283,
                        -0.23958380711543872
                    ],
                    [
                        0.0,
                        2.1225951599648053e-10,
                        -0.8058369246016727,
                        1.6493731493310118,
                        -1.4721908170342661,
                        1.690838976476926
                    ],
                    [
                        0.0,
                        4.296876747158911e-10,
                        0.7192706645629283,
                        -1.4721908170342661,
                        2.3140421276236802,
                        -2.083911298563183
                    ],
                    [
                        0.7618274345880265,
                        1.2706400826106405e-09,
                        -0.23958380711543872,
                        1.690838976476926,
                        -2.083911298563183,
                        4.211397420297412
                    ]
                ],
                "mui": [
                    0.0,
                    0.10000000149011612,
                    0.0685415292621256,
                    0.02122595191593938,
                    0.04296876811187364,
                    0.12706401015446533
                ],
                "Ai": [
                    [
                        0.0,
                        0.0,
                        0.0,
                        0.0,
                        0.0,
                        0.0
                    ],
                    [
                        0.0,
                        0.0,
                        0.0,
                        0.0,
                        0.0,
                        0.0
                    ],
                    [
                        -0.0,
                        0.6854152824077724,
                        0.0,
                        0.0,
                        0.0,
                        0.0
                    ],
                    [
                        0.0,
                        0.7645924593466651,
                        -0.8058369247471586,
                        0.0,
                        0.0,
                        0.0
                    ],
                    [
                        0.0,
                        0.6191454153325591,
                        0.0,
                        -0.8925759569705669,
                        0.0,
                        0.0
                    ],
                    [
                        0.7618274345880265,
                        0.645496657453802,
                        0.9673773809330846,
                        0.9848019884591719,
                        -0.5747090818378681,
                        0.0
                    ]
                ]
            },
            "est_params": {
                "mui": [
                    0.0019191014072033644,
                    0.0999990486504493,
                    0.07489934261345665,
                    0.013818088975125247,
                    0.04598553379860749,
                    0.12663803049745148
                ],
                "Si": [
                    [
                        0.9975566406134707,
                        -7.119097802769942e-07,
                        -0.0024673713861757033,
                        -0.009497413747029268,
                        0.01558959579560785,
                        0.7298681071959734
                    ],
                    [
                        -7.119097802769944e-07,
                        1.0148819799869088e-06,
                        -9.928017353739721e-07,
                        1.757576820728012e-06,
                        -1.4349242728969935e-06,
                        1.3885117254533172e-06
                    ],
                    [
                        -0.002467371386175703,
                        -9.92801735373972e-07,
                        1.0082980498057554,
                        -0.820327952419623,
                        0.737181517777652,
                        -0.2572808161717331
                    ],
                    [
                        -0.009497413747029268,
                        1.7575768207280116e-06,
                        -0.8203279524196232,
                        1.6668875535163274,
                        -1.4860755653152262,
                        1.6988438951252531
                    ],
                    [
                        0.015589595795607853,
                        -1.434924272896993e-06,
                        0.737181517777652,
                        -1.4860755653152262,
                        2.3146529024795846,
                        -2.0741262278583092
                    ],
                    [
                        0.7298681071959734,
                        1.3885117254533172e-06,
                        -0.2572808161717331,
                        1.6988438951252531,
                        -2.0741262278583092,
                        4.161894644409441
                    ]
                ]
            },
            "est_tgt": [
                0,
                1
            ],
            "oracle_est_tgt": [
                0,
                1,
                5
            ]
        },
        "2": {
            "intv_type": "do",
            "inode": 2,
            "new_mui": 0.1,
            "new_vari": null,
            "true_params": {
                "Si": [
                    [
                        1.0,
                        0.5282254834694355,
                        0.0,
                        0.4038772214954769,
                        -0.03344271112301345,
                        1.5197541391752527
                    ],
                    [
                        0.5282254834694355,
                        1.279022161386519,
                        0.0,
                        0.9779306999334056,
                        -0.08097672301275224,
                        2.237627350942461
                    ],
                    [
                        0.0,
                        0.0,
                        1e-09,
                        -8.058369247471586e-10,
                        7.192706642684139e-10,
                        -2.3958380798635487e-10
                    ],
                    [
                        0.4038772214954769,
                        0.9779306999334056,
                        -8.058369247471586e-10,
                        1.7477184395820613,
                        -0.9544901493483358,
                        3.2086464967118076
                    ],
                    [
                        -0.03344271112301345,
                        -0.08097672301275224,
                        7.192706642684139e-10,
                        -0.9544901493483358,
                        1.8018185916715699,
                        -2.053253083661903
                    ],
                    [
                        1.5197541391752527,
                        2.237627350942461,
                        -2.3958380798635487e-10,
                        3.2086464967118076,
                        -2.053253083661903,
                        7.94207601719766
                    ]
                ],
                "mui": [
                    0.0,
                    0.0,
                    0.10000000149011612,
                    -0.08058369367550645,
                    0.0719270674986382,
                    -0.02395838115564318
                ],
                "Ai": [
                    [
                        0.0,
                        0.0,
                        0.0,
                        0.0,
                        0.0,
                        0.0
                    ],
                    [
                        0.5282254834694355,
                        0.0,
                        0.0,
                        0.0,
                        0.0,
                        0.0
                    ],
                    [
                        0.0,
                        0.0,
                        0.0,
                        0.0,
                        0.0,
                        0.0
                    ],
                    [
                        0.0,
                        0.7645924593466651,
                        -0.8058369247471586,
                        0.0,
                        0.0,
                        0.0
                    ],
                    [
                        0.0,
                        0.6191454153325591,
                        0.0,
                        -0.8925759569705669,
                        0.0,
                        0.0
                    ],
                    [
                        0.7618274345880265,
                        0.645496657453802,
                        0.9673773809330846,
                        0.9848019884591719,
                        -0.5747090818378681,
                        0.0
                    ]
                ]
            },
            "est_params": {
                "mui": [
                    0.009106841198341232,
                    0.02190615049965162,
                    0.10000064210409984,
                    -0.06342213357982156,
                    0.08083895739907676,
                    0.010798446187535176
                ],
                "Si": [
                    [
                        0.9941884854139276,
                        0.5212239370206072,
                        -3.9361550634060046e-08,
                        0.39511432363213816,
                        -0.0323732652438955,
                        1.4911694493559595
                    ],
                    [
                        0.5212239370206072,
                        1.277458728879758,
                        9.288528767911824e-07,
                        0.9791979532160563,
                        -0.08883405918360733,
                        2.2245064595622193
                    ],
                    [
                        -3.936155063406009e-08,
                        9.288528767911824e-07,
                        1.0186992496350846e-06,
                        -5.878317150053415e-07,
                        7.69948200219321e-07,
                        1.8292158347137125e-06
                    ],
                    [
                        0.39511432363213816,
                        0.9791979532160563,
                        -5.878317150053417e-07,
                        1.7660358998444217,
                        -0.9704788568459246,
                        3.2269480646422966
                    ],
                    [
                        -0.032373265243895506,
                        -0.08883405918360734,
                        7.69948200219321e-07,
                        -0.9704788568459246,
                        1.8037260641981838,
                        -2.0739827197078684
                    ],
                    [
                        1.4911694493559595,
                        2.2245064595622197,
                        1.8292158347137125e-06,
                        3.226948064642296,
                        -2.0739827197078684,
                        7.916553145791684
                    ]
                ]
            },
            "est_tgt": [
                2
            ],
            "oracle_est_tgt": [
                2
            ]
        },
        "3": {
            "intv_type": "do",
            "inode": 3,
            "new_mui": 0.1,
            "new_vari": null,
            "true_params": {
                "Si": [
                    [
                        1.0,
                        0.5282254834694355,
                        0.36205381892718524,
                        0.0,
                        0.32704838635192546,
                        1.265080215823196
                    ],
                    [
                        0.5282254834694355,
                        1.279022161386519,
                        0.8766613359525403,
                        0.0,
                        0.7919007073312037,
                        1.6209710136618685
                    ],
                    [
                        0.36205381892718524,
                        0.8766613359525403,
                        1.6008770771578855,
                        0.0,
                        0.5427808469543316,
                        2.078415686036947
                    ],
                    [
                        0.0,
                        0.0,
                        0.0,
                        1e-09,
                        -8.925759569705669e-10,
                        1.497773497160283e-09
                    ],
                    [
                        0.32704838635192546,
                        0.7919007073312037,
                        0.5427808469543316,
                        -8.925759569705669e-10,
                        1.490301693139417,
                        0.42890768832097204
                    ],
                    [
                        1.265080215823196,
                        1.6209710136618685,
                        2.078415686036947,
                        1.497773497160283e-09,
                        0.42890768832097204,
                        4.774219367092414
                    ]
                ],
                "mui": [
                    0.0,
                    0.0,
                    0.0,
                    0.10000000149011612,
                    -0.08925759702709851,
                    0.14977735194788472
                ],
                "Ai": [
                    [
                        0.0,
                        0.0,
                        0.0,
                        0.0,
                        0.0,
                        0.0
                    ],
                    [
                        0.5282254834694355,
                        0.0,
                        0.0,
                        0.0,
                        0.0,
                        0.0
                    ],
                    [
                        -0.0,
                        0.6854152824077724,
                        0.0,
                        0.0,
                        0.0,
                        0.0
                    ],
                    [
                        0.0,
                        0.0,
                        0.0,
                        0.0,
                        0.0,
                        0.0
                    ],
                    [
                        0.0,
                        0.6191454153325591,
                        0.0,
                        -0.8925759569705669,
                        0.0,
                        0.0
                    ],
                    [
                        0.7618274345880265,
                        0.645496657453802,
                        0.9673773809330846,
                        0.9848019884591719,
                        -0.5747090818378681,
                        0.0
                    ]
                ]
            },
            "est_params": {
                "mui": [
                    -0.004572629417134607,
                    0.0021880473752467033,
                    -0.004847453585490876,
                    0.09999963502147012,
                    -0.08185647544575163,
                    0.1353231784894537
                ],
                "Si": [
                    [
                        1.0076004258350169,
                        0.5262456576618841,
                        0.36289217661198847,
                        4.155616617412858e-07,
                        0.3253566361359772,
                        1.2636446784001787
                    ],
                    [
                        0.5262456576618841,
                        1.281478560922409,
                        0.8797314488218588,
                        -3.0458488614794175e-07,
                        0.7884891536061112,
                        1.6246309210641898
                    ],
                    [
                        0.36289217661198847,
                        0.8797314488218588,
                        1.5940611851909319,
                        -1.3438682519919627e-06,
                        0.5364020825562417,
                        2.074288390777923
                    ],
                    [
                        4.1556166174128595e-07,
                        -3.04584886147942e-07,
                        -1.3438682519919627e-06,
                        1.0151450261525473e-06,
                        -2.6939024279043504e-07,
                        -1.5651671154843306e-06
                    ],
                    [
                        0.32535663613597726,
                        0.7884891536061112,
                        0.5364020825562417,
                        -2.693902427904353e-07,
                        1.4944925693498785,
                        0.40944921375697346
                    ],
                    [
                        1.2636446784001787,
                        1.6246309210641898,
                        2.074288390777923,
                        -1.5651671154843302e-06,
                        0.40944921375697346,
                        4.766660016937783
                    ]
                ]
            },
            "est_tgt": [
                3
            ],
            "oracle_est_tgt": [
                3
            ]
        },
        "4": {
            "intv_type": "do",
            "inode": 4,
            "new_mui": 0.1,
            "new_vari": null,
            "true_params": {
                "Si": [
                    [
                        1.0,
                        0.5282254834694355,
                        0.36205381892718524,
                        0.11212088545822935,
                        0.0,
                        1.5634547646071346
                    ],
                    [
                        0.5282254834694355,
                        1.279022161386519,
                        0.8766613359525403,
                        0.2714846249246749,
                        0.0,
                        2.343442140540855
                    ],
                    [
                        0.36205381892718524,
                        0.8766613359525403,
                        1.6008770771578855,
                        -0.6197572138850445,
                        0.0,
                        1.7800186316333435
                    ],
                    [
                        0.11212088545822935,
                        0.2714846249246749,
                        -0.6197572138850445,
                        1.7069983443729555,
                        0.0,
                        1.3421754379238586
                    ],
                    [
                        0.0,
                        0.0,
                        0.0,
                        0.0,
                        1e-09,
                        -5.74709081837868e-10
                    ],
                    [
                        1.5634547646071346,
                        2.343442140540855,
                        1.7800186316333435,
                        1.3421754379238586,
                        -5.74709081837868e-10,
                        6.747493603410907
                    ]
                ],
                "mui": [
                    0.0,
                    0.0,
                    0.0,
                    0.0,
                    0.10000000149011612,
                    -0.057470909040170076
                ],
                "Ai": [
                    [
                        0.0,
                        0.0,
                        0.0,
                        0.0,
                        0.0,
                        0.0
                    ],
                    [
                        0.5282254834694355,
                        0.0,
                        0.0,
                        0.0,
                        0.0,
                        0.0
                    ],
                    [
                        -0.0,
                        0.6854152824077724,
                        0.0,
                        0.0,
                        0.0,
                        0.0
                    ],
                    [
                        0.0,
                        0.7645924593466651,
                        -0.8058369247471586,
                        0.0,
                        0.0,
                        0.0
                    ],
                    [
                        0.0,
                        0.0,
                        0.0,
                        0.0,
                        0.0,
                        0.0
                    ],
                    [
                        0.7618274345880265,
                        0.645496657453802,
                        0.9673773809330846,
                        0.9848019884591719,
                        -0.5747090818378681,
                        0.0
                    ]
                ]
            },
            "est_params": {
                "mui": [
                    -0.005258363722138722,
                    0.0071174615370749135,
                    0.00748550165532029,
                    0.006828886223358815,
                    0.09999879272275519,
                    -0.0392616836075319
                ],
                "Si": [
                    [
                        0.9817196089684044,
                        0.5278840185688635,
                        0.3637222087453924,
                        0.11738770886076115,
                        1.0493152071463589e-06,
                        1.555473215290921
                    ],
                    [
                        0.5278840185688635,
                        1.2833642185499639,
                        0.8687937807454128,
                        0.2764668330058814,
                        1.3540519948448305e-06,
                        2.357033540531745
                    ],
                    [
                        0.3637222087453924,
                        0.8687937807454128,
                        1.5901281889486134,
                        -0.6318816474927972,
                        -2.919393991293405e-07,
                        1.758303311179734
                    ],
                    [
                        0.11738770886076118,
                        0.2764668330058814,
                        -0.6318816474927973,
                        1.7268854917377088,
                        1.6371743971297286e-06,
                        1.3663692946053971
                    ],
                    [
                        1.0493152071463589e-06,
                        1.3540519948448303e-06,
                        -2.9193939912934076e-07,
                        1.6371743971297286e-06,
                        1.0189779837395038e-06,
                        1.98849654855916e-06
                    ],
                    [
                        1.555473215290921,
                        2.357033540531745,
                        1.758303311179734,
                        1.3663692946053971,
                        1.9884965485591593e-06,
                        6.779031794655281
                    ]
                ]
            },
            "est_tgt": [
                4
            ],
            "oracle_est_tgt": [
                4
            ]
        },
        "5": {
            "intv_type": "do",
            "inode": 5,
            "new_mui": 0.1,
            "new_vari": null,
            "true_params": {
                "Si": [
                    [
                        1.0,
                        0.5282254834694355,
                        0.36205381892718524,
                        0.11212088545822935,
                        0.2269719797176591,
                        0.0
                    ],
                    [
                        0.5282254834694355,
                        1.279022161386519,
                        0.8766613359525403,
                        0.2714846249246749,
                        0.5495800584362664,
                        0.0
                    ],
                    [
                        0.36205381892718524,
                        0.8766613359525403,
                        1.6008770771578855,
                        -0.6197572138850445,
                        1.0959612352271875,
                        0.0
                    ],
                    [
                        0.11212088545822935,
                        0.2714846249246749,
                        -0.6197572138850445,
                        1.7069983443729555,
                        -1.355537219920472,
                        0.0
                    ],
                    [
                        0.2269719797176591,
                        0.5495800584362664,
                        1.0959612352271875,
                        -1.355537219920472,
                        2.5501899048187515,
                        0.0
                    ],
                    [
                        0.0,
                        0.0,
                        0.0,
                        0.0,
                        0.0,
                        1e-09
                    ]
                ],
                "mui": [
                    0.0,
                    0.0,
                    0.0,
                    0.0,
                    0.0,
                    0.10000000149011612
                ],
                "Ai": [
                    [
                        0.0,
                        0.0,
                        0.0,
                        0.0,
                        0.0,
                        0.0
                    ],
                    [
                        0.5282254834694355,
                        0.0,
                        0.0,
                        0.0,
                        0.0,
                        0.0
                    ],
                    [
                        -0.0,
                        0.6854152824077724,
                        0.0,
                        0.0,
                        0.0,
                        0.0
                    ],
                    [
                        0.0,
                        0.7645924593466651,
                        -0.8058369247471586,
                        0.0,
                        0.0,
                        0.0
                    ],
                    [
                        0.0,
                        0.6191454153325591,
                        0.0,
                        -0.8925759569705669,
                        0.0,
                        0.0
                    ],
                    [
                        0.0,
                        0.0,
                        0.0,
                        0.0,
                        0.0,
                        0.0
                    ]
                ]
            },
            "est_params": {
                "mui": [
                    -0.013115828295436222,
                    -0.006519165536136387,
                    -0.005585784470915508,
                    3.8617009389931784e-05,
                    -0.008051320046130097,
                    0.10000114644107376
                ],
                "Si": [
                    [
                        0.9879163774148124,
                        0.5301538087385655,
                        0.3513312298299822,
                        0.10660587678664267,
                        0.22627094434067094,
                        -4.196493159295952e-07
                    ],
                    [
                        0.5301538087385655,
                        1.2737182586193805,
                        0.8754331300557437,
                        0.251723431307869,
                        0.5407041706298115,
                        1.7167783678747578e-07
                    ],
                    [
                        0.3513312298299822,
                        0.875433130055744,
                        1.6045954203026491,
                        -0.6519601111967787,
                        1.1061742841120976,
                        -5.335669236927941e-07
                    ],
                    [
                        0.10660587678664268,
                        0.251723431307869,
                        -0.6519601111967787,
                        1.7424954544564508,
                        -1.4006868639889245,
                        8.31597128267788e-07
                    ],
                    [
                        0.22627094434067094,
                        0.5407041706298115,
                        1.1061742841120976,
                        -1.4006868639889243,
                        2.5723780299067216,
                        -1.086419531655494e-06
                    ],
                    [
                        -4.196493159295954e-07,
                        1.716778367874758e-07,
                        -5.335669236927941e-07,
                        8.315971282677877e-07,
                        -1.0864195316554933e-06,
                        1.0076871668475494e-06
                    ]
                ]
            },
            "est_tgt": [
                0,
                5
            ],
            "oracle_est_tgt": [
                0,
                5
            ]
        },
        "obs": {
            "intv_type": "obs",
            "true_params": {
                "Si": [
                    [
                        1.0,
                        0.5282254834694355,
                        0.36205381892718524,
                        0.11212088545822935,
                        0.2269719797176591,
                        1.4330119065406755
                    ],
                    [
                        0.5282254834694355,
                        1.279022161386519,
                        0.8766613359525403,
                        0.2714846249246749,
                        0.5495800584362664,
                        2.0275934897605463
                    ],
                    [
                        0.36205381892718524,
                        0.8766613359525403,
                        1.6008770771578855,
                        -0.6197572138850445,
                        1.0959612352271875,
                        1.1501597564060309
                    ],
                    [
                        0.11212088545822935,
                        0.2714846249246749,
                        -0.6197572138850445,
                        1.7069983443729555,
                        -1.355537219920472,
                        2.1212149889814094
                    ],
                    [
                        0.2269719797176591,
                        0.5495800584362664,
                        1.0959612352271875,
                        -1.355537219920472,
                        2.5501899048187515,
                        -1.2126793672248737
                    ],
                    [
                        1.4330119065406755,
                        2.0275934897605463,
                        1.1501597564060309,
                        2.1212149889814094,
                        -1.2126793672248737,
                        7.299065722416028
                    ]
                ],
                "mui": [
                    0.0,
                    0.0,
                    0.0,
                    0.0,
                    0.0,
                    0.0
                ],
                "Ai": [
                    [
                        0.0,
                        0.0,
                        0.0,
                        0.0,
                        0.0,
                        0.0
                    ],
                    [
