{
    "expt_args": {
        "save_dir": "all_expt_logs/expt_logs_11.05.24-mean_shift-corr",
        "exp_name": "494",
        "num_nodes": 6,
        "obs_noise_mean": 0.0,
        "obs_noise_var": 1.0,
        "max_edge_strength": 1.0,
        "graph_sparsity_method": "adj_dense_prop",
        "adj_dense_prop": 0.8,
        "num_parents": null,
        "new_noise_mean": 4.0,
        "mix_samples": 65536,
        "stage2_samples": 65536,
        "gmm_tol": 0.001,
        "intv_type": "do",
        "new_noise_var": null,
        "intv_targets": [
            0,
            1,
            2,
            3,
            4,
            5
        ]
    },
    "intv_args_dict": {
        "0": {
            "intv_type": "do",
            "inode": 0,
            "new_mui": 4.0,
            "new_vari": null,
            "true_params": {
                "Si": [
                    [
                        1e-09,
                        6.642083713992109e-10,
                        -3.7266960361697523e-10,
                        8.492353017899512e-11,
                        1.501593417102321e-10,
                        1.358113298554151e-10
                    ],
                    [
                        6.642083713992109e-10,
                        1.0000000004411727,
                        0.8465183434820464,
                        0.35067191261040487,
                        -0.5465105064536494,
                        -0.10690765285774899
                    ],
                    [
                        -3.7266960361697523e-10,
                        0.8465183434820464,
                        1.7165933064095482,
                        -0.2575270179287638,
                        -0.8631547909824508,
                        -0.45728786349317296
                    ],
                    [
                        8.492353017899512e-11,
                        0.35067191261040487,
                        -0.2575270179287638,
                        1.4303048973111459,
                        0.7528701754340857,
                        -0.5431329603479418
                    ],
                    [
                        1.501593417102321e-10,
                        -0.5465105064536494,
                        -0.8631547909824508,
                        0.7528701754340857,
                        1.9810628665809555,
                        -1.2882135563366663
                    ],
                    [
                        1.358113298554151e-10,
                        -0.10690765285774899,
                        -0.45728786349317296,
                        -0.5431329603479418,
                        -1.2882135563366663,
                        2.6116183383454388
                    ]
                ],
                "mui": [
                    4.0,
                    2.6568334855968434,
                    -1.4906784144679008,
                    0.3396941207159805,
                    0.6006373668409283,
                    0.5432453194216604
                ],
                "Ai": [
                    [
                        0.0,
                        0.0,
                        0.0,
                        0.0,
                        0.0,
                        0.0
                    ],
                    [
                        0.6642083713992109,
                        0.0,
                        0.0,
                        0.0,
                        0.0,
                        0.0
                    ],
                    [
                        -0.9349341740651547,
                        0.8465183437295766,
                        0.0,
                        0.0,
                        0.0,
                        0.0
                    ],
                    [
                        -0.6663019022668784,
                        0.8199624024432082,
                        -0.5543772245048086,
                        0.0,
                        0.0,
                        0.0
                    ],
                    [
                        0.6200793643075555,
                        -0.7998621566074602,
                        -0.0,
                        0.7224748860234467,
                        0.0,
                        0.0
                    ],
                    [
                        -0.0,
                        0.0,
                        -0.7598324250206008,
                        0.0,
                        -0.9813250185705644,
                        0.0
                    ]
                ]
            },
            "est_params": {
                "mui": [
                    4.0000006727674196,
                    2.6463619648175003,
                    -1.4844812956046676,
                    0.3459392498455125,
                    0.5993008636320707,
                    0.5345008424688689
                ],
                "Si": [
                    [
                        1.0010019202782978e-06,
                        3.923578274520252e-07,
                        1.8601140844848784e-08,
                        -1.6962706775406454e-07,
                        -6.743828682170623e-07,
                        6.834851816419352e-07
                    ],
                    [
                        3.92357827452025e-07,
                        1.0009934572362384,
                        0.8353959827949998,
                        0.35387678299657743,
                        -0.5472652185447784,
                        -0.10351894590465101
                    ],
                    [
                        1.8601140844848612e-08,
                        0.8353959827949998,
                        1.6873505367555275,
                        -0.26046283141942034,
                        -0.8465085295285104,
                        -0.45371710805720217
                    ],
                    [
                        -1.6962706775406448e-07,
                        0.35387678299657743,
                        -0.26046283141942034,
                        1.4272681566085348,
                        0.7403232431978759,
                        -0.5139099529505646
                    ],
                    [
                        -6.743828682170623e-07,
                        -0.5472652185447784,
                        -0.8465085295285104,
                        0.7403232431978759,
                        1.9664356389736977,
                        -1.2731524743821925
                    ],
                    [
                        6.834851816419352e-07,
                        -0.103518945904651,
                        -0.45371710805720217,
                        -0.5139099529505646,
                        -1.2731524743821925,
                        2.5873814289933628
                    ]
                ]
            },
            "est_tgt": [
                0,
                3
            ],
            "oracle_est_tgt": [
                0
            ]
        },
        "1": {
            "intv_type": "do",
            "inode": 1,
            "new_mui": 4.0,
            "new_vari": null,
            "true_params": {
                "Si": [
                    [
                        1.0,
                        0.0,
                        -0.9349341740651547,
                        -0.14799568975394228,
                        0.5131561952206147,
                        0.206820287910089
                    ],
                    [
                        0.0,
                        1e-09,
                        8.465183437295766e-10,
                        3.5067191255399797e-10,
                        -5.465105065533865e-10,
                        -1.0690765294795602e-10
                    ],
                    [
                        -0.9349341740651547,
                        8.465183437295766e-10,
                        1.8741019105514862,
                        -0.41601099624265353,
                        -0.8802908860957401,
                        -0.5601519292846759
                    ],
                    [
                        -0.14799568975394228,
                        3.5067191255399797e-10,
                        -0.41601099624265353,
                        1.329236831358371,
                        0.8685711547304344,
                        -0.5362519604354087
                    ],
                    [
                        0.5131561952206147,
                        -5.465105065533865e-10,
                        -0.8802908860957401,
                        0.8685711547304344,
                        1.94571841377714,
                        -1.2405085998272811
                    ],
                    [
                        0.206820287910089,
                        -1.0690765294795602e-10,
                        -0.5601519292846759,
                        -0.5362519604354087,
                        -1.2405085998272811,
                        2.6429637235707952
                    ]
                ],
                "mui": [
                    0.0,
                    4.0,
                    3.3860733749183063,
                    1.4026876502159917,
                    -2.186042026213546,
                    -0.42763061179182404
                ],
                "Ai": [
                    [
                        0.0,
                        0.0,
                        0.0,
                        0.0,
                        0.0,
                        0.0
                    ],
                    [
                        0.0,
                        0.0,
                        0.0,
                        0.0,
                        0.0,
                        0.0
                    ],
                    [
                        -0.9349341740651547,
                        0.8465183437295766,
                        0.0,
                        0.0,
                        0.0,
                        0.0
                    ],
                    [
                        -0.6663019022668784,
                        0.8199624024432082,
                        -0.5543772245048086,
                        0.0,
                        0.0,
                        0.0
                    ],
                    [
                        0.6200793643075555,
                        -0.7998621566074602,
                        -0.0,
                        0.7224748860234467,
                        0.0,
                        0.0
                    ],
                    [
                        -0.0,
                        0.0,
                        -0.7598324250206008,
                        0.0,
                        -0.9813250185705644,
                        0.0
                    ]
                ]
            },
            "est_params": {
                "mui": [
                    -0.022788721139514547,
                    3.9999993204833757,
                    3.4139681612886155,
                    1.4225668516211178,
                    -2.183263646624828,
                    -0.4553528917592208
                ],
                "Si": [
                    [
                        0.9861925222115734,
                        -1.1982896008100904e-06,
                        -0.9279785728846729,
                        -0.1213175574618055,
                        0.5203558635029458,
                        0.19289128883525067
                    ],
                    [
                        -1.1982896008100904e-06,
                        1.0024396457977272e-06,
                        1.265713105587988e-06,
                        -6.094860085341696e-07,
                        -1.4205096579683266e-06,
                        1.2154308602243856e-06
                    ],
                    [
                        -0.9279785728846729,
                        1.265713105587988e-06,
                        1.8484171647746894,
                        -0.4138615823880087,
                        -0.8677491784154601,
                        -0.5497888589524913
                    ],
                    [
                        -0.1213175574618055,
                        -6.094860085341694e-07,
                        -0.4138615823880088,
                        1.2967673278441834,
                        0.8457954358123757,
                        -0.5080527010306566
                    ],
                    [
                        0.5203558635029458,
                        -1.4205096579683266e-06,
                        -0.8677491784154601,
                        0.8457954358123757,
                        1.9348526682052176,
                        -1.2359666791835
                    ],
                    [
                        0.19289128883525067,
                        1.2154308602243856e-06,
                        -0.5497888589524913,
                        -0.5080527010306566,
                        -1.2359666791835,
                        2.6349409826199377
                    ]
                ]
            },
            "est_tgt": [
                1,
                2,
                3
            ],
            "oracle_est_tgt": [
                1
            ]
        },
        "2": {
            "intv_type": "do",
            "inode": 2,
            "new_mui": 4.0,
            "new_vari": null,
            "true_params": {
                "Si": [
                    [
                        1.0,
                        0.6642083713992109,
                        0.0,
                        -0.12167601033149078,
                        0.0008963622274223076,
                        -0.0008796226794711484
                    ],
                    [
                        0.6642083713992109,
                        1.4411727606367921,
                        0.0,
                        0.7391441777825751,
                        -0.20686454206353191,
                        0.20300135058208676
                    ],
                    [
                        0.0,
                        0.0,
                        1e-09,
                        -5.543772245048087e-10,
                        -4.0052362208810633e-10,
                        -3.6678857413704015e-10
                    ],
                    [
                        -0.12167601033149078,
                        0.7391441777825751,
                        -5.543772245048087e-10,
                        1.687143393217961,
                        0.5522564914975084,
                        -0.5419431113532734
                    ],
                    [
                        0.0008963622274223076,
                        -0.20686454206353191,
                        -4.0052362208810633e-10,
                        0.5522564914975084,
                        1.5650103802110915,
                        -1.5357838401194446
                    ],
                    [
                        -0.0008796226794711484,
                        0.20300135058208676,
                        -3.6678857413704015e-10,
                        -0.5419431113532734,
                        -1.5357838401194446,
                        2.5071031057042847
                    ]
                ],
                "mui": [
                    0.0,
                    0.0,
                    4.0,
                    -2.2175088980192346,
                    -1.6020944883524253,
                    -1.4671542965481605
                ],
                "Ai": [
                    [
                        0.0,
                        0.0,
                        0.0,
                        0.0,
                        0.0,
                        0.0
                    ],
                    [
                        0.6642083713992109,
                        0.0,
                        0.0,
                        0.0,
                        0.0,
                        0.0
                    ],
                    [
                        0.0,
                        0.0,
                        0.0,
                        0.0,
                        0.0,
                        0.0
                    ],
                    [
                        -0.6663019022668784,
                        0.8199624024432082,
                        -0.5543772245048086,
                        0.0,
                        0.0,
                        0.0
                    ],
                    [
                        0.6200793643075555,
                        -0.7998621566074602,
                        -0.0,
                        0.7224748860234467,
                        0.0,
                        0.0
                    ],
                    [
                        -0.0,
                        0.0,
                        -0.7598324250206008,
                        0.0,
                        -0.9813250185705644,
                        0.0
                    ]
                ]
            },
            "est_params": {
                "mui": [
                    0.00552236991424058,
                    0.010230372617712286,
                    4.000000232843627,
                    -2.2043381802416366,
                    -1.5923219355568559,
                    -1.4799960702227974
                ],
                "Si": [
                    [
                        1.0168874534215304,
                        0.6873108884032493,
                        -8.702101921373693e-07,
                        -0.08169322205976008,
                        0.022646455913030883,
                        -0.016709161916344452
                    ],
                    [
                        0.6873108884032493,
                        1.4893347828026842,
                        -3.707133047445219e-07,
                        0.7941327945879532,
                        -0.19292923396530193,
                        0.18651747876204763
                    ],
                    [
                        -8.702101921373691e-07,
                        -3.70713304744522e-07,
                        1.0026277581665252e-06,
                        5.31434028348396e-07,
                        -4.447440301008868e-07,
                        6.557827152096838e-07
                    ],
                    [
                        -0.08169322205976008,
                        0.7941327945879532,
                        5.314340283483961e-07,
                        1.6949817612079836,
                        0.5458335038146724,
                        -0.5445748521818713
                    ],
                    [
                        0.022646455913030886,
                        -0.19292923396530193,
                        -4.447440301008872e-07,
                        0.5458335038146724,
                        1.5621044383868727,
                        -1.5271132107093546
                    ],
                    [
                        -0.016709161916344445,
                        0.18651747876204763,
                        6.557827152096832e-07,
                        -0.5445748521818713,
                        -1.5271132107093546,
                        2.5057505910755977
                    ]
                ]
            },
            "est_tgt": [
                1,
                2,
                3
            ],
            "oracle_est_tgt": [
                2
            ]
        },
        "3": {
            "intv_type": "do",
            "inode": 3,
            "new_mui": 4.0,
            "new_vari": null,
            "true_params": {
                "Si": [
                    [
                        1.0,
                        0.6642083713992109,
                        -0.3726696036169752,
                        0.0,
                        0.08880422392345383,
                        0.19602064195692442
                    ],
                    [
                        0.6642083713992109,
                        1.4411727606367921,
                        0.598988073241156,
                        0.0,
                        -0.7408776476618921,
                        0.2719112111010775
                    ],
                    [
                        -0.3726696036169752,
                        0.598988073241156,
                        1.855475939730699,
                        0.0,
                        -0.7101926229523811,
                        -0.7129209939455319
                    ],
                    [
                        0.0,
                        0.0,
                        0.0,
                        1e-09,
                        7.224748860234467e-10,
                        -7.089826809437252e-10
                    ],
                    [
                        0.08880422392345383,
                        -0.7408776476618921,
                        -0.7101926229523811,
                        7.224748860234467e-10,
                        1.647665660281354,
                        -1.0772681517440321
                    ],
                    [
                        0.19602064195692442,
                        0.2719112111010775,
                        -0.7129209939455319,
                        -7.089826809437252e-10,
                        -1.0772681517440321,
                        2.598850676693421
                    ]
                ],
                "mui": [
                    0.0,
                    0.0,
                    0.0,
                    4.0,
                    2.8898995440937867,
                    -2.8359307237749007
                ],
                "Ai": [
                    [
                        0.0,
                        0.0,
                        0.0,
                        0.0,
                        0.0,
                        0.0
                    ],
                    [
                        0.6642083713992109,
                        0.0,
                        0.0,
                        0.0,
                        0.0,
                        0.0
                    ],
                    [
                        -0.9349341740651547,
                        0.8465183437295766,
                        0.0,
                        0.0,
                        0.0,
                        0.0
                    ],
                    [
                        0.0,
                        0.0,
                        0.0,
                        0.0,
                        0.0,
                        0.0
                    ],
                    [
                        0.6200793643075555,
                        -0.7998621566074602,
                        -0.0,
                        0.7224748860234467,
                        0.0,
                        0.0
                    ],
                    [
                        -0.0,
                        0.0,
                        -0.7598324250206008,
                        0.0,
                        -0.9813250185705644,
                        0.0
                    ]
                ]
            },
            "est_params": {
                "mui": [
                    -0.00915498580383903,
                    -0.008581318578523157,
                    -0.000992367270145077,
                    3.999999971243435,
                    2.9215489825770544,
                    -2.8588944596379
                ],
                "Si": [
                    [
                        1.0028843663426454,
                        0.6756582561119955,
                        -0.36771737054072223,
                        2.574221631358162e-08,
                        0.06361230198651054,
                        0.22949536470099519
                    ],
                    [
                        0.6756582561119954,
                        1.4466968331597858,
                        0.5903082937873707,
                        5.300249256116667e-07,
                        -0.7307437266770255,
                        0.27598127257729604
                    ],
                    [
                        -0.3677173705407222,
                        0.5903082937873707,
                        1.8399781438255927,
                        6.343007385850281e-07,
                        -0.6814989037409837,
                        -0.7357694122367288
                    ],
                    [
                        2.57422163135815e-08,
                        5.30024925611667e-07,
                        6.343007385850278e-07,
                        1.0010088729675886e-06,
                        -1.3980539105301282e-07,
                        1.7028606588108072e-07
                    ],
                    [
                        0.06361230198651054,
                        -0.7307437266770255,
                        -0.6814989037409837,
                        -1.3980539105301284e-07,
                        1.5851559342636377,
                        -1.055877985287967
                    ],
                    [
                        0.22949536470099519,
                        0.27598127257729604,
                        -0.7357694122367288,
                        1.7028606588108049e-07,
                        -1.055877985287967,
                        2.6183206057099397
                    ]
                ]
            },
            "est_tgt": [
                1,
                3
            ],
            "oracle_est_tgt": [
                3
            ]
        },
        "4": {
            "intv_type": "do",
            "inode": 4,
            "new_mui": 4.0,
            "new_vari": null,
            "true_params": {
                "Si": [
                    [
                        1.0,
                        0.6642083713992109,
                        -0.3726696036169752,
                        0.08492353017899512,
                        0.0,
                        0.2831664486477523
                    ],
                    [
                        0.6642083713992109,
                        1.4411727606367921,
                        0.598988073241156,
                        0.40707883222766,
                        0.0,
                        -0.4551305602492448
                    ],
                    [
                        -0.3726696036169752,
                        0.598988073241156,
                        1.855475939730699,
                        -0.28917543622667574,
                        0.0,
                        -1.409850782852955
                    ],
                    [
                        0.08492353017899512,
                        0.40707883222766,
                        -0.28917543622667574,
                        1.4375169032819965,
                        0.0,
                        0.21972487296450513
                    ],
                    [
                        0.0,
                        0.0,
                        0.0,
                        0.0,
                        1e-09,
                        -9.813250185705644e-10
                    ],
                    [
                        0.2831664486477523,
                        -0.4551305602492448,
                        -1.409850782852955,
                        0.21972487296450513,
                        -9.813250185705644e-10,
                        2.071250340215352
                    ]
                ],
                "mui": [
                    0.0,
                    0.0,
                    0.0,
                    0.0,
                    4.0,
                    -3.9253000742822577
                ],
                "Ai": [
                    [
                        0.0,
                        0.0,
                        0.0,
                        0.0,
                        0.0,
                        0.0
                    ],
                    [
                        0.6642083713992109,
                        0.0,
                        0.0,
                        0.0,
                        0.0,
                        0.0
                    ],
                    [
                        -0.9349341740651547,
                        0.8465183437295766,
                        0.0,
                        0.0,
                        0.0,
                        0.0
                    ],
                    [
                        -0.6663019022668784,
                        0.8199624024432082,
                        -0.5543772245048086,
                        0.0,
                        0.0,
                        0.0
                    ],
                    [
                        0.0,
                        0.0,
                        0.0,
                        0.0,
                        0.0,
                        0.0
                    ],
                    [
                        -0.0,
                        0.0,
                        -0.7598324250206008,
                        0.0,
                        -0.9813250185705644,
                        0.0
                    ]
                ]
            },
            "est_params": {
                "mui": [
                    0.009660446809919572,
                    0.006799360181076893,
                    -0.0032987480623320083,
                    -0.02184244988232177,
                    3.999999677381139,
                    -3.914888150761097
                ],
                "Si": [
                    [
                        0.9902055140523812,
                        0.6461495739426164,
                        -0.3774737161326882,
                        0.05942709053365285,
                        2.6924457760510184e-07,
                        0.286305860702527
                    ],
                    [
                        0.6461495739426164,
                        1.3987295272940594,
                        0.5785448905140079,
                        0.3818676115699035,
                        2.0635524529586079e-07,
                        -0.43915767983251225
                    ],
                    [
                        -0.37747371613268815,
                        0.5785448905140079,
                        1.8489970423687139,
                        -0.28931629134514697,
                        7.304217288167226e-08,
                        -1.3846648484302377
                    ],
                    [
                        0.05942709053365285,
                        0.3818676115699036,
                        -0.289316291345147,
                        1.4498184489628356,
                        -2.550278151545285e-07,
                        0.20870233550926487
                    ],
                    [
                        2.692445776051018e-07,
                        2.0635524529586094e-07,
                        7.304217288167231e-08,
                        -2.5502781515452834e-07,
                        1.0010148987415757e-06,
                        1.1174517652752382e-07
                    ],
                    [
                        0.28630586070252706,
                        -0.43915767983251225,
                        -1.3846648484302377,
                        0.20870233550926487,
                        1.1174517652752393e-07,
                        2.0659880358816207
                    ]
                ]
            },
            "est_tgt": [
                4
            ],
            "oracle_est_tgt": [
                4
            ]
        },
        "5": {
            "intv_type": "do",
            "inode": 5,
            "new_mui": 4.0,
            "new_vari": null,
            "true_params": {
                "Si": [
                    [
                        1.0,
                        0.6642083713992109,
                        -0.3726696036169752,
                        0.08492353017899512,
                        0.15015934171023207,
                        0.0
                    ],
                    [
                        0.6642083713992109,
                        1.4411727606367921,
                        0.598988073241156,
                        0.40707883222766,
                        -0.4467734147456557,
                        0.0
                    ],
                    [
                        -0.3726696036169752,
                        0.598988073241156,
                        1.855475939730699,
                        -0.28917543622667574,
                        -0.9191146132810291,
                        0.0
                    ],
                    [
                        0.08492353017899512,
                        0.40707883222766,
                        -0.28917543622667574,
                        1.4375169032819965,
                        0.7656222368087205,
                        0.0
                    ],
                    [
                        0.15015934171023207,
                        -0.4467734147456557,
                        -0.9191146132810291,
                        0.7656222368087205,
                        2.0036106944612575,
                        0.0
                    ],
                    [
                        0.0,
                        0.0,
                        0.0,
                        0.0,
                        0.0,
                        1e-09
                    ]
                ],
                "mui": [
                    0.0,
                    0.0,
                    0.0,
                    0.0,
                    0.0,
                    4.0
                ],
                "Ai": [
                    [
                        0.0,
                        0.0,
                        0.0,
                        0.0,
                        0.0,
                        0.0
                    ],
                    [
                        0.6642083713992109,
                        0.0,
                        0.0,
                        0.0,
                        0.0,
                        0.0
                    ],
                    [
                        -0.9349341740651547,
                        0.8465183437295766,
                        0.0,
                        0.0,
                        0.0,
                        0.0
                    ],
                    [
                        -0.6663019022668784,
                        0.8199624024432082,
                        -0.5543772245048086,
                        0.0,
                        0.0,
                        0.0
                    ],
                    [
                        0.6200793643075555,
                        -0.7998621566074602,
                        -0.0,
                        0.7224748860234467,
                        0.0,
                        0.0
                    ],
                    [
                        0.0,
                        0.0,
                        0.0,
                        0.0,
                        0.0,
                        0.0
                    ]
                ]
            },
            "est_params": {
                "mui": [
                    -0.0016851720336045477,
                    0.0075067583102406965,
                    -0.004475863931596976,
                    0.010865215866459586,
                    0.005291914445030092,
                    3.999999365500103
                ],
                "Si": [
                    [
                        0.9787297376269168,
                        0.6535144624308797,
                        -0.36217979990059884,
                        0.08654340526343322,
                        0.14747827720208895,
                        -5.179585859999926e-07
                    ],
                    [
                        0.6535144624308797,
                        1.4365830136166,
                        0.607754735670192,
                        0.4042715654746719,
                        -0.46032250740780073,
                        -5.069686548994166e-07
                    ],
                    [
                        -0.3621797999005988,
                        0.607754735670192,
                        1.857722448388626,
                        -0.2989275087962144,
                        -0.916967705743412,
                        7.892095984852736e-08
                    ],
                    [
                        0.08654340526343322,
                        0.40427156547467186,
                        -0.29892750879621444,
                        1.4424092021941584,
                        0.762514982342575,
                        3.0221885604031665e-07
                    ],
                    [
                        0.14747827720208895,
                        -0.46032250740780073,
                        -0.916967705743412,
                        0.762514982342575,
                        2.015545044210699,
                        4.336367087205386e-07
                    ],
                    [
                        -5.179585859999927e-07,
                        -5.069686548994165e-07,
                        7.892095984852761e-08,
                        3.0221885604031665e-07,
                        4.336367087205386e-07,
                        1.0020848839468516e-06
                    ]
                ]
            },
            "est_tgt": [
                5
            ],
            "oracle_est_tgt": [
                5
            ]
        },
        "obs": {
            "intv_type": "obs",
            "true_params": {
                "Si": [
                    [
                        1.0,
                        0.6642083713992109,
                        -0.3726696036169752,
                        0.08492353017899512,
                        0.15015934171023207,
                        0.1358113298554151
                    ],
                    [
                        0.6642083713992109,
                        1.4411727606367921,
                        0.598988073241156,
                        0.40707883222766,
                        -0.4467734147456557,
                        -0.016700630727129726
                    ],
                    [
                        -0.3726696036169752,
                        0.598988073241156,
                        1.855475939730699,
                        -0.28917543622667574,
                        -0.9191146132810291,
                        -0.507900617906472
                    ],
                    [
                        0.08492353017899512,
                        0.40707883222766,
                        -0.28917543622667574,
                        1.4375169032819965,
                        0.7656222368087205,
                        -0.5315993827898496
                    ],
                    [
                        0.15015934171023207,
                        -0.4467734147456557,
                        -0.9191146132810291,
                        0.7656222368087205,
                        2.0036106944612575,
                        -1.2678202164691794
                    ],
                    [
                        0.1358113298554151,
                        -0.016700630727129726,
                        -0.507900617906472,
                        -0.5315993827898496,
                        -1.2678202164691794,
                        2.630063055644091
                    ]
                ],
                "mui": [
                    0.0,
                    0.0,
                    0.0,
                    0.0,
                    0.0,
                    0.0
                ],
                "Ai": [
                    [
                        0.0,
                        0.0,
                        0.0,
                        0.0,
                        0.0,
                        0.0
                    ],
                    [
