{
    "expt_args": {
        "save_dir": "all_expt_logs/expt_logs_11.05.24-mean_shift-corr",
        "exp_name": "406",
        "num_nodes": 6,
        "obs_noise_mean": 0.0,
        "obs_noise_var": 1.0,
        "max_edge_strength": 1.0,
        "graph_sparsity_method": "adj_dense_prop",
        "adj_dense_prop": 0.8,
        "num_parents": null,
        "new_noise_mean": 0.2,
        "mix_samples": 65536,
        "stage2_samples": 65536,
        "gmm_tol": 0.001,
        "intv_type": "do",
        "new_noise_var": null,
        "intv_targets": [
            0,
            1,
            2,
            3,
            4,
            5
        ]
    },
    "intv_args_dict": {
        "0": {
            "intv_type": "do",
            "inode": 0,
            "new_mui": 0.2,
            "new_vari": null,
            "true_params": {
                "Si": [
                    [
                        1e-09,
                        0.0,
                        0.0,
                        -7.815197324979463e-10,
                        1.474938007784301e-09,
                        -1.4499511177105663e-10
                    ],
                    [
                        0.0,
                        1.0,
                        0.5714787789579945,
                        -0.24764685069614262,
                        1.3899109567113201,
                        -2.229076658121932
                    ],
                    [
                        0.0,
                        0.5714787789579945,
                        1.3265879947993202,
                        0.6704817990759608,
                        1.1122821162839822,
                        -2.65083104067837
                    ],
                    [
                        -7.815197324979463e-10,
                        -0.24764685069614262,
                        0.6704817990759608,
                        1.7206838748491609,
                        -0.7578262298916035,
                        -0.6460038949739325
                    ],
                    [
                        1.474938007784301e-09,
                        1.3899109567113201,
                        1.1122821162839822,
                        -0.7578262298916035,
                        3.484302961110642,
                        -4.332307221948179
                    ],
                    [
                        -1.4499511177105663e-10,
                        -2.229076658121932,
                        -2.65083104067837,
                        -0.6460038949739325,
                        -4.332307221948179,
                        8.59359469700264
                    ]
                ],
                "mui": [
                    0.20000000298023224,
                    0.0,
                    0.0,
                    -0.15630394882869955,
                    0.294987605952518,
                    -0.02899902278633043
                ],
                "Ai": [
                    [
                        0.0,
                        0.0,
                        0.0,
                        0.0,
                        0.0,
                        0.0
                    ],
                    [
                        -0.0,
                        0.0,
                        0.0,
                        0.0,
                        0.0,
                        0.0
                    ],
                    [
                        0.0,
                        0.5714787789579945,
                        0.0,
                        0.0,
                        0.0,
                        0.0
                    ],
                    [
                        -0.7815197324979463,
                        -0.711691458932852,
                        0.8120067189245852,
                        0.0,
                        0.0,
                        0.0
                    ],
                    [
                        0.9498981839135225,
                        0.7300657020611074,
                        0.8634990612168263,
                        -0.6718190239325252,
                        0.0,
                        0.0
                    ],
                    [
                        0.5998998052045843,
                        -0.8785415760612261,
                        -0.578136042743373,
                        -0.6509335701411039,
                        -0.8499423975584345,
                        0.0
                    ]
                ]
            },
            "est_params": {
                "mui": [
                    0.20000112741842754,
                    0.0024297564744297524,
                    0.01369721341985806,
                    -0.15744193828663217,
                    0.3050438857182449,
                    -0.059149021938726225
                ],
                "Si": [
                    [
                        1.0141766506411668e-06,
                        -5.075538797556172e-07,
                        -1.4453897347652316e-06,
                        -1.1289849686438746e-06,
                        3.1186287489369836e-07,
                        3.1739534343551002e-06
                    ],
                    [
                        -5.075538797556168e-07,
                        1.0141060425387496,
                        0.5799091403383015,
                        -0.2514718104760535,
                        1.4112102412182308,
                        -2.2429667419168346
                    ],
                    [
                        -1.4453897347652316e-06,
                        0.5799091403383017,
                        1.3360209041481703,
                        0.6695814699191831,
                        1.118595265210112,
                        -2.672196717888532
                    ],
                    [
                        -1.1289849686438742e-06,
                        -0.2514718104760535,
                        0.6695814699191831,
                        1.7403408350628684,
                        -0.7839041585711993,
                        -0.6531996736339212
                    ],
                    [
                        3.1186287489369815e-07,
                        1.4112102412182308,
                        1.118595265210112,
                        -0.7839041585711993,
                        3.53793118624915,
                        -4.345712612680686
                    ],
                    [
                        3.1739534343551002e-06,
                        -2.2429667419168346,
                        -2.672196717888532,
                        -0.6531996736339212,
                        -4.345712612680685,
                        8.58947930849877
                    ]
                ]
            },
            "est_tgt": [
                0
            ],
            "oracle_est_tgt": [
                0
            ]
        },
        "1": {
            "intv_type": "do",
            "inode": 1,
            "new_mui": 0.2,
            "new_vari": null,
            "true_params": {
                "Si": [
                    [
                        1.0,
                        0.0,
                        0.0,
                        -0.7815197324979463,
                        1.474938007784301,
                        -0.14499511177105662
                    ],
                    [
                        0.0,
                        1e-09,
                        5.714787789579945e-10,
                        -2.4764685069614264e-10,
                        1.3899109567113203e-09,
                        -2.2290766581219323e-09
                    ],
                    [
                        0.0,
                        5.714787789579945e-10,
                        1.000000000326588,
                        0.8120067187830603,
                        0.3179775006765637,
                        -1.3769610351649513
                    ],
                    [
                        -0.7815197324979463,
                        -2.4764685069614264e-10,
                        0.8120067187830603,
                        2.2701280039236607,
                        -1.5663123152001373,
                        -1.0847111679145778
                    ],
                    [
                        1.474938007784301,
                        1.3899109567113203e-09,
                        0.3179775006765637,
                        -1.5663123152001373,
                        3.7278926200875984,
                        -1.4479479556534756
                    ],
                    [
                        -0.14499511177105662,
                        -2.2290766581219323e-09,
                        -1.3769610351649513,
                        -1.0847111679145778,
                        -1.4479479556534756,
                        3.6458355366038577
                    ]
                ],
                "mui": [
                    0.0,
                    0.20000000298023224,
                    0.11429575749473837,
                    -0.04952937087727365,
                    0.27798219548452147,
                    -0.44581533826755254
                ],
                "Ai": [
                    [
                        0.0,
                        0.0,
                        0.0,
                        0.0,
                        0.0,
                        0.0
                    ],
                    [
                        0.0,
                        0.0,
                        0.0,
                        0.0,
                        0.0,
                        0.0
                    ],
                    [
                        0.0,
                        0.5714787789579945,
                        0.0,
                        0.0,
                        0.0,
                        0.0
                    ],
                    [
                        -0.7815197324979463,
                        -0.711691458932852,
                        0.8120067189245852,
                        0.0,
                        0.0,
                        0.0
                    ],
                    [
                        0.9498981839135225,
                        0.7300657020611074,
                        0.8634990612168263,
                        -0.6718190239325252,
                        0.0,
                        0.0
                    ],
                    [
                        0.5998998052045843,
                        -0.8785415760612261,
                        -0.578136042743373,
                        -0.6509335701411039,
                        -0.8499423975584345,
                        0.0
                    ]
                ]
            },
            "est_params": {
                "mui": [
                    -0.016442228770580346,
                    0.20000129556017326,
                    0.1071317762024589,
                    -0.05384434893165568,
                    0.2500239151299528,
                    -0.4317802527075807
                ],
                "Si": [
                    [
                        0.9918326981829771,
                        1.558510692107665e-06,
                        0.010628265776158738,
                        -0.7632445668473162,
                        1.4586887372500204,
                        -0.15984384284633837
                    ],
                    [
                        1.558510692107665e-06,
                        1.016099802016378e-06,
                        -6.499340462779057e-08,
                        -2.311929932669893e-06,
                        3.6025455778729635e-06,
                        -8.108201000689199e-07
                    ],
                    [
                        0.010628265776158736,
                        -6.499340462779022e-08,
                        0.971766752229395,
                        0.7746109560316022,
                        0.33090703357802154,
                        -1.3302637360854028
                    ],
                    [
                        -0.7632445668473162,
                        -2.311929932669893e-06,
                        0.7746109560316021,
                        2.195437365592226,
                        -1.514021514275583,
                        -1.0364243117917387
                    ],
                    [
                        1.4586887372500206,
                        3.6025455778729635e-06,
                        0.33090703357802154,
                        -1.514021514275583,
                        3.660101833547116,
                        -1.4440050672040052
                    ],
                    [
                        -0.1598438428463384,
                        -8.108201000689197e-07,
                        -1.3302637360854028,
                        -1.0364243117917387,
                        -1.4440050672040052,
                        3.5518208237647397
                    ]
                ]
            },
            "est_tgt": [
                1,
                2,
                3,
                4,
                5
            ],
            "oracle_est_tgt": [
                1,
                2,
                3,
                4,
                5
            ]
        },
        "2": {
            "intv_type": "do",
            "inode": 2,
            "new_mui": 0.2,
            "new_vari": null,
            "true_params": {
                "Si": [
                    [
                        1.0,
                        0.0,
                        0.0,
                        -0.7815197324979463,
                        1.474938007784301,
                        -0.14499511177105662
                    ],
                    [
                        0.0,
                        1.0,
                        0.0,
                        -0.711691458932852,
                        1.208193563342491,
                        -1.442172647801119
                    ],
                    [
                        0.0,
                        0.0,
                        1e-09,
                        8.120067189245852e-10,
                        3.179774998822591e-10,
                        -1.3769610338910814e-09
                    ],
                    [
                        -0.7815197324979463,
                        -0.711691458932852,
                        8.120067189245852e-10,
                        2.117277825660988,
                        -2.6843732207374646,
                        1.0597723973788309
                    ],
                    [
                        1.474938007784301,
                        1.208193563342491,
                        3.179774998822591e-10,
                        -2.6843732207374646,
                        5.086514614327709,
                        -2.7525290363030326
                    ],
                    [
                        -0.14499511177105662,
                        -1.442172647801119,
                        -1.3769610338910814e-09,
                        1.0597723973788309,
                        -2.7525290363030326,
                        3.8296757907423915
                    ]
                ],
                "mui": [
                    0.0,
                    0.0,
                    0.20000000298023224,
                    0.16240134620488564,
                    0.06359550092409862,
                    -0.27539221088187993
                ],
                "Ai": [
                    [
                        0.0,
                        0.0,
                        0.0,
                        0.0,
                        0.0,
                        0.0
                    ],
                    [
                        -0.0,
                        0.0,
                        0.0,
                        0.0,
                        0.0,
                        0.0
                    ],
                    [
                        0.0,
                        0.0,
                        0.0,
                        0.0,
                        0.0,
                        0.0
                    ],
                    [
                        -0.7815197324979463,
                        -0.711691458932852,
                        0.8120067189245852,
                        0.0,
                        0.0,
                        0.0
                    ],
                    [
                        0.9498981839135225,
                        0.7300657020611074,
                        0.8634990612168263,
                        -0.6718190239325252,
                        0.0,
                        0.0
                    ],
                    [
                        0.5998998052045843,
                        -0.8785415760612261,
                        -0.578136042743373,
                        -0.6509335701411039,
                        -0.8499423975584345,
                        0.0
                    ]
                ]
            },
            "est_params": {
                "mui": [
                    -0.0033630689841665138,
                    0.004924289306987876,
                    0.19999941422954143,
                    0.17928833562628269,
                    0.04395386074542863,
                    -0.2712300705195006
                ],
                "Si": [
                    [
                        1.0262422081892222,
                        0.008584742921055544,
                        -1.2280669810012408e-06,
                        -0.809470693285294,
                        1.5222439433727146,
                        -0.1486436525257236
                    ],
                    [
                        0.008584742921055549,
                        0.9934092940231201,
                        -2.265184528761209e-07,
                        -0.727893313287834,
                        1.2308538136622615,
                        -1.4510296696347562
                    ],
                    [
                        -1.2280669810012408e-06,
                        -2.2651845287612084e-07,
                        1.0204199123554284e-06,
                        2.036854930677356e-06,
                        -1.9926903151463462e-06,
                        -6.289503413515941e-07
                    ],
                    [
                        -0.809470693285294,
                        -0.727893313287834,
                        2.036854930677356e-06,
                        2.1665507811826767,
                        -2.7608429617827475,
                        1.07835400322238
                    ],
                    [
                        1.5222439433727146,
                        1.2308538136622618,
                        -1.992690315146345e-06,
                        -2.7608429617827475,
                        5.208504170580098,
                        -2.7908434358960905
                    ],
                    [
                        -0.14864365252572356,
                        -1.4510296696347562,
                        -6.289503413515942e-07,
                        1.0783540032223802,
                        -2.7908434358960905,
                        3.868122243953978
                    ]
                ]
            },
            "est_tgt": [
                1,
                2,
                4,
                5
            ],
            "oracle_est_tgt": [
                1,
                2,
                4,
                5
            ]
        },
        "3": {
            "intv_type": "do",
            "inode": 3,
            "new_mui": 0.2,
            "new_vari": null,
            "true_params": {
                "Si": [
                    [
                        1.0,
                        0.0,
                        0.0,
                        0.0,
                        0.9498981839135225,
                        -0.20745893466727783
                    ],
                    [
                        0.0,
                        1.0,
                        0.5714787789579945,
                        0.0,
                        1.2235370911966739,
                        -2.24887010463319
                    ],
                    [
                        0.0,
                        0.5714787789579945,
                        1.3265879947993202,
                        0.0,
                        1.5627245441037179,
                        -2.5972420465543724
                    ],
                    [
                        0.0,
                        0.0,
                        0.0,
                        1e-09,
                        -6.718190239325252e-10,
                        -7.992609821452612e-11
                    ],
                    [
                        0.9498981839135225,
                        1.2235370911966739,
                        1.5627245441037179,
                        -6.718190239325252e-10,
                        4.144980202509907,
                        -4.931546263517656
                    ],
                    [
                        -0.20745893466727783,
                        -2.24887010463319,
                        -2.5972420465543724,
                        -7.992609821452612e-11,
                        -4.931546263517656,
                        8.544360805364771
                    ]
                ],
                "mui": [
                    0.0,
                    0.0,
                    0.0,
                    0.20000000298023224,
                    -0.13436380678868176,
                    -0.01598521988110356
                ],
                "Ai": [
                    [
                        0.0,
                        0.0,
                        0.0,
                        0.0,
                        0.0,
                        0.0
                    ],
                    [
                        -0.0,
                        0.0,
                        0.0,
                        0.0,
                        0.0,
                        0.0
                    ],
                    [
                        0.0,
                        0.5714787789579945,
                        0.0,
                        0.0,
                        0.0,
                        0.0
                    ],
                    [
                        0.0,
                        0.0,
                        0.0,
                        0.0,
                        0.0,
                        0.0
                    ],
                    [
                        0.9498981839135225,
                        0.7300657020611074,
                        0.8634990612168263,
                        -0.6718190239325252,
                        0.0,
                        0.0
                    ],
                    [
                        0.5998998052045843,
                        -0.8785415760612261,
                        -0.578136042743373,
                        -0.6509335701411039,
                        -0.8499423975584345,
                        0.0
                    ]
                ]
            },
            "est_params": {
                "mui": [
                    -0.004321866473394636,
                    0.004227601326703789,
                    -0.01317809412204658,
                    0.20000081218173102,
                    -0.13615286254663522,
                    -0.00770121947473065
                ],
                "Si": [
                    [
                        0.9987859832849982,
                        -0.03307779785621316,
                        -0.022641177671158395,
                        9.289124841848116e-07,
                        0.918079800606947,
                        -0.13431544452702493
                    ],
                    [
                        -0.03307779785621316,
                        0.995087074880196,
                        0.5959103359757788,
                        -7.557587098857112e-07,
                        1.2162559434782454,
                        -2.2752191563970583
                    ],
                    [
                        -0.02264117767115839,
                        0.5959103359757788,
                        1.3320569954539971,
                        -6.119653981656719e-07,
                        1.5502707613233901,
                        -2.6199914904182333
                    ],
                    [
                        9.289124841848119e-07,
                        -7.557587098857111e-07,
                        -6.119653981656717e-07,
                        1.015849112298855e-06,
                        -1.3695458418890794e-06,
                        -3.9513003633890777e-07
                    ],
                    [
                        0.918079800606947,
                        1.2162559434782454,
                        1.5502707613233901,
                        -1.3695458418890794e-06,
                        4.106999329988265,
                        -4.910945704864871
                    ],
                    [
                        -0.13431544452702493,
                        -2.2752191563970583,
                        -2.6199914904182333,
                        -3.951300363389079e-07,
                        -4.910945704864871,
                        8.627389285084496
                    ]
                ]
            },
            "est_tgt": [
                1,
                3,
                4,
                5
            ],
            "oracle_est_tgt": [
                1,
                3,
                4,
                5
            ]
        },
        "4": {
            "intv_type": "do",
            "inode": 4,
            "new_mui": 0.2,
            "new_vari": null,
            "true_params": {
                "Si": [
                    [
                        1.0,
                        0.0,
                        0.0,
                        -0.7815197324979463,
                        0.0,
                        1.108617234815193
                    ],
                    [
                        0.0,
                        1.0,
                        0.5714787789579945,
                        -0.24764685069614262,
                        0.0,
                        -1.047732407181975
                    ],
                    [
                        0.0,
                        0.5714787789579945,
                        1.3265879947993202,
                        0.6704817990759608,
                        0.0,
                        -1.7054553120025924
                    ],
                    [
                        -0.7815197324979463,
                        -0.24764685069614262,
                        0.6704817990759608,
                        2.3314569665220493,
                        0.0,
                        -2.1565187816696474
                    ],
                    [
                        0.0,
                        0.0,
                        0.0,
                        0.0,
                        1e-09,
                        -8.499423975584346e-10
                    ],
                    [
                        1.108617234815193,
                        -1.047732407181975,
                        -1.7054553120025924,
                        -2.1565187816696474,
                        -8.499423975584346e-10,
                        4.975271399015967
                    ]
                ],
                "mui": [
                    0.0,
                    0.0,
                    0.0,
                    0.0,
                    0.20000000298023224,
                    -0.16998848204471262
                ],
                "Ai": [
                    [
                        0.0,
                        0.0,
                        0.0,
                        0.0,
                        0.0,
                        0.0
                    ],
                    [
                        -0.0,
                        0.0,
                        0.0,
                        0.0,
                        0.0,
                        0.0
                    ],
                    [
                        0.0,
                        0.5714787789579945,
                        0.0,
                        0.0,
                        0.0,
                        0.0
                    ],
                    [
                        -0.7815197324979463,
                        -0.711691458932852,
                        0.8120067189245852,
                        0.0,
                        0.0,
                        0.0
                    ],
                    [
                        0.0,
                        0.0,
                        0.0,
                        0.0,
                        0.0,
                        0.0
                    ],
                    [
                        0.5998998052045843,
                        -0.8785415760612261,
                        -0.578136042743373,
                        -0.6509335701411039,
                        -0.8499423975584345,
                        0.0
                    ]
                ]
            },
            "est_params": {
                "mui": [
                    0.009295103888805124,
                    -0.01206422855663346,
                    0.005329912927865004,
                    0.005665626552267238,
                    0.2000001501977834,
                    -0.15928979076578423
                ],
                "Si": [
                    [
                        0.9999391345176003,
                        0.021689648237972373,
                        0.02652176467070559,
                        -0.7689298257193372,
                        1.1147911474198223e-07,
                        1.0975864920125051
                    ],
                    [
                        0.02168964823797237,
                        1.0072153238601012,
                        0.5803423785065921,
                        -0.25597200301007167,
                        7.772877618032912e-07,
                        -1.0256799598005593
                    ],
                    [
                        0.026521764670705605,
                        0.5803423785065921,
                        1.3105456630079941,
                        0.6422279134706993,
                        4.2148690735973055e-07,
                        -1.6563292540704722
                    ],
                    [
                        -0.7689298257193372,
                        -0.25597200301007167,
                        0.6422279134706993,
                        2.327258298527395,
                        -1.3664356424444707e-06,
                        -2.1401169507387166
                    ],
                    [
                        1.1147911474198227e-07,
                        7.77287761803291e-07,
                        4.2148690735973055e-07,
                        -1.366435642444471e-06,
                        1.0095028784405438e-06,
                        8.038861179771211e-07
                    ],
                    [
                        1.0975864920125051,
                        -1.0256799598005593,
                        -1.656329254070472,
                        -2.1401169507387166,
                        8.03886117977121e-07,
                        4.922157039865859
                    ]
                ]
            },
            "est_tgt": [
                1,
                3,
                4,
                5
            ],
            "oracle_est_tgt": [
                1,
                3,
                4,
                5
            ]
        },
        "5": {
            "intv_type": "do",
            "inode": 5,
            "new_mui": 0.2,
            "new_vari": null,
            "true_params": {
                "Si": [
                    [
                        1.0,
                        0.0,
                        0.0,
                        -0.7815197324979463,
                        1.474938007784301,
                        0.0
                    ],
                    [
                        0.0,
                        1.0,
                        0.5714787789579945,
                        -0.24764685069614262,
                        1.3899109567113201,
                        0.0
                    ],
                    [
                        0.0,
                        0.5714787789579945,
                        1.3265879947993202,
                        0.6704817990759608,
                        1.1122821162839822,
                        0.0
                    ],
                    [
                        -0.7815197324979463,
                        -0.24764685069614262,
                        0.6704817990759608,
                        2.3314569665220493,
                        -1.9105193860335512,
                        0.0
                    ],
                    [
                        1.474938007784301,
                        1.3899109567113201,
                        1.1122821162839822,
                        -1.9105193860335512,
                        5.659745085741922,
                        0.0
                    ],
                    [
                        0.0,
                        0.0,
                        0.0,
                        0.0,
                        0.0,
                        1e-09
                    ]
                ],
                "mui": [
                    0.0,
                    0.0,
                    0.0,
                    0.0,
                    0.0,
                    0.20000000298023224
                ],
                "Ai": [
                    [
                        0.0,
                        0.0,
                        0.0,
                        0.0,
                        0.0,
                        0.0
                    ],
                    [
                        -0.0,
                        0.0,
                        0.0,
                        0.0,
                        0.0,
                        0.0
                    ],
                    [
                        0.0,
                        0.5714787789579945,
                        0.0,
                        0.0,
                        0.0,
                        0.0
                    ],
                    [
                        -0.7815197324979463,
                        -0.711691458932852,
                        0.8120067189245852,
                        0.0,
                        0.0,
                        0.0
                    ],
                    [
                        0.9498981839135225,
                        0.7300657020611074,
                        0.8634990612168263,
                        -0.6718190239325252,
                        0.0,
                        0.0
                    ],
                    [
                        0.0,
                        0.0,
                        0.0,
                        0.0,
                        0.0,
                        0.0
                    ]
                ]
            },
            "est_params": {
                "mui": [
                    0.020559054152509394,
                    -0.0015784416000842484,
                    -0.011375916640156374,
                    -0.020650652535945866,
                    0.03434253727647131,
                    0.2000014733658737
                ],
                "Si": [
                    [
                        0.9883883921684236,
                        -0.0062161063929136754,
                        -0.00466039252136897,
                        -0.784569635794935,
                        1.4570231208151097,
                        1.7191137129708852e-06
                    ],
                    [
                        -0.006216106392913668,
                        1.0128013980803687,
                        0.5792713058745008,
                        -0.24510512826182124,
                        1.382070597206405,
                        -1.0041359852556777e-07
                    ],
                    [
                        -0.004660392521368965,
                        0.5792713058745007,
                        1.3212013974801604,
                        0.6792984525733924,
                        1.093231592014816,
                        -1.9154240844235267e-07
                    ],
                    [
                        -0.7845696357949351,
                        -0.24510512826182124,
                        0.6792984525733925,
                        2.3889316947706978,
                        -1.927824713038057,
                        -1.0235718564674851e-06
                    ],
                    [
                        1.4570231208151099,
                        1.382070597206405,
                        1.093231592014816,
                        -1.927824713038057,
                        5.586209171118823,
                        1.8015495232983726e-06
                    ],
                    [
                        1.7191137129708848e-06,
                        -1.0041359852556786e-07,
                        -1.915424084423526e-07,
                        -1.0235718564674851e-06,
                        1.801549523298372e-06,
                        1.0081903524017438e-06
                    ]
                ]
            },
            "est_tgt": [
                1,
                5
            ],
            "oracle_est_tgt": [
                1,
                5
            ]
        },
        "obs": {
            "intv_type": "obs",
            "true_params": {
                "Si": [
                    [
                        1.0,
                        0.0,
                        0.0,
                        -0.7815197324979463,
                        1.474938007784301,
                        -0.14499511177105662
                    ],
                    [
                        0.0,
                        1.0,
                        0.5714787789579945,
                        -0.24764685069614262,
                        1.3899109567113201,
                        -2.229076658121932
                    ],
                    [
                        0.0,
                        0.5714787789579945,
                        1.3265879947993202,
                        0.6704817990759608,
                        1.1122821162839822,
                        -2.65083104067837
                    ],
                    [
                        -0.7815197324979463,
                        -0.24764685069614262,
                        0.6704817990759608,
                        2.3314569665220493,
                        -1.9105193860335512,
                        -0.532687354122423
                    ],
                    [
                        1.474938007784301,
                        1.3899109567113201,
                        1.1122821162839822,
                        -1.9105193860335512,
                        5.659745085741922,
                        -4.546166023028384
                    ],
                    [
                        -0.14499511177105662,
                        -2.229076658121932,
                        -2.65083104067837,
                        -0.532687354122423,
                        -4.546166023028384,
                        8.614618279419116
                    ]
                ],
                "mui": [
                    0.0,
                    0.0,
                    0.0,
                    0.0,
                    0.0,
                    0.0
                ],
                "Ai": [
                    [
                        0.0,
                        0.0,
